x, y, ksi, T
#iter= 1
0 0 0 1 
0.05 0 0 1 
0.1 0 0 1 
0.15 0 0 1 
0.2 0 0 1 
0.25 0 0 1 
0.3 0 0 1 
0.35 0 0 1 
0.4 0 0 1 
0.45 0 0 1 
0.5 0 0 1 
0.55 0 0 1 
0.6 0 0 1 
0.65 0 0 1 
0.7 0 0 1 
0.75 0 0 1 
0.8 0 0 1 
0.85 0 0 1 
0.9 0 0 1 
0.95 0 0 1 
1 0 0 1 
1.05 0 0 1 
1.1 0 0 1 
1.15 0 0 1 
1.2 0 0 1 
1.25 0 0 1 
1.3 0 0 1 
1.35 0 0 1 
1.4 0 0 1 
1.45 0 0 1 
1.5 0 0 1 
1.55 0 0 1 
1.6 0 0 1 
1.65 0 0 1 
1.7 0 0 1 
1.75 0 0 1 
1.8 0 0 1 
1.85 0 0 1 
1.9 0 0 1 
1.95 0 0 1 
2 0 0 1 
2.05 0 0 1 
2.1 0 0 1 
2.15 0 0 1 
2.2 0 0 1 
2.25 0 0 1 
2.3 0 0 1 
2.35 0 0 1 
2.4 0 0 1 
2.45 0 0 1 
2.5 0 0 1 
2.55 0 0 1 
2.6 0 0 1 
2.65 0 0 1 
2.7 0 0 1 
2.75 0 0 1 
2.8 0 0 1 
2.85 0 0 1 
2.9 0 0 1 
2.95 0 0 1 
3 0 0 1 
3.05 0 0 1 
3.1 0 0 1 
3.15 0 0 1 
3.2 0 0 1 
3.25 0 0 1 
3.3 0 0 1 
3.35 0 0 1 
3.4 0 0 1 
3.45 0 0 1 
3.5 0 0 1 
3.55 0 0 1 
3.6 0 0 1 
3.65 0 0 1 
3.7 0 0 1 
3.75 0 0 1 
3.8 0 0 1 
3.85 0 0 1 
3.9 0 0 1 
3.95 0 0 1 
4 0 0 1 
4.05 0 0 1 
4.1 0 0 1 
4.15 0 0 1 
4.2 0 0 1 
4.25 0 0 1 
4.3 0 0 1 
4.35 0 0 1 
4.4 0 0 1 
4.45 0 0 1 
4.5 0 0 1 
4.55 0 0 1 
4.6 0 0 1 
4.65 0 0 1 
4.7 0 0 1 
4.75 0 0 1 
4.8 0 0 1 
4.85 0 0 1 
4.9 0 0 1 
4.95 0 0 1 
5 0 0 1 
0 0.05 -0.00621587 0.889194 
0.05 0.05 -0.00428005 0.886151 
0.1 0.05 -0.00225808 0.884315 
0.15 0.05 -0.000205414 0.883669 
0.2 0.05 0.00182539 0.884199 
0.25 0.05 0.00377479 0.885883 
0.3 0.05 0.00558179 0.888682 
0.35 0.05 0.00718865 0.892537 
0.4 0.05 0.00854368 0.897374 
0.45 0.05 0.00960294 0.9031 
0.5 0.05 0.010331 0.909602 
0.55 0.05 0.0107014 0.916746 
0.6 0.05 0.0106968 0.924361 
0.65 0.05 0.0103098 0.932232 
0.7 0.05 0.0095441 0.940089 
0.75 0.05 0.00841623 0.947599 
0.8 0.05 0.00695769 0.954372 
0.85 0.05 0.00521635 0.959985 
0.9 0.05 0.00325665 0.964034 
0.95 0.05 0.00115764 0.966194 
1 0.05 -0.000991507 0.966277 
1.05 0.05 -0.00309775 0.964277 
1.1 0.05 -0.00507135 0.960368 
1.15 0.05 -0.00683232 0.954866 
1.2 0.05 -0.00831501 0.948173 
1.25 0.05 -0.00947028 0.940711 
1.3 0.05 -0.0102655 0.932874 
1.35 0.05 -0.0106832 0.925001 
1.4 0.05 -0.0107188 0.917368 
1.45 0.05 -0.0103794 0.910193 
1.5 0.05 -0.0096819 0.903649 
1.55 0.05 -0.0086528 0.897874 
1.6 0.05 -0.00732782 0.892982 
1.65 0.05 -0.00575167 0.889065 
1.7 0.05 -0.0039775 0.886199 
1.75 0.05 -0.00206576 0.884437 
1.8 0.05 -8.23252e-05 0.883813 
1.85 0.05 0.00190399 0.884341 
1.9 0.05 0.00382424 0.88601 
1.95 0.05 0.00561221 0.888786 
2 0.05 0.00720693 0.892618 
2.05 0.05 0.00855459 0.897431 
2.1 0.05 0.00960976 0.903137 
2.15 0.05 0.010336 0.909622 
2.2 0.05 0.010706 0.91675 
2.25 0.05 0.010702 0.924353 
2.3 0.05 0.0103162 0.932215 
2.35 0.05 0.00955199 0.940067 
2.4 0.05 0.00842575 0.947575 
2.45 0.05 0.00696874 0.954349 
2.5 0.05 0.00522869 0.959968 
2.55 0.05 0.0032699 0.964025 
2.6 0.05 0.0011713 0.966195 
2.65 0.05 -0.000977992 0.966291 
2.7 0.05 -0.00308495 0.964303 
2.75 0.05 -0.00505981 0.960404 
2.8 0.05 -0.00682253 0.95491 
2.85 0.05 -0.00830734 0.948223 
2.9 0.05 -0.00946502 0.940764 
2.95 0.05 -0.0102629 0.932929 
3 0.05 -0.0106832 0.925055 
3.05 0.05 -0.0107216 0.917419 
3.1 0.05 -0.0103849 0.91024 
3.15 0.05 -0.00968991 0.90369 
3.2 0.05 -0.00866317 0.897909 
3.25 0.05 -0.00734026 0.893011 
3.3 0.05 -0.00576582 0.889086 
3.35 0.05 -0.00399294 0.886211 
3.4 0.05 -0.002082 0.884441 
3.45 0.05 -9.88172e-05 0.883808 
3.5 0.05 0.0018878 0.884326 
3.55 0.05 0.00380892 0.885985 
3.6 0.05 0.00559829 0.888753 
3.65 0.05 0.00719492 0.892576 
3.7 0.05 0.00854495 0.897381 
3.75 0.05 0.00960287 0.903079 
3.8 0.05 0.0103322 0.909557 
3.85 0.05 0.0107055 0.916681 
3.9 0.05 0.0107051 0.92428 
3.95 0.05 0.010323 0.932141 
4 0.05 0.00956255 0.939994 
4.05 0.05 0.00843996 0.947508 
4.1 0.05 0.00698637 0.954293 
4.15 0.05 0.00524934 0.959927 
4.2 0.05 0.00329298 0.964006 
4.25 0.05 0.00119605 0.966202 
4.3 0.05 -0.00095246 0.966327 
4.35 0.05 -0.00305963 0.96437 
4.4 0.05 -0.00503576 0.960502 
4.45 0.05 -0.00680087 0.955038 
4.5 0.05 -0.00828932 0.948378 
4.55 0.05 -0.00945215 0.940944 
4.6 0.05 -0.0102571 0.933131 
4.65 0.05 -0.0106874 0.925277 
4.7 0.05 -0.0107398 0.917656 
4.75 0.05 -0.0104232 0.910487 
4.8 0.05 -0.00975761 0.903938 
4.85 0.05 -0.0087744 0.898143 
4.9 0.05 -0.00751739 0.893204 
4.95 0.05 -0.00604295 0.889194 
5 0.05 -0.00440064 0.886151 
0 0.1 -0.0209862 0.779507 
0.05 0.1 -0.0146755 0.773516 
0.1 0.1 -0.00778787 0.769834 
0.15 0.1 -0.000661919 0.768523 
0.2 0.1 0.00643878 0.769573 
0.25 0.1 0.0132735 0.772934 
0.3 0.1 0.0196157 0.778524 
0.35 0.1 0.0252569 0.786224 
0.4 0.1 0.0300123 0.795883 
0.45 0.1 0.0337251 0.807314 
0.5 0.1 0.0362693 0.820295 
0.55 0.1 0.0375516 0.834558 
0.6 0.1 0.0375126 0.84977 
0.65 0.1 0.0361292 0.865511 
0.7 0.1 0.0334189 0.881248 
0.75 0.1 0.0294451 0.896317 
0.8 0.1 0.0243228 0.909935 
0.85 0.1 0.0182228 0.921246 
0.9 0.1 0.0113709 0.929419 
0.95 0.1 0.00404066 0.933782 
1 0.1 -0.00346146 0.933951 
1.05 0.1 -0.0108165 0.929909 
1.1 0.1 -0.0177163 0.922017 
1.15 0.1 -0.0238841 0.910928 
1.2 0.1 -0.0290902 0.897467 
1.25 0.1 -0.0331597 0.882491 
1.3 0.1 -0.0359734 0.866793 
1.35 0.1 -0.0374647 0.851047 
1.4 0.1 -0.0376134 0.835796 
1.45 0.1 -0.0364406 0.821468 
1.5 0.1 -0.0340043 0.808402 
1.55 0.1 -0.0303977 0.796871 
1.6 0.1 -0.025747 0.787099 
1.65 0.1 -0.0202108 0.779273 
1.7 0.1 -0.0139771 0.773542 
1.75 0.1 -0.00725923 0.770018 
1.8 0.1 -0.000289177 0.768771 
1.85 0.1 0.00669099 0.769826 
1.9 0.1 0.0134388 0.773163 
1.95 0.1 0.0197211 0.778714 
2 0.1 0.0253228 0.786371 
2.05 0.1 0.0300534 0.795987 
2.1 0.1 0.0337521 0.80738 
2.15 0.1 0.0362897 0.820327 
2.2 0.1 0.0375704 0.834561 
2.25 0.1 0.0375331 0.84975 
2.3 0.1 0.0361536 0.865475 
2.35 0.1 0.0334483 0.881201 
2.4 0.1 0.0294798 0.896267 
2.45 0.1 0.0243625 0.909888 
2.5 0.1 0.0182668 0.92121 
2.55 0.1 0.0114178 0.9294 
2.6 0.1 0.00408879 0.933786 
2.65 0.1 -0.00341398 0.933978 
2.7 0.1 -0.0107717 0.929961 
2.75 0.1 -0.0176759 0.922089 
2.8 0.1 -0.0238498 0.911018 
2.85 0.1 -0.0290633 0.897568 
2.9 0.1 -0.0331412 0.882599 
2.95 0.1 -0.0359641 0.866902 
3 0.1 -0.037465 0.851154 
3.05 0.1 -0.0376233 0.835897 
3.1 0.1 -0.0364599 0.821562 
3.15 0.1 -0.0340327 0.808485 
3.2 0.1 -0.0304343 0.796942 
3.25 0.1 -0.025791 0.787157 
3.3 0.1 -0.0202607 0.779315 
3.35 0.1 -0.0140315 0.773567 
3.4 0.1 -0.0073164 0.770025 
3.45 0.1 -0.000347196 0.76876 
3.5 0.1 0.0066341 0.769797 
3.55 0.1 0.013385 0.773115 
3.6 0.1 0.0196723 0.778648 
3.65 0.1 0.0252808 0.786288 
3.7 0.1 0.0300198 0.795888 
3.75 0.1 0.0337282 0.807265 
3.8 0.1 0.0362767 0.820199 
3.85 0.1 0.0375693 0.834423 
3.9 0.1 0.0375446 0.849604 
3.95 0.1 0.0361781 0.865325 
4 0.1 0.0334858 0.881055 
4.05 0.1 0.0295299 0.896132 
4.1 0.1 0.0244245 0.909774 
4.15 0.1 0.018339 0.921127 
4.2 0.1 0.0114983 0.92936 
4.25 0.1 0.00417491 0.933797 
4.3 0.1 -0.00332531 0.934049 
4.35 0.1 -0.0106839 0.930093 
4.4 0.1 -0.0175926 0.922283 
4.45 0.1 -0.0237749 0.911271 
4.5 0.1 -0.0290012 0.897875 
4.55 0.1 -0.0330969 0.882954 
4.6 0.1 -0.0359443 0.867301 
4.65 0.1 -0.0374786 0.85159 
4.7 0.1 -0.037683 0.836363 
4.75 0.1 -0.0365834 0.822045 
4.8 0.1 -0.034244 0.808968 
4.85 0.1 -0.0307639 0.79739 
4.9 0.1 -0.0262703 0.787516 
4.95 0.1 -0.0208992 0.779507 
5 0.1 -0.0147343 0.773516 
0 0.15 -0.0409098 0.675192 
0.05 0.15 -0.0285885 0.666411 
0.1 0.15 -0.0151386 0.660967 
0.15 0.15 -0.0011633 0.659008 
0.2 0.15 0.0128052 0.660547 
0.25 0.15 0.0262731 0.665519 
0.3 0.15 0.03878 0.673797 
0.35 0.15 0.0499053 0.685196 
0.4 0.15 0.0592782 0.699484 
0.45 0.15 0.0665858 0.716377 
0.5 0.15 0.0715781 0.735543 
0.55 0.15 0.0740714 0.756588 
0.6 0.15 0.0739516 0.779028 
0.65 0.15 0.0711789 0.802254 
0.7 0.15 0.0657949 0.825491 
0.75 0.15 0.0579323 0.847768 
0.8 0.15 0.0478245 0.867927 
0.85 0.15 0.0358115 0.884696 
0.9 0.15 0.0223373 0.896828 
0.95 0.15 0.00793543 0.903311 
1 0.15 -0.00679938 0.903561 
1.05 0.15 -0.0212494 0.897556 
1.1 0.15 -0.0348166 0.885838 
1.15 0.15 -0.0469617 0.869397 
1.2 0.15 -0.0572333 0.849466 
1.25 0.15 -0.0652833 0.827323 
1.3 0.15 -0.0708707 0.80414 
1.35 0.15 -0.073856 0.780902 
1.4 0.15 -0.0741922 0.7584 
1.45 0.15 -0.0719147 0.737255 
1.5 0.15 -0.0671346 0.717958 
1.55 0.15 -0.0600336 0.700911 
1.6 0.15 -0.0508614 0.686446 
1.65 0.15 -0.0399321 0.674847 
1.7 0.15 -0.0276188 0.666343 
1.75 0.15 -0.0143451 0.66111 
1.8 0.15 -0.000571224 0.659258 
1.85 0.15 0.0132228 0.660826 
1.9 0.15 0.0265558 0.665781 
1.95 0.15 0.0389655 0.674019 
2 0.15 0.0500247 0.685368 
2.05 0.15 0.0593556 0.699604 
2.1 0.15 0.0666391 0.716449 
2.15 0.15 0.0716201 0.735572 
2.2 0.15 0.0741111 0.756579 
2.25 0.15 0.0739951 0.77899 
2.3 0.15 0.0712299 0.802194 
2.35 0.15 0.0658554 0.825417 
2.4 0.15 0.0580029 0.84769 
2.45 0.15 0.0479046 0.867856 
2.5 0.15 0.0358995 0.884641 
2.55 0.15 0.0224307 0.8968 
2.6 0.15 0.00803088 0.903316 
2.65 0.15 -0.00670545 0.903602 
2.7 0.15 -0.0211607 0.897632 
2.75 0.15 -0.0347368 0.885946 
2.8 0.15 -0.046894 0.869529 
2.85 0.15 -0.0571803 0.849615 
2.9 0.15 -0.065247 0.827482 
2.95 0.15 -0.0708524 0.804301 
3 0.15 -0.0738566 0.781061 
3.05 0.15 -0.0742119 0.758551 
3.1 0.15 -0.0719531 0.737394 
3.15 0.15 -0.0671908 0.718083 
3.2 0.15 -0.0601063 0.701017 
3.25 0.15 -0.0509485 0.686532 
3.3 0.15 -0.040031 0.67491 
3.35 0.15 -0.0277266 0.666382 
3.4 0.15 -0.0144583 0.661122 
3.45 0.15 -0.000686005 0.659243 
3.5 0.15 0.0131103 0.660784 
3.55 0.15 0.0264496 0.665711 
3.6 0.15 0.0388693 0.673922 
3.65 0.15 0.049942 0.685246 
3.7 0.15 0.0592896 0.699457 
3.75 0.15 0.0665925 0.71628 
3.8 0.15 0.0715952 0.735383 
3.85 0.15 0.0741097 0.756375 
3.9 0.15 0.0740185 0.778775 
3.95 0.15 0.0712788 0.801974 
4 0.15 0.0659298 0.825201 
4.05 0.15 0.058102 0.84749 
4.1 0.15 0.0480265 0.867686 
4.15 0.15 0.0360412 0.884517 
4.2 0.15 0.0225881 0.896738 
4.25 0.15 0.00819905 0.90333 
4.3 0.15 -0.00653249 0.903703 
4.35 0.15 -0.0209895 0.897824 
4.4 0.15 -0.0345742 0.886227 
4.45 0.15 -0.0467473 0.869895 
4.5 0.15 -0.0570573 0.850058 
4.55 0.15 -0.0651569 0.827994 
4.6 0.15 -0.0708066 0.804872 
4.65 0.15 -0.0738698 0.781681 
4.7 0.15 -0.0743039 0.75921 
4.75 0.15 -0.0721501 0.738073 
4.8 0.15 -0.0675249 0.718752 
4.85 0.15 -0.0606116 0.701632 
4.9 0.15 -0.0516472 0.687022 
4.95 0.15 -0.040896 0.675192 
5 0.15 -0.0285957 0.666411 
0 0.2 -0.0630846 0.58142 
0.05 0.2 -0.043991 0.570115 
0.1 0.2 -0.0232022 0.563078 
0.15 0.2 -0.00157651 0.560527 
0.2 0.2 0.0200704 0.562512 
0.25 0.2 0.0409618 0.56896 
0.3 0.2 0.0603692 0.579698 
0.35 0.2 0.0776289 0.594471 
0.4 0.2 0.0921575 0.612952 
0.45 0.2 0.103465 0.634759 
0.5 0.2 0.111162 0.659451 
0.55 0.2 0.114968 0.686518 
0.6 0.2 0.11471 0.715341 
0.65 0.2 0.110337 0.745152 
0.7 0.2 0.101923 0.77497 
0.75 0.2 0.0896857 0.80356 
0.8 0.2 0.0739946 0.829445 
0.85 0.2 0.0553809 0.850989 
0.9 0.2 0.0345313 0.866587 
0.95 0.2 0.0122643 0.874925 
1 0.2 -0.0105108 0.875246 
1.05 0.2 -0.0328513 0.867521 
1.1 0.2 -0.0538433 0.852455 
1.15 0.2 -0.0726595 0.831328 
1.2 0.2 -0.0886023 0.805733 
1.25 0.2 -0.101128 0.777312 
1.3 0.2 -0.109856 0.74756 
1.35 0.2 -0.114558 0.71773 
1.4 0.2 -0.11515 0.688822 
1.45 0.2 -0.111677 0.661621 
1.5 0.2 -0.104305 0.636752 
1.55 0.2 -0.0933117 0.614733 
1.6 0.2 -0.0790819 0.596007 
1.65 0.2 -0.0621046 0.580954 
1.7 0.2 -0.0429623 0.569896 
1.75 0.2 -0.0223168 0.563081 
1.8 0.2 -0.000888312 0.560667 
1.85 0.2 0.0205716 0.562711 
1.9 0.2 0.0413101 0.569165 
1.95 0.2 0.0606033 0.579879 
2 0.2 0.0777836 0.59461 
2.05 0.2 0.0922615 0.613045 
2.1 0.2 0.10354 0.634805 
2.15 0.2 0.111226 0.659454 
2.2 0.2 0.11503 0.686483 
2.25 0.2 0.11478 0.715275 
2.3 0.2 0.110419 0.745063 
2.35 0.2 0.10202 0.774866 
2.4 0.2 0.0897983 0.803454 
2.45 0.2 0.0741214 0.82935 
2.5 0.2 0.0555195 0.850917 
2.55 0.2 0.0346775 0.866549 
2.6 0.2 0.0124133 0.87493 
2.65 0.2 -0.0103645 0.875298 
2.7 0.2 -0.0327135 0.86762 
2.75 0.2 -0.0537193 0.852594 
2.8 0.2 -0.0725542 0.831499 
2.85 0.2 -0.0885198 0.805926 
2.9 0.2 -0.101072 0.777517 
2.95 0.2 -0.109828 0.747768 
3 0.2 -0.114559 0.717935 
3.05 0.2 -0.115181 0.689017 
3.1 0.2 -0.111737 0.661802 
3.15 0.2 -0.104393 0.636915 
3.2 0.2 -0.093425 0.614873 
3.25 0.2 -0.0792177 0.59612 
3.3 0.2 -0.062259 0.581038 
3.35 0.2 -0.0431304 0.569949 
3.4 0.2 -0.0224932 0.563099 
3.45 0.2 -0.00106708 0.560649 
3.5 0.2 0.0203966 0.562657 
3.55 0.2 0.0411449 0.569076 
3.6 0.2 0.0604539 0.579754 
3.65 0.2 0.0776555 0.594453 
3.7 0.2 0.0921595 0.612857 
3.75 0.2 0.103469 0.634589 
3.8 0.2 0.111188 0.659214 
3.85 0.2 0.115029 0.686222 
3.9 0.2 0.114817 0.715001 
3.95 0.2 0.110496 0.744783 
4 0.2 0.102136 0.774591 
4.05 0.2 0.0899516 0.803199 
4.1 0.2 0.0743094 0.829133 
4.15 0.2 0.0557374 0.850758 
4.2 0.2 0.0349193 0.866469 
4.25 0.2 0.0126712 0.874947 
4.3 0.2 -0.0100995 0.875424 
4.35 0.2 -0.0324507 0.86786 
4.4 0.2 -0.053469 0.852947 
4.45 0.2 -0.0723265 0.831957 
4.5 0.2 -0.0883255 0.806477 
4.55 0.2 -0.100923 0.778149 
4.6 0.2 -0.109738 0.748469 
4.65 0.2 -0.114546 0.71869 
4.7 0.2 -0.115267 0.68981 
4.75 0.2 -0.11195 0.662609 
4.8 0.2 -0.104763 0.637702 
4.85 0.2 -0.0939776 0.615592 
4.9 0.2 -0.079958 0.596704 
4.95 0.2 -0.0631323 0.58142 
5 0.2 -0.0439554 0.570115 
0 0.25 -0.0852304 0.502193 
0.05 0.25 -0.0593067 0.48868 
0.1 0.25 -0.0311419 0.480247 
0.15 0.25 -0.00183544 0.477182 
0.2 0.25 0.0275203 0.479572 
0.25 0.25 0.055864 0.487335 
0.3 0.25 0.0821937 0.500244 
0.35 0.25 0.105596 0.517956 
0.4 0.25 0.125272 0.540039 
0.45 0.25 0.140551 0.565998 
0.5 0.25 0.150909 0.595284 
0.55 0.25 0.155969 0.62728 
0.6 0.25 0.155511 0.66126 
0.65 0.25 0.149476 0.69633 
0.7 0.25 0.137981 0.731355 
0.75 0.25 0.121334 0.764906 
0.8 0.25 0.100046 0.795264 
0.85 0.25 0.0748429 0.820523 
0.9 0.25 0.0466496 0.838806 
0.95 0.25 0.0165641 0.848578 
1 0.25 -0.0141991 0.848954 
1.05 0.25 -0.0443827 0.839899 
1.1 0.25 -0.0727662 0.822238 
1.15 0.25 -0.0982408 0.797467 
1.2 0.25 -0.119865 0.767448 
1.25 0.25 -0.136901 0.734093 
1.3 0.25 -0.148818 0.699143 
1.35 0.25 -0.155296 0.664048 
1.4 0.25 -0.156205 0.629966 
1.45 0.25 -0.151591 0.597807 
1.5 0.25 -0.141667 0.568304 
1.55 0.25 -0.126801 0.542081 
1.6 0.25 -0.107511 0.519687 
1.65 0.25 -0.0844598 0.501615 
1.7 0.25 -0.0584418 0.488294 
1.75 0.25 -0.0303622 0.480063 
1.8 0.25 -0.00120809 0.477144 
1.85 0.25 0.0279891 0.479617 
1.9 0.25 0.0561963 0.487414 
1.95 0.25 0.0824211 0.500323 
2 0.25 0.10575 0.518015 
2.05 0.25 0.12538 0.540067 
2.1 0.25 0.140635 0.565992 
2.15 0.25 0.150986 0.595243 
2.2 0.25 0.156052 0.627206 
2.25 0.25 0.155607 0.661159 
2.3 0.25 0.14959 0.696209 
2.35 0.25 0.138116 0.731224 
2.4 0.25 0.12149 0.764776 
2.45 0.25 0.100222 0.795149 
2.5 0.25 0.0750332 0.820436 
2.55 0.25 0.0468497 0.838761 
2.6 0.25 0.0167675 0.848585 
2.65 0.25 -0.014 0.849017 
2.7 0.25 -0.0441953 0.840016 
2.75 0.25 -0.0725977 0.822403 
2.8 0.25 -0.0980977 0.79767 
2.85 0.25 -0.119753 0.767676 
2.9 0.25 -0.136824 0.734336 
2.95 0.25 -0.148779 0.69939 
3 0.25 -0.155297 0.664292 
3.05 0.25 -0.156246 0.6302 
3.1 0.25 -0.151673 0.598024 
3.15 0.25 -0.141787 0.5685 
3.2 0.25 -0.126955 0.542251 
3.25 0.25 -0.107696 0.519826 
3.3 0.25 -0.0846701 0.50172 
3.35 0.25 -0.0586708 0.488361 
3.4 0.25 -0.0306025 0.480088 
3.45 0.25 -0.0014516 0.477126 
3.5 0.25 0.0277508 0.479555 
3.55 0.25 0.0559717 0.487308 
3.6 0.25 0.0822182 0.500176 
3.65 0.25 0.105577 0.517829 
3.7 0.25 0.125242 0.539845 
3.75 0.25 0.140539 0.565737 
3.8 0.25 0.150936 0.59496 
3.85 0.25 0.156051 0.626901 
3.9 0.25 0.155658 0.660839 
3.95 0.25 0.149694 0.695883 
4 0.25 0.138273 0.730904 
4.05 0.25 0.121696 0.76448 
4.1 0.25 0.100474 0.794897 
4.15 0.25 0.0753254 0.820252 
4.2 0.25 0.0471732 0.838668 
4.25 0.25 0.0171122 0.848603 
4.3 0.25 -0.0136455 0.84916 
4.35 0.25 -0.0438432 0.84029 
4.4 0.25 -0.0722604 0.822804 
4.45 0.25 -0.0977874 0.798188 
4.5 0.25 -0.119482 0.768297 
4.55 0.25 -0.136604 0.735043 
4.6 0.25 -0.148625 0.700165 
4.65 0.25 -0.155224 0.665118 
4.7 0.25 -0.156273 0.631055 
4.75 0.25 -0.151821 0.598885 
4.8 0.25 -0.142077 0.569332 
4.85 0.25 -0.1274 0.543011 
4.9 0.25 -0.108281 0.520464 
4.95 0.25 -0.0853293 0.502193 
5 0.25 -0.059236 0.48868 
0 0.3 -0.105581 0.439049 
0.05 0.3 -0.0733276 0.423589 
0.1 0.3 -0.0383358 0.413916 
0.15 0.3 -0.00192432 0.410399 
0.2 0.3 0.0345595 0.413168 
0.25 0.3 0.0697879 0.422123 
0.3 0.3 0.102501 0.43696 
0.35 0.3 0.131551 0.457217 
0.4 0.3 0.155934 0.482326 
0.45 0.3 0.17482 0.511656 
0.5 0.3 0.187559 0.544542 
0.55 0.3 0.193697 0.580265 
0.6 0.3 0.192975 0.618018 
0.65 0.3 0.18534 0.656825 
0.7 0.3 0.170957 0.695455 
0.75 0.3 0.150225 0.732366 
0.8 0.3 0.123792 0.765698 
0.85 0.3 0.0925594 0.793389 
0.9 0.3 0.0576709 0.813411 
0.95 0.3 0.0204723 0.824106 
1 0.3 -0.0175533 0.824516 
1.05 0.3 -0.0548717 0.814606 
1.1 0.3 -0.0899925 0.795264 
1.15 0.3 -0.121556 0.768109 
1.2 0.3 -0.148403 0.73515 
1.25 0.3 -0.169611 0.698458 
1.3 0.3 -0.184514 0.659912 
1.35 0.3 -0.192693 0.621082 
1.4 0.3 -0.193969 0.583219 
1.45 0.3 -0.188378 0.547314 
1.5 0.3 -0.176167 0.514185 
1.55 0.3 -0.157777 0.484551 
1.6 0.3 -0.133846 0.459079 
1.65 0.3 -0.105194 0.438396 
1.7 0.3 -0.0728119 0.423069 
1.75 0.3 -0.0378351 0.413561 
1.8 0.3 -0.00150488 0.410182 
1.85 0.3 0.0348796 0.413045 
1.9 0.3 0.0700171 0.422054 
1.95 0.3 0.102659 0.436914 
2 0.3 0.131661 0.457173 
2.05 0.3 0.156017 0.48227 
2.1 0.3 0.174894 0.511582 
2.15 0.3 0.187639 0.544445 
2.2 0.3 0.193792 0.580148 
2.25 0.3 0.193092 0.617882 
2.3 0.3 0.185483 0.656675 
2.35 0.3 0.171128 0.6953 
2.4 0.3 0.150422 0.732217 
2.45 0.3 0.124013 0.765569 
2.5 0.3 0.0927985 0.793293 
2.55 0.3 0.0579215 0.813363 
2.6 0.3 0.0207262 0.824115 
2.65 0.3 -0.0173051 0.824588 
2.7 0.3 -0.0546383 0.814737 
2.75 0.3 -0.0897828 0.795448 
2.8 0.3 -0.121378 0.768334 
2.85 0.3 -0.148263 0.735404 
2.9 0.3 -0.169515 0.698729 
2.95 0.3 -0.184465 0.660189 
3 0.3 -0.192694 0.621356 
3.05 0.3 -0.19402 0.583482 
3.1 0.3 -0.188479 0.547561 
3.15 0.3 -0.176315 0.51441 
3.2 0.3 -0.157969 0.484748 
3.25 0.3 -0.134077 0.459242 
3.3 0.3 -0.105456 0.43852 
3.35 0.3 -0.0730978 0.423149 
3.4 0.3 -0.0381351 0.413594 
3.45 0.3 -0.0018087 0.410165 
3.5 0.3 0.0345826 0.412977 
3.55 0.3 0.0697374 0.421936 
3.6 0.3 0.102407 0.436749 
3.65 0.3 0.131445 0.456964 
3.7 0.3 0.155847 0.482021 
3.75 0.3 0.174775 0.511299 
3.8 0.3 0.187578 0.544133 
3.85 0.3 0.193792 0.579812 
3.9 0.3 0.193156 0.617531 
3.95 0.3 0.185612 0.656319 
4 0.3 0.171321 0.694953 
4.05 0.3 0.150676 0.731896 
4.1 0.3 0.124322 0.765296 
4.15 0.3 0.093156 0.793095 
4.2 0.3 0.0583167 0.813263 
4.25 0.3 0.021147 0.824135 
4.3 0.3 -0.0168721 0.824741 
4.35 0.3 -0.054207 0.815029 
4.4 0.3 -0.0893667 0.795873 
4.45 0.3 -0.12099 0.768879 
4.5 0.3 -0.147915 0.736052 
4.55 0.3 -0.169217 0.699459 
4.6 0.3 -0.184227 0.660981 
4.65 0.3 -0.192527 0.622189 
4.7 0.3 -0.193935 0.584333 
4.75 0.3 -0.188485 0.548405 
4.8 0.3 -0.176419 0.515219 
4.85 0.3 -0.158167 0.48549 
4.9 0.3 -0.134342 0.459887 
4.95 0.3 -0.105721 0.439049 
5 0.3 -0.0732288 0.423589 
0 0.35 -0.122794 0.390941 
0.05 0.35 -0.0851462 0.373668 
0.1 0.35 -0.0443322 0.362825 
0.15 0.35 -0.00186081 0.358888 
0.2 0.35 0.0406988 0.362036 
0.25 0.35 0.0817858 0.372137 
0.3 0.35 0.119914 0.388776 
0.35 0.35 0.15373 0.411329 
0.4 0.35 0.182058 0.439043 
0.45 0.35 0.20393 0.471119 
0.5 0.35 0.2186 0.506749 
0.55 0.35 0.225554 0.545116 
0.6 0.35 0.224515 0.585345 
0.65 0.35 0.215445 0.626418 
0.7 0.35 0.198562 0.667074 
0.75 0.35 0.174349 0.705738 
0.8 0.35 0.143576 0.740521 
0.85 0.35 0.107294 0.769332 
0.9 0.35 0.0668259 0.790119 
0.95 0.35 0.0237159 0.801207 
1 0.35 -0.0203389 0.801632 
1.05 0.35 -0.0635857 0.791357 
1.1 0.35 -0.10432 0.771278 
1.15 0.35 -0.140981 0.743027 
1.2 0.35 -0.172229 0.708638 
1.25 0.35 -0.196988 0.670211 
1.3 0.35 -0.21447 0.629655 
1.35 0.35 -0.224166 0.58857 
1.4 0.35 -0.225842 0.548237 
1.45 0.35 -0.219514 0.509689 
1.5 0.35 -0.205445 0.473808 
1.55 0.35 -0.18413 0.441409 
1.6 0.35 -0.156299 0.413297 
1.65 0.35 -0.122903 0.390271 
1.7 0.35 -0.085102 0.373081 
1.75 0.35 -0.0442315 0.36236 
1.8 0.35 -0.00175868 0.358539 
1.85 0.35 0.0407785 0.361778 
1.9 0.35 0.081839 0.37194 
1.95 0.35 0.119948 0.388616 
2 0.35 0.153756 0.411186 
2.05 0.35 0.182088 0.438905 
2.1 0.35 0.203975 0.470977 
2.15 0.35 0.218668 0.506599 
2.2 0.35 0.225653 0.544956 
2.25 0.35 0.224647 0.585177 
2.3 0.35 0.215612 0.626244 
2.35 0.35 0.198763 0.666901 
2.4 0.35 0.174582 0.705577 
2.45 0.35 0.143836 0.740385 
2.5 0.35 0.107575 0.769234 
2.55 0.35 0.0671197 0.790072 
2.6 0.35 0.0240129 0.801221 
2.65 0.35 -0.020049 0.80171 
2.7 0.35 -0.0633134 0.791497 
2.75 0.35 -0.104075 0.771473 
2.8 0.35 -0.140773 0.743266 
2.85 0.35 -0.172066 0.708909 
2.9 0.35 -0.196876 0.670501 
2.95 0.35 -0.214412 0.629953 
3 0.35 -0.224167 0.588866 
3.05 0.35 -0.225901 0.548524 
3.1 0.35 -0.219632 0.509961 
3.15 0.35 -0.205618 0.474058 
3.2 0.35 -0.184355 0.441631 
3.25 0.35 -0.156569 0.413484 
3.3 0.35 -0.12321 0.390415 
3.35 0.35 -0.0854367 0.373176 
3.4 0.35 -0.0445827 0.362402 
3.45 0.35 -0.00211432 0.358524 
3.5 0.35 0.040431 0.361705 
3.55 0.35 0.0815122 0.371811 
3.6 0.35 0.119653 0.388435 
3.65 0.35 0.153505 0.410958 
3.7 0.35 0.18189 0.438637 
3.75 0.35 0.203837 0.470674 
3.8 0.35 0.218598 0.506267 
3.85 0.35 0.225654 0.544603 
3.9 0.35 0.224722 0.58481 
3.95 0.35 0.215762 0.625875 
4 0.35 0.198986 0.666543 
4.05 0.35 0.174875 0.705248 
4.1 0.35 0.144191 0.740107 
4.15 0.35 0.107984 0.769033 
4.2 0.35 0.0675709 0.789972 
4.25 0.35 0.024493 0.801241 
4.3 0.35 -0.0195544 0.801865 
4.35 0.35 -0.0628189 0.791789 
4.4 0.35 -0.103595 0.771896 
4.45 0.35 -0.140318 0.743804 
4.5 0.35 -0.171645 0.709543 
4.55 0.35 -0.196497 0.671207 
4.6 0.35 -0.214079 0.630708 
4.65 0.35 -0.223881 0.589647 
4.7 0.35 -0.225663 0.549308 
4.75 0.35 -0.219436 0.510726 
4.8 0.35 -0.205456 0.474784 
4.85 0.35 -0.184209 0.442298 
4.9 0.35 -0.156403 0.414079 
4.95 0.35 -0.122967 0.390941 
5 0.35 -0.0850256 0.373668 
0 0.4 -0.135882 0.355027 
0.05 0.4 -0.0940993 0.335965 
0.1 0.4 -0.0488125 0.323948 
0.15 0.4 -0.00168133 0.319594 
0.2 0.4 0.0455469 0.323142 
0.25 0.4 0.091123 0.334409 
0.3 0.4 0.133379 0.352836 
0.35 0.4 0.170799 0.377583 
0.4 0.4 0.202074 0.407667 
0.45 0.4 0.226134 0.442071 
0.5 0.4 0.242169 0.47982 
0.55 0.4 0.249632 0.519986 
0.6 0.4 0.248243 0.561637 
0.65 0.4 0.237991 0.603742 
0.7 0.4 0.219146 0.645061 
0.75 0.4 0.192267 0.684071 
0.8 0.4 0.15822 0.718954 
0.85 0.4 0.118171 0.747711 
0.9 0.4 0.0735699 0.768386 
0.95 0.4 0.0261021 0.77939 
1 0.4 -0.0223901 0.779811 
1.05 0.4 -0.0700062 0.769613 
1.1 0.4 -0.114895 0.749645 
1.15 0.4 -0.155357 0.721454 
1.2 0.4 -0.189921 0.686978 
1.25 0.4 -0.217395 0.648224 
1.3 0.4 -0.236893 0.607026 
1.35 0.4 -0.24783 0.564932 
1.4 0.4 -0.249914 0.5232 
1.45 0.4 -0.243133 0.482872 
1.5 0.4 -0.227747 0.444882 
1.55 0.4 -0.204281 0.410156 
1.6 0.4 -0.173525 0.37966 
1.65 0.4 -0.136527 0.354408 
1.7 0.4 -0.0945766 0.335387 
1.75 0.4 -0.0491688 0.323448 
1.8 0.4 -0.00195435 0.319178 
1.85 0.4 0.0453326 0.322798 
1.9 0.4 0.0909546 0.334121 
1.95 0.4 0.133252 0.352586 
2 0.4 0.170712 0.377359 
2.05 0.4 0.202029 0.407458 
2.1 0.4 0.226134 0.44187 
2.15 0.4 0.242215 0.479624 
2.2 0.4 0.249725 0.519791 
2.25 0.4 0.248381 0.561443 
2.3 0.4 0.238174 0.603551 
2.35 0.4 0.219369 0.644879 
2.4 0.4 0.192528 0.683907 
2.45 0.4 0.158511 0.718818 
2.5 0.4 0.118484 0.747615 
2.55 0.4 0.0738969 0.768343 
2.6 0.4 0.0264321 0.779409 
2.65 0.4 -0.0220685 0.779894 
2.7 0.4 -0.0697044 0.769759 
2.75 0.4 -0.114624 0.749846 
2.8 0.4 -0.155126 0.7217 
2.85 0.4 -0.189739 0.687257 
2.9 0.4 -0.21727 0.648524 
2.95 0.4 -0.236829 0.607336 
3 0.4 -0.247829 0.565244 
3.05 0.4 -0.249978 0.523506 
3.1 0.4 -0.243262 0.483165 
3.15 0.4 -0.227938 0.445156 
3.2 0.4 -0.20453 0.410401 
3.25 0.4 -0.173825 0.37987 
3.3 0.4 -0.136869 0.354573 
3.35 0.4 -0.094949 0.335498 
3.4 0.4 -0.0495598 0.323499 
3.45 0.4 -0.0023502 0.319166 
3.5 0.4 0.0449461 0.322722 
3.55 0.4 0.0905914 0.333983 
3.6 0.4 0.132925 0.352391 
3.65 0.4 0.170435 0.377115 
3.7 0.4 0.201811 0.407173 
3.75 0.4 0.225983 0.441552 
3.8 0.4 0.242138 0.47928 
3.85 0.4 0.249727 0.51943 
3.9 0.4 0.248464 0.561072 
3.95 0.4 0.238338 0.603181 
4 0.4 0.219613 0.644524 
4.05 0.4 0.192846 0.683583 
4.1 0.4 0.158897 0.718548 
4.15 0.4 0.118928 0.747421 
4.2 0.4 0.0743851 0.768247 
4.25 0.4 0.0269512 0.779429 
4.3 0.4 -0.0215332 0.780042 
4.35 0.4 -0.0691671 0.770035 
4.4 0.4 -0.114098 0.750243 
4.45 0.4 -0.15462 0.722201 
4.5 0.4 -0.189259 0.687839 
4.55 0.4 -0.216817 0.649163 
4.6 0.4 -0.2364 0.608007 
4.65 0.4 -0.247416 0.565924 
4.7 0.4 -0.249569 0.524172 
4.75 0.4 -0.242838 0.483799 
4.8 0.4 -0.227475 0.445744 
4.85 0.4 -0.203998 0.410936 
4.9 0.4 -0.173186 0.380355 
4.95 0.4 -0.136079 0.355027 
5 0.4 -0.0939627 0.335965 
0 0.45 -0.144154 0.32774 
0.05 0.45 -0.0997266 0.306887 
0.1 0.45 -0.051564 0.293679 
0.15 0.45 -0.0014295 0.288907 
0.2 0.45 0.0488044 0.292874 
0.25 0.45 0.0972557 0.305339 
0.3 0.45 0.142129 0.325563 
0.35 0.45 0.181798 0.352459 
0.4 0.45 0.214868 0.384767 
0.45 0.45 0.240209 0.421223 
0.5 0.45 0.25698 0.460658 
0.55 0.45 0.264627 0.502018 
0.6 0.45 0.262886 0.544317 
0.65 0.45 0.25178 0.586527 
0.7 0.45 0.231626 0.627472 
0.75 0.45 0.203044 0.665739 
0.8 0.45 0.166966 0.699669 
0.85 0.45 0.124629 0.727449 
0.9 0.45 0.077558 0.747322 
0.95 0.45 0.0275094 0.757867 
1 0.45 -0.0236021 0.75827 
1.05 0.45 -0.0738045 0.748498 
1.1 0.45 -0.121175 0.729308 
1.15 0.45 -0.16394 0.702085 
1.2 0.45 -0.200556 0.668569 
1.25 0.45 -0.22976 0.630576 
1.3 0.45 -0.250595 0.58978 
1.35 0.45 -0.262417 0.547616 
1.4 0.45 -0.264883 0.505273 
1.45 0.45 -0.257947 0.463785 
1.5 0.45 -0.241848 0.424137 
1.55 0.45 -0.217116 0.387373 
1.6 0.45 -0.184567 0.354653 
1.65 0.45 -0.145306 0.327236 
1.7 0.45 -0.100705 0.306384 
1.75 0.45 -0.05237 0.293208 
1.8 0.45 -0.00208099 0.288479 
1.85 0.45 0.0482865 0.29249 
1.9 0.45 0.0968532 0.304993 
1.95 0.45 0.141828 0.325249 
2 0.45 0.181587 0.352171 
2.05 0.45 0.214738 0.3845 
2.1 0.45 0.240155 0.420974 
2.15 0.45 0.256995 0.460423 
2.2 0.45 0.264706 0.501795 
2.25 0.45 0.263023 0.544104 
2.3 0.45 0.25197 0.586327 
2.35 0.45 0.231863 0.627288 
2.4 0.45 0.203322 0.665578 
2.45 0.45 0.167276 0.699539 
2.5 0.45 0.124964 0.727362 
2.55 0.45 0.0779064 0.747288 
2.6 0.45 0.0278603 0.757892 
2.65 0.45 -0.0232605 0.758357 
2.7 0.45 -0.0734841 0.748646 
2.75 0.45 -0.120887 0.72951 
2.8 0.45 -0.163695 0.702332 
2.85 0.45 -0.200363 0.66885 
2.9 0.45 -0.229625 0.630879 
2.95 0.45 -0.250525 0.590098 
3 0.45 -0.262415 0.547938 
3.05 0.45 -0.264951 0.505594 
3.1 0.45 -0.258083 0.464096 
3.15 0.45 -0.24205 0.424432 
3.2 0.45 -0.217379 0.387642 
3.25 0.45 -0.184886 0.354886 
3.3 0.45 -0.14567 0.327421 
3.35 0.45 -0.101102 0.306512 
3.4 0.45 -0.052787 0.29327 
3.45 0.45 -0.00250315 0.28847 
3.5 0.45 0.0478745 0.29241 
3.55 0.45 0.0964665 0.304845 
3.6 0.45 0.141481 0.325041 
3.65 0.45 0.181293 0.351912 
3.7 0.45 0.214507 0.384201 
3.75 0.45 0.239996 0.420645 
3.8 0.45 0.256914 0.460072 
3.85 0.45 0.264708 0.501432 
3.9 0.45 0.263111 0.543737 
3.95 0.45 0.252143 0.585965 
4 0.45 0.232118 0.626945 
4.05 0.45 0.203653 0.665269 
4.1 0.45 0.167677 0.699284 
4.15 0.45 0.125423 0.727179 
4.2 0.45 0.0784106 0.747198 
4.25 0.45 0.0283961 0.757909 
4.3 0.45 -0.0227076 0.758489 
4.35 0.45 -0.0729271 0.748892 
4.4 0.45 -0.120337 0.729861 
4.45 0.45 -0.163158 0.702769 
4.5 0.45 -0.19984 0.66935 
4.55 0.45 -0.229113 0.631418 
4.6 0.45 -0.250012 0.590649 
4.65 0.45 -0.261883 0.548477 
4.7 0.45 -0.264376 0.5061 
4.75 0.45 -0.257436 0.464555 
4.8 0.45 -0.241294 0.424835 
4.85 0.45 -0.216476 0.387994 
4.9 0.45 -0.183796 0.355204 
4.95 0.45 -0.144366 0.32774 
5 0.45 -0.0995797 0.306887 
0 0.5 -0.147179 0.305615 
0.05 0.5 -0.101743 0.28306 
0.1 0.5 -0.0524619 0.268711 
0.15 0.5 -0.00114793 0.263543 
0.2 0.5 0.0502627 0.267926 
0.25 0.5 0.0998188 0.281551 
0.3 0.5 0.145661 0.303494 
0.35 0.5 0.186111 0.332404 
0.4 0.5 0.219738 0.366734 
0.45 0.5 0.245401 0.40496 
0.5 0.5 0.262258 0.44571 
0.55 0.5 0.269777 0.487801 
0.6 0.5 0.267721 0.530188 
0.65 0.5 0.256149 0.57186 
0.7 0.5 0.23542 0.611721 
0.75 0.5 0.206192 0.64851 
0.8 0.5 0.169427 0.680777 
0.85 0.5 0.126391 0.706965 
0.9 0.5 0.078621 0.725578 
0.95 0.5 0.0278788 0.735414 
1 0.5 -0.0239235 0.735789 
1.05 0.5 -0.0748191 0.726674 
1.1 0.5 -0.122888 0.708708 
1.15 0.5 -0.166352 0.683058 
1.2 0.5 -0.203654 0.651206 
1.25 0.5 -0.233507 0.61471 
1.3 0.5 -0.25492 0.575032 
1.35 0.5 -0.26721 0.533447 
1.4 0.5 -0.269995 0.491059 
1.45 0.5 -0.263189 0.448883 
1.5 0.5 -0.247001 0.407955 
1.55 0.5 -0.22194 0.369445 
1.6 0.5 -0.188818 0.334712 
1.65 0.5 -0.14875 0.305274 
1.7 0.5 -0.103143 0.282681 
1.75 0.5 -0.0536541 0.268315 
1.8 0.5 -0.00213147 0.263142 
1.85 0.5 0.0494728 0.267531 
1.9 0.5 0.0992026 0.281169 
1.95 0.5 0.145198 0.303131 
2 0.5 0.185782 0.332063 
2.05 0.5 0.219527 0.366418 
2.1 0.5 0.245292 0.404669 
2.15 0.5 0.26224 0.445443 
2.2 0.5 0.269837 0.487556 
2.25 0.5 0.26785 0.529964 
2.3 0.5 0.256339 0.571656 
2.35 0.5 0.235662 0.611541 
2.4 0.5 0.206476 0.648357 
2.45 0.5 0.169746 0.680659 
2.5 0.5 0.126734 0.70689 
2.55 0.5 0.0789776 0.725554 
2.6 0.5 0.0282373 0.735446 
2.65 0.5 -0.0235749 0.73588 
2.7 0.5 -0.0744921 0.726822 
2.75 0.5 -0.122594 0.708908 
2.8 0.5 -0.166102 0.683302 
2.85 0.5 -0.203456 0.651484 
2.9 0.5 -0.233369 0.615013 
2.95 0.5 -0.254847 0.575352 
3 0.5 -0.267206 0.533776 
3.05 0.5 -0.270062 0.491391 
3.1 0.5 -0.263326 0.44921 
3.15 0.5 -0.247207 0.408269 
3.2 0.5 -0.222209 0.369736 
3.25 0.5 -0.189143 0.334967 
3.3 0.5 -0.149123 0.305479 
3.35 0.5 -0.10355 0.282825 
3.4 0.5 -0.0540818 0.268386 
3.45 0.5 -0.00256451 0.263136 
3.5 0.5 0.0490504 0.267447 
3.55 0.5 0.0988066 0.281012 
3.6 0.5 0.144843 0.30291 
3.65 0.5 0.185481 0.33179 
3.7 0.5 0.219291 0.366106 
3.75 0.5 0.245131 0.404331 
3.8 0.5 0.262159 0.445089 
3.85 0.5 0.26984 0.487195 
3.9 0.5 0.267939 0.529605 
3.95 0.5 0.256513 0.571309 
4 0.5 0.235917 0.611216 
4.05 0.5 0.206808 0.648069 
4.1 0.5 0.170145 0.680423 
4.15 0.5 0.12719 0.706722 
4.2 0.5 0.0794769 0.72547 
4.25 0.5 0.0287672 0.735457 
4.3 0.5 -0.0230276 0.73599 
4.35 0.5 -0.0739391 0.727028 
4.4 0.5 -0.122043 0.709198 
4.45 0.5 -0.165557 0.683657 
4.5 0.5 -0.202915 0.651882 
4.55 0.5 -0.23282 0.615428 
4.6 0.5 -0.254274 0.575756 
4.65 0.5 -0.266582 0.534147 
4.7 0.5 -0.269353 0.491708 
4.75 0.5 -0.262493 0.44946 
4.8 0.5 -0.246205 0.408451 
4.85 0.5 -0.220995 0.369863 
4.9 0.5 -0.187682 0.335072 
4.95 0.5 -0.147398 0.305615 
5 0.5 -0.101592 0.28306 
0 0.55 -0.144775 0.285714 
0.05 0.55 -0.100029 0.261743 
0.1 0.55 -0.0514617 0.246439 
0.15 0.55 -0.00087268 0.240944 
0.2 0.55 0.049806 0.245691 
0.25 0.55 0.0986248 0.260307 
0.3 0.55 0.143728 0.283695 
0.35 0.55 0.183449 0.314262 
0.4 0.55 0.216378 0.350202 
0.45 0.55 0.241401 0.389752 
0.5 0.55 0.257714 0.431358 
0.55 0.55 0.264822 0.473716 
0.6 0.55 0.262529 0.515727 
0.65 0.55 0.250928 0.556396 
0.7 0.55 0.230403 0.594719 
0.75 0.55 0.201624 0.629594 
0.8 0.55 0.165552 0.659806 
0.85 0.55 0.123428 0.684075 
0.9 0.55 0.0767454 0.701192 
0.95 0.55 0.0272064 0.710194 
1 0.55 -0.0233506 0.710535 
1.05 0.55 -0.0730368 0.702195 
1.1 0.55 -0.120006 0.68568 
1.15 0.55 -0.162542 0.661925 
1.2 0.55 -0.199133 0.632125 
1.25 0.55 -0.228513 0.597559 
1.3 0.55 -0.2497 0.559452 
1.35 0.55 -0.261997 0.51891 
1.4 0.55 -0.264995 0.476944 
1.45 0.55 -0.258576 0.434544 
1.5 0.55 -0.242907 0.392797 
1.55 0.55 -0.218458 0.352989 
1.6 0.55 -0.186004 0.31666 
1.65 0.55 -0.146632 0.285563 
1.7 0.55 -0.101725 0.261514 
1.75 0.55 -0.0529328 0.246141 
1.8 0.55 -0.00210237 0.240591 
1.85 0.55 0.04881 0.245301 
1.9 0.55 0.0978433 0.259901 
1.95 0.55 0.143138 0.283292 
2 0.55 0.183026 0.313876 
2.05 0.55 0.216099 0.349842 
2.1 0.55 0.241246 0.389425 
2.15 0.55 0.257665 0.431064 
2.2 0.55 0.264864 0.473454 
2.25 0.55 0.262647 0.515495 
2.3 0.55 0.251111 0.556193 
2.35 0.55 0.23064 0.594545 
2.4 0.55 0.201905 0.629453 
2.45 0.55 0.165867 0.659702 
2.5 0.55 0.123766 0.684014 
2.55 0.55 0.0770965 0.701179 
2.6 0.55 0.027559 0.710234 
2.65 0.55 -0.023008 0.71063 
2.7 0.55 -0.0727157 0.702342 
2.75 0.55 -0.119717 0.685876 
2.8 0.55 -0.162296 0.662162 
2.85 0.55 -0.198937 0.632397 
2.9 0.55 -0.228376 0.597859 
2.95 0.55 -0.249627 0.559771 
3 0.55 -0.261991 0.519243 
3.05 0.55 -0.265059 0.477284 
3.1 0.55 -0.258709 0.434883 
3.15 0.55 -0.243108 0.393126 
3.2 0.55 -0.218723 0.353297 
3.25 0.55 -0.186325 0.316932 
3.3 0.55 -0.146999 0.285785 
3.35 0.55 -0.102127 0.261672 
3.4 0.55 -0.0533552 0.246221 
3.45 0.55 -0.00253007 0.240587 
3.5 0.55 0.0483929 0.245214 
3.55 0.55 0.0974527 0.259736 
3.6 0.55 0.142788 0.28306 
3.65 0.55 0.182731 0.313592 
3.7 0.55 0.215869 0.349522 
3.75 0.55 0.241088 0.389082 
3.8 0.55 0.257586 0.43071 
3.85 0.55 0.264867 0.473098 
3.9 0.55 0.262733 0.515147 
3.95 0.55 0.251279 0.555862 
4 0.55 0.230886 0.594241 
4.05 0.55 0.202223 0.629187 
4.1 0.55 0.166248 0.659486 
4.15 0.55 0.1242 0.683861 
4.2 0.55 0.0775712 0.701099 
4.25 0.55 0.028062 0.710234 
4.3 0.55 -0.0224887 0.710711 
4.35 0.55 -0.0721895 0.702499 
4.4 0.55 -0.11919 0.686095 
4.45 0.55 -0.161768 0.662426 
4.5 0.55 -0.198402 0.632681 
4.55 0.55 -0.22782 0.598136 
4.6 0.55 -0.249025 0.560016 
4.65 0.55 -0.261313 0.519431 
4.7 0.55 -0.264264 0.477395 
4.75 0.55 -0.257751 0.434908 
4.8 0.55 -0.241939 0.393069 
4.85 0.55 -0.217296 0.35318 
4.9 0.55 -0.18461 0.316803 
4.95 0.55 -0.144992 0.285714 
5 0.55 -0.099879 0.261743 
0 0.6 -0.137009 0.26574 
0.05 0.6 -0.0946334 0.240897 
0.1 0.6 -0.0485995 0.224995 
0.15 0.6 -0.000630148 0.219303 
0.2 0.6 0.0474187 0.224301 
0.25 0.6 0.0936732 0.239565 
0.3 0.6 0.136353 0.263866 
0.35 0.6 0.173867 0.295428 
0.4 0.6 0.20488 0.33225 
0.45 0.6 0.228348 0.372395 
0.5 0.6 0.243532 0.414171 
0.55 0.6 0.249993 0.456185 
0.6 0.6 0.247578 0.497301 
0.65 0.6 0.236408 0.536544 
0.7 0.6 0.216872 0.572995 
0.75 0.6 0.189628 0.605708 
0.8 0.6 0.155593 0.633688 
0.85 0.6 0.115938 0.655924 
0.9 0.6 0.0720593 0.671478 
0.95 0.6 0.0255387 0.679615 
1 0.6 -0.0219228 0.679923 
1.05 0.6 -0.0685794 0.672385 
1.1 0.6 -0.112723 0.657385 
1.15 0.6 -0.15276 0.635634 
1.2 0.6 -0.187275 0.608058 
1.25 0.6 -0.215079 0.575666 
1.3 0.6 -0.23523 0.539456 
1.35 0.6 -0.247049 0.500375 
1.4 0.6 -0.250122 0.459341 
1.45 0.6 -0.244301 0.417321 
1.5 0.6 -0.229715 0.375436 
1.55 0.6 -0.206777 0.335058 
1.6 0.6 -0.176196 0.297864 
1.65 0.6 -0.138991 0.26578 
1.7 0.6 -0.0964718 0.240821 
1.75 0.6 -0.0502148 0.2248 
1.8 0.6 -0.00199408 0.219005 
1.85 0.6 0.0463055 0.223925 
1.9 0.6 0.0927948 0.239144 
1.95 0.6 0.135686 0.263431 
2 0.6 0.173386 0.295004 
2.05 0.6 0.204559 0.331854 
2.1 0.6 0.228162 0.372037 
2.15 0.6 0.243461 0.413855 
2.2 0.6 0.250018 0.45591 
2.25 0.6 0.247682 0.497065 
2.3 0.6 0.236578 0.536345 
2.35 0.6 0.217096 0.572831 
2.4 0.6 0.189894 0.605581 
2.45 0.6 0.155892 0.6336 
2.5 0.6 0.116258 0.655878 
2.55 0.6 0.0723918 0.671478 
2.6 0.6 0.0258721 0.679664 
2.65 0.6 -0.0215992 0.680021 
2.7 0.6 -0.0682762 0.672531 
2.75 0.6 -0.11245 0.657575 
2.8 0.6 -0.152527 0.635865 
2.85 0.6 -0.18709 0.608323 
2.9 0.6 -0.214949 0.57596 
2.95 0.6 -0.23516 0.539772 
3 0.6 -0.247042 0.500708 
3.05 0.6 -0.25018 0.459684 
3.1 0.6 -0.244426 0.417667 
3.15 0.6 -0.229904 0.375775 
3.2 0.6 -0.207026 0.335378 
3.25 0.6 -0.176499 0.298149 
3.3 0.6 -0.139338 0.266014 
3.35 0.6 -0.0968529 0.240988 
3.4 0.6 -0.0506158 0.224887 
3.45 0.6 -0.00240023 0.219003 
3.5 0.6 0.0459097 0.223835 
3.55 0.6 0.0924244 0.238974 
3.6 0.6 0.135355 0.263193 
3.65 0.6 0.173107 0.294715 
3.7 0.6 0.204341 0.33153 
3.75 0.6 0.228014 0.371694 
3.8 0.6 0.243387 0.413505 
3.85 0.6 0.250021 0.455564 
3.9 0.6 0.247763 0.496732 
3.95 0.6 0.236734 0.536032 
4 0.6 0.217323 0.572548 
4.05 0.6 0.190187 0.605336 
4.1 0.6 0.156241 0.633402 
4.15 0.6 0.116655 0.655736 
4.2 0.6 0.0728246 0.671398 
4.25 0.6 0.0263297 0.679649 
4.3 0.6 -0.0211271 0.68007 
4.35 0.6 -0.0677972 0.672635 
4.4 0.6 -0.111968 0.657721 
4.45 0.6 -0.152039 0.636032 
4.5 0.6 -0.186588 0.608489 
4.55 0.6 -0.214414 0.576098 
4.6 0.6 -0.234567 0.539857 
4.65 0.6 -0.246356 0.500714 
4.7 0.6 -0.249357 0.459594 
4.75 0.6 -0.243418 0.417473 
4.8 0.6 -0.228662 0.375485 
4.85 0.6 -0.205507 0.335025 
4.9 0.6 -0.174675 0.297792 
4.95 0.6 -0.137215 0.26574 
5 0.6 -0.0944914 0.240897 
0 0.65 -0.124224 0.243992 
0.05 0.65 -0.0857906 0.219086 
0.1 0.65 -0.0440004 0.203118 
0.15 0.65 -0.000435553 0.197421 
0.2 0.65 0.0431961 0.202493 
0.25 0.65 0.08517 0.217886 
0.3 0.65 0.123852 0.2423 
0.35 0.65 0.157788 0.273868 
0.4 0.65 0.185766 0.310493 
0.45 0.65 0.206853 0.350157 
0.5 0.65 0.220398 0.391108 
0.55 0.65 0.226029 0.431913 
0.6 0.65 0.223633 0.47143 
0.65 0.65 0.213349 0.508714 
0.7 0.65 0.195554 0.542924 
0.75 0.65 0.170858 0.573255 
0.8 0.65 0.140101 0.5989 
0.85 0.65 0.10434 0.619077 
0.9 0.65 0.0648275 0.633081 
0.95 0.65 0.0229704 0.640372 
1 0.65 -0.0197209 0.640647 
1.05 0.65 -0.0616986 0.633895 
1.1 0.65 -0.101447 0.620394 
1.15 0.65 -0.137546 0.60067 
1.2 0.65 -0.168731 0.575415 
1.25 0.65 -0.193925 0.545407 
1.3 0.65 -0.21227 0.511451 
1.35 0.65 -0.223134 0.47435 
1.4 0.65 -0.226117 0.434941 
1.45 0.65 -0.221059 0.394155 
1.5 0.65 -0.208048 0.35312 
1.55 0.65 -0.18743 0.313246 
1.6 0.65 -0.159831 0.276268 
1.65 0.65 -0.126161 0.244199 
1.7 0.65 -0.0876086 0.219146 
1.75 0.65 -0.0456149 0.20302 
1.8 0.65 -0.00181121 0.197178 
1.85 0.65 0.0420653 0.202139 
1.9 0.65 0.0842729 0.217461 
1.95 0.65 0.123168 0.241846 
2 0.65 0.157292 0.273418 
2.05 0.65 0.185433 0.310072 
2.1 0.65 0.206657 0.34978 
2.15 0.65 0.220316 0.390778 
2.2 0.65 0.226041 0.431632 
2.25 0.65 0.223723 0.471195 
2.3 0.65 0.213502 0.508522 
2.35 0.65 0.195757 0.542773 
2.4 0.65 0.1711 0.573143 
2.45 0.65 0.140373 0.598828 
2.5 0.65 0.104632 0.619046 
2.55 0.65 0.065129 0.633093 
2.6 0.65 0.0232722 0.640428 
2.65 0.65 -0.0194283 0.640748 
2.7 0.65 -0.0614245 0.634039 
2.75 0.65 -0.1012 0.620579 
2.8 0.65 -0.137335 0.600892 
2.85 0.65 -0.168563 0.57567 
2.9 0.65 -0.193806 0.545691 
2.95 0.65 -0.212205 0.511758 
3 0.65 -0.223126 0.474676 
3.05 0.65 -0.226169 0.435279 
3.1 0.65 -0.221171 0.394499 
3.15 0.65 -0.208218 0.353459 
3.2 0.65 -0.187655 0.313567 
3.25 0.65 -0.160106 0.276556 
3.3 0.65 -0.126476 0.244436 
3.35 0.65 -0.0879547 0.219316 
3.4 0.65 -0.0459794 0.203109 
3.45 0.65 -0.00218046 0.197178 
3.5 0.65 0.0417055 0.20205 
3.55 0.65 0.0839365 0.217291 
3.6 0.65 0.122868 0.241609 
3.65 0.65 0.157039 0.273132 
3.7 0.65 0.185236 0.309753 
3.75 0.65 0.206523 0.349444 
3.8 0.65 0.220249 0.390439 
3.85 0.65 0.226043 0.4313 
3.9 0.65 0.223794 0.470879 
3.95 0.65 0.21364 0.508229 
4 0.65 0.195958 0.542511 
4.05 0.65 0.171358 0.572917 
4.1 0.65 0.14068 0.598646 
4.15 0.65 0.104979 0.618912 
4.2 0.65 0.0655062 0.633011 
4.25 0.65 0.0236699 0.640397 
4.3 0.65 -0.0190188 0.640763 
4.35 0.65 -0.061009 0.634091 
4.4 0.65 -0.10078 0.620654 
4.45 0.65 -0.136908 0.60097 
4.5 0.65 -0.168116 0.575727 
4.55 0.65 -0.193323 0.545703 
4.6 0.65 -0.211657 0.511698 
4.65 0.65 -0.222478 0.474522 
4.7 0.65 -0.225379 0.435013 
4.75 0.65 -0.220192 0.394117 
4.8 0.65 -0.207005 0.352974 
4.85 0.65 -0.186169 0.313018 
4.9 0.65 -0.158323 0.276011 
4.95 0.65 -0.124408 0.243992 
5 0.65 -0.0856634 0.219086 
0 0.7 -0.107071 0.2193 
0.05 0.7 -0.0739453 0.195357 
0.1 0.7 -0.0378917 0.179995 
0.15 0.7 -0.000292925 0.174528 
0.2 0.7 0.0373576 0.179449 
0.25 0.7 0.0735533 0.194308 
0.3 0.7 0.10687 0.217816 
0.35 0.7 0.136046 0.248124 
0.4 0.7 0.160038 0.283165 
0.45 0.7 0.178053 0.320952 
0.5 0.7 0.189546 0.359763 
0.55 0.7 0.194217 0.398198 
0.6 0.7 0.191993 0.435149 
0.65 0.7 0.183014 0.469722 
0.7 0.7 0.167622 0.501157 
0.75 0.7 0.146354 0.528764 
0.8 0.7 0.119939 0.551894 
0.85 0.7 0.0892845 0.569944 
0.9 0.7 0.0554555 0.582393 
0.95 0.7 0.0196456 0.588846 
1 0.7 -0.0168686 0.589089 
1.05 0.7 -0.0527803 0.583113 
1.1 0.7 -0.0868081 0.571117 
1.15 0.7 -0.11775 0.55348 
1.2 0.7 -0.144527 0.530716 
1.25 0.7 -0.166218 0.50342 
1.3 0.7 -0.182077 0.472238 
1.35 0.7 -0.19155 0.437854 
1.4 0.7 -0.194273 0.401022 
1.45 0.7 -0.19009 0.362621 
1.5 0.7 -0.17905 0.323742 
1.55 0.7 -0.161433 0.285767 
1.6 0.7 -0.13776 0.250399 
1.65 0.7 -0.108804 0.219623 
1.7 0.7 -0.0755899 0.195518 
1.75 0.7 -0.0393684 0.179975 
1.8 0.7 -0.00156308 0.174339 
1.85 0.7 0.0363059 0.179125 
1.9 0.7 0.0727145 0.193896 
1.95 0.7 0.106228 0.217363 
2 0.7 0.135579 0.247671 
2.05 0.7 0.159723 0.282739 
2.1 0.7 0.177866 0.320571 
2.15 0.7 0.189465 0.359434 
2.2 0.7 0.194222 0.397922 
2.25 0.7 0.192069 0.434923 
2.3 0.7 0.183146 0.469542 
2.35 0.7 0.167797 0.50102 
2.4 0.7 0.146564 0.528668 
2.45 0.7 0.120174 0.551837 
2.5 0.7 0.089536 0.569927 
2.55 0.7 0.0557151 0.582415 
2.6 0.7 0.0199053 0.588908 
2.65 0.7 -0.0166171 0.58919 
2.7 0.7 -0.0525448 0.583253 
2.75 0.7 -0.0865961 0.571293 
2.8 0.7 -0.117568 0.553691 
2.85 0.7 -0.144382 0.530957 
2.9 0.7 -0.166115 0.503688 
2.95 0.7 -0.18202 0.472529 
3 0.7 -0.191542 0.438165 
3.05 0.7 -0.194317 0.401345 
3.1 0.7 -0.190184 0.36295 
3.15 0.7 -0.179196 0.324068 
3.2 0.7 -0.161626 0.286076 
3.25 0.7 -0.137996 0.250678 
3.3 0.7 -0.109076 0.219853 
3.35 0.7 -0.0758885 0.195684 
3.4 0.7 -0.0396831 0.180062 
3.45 0.7 -0.00188197 0.17434 
3.5 0.7 0.0359952 0.17904 
3.55 0.7 0.0724242 0.193733 
3.6 0.7 0.105969 0.217137 
3.65 0.7 0.135361 0.247397 
3.7 0.7 0.159554 0.282436 
3.75 0.7 0.17775 0.320253 
3.8 0.7 0.189407 0.359115 
3.85 0.7 0.194224 0.397612 
3.9 0.7 0.192129 0.43463 
3.95 0.7 0.183262 0.469273 
4 0.7 0.167966 0.50078 
4.05 0.7 0.14678 0.528462 
4.1 0.7 0.12043 0.55167 
4.15 0.7 0.0898242 0.5698 
4.2 0.7 0.0560272 0.582329 
4.25 0.7 0.0202329 0.588861 
4.3 0.7 -0.0162807 0.589176 
4.35 0.7 -0.052204 0.58326 
4.4 0.7 -0.0862516 0.571307 
4.45 0.7 -0.117216 0.553693 
4.5 0.7 -0.14401 0.530925 
4.55 0.7 -0.165706 0.503598 
4.6 0.7 -0.181548 0.472357 
4.65 0.7 -0.190974 0.437889 
4.7 0.7 -0.193616 0.400951 
4.75 0.7 -0.189308 0.362437 
4.8 0.7 -0.178104 0.323452 
4.85 0.7 -0.160287 0.2854 
4.9 0.7 -0.136394 0.250013 
4.95 0.7 -0.107223 0.2193 
5 0.7 -0.0738405 0.195357 
0 0.75 -0.0865558 0.190972 
0.05 0.75 -0.0597841 0.169131 
0.1 0.75 -0.0306194 0.155117 
0.15 0.75 -0.000196445 0.150142 
0.2 0.75 0.0302616 0.154658 
0.25 0.75 0.0595224 0.168246 
0.3 0.75 0.0864238 0.189712 
0.35 0.75 0.109942 0.217344 
0.4 0.75 0.129235 0.249231 
0.45 0.75 0.143671 0.283538 
0.5 0.75 0.152823 0.318672 
0.55 0.75 0.156466 0.353338 
0.6 0.75 0.154556 0.386515 
0.65 0.75 0.147221 0.417391 
0.7 0.75 0.13475 0.445295 
0.75 0.75 0.117585 0.469642 
0.8 0.75 0.0963158 0.48991 
0.85 0.75 0.0716714 0.505635 
0.9 0.75 0.044504 0.51643 
0.95 0.75 0.0157633 0.522009 
1 0.75 -0.0135365 0.522219 
1.05 0.75 -0.042358 0.517053 
1.1 0.75 -0.0696836 0.506653 
1.15 0.75 -0.0945563 0.491294 
1.2 0.75 -0.116114 0.471354 
1.25 0.75 -0.133617 0.447292 
1.3 0.75 -0.146461 0.419624 
1.35 0.75 -0.154189 0.388928 
1.4 0.75 -0.156499 0.355866 
1.45 0.75 -0.153247 0.321238 
1.5 0.75 -0.144457 0.286049 
1.55 0.75 -0.130339 0.251576 
1.6 0.75 -0.111299 0.219398 
1.65 0.75 -0.0879541 0.191347 
1.7 0.75 -0.0611311 0.169349 
1.75 0.75 -0.0318466 0.155152 
1.8 0.75 -0.00126443 0.150002 
1.85 0.75 0.02937 0.154376 
1.9 0.75 0.0588077 0.167868 
1.95 0.75 0.0858755 0.189287 
2 0.75 0.109543 0.216914 
2.05 0.75 0.128966 0.248826 
2.1 0.75 0.14351 0.283177 
2.15 0.75 0.152753 0.318362 
2.2 0.75 0.156468 0.35308 
2.25 0.75 0.154617 0.386308 
2.3 0.75 0.147328 0.41723 
2.35 0.75 0.134894 0.445176 
2.4 0.75 0.117756 0.469562 
2.45 0.75 0.0965065 0.489867 
2.5 0.75 0.071875 0.505628 
2.55 0.75 0.0447136 0.516458 
2.6 0.75 0.0159727 0.522072 
2.65 0.75 -0.0133339 0.522316 
2.7 0.75 -0.0421684 0.517184 
2.75 0.75 -0.0695128 0.506816 
2.8 0.75 -0.0944099 0.491486 
2.85 0.75 -0.115997 0.471574 
2.9 0.75 -0.133533 0.447536 
2.95 0.75 -0.146414 0.41989 
3 0.75 -0.154182 0.389211 
3.05 0.75 -0.156533 0.356161 
3.1 0.75 -0.153322 0.321539 
3.15 0.75 -0.144573 0.286347 
3.2 0.75 -0.130494 0.25186 
3.25 0.75 -0.111489 0.219653 
3.3 0.75 -0.0881734 0.191559 
3.35 0.75 -0.0613724 0.169501 
3.4 0.75 -0.0321012 0.155232 
3.45 0.75 -0.0015225 0.150003 
3.5 0.75 0.0291186 0.154299 
3.55 0.75 0.0585729 0.16772 
3.6 0.75 0.0856664 0.189081 
3.65 0.75 0.109367 0.216665 
3.7 0.75 0.128829 0.248551 
3.75 0.75 0.143418 0.282889 
3.8 0.75 0.152706 0.318074 
3.85 0.75 0.156469 0.352802 
3.9 0.75 0.154664 0.386046 
3.95 0.75 0.14742 0.41699 
4 0.75 0.135027 0.444962 
4.05 0.75 0.117925 0.469379 
4.1 0.75 0.0967067 0.489716 
4.15 0.75 0.0720994 0.505511 
4.2 0.75 0.0449555 0.516372 
4.25 0.75 0.0162254 0.522014 
4.3 0.75 -0.0130756 0.522279 
4.35 0.75 -0.0419077 0.517157 
4.4 0.75 -0.0692497 0.506785 
4.45 0.75 -0.0941398 0.491434 
4.5 0.75 -0.11571 0.471481 
4.55 0.75 -0.133214 0.44738 
4.6 0.75 -0.14604 0.419649 
4.65 0.75 -0.153726 0.388867 
4.7 0.75 -0.155963 0.355703 
4.75 0.75 -0.152603 0.320968 
4.8 0.75 -0.143675 0.285682 
4.85 0.75 -0.129392 0.251144 
4.9 0.75 -0.110176 0.218955 
4.95 0.75 -0.0866639 0.190972 
5 0.75 -0.0597092 0.169131 
0 0.8 -0.0640859 0.158771 
0.05 0.8 -0.0442704 0.140141 
0.1 0.8 -0.0226681 0.128193 
0.15 0.8 -0.000133271 0.123961 
0.2 0.8 0.0224191 0.127826 
0.25 0.8 0.0440687 0.139429 
0.3 0.8 0.0639495 0.157746 
0.35 0.8 0.081301 0.181313 
0.4 0.8 0.0955041 0.208494 
0.45 0.8 0.106097 0.237713 
0.5 0.8 0.112774 0.267599 
0.55 0.8 0.11538 0.297033 
0.6 0.8 0.113895 0.325134 
0.65 0.8 0.108423 0.351204 
0.7 0.8 0.099184 0.374678 
0.75 0.8 0.0865081 0.395078 
0.8 0.8 0.0708322 0.411991 
0.85 0.8 0.0526923 0.425065 
0.9 0.8 0.0327121 0.434012 
0.95 0.8 0.0115851 0.438628 
1 0.8 -0.00994929 0.438801 
1.05 0.8 -0.0311353 0.434528 
1.1 0.8 -0.0512309 0.425909 
1.15 0.8 -0.0695377 0.413142 
1.2 0.8 -0.0854247 0.396507 
1.25 0.8 -0.0983475 0.376351 
1.3 0.8 -0.10786 0.353081 
1.35 0.8 -0.113621 0.327168 
1.4 0.8 -0.115399 0.299169 
1.45 0.8 -0.113079 0.26977 
1.5 0.8 -0.106668 0.239839 
1.55 0.8 -0.0963083 0.21048 
1.6 0.8 -0.082291 0.183053 
1.65 0.8 -0.0650655 0.159133 
1.7 0.8 -0.0452415 0.140369 
1.75 0.8 -0.0235751 0.128257 
1.8 0.8 -0.000936074 0.123864 
1.85 0.8 0.0217421 0.127596 
1.9 0.8 0.0435233 0.139106 
1.95 0.8 0.0635304 0.157377 
2 0.8 0.0809965 0.180936 
2.05 0.8 0.095299 0.208138 
2.1 0.8 0.105975 0.237396 
2.15 0.8 0.112721 0.267327 
2.2 0.8 0.115383 0.296809 
2.25 0.8 0.113942 0.324955 
2.3 0.8 0.108504 0.351068 
2.35 0.8 0.0992915 0.37458 
2.4 0.8 0.0866355 0.395014 
2.45 0.8 0.0709739 0.41196 
2.5 0.8 0.0528431 0.425065 
2.55 0.8 0.0328671 0.434043 
2.6 0.8 0.0117396 0.438687 
2.65 0.8 -0.00979996 0.438889 
2.7 0.8 -0.0309956 0.434643 
2.75 0.8 -0.0511051 0.426051 
2.8 0.8 -0.0694297 0.413309 
2.85 0.8 -0.0853381 0.396697 
2.9 0.8 -0.0982854 0.376561 
2.95 0.8 -0.107825 0.353309 
3 0.8 -0.113615 0.327411 
3.05 0.8 -0.115423 0.299422 
3.1 0.8 -0.113134 0.270028 
3.15 0.8 -0.106753 0.240095 
3.2 0.8 -0.0964223 0.210723 
3.25 0.8 -0.082431 0.183272 
3.3 0.8 -0.0652274 0.159314 
3.35 0.8 -0.0454199 0.1405 
3.4 0.8 -0.0237635 0.128327 
3.45 0.8 -0.00112714 0.123866 
3.5 0.8 0.021556 0.127531 
3.55 0.8 0.0433496 0.138981 
3.6 0.8 0.0633758 0.157201 
3.65 0.8 0.0808667 0.180725 
3.7 0.8 0.0951984 0.207904 
3.75 0.8 0.105907 0.237151 
3.8 0.8 0.112687 0.267083 
3.85 0.8 0.115383 0.296573 
3.9 0.8 0.113976 0.324734 
3.95 0.8 0.108571 0.350865 
4 0.8 0.0993873 0.374399 
4.05 0.8 0.0867573 0.394859 
4.1 0.8 0.0711173 0.411831 
4.15 0.8 0.0530032 0.424961 
4.2 0.8 0.0330387 0.433962 
4.25 0.8 0.0119179 0.438626 
4.3 0.8 -0.00961881 0.438841 
4.35 0.8 -0.0308138 0.434598 
4.4 0.8 -0.0509225 0.425996 
4.45 0.8 -0.0692424 0.41323 
4.5 0.8 -0.0851386 0.396575 
4.55 0.8 -0.0980613 0.37638 
4.6 0.8 -0.107559 0.35305 
4.65 0.8 -0.113286 0.327059 
4.7 0.8 -0.115007 0.29897 
4.75 0.8 -0.112605 0.269478 
4.8 0.8 -0.10609 0.239467 
4.85 0.8 -0.0956117 0.210058 
4.9 0.8 -0.081473 0.18263 
4.95 0.8 -0.0641393 0.158771 
5 0.8 -0.0442332 0.140141 
0 0.85 -0.0415267 0.122885 
0.05 0.85 -0.0286821 0.10838 
0.1 0.85 -0.0146823 0.099091 
0.15 0.85 -8.80095e-05 0.0958073 
0.2 0.85 0.0145075 0.0988192 
0.25 0.85 0.0285066 0.107847 
0.3 0.85 0.0413466 0.122102 
0.35 0.85 0.0525348 0.140451 
0.4 0.85 0.0616729 0.161624 
0.45 0.85 0.0684672 0.184391 
0.5 0.85 0.0727277 0.207676 
0.55 0.85 0.0743609 0.230597 
0.6 0.85 0.0733607 0.252456 
0.65 0.85 0.0697994 0.272703 
0.7 0.85 0.0638225 0.290897 
0.75 0.85 0.0556449 0.306671 
0.8 0.85 0.045548 0.319719 
0.85 0.85 0.0338757 0.329782 
0.9 0.85 0.0210273 0.336656 
0.95 0.85 0.00744626 0.340198 
1 0.85 -0.00639513 0.340331 
1.05 0.85 -0.020014 0.337052 
1.1 0.85 -0.0329363 0.33043 
1.15 0.85 -0.0447155 0.320605 
1.2 0.85 -0.0549477 0.307774 
1.25 0.85 -0.0632836 0.29219 
1.3 0.85 -0.0694357 0.274157 
1.35 0.85 -0.0731824 0.254033 
1.4 0.85 -0.0743713 0.232254 
1.45 0.85 -0.0729221 0.209361 
1.5 0.85 -0.068833 0.186041 
1.55 0.85 -0.0621886 0.163165 
1.6 0.85 -0.0531699 0.141801 
1.65 0.85 -0.0420627 0.123179 
1.7 0.85 -0.0292594 0.10858 
1.75 0.85 -0.015251 0.099162 
1.8 0.85 -0.000605633 0.0957465 
1.85 0.85 0.0140654 0.0986476 
1.9 0.85 0.0281489 0.107598 
1.95 0.85 0.0410718 0.121813 
2 0.85 0.0523359 0.140153 
2.05 0.85 0.06154 0.161341 
2.1 0.85 0.0683895 0.184138 
2.15 0.85 0.072695 0.20746 
2.2 0.85 0.0743644 0.230419 
2.25 0.85 0.0733925 0.252315 
2.3 0.85 0.0698533 0.272597 
2.35 0.85 0.0638932 0.290821 
2.4 0.85 0.0557281 0.306624 
2.45 0.85 0.04564 0.319698 
2.5 0.85 0.0339733 0.329785 
2.55 0.85 0.0211274 0.336683 
2.6 0.85 0.00754583 0.340247 
2.65 0.85 -0.00629898 0.340402 
2.7 0.85 -0.0199241 0.337144 
2.75 0.85 -0.0328553 0.330543 
2.8 0.85 -0.0446459 0.320736 
2.85 0.85 -0.0548918 0.307923 
2.9 0.85 -0.0632434 0.292356 
2.95 0.85 -0.0694127 0.274336 
3 0.85 -0.0731781 0.254224 
3.05 0.85 -0.0743863 0.232453 
3.1 0.85 -0.072957 0.209564 
3.15 0.85 -0.0688875 0.186241 
3.2 0.85 -0.0622617 0.163355 
3.25 0.85 -0.05326 0.141972 
3.3 0.85 -0.0421671 0.123321 
3.35 0.85 -0.0293746 0.108682 
3.4 0.85 -0.0153728 0.0992161 
3.45 0.85 -0.000729225 0.0957484 
3.5 0.85 0.013945 0.0985973 
3.55 0.85 0.0280366 0.107501 
3.6 0.85 0.040972 0.121676 
3.65 0.85 0.0522522 0.139989 
3.7 0.85 0.0614752 0.161159 
3.75 0.85 0.0683455 0.183948 
3.8 0.85 0.0726729 0.207269 
3.85 0.85 0.0743643 0.230235 
3.9 0.85 0.0734141 0.252143 
3.95 0.85 0.0698952 0.272439 
4 0.85 0.0639538 0.290681 
4.05 0.85 0.0558049 0.306502 
4.1 0.85 0.0457301 0.319595 
4.15 0.85 0.0340733 0.329701 
4.2 0.85 0.021234 0.336616 
4.25 0.85 0.00765585 0.340193 
4.3 0.85 -0.00618811 0.340355 
4.35 0.85 -0.0198138 0.337096 
4.4 0.85 -0.0327454 0.330484 
4.45 0.85 -0.0445338 0.320655 
4.5 0.85 -0.0547724 0.307806 
4.55 0.85 -0.0631083 0.292188 
4.6 0.85 -0.0692506 0.274105 
4.65 0.85 -0.0729746 0.253918 
4.7 0.85 -0.0741254 0.232068 
4.75 0.85 -0.0726227 0.209104 
4.8 0.85 -0.0684671 0.185725 
4.85 0.85 -0.0617506 0.162816 
4.9 0.85 -0.0526664 0.141457 
4.95 0.85 -0.0415144 0.122885 
5 0.85 -0.0286902 0.10838 
0 0.9 -0.021262 0.0838686 
0.05 0.9 -0.0146558 0.0740769 
0.1 0.9 -0.00749331 0.0678219 
0.15 0.9 -4.88697e-05 0.0656156 
0.2 0.9 0.00738571 0.0676456 
0.25 0.9 0.0145089 0.0737265 
0.3 0.9 0.0210338 0.0833361 
0.35 0.9 0.0267096 0.0957215 
0.4 0.9 0.0313349 0.110033 
0.45 0.9 0.0347633 0.125441 
0.5 0.9 0.036902 0.141214 
0.55 0.9 0.0377077 0.156749 
0.6 0.9 0.0371806 0.171563 
0.65 0.9 0.0353597 0.185277 
0.7 0.9 0.03232 0.19759 
0.75 0.9 0.0281709 0.208253 
0.8 0.9 0.0230544 0.217061 
0.85 0.9 0.017144 0.223846 
0.9 0.9 0.0106406 0.228477 
0.95 0.9 0.00376793 0.230861 
1 0.9 -0.00323607 0.230951 
1.05 0.9 -0.0101279 0.228743 
1.1 0.9 -0.0166686 0.224283 
1.15 0.9 -0.0226331 0.217658 
1.2 0.9 -0.027818 0.208997 
1.25 0.9 -0.0320472 0.198464 
1.3 0.9 -0.0351755 0.18626 
1.35 0.9 -0.0370902 0.17263 
1.4 0.9 -0.0377129 0.15787 
1.45 0.9 -0.0370006 0.142354 
1.5 0.9 -0.0349489 0.126556 
1.55 0.9 -0.0315967 0.111073 
1.6 0.9 -0.0270322 0.0966317 
1.65 0.9 -0.0213976 0.0840624 
1.7 0.9 -0.0148913 0.0742226 
1.75 0.9 -0.0077642 0.0678814 
1.8 0.9 -0.000308389 0.0655833 
1.85 0.9 0.00716066 0.0675353 
1.9 0.9 0.0143265 0.0735613 
1.95 0.9 0.0208944 0.0831411 
2 0.9 0.0266095 0.0955191 
2.05 0.9 0.0312688 0.10984 
2.1 0.9 0.0347256 0.125268 
2.15 0.9 0.0368873 0.141066 
2.2 0.9 0.0377112 0.156627 
2.25 0.9 0.0371982 0.171466 
2.3 0.9 0.0353881 0.185205 
2.35 0.9 0.0323568 0.197539 
2.4 0.9 0.0282137 0.208221 
2.45 0.9 0.0231015 0.217048 
2.5 0.9 0.0171936 0.22385 
2.55 0.9 0.0106914 0.228497 
2.6 0.9 0.00381838 0.230896 
2.65 0.9 -0.00318739 0.231001 
2.7 0.9 -0.0100824 0.228807 
2.75 0.9 -0.0166276 0.224361 
2.8 0.9 -0.0225979 0.217749 
2.85 0.9 -0.0277896 0.209099 
2.9 0.9 -0.0320267 0.198577 
2.95 0.9 -0.0351636 0.186383 
3 0.9 -0.0370878 0.17276 
3.05 0.9 -0.0377203 0.158006 
3.1 0.9 -0.037018 0.142492 
3.15 0.9 -0.0349763 0.126692 
3.2 0.9 -0.0316336 0.111202 
3.25 0.9 -0.0270778 0.0967476 
3.3 0.9 -0.0214506 0.0841581 
3.35 0.9 -0.0149499 0.0742914 
3.4 0.9 -0.00782616 0.067918 
3.45 0.9 -0.000371284 0.0655847 
3.5 0.9 0.0070994 0.0675016 
3.55 0.9 0.0142694 0.0734957 
3.6 0.9 0.0208437 0.0830493 
3.65 0.9 0.026567 0.0954079 
3.7 0.9 0.031236 0.109716 
3.75 0.9 0.0347033 0.125139 
3.8 0.9 0.0368761 0.140937 
3.85 0.9 0.0377111 0.156502 
3.9 0.9 0.0372089 0.171349 
3.95 0.9 0.0354091 0.185098 
4 0.9 0.032387 0.197443 
4.05 0.9 0.0282519 0.208138 
4.1 0.9 0.0231461 0.216977 
4.15 0.9 0.017243 0.223792 
4.2 0.9 0.0107437 0.228449 
4.25 0.9 0.00387186 0.230856 
4.3 0.9 -0.00313405 0.230964 
4.35 0.9 -0.01003 0.228769 
4.4 0.9 -0.016576 0.224314 
4.45 0.9 -0.0225459 0.217685 
4.5 0.9 -0.0277345 0.209009 
4.55 0.9 -0.0319642 0.198452 
4.6 0.9 -0.0350877 0.186213 
4.65 0.9 -0.0369909 0.17254 
4.7 0.9 -0.037594 0.157733 
4.75 0.9 -0.0368542 0.14217 
4.8 0.9 -0.0347692 0.126335 
4.85 0.9 -0.031384 0.110835 
4.9 0.9 -0.0267985 0.0964028 
4.95 0.9 -0.0211733 0.0838686 
5 0.9 -0.014717 0.0740769 
0 0.95 -0.00627598 0.0425588 
0.05 0.95 -0.00424393 0.0376897 
0.1 0.95 -0.00215525 0.0345945 
0.15 0.95 -1.48339e-05 0.0335049 
0.2 0.95 0.00211555 0.0345103 
0.25 0.95 0.00415394 0.0375214 
0.3 0.95 0.00601828 0.0422862 
0.35 0.95 0.00763659 0.0484387 
0.4 0.95 0.00895177 0.0555626 
0.45 0.95 0.00992309 0.0632479 
0.5 0.95 0.0105255 0.0711288 
0.55 0.95 0.0107481 0.0789001 
0.6 0.95 0.010592 0.086317 
0.65 0.95 0.010069 0.0931859 
0.7 0.95 0.00920067 0.0993525 
0.75 0.95 0.00801796 0.104692 
0.8 0.95 0.00656098 0.1091 
0.85 0.95 0.00487867 0.112495 
0.9 0.95 0.00302796 0.11481 
0.95 0.95 0.00107223 0.116002 
1 0.95 -0.000920839 0.116047 
1.05 0.95 -0.00288202 0.114943 
1.1 0.95 -0.00474341 0.112713 
1.15 0.95 -0.00644114 0.109399 
1.2 0.95 -0.00791762 0.105064 
1.25 0.95 -0.00912314 0.0997896 
1.3 0.95 -0.0100167 0.0936775 
1.35 0.95 -0.0105665 0.0868506 
1.4 0.95 -0.0107498 0.0794605 
1.45 0.95 -0.010554 0.0716978 
1.5 0.95 -0.00997649 0.0638038 
1.55 0.95 -0.0090271 0.0560804 
1.6 0.95 -0.00772943 0.0488914 
1.65 0.95 -0.00612291 0.0426472 
1.7 0.95 -0.00426372 0.0377685 
1.75 0.95 -0.00222396 0.0346292 
1.8 0.95 -8.83639e-05 0.0334924 
1.85 0.95 0.00205109 0.034458 
1.9 0.95 0.00410214 0.037441 
1.95 0.95 0.00597921 0.0421902 
2 0.95 0.00760901 0.0483382 
2.05 0.95 0.008934 0.0554662 
2.1 0.95 0.00991336 0.0631609 
2.15 0.95 0.0105222 0.0710541 
2.2 0.95 0.0107498 0.0788385 
2.25 0.95 0.0105976 0.0862683 
2.3 0.95 0.0100775 0.0931493 
2.35 0.95 0.00921144 0.0993269 
2.4 0.95 0.00803035 0.104676 
2.45 0.95 0.00657449 0.109094 
2.5 0.95 0.00489286 0.112497 
2.55 0.95 0.00304243 0.114821 
2.6 0.95 0.00108658 0.11602 
2.65 0.95 -0.000907008 0.116072 
2.7 0.95 -0.00286909 0.114976 
2.75 0.95 -0.00473175 0.112752 
2.8 0.95 -0.0064311 0.109444 
2.85 0.95 -0.00790952 0.105115 
2.9 0.95 -0.00911725 0.0998466 
2.95 0.95 -0.0100133 0.0937393 
3 0.95 -0.0105657 0.0869161 
3.05 0.95 -0.0107518 0.0795286 
3.1 0.95 -0.0105588 0.071767 
3.15 0.95 -0.00998418 0.063872 
3.2 0.95 -0.00903753 0.056145 
3.25 0.95 -0.00774237 0.0489492 
3.3 0.95 -0.00613799 0.0426948 
3.35 0.95 -0.00428044 0.0378027 
3.4 0.95 -0.00224168 0.0346474 
3.45 0.95 -0.000106366 0.0334931 
3.5 0.95 0.00203356 0.0344413 
3.55 0.95 0.00408581 0.0374085 
3.6 0.95 0.00596473 0.0421446 
3.65 0.95 0.00759691 0.048283 
3.7 0.95 0.00892467 0.0554047 
3.75 0.95 0.00990706 0.0630966 
3.8 0.95 0.0105191 0.0709896 
3.85 0.95 0.0107498 0.0787761 
3.9 0.95 0.0106007 0.0862096 
3.95 0.95 0.0100835 0.0930954 
4 0.95 0.00921995 0.0992787 
4.05 0.95 0.00804107 0.104634 
4.1 0.95 0.00658697 0.109058 
4.15 0.95 0.00490659 0.112467 
4.2 0.95 0.00305687 0.114796 
4.25 0.95 0.00110122 0.115999 
4.3 0.95 -0.000892595 0.116053 
4.35 0.95 -0.00285517 0.114955 
4.4 0.95 -0.00471834 0.112727 
4.45 0.95 -0.00641786 0.10941 
4.5 0.95 -0.0078957 0.105068 
4.55 0.95 -0.0091016 0.099781 
4.6 0.95 -0.00999402 0.0936515 
4.65 0.95 -0.0105406 0.0868031 
4.7 0.95 -0.0107183 0.0793896 
4.75 0.95 -0.0105144 0.0716047 
4.8 0.95 -0.0099272 0.063694 
4.85 0.95 -0.00896923 0.0559642 
4.9 0.95 -0.00767243 0.0487831 
4.95 0.95 -0.0060997 0.0425588 
5 0.95 -0.00436616 0.0376897 
0 1 0 0 
0.05 1 0 0 
0.1 1 0 0 
0.15 1 0 0 
0.2 1 0 0 
0.25 1 0 0 
0.3 1 0 0 
0.35 1 0 0 
0.4 1 0 0 
0.45 1 0 0 
0.5 1 0 0 
0.55 1 0 0 
0.6 1 0 0 
0.65 1 0 0 
0.7 1 0 0 
0.75 1 0 0 
0.8 1 0 0 
0.85 1 0 0 
0.9 1 0 0 
0.95 1 0 0 
1 1 0 0 
1.05 1 0 0 
1.1 1 0 0 
1.15 1 0 0 
1.2 1 0 0 
1.25 1 0 0 
1.3 1 0 0 
1.35 1 0 0 
1.4 1 0 0 
1.45 1 0 0 
1.5 1 0 0 
1.55 1 0 0 
1.6 1 0 0 
1.65 1 0 0 
1.7 1 0 0 
1.75 1 0 0 
1.8 1 0 0 
1.85 1 0 0 
1.9 1 0 0 
1.95 1 0 0 
2 1 0 0 
2.05 1 0 0 
2.1 1 0 0 
2.15 1 0 0 
2.2 1 0 0 
2.25 1 0 0 
2.3 1 0 0 
2.35 1 0 0 
2.4 1 0 0 
2.45 1 0 0 
2.5 1 0 0 
2.55 1 0 0 
2.6 1 0 0 
2.65 1 0 0 
2.7 1 0 0 
2.75 1 0 0 
2.8 1 0 0 
2.85 1 0 0 
2.9 1 0 0 
2.95 1 0 0 
3 1 0 0 
3.05 1 0 0 
3.1 1 0 0 
3.15 1 0 0 
3.2 1 0 0 
3.25 1 0 0 
3.3 1 0 0 
3.35 1 0 0 
3.4 1 0 0 
3.45 1 0 0 
3.5 1 0 0 
3.55 1 0 0 
3.6 1 0 0 
3.65 1 0 0 
3.7 1 0 0 
3.75 1 0 0 
3.8 1 0 0 
3.85 1 0 0 
3.9 1 0 0 
3.95 1 0 0 
4 1 0 0 
4.05 1 0 0 
4.1 1 0 0 
4.15 1 0 0 
4.2 1 0 0 
4.25 1 0 0 
4.3 1 0 0 
4.35 1 0 0 
4.4 1 0 0 
4.45 1 0 0 
4.5 1 0 0 
4.55 1 0 0 
4.6 1 0 0 
4.65 1 0 0 
4.7 1 0 0 
4.75 1 0 0 
4.8 1 0 0 
4.85 1 0 0 
4.9 1 0 0 
4.95 1 0 0 
5 1 0 0 
