x, y, ksi, T
#iter= 2010000
0 0 0 1 
0.05 0 0 1 
0.1 0 0 1 
0.15 0 0 1 
0.2 0 0 1 
0.25 0 0 1 
0.3 0 0 1 
0.35 0 0 1 
0.4 0 0 1 
0.45 0 0 1 
0.5 0 0 1 
0.55 0 0 1 
0.6 0 0 1 
0.65 0 0 1 
0.7 0 0 1 
0.75 0 0 1 
0.8 0 0 1 
0.85 0 0 1 
0.9 0 0 1 
0.95 0 0 1 
1 0 0 1 
1.05 0 0 1 
1.1 0 0 1 
1.15 0 0 1 
1.2 0 0 1 
1.25 0 0 1 
1.3 0 0 1 
1.35 0 0 1 
1.4 0 0 1 
1.45 0 0 1 
1.5 0 0 1 
1.55 0 0 1 
1.6 0 0 1 
1.65 0 0 1 
1.7 0 0 1 
1.75 0 0 1 
1.8 0 0 1 
1.85 0 0 1 
1.9 0 0 1 
1.95 0 0 1 
2 0 0 1 
2.05 0 0 1 
2.1 0 0 1 
2.15 0 0 1 
2.2 0 0 1 
2.25 0 0 1 
2.3 0 0 1 
2.35 0 0 1 
2.4 0 0 1 
2.45 0 0 1 
2.5 0 0 1 
2.55 0 0 1 
2.6 0 0 1 
2.65 0 0 1 
2.7 0 0 1 
2.75 0 0 1 
2.8 0 0 1 
2.85 0 0 1 
2.9 0 0 1 
2.95 0 0 1 
3 0 0 1 
3.05 0 0 1 
3.1 0 0 1 
3.15 0 0 1 
3.2 0 0 1 
3.25 0 0 1 
3.3 0 0 1 
3.35 0 0 1 
3.4 0 0 1 
3.45 0 0 1 
3.5 0 0 1 
3.55 0 0 1 
3.6 0 0 1 
3.65 0 0 1 
3.7 0 0 1 
3.75 0 0 1 
3.8 0 0 1 
3.85 0 0 1 
3.9 0 0 1 
3.95 0 0 1 
4 0 0 1 
4.05 0 0 1 
4.1 0 0 1 
4.15 0 0 1 
4.2 0 0 1 
4.25 0 0 1 
4.3 0 0 1 
4.35 0 0 1 
4.4 0 0 1 
4.45 0 0 1 
4.5 0 0 1 
4.55 0 0 1 
4.6 0 0 1 
4.65 0 0 1 
4.7 0 0 1 
4.75 0 0 1 
4.8 0 0 1 
4.85 0 0 1 
4.9 0 0 1 
4.95 0 0 1 
5 0 0 1 
0 0.05 -0.00642347 0.884625 
0.05 0.05 -0.00432642 0.881642 
0.1 0.05 -0.00213905 0.87991 
0.15 0.05 7.2488e-05 0.879406 
0.2 0.05 0.00225015 0.880112 
0.25 0.05 0.00433006 0.882001 
0.3 0.05 0.00624764 0.885027 
0.35 0.05 0.00794233 0.889131 
0.4 0.05 0.00936049 0.894236 
0.45 0.05 0.0104568 0.900251 
0.5 0.05 0.0111952 0.907064 
0.55 0.05 0.0115482 0.914542 
0.6 0.05 0.0114981 0.922515 
0.65 0.05 0.0110369 0.930765 
0.7 0.05 0.0101682 0.939008 
0.75 0.05 0.00890952 0.946884 
0.8 0.05 0.00729504 0.953965 
0.85 0.05 0.0053777 0.959782 
0.9 0.05 0.00322961 0.963887 
0.95 0.05 0.000939596 0.965923 
1 0.05 -0.0013922 0.965702 
1.05 0.05 -0.00366218 0.963246 
1.1 0.05 -0.00577186 0.958779 
1.15 0.05 -0.00763535 0.952684 
1.2 0.05 -0.00918422 0.945417 
1.25 0.05 -0.0103693 0.937445 
1.3 0.05 -0.0111601 0.929183 
1.35 0.05 -0.011542 0.920977 
1.4 0.05 -0.0115142 0.913097 
1.45 0.05 -0.0110869 0.90575 
1.5 0.05 -0.0102806 0.8991 
1.55 0.05 -0.00912496 0.893273 
1.6 0.05 -0.00765931 0.888377 
1.65 0.05 -0.00593233 0.884499 
1.7 0.05 -0.0040017 0.881708 
1.75 0.05 -0.00193288 0.880057 
1.8 0.05 0.000202959 0.879578 
1.85 0.05 0.00233177 0.88028 
1.9 0.05 0.0043798 0.882149 
1.95 0.05 0.00627677 0.885149 
2 0.05 0.00795856 0.889225 
2.05 0.05 0.00936913 0.894304 
2.1 0.05 0.0104615 0.900294 
2.15 0.05 0.0111984 0.907086 
2.2 0.05 0.0115516 0.914547 
2.25 0.05 0.0115026 0.922506 
2.3 0.05 0.0110432 0.930745 
2.35 0.05 0.0101767 0.938981 
2.4 0.05 0.00892016 0.946855 
2.45 0.05 0.00730772 0.953938 
2.5 0.05 0.00539207 0.959762 
2.55 0.05 0.00324516 0.963876 
2.6 0.05 0.000955696 0.965926 
2.65 0.05 -0.00137626 0.965719 
2.7 0.05 -0.0036471 0.963276 
2.75 0.05 -0.00575831 0.958822 
2.8 0.05 -0.00762389 0.952735 
2.85 0.05 -0.00917528 0.945475 
2.9 0.05 -0.0103632 0.937506 
2.95 0.05 -0.011157 0.929245 
3 0.05 -0.011542 0.921037 
3.05 0.05 -0.0115172 0.913153 
3.1 0.05 -0.011093 0.905802 
3.15 0.05 -0.0102895 0.899146 
3.2 0.05 -0.00913651 0.893313 
3.25 0.05 -0.00767314 0.888409 
3.3 0.05 -0.00594802 0.884522 
3.35 0.05 -0.00401876 0.881722 
3.4 0.05 -0.00195075 0.880062 
3.45 0.05 0.000184873 0.879573 
3.5 0.05 0.00231409 0.880265 
3.55 0.05 0.00436314 0.882124 
3.6 0.05 0.00626173 0.885115 
3.65 0.05 0.00794567 0.889182 
3.7 0.05 0.00935885 0.894252 
3.75 0.05 0.0104543 0.900234 
3.8 0.05 0.0111945 0.907019 
3.85 0.05 0.0115514 0.914474 
3.9 0.05 0.0115064 0.922429 
3.95 0.05 0.011051 0.930667 
4 0.05 0.0101885 0.938905 
4.05 0.05 0.00893601 0.946784 
4.1 0.05 0.00732729 0.953879 
4.15 0.05 0.00541491 0.95972 
4.2 0.05 0.00327059 0.963858 
4.25 0.05 0.00098285 0.965936 
4.3 0.05 -0.0013484 0.965762 
4.35 0.05 -0.00361965 0.963353 
4.4 0.05 -0.00573242 0.958931 
4.45 0.05 -0.00760073 0.952876 
4.5 0.05 -0.00915614 0.945644 
4.55 0.05 -0.0103496 0.9377 
4.6 0.05 -0.011151 0.929461 
4.65 0.05 -0.0115465 0.921273 
4.7 0.05 -0.0115367 0.913404 
4.75 0.05 -0.0111339 0.906064 
4.8 0.05 -0.010362 0.899407 
4.85 0.05 -0.00925607 0.893558 
4.9 0.05 -0.00786387 0.888608 
4.95 0.05 -0.00624521 0.884625 
5 0.05 -0.00444773 0.881642 
0 0.1 -0.0216712 0.770585 
0.05 0.1 -0.0148086 0.764728 
0.1 0.1 -0.00735464 0.761258 
0.15 0.1 0.000320959 0.760232 
0.2 0.1 0.00793298 0.761631 
0.25 0.1 0.0152236 0.765395 
0.3 0.1 0.0219526 0.771432 
0.35 0.1 0.0279009 0.779619 
0.4 0.1 0.0328761 0.789799 
0.45 0.1 0.0367164 0.801789 
0.5 0.1 0.0392927 0.815371 
0.55 0.1 0.0405091 0.830281 
0.6 0.1 0.0403045 0.846192 
0.65 0.1 0.038655 0.862675 
0.7 0.1 0.0355791 0.879173 
0.75 0.1 0.0311448 0.894973 
0.8 0.1 0.0254778 0.909212 
0.85 0.1 0.0187669 0.920939 
0.9 0.1 0.0112641 0.92923 
0.95 0.1 0.0032759 0.933347 
1 0.1 -0.00485502 0.932901 
1.05 0.1 -0.0127748 0.927933 
1.1 0.1 -0.0201461 0.918915 
1.15 0.1 -0.0266719 0.906632 
1.2 0.1 -0.0321123 0.892026 
1.25 0.1 -0.0362912 0.87604 
1.3 0.1 -0.039095 0.859509 
1.35 0.1 -0.0404665 0.843116 
1.4 0.1 -0.040397 0.827393 
1.45 0.1 -0.0389191 0.812744 
1.5 0.1 -0.0361027 0.799485 
1.55 0.1 -0.0320528 0.787866 
1.6 0.1 -0.0269086 0.778098 
1.65 0.1 -0.020843 0.770357 
1.7 0.1 -0.0140602 0.764784 
1.75 0.1 -0.00679131 0.761487 
1.8 0.1 0.000713235 0.760529 
1.85 0.1 0.00819307 0.761931 
1.9 0.1 0.0153889 0.765664 
1.95 0.1 0.0220532 0.771655 
2 0.1 0.0279595 0.779791 
2.05 0.1 0.0329094 0.789921 
2.1 0.1 0.0367361 0.801866 
2.15 0.1 0.039307 0.815408 
2.2 0.1 0.0405236 0.830286 
2.25 0.1 0.0403228 0.846169 
2.3 0.1 0.0386793 0.862632 
2.35 0.1 0.0356105 0.879118 
2.4 0.1 0.0311834 0.894913 
2.45 0.1 0.0255232 0.909157 
2.5 0.1 0.0188179 0.920897 
2.55 0.1 0.011319 0.929208 
2.6 0.1 0.00333248 0.933352 
2.65 0.1 -0.00479911 0.932934 
2.7 0.1 -0.012722 0.927995 
2.75 0.1 -0.0200986 0.919001 
2.8 0.1 -0.0266317 0.906736 
2.85 0.1 -0.0320809 0.892142 
2.9 0.1 -0.0362696 0.876162 
2.95 0.1 -0.0390841 0.859632 
3 0.1 -0.0404665 0.843236 
3.05 0.1 -0.0404079 0.827506 
3.1 0.1 -0.0389406 0.812848 
3.15 0.1 -0.0361343 0.799577 
3.2 0.1 -0.0320935 0.787945 
3.25 0.1 -0.0269573 0.778162 
3.3 0.1 -0.0208983 0.770404 
3.35 0.1 -0.0141203 0.764813 
3.4 0.1 -0.00685418 0.761497 
3.45 0.1 0.000649662 0.76052 
3.5 0.1 0.00813098 0.761902 
3.55 0.1 0.0153305 0.765615 
3.6 0.1 0.0220005 0.771587 
3.65 0.1 0.0279144 0.779704 
3.7 0.1 0.0328736 0.789818 
3.75 0.1 0.0367111 0.801747 
3.8 0.1 0.039294 0.815275 
3.85 0.1 0.0405235 0.830141 
3.9 0.1 0.0403365 0.846016 
3.95 0.1 0.0387071 0.862475 
4 0.1 0.0356525 0.878964 
4.05 0.1 0.0312393 0.894771 
4.1 0.1 0.0255919 0.909037 
4.15 0.1 0.0188977 0.920812 
4.2 0.1 0.0114076 0.92917 
4.25 0.1 0.00342685 0.933371 
4.3 0.1 -0.00470246 0.933018 
4.35 0.1 -0.0126269 0.928146 
4.4 0.1 -0.0200089 0.919217 
4.45 0.1 -0.0265515 0.907014 
4.5 0.1 -0.0320147 0.892476 
4.55 0.1 -0.0362227 0.876544 
4.6 0.1 -0.0390631 0.860057 
4.65 0.1 -0.040481 0.843699 
4.7 0.1 -0.0404711 0.827998 
4.75 0.1 -0.0390717 0.813358 
4.8 0.1 -0.0363593 0.800083 
4.85 0.1 -0.0324457 0.788412 
4.9 0.1 -0.0274708 0.77853 
4.95 0.1 -0.021582 0.770585 
5 0.1 -0.0148672 0.764728 
0 0.15 -0.042218 0.662691 
0.05 0.15 -0.0288115 0.654141 
0.1 0.15 -0.0142562 0.64903 
0.15 0.15 0.00079366 0.647499 
0.2 0.15 0.0157641 0.649548 
0.25 0.15 0.0301265 0.6551 
0.3 0.15 0.043392 0.664014 
0.35 0.15 0.0551184 0.676096 
0.4 0.15 0.0649192 0.691109 
0.45 0.15 0.0724712 0.708772 
0.5 0.15 0.0775178 0.728763 
0.55 0.15 0.0798711 0.7507 
0.6 0.15 0.0794148 0.774107 
0.65 0.15 0.0761086 0.798371 
0.7 0.15 0.0699981 0.822684 
0.75 0.15 0.061227 0.846004 
0.8 0.15 0.0500507 0.867059 
0.85 0.15 0.0368454 0.88443 
0.9 0.15 0.0221055 0.89673 
0.95 0.15 0.00642693 0.902845 
1 0.15 -0.00952731 0.902181 
1.05 0.15 -0.0250738 0.894804 
1.1 0.15 -0.0395592 0.881427 
1.15 0.15 -0.0524054 0.863237 
1.2 0.15 -0.0631404 0.841646 
1.25 0.15 -0.0714122 0.818057 
1.3 0.15 -0.0769887 0.7937 
1.35 0.15 -0.0797473 0.76957 
1.4 0.15 -0.0796617 0.746434 
1.45 0.15 -0.0767895 0.724875 
1.5 0.15 -0.0712646 0.705347 
1.55 0.15 -0.0632925 0.688217 
1.6 0.15 -0.0531485 0.673798 
1.65 0.15 -0.0411756 0.662354 
1.7 0.15 -0.0277795 0.654108 
1.75 0.15 -0.0134187 0.649224 
1.8 0.15 0.00140953 0.647805 
1.85 0.15 0.0161887 0.649882 
1.9 0.15 0.0304045 0.65541 
1.95 0.15 0.0435656 0.664275 
2 0.15 0.0552224 0.676298 
2.05 0.15 0.0649806 0.69125 
2.1 0.15 0.0725099 0.708856 
2.15 0.15 0.0775479 0.728797 
2.2 0.15 0.0799026 0.750691 
2.25 0.15 0.079454 0.774063 
2.3 0.15 0.0761595 0.7983 
2.35 0.15 0.0700626 0.822597 
2.4 0.15 0.0613054 0.845911 
2.45 0.15 0.050142 0.866974 
2.5 0.15 0.0369472 0.884365 
2.55 0.15 0.0222144 0.896696 
2.6 0.15 0.0065389 0.902851 
2.65 0.15 -0.0094169 0.90223 
2.7 0.15 -0.0249695 0.894895 
2.75 0.15 -0.0394655 0.881554 
2.8 0.15 -0.0523261 0.863391 
2.85 0.15 -0.0630783 0.841818 
2.9 0.15 -0.0713696 0.818238 
2.95 0.15 -0.076967 0.793882 
3 0.15 -0.0797472 0.769747 
3.05 0.15 -0.0796832 0.746602 
3.1 0.15 -0.0768321 0.725029 
3.15 0.15 -0.0713271 0.705484 
3.2 0.15 -0.0633731 0.688335 
3.25 0.15 -0.053245 0.673893 
3.3 0.15 -0.041285 0.662425 
3.35 0.15 -0.0278983 0.654151 
3.4 0.15 -0.0135431 0.649239 
3.45 0.15 0.00128387 0.647792 
3.5 0.15 0.0160661 0.649839 
3.55 0.15 0.0302892 0.655339 
3.6 0.15 0.0434617 0.664175 
3.65 0.15 0.0551337 0.676171 
3.7 0.15 0.0649104 0.691098 
3.75 0.15 0.0724611 0.708681 
3.8 0.15 0.0775229 0.728602 
3.85 0.15 0.0799033 0.750478 
3.9 0.15 0.0794818 0.773838 
3.95 0.15 0.0762151 0.79807 
4 0.15 0.070146 0.82237 
4.05 0.15 0.0614156 0.845701 
4.1 0.15 0.050277 0.866796 
4.15 0.15 0.0371035 0.884238 
4.2 0.15 0.0223875 0.896638 
4.25 0.15 0.00672295 0.902877 
4.3 0.15 -0.00922857 0.90235 
4.35 0.15 -0.0247841 0.895114 
4.4 0.15 -0.0392904 0.881868 
4.45 0.15 -0.0521689 0.863793 
4.5 0.15 -0.0629472 0.842299 
4.55 0.15 -0.0712738 0.818786 
4.6 0.15 -0.0769179 0.794489 
4.65 0.15 -0.0797602 0.770403 
4.7 0.15 -0.0797791 0.747294 
4.75 0.15 -0.0770387 0.725739 
4.8 0.15 -0.0716792 0.706181 
4.85 0.15 -0.063908 0.688969 
4.9 0.15 -0.0539868 0.674389 
4.95 0.15 -0.0422042 0.662691 
5 0.15 -0.028818 0.654141 
0 0.2 -0.0650666 0.566684 
0.05 0.2 -0.0442889 0.555732 
0.1 0.2 -0.0217933 0.549159 
0.15 0.2 0.0014913 0.547175 
0.2 0.2 0.0246859 0.549815 
0.25 0.2 0.0469588 0.556986 
0.3 0.2 0.0675364 0.568499 
0.35 0.2 0.0857198 0.584083 
0.4 0.2 0.100901 0.60341 
0.45 0.2 0.112574 0.626101 
0.5 0.2 0.120339 0.651733 
0.55 0.2 0.123911 0.679816 
0.6 0.2 0.123115 0.709753 
0.65 0.2 0.117902 0.740773 
0.7 0.2 0.108354 0.771861 
0.75 0.2 0.0947076 0.801699 
0.8 0.2 0.0773692 0.828664 
0.85 0.2 0.0569254 0.850933 
0.9 0.2 0.0341392 0.866713 
0.95 0.2 0.00992273 0.874563 
1 0.2 -0.0147134 0.87371 
1.05 0.2 -0.0387287 0.86424 
1.1 0.2 -0.061127 0.847079 
1.15 0.2 -0.081022 0.823763 
1.2 0.2 -0.0976839 0.796115 
1.25 0.2 -0.110562 0.765933 
1.3 0.2 -0.119285 0.734785 
1.35 0.2 -0.12365 0.703929 
1.4 0.2 -0.123602 0.674327 
1.45 0.2 -0.119219 0.64671 
1.5 0.2 -0.110701 0.621648 
1.55 0.2 -0.098362 0.599615 
1.6 0.2 -0.0826278 0.581021 
1.65 0.2 -0.064032 0.566228 
1.7 0.2 -0.0432082 0.555544 
1.75 0.2 -0.0208736 0.549208 
1.8 0.2 0.00219308 0.547366 
1.85 0.2 0.025183 0.550063 
1.9 0.2 0.0472904 0.557234 
1.95 0.2 0.0677462 0.568714 
2 0.2 0.0858472 0.584249 
2.05 0.2 0.100978 0.60352 
2.1 0.2 0.112625 0.626157 
2.15 0.2 0.120384 0.651738 
2.2 0.2 0.123961 0.679776 
2.25 0.2 0.123179 0.709676 
2.3 0.2 0.117984 0.740668 
2.35 0.2 0.108457 0.77174 
2.4 0.2 0.0948325 0.801575 
2.45 0.2 0.0775134 0.828551 
2.5 0.2 0.0570852 0.850847 
2.55 0.2 0.0343095 0.866669 
2.6 0.2 0.0100972 0.87457 
2.65 0.2 -0.0145417 0.873773 
2.7 0.2 -0.0385668 0.864357 
2.75 0.2 -0.0609815 0.847242 
2.8 0.2 -0.0808986 0.823961 
2.85 0.2 -0.0975874 0.796336 
2.9 0.2 -0.110496 0.766165 
2.95 0.2 -0.119251 0.735019 
3 0.2 -0.123649 0.704157 
3.05 0.2 -0.123635 0.674543 
3.1 0.2 -0.119285 0.646908 
3.15 0.2 -0.110798 0.621825 
3.2 0.2 -0.0984876 0.599767 
3.25 0.2 -0.082778 0.581145 
3.3 0.2 -0.0642024 0.56632 
3.35 0.2 -0.0433932 0.555603 
3.4 0.2 -0.0210673 0.549229 
3.45 0.2 0.00199752 0.54735 
3.5 0.2 0.0249923 0.550009 
3.55 0.2 0.0471112 0.557143 
3.6 0.2 0.067585 0.568586 
3.65 0.2 0.08571 0.584087 
3.7 0.2 0.10087 0.603326 
3.75 0.2 0.112551 0.625933 
3.8 0.2 0.120346 0.651489 
3.85 0.2 0.123963 0.679506 
3.9 0.2 0.123223 0.70939 
3.95 0.2 0.118071 0.740375 
4 0.2 0.108587 0.771452 
4.05 0.2 0.095003 0.801307 
4.1 0.2 0.0777214 0.828325 
4.15 0.2 0.0573255 0.850685 
4.2 0.2 0.0345749 0.866593 
4.25 0.2 0.0103791 0.874601 
4.3 0.2 -0.0142533 0.873923 
4.35 0.2 -0.0382825 0.864631 
4.4 0.2 -0.060712 0.847635 
4.45 0.2 -0.0806546 0.824462 
4.5 0.2 -0.0973798 0.796931 
4.55 0.2 -0.110336 0.76684 
4.6 0.2 -0.119154 0.73576 
4.65 0.2 -0.123633 0.704949 
4.7 0.2 -0.123721 0.675368 
4.75 0.2 -0.119503 0.647744 
4.8 0.2 -0.11118 0.622635 
4.85 0.2 -0.0990625 0.600499 
4.9 0.2 -0.0835514 0.581728 
4.95 0.2 -0.0651162 0.566684 
5 0.2 -0.0442524 0.555732 
0 0.25 -0.0878718 0.486835 
0.05 0.25 -0.05966 0.473807 
0.1 0.25 -0.0291831 0.465969 
0.15 0.25 0.00236909 0.4636 
0.2 0.25 0.0338194 0.466769 
0.25 0.25 0.0640308 0.475369 
0.3 0.25 0.0919384 0.489146 
0.35 0.25 0.11658 0.507736 
0.4 0.25 0.137122 0.5307 
0.45 0.25 0.152875 0.557552 
0.5 0.25 0.1633 0.587768 
0.55 0.25 0.168018 0.620767 
0.6 0.25 0.166807 0.655855 
0.65 0.25 0.159615 0.692152 
0.7 0.25 0.146573 0.728491 
0.75 0.25 0.128018 0.763351 
0.8 0.25 0.104513 0.794848 
0.85 0.25 0.0768554 0.82086 
0.9 0.25 0.0460738 0.839294 
0.95 0.25 0.0133877 0.848464 
1 0.25 -0.0198568 0.847466 
1.05 0.25 -0.0522753 0.836403 
1.1 0.25 -0.0825399 0.816353 
1.15 0.25 -0.109464 0.789116 
1.2 0.25 -0.132064 0.756817 
1.25 0.25 -0.149586 0.721548 
1.3 0.25 -0.161515 0.685128 
1.35 0.25 -0.167557 0.649005 
1.4 0.25 -0.167619 0.614282 
1.45 0.25 -0.161791 0.581797 
1.5 0.25 -0.150329 0.552214 
1.55 0.25 -0.133649 0.526097 
1.6 0.25 -0.112324 0.503958 
1.65 0.25 -0.0870776 0.486269 
1.7 0.25 -0.0587749 0.473446 
1.75 0.25 -0.0283982 0.46582 
1.8 0.25 0.00298434 0.4636 
1.85 0.25 0.0342614 0.46685 
1.9 0.25 0.0643261 0.475478 
1.95 0.25 0.0921236 0.489247 
2 0.25 0.116691 0.50781 
2.05 0.25 0.137191 0.530736 
2.1 0.25 0.152925 0.557546 
2.15 0.25 0.163352 0.587722 
2.2 0.25 0.168083 0.620682 
2.25 0.25 0.166894 0.655739 
2.3 0.25 0.15973 0.692011 
2.35 0.25 0.146717 0.728338 
2.4 0.25 0.128191 0.763198 
2.45 0.25 0.104712 0.794712 
2.5 0.25 0.0770748 0.820758 
2.55 0.25 0.0463066 0.839242 
2.6 0.25 0.0136255 0.848473 
2.65 0.25 -0.0196233 0.847542 
2.7 0.25 -0.0520553 0.836541 
2.75 0.25 -0.0823423 0.816546 
2.8 0.25 -0.109297 0.78935 
2.85 0.25 -0.131932 0.757077 
2.9 0.25 -0.149495 0.721822 
2.95 0.25 -0.161468 0.685403 
3 0.25 -0.167556 0.649274 
3.05 0.25 -0.167664 0.614538 
3.1 0.25 -0.161881 0.582034 
3.15 0.25 -0.150461 0.552426 
3.2 0.25 -0.133819 0.52628 
3.25 0.25 -0.112528 0.504108 
3.3 0.25 -0.0873095 0.486382 
3.35 0.25 -0.0590269 0.473518 
3.4 0.25 -0.0286618 0.465848 
3.45 0.25 0.00271816 0.463583 
3.5 0.25 0.034002 0.466788 
3.55 0.25 0.0640827 0.47537 
3.6 0.25 0.091905 0.489097 
3.65 0.25 0.116506 0.507619 
3.7 0.25 0.137045 0.530508 
3.75 0.25 0.152825 0.557285 
3.8 0.25 0.163302 0.587432 
3.85 0.25 0.168087 0.620368 
3.9 0.25 0.166955 0.655407 
3.95 0.25 0.159848 0.691672 
4 0.25 0.146893 0.728004 
4.05 0.25 0.128421 0.762888 
4.1 0.25 0.104991 0.79445 
4.15 0.25 0.0773965 0.82057 
4.2 0.25 0.0466613 0.839154 
4.25 0.25 0.0140018 0.848508 
4.3 0.25 -0.0192381 0.847714 
4.35 0.25 -0.0516747 0.836854 
4.4 0.25 -0.0819794 0.816993 
4.45 0.25 -0.108964 0.789916 
4.5 0.25 -0.131642 0.757746 
4.55 0.25 -0.14926 0.722573 
4.6 0.25 -0.1613 0.686218 
4.65 0.25 -0.167471 0.650133 
4.7 0.25 -0.167682 0.615421 
4.75 0.25 -0.162022 0.582914 
4.8 0.25 -0.150747 0.55327 
4.85 0.25 -0.134264 0.527043 
4.9 0.25 -0.113118 0.504738 
4.95 0.25 -0.0879739 0.486835 
5 0.25 -0.0595885 0.473807 
0 0.3 -0.108825 0.424527 
0.05 0.3 -0.0737211 0.409657 
0.1 0.3 -0.0358531 0.400692 
0.15 0.3 0.00335096 0.397989 
0.2 0.3 0.0424373 0.401655 
0.25 0.3 0.079982 0.411553 
0.3 0.3 0.114645 0.427336 
0.35 0.3 0.145216 0.448509 
0.4 0.3 0.170651 0.474486 
0.45 0.3 0.190092 0.504647 
0.5 0.3 0.202881 0.538358 
0.55 0.3 0.208559 0.574954 
0.6 0.3 0.206871 0.613678 
0.65 0.3 0.197776 0.653582 
0.7 0.3 0.181461 0.693417 
0.75 0.3 0.158365 0.731548 
0.8 0.3 0.129198 0.765946 
0.85 0.3 0.0949553 0.79432 
0.9 0.3 0.0569018 0.814411 
0.95 0.3 0.016529 0.824399 
1 0.3 -0.0245231 0.823312 
1.05 0.3 -0.0645701 0.811258 
1.1 0.3 -0.101994 0.789402 
1.15 0.3 -0.135341 0.759682 
1.2 0.3 -0.163397 0.724395 
1.25 0.3 -0.185224 0.685796 
1.3 0.3 -0.200164 0.645845 
1.35 0.3 -0.207832 0.606096 
1.4 0.3 -0.208088 0.567731 
1.45 0.3 -0.201018 0.53165 
1.5 0.3 -0.186919 0.498585 
1.55 0.3 -0.166292 0.469187 
1.6 0.3 -0.13984 0.444085 
1.65 0.3 -0.108461 0.423888 
1.7 0.3 -0.0732331 0.409161 
1.75 0.3 -0.0353909 0.400364 
1.8 0.3 0.00372013 0.397798 
1.85 0.3 0.042698 0.401555 
1.9 0.3 0.0801468 0.4115 
1.95 0.3 0.114738 0.4273 
2 0.3 0.145265 0.448468 
2.05 0.3 0.17068 0.474428 
2.1 0.3 0.190122 0.504565 
2.15 0.3 0.202927 0.538249 
2.2 0.3 0.208631 0.57482 
2.25 0.3 0.206977 0.613521 
2.3 0.3 0.19792 0.653408 
2.35 0.3 0.181644 0.693236 
2.4 0.3 0.158584 0.731373 
2.45 0.3 0.129449 0.765793 
2.5 0.3 0.0952305 0.794207 
2.55 0.3 0.0571928 0.814354 
2.6 0.3 0.0168256 0.824411 
2.65 0.3 -0.0242324 0.823396 
2.7 0.3 -0.0642965 0.811411 
2.75 0.3 -0.101748 0.789615 
2.8 0.3 -0.135132 0.75994 
2.85 0.3 -0.163233 0.724682 
2.9 0.3 -0.18511 0.686099 
2.95 0.3 -0.200105 0.646151 
3 0.3 -0.20783 0.606396 
3.05 0.3 -0.208143 0.568018 
3.1 0.3 -0.201129 0.531917 
3.15 0.3 -0.187083 0.498826 
3.2 0.3 -0.166505 0.469398 
3.25 0.3 -0.140095 0.44426 
3.3 0.3 -0.10875 0.424021 
3.35 0.3 -0.0735474 0.409247 
3.4 0.3 -0.0357198 0.4004 
3.45 0.3 0.00338823 0.397782 
3.5 0.3 0.0423749 0.401486 
3.55 0.3 0.079844 0.41138 
3.6 0.3 0.114467 0.427131 
3.65 0.3 0.145034 0.448255 
3.7 0.3 0.170499 0.474174 
3.75 0.3 0.189999 0.504276 
3.8 0.3 0.202866 0.53793 
3.85 0.3 0.208638 0.574476 
3.9 0.3 0.207054 0.61316 
3.95 0.3 0.198067 0.65304 
4 0.3 0.18186 0.692876 
4.05 0.3 0.158866 0.73104 
4.1 0.3 0.129791 0.765513 
4.15 0.3 0.0956238 0.794007 
4.2 0.3 0.0576256 0.814262 
4.25 0.3 0.0172843 0.82445 
4.3 0.3 -0.0237626 0.82358 
4.35 0.3 -0.0638308 0.811744 
4.4 0.3 -0.101301 0.790086 
4.45 0.3 -0.134716 0.760535 
4.5 0.3 -0.16286 0.725378 
4.55 0.3 -0.18479 0.686872 
4.6 0.3 -0.199846 0.646979 
4.65 0.3 -0.207641 0.607256 
4.7 0.3 -0.208034 0.568886 
4.75 0.3 -0.201108 0.532769 
4.8 0.3 -0.187156 0.499635 
4.85 0.3 -0.166668 0.470131 
4.9 0.3 -0.140321 0.444887 
4.95 0.3 -0.108969 0.424527 
5 0.3 -0.0736216 0.409657 
0 0.35 -0.126557 0.378247 
0.05 0.35 -0.0855729 0.361616 
0.1 0.35 -0.0413934 0.351554 
0.15 0.35 0.00434487 0.348535 
0.2 0.35 0.0499461 0.352708 
0.25 0.35 0.0937335 0.363883 
0.3 0.35 0.134125 0.381578 
0.35 0.35 0.169693 0.405108 
0.4 0.35 0.199215 0.433687 
0.45 0.35 0.221695 0.466516 
0.5 0.35 0.236378 0.502829 
0.55 0.35 0.242752 0.541874 
0.6 0.35 0.240548 0.582848 
0.65 0.35 0.229749 0.624782 
0.7 0.35 0.210602 0.666411 
0.75 0.35 0.183641 0.706082 
0.8 0.35 0.149709 0.741743 
0.85 0.35 0.109965 0.771077 
0.9 0.35 0.0658689 0.791807 
0.95 0.35 0.0191279 0.802101 
1 0.35 -0.0283872 0.80098 
1.05 0.35 -0.0747569 0.788553 
1.1 0.35 -0.118134 0.765992 
1.15 0.35 -0.156853 0.735249 
1.2 0.35 -0.18951 0.698639 
1.25 0.35 -0.215008 0.658445 
1.3 0.35 -0.232565 0.616646 
1.35 0.35 -0.241705 0.574815 
1.4 0.35 -0.242233 0.534148 
1.45 0.35 -0.23422 0.495571 
1.5 0.35 -0.217983 0.459869 
1.55 0.35 -0.194082 0.427788 
1.6 0.35 -0.163322 0.400099 
1.65 0.35 -0.126744 0.377598 
1.7 0.35 -0.0856129 0.361053 
1.75 0.35 -0.0413835 0.351114 
1.8 0.35 0.00435116 0.348206 
1.85 0.35 0.0499278 0.352463 
1.9 0.35 0.0936907 0.363691 
1.95 0.35 0.134068 0.381416 
2 0.35 0.169638 0.404957 
2.05 0.35 0.199175 0.433535 
2.1 0.35 0.221684 0.466357 
2.15 0.35 0.236405 0.502658 
2.2 0.35 0.242823 0.541691 
2.25 0.35 0.240668 0.582653 
2.3 0.35 0.229917 0.62458 
2.35 0.35 0.210817 0.66621 
2.4 0.35 0.183899 0.705893 
2.45 0.35 0.150004 0.741581 
2.5 0.35 0.110289 0.77096 
2.55 0.35 0.0662099 0.79175 
2.6 0.35 0.0194745 0.802116 
2.65 0.35 -0.0280479 0.80107 
2.7 0.35 -0.0744378 0.788716 
2.75 0.35 -0.117847 0.766216 
2.8 0.35 -0.156609 0.73552 
2.85 0.35 -0.189319 0.698942 
2.9 0.35 -0.214875 0.658766 
2.95 0.35 -0.232495 0.616972 
3 0.35 -0.241701 0.575137 
3.05 0.35 -0.242296 0.534458 
3.1 0.35 -0.234348 0.495863 
3.15 0.35 -0.218173 0.460135 
3.2 0.35 -0.194329 0.428023 
3.25 0.35 -0.163619 0.400296 
3.3 0.35 -0.127082 0.377751 
3.35 0.35 -0.0859806 0.361155 
3.4 0.35 -0.0417683 0.351158 
3.45 0.35 0.00396285 0.348191 
3.5 0.35 0.04955 0.352388 
3.55 0.35 0.0933371 0.363559 
3.6 0.35 0.133752 0.381231 
3.65 0.35 0.16937 0.404725 
3.7 0.35 0.198966 0.433262 
3.75 0.35 0.221542 0.466049 
3.8 0.35 0.236336 0.502322 
3.85 0.35 0.242832 0.541332 
3.9 0.35 0.240757 0.582279 
3.95 0.35 0.230088 0.624201 
4 0.35 0.211067 0.665841 
4.05 0.35 0.184224 0.705555 
4.1 0.35 0.150396 0.741298 
4.15 0.35 0.110738 0.770759 
4.2 0.35 0.0667034 0.791659 
4.25 0.35 0.0199971 0.802157 
4.3 0.35 -0.0275121 0.801257 
4.35 0.35 -0.0739047 0.789048 
4.4 0.35 -0.117331 0.766685 
4.45 0.35 -0.156122 0.736106 
4.5 0.35 -0.188868 0.69962 
4.55 0.35 -0.214467 0.659509 
4.6 0.35 -0.232132 0.617756 
4.65 0.35 -0.241381 0.575936 
4.7 0.35 -0.242016 0.535249 
4.75 0.35 -0.234103 0.496625 
4.8 0.35 -0.21795 0.460849 
4.85 0.35 -0.194108 0.42867 
4.9 0.35 -0.163365 0.400866 
4.95 0.35 -0.126735 0.378247 
5 0.35 -0.0854517 0.361616 
0 0.4 -0.140062 0.344617 
0.05 0.4 -0.0945603 0.32617 
0.1 0.4 -0.0455195 0.314961 
0.15 0.4 0.00525598 0.311618 
0.2 0.4 0.0558733 0.316339 
0.25 0.4 0.10445 0.328861 
0.3 0.4 0.149208 0.348516 
0.35 0.4 0.188549 0.374368 
0.4 0.4 0.221111 0.40537 
0.45 0.4 0.245799 0.440492 
0.5 0.4 0.261796 0.478801 
0.55 0.4 0.268564 0.519447 
0.6 0.4 0.265838 0.561589 
0.65 0.4 0.253637 0.604264 
0.7 0.4 0.232268 0.646254 
0.75 0.4 0.202351 0.685972 
0.8 0.4 0.164834 0.721462 
0.85 0.4 0.121 0.750519 
0.9 0.4 0.0724466 0.770982 
0.95 0.4 0.0210312 0.781124 
1 0.4 -0.0312212 0.780019 
1.05 0.4 -0.0822347 0.767771 
1.1 0.4 -0.130008 0.745485 
1.15 0.4 -0.172729 0.715005 
1.2 0.4 -0.208857 0.678528 
1.25 0.4 -0.237173 0.638227 
1.3 0.4 -0.256794 0.595992 
1.35 0.4 -0.267161 0.553331 
1.4 0.4 -0.268025 0.511403 
1.45 0.4 -0.259423 0.471133 
1.5 0.4 -0.241672 0.433355 
1.55 0.4 -0.215365 0.398929 
1.6 0.4 -0.181372 0.368807 
1.65 0.4 -0.14084 0.344027 
1.7 0.4 -0.0951791 0.325622 
1.75 0.4 -0.0460202 0.314487 
1.8 0.4 0.00483995 0.311219 
1.85 0.4 0.0555214 0.316002 
1.9 0.4 0.104153 0.328569 
1.95 0.4 0.148965 0.348254 
2 0.4 0.188361 0.374125 
2.05 0.4 0.220983 0.405137 
2.1 0.4 0.245733 0.440265 
2.15 0.4 0.261794 0.478576 
2.2 0.4 0.268625 0.519222 
2.25 0.4 0.265963 0.561363 
2.3 0.4 0.253822 0.604042 
2.35 0.4 0.232508 0.64604 
2.4 0.4 0.20264 0.685778 
2.45 0.4 0.165164 0.721299 
2.5 0.4 0.121361 0.750404 
2.55 0.4 0.0728261 0.770929 
2.6 0.4 0.0214162 0.781142 
2.65 0.4 -0.0308449 0.780113 
2.7 0.4 -0.0818811 0.767937 
2.75 0.4 -0.12969 0.745712 
2.8 0.4 -0.172459 0.71528 
2.85 0.4 -0.208644 0.678837 
2.9 0.4 -0.237024 0.638555 
2.95 0.4 -0.256715 0.596328 
3 0.4 -0.267155 0.553666 
3.05 0.4 -0.268092 0.511729 
3.1 0.4 -0.259563 0.471445 
3.15 0.4 -0.241882 0.433645 
3.2 0.4 -0.215638 0.399189 
3.25 0.4 -0.181702 0.369029 
3.3 0.4 -0.141216 0.3442 
3.35 0.4 -0.0955882 0.325739 
3.4 0.4 -0.0464484 0.31454 
3.45 0.4 0.00440788 0.311205 
3.5 0.4 0.0551013 0.315922 
3.55 0.4 0.103761 0.328425 
3.6 0.4 0.148614 0.348053 
3.65 0.4 0.188065 0.373876 
3.7 0.4 0.220752 0.404847 
3.75 0.4 0.245577 0.439943 
3.8 0.4 0.26172 0.478229 
3.85 0.4 0.268637 0.518857 
3.9 0.4 0.266063 0.560988 
3.95 0.4 0.25401 0.603666 
4 0.4 0.232782 0.645678 
4.05 0.4 0.202994 0.685449 
4.1 0.4 0.16559 0.721026 
4.15 0.4 0.121847 0.750212 
4.2 0.4 0.0733592 0.770845 
4.25 0.4 0.0219803 0.781184 
4.3 0.4 -0.030266 0.780292 
4.35 0.4 -0.0813028 0.768252 
4.4 0.4 -0.129126 0.746152 
4.45 0.4 -0.171917 0.715824 
4.5 0.4 -0.208129 0.679458 
4.55 0.4 -0.236536 0.639226 
4.6 0.4 -0.256246 0.597022 
4.65 0.4 -0.266695 0.554356 
4.7 0.4 -0.267623 0.512394 
4.75 0.4 -0.259064 0.472066 
4.8 0.4 -0.241324 0.43421 
4.85 0.4 -0.21499 0.399693 
4.9 0.4 -0.180923 0.369478 
4.95 0.4 -0.140264 0.344617 
5 0.4 -0.0944231 0.32617 
0 0.45 -0.148631 0.319642 
0.05 0.45 -0.100227 0.299301 
0.1 0.45 -0.0480429 0.286883 
0.15 0.45 0.00599685 0.283202 
0.2 0.45 0.0598587 0.288516 
0.25 0.45 0.111513 0.302466 
0.3 0.45 0.159043 0.324163 
0.35 0.45 0.200732 0.352371 
0.4 0.45 0.235132 0.385732 
0.45 0.45 0.26109 0.422946 
0.5 0.45 0.277763 0.462879 
0.55 0.45 0.284614 0.504566 
0.6 0.45 0.281403 0.547124 
0.65 0.45 0.26819 0.589618 
0.7 0.45 0.245339 0.630911 
0.75 0.45 0.213536 0.669555 
0.8 0.45 0.173804 0.70378 
0.85 0.45 0.127503 0.731608 
0.9 0.45 0.0763054 0.751107 
0.95 0.45 0.0221442 0.760742 
1 0.45 -0.032883 0.759692 
1.05 0.45 -0.0866281 0.74805 
1.1 0.45 -0.137017 0.726794 
1.15 0.45 -0.182161 0.697565 
1.2 0.45 -0.220444 0.662329 
1.25 0.45 -0.250569 0.623037 
1.3 0.45 -0.27158 0.581402 
1.35 0.45 -0.282852 0.538804 
1.4 0.45 -0.284081 0.49633 
1.45 0.45 -0.275264 0.454892 
1.5 0.45 -0.256696 0.415379 
1.55 0.45 -0.228972 0.378784 
1.6 0.45 -0.192993 0.346276 
1.65 0.45 -0.149968 0.319176 
1.7 0.45 -0.101399 0.298835 
1.75 0.45 -0.0490422 0.28644 
1.8 0.45 0.00515913 0.28279 
1.85 0.45 0.0591667 0.288132 
1.9 0.45 0.110952 0.302106 
1.95 0.45 0.158602 0.323824 
2 0.45 0.200403 0.352052 
2.05 0.45 0.234906 0.38543 
2.1 0.45 0.260961 0.42266 
2.15 0.45 0.277725 0.462607 
2.2 0.45 0.284659 0.504306 
2.25 0.45 0.281526 0.546876 
2.3 0.45 0.268383 0.589383 
2.35 0.45 0.245594 0.630693 
2.4 0.45 0.213846 0.669362 
2.45 0.45 0.174157 0.703624 
2.5 0.45 0.127888 0.7315 
2.55 0.45 0.0767097 0.751061 
2.6 0.45 0.0225535 0.760765 
2.65 0.45 -0.0324834 0.759788 
2.7 0.45 -0.0862528 0.748215 
2.75 0.45 -0.136679 0.727019 
2.8 0.45 -0.181873 0.697838 
2.85 0.45 -0.220216 0.662636 
2.9 0.45 -0.25041 0.623366 
2.95 0.45 -0.271494 0.581742 
3 0.45 -0.282844 0.539148 
3.05 0.45 -0.284151 0.49667 
3.1 0.45 -0.275412 0.455221 
3.15 0.45 -0.256918 0.41569 
3.2 0.45 -0.229262 0.379067 
3.25 0.45 -0.193344 0.346521 
3.3 0.45 -0.150368 0.319371 
3.35 0.45 -0.101835 0.298969 
3.4 0.45 -0.0494989 0.286503 
3.45 0.45 0.00469841 0.282778 
3.5 0.45 0.058719 0.288045 
3.55 0.45 0.110534 0.30195 
3.6 0.45 0.158229 0.323608 
3.65 0.45 0.200089 0.351786 
3.7 0.45 0.234663 0.385126 
3.75 0.45 0.260798 0.422327 
3.8 0.45 0.277647 0.462255 
3.85 0.45 0.284673 0.503942 
3.9 0.45 0.281632 0.546507 
3.95 0.45 0.26858 0.589019 
4 0.45 0.24588 0.630348 
4.05 0.45 0.214214 0.669053 
4.1 0.45 0.174599 0.70337 
4.15 0.45 0.12839 0.731325 
4.2 0.45 0.0772595 0.750985 
4.25 0.45 0.0231347 0.760805 
4.3 0.45 -0.0318865 0.759951 
4.35 0.45 -0.0856543 0.748498 
4.4 0.45 -0.13609 0.727408 
4.45 0.45 -0.181299 0.698313 
4.5 0.45 -0.219657 0.66317 
4.55 0.45 -0.249857 0.62393 
4.6 0.45 -0.270934 0.582308 
4.65 0.45 -0.282254 0.539689 
4.7 0.45 -0.283501 0.497166 
4.75 0.45 -0.274666 0.455656 
4.8 0.45 -0.256037 0.416058 
4.85 0.45 -0.228204 0.379375 
4.9 0.45 -0.192069 0.34679 
4.95 0.45 -0.14885 0.319642 
5 0.45 -0.100079 0.299301 
0 0.5 -0.151821 0.29961 
0.05 0.5 -0.102287 0.277404 
0.1 0.5 -0.0488537 0.26379 
0.15 0.5 0.00649492 0.259781 
0.2 0.5 0.06165 0.265694 
0.25 0.5 0.114502 0.28107 
0.3 0.5 0.163063 0.304781 
0.35 0.5 0.205561 0.335277 
0.4 0.5 0.240513 0.37087 
0.45 0.5 0.266755 0.409974 
0.5 0.5 0.283455 0.451244 
0.55 0.5 0.290101 0.493585 
0.6 0.5 0.28649 0.536067 
0.65 0.5 0.272727 0.577785 
0.7 0.5 0.249224 0.617703 
0.75 0.5 0.216709 0.654555 
0.8 0.5 0.176241 0.686815 
0.85 0.5 0.129206 0.712802 
0.9 0.5 0.0772893 0.73089 
0.95 0.5 0.0224224 0.739791 
1 0.5 -0.0333056 0.738822 
1.05 0.5 -0.0877584 0.728058 
1.1 0.5 -0.138869 0.708316 
1.15 0.5 -0.184748 0.680974 
1.2 0.5 -0.223762 0.647687 
1.25 0.5 -0.254588 0.61012 
1.3 0.5 -0.276229 0.569749 
1.35 0.5 -0.288018 0.527791 
1.4 0.5 -0.2896 0.485243 
1.45 0.5 -0.280928 0.443005 
1.5 0.5 -0.262261 0.402027 
1.55 0.5 -0.234169 0.36345 
1.6 0.5 -0.197547 0.328673 
1.65 0.5 -0.153617 0.299318 
1.7 0.5 -0.103922 0.277069 
1.75 0.5 -0.0502783 0.263422 
1.8 0.5 0.00529051 0.25939 
1.85 0.5 0.0606569 0.26529 
1.9 0.5 0.113705 0.280662 
1.95 0.5 0.162443 0.30438 
2 0.5 0.205101 0.334891 
2.05 0.5 0.240196 0.370506 
2.1 0.5 0.266566 0.409635 
2.15 0.5 0.28338 0.450931 
2.2 0.5 0.290127 0.493296 
2.25 0.5 0.286606 0.535802 
2.3 0.5 0.272921 0.577542 
2.35 0.5 0.249485 0.617487 
2.4 0.5 0.217027 0.654369 
2.45 0.5 0.176604 0.686669 
2.5 0.5 0.129601 0.712706 
2.55 0.5 0.0777032 0.730853 
2.6 0.5 0.0228407 0.73982 
2.65 0.5 -0.0328977 0.738918 
2.7 0.5 -0.0873753 0.728219 
2.75 0.5 -0.138524 0.708534 
2.8 0.5 -0.184453 0.681239 
2.85 0.5 -0.223528 0.647987 
2.9 0.5 -0.254423 0.610445 
2.95 0.5 -0.27614 0.570089 
3 0.5 -0.288007 0.52814 
3.05 0.5 -0.289669 0.485594 
3.1 0.5 -0.281077 0.44335 
3.15 0.5 -0.262486 0.402358 
3.2 0.5 -0.234465 0.363756 
3.25 0.5 -0.197905 0.328942 
3.3 0.5 -0.154027 0.299534 
3.35 0.5 -0.104369 0.277219 
3.4 0.5 -0.0507467 0.263495 
3.45 0.5 0.00481789 0.25938 
3.5 0.5 0.060198 0.265197 
3.55 0.5 0.113277 0.280493 
3.6 0.5 0.162062 0.304148 
3.65 0.5 0.204781 0.334609 
3.7 0.5 0.239949 0.370187 
3.75 0.5 0.266401 0.409293 
3.8 0.5 0.283303 0.450575 
3.85 0.5 0.290141 0.492936 
3.9 0.5 0.286713 0.535444 
3.95 0.5 0.27312 0.577197 
4 0.5 0.249772 0.617164 
4.05 0.5 0.217394 0.654085 
4.1 0.5 0.177043 0.686439 
4.15 0.5 0.130099 0.712549 
4.2 0.5 0.0782467 0.730786 
4.25 0.5 0.0234145 0.739853 
4.3 0.5 -0.0323082 0.739057 
4.35 0.5 -0.0867823 0.728458 
4.4 0.5 -0.137936 0.708859 
4.45 0.5 -0.183872 0.681627 
4.5 0.5 -0.222949 0.648413 
4.55 0.5 -0.253832 0.610878 
4.6 0.5 -0.275514 0.570502 
4.65 0.5 -0.287315 0.528504 
4.7 0.5 -0.288872 0.48589 
4.75 0.5 -0.280128 0.443564 
4.8 0.5 -0.261336 0.402491 
4.85 0.5 -0.233066 0.363824 
4.9 0.5 -0.196221 0.328984 
4.95 0.5 -0.152048 0.29961 
5 0.5 -0.102134 0.277404 
0 0.55 -0.149433 0.281487 
0.05 0.55 -0.100614 0.257668 
0.1 0.55 -0.0479123 0.243015 
0.15 0.55 0.00669776 0.238729 
0.2 0.55 0.0611053 0.245178 
0.25 0.55 0.113197 0.26181 
0.3 0.55 0.160986 0.287276 
0.35 0.55 0.202711 0.319734 
0.4 0.55 0.236912 0.357194 
0.45 0.55 0.26246 0.39781 
0.5 0.55 0.278562 0.440038 
0.55 0.55 0.284754 0.482658 
0.6 0.55 0.280881 0.524691 
0.65 0.55 0.267085 0.565255 
0.7 0.55 0.243809 0.60342 
0.75 0.55 0.211799 0.638107 
0.8 0.55 0.172108 0.668061 
0.85 0.55 0.126095 0.691922 
0.9 0.55 0.075394 0.708396 
0.95 0.55 0.0218656 0.716462 
1 0.55 -0.0324875 0.715584 
1.05 0.55 -0.085619 0.705821 
1.1 0.55 -0.135546 0.687816 
1.15 0.55 -0.180446 0.662658 
1.2 0.55 -0.218733 0.631671 
1.25 0.55 -0.249106 0.596202 
1.3 0.55 -0.270568 0.557475 
1.35 0.55 -0.28243 0.516533 
1.4 0.55 -0.284305 0.474286 
1.45 0.55 -0.276105 0.431622 
1.5 0.55 -0.258039 0.389559 
1.55 0.55 -0.230631 0.349378 
1.6 0.55 -0.194734 0.312692 
1.65 0.55 -0.151541 0.281399 
1.7 0.55 -0.102573 0.25749 
1.75 0.55 -0.0496415 0.242745 
1.8 0.55 0.00522475 0.238378 
1.85 0.55 0.0598876 0.244767 
1.9 0.55 0.11222 0.261363 
1.95 0.55 0.160228 0.286818 
2 0.55 0.20215 0.319286 
2.05 0.55 0.236524 0.356772 
2.1 0.55 0.262223 0.397422 
2.15 0.55 0.278457 0.439688 
2.2 0.55 0.284762 0.482345 
2.25 0.55 0.280986 0.524413 
2.3 0.55 0.267273 0.56501 
2.35 0.55 0.244067 0.603209 
2.4 0.55 0.212113 0.637933 
2.45 0.55 0.172467 0.667929 
2.5 0.55 0.126485 0.691841 
2.55 0.55 0.075802 0.70837 
2.6 0.55 0.0222772 0.716498 
2.65 0.55 -0.0320866 0.715681 
2.7 0.55 -0.0852426 0.705977 
2.75 0.55 -0.135207 0.688026 
2.8 0.55 -0.180156 0.662913 
2.85 0.55 -0.218503 0.631962 
2.9 0.55 -0.248943 0.596521 
2.95 0.55 -0.270477 0.557813 
3 0.55 -0.282417 0.516884 
3.05 0.55 -0.284371 0.474644 
3.1 0.55 -0.276249 0.431979 
3.15 0.55 -0.258258 0.389907 
3.2 0.55 -0.230921 0.349704 
3.25 0.55 -0.195087 0.312981 
3.3 0.55 -0.151945 0.281633 
3.35 0.55 -0.103014 0.257654 
3.4 0.55 -0.0501043 0.242825 
3.45 0.55 0.00475785 0.238368 
3.5 0.55 0.0594345 0.244668 
3.55 0.55 0.111798 0.261183 
3.6 0.55 0.159854 0.286572 
3.65 0.55 0.201836 0.31899 
3.7 0.55 0.236283 0.356443 
3.75 0.55 0.262062 0.397074 
3.8 0.55 0.278382 0.439332 
3.85 0.55 0.284777 0.481991 
3.9 0.55 0.28109 0.524069 
3.95 0.55 0.267465 0.564684 
4 0.55 0.244343 0.602911 
4.05 0.55 0.212466 0.637674 
4.1 0.55 0.172886 0.667723 
4.15 0.55 0.126959 0.691701 
4.2 0.55 0.0763179 0.708308 
4.25 0.55 0.0228208 0.71652 
4.3 0.55 -0.0315283 0.71579 
4.35 0.55 -0.0846798 0.706164 
4.4 0.55 -0.134645 0.688275 
4.45 0.55 -0.179594 0.663203 
4.5 0.55 -0.217931 0.632266 
4.55 0.55 -0.248343 0.596809 
4.6 0.55 -0.269822 0.558057 
4.65 0.55 -0.281667 0.517057 
4.7 0.55 -0.283481 0.474724 
4.75 0.55 -0.275165 0.431955 
4.8 0.55 -0.256926 0.389784 
4.85 0.55 -0.229291 0.34951 
4.9 0.55 -0.193127 0.312771 
4.95 0.55 -0.149658 0.281487 
5 0.55 -0.100463 0.257668 
0 0.6 -0.14152 0.262969 
0.05 0.6 -0.0952492 0.238072 
0.1 0.6 -0.0452511 0.22272 
0.15 0.6 0.00657712 0.218257 
0.2 0.6 0.058202 0.225092 
0.25 0.6 0.107588 0.242595 
0.3 0.6 0.152823 0.269248 
0.35 0.6 0.192228 0.302986 
0.4 0.6 0.224419 0.341594 
0.45 0.6 0.248344 0.383026 
0.5 0.6 0.26328 0.425589 
0.55 0.6 0.268823 0.467964 
0.6 0.6 0.264866 0.509129 
0.65 0.6 0.251582 0.548222 
0.7 0.6 0.229424 0.584407 
0.75 0.6 0.199121 0.61678 
0.8 0.6 0.16168 0.644339 
0.85 0.6 0.118382 0.666032 
0.9 0.6 0.0707522 0.680875 
0.95 0.6 0.0205132 0.688103 
1 0.6 -0.030486 0.687317 
1.05 0.6 -0.0803589 0.67856 
1.1 0.6 -0.127274 0.662311 
1.15 0.6 -0.169541 0.639388 
1.2 0.6 -0.205678 0.6108 
1.25 0.6 -0.234454 0.577594 
1.3 0.6 -0.254912 0.540754 
1.35 0.6 -0.266375 0.501165 
1.4 0.6 -0.268441 0.459658 
1.45 0.6 -0.260985 0.417114 
1.5 0.6 -0.244167 0.374606 
1.55 0.6 -0.218447 0.333526 
1.6 0.6 -0.184608 0.29565 
1.65 0.6 -0.143764 0.263083 
1.7 0.6 -0.0973609 0.238052 
1.75 0.6 -0.0471342 0.222552 
1.8 0.6 0.00496194 0.217954 
1.85 0.6 0.0568614 0.224682 
1.9 0.6 0.10651 0.242116 
1.95 0.6 0.151988 0.268741 
2 0.6 0.191609 0.302485 
2.05 0.6 0.22399 0.341122 
2.1 0.6 0.248079 0.382597 
2.15 0.6 0.263155 0.425208 
2.2 0.6 0.268817 0.467632 
2.25 0.6 0.264959 0.508842 
2.3 0.6 0.251758 0.547977 
2.35 0.6 0.229669 0.584204 
2.4 0.6 0.19942 0.616619 
2.45 0.6 0.162022 0.644223 
2.5 0.6 0.118753 0.665965 
2.55 0.6 0.0711389 0.680861 
2.6 0.6 0.0209026 0.688145 
2.65 0.6 -0.0301072 0.687415 
2.7 0.6 -0.0800034 0.678711 
2.75 0.6 -0.126954 0.662512 
2.8 0.6 -0.169267 0.639632 
2.85 0.6 -0.205459 0.61108 
2.9 0.6 -0.234298 0.577904 
2.95 0.6 -0.254825 0.541087 
3 0.6 -0.266361 0.501515 
3.05 0.6 -0.268501 0.460019 
3.1 0.6 -0.261119 0.417478 
3.15 0.6 -0.244373 0.374964 
3.2 0.6 -0.218721 0.333864 
3.25 0.6 -0.184941 0.295952 
3.3 0.6 -0.144147 0.263331 
3.35 0.6 -0.0977796 0.238226 
3.4 0.6 -0.0475738 0.222639 
3.45 0.6 0.00451838 0.217945 
3.5 0.6 0.0564312 0.224579 
3.55 0.6 0.10611 0.24193 
3.6 0.6 0.151633 0.268486 
3.65 0.6 0.191313 0.302181 
3.7 0.6 0.223763 0.340787 
3.75 0.6 0.247928 0.382247 
3.8 0.6 0.263085 0.424856 
3.85 0.6 0.268831 0.467287 
3.9 0.6 0.265057 0.508513 
3.95 0.6 0.251938 0.547671 
4 0.6 0.229924 0.583929 
4.05 0.6 0.199745 0.616384 
4.1 0.6 0.162407 0.644037 
4.15 0.6 0.119186 0.665838 
4.2 0.6 0.0716086 0.6808 
4.25 0.6 0.0213962 0.688153 
4.3 0.6 -0.0296008 0.687489 
4.35 0.6 -0.0794924 0.678842 
4.4 0.6 -0.126441 0.662682 
4.45 0.6 -0.168749 0.639821 
4.5 0.6 -0.204924 0.61126 
4.55 0.6 -0.233724 0.578047 
4.6 0.6 -0.25418 0.541163 
4.65 0.6 -0.265604 0.501497 
4.7 0.6 -0.267582 0.459886 
4.75 0.6 -0.259984 0.417221 
4.8 0.6 -0.242965 0.374593 
4.85 0.6 -0.216993 0.333417 
4.9 0.6 -0.182866 0.295498 
4.95 0.6 -0.141734 0.262969 
5 0.6 -0.0951053 0.238072 
0 0.65 -0.128419 0.242377 
0.05 0.65 -0.0864149 0.217233 
0.1 0.65 -0.0409823 0.201708 
0.15 0.65 0.00613186 0.197221 
0.2 0.65 0.0530508 0.204197 
0.25 0.65 0.0978964 0.221966 
0.3 0.65 0.138912 0.248918 
0.35 0.65 0.174559 0.282875 
0.4 0.65 0.203588 0.321507 
0.45 0.65 0.225056 0.362672 
0.5 0.65 0.238336 0.404601 
0.55 0.65 0.243091 0.445926 
0.6 0.65 0.239259 0.485604 
0.65 0.65 0.227029 0.522796 
0.7 0.65 0.206838 0.556747 
0.75 0.65 0.179367 0.586701 
0.8 0.65 0.145537 0.611868 
0.85 0.65 0.106502 0.631457 
0.9 0.65 0.0636268 0.644745 
0.95 0.65 0.0184422 0.651182 
1 0.65 -0.0274148 0.650483 
1.05 0.65 -0.0722755 0.642677 
1.1 0.65 -0.114517 0.628107 
1.15 0.65 -0.152636 0.607364 
1.2 0.65 -0.185305 0.58119 
1.25 0.65 -0.211412 0.550379 
1.3 0.65 -0.230077 0.515714 
1.35 0.65 -0.240666 0.477944 
1.4 0.65 -0.242784 0.437833 
1.45 0.65 -0.236286 0.396249 
1.5 0.65 -0.221282 0.354294 
1.55 0.65 -0.198159 0.313414 
1.6 0.65 -0.167602 0.275469 
1.65 0.65 -0.130611 0.242667 
1.7 0.65 -0.0884991 0.217352 
1.75 0.65 -0.0428573 0.201635 
1.8 0.65 0.00451257 0.196966 
1.85 0.65 0.0517005 0.203797 
1.9 0.65 0.0968083 0.22147 
1.95 0.65 0.138067 0.248379 
2 0.65 0.173934 0.282336 
2.05 0.65 0.203153 0.320999 
2.1 0.65 0.224786 0.362214 
2.15 0.65 0.238205 0.4042 
2.2 0.65 0.243076 0.445582 
2.25 0.65 0.23934 0.485314 
2.3 0.65 0.227189 0.522556 
2.35 0.65 0.207062 0.556555 
2.4 0.65 0.179641 0.586554 
2.45 0.65 0.145848 0.611768 
2.5 0.65 0.106839 0.631405 
2.55 0.65 0.0639778 0.644742 
2.6 0.65 0.0187951 0.65123 
2.65 0.65 -0.0270719 0.650581 
2.7 0.65 -0.0719538 0.642824 
2.75 0.65 -0.114227 0.628299 
2.8 0.65 -0.152388 0.607597 
2.85 0.65 -0.185107 0.581458 
2.9 0.65 -0.211269 0.550677 
2.95 0.65 -0.229997 0.516037 
3 0.65 -0.240651 0.478287 
3.05 0.65 -0.242836 0.43819 
3.1 0.65 -0.236406 0.396613 
3.15 0.65 -0.221468 0.354653 
3.2 0.65 -0.198406 0.313756 
3.25 0.65 -0.167904 0.275775 
3.3 0.65 -0.130958 0.242919 
3.35 0.65 -0.0888797 0.21753 
3.4 0.65 -0.0432571 0.201724 
3.45 0.65 0.00410907 0.196958 
3.5 0.65 0.0513094 0.203694 
3.55 0.65 0.0964449 0.221282 
3.6 0.65 0.137745 0.248123 
3.65 0.65 0.173665 0.282032 
3.7 0.65 0.202948 0.320667 
3.75 0.65 0.22465 0.36187 
3.8 0.65 0.238142 0.403857 
3.85 0.65 0.243089 0.445251 
3.9 0.65 0.239427 0.485002 
3.95 0.65 0.227348 0.522271 
4 0.65 0.207288 0.556302 
4.05 0.65 0.179927 0.58634 
4.1 0.65 0.146186 0.6116 
4.15 0.65 0.107218 0.631287 
4.2 0.65 0.0643866 0.644679 
4.25 0.65 0.0192231 0.65122 
4.3 0.65 -0.0266339 0.650619 
4.35 0.65 -0.0715119 0.642899 
4.4 0.65 -0.113783 0.628394 
4.45 0.65 -0.151935 0.60769 
4.5 0.65 -0.184632 0.581524 
4.55 0.65 -0.210751 0.550687 
4.6 0.65 -0.229402 0.515961 
4.65 0.65 -0.239938 0.478099 
4.7 0.65 -0.241957 0.43787 
4.75 0.65 -0.235307 0.396155 
4.8 0.65 -0.220096 0.354072 
4.85 0.65 -0.196719 0.313097 
4.9 0.65 -0.165879 0.275119 
4.95 0.65 -0.128611 0.242377 
5 0.65 -0.0862856 0.217233 
0 0.7 -0.110784 0.218568 
0.05 0.7 -0.0745463 0.194248 
0.1 0.7 -0.0353115 0.179225 
0.15 0.7 0.00539028 0.174904 
0.2 0.7 0.0459137 0.181704 
0.25 0.7 0.0846137 0.198952 
0.3 0.7 0.119956 0.22505 
0.35 0.7 0.150608 0.257837 
0.4 0.7 0.175492 0.295007 
0.45 0.7 0.193811 0.334446 
0.5 0.7 0.205045 0.374404 
0.55 0.7 0.208929 0.41353 
0.6 0.7 0.205437 0.450801 
0.65 0.7 0.194757 0.485414 
0.7 0.7 0.177287 0.516686 
0.75 0.7 0.153625 0.543981 
0.8 0.7 0.124571 0.566677 
0.85 0.7 0.0911146 0.58418 
0.9 0.7 0.0544152 0.595969 
0.95 0.7 0.0157684 0.601654 
1 0.7 -0.0234453 0.601036 
1.05 0.7 -0.0618191 0.594137 
1.1 0.7 -0.097984 0.581195 
1.15 0.7 -0.130667 0.562628 
1.2 0.7 -0.158737 0.538975 
1.25 0.7 -0.181238 0.510837 
1.3 0.7 -0.197407 0.478835 
1.35 0.7 -0.206681 0.443613 
1.4 0.7 -0.208698 0.405867 
1.45 0.7 -0.203307 0.366436 
1.5 0.7 -0.190576 0.326402 
1.55 0.7 -0.170811 0.287199 
1.6 0.7 -0.144585 0.250663 
1.65 0.7 -0.112748 0.21898 
1.7 0.7 -0.0764329 0.19447 
1.75 0.7 -0.037025 0.179228 
1.8 0.7 0.0038991 0.174697 
1.85 0.7 0.0446635 0.181326 
1.9 0.7 0.0836031 0.198461 
1.95 0.7 0.119171 0.224504 
2 0.7 0.150026 0.257286 
2.05 0.7 0.175088 0.294488 
2.1 0.7 0.19356 0.333979 
2.15 0.7 0.204921 0.373999 
2.2 0.7 0.208912 0.413188 
2.25 0.7 0.205506 0.450518 
2.3 0.7 0.194896 0.485185 
2.35 0.7 0.177482 0.516508 
2.4 0.7 0.153863 0.543851 
2.45 0.7 0.124841 0.566593 
2.5 0.7 0.0914063 0.584142 
2.55 0.7 0.0547181 0.595976 
2.6 0.7 0.0160723 0.601707 
2.65 0.7 -0.0231503 0.601134 
2.7 0.7 -0.0615425 0.594278 
2.75 0.7 -0.0977347 0.581376 
2.8 0.7 -0.130453 0.562846 
2.85 0.7 -0.158565 0.539227 
2.9 0.7 -0.181114 0.511118 
2.95 0.7 -0.197337 0.479142 
3 0.7 -0.206666 0.44394 
3.05 0.7 -0.208742 0.406209 
3.1 0.7 -0.203409 0.366785 
3.15 0.7 -0.190734 0.326749 
3.2 0.7 -0.171023 0.287529 
3.25 0.7 -0.144845 0.25096 
3.3 0.7 -0.113047 0.219224 
3.35 0.7 -0.0767615 0.194643 
3.4 0.7 -0.0373704 0.179315 
3.45 0.7 0.0035504 0.17469 
3.5 0.7 0.0443256 0.181227 
3.55 0.7 0.0832896 0.198279 
3.6 0.7 0.118894 0.224257 
3.65 0.7 0.149796 0.256994 
3.7 0.7 0.174912 0.29417 
3.75 0.7 0.193444 0.333652 
3.8 0.7 0.204868 0.373676 
3.85 0.7 0.208923 0.412878 
3.9 0.7 0.20558 0.450228 
3.95 0.7 0.195031 0.484923 
4 0.7 0.177672 0.516278 
4.05 0.7 0.154103 0.543657 
4.1 0.7 0.125123 0.566439 
4.15 0.7 0.0917206 0.584031 
4.2 0.7 0.0550557 0.595908 
4.25 0.7 0.0164242 0.601679 
4.3 0.7 -0.0227915 0.601139 
4.35 0.7 -0.0611814 0.594304 
4.4 0.7 -0.0973712 0.581407 
4.45 0.7 -0.130081 0.56286 
4.5 0.7 -0.158171 0.539198 
4.55 0.7 -0.180678 0.51102 
4.6 0.7 -0.196826 0.478947 
4.65 0.7 -0.206044 0.443623 
4.7 0.7 -0.207963 0.405753 
4.75 0.7 -0.202425 0.366187 
4.8 0.7 -0.189501 0.326028 
4.85 0.7 -0.169504 0.286734 
4.9 0.7 -0.143024 0.250176 
4.95 0.7 -0.110942 0.218568 
5 0.7 -0.0744393 0.194248 
0 0.75 -0.0896373 0.19087 
0.05 0.75 -0.0603241 0.168578 
0.1 0.75 -0.0285549 0.154812 
0.15 0.75 0.00441122 0.150868 
0.2 0.75 0.0372229 0.157132 
0.25 0.75 0.0685316 0.172975 
0.3 0.75 0.0970837 0.196916 
0.35 0.75 0.121796 0.226951 
0.4 0.75 0.1418 0.260946 
0.45 0.75 0.156465 0.296941 
0.5 0.75 0.165385 0.333311 
0.55 0.75 0.168369 0.368795 
0.6 0.75 0.165413 0.402438 
0.65 0.75 0.156688 0.433502 
0.7 0.75 0.142529 0.461381 
0.75 0.75 0.123427 0.485538 
0.8 0.75 0.10003 0.50548 
0.85 0.75 0.0731343 0.52076 
0.9 0.75 0.0436645 0.530998 
0.95 0.75 0.0126504 0.53592 
1 0.75 -0.0188129 0.535385 
1.05 0.75 -0.0496107 0.529409 
1.1 0.75 -0.0786567 0.518158 
1.15 0.75 -0.104938 0.501929 
1.2 0.75 -0.127551 0.481115 
1.25 0.75 -0.145727 0.456174 
1.3 0.75 -0.158846 0.427603 
1.35 0.75 -0.166442 0.395949 
1.4 0.75 -0.16821 0.361839 
1.45 0.75 -0.164007 0.326047 
1.5 0.75 -0.153868 0.289583 
1.55 0.75 -0.138023 0.253785 
1.6 0.75 -0.116917 0.220359 
1.65 0.75 -0.0912293 0.191332 
1.7 0.75 -0.0618741 0.168855 
1.75 0.75 -0.029981 0.154867 
1.8 0.75 0.00315772 0.150708 
1.85 0.75 0.0361652 0.156793 
1.9 0.75 0.0676737 0.172517 
1.95 0.75 0.0964165 0.196397 
2 0.75 0.121302 0.226424 
2.05 0.75 0.141459 0.260449 
2.1 0.75 0.156253 0.296495 
2.15 0.75 0.165282 0.332926 
2.2 0.75 0.168354 0.368472 
2.25 0.75 0.16547 0.402174 
2.3 0.75 0.156803 0.433293 
2.35 0.75 0.142688 0.461222 
2.4 0.75 0.123621 0.485425 
2.45 0.75 0.10025 0.505411 
2.5 0.75 0.073371 0.520733 
2.55 0.75 0.0439095 0.531012 
2.6 0.75 0.0128958 0.535974 
2.65 0.75 -0.018575 0.535478 
2.7 0.75 -0.0493878 0.52954 
2.75 0.75 -0.0784557 0.518325 
2.8 0.75 -0.104765 0.502129 
2.85 0.75 -0.127413 0.481345 
2.9 0.75 -0.145627 0.45643 
2.95 0.75 -0.158788 0.427883 
3 0.75 -0.166429 0.396249 
3.05 0.75 -0.168244 0.362153 
3.1 0.75 -0.164088 0.326368 
3.15 0.75 -0.153995 0.289902 
3.2 0.75 -0.138194 0.254089 
3.25 0.75 -0.117127 0.220632 
3.3 0.75 -0.0914712 0.191558 
3.35 0.75 -0.0621399 0.169015 
3.4 0.75 -0.0302607 0.154948 
3.45 0.75 0.00287529 0.150702 
3.5 0.75 0.0358916 0.156702 
3.55 0.75 0.06742 0.172351 
3.6 0.75 0.0961926 0.196172 
3.65 0.75 0.121116 0.226157 
3.7 0.75 0.141317 0.260159 
3.75 0.75 0.15616 0.296198 
3.8 0.75 0.165239 0.332633 
3.85 0.75 0.168363 0.368192 
3.9 0.75 0.165529 0.401915 
3.95 0.75 0.156909 0.433059 
4 0.75 0.142839 0.461017 
4.05 0.75 0.12381 0.485253 
4.1 0.75 0.10047 0.505273 
4.15 0.75 0.0736155 0.52063 
4.2 0.75 0.0441709 0.530943 
4.25 0.75 0.0131667 0.535933 
4.3 0.75 -0.0183004 0.535459 
4.35 0.75 -0.0491126 0.529529 
4.4 0.75 -0.0781794 0.518307 
4.45 0.75 -0.104482 0.502084 
4.5 0.75 -0.127111 0.481251 
4.55 0.75 -0.145288 0.456261 
4.6 0.75 -0.158385 0.427615 
4.65 0.75 -0.16593 0.39586 
4.7 0.75 -0.167611 0.361629 
4.75 0.75 -0.163282 0.32571 
4.8 0.75 -0.15298 0.289131 
4.85 0.75 -0.136943 0.253254 
4.9 0.75 -0.115633 0.219817 
4.95 0.75 -0.0897513 0.19087 
5 0.75 -0.0602472 0.168578 
0 0.8 -0.0664274 0.159062 
0.05 0.8 -0.0447119 0.139981 
0.1 0.8 -0.0211582 0.128207 
0.15 0.8 0.00328386 0.124845 
0.2 0.8 0.0276007 0.13022 
0.25 0.8 0.0507827 0.143792 
0.3 0.8 0.0718942 0.164292 
0.35 0.8 0.0901303 0.190007 
0.4 0.8 0.104853 0.219105 
0.45 0.8 0.115603 0.249899 
0.5 0.8 0.122095 0.280984 
0.55 0.8 0.124199 0.311264 
0.6 0.8 0.121928 0.339905 
0.65 0.8 0.115417 0.366268 
0.7 0.8 0.104923 0.389835 
0.75 0.8 0.0908131 0.410167 
0.8 0.8 0.0735671 0.426878 
0.85 0.8 0.0537688 0.439629 
0.9 0.8 0.0320951 0.448146 
0.95 0.8 0.00929697 0.452231 
1 0.8 -0.0138282 0.451787 
1.05 0.8 -0.036469 0.446825 
1.1 0.8 -0.0578342 0.43746 
1.15 0.8 -0.0771847 0.423905 
1.2 0.8 -0.0938593 0.406449 
1.25 0.8 -0.107292 0.385436 
1.3 0.8 -0.117024 0.361263 
1.35 0.8 -0.122706 0.334379 
1.4 0.8 -0.124102 0.305322 
1.45 0.8 -0.121096 0.274765 
1.5 0.8 -0.1137 0.24359 
1.55 0.8 -0.102069 0.212959 
1.6 0.8 -0.0865219 0.184349 
1.65 0.8 -0.0675522 0.159501 
1.7 0.8 -0.0458364 0.140261 
1.75 0.8 -0.0222161 0.128288 
1.8 0.8 0.00234014 0.124728 
1.85 0.8 0.0267977 0.129937 
1.9 0.8 0.0501292 0.143396 
1.95 0.8 0.0713859 0.163837 
2 0.8 0.0897552 0.189541 
2.05 0.8 0.104595 0.218664 
2.1 0.8 0.115445 0.249504 
2.15 0.8 0.122019 0.280644 
2.2 0.8 0.12419 0.310981 
2.25 0.8 0.121972 0.339676 
2.3 0.8 0.115504 0.366088 
2.35 0.8 0.105043 0.389701 
2.4 0.8 0.0909589 0.410074 
2.45 0.8 0.0737311 0.426824 
2.5 0.8 0.0539445 0.439612 
2.55 0.8 0.0322766 0.448163 
2.6 0.8 0.00947832 0.452282 
2.65 0.8 -0.0136526 0.451871 
2.7 0.8 -0.0363045 0.44694 
2.75 0.8 -0.0576859 0.437605 
2.8 0.8 -0.0770572 0.424078 
2.85 0.8 -0.0937566 0.406646 
2.9 0.8 -0.107218 0.385657 
2.95 0.8 -0.116981 0.361503 
3 0.8 -0.122695 0.334637 
3.05 0.8 -0.124126 0.305592 
3.1 0.8 -0.121155 0.275041 
3.15 0.8 -0.113793 0.243864 
3.2 0.8 -0.102195 0.213221 
3.25 0.8 -0.0866763 0.184584 
3.3 0.8 -0.067731 0.159695 
3.35 0.8 -0.0460332 0.140398 
3.4 0.8 -0.0224233 0.128358 
3.45 0.8 0.00213084 0.124723 
3.5 0.8 0.026595 0.12986 
3.55 0.8 0.0499414 0.143254 
3.6 0.8 0.0712204 0.163645 
3.65 0.8 0.089618 0.189314 
3.7 0.8 0.104491 0.218416 
3.75 0.8 0.115376 0.24925 
3.8 0.8 0.121988 0.280394 
3.85 0.8 0.124197 0.310743 
3.9 0.8 0.122015 0.339456 
3.95 0.8 0.115582 0.36589 
4 0.8 0.105152 0.389527 
4.05 0.8 0.0910945 0.409928 
4.1 0.8 0.0738889 0.426705 
4.15 0.8 0.0541189 0.439521 
4.2 0.8 0.0324618 0.448097 
4.25 0.8 0.00966907 0.452236 
4.3 0.8 -0.0134606 0.451837 
4.35 0.8 -0.0361135 0.446907 
4.4 0.8 -0.0574952 0.43756 
4.45 0.8 -0.0768622 0.424003 
4.5 0.8 -0.0935479 0.406522 
4.55 0.8 -0.106981 0.385461 
4.6 0.8 -0.116695 0.361217 
4.65 0.8 -0.122336 0.334241 
4.7 0.8 -0.123664 0.305078 
4.75 0.8 -0.120562 0.27441 
4.8 0.8 -0.113044 0.24314 
4.85 0.8 -0.101273 0.212448 
4.9 0.8 -0.0855822 0.183835 
4.95 0.8 -0.0664846 0.159062 
5 0.8 -0.044673 0.139981 
0 0.85 -0.0430824 0.123349 
0.05 0.85 -0.0289961 0.108462 
0.1 0.85 -0.0137184 0.0992917 
0.15 0.85 0.00212578 0.0966801 
0.2 0.85 0.017877 0.100873 
0.25 0.85 0.0328779 0.111455 
0.3 0.85 0.0465194 0.127446 
0.35 0.85 0.0582799 0.14752 
0.4 0.85 0.06775 0.170254 
0.45 0.85 0.0746391 0.19433 
0.5 0.85 0.0787708 0.218639 
0.55 0.85 0.080071 0.242312 
0.6 0.85 0.0785548 0.264684 
0.65 0.85 0.0743171 0.285244 
0.7 0.85 0.0675262 0.303586 
0.75 0.85 0.0584215 0.319373 
0.8 0.85 0.0473116 0.332315 
0.85 0.85 0.0345708 0.342167 
0.9 0.85 0.0206323 0.348735 
0.95 0.85 0.00597583 0.351881 
1 0.85 -0.00888948 0.35154 
1.05 0.85 -0.0234456 0.347716 
1.1 0.85 -0.0371873 0.340492 
1.15 0.85 -0.0496424 0.330014 
1.2 0.85 -0.0603874 0.316487 
1.25 0.85 -0.0690596 0.300163 
1.3 0.85 -0.0753623 0.28134 
1.35 0.85 -0.0790682 0.260365 
1.4 0.85 -0.0800212 0.237662 
1.45 0.85 -0.0781394 0.213769 
1.5 0.85 -0.073422 0.189389 
1.55 0.85 -0.0659605 0.165444 
1.6 0.85 -0.055952 0.143095 
1.65 0.85 -0.0437109 0.123704 
1.7 0.85 -0.0296729 0.108703 
1.75 0.85 -0.014386 0.0993755 
1.8 0.85 0.00151547 0.0966028 
1.85 0.85 0.0173521 0.10066 
1.9 0.85 0.0324495 0.111147 
1.95 0.85 0.0461867 0.127087 
2 0.85 0.0580356 0.14715 
2.05 0.85 0.0675833 0.169903 
2.1 0.85 0.0745381 0.194014 
2.15 0.85 0.078724 0.218367 
2.2 0.85 0.0800678 0.242086 
2.25 0.85 0.0785864 0.264502 
2.3 0.85 0.0743759 0.285103 
2.35 0.85 0.067606 0.303482 
2.4 0.85 0.0585172 0.319302 
2.45 0.85 0.0474185 0.332275 
2.5 0.85 0.0346849 0.342156 
2.55 0.85 0.0207497 0.348751 
2.6 0.85 0.00609291 0.351924 
2.65 0.85 -0.00877627 0.351608 
2.7 0.85 -0.0233396 0.347809 
2.75 0.85 -0.0370918 0.340607 
2.8 0.85 -0.0495602 0.33015 
2.85 0.85 -0.0603211 0.316643 
2.9 0.85 -0.0690114 0.300337 
2.95 0.85 -0.0753339 0.28153 
3 0.85 -0.0790611 0.260568 
3.05 0.85 -0.0800362 0.237874 
3.1 0.85 -0.0781768 0.213986 
3.15 0.85 -0.0734815 0.189604 
3.2 0.85 -0.0660411 0.165649 
3.25 0.85 -0.0560516 0.143279 
3.3 0.85 -0.0438263 0.123856 
3.35 0.85 -0.0298002 0.10881 
3.4 0.85 -0.0145202 0.0994296 
3.45 0.85 0.00137995 0.0965992 
3.5 0.85 0.017221 0.1006 
3.55 0.85 0.032328 0.111036 
3.6 0.85 0.0460798 0.126937 
3.65 0.85 0.0579472 0.146973 
3.7 0.85 0.0675162 0.169709 
3.75 0.85 0.0744941 0.193815 
3.8 0.85 0.078704 0.218172 
3.85 0.85 0.0800719 0.241901 
3.9 0.85 0.0786137 0.26433 
3.95 0.85 0.074425 0.284948 
4 0.85 0.0676748 0.303347 
4.05 0.85 0.0586027 0.319187 
4.1 0.85 0.0475176 0.332181 
4.15 0.85 0.0347938 0.342082 
4.2 0.85 0.0208647 0.348695 
4.25 0.85 0.00621036 0.351881 
4.3 0.85 -0.00865914 0.351571 
4.35 0.85 -0.0232243 0.34777 
4.4 0.85 -0.0369778 0.340555 
4.45 0.85 -0.0494443 0.330071 
4.5 0.85 -0.0601972 0.316521 
4.55 0.85 -0.0688695 0.300157 
4.6 0.85 -0.0751607 0.281274 
4.65 0.85 -0.0788397 0.260225 
4.7 0.85 -0.0797477 0.237438 
4.75 0.85 -0.0778024 0.213459 
4.8 0.85 -0.0730062 0.189008 
4.85 0.85 -0.0654584 0.165023 
4.9 0.85 -0.0553699 0.142679 
4.95 0.85 -0.0430712 0.123349 
5 0.85 -0.0290033 0.108462 
0 0.9 -0.022078 0.0843123 
0.05 0.9 -0.0148317 0.0742564 
0.1 0.9 -0.0070098 0.0680784 
0.15 0.9 0.00107948 0.0663237 
0.2 0.9 0.00910976 0.0691503 
0.25 0.9 0.0167481 0.0762833 
0.3 0.9 0.0236833 0.0870747 
0.35 0.9 0.0296499 0.100644 
0.4 0.9 0.0344414 0.116038 
0.45 0.9 0.0379139 0.132367 
0.5 0.9 0.0399827 0.148875 
0.55 0.9 0.0406149 0.164961 
0.6 0.9 0.0398221 0.180164 
0.65 0.9 0.0376553 0.194129 
0.7 0.9 0.034201 0.206577 
0.75 0.9 0.0295807 0.217277 
0.8 0.9 0.0239501 0.226038 
0.85 0.9 0.0174979 0.232698 
0.9 0.9 0.010442 0.237134 
0.95 0.9 0.00302415 0.239258 
1 0.9 -0.00449898 0.239027 
1.05 0.9 -0.0118663 0.236446 
1.1 0.9 -0.0188232 0.231566 
1.15 0.9 -0.0251317 0.22448 
1.2 0.9 -0.0305787 0.215321 
1.25 0.9 -0.0349813 0.204254 
1.3 0.9 -0.0381899 0.191476 
1.35 0.9 -0.0400887 0.177227 
1.4 0.9 -0.040597 0.161798 
1.45 0.9 -0.0396701 0.145563 
1.5 0.9 -0.0373035 0.129011 
1.55 0.9 -0.0335387 0.112776 
1.6 0.9 -0.0284709 0.0976488 
1.65 0.9 -0.0222567 0.0845478 
1.7 0.9 -0.0151165 0.0744298 
1.75 0.9 -0.00733114 0.0681466 
1.8 0.9 0.000772335 0.0662802 
1.85 0.9 0.00884225 0.0690114 
1.9 0.9 0.0165296 0.076077 
1.95 0.9 0.0235146 0.0868319 
2 0.9 0.0295271 0.100392 
2.05 0.9 0.0343587 0.115797 
2.1 0.9 0.037865 0.13215 
2.15 0.9 0.0399613 0.148688 
2.2 0.9 0.0406155 0.164806 
2.25 0.9 0.0398401 0.180039 
2.3 0.9 0.0376867 0.194033 
2.35 0.9 0.0342427 0.206506 
2.4 0.9 0.0296301 0.21723 
2.45 0.9 0.024005 0.226011 
2.5 0.9 0.0175561 0.232692 
2.55 0.9 0.0105017 0.237147 
2.6 0.9 0.00308357 0.239288 
2.65 0.9 -0.00444159 0.239075 
2.7 0.9 -0.0118126 0.23651 
2.75 0.9 -0.0187748 0.231645 
2.8 0.9 -0.02509 0.224574 
2.85 0.9 -0.030545 0.215428 
2.9 0.9 -0.0349568 0.204373 
2.95 0.9 -0.0381753 0.191606 
3 0.9 -0.0400848 0.177366 
3.05 0.9 -0.0406043 0.161943 
3.1 0.9 -0.0396888 0.145711 
3.15 0.9 -0.0373335 0.129158 
3.2 0.9 -0.0335794 0.112915 
3.25 0.9 -0.0285214 0.0977735 
3.3 0.9 -0.0223153 0.0846502 
3.35 0.9 -0.0151813 0.0745023 
3.4 0.9 -0.00739947 0.0681832 
3.45 0.9 0.000703288 0.0662779 
3.5 0.9 0.00877543 0.068971 
3.55 0.9 0.0164678 0.0760026 
3.6 0.9 0.0234603 0.0867306 
3.65 0.9 0.0294823 0.100272 
3.7 0.9 0.0343248 0.115667 
3.75 0.9 0.0378428 0.132016 
3.8 0.9 0.0399513 0.148555 
3.85 0.9 0.0406176 0.164679 
3.9 0.9 0.0398539 0.179922 
3.95 0.9 0.0377113 0.193928 
4 0.9 0.0342771 0.206414 
4.05 0.9 0.0296727 0.217151 
4.1 0.9 0.0240541 0.225947 
4.15 0.9 0.0176098 0.232641 
4.2 0.9 0.010558 0.237106 
4.25 0.9 0.00314057 0.239256 
4.3 0.9 -0.00438542 0.239045 
4.35 0.9 -0.0117581 0.236478 
4.4 0.9 -0.0187217 0.231602 
4.45 0.9 -0.0250368 0.224511 
4.5 0.9 -0.0304885 0.215335 
4.55 0.9 -0.0348917 0.204238 
4.6 0.9 -0.0380947 0.19142 
4.65 0.9 -0.0399799 0.177119 
4.7 0.9 -0.040465 0.161633 
4.75 0.9 -0.0395055 0.145343 
4.8 0.9 -0.0370992 0.128746 
4.85 0.9 -0.0332939 0.112489 
4.9 0.9 -0.0281978 0.0973709 
4.95 0.9 -0.0219869 0.0843123 
5 0.9 -0.0148928 0.0742564 
0 0.95 -0.00652255 0.0428288 
0.05 0.95 -0.00430051 0.037831 
0.1 0.95 -0.00201924 0.0347761 
0.15 0.95 0.000308735 0.0339106 
0.2 0.95 0.00261203 0.0353092 
0.25 0.95 0.00479941 0.0388399 
0.3 0.95 0.00678171 0.0441906 
0.35 0.95 0.00848276 0.0509336 
0.4 0.95 0.00984425 0.0586024 
0.45 0.95 0.0108266 0.0667553 
0.5 0.95 0.0114074 0.0750131 
0.55 0.95 0.0115791 0.0830713 
0.6 0.95 0.0113462 0.0906937 
0.65 0.95 0.0107239 0.0976979 
0.7 0.95 0.00973715 0.103941 
0.75 0.95 0.0084201 0.109305 
0.8 0.95 0.00681666 0.113695 
0.85 0.95 0.00497998 0.117031 
0.9 0.95 0.0029718 0.119252 
0.95 0.95 0.000860674 0.120315 
1 0.95 -0.00128042 0.1202 
1.05 0.95 -0.00337721 0.118908 
1.1 0.95 -0.00535731 0.116464 
1.15 0.95 -0.00715324 0.112915 
1.2 0.95 -0.00870475 0.108324 
1.25 0.95 -0.00996028 0.102775 
1.3 0.95 -0.0108776 0.0963666 
1.35 0.95 -0.0114241 0.08922 
1.4 0.95 -0.0115765 0.0814853 
1.45 0.95 -0.0113212 0.0733546 
1.5 0.95 -0.0106555 0.0650775 
1.55 0.95 -0.00958932 0.0569754 
1.6 0.95 -0.00814813 0.049444 
1.65 0.95 -0.00637514 0.0429375 
1.7 0.95 -0.00433288 0.0379236 
1.75 0.95 -0.00210224 0.0348152 
1.8 0.95 0.000221483 0.0338926 
1.85 0.95 0.00253538 0.0352428 
1.9 0.95 0.00473735 0.0387392 
1.95 0.95 0.00673439 0.0440708 
2 0.95 0.00844887 0.0508083 
2.05 0.95 0.00982194 0.0584819 
2.1 0.95 0.0108139 0.0666462 
2.15 0.95 0.0114024 0.0749187 
2.2 0.95 0.0115802 0.0829927 
2.25 0.95 0.0113521 0.0906304 
2.3 0.95 0.0107335 0.097649 
2.35 0.95 0.00974947 0.103905 
2.4 0.95 0.00843447 0.109281 
2.45 0.95 0.00683245 0.113682 
2.5 0.95 0.00499666 0.117028 
2.55 0.95 0.00298885 0.119259 
2.6 0.95 0.000877603 0.120331 
2.65 0.95 -0.0012641 0.120224 
2.7 0.95 -0.00336195 0.11894 
2.75 0.95 -0.00534355 0.116504 
2.8 0.95 -0.00714138 0.112962 
2.85 0.95 -0.00869515 0.108378 
2.9 0.95 -0.00995325 0.102835 
2.95 0.95 -0.0108734 0.096432 
3 0.95 -0.011423 0.0892898 
3.05 0.95 -0.0115785 0.0815582 
3.1 0.95 -0.0113264 0.0734288 
3.15 0.95 -0.0106639 0.0651508 
3.2 0.95 -0.00960085 0.0570448 
3.25 0.95 -0.00816247 0.0495061 
3.3 0.95 -0.00639187 0.0429884 
3.35 0.95 -0.0043514 0.0379596 
3.4 0.95 -0.00212181 0.0348334 
3.45 0.95 0.000201692 0.0338916 
3.5 0.95 0.00251623 0.0352229 
3.55 0.95 0.00471967 0.0387025 
3.6 0.95 0.00671888 0.0440206 
3.65 0.95 0.00843611 0.0507487 
3.7 0.95 0.0098123 0.0584168 
3.75 0.95 0.0108076 0.066579 
3.8 0.95 0.0113996 0.0748524 
3.85 0.95 0.0115808 0.0829294 
3.9 0.95 0.011356 0.0905718 
3.95 0.95 0.0107405 0.0975961 
4 0.95 0.00975916 0.103858 
4.05 0.95 0.00844645 0.109242 
4.1 0.95 0.00684621 0.113649 
4.15 0.95 0.00501162 0.117002 
4.2 0.95 0.00300441 0.119237 
4.25 0.95 0.000893185 0.120313 
4.3 0.95 -0.00124897 0.120208 
4.35 0.95 -0.00334755 0.118922 
4.4 0.95 -0.00532987 0.11648 
4.45 0.95 -0.00712802 0.112928 
4.5 0.95 -0.00868119 0.108328 
4.55 0.95 -0.00993721 0.102764 
4.6 0.95 -0.0108533 0.0963351 
4.65 0.95 -0.011396 0.0891631 
4.7 0.95 -0.0115417 0.0814004 
4.75 0.95 -0.0112768 0.0732428 
4.8 0.95 -0.0105995 0.0649452 
4.85 0.95 -0.00952259 0.0568345 
4.9 0.95 -0.00808026 0.0493117 
4.95 0.95 -0.00633992 0.0428288 
5 0.95 -0.00442394 0.037831 
0 1 0 0 
0.05 1 0 0 
0.1 1 0 0 
0.15 1 0 0 
0.2 1 0 0 
0.25 1 0 0 
0.3 1 0 0 
0.35 1 0 0 
0.4 1 0 0 
0.45 1 0 0 
0.5 1 0 0 
0.55 1 0 0 
0.6 1 0 0 
0.65 1 0 0 
0.7 1 0 0 
0.75 1 0 0 
0.8 1 0 0 
0.85 1 0 0 
0.9 1 0 0 
0.95 1 0 0 
1 1 0 0 
1.05 1 0 0 
1.1 1 0 0 
1.15 1 0 0 
1.2 1 0 0 
1.25 1 0 0 
1.3 1 0 0 
1.35 1 0 0 
1.4 1 0 0 
1.45 1 0 0 
1.5 1 0 0 
1.55 1 0 0 
1.6 1 0 0 
1.65 1 0 0 
1.7 1 0 0 
1.75 1 0 0 
1.8 1 0 0 
1.85 1 0 0 
1.9 1 0 0 
1.95 1 0 0 
2 1 0 0 
2.05 1 0 0 
2.1 1 0 0 
2.15 1 0 0 
2.2 1 0 0 
2.25 1 0 0 
2.3 1 0 0 
2.35 1 0 0 
2.4 1 0 0 
2.45 1 0 0 
2.5 1 0 0 
2.55 1 0 0 
2.6 1 0 0 
2.65 1 0 0 
2.7 1 0 0 
2.75 1 0 0 
2.8 1 0 0 
2.85 1 0 0 
2.9 1 0 0 
2.95 1 0 0 
3 1 0 0 
3.05 1 0 0 
3.1 1 0 0 
3.15 1 0 0 
3.2 1 0 0 
3.25 1 0 0 
3.3 1 0 0 
3.35 1 0 0 
3.4 1 0 0 
3.45 1 0 0 
3.5 1 0 0 
3.55 1 0 0 
3.6 1 0 0 
3.65 1 0 0 
3.7 1 0 0 
3.75 1 0 0 
3.8 1 0 0 
3.85 1 0 0 
3.9 1 0 0 
3.95 1 0 0 
4 1 0 0 
4.05 1 0 0 
4.1 1 0 0 
4.15 1 0 0 
4.2 1 0 0 
4.25 1 0 0 
4.3 1 0 0 
4.35 1 0 0 
4.4 1 0 0 
4.45 1 0 0 
4.5 1 0 0 
4.55 1 0 0 
4.6 1 0 0 
4.65 1 0 0 
4.7 1 0 0 
4.75 1 0 0 
4.8 1 0 0 
4.85 1 0 0 
4.9 1 0 0 
4.95 1 0 0 
5 1 0 0 
