x, y, ksi, T
#iter= 2020000
0 0 0 1 
0.05 0 0 1 
0.1 0 0 1 
0.15 0 0 1 
0.2 0 0 1 
0.25 0 0 1 
0.3 0 0 1 
0.35 0 0 1 
0.4 0 0 1 
0.45 0 0 1 
0.5 0 0 1 
0.55 0 0 1 
0.6 0 0 1 
0.65 0 0 1 
0.7 0 0 1 
0.75 0 0 1 
0.8 0 0 1 
0.85 0 0 1 
0.9 0 0 1 
0.95 0 0 1 
1 0 0 1 
1.05 0 0 1 
1.1 0 0 1 
1.15 0 0 1 
1.2 0 0 1 
1.25 0 0 1 
1.3 0 0 1 
1.35 0 0 1 
1.4 0 0 1 
1.45 0 0 1 
1.5 0 0 1 
1.55 0 0 1 
1.6 0 0 1 
1.65 0 0 1 
1.7 0 0 1 
1.75 0 0 1 
1.8 0 0 1 
1.85 0 0 1 
1.9 0 0 1 
1.95 0 0 1 
2 0 0 1 
2.05 0 0 1 
2.1 0 0 1 
2.15 0 0 1 
2.2 0 0 1 
2.25 0 0 1 
2.3 0 0 1 
2.35 0 0 1 
2.4 0 0 1 
2.45 0 0 1 
2.5 0 0 1 
2.55 0 0 1 
2.6 0 0 1 
2.65 0 0 1 
2.7 0 0 1 
2.75 0 0 1 
2.8 0 0 1 
2.85 0 0 1 
2.9 0 0 1 
2.95 0 0 1 
3 0 0 1 
3.05 0 0 1 
3.1 0 0 1 
3.15 0 0 1 
3.2 0 0 1 
3.25 0 0 1 
3.3 0 0 1 
3.35 0 0 1 
3.4 0 0 1 
3.45 0 0 1 
3.5 0 0 1 
3.55 0 0 1 
3.6 0 0 1 
3.65 0 0 1 
3.7 0 0 1 
3.75 0 0 1 
3.8 0 0 1 
3.85 0 0 1 
3.9 0 0 1 
3.95 0 0 1 
4 0 0 1 
4.05 0 0 1 
4.1 0 0 1 
4.15 0 0 1 
4.2 0 0 1 
4.25 0 0 1 
4.3 0 0 1 
4.35 0 0 1 
4.4 0 0 1 
4.45 0 0 1 
4.5 0 0 1 
4.55 0 0 1 
4.6 0 0 1 
4.65 0 0 1 
4.7 0 0 1 
4.75 0 0 1 
4.8 0 0 1 
4.85 0 0 1 
4.9 0 0 1 
4.95 0 0 1 
5 0 0 1 
0 0.05 -0.00642336 0.884625 
0.05 0.05 -0.0043263 0.881642 
0.1 0.05 -0.00213893 0.87991 
0.15 0.05 7.26128e-05 0.879406 
0.2 0.05 0.00225027 0.880112 
0.25 0.05 0.00433018 0.882001 
0.3 0.05 0.00624775 0.885027 
0.35 0.05 0.00794243 0.889132 
0.4 0.05 0.00936056 0.894237 
0.45 0.05 0.0104569 0.900251 
0.5 0.05 0.0111952 0.907064 
0.55 0.05 0.0115482 0.914542 
0.6 0.05 0.0114981 0.922516 
0.65 0.05 0.0110369 0.930766 
0.7 0.05 0.0101681 0.939008 
0.75 0.05 0.00890943 0.946884 
0.8 0.05 0.00729493 0.953965 
0.85 0.05 0.00537757 0.959782 
0.9 0.05 0.00322946 0.963887 
0.95 0.05 0.000939444 0.965923 
1 0.05 -0.00139235 0.965702 
1.05 0.05 -0.00366233 0.963245 
1.1 0.05 -0.00577199 0.958779 
1.15 0.05 -0.00763546 0.952683 
1.2 0.05 -0.00918431 0.945417 
1.25 0.05 -0.0103694 0.937444 
1.3 0.05 -0.0111601 0.929183 
1.35 0.05 -0.011542 0.920976 
1.4 0.05 -0.0115141 0.913096 
1.45 0.05 -0.0110869 0.90575 
1.5 0.05 -0.0102805 0.899099 
1.55 0.05 -0.00912487 0.893273 
1.6 0.05 -0.0076592 0.888377 
1.65 0.05 -0.0059322 0.884498 
1.7 0.05 -0.00400155 0.881708 
1.75 0.05 -0.00193273 0.880057 
1.8 0.05 0.000203113 0.879578 
1.85 0.05 0.00233192 0.88028 
1.9 0.05 0.00437994 0.882149 
1.95 0.05 0.0062769 0.885149 
2 0.05 0.00795867 0.889226 
2.05 0.05 0.00936922 0.894304 
2.1 0.05 0.0104616 0.900295 
2.15 0.05 0.0111984 0.907087 
2.2 0.05 0.0115516 0.914547 
2.25 0.05 0.0115026 0.922507 
2.3 0.05 0.0110432 0.930746 
2.35 0.05 0.0101766 0.938982 
2.4 0.05 0.00892006 0.946856 
2.45 0.05 0.00730758 0.953938 
2.5 0.05 0.00539192 0.959762 
2.55 0.05 0.00324499 0.963877 
2.6 0.05 0.000955524 0.965926 
2.65 0.05 -0.00137643 0.965719 
2.7 0.05 -0.00364727 0.963276 
2.75 0.05 -0.00575846 0.958822 
2.8 0.05 -0.00762401 0.952735 
2.85 0.05 -0.00917538 0.945475 
2.9 0.05 -0.0103633 0.937505 
2.95 0.05 -0.011157 0.929244 
3 0.05 -0.011542 0.921036 
3.05 0.05 -0.0115172 0.913153 
3.1 0.05 -0.011093 0.905802 
3.15 0.05 -0.0102895 0.899145 
3.2 0.05 -0.00913642 0.893312 
3.25 0.05 -0.00767303 0.888409 
3.3 0.05 -0.00594789 0.884522 
3.35 0.05 -0.00401861 0.881722 
3.4 0.05 -0.0019506 0.880062 
3.45 0.05 0.000185027 0.879573 
3.5 0.05 0.00231424 0.880265 
3.55 0.05 0.00436329 0.882124 
3.6 0.05 0.00626186 0.885115 
3.65 0.05 0.00794578 0.889182 
3.7 0.05 0.00935895 0.894252 
3.75 0.05 0.0104544 0.900235 
3.8 0.05 0.0111945 0.90702 
3.85 0.05 0.0115514 0.914474 
3.9 0.05 0.0115063 0.92243 
3.95 0.05 0.011051 0.930667 
4 0.05 0.0101884 0.938905 
4.05 0.05 0.00893591 0.946785 
4.1 0.05 0.00732717 0.953879 
4.15 0.05 0.00541478 0.95972 
4.2 0.05 0.00327045 0.963859 
4.25 0.05 0.000982697 0.965936 
4.3 0.05 -0.00134855 0.965762 
4.35 0.05 -0.0036198 0.963352 
4.4 0.05 -0.00573255 0.958931 
4.45 0.05 -0.00760084 0.952875 
4.5 0.05 -0.00915623 0.945643 
4.55 0.05 -0.0103497 0.937699 
4.6 0.05 -0.011151 0.929461 
4.65 0.05 -0.0115465 0.921272 
4.7 0.05 -0.0115367 0.913404 
4.75 0.05 -0.0111339 0.906063 
4.8 0.05 -0.010362 0.899407 
4.85 0.05 -0.009256 0.893557 
4.9 0.05 -0.00786378 0.888608 
4.95 0.05 -0.00624511 0.884625 
5 0.05 -0.00444761 0.881642 
0 0.1 -0.0216708 0.770585 
0.05 0.1 -0.0148082 0.764728 
0.1 0.1 -0.00735421 0.761258 
0.15 0.1 0.000321397 0.760232 
0.2 0.1 0.00793341 0.761631 
0.25 0.1 0.015224 0.765395 
0.3 0.1 0.021953 0.771433 
0.35 0.1 0.0279012 0.779619 
0.4 0.1 0.0328764 0.7898 
0.45 0.1 0.0367166 0.80179 
0.5 0.1 0.0392928 0.815372 
0.55 0.1 0.0405091 0.830282 
0.6 0.1 0.0403044 0.846193 
0.65 0.1 0.0386549 0.862676 
0.7 0.1 0.0355789 0.879174 
0.75 0.1 0.0311445 0.894974 
0.8 0.1 0.0254774 0.909213 
0.85 0.1 0.0187664 0.92094 
0.9 0.1 0.0112636 0.92923 
0.95 0.1 0.00327537 0.933347 
1 0.1 -0.00485555 0.9329 
1.05 0.1 -0.0127753 0.927933 
1.1 0.1 -0.0201465 0.918914 
1.15 0.1 -0.0266723 0.906631 
1.2 0.1 -0.0321126 0.892025 
1.25 0.1 -0.0362914 0.876038 
1.3 0.1 -0.0390951 0.859508 
1.35 0.1 -0.0404666 0.843115 
1.4 0.1 -0.0403969 0.827392 
1.45 0.1 -0.0389189 0.812743 
1.5 0.1 -0.0361024 0.799484 
1.55 0.1 -0.0320524 0.787865 
1.6 0.1 -0.0269082 0.778098 
1.65 0.1 -0.0208425 0.770356 
1.7 0.1 -0.0140597 0.764784 
1.75 0.1 -0.00679078 0.761487 
1.8 0.1 0.000713774 0.760529 
1.85 0.1 0.00819359 0.761931 
1.9 0.1 0.0153894 0.765664 
1.95 0.1 0.0220536 0.771656 
2 0.1 0.0279599 0.779791 
2.05 0.1 0.0329097 0.789922 
2.1 0.1 0.0367364 0.801867 
2.15 0.1 0.0393071 0.815409 
2.2 0.1 0.0405236 0.830287 
2.25 0.1 0.0403227 0.84617 
2.3 0.1 0.0386791 0.862634 
2.35 0.1 0.0356102 0.879119 
2.4 0.1 0.0311831 0.894914 
2.45 0.1 0.0255227 0.909158 
2.5 0.1 0.0188173 0.920898 
2.55 0.1 0.0113184 0.929208 
2.6 0.1 0.00333188 0.933352 
2.65 0.1 -0.00479971 0.932934 
2.7 0.1 -0.0127226 0.927994 
2.75 0.1 -0.0200991 0.919 
2.8 0.1 -0.0266321 0.906735 
2.85 0.1 -0.0320812 0.892141 
2.9 0.1 -0.0362699 0.876161 
2.95 0.1 -0.0390842 0.859631 
3 0.1 -0.0404666 0.843235 
3.05 0.1 -0.0404078 0.827505 
3.1 0.1 -0.0389404 0.812847 
3.15 0.1 -0.036134 0.799576 
3.2 0.1 -0.0320932 0.787944 
3.25 0.1 -0.0269569 0.778161 
3.3 0.1 -0.0208978 0.770403 
3.35 0.1 -0.0141198 0.764813 
3.4 0.1 -0.00685365 0.761497 
3.45 0.1 0.000650204 0.76052 
3.5 0.1 0.00813151 0.761902 
3.55 0.1 0.015331 0.765615 
3.6 0.1 0.0220009 0.771587 
3.65 0.1 0.0279148 0.779705 
3.7 0.1 0.0328739 0.789819 
3.75 0.1 0.0367113 0.801748 
3.8 0.1 0.0392941 0.815276 
3.85 0.1 0.0405236 0.830142 
3.9 0.1 0.0403364 0.846017 
3.95 0.1 0.038707 0.862476 
4 0.1 0.0356523 0.878965 
4.05 0.1 0.031239 0.894772 
4.1 0.1 0.0255915 0.909038 
4.15 0.1 0.0188972 0.920812 
4.2 0.1 0.0114071 0.92917 
4.25 0.1 0.00342631 0.933371 
4.3 0.1 -0.00470299 0.933017 
4.35 0.1 -0.0126274 0.928145 
4.4 0.1 -0.0200093 0.919217 
4.45 0.1 -0.0265519 0.907013 
4.5 0.1 -0.032015 0.892475 
4.55 0.1 -0.0362229 0.876543 
4.6 0.1 -0.0390633 0.860056 
4.65 0.1 -0.040481 0.843698 
4.7 0.1 -0.0404711 0.827997 
4.75 0.1 -0.0390716 0.813357 
4.8 0.1 -0.0363591 0.800082 
4.85 0.1 -0.0324454 0.788411 
4.9 0.1 -0.0274705 0.77853 
4.95 0.1 -0.0215816 0.770585 
5 0.1 -0.0148668 0.764728 
0 0.15 -0.0422172 0.662691 
0.05 0.15 -0.0288107 0.654141 
0.1 0.15 -0.0142553 0.649029 
0.15 0.15 0.000794525 0.647498 
0.2 0.15 0.0157649 0.649549 
0.25 0.15 0.0301273 0.655101 
0.3 0.15 0.0433928 0.664015 
0.35 0.15 0.055119 0.676097 
0.4 0.15 0.0649197 0.69111 
0.45 0.15 0.0724716 0.708773 
0.5 0.15 0.077518 0.728765 
0.55 0.15 0.0798712 0.750702 
0.6 0.15 0.0794147 0.774109 
0.65 0.15 0.0761083 0.798373 
0.7 0.15 0.0699976 0.822685 
0.75 0.15 0.0612263 0.846005 
0.8 0.15 0.0500499 0.86706 
0.85 0.15 0.0368445 0.884431 
0.9 0.15 0.0221045 0.89673 
0.95 0.15 0.00642589 0.902845 
1 0.15 -0.00952835 0.90218 
1.05 0.15 -0.0250747 0.894804 
1.1 0.15 -0.0395601 0.881426 
1.15 0.15 -0.0524062 0.863236 
1.2 0.15 -0.063141 0.841645 
1.25 0.15 -0.0714126 0.818055 
1.3 0.15 -0.076989 0.793698 
1.35 0.15 -0.0797474 0.769568 
1.4 0.15 -0.0796615 0.746433 
1.45 0.15 -0.0767892 0.724874 
1.5 0.15 -0.0712641 0.705346 
1.55 0.15 -0.0632918 0.688216 
1.6 0.15 -0.0531477 0.673797 
1.65 0.15 -0.0411747 0.662354 
1.7 0.15 -0.0277785 0.654107 
1.75 0.15 -0.0134177 0.649223 
1.8 0.15 0.00141059 0.647805 
1.85 0.15 0.0161898 0.649882 
1.9 0.15 0.0304055 0.655411 
1.95 0.15 0.0435664 0.664276 
2 0.15 0.0552231 0.676299 
2.05 0.15 0.0649812 0.691251 
2.1 0.15 0.0725103 0.708858 
2.15 0.15 0.0775482 0.728799 
2.2 0.15 0.0799027 0.750692 
2.25 0.15 0.0794539 0.774065 
2.3 0.15 0.0761592 0.798302 
2.35 0.15 0.070062 0.822598 
2.4 0.15 0.0613047 0.845913 
2.45 0.15 0.0501411 0.866975 
2.5 0.15 0.0369461 0.884367 
2.55 0.15 0.0222133 0.896697 
2.6 0.15 0.00653772 0.902851 
2.65 0.15 -0.00941808 0.90223 
2.7 0.15 -0.0249707 0.894894 
2.75 0.15 -0.0394665 0.881553 
2.8 0.15 -0.0523269 0.86339 
2.85 0.15 -0.063079 0.841817 
2.9 0.15 -0.0713702 0.818236 
2.95 0.15 -0.0769674 0.79388 
3 0.15 -0.0797474 0.769745 
3.05 0.15 -0.0796831 0.7466 
3.1 0.15 -0.0768318 0.725028 
3.15 0.15 -0.0713266 0.705483 
3.2 0.15 -0.0633725 0.688333 
3.25 0.15 -0.0532442 0.673892 
3.3 0.15 -0.0412841 0.662424 
3.35 0.15 -0.0278973 0.654151 
3.4 0.15 -0.013542 0.649239 
3.45 0.15 0.00128494 0.647792 
3.5 0.15 0.0160671 0.64984 
3.55 0.15 0.0302902 0.655339 
3.6 0.15 0.0434626 0.664176 
3.65 0.15 0.0551344 0.676172 
3.7 0.15 0.0649111 0.691099 
3.75 0.15 0.0724616 0.708683 
3.8 0.15 0.0775232 0.728603 
3.85 0.15 0.0799034 0.75048 
3.9 0.15 0.0794817 0.773839 
3.95 0.15 0.0762149 0.798071 
4 0.15 0.0701455 0.822371 
4.05 0.15 0.061415 0.845703 
4.1 0.15 0.0502762 0.866797 
4.15 0.15 0.0371026 0.884239 
4.2 0.15 0.0223865 0.896638 
4.25 0.15 0.0067219 0.902877 
4.3 0.15 -0.00922961 0.90235 
4.35 0.15 -0.0247851 0.895113 
4.4 0.15 -0.0392913 0.881867 
4.45 0.15 -0.0521697 0.863792 
4.5 0.15 -0.0629478 0.842297 
4.55 0.15 -0.0712742 0.818785 
4.6 0.15 -0.0769182 0.794487 
4.65 0.15 -0.0797603 0.770401 
4.7 0.15 -0.079779 0.747292 
4.75 0.15 -0.0770385 0.725737 
4.8 0.15 -0.0716788 0.706179 
4.85 0.15 -0.0639075 0.688968 
4.9 0.15 -0.0539862 0.674388 
4.95 0.15 -0.0422035 0.662691 
5 0.15 -0.0288172 0.654141 
0 0.2 -0.0650655 0.566683 
0.05 0.2 -0.0442876 0.555732 
0.1 0.2 -0.021792 0.549159 
0.15 0.2 0.00149264 0.547175 
0.2 0.2 0.0246872 0.549815 
0.25 0.2 0.0469601 0.556987 
0.3 0.2 0.0675375 0.5685 
0.35 0.2 0.0857208 0.584084 
0.4 0.2 0.100902 0.603411 
0.45 0.2 0.112574 0.626103 
0.5 0.2 0.12034 0.651735 
0.55 0.2 0.123911 0.679818 
0.6 0.2 0.123115 0.709754 
0.65 0.2 0.117901 0.740775 
0.7 0.2 0.108353 0.771863 
0.75 0.2 0.0947066 0.801701 
0.8 0.2 0.0773679 0.828666 
0.85 0.2 0.0569239 0.850934 
0.9 0.2 0.0341376 0.866714 
0.95 0.2 0.00992113 0.874563 
1 0.2 -0.014715 0.873709 
1.05 0.2 -0.0387302 0.864239 
1.1 0.2 -0.0611284 0.847077 
1.15 0.2 -0.0810231 0.823761 
1.2 0.2 -0.0976849 0.796113 
1.25 0.2 -0.110563 0.76593 
1.3 0.2 -0.119285 0.734783 
1.35 0.2 -0.12365 0.703927 
1.4 0.2 -0.123601 0.674325 
1.45 0.2 -0.119218 0.646708 
1.5 0.2 -0.1107 0.621646 
1.55 0.2 -0.098361 0.599613 
1.6 0.2 -0.0826265 0.58102 
1.65 0.2 -0.0640306 0.566227 
1.7 0.2 -0.0432066 0.555544 
1.75 0.2 -0.020872 0.549207 
1.8 0.2 0.00219474 0.547366 
1.85 0.2 0.0251846 0.550063 
1.9 0.2 0.0472919 0.557235 
1.95 0.2 0.0677476 0.568715 
2 0.2 0.0858484 0.58425 
2.05 0.2 0.100979 0.603521 
2.1 0.2 0.112626 0.626158 
2.15 0.2 0.120384 0.65174 
2.2 0.2 0.123961 0.679779 
2.25 0.2 0.123179 0.709678 
2.3 0.2 0.117983 0.74067 
2.35 0.2 0.108456 0.771742 
2.4 0.2 0.0948313 0.801577 
2.45 0.2 0.077512 0.828553 
2.5 0.2 0.0570836 0.850849 
2.55 0.2 0.0343078 0.86667 
2.6 0.2 0.0100954 0.874571 
2.65 0.2 -0.0145435 0.873773 
2.7 0.2 -0.0385685 0.864356 
2.75 0.2 -0.0609831 0.847241 
2.8 0.2 -0.0809 0.823959 
2.85 0.2 -0.0975885 0.796334 
2.9 0.2 -0.110496 0.766163 
2.95 0.2 -0.119252 0.735016 
3 0.2 -0.12365 0.704155 
3.05 0.2 -0.123635 0.674541 
3.1 0.2 -0.119285 0.646906 
3.15 0.2 -0.110797 0.621823 
3.2 0.2 -0.0984865 0.599766 
3.25 0.2 -0.0827768 0.581143 
3.3 0.2 -0.064201 0.566319 
3.35 0.2 -0.0433917 0.555602 
3.4 0.2 -0.0210656 0.549229 
3.45 0.2 0.00199919 0.54735 
3.5 0.2 0.0249939 0.550009 
3.55 0.2 0.0471128 0.557143 
3.6 0.2 0.0675864 0.568587 
3.65 0.2 0.0857112 0.584088 
3.7 0.2 0.100871 0.603327 
3.75 0.2 0.112551 0.625935 
3.8 0.2 0.120346 0.651491 
3.85 0.2 0.123963 0.679508 
3.9 0.2 0.123223 0.709392 
3.95 0.2 0.118071 0.740377 
4 0.2 0.108586 0.771454 
4.05 0.2 0.095002 0.801309 
4.1 0.2 0.0777202 0.828326 
4.15 0.2 0.0573241 0.850686 
4.2 0.2 0.0345734 0.866594 
4.25 0.2 0.0103775 0.874602 
4.3 0.2 -0.0142549 0.873923 
4.35 0.2 -0.0382841 0.86463 
4.4 0.2 -0.0607134 0.847634 
4.45 0.2 -0.0806559 0.824461 
4.5 0.2 -0.0973808 0.79693 
4.55 0.2 -0.110337 0.766839 
4.6 0.2 -0.119155 0.735758 
4.65 0.2 -0.123633 0.704947 
4.7 0.2 -0.123721 0.675367 
4.75 0.2 -0.119503 0.647742 
4.8 0.2 -0.11118 0.622633 
4.85 0.2 -0.0990617 0.600497 
4.9 0.2 -0.0835505 0.581727 
4.95 0.2 -0.0651151 0.566683 
5 0.2 -0.0442512 0.555732 
0 0.25 -0.0878703 0.486834 
0.05 0.25 -0.0596583 0.473806 
0.1 0.25 -0.0291814 0.465969 
0.15 0.25 0.00237091 0.4636 
0.2 0.25 0.0338212 0.46677 
0.25 0.25 0.0640325 0.47537 
0.3 0.25 0.0919399 0.489147 
0.35 0.25 0.116581 0.507737 
0.4 0.25 0.137123 0.530701 
0.45 0.25 0.152875 0.557554 
0.5 0.25 0.163301 0.58777 
0.55 0.25 0.168018 0.620769 
0.6 0.25 0.166807 0.655857 
0.65 0.25 0.159614 0.692154 
0.7 0.25 0.146572 0.728493 
0.75 0.25 0.128017 0.763353 
0.8 0.25 0.104511 0.79485 
0.85 0.25 0.0768535 0.820861 
0.9 0.25 0.0460717 0.839295 
0.95 0.25 0.0133855 0.848464 
1 0.25 -0.0198589 0.847466 
1.05 0.25 -0.0522773 0.836402 
1.1 0.25 -0.0825418 0.816352 
1.15 0.25 -0.109466 0.789114 
1.2 0.25 -0.132065 0.756814 
1.25 0.25 -0.149587 0.721546 
1.3 0.25 -0.161515 0.685125 
1.35 0.25 -0.167557 0.649002 
1.4 0.25 -0.167619 0.61428 
1.45 0.25 -0.161791 0.581795 
1.5 0.25 -0.150328 0.552212 
1.55 0.25 -0.133647 0.526095 
1.6 0.25 -0.112322 0.503957 
1.65 0.25 -0.0870756 0.486268 
1.7 0.25 -0.0587728 0.473446 
1.75 0.25 -0.028396 0.46582 
1.8 0.25 0.0029866 0.4636 
1.85 0.25 0.0342636 0.466851 
1.9 0.25 0.0643282 0.475479 
1.95 0.25 0.0921254 0.489249 
2 0.25 0.116693 0.507811 
2.05 0.25 0.137192 0.530738 
2.1 0.25 0.152926 0.557549 
2.15 0.25 0.163352 0.587724 
2.2 0.25 0.168083 0.620685 
2.25 0.25 0.166894 0.655741 
2.3 0.25 0.159729 0.692014 
2.35 0.25 0.146716 0.72834 
2.4 0.25 0.12819 0.7632 
2.45 0.25 0.10471 0.794714 
2.5 0.25 0.0770726 0.82076 
2.55 0.25 0.0463042 0.839243 
2.6 0.25 0.013623 0.848473 
2.65 0.25 -0.0196257 0.847541 
2.7 0.25 -0.0520576 0.83654 
2.75 0.25 -0.0823444 0.816544 
2.8 0.25 -0.109299 0.789347 
2.85 0.25 -0.131934 0.757074 
2.9 0.25 -0.149496 0.721819 
2.95 0.25 -0.161469 0.685401 
3 0.25 -0.167556 0.649271 
3.05 0.25 -0.167664 0.614535 
3.1 0.25 -0.16188 0.582031 
3.15 0.25 -0.15046 0.552424 
3.2 0.25 -0.133818 0.526278 
3.25 0.25 -0.112526 0.504107 
3.3 0.25 -0.0873076 0.486381 
3.35 0.25 -0.0590248 0.473518 
3.4 0.25 -0.0286596 0.465848 
3.45 0.25 0.00272043 0.463583 
3.5 0.25 0.0340042 0.466788 
3.55 0.25 0.0640848 0.475371 
3.6 0.25 0.0919069 0.489098 
3.65 0.25 0.116507 0.50762 
3.7 0.25 0.137046 0.53051 
3.75 0.25 0.152826 0.557287 
3.8 0.25 0.163302 0.587434 
3.85 0.25 0.168088 0.62037 
3.9 0.25 0.166955 0.65541 
3.95 0.25 0.159847 0.691675 
4 0.25 0.146892 0.728007 
4.05 0.25 0.12842 0.762891 
4.1 0.25 0.104989 0.794452 
4.15 0.25 0.0773946 0.820572 
4.2 0.25 0.0466592 0.839155 
4.25 0.25 0.0139996 0.848509 
4.3 0.25 -0.0192403 0.847713 
4.35 0.25 -0.0516768 0.836853 
4.4 0.25 -0.0819814 0.816991 
4.45 0.25 -0.108966 0.789914 
4.5 0.25 -0.131644 0.757743 
4.55 0.25 -0.149261 0.722571 
4.6 0.25 -0.161301 0.686216 
4.65 0.25 -0.167472 0.650131 
4.7 0.25 -0.167681 0.615418 
4.75 0.25 -0.162022 0.582912 
4.8 0.25 -0.150747 0.553268 
4.85 0.25 -0.134263 0.527041 
4.9 0.25 -0.113117 0.504736 
4.95 0.25 -0.0879724 0.486834 
5 0.25 -0.0595868 0.473806 
0 0.3 -0.108823 0.424525 
0.05 0.3 -0.073719 0.409657 
0.1 0.3 -0.0358509 0.400692 
0.15 0.3 0.00335323 0.397989 
0.2 0.3 0.0424395 0.401655 
0.25 0.3 0.0799841 0.411553 
0.3 0.3 0.114647 0.427338 
0.35 0.3 0.145218 0.448511 
0.4 0.3 0.170652 0.474488 
0.45 0.3 0.190093 0.504649 
0.5 0.3 0.202882 0.53836 
0.55 0.3 0.208559 0.574957 
0.6 0.3 0.20687 0.613681 
0.65 0.3 0.197775 0.653584 
0.7 0.3 0.18146 0.69342 
0.75 0.3 0.158363 0.731551 
0.8 0.3 0.129196 0.765948 
0.85 0.3 0.094953 0.794322 
0.9 0.3 0.0568992 0.814412 
0.95 0.3 0.0165264 0.8244 
1 0.3 -0.0245258 0.823312 
1.05 0.3 -0.0645727 0.811257 
1.1 0.3 -0.101996 0.7894 
1.15 0.3 -0.135343 0.75968 
1.2 0.3 -0.163399 0.724392 
1.25 0.3 -0.185225 0.685794 
1.3 0.3 -0.200165 0.645842 
1.35 0.3 -0.207832 0.606094 
1.4 0.3 -0.208088 0.567729 
1.45 0.3 -0.201017 0.531648 
1.5 0.3 -0.186918 0.498583 
1.55 0.3 -0.166291 0.469186 
1.6 0.3 -0.139838 0.444084 
1.65 0.3 -0.108458 0.423887 
1.7 0.3 -0.0732305 0.40916 
1.75 0.3 -0.0353882 0.400364 
1.8 0.3 0.00372294 0.397799 
1.85 0.3 0.0427008 0.401555 
1.9 0.3 0.0801494 0.411501 
1.95 0.3 0.11474 0.427302 
2 0.3 0.145267 0.44847 
2.05 0.3 0.170681 0.47443 
2.1 0.3 0.190123 0.504567 
2.15 0.3 0.202927 0.538252 
2.2 0.3 0.208631 0.574822 
2.25 0.3 0.206977 0.613523 
2.3 0.3 0.197919 0.653411 
2.35 0.3 0.181642 0.693239 
2.4 0.3 0.158582 0.731376 
2.45 0.3 0.129446 0.765796 
2.5 0.3 0.0952278 0.794209 
2.55 0.3 0.0571899 0.814355 
2.6 0.3 0.0168225 0.824411 
2.65 0.3 -0.0242354 0.823396 
2.7 0.3 -0.0642994 0.81141 
2.75 0.3 -0.10175 0.789613 
2.8 0.3 -0.135135 0.759938 
2.85 0.3 -0.163235 0.724679 
2.9 0.3 -0.185112 0.686096 
2.95 0.3 -0.200106 0.646148 
3 0.3 -0.20783 0.606394 
3.05 0.3 -0.208143 0.568015 
3.1 0.3 -0.201128 0.531914 
3.15 0.3 -0.187081 0.498824 
3.2 0.3 -0.166503 0.469396 
3.25 0.3 -0.140093 0.444258 
3.3 0.3 -0.108748 0.42402 
3.35 0.3 -0.0735448 0.409246 
3.4 0.3 -0.035717 0.4004 
3.45 0.3 0.00339106 0.397782 
3.5 0.3 0.0423776 0.401486 
3.55 0.3 0.0798466 0.411381 
3.6 0.3 0.114469 0.427132 
3.65 0.3 0.145036 0.448256 
3.7 0.3 0.170501 0.474176 
3.75 0.3 0.19 0.504278 
3.8 0.3 0.202867 0.537933 
3.85 0.3 0.208638 0.574479 
3.9 0.3 0.207054 0.613163 
3.95 0.3 0.198066 0.653043 
4 0.3 0.181859 0.692879 
4.05 0.3 0.158864 0.731043 
4.1 0.3 0.129789 0.765515 
4.15 0.3 0.0956214 0.794008 
4.2 0.3 0.057623 0.814263 
4.25 0.3 0.0172816 0.82445 
4.3 0.3 -0.0237653 0.82358 
4.35 0.3 -0.0638334 0.811742 
4.4 0.3 -0.101303 0.790085 
4.45 0.3 -0.134719 0.760533 
4.5 0.3 -0.162862 0.725375 
4.55 0.3 -0.184791 0.68687 
4.6 0.3 -0.199847 0.646976 
4.65 0.3 -0.207641 0.607253 
4.7 0.3 -0.208033 0.568883 
4.75 0.3 -0.201107 0.532767 
4.8 0.3 -0.187155 0.499633 
4.85 0.3 -0.166667 0.47013 
4.9 0.3 -0.14032 0.444886 
4.95 0.3 -0.108967 0.424525 
5 0.3 -0.0736195 0.409657 
0 0.35 -0.126555 0.378246 
0.05 0.35 -0.0855705 0.361615 
0.1 0.35 -0.0413908 0.351554 
0.15 0.35 0.00434753 0.348535 
0.2 0.35 0.0499487 0.352708 
0.25 0.35 0.093736 0.363884 
0.3 0.35 0.134127 0.38158 
0.35 0.35 0.169695 0.40511 
0.4 0.35 0.199216 0.433689 
0.45 0.35 0.221696 0.466519 
0.5 0.35 0.236378 0.502831 
0.55 0.35 0.242752 0.541877 
0.6 0.35 0.240548 0.582851 
0.65 0.35 0.229748 0.624785 
0.7 0.35 0.2106 0.666414 
0.75 0.35 0.183639 0.706085 
0.8 0.35 0.149707 0.741745 
0.85 0.35 0.109963 0.771079 
0.9 0.35 0.0658659 0.791808 
0.95 0.35 0.0191248 0.802101 
1 0.35 -0.0283903 0.800979 
1.05 0.35 -0.0747598 0.788552 
1.1 0.35 -0.118137 0.76599 
1.15 0.35 -0.156855 0.735246 
1.2 0.35 -0.189512 0.698636 
1.25 0.35 -0.21501 0.658442 
1.3 0.35 -0.232566 0.616643 
1.35 0.35 -0.241705 0.574812 
1.4 0.35 -0.242233 0.534145 
1.45 0.35 -0.234219 0.495569 
1.5 0.35 -0.217981 0.459866 
1.55 0.35 -0.19408 0.427786 
1.6 0.35 -0.163319 0.400097 
1.65 0.35 -0.126741 0.377597 
1.7 0.35 -0.0856098 0.361052 
1.75 0.35 -0.0413802 0.351113 
1.8 0.35 0.00435445 0.348206 
1.85 0.35 0.049931 0.352463 
1.9 0.35 0.0936937 0.363692 
1.95 0.35 0.134071 0.381417 
2 0.35 0.16964 0.404959 
2.05 0.35 0.199177 0.433538 
2.1 0.35 0.221685 0.46636 
2.15 0.35 0.236406 0.502661 
2.2 0.35 0.242823 0.541694 
2.25 0.35 0.240667 0.582657 
2.3 0.35 0.229916 0.624583 
2.35 0.35 0.210815 0.666213 
2.4 0.35 0.183897 0.705896 
2.45 0.35 0.150002 0.741583 
2.5 0.35 0.110286 0.770962 
2.55 0.35 0.0662065 0.791751 
2.6 0.35 0.019471 0.802116 
2.65 0.35 -0.0280514 0.80107 
2.7 0.35 -0.0744412 0.788714 
2.75 0.35 -0.11785 0.766214 
2.8 0.35 -0.156612 0.735518 
2.85 0.35 -0.189321 0.698939 
2.9 0.35 -0.214877 0.658762 
2.95 0.35 -0.232496 0.616969 
3 0.35 -0.241701 0.575133 
3.05 0.35 -0.242296 0.534455 
3.1 0.35 -0.234347 0.49586 
3.15 0.35 -0.218171 0.460133 
3.2 0.35 -0.194327 0.428021 
3.25 0.35 -0.163617 0.400294 
3.3 0.35 -0.127079 0.377749 
3.35 0.35 -0.0859775 0.361154 
3.4 0.35 -0.041765 0.351158 
3.45 0.35 0.00396616 0.348191 
3.5 0.35 0.0495532 0.352388 
3.55 0.35 0.0933401 0.36356 
3.6 0.35 0.133754 0.381232 
3.65 0.35 0.169372 0.404727 
3.7 0.35 0.198968 0.433264 
3.75 0.35 0.221543 0.466052 
3.8 0.35 0.236337 0.502324 
3.85 0.35 0.242833 0.541334 
3.9 0.35 0.240757 0.582282 
3.95 0.35 0.230087 0.624204 
4 0.35 0.211066 0.665844 
4.05 0.35 0.184222 0.705557 
4.1 0.35 0.150394 0.7413 
4.15 0.35 0.110735 0.770761 
4.2 0.35 0.0667004 0.79166 
4.25 0.35 0.019994 0.802157 
4.3 0.35 -0.0275152 0.801256 
4.35 0.35 -0.0739077 0.789047 
4.4 0.35 -0.117334 0.766683 
4.45 0.35 -0.156124 0.736104 
4.5 0.35 -0.18887 0.699618 
4.55 0.35 -0.214469 0.659507 
4.6 0.35 -0.232133 0.617753 
4.65 0.35 -0.241381 0.575933 
4.7 0.35 -0.242016 0.535247 
4.75 0.35 -0.234102 0.496623 
4.8 0.35 -0.217949 0.460847 
4.85 0.35 -0.194107 0.428668 
4.9 0.35 -0.163363 0.400864 
4.95 0.35 -0.126733 0.378246 
5 0.35 -0.0854493 0.361615 
0 0.4 -0.140059 0.344616 
0.05 0.4 -0.0945576 0.326169 
0.1 0.4 -0.0455166 0.314961 
0.15 0.4 0.00525893 0.311618 
0.2 0.4 0.0558762 0.316339 
0.25 0.4 0.104453 0.328862 
0.3 0.4 0.149211 0.348517 
0.35 0.4 0.188551 0.37437 
0.4 0.4 0.221113 0.405372 
0.45 0.4 0.245801 0.440494 
0.5 0.4 0.261797 0.478804 
0.55 0.4 0.268564 0.51945 
0.6 0.4 0.265838 0.561591 
0.65 0.4 0.253636 0.604267 
0.7 0.4 0.232267 0.646256 
0.75 0.4 0.202349 0.685975 
0.8 0.4 0.164831 0.721464 
0.85 0.4 0.120997 0.75052 
0.9 0.4 0.0724433 0.770983 
0.95 0.4 0.0210278 0.781124 
1 0.4 -0.0312246 0.780019 
1.05 0.4 -0.082238 0.76777 
1.1 0.4 -0.130011 0.745483 
1.15 0.4 -0.172732 0.715002 
1.2 0.4 -0.208859 0.678525 
1.25 0.4 -0.237175 0.638224 
1.3 0.4 -0.256795 0.595989 
1.35 0.4 -0.267161 0.553328 
1.4 0.4 -0.268024 0.5114 
1.45 0.4 -0.259422 0.471131 
1.5 0.4 -0.24167 0.433353 
1.55 0.4 -0.215362 0.398927 
1.6 0.4 -0.181369 0.368806 
1.65 0.4 -0.140837 0.344025 
1.7 0.4 -0.0951757 0.325621 
1.75 0.4 -0.0460165 0.314486 
1.8 0.4 0.00484361 0.311219 
1.85 0.4 0.055525 0.316003 
1.9 0.4 0.104157 0.32857 
1.95 0.4 0.148968 0.348256 
2 0.4 0.188364 0.374127 
2.05 0.4 0.220985 0.405139 
2.1 0.4 0.245734 0.440268 
2.15 0.4 0.261795 0.478579 
2.2 0.4 0.268625 0.519225 
2.25 0.4 0.265962 0.561366 
2.3 0.4 0.25382 0.604045 
2.35 0.4 0.232506 0.646043 
2.4 0.4 0.202638 0.68578 
2.45 0.4 0.165161 0.721302 
2.5 0.4 0.121357 0.750405 
2.55 0.4 0.0728224 0.77093 
2.6 0.4 0.0214123 0.781143 
2.65 0.4 -0.0308488 0.780113 
2.7 0.4 -0.0818848 0.767936 
2.75 0.4 -0.129694 0.74571 
2.8 0.4 -0.172462 0.715278 
2.85 0.4 -0.208646 0.678834 
2.9 0.4 -0.237026 0.638552 
2.95 0.4 -0.256716 0.596325 
3 0.4 -0.267155 0.553663 
3.05 0.4 -0.268092 0.511726 
3.1 0.4 -0.259562 0.471442 
3.15 0.4 -0.24188 0.433642 
3.2 0.4 -0.215636 0.399186 
3.25 0.4 -0.181699 0.369027 
3.3 0.4 -0.141213 0.344198 
3.35 0.4 -0.0955847 0.325738 
3.4 0.4 -0.0464447 0.31454 
3.45 0.4 0.00441156 0.311205 
3.5 0.4 0.0551049 0.315922 
3.55 0.4 0.103764 0.328426 
3.6 0.4 0.148617 0.348055 
3.65 0.4 0.188068 0.373878 
3.7 0.4 0.220755 0.40485 
3.75 0.4 0.245579 0.439946 
3.8 0.4 0.26172 0.478232 
3.85 0.4 0.268637 0.51886 
3.9 0.4 0.266062 0.560991 
3.95 0.4 0.254009 0.603669 
4 0.4 0.23278 0.645681 
4.05 0.4 0.202992 0.685451 
4.1 0.4 0.165587 0.721028 
4.15 0.4 0.121844 0.750214 
4.2 0.4 0.0733559 0.770846 
4.25 0.4 0.0219769 0.781185 
4.3 0.4 -0.0302694 0.780292 
4.35 0.4 -0.0813061 0.768251 
4.4 0.4 -0.129129 0.74615 
4.45 0.4 -0.171919 0.715822 
4.5 0.4 -0.208131 0.679456 
4.55 0.4 -0.236538 0.639224 
4.6 0.4 -0.256247 0.597019 
4.65 0.4 -0.266695 0.554353 
4.7 0.4 -0.267623 0.512391 
4.75 0.4 -0.259063 0.472063 
4.8 0.4 -0.241323 0.434207 
4.85 0.4 -0.214988 0.399691 
4.9 0.4 -0.180921 0.369476 
4.95 0.4 -0.140262 0.344616 
5 0.4 -0.0944204 0.326169 
0 0.45 -0.148629 0.319641 
0.05 0.45 -0.100224 0.2993 
0.1 0.45 -0.0480398 0.286882 
0.15 0.45 0.00599999 0.283202 
0.2 0.45 0.0598618 0.288516 
0.25 0.45 0.111516 0.302467 
0.3 0.45 0.159045 0.324164 
0.35 0.45 0.200734 0.352373 
0.4 0.45 0.235134 0.385734 
0.45 0.45 0.261091 0.422948 
0.5 0.45 0.277764 0.462882 
0.55 0.45 0.284614 0.504569 
0.6 0.45 0.281403 0.547127 
0.65 0.45 0.268189 0.589621 
0.7 0.45 0.245337 0.630913 
0.75 0.45 0.213534 0.669558 
0.8 0.45 0.173801 0.703782 
0.85 0.45 0.127499 0.731609 
0.9 0.45 0.076302 0.751108 
0.95 0.45 0.0221406 0.760742 
1 0.45 -0.0328866 0.759692 
1.05 0.45 -0.0866316 0.748049 
1.1 0.45 -0.13702 0.726792 
1.15 0.45 -0.182164 0.697563 
1.2 0.45 -0.220446 0.662326 
1.25 0.45 -0.250571 0.623034 
1.3 0.45 -0.271581 0.581399 
1.35 0.45 -0.282853 0.538801 
1.4 0.45 -0.284081 0.496327 
1.45 0.45 -0.275263 0.454889 
1.5 0.45 -0.256694 0.415376 
1.55 0.45 -0.22897 0.378781 
1.6 0.45 -0.19299 0.346274 
1.65 0.45 -0.149965 0.319174 
1.7 0.45 -0.101395 0.298834 
1.75 0.45 -0.0490384 0.286439 
1.8 0.45 0.00516304 0.28279 
1.85 0.45 0.0591705 0.288133 
1.9 0.45 0.110956 0.302108 
1.95 0.45 0.158605 0.323826 
2 0.45 0.200405 0.352054 
2.05 0.45 0.234908 0.385432 
2.1 0.45 0.260962 0.422662 
2.15 0.45 0.277725 0.46261 
2.2 0.45 0.284659 0.504309 
2.25 0.45 0.281525 0.546879 
2.3 0.45 0.268382 0.589386 
2.35 0.45 0.245592 0.630696 
2.4 0.45 0.213843 0.669365 
2.45 0.45 0.174154 0.703626 
2.5 0.45 0.127884 0.731502 
2.55 0.45 0.0767057 0.751062 
2.6 0.45 0.0225494 0.760766 
2.65 0.45 -0.0324875 0.759788 
2.7 0.45 -0.0862567 0.748213 
2.75 0.45 -0.136683 0.727017 
2.8 0.45 -0.181877 0.697836 
2.85 0.45 -0.220219 0.662633 
2.9 0.45 -0.250411 0.623363 
2.95 0.45 -0.271495 0.581739 
3 0.45 -0.282844 0.539144 
3.05 0.45 -0.284151 0.496667 
3.1 0.45 -0.275411 0.455218 
3.15 0.45 -0.256916 0.415687 
3.2 0.45 -0.22926 0.379065 
3.25 0.45 -0.193341 0.346519 
3.3 0.45 -0.150365 0.319369 
3.35 0.45 -0.101831 0.298968 
3.4 0.45 -0.049495 0.286502 
3.45 0.45 0.00470234 0.282778 
3.5 0.45 0.0587229 0.288046 
3.55 0.45 0.110538 0.301952 
3.6 0.45 0.158233 0.32361 
3.65 0.45 0.200092 0.351788 
3.7 0.45 0.234665 0.385128 
3.75 0.45 0.260799 0.42233 
3.8 0.45 0.277648 0.462258 
3.85 0.45 0.284673 0.503945 
3.9 0.45 0.281631 0.54651 
3.95 0.45 0.268579 0.589022 
4 0.45 0.245879 0.630351 
4.05 0.45 0.214211 0.669055 
4.1 0.45 0.174596 0.703372 
4.15 0.45 0.128387 0.731327 
4.2 0.45 0.077256 0.750986 
4.25 0.45 0.0231311 0.760805 
4.3 0.45 -0.0318902 0.759951 
4.35 0.45 -0.0856578 0.748497 
4.4 0.45 -0.136093 0.727407 
4.45 0.45 -0.181302 0.698311 
4.5 0.45 -0.219659 0.663168 
4.55 0.45 -0.249859 0.623928 
4.6 0.45 -0.270935 0.582306 
4.65 0.45 -0.282254 0.539687 
4.7 0.45 -0.283501 0.497163 
4.75 0.45 -0.274666 0.455654 
4.8 0.45 -0.256036 0.416055 
4.85 0.45 -0.228202 0.379373 
4.9 0.45 -0.192066 0.346788 
4.95 0.45 -0.148848 0.319641 
5 0.45 -0.100076 0.2993 
0 0.5 -0.151819 0.299608 
0.05 0.5 -0.102284 0.277403 
0.1 0.5 -0.0488505 0.263789 
0.15 0.5 0.00649813 0.259781 
0.2 0.5 0.0616532 0.265695 
0.25 0.5 0.114505 0.281071 
0.3 0.5 0.163065 0.304783 
0.35 0.5 0.205563 0.335279 
0.4 0.5 0.240515 0.370872 
0.45 0.5 0.266757 0.409976 
0.5 0.5 0.283456 0.451246 
0.55 0.5 0.290101 0.493587 
0.6 0.5 0.28649 0.53607 
0.65 0.5 0.272726 0.577787 
0.7 0.5 0.249222 0.617706 
0.75 0.5 0.216706 0.654557 
0.8 0.5 0.176238 0.686816 
0.85 0.5 0.129203 0.712803 
0.9 0.5 0.0772858 0.730891 
0.95 0.5 0.0224188 0.739791 
1 0.5 -0.0333092 0.738821 
1.05 0.5 -0.0877618 0.728056 
1.1 0.5 -0.138872 0.708315 
1.15 0.5 -0.18475 0.680972 
1.2 0.5 -0.223764 0.647685 
1.25 0.5 -0.254589 0.610117 
1.3 0.5 -0.27623 0.569746 
1.35 0.5 -0.288018 0.527788 
1.4 0.5 -0.289599 0.48524 
1.45 0.5 -0.280927 0.443002 
1.5 0.5 -0.262259 0.402024 
1.55 0.5 -0.234167 0.363447 
1.6 0.5 -0.197544 0.328671 
1.65 0.5 -0.153614 0.299316 
1.7 0.5 -0.103918 0.277068 
1.75 0.5 -0.0502743 0.263421 
1.8 0.5 0.00529451 0.25939 
1.85 0.5 0.0606608 0.265291 
1.9 0.5 0.113708 0.280663 
1.95 0.5 0.162446 0.304382 
2 0.5 0.205103 0.334894 
2.05 0.5 0.240198 0.370508 
2.1 0.5 0.266568 0.409638 
2.15 0.5 0.283381 0.450934 
2.2 0.5 0.290127 0.493299 
2.25 0.5 0.286605 0.535805 
2.3 0.5 0.27292 0.577545 
2.35 0.5 0.249483 0.61749 
2.4 0.5 0.217024 0.654372 
2.45 0.5 0.176601 0.686671 
2.5 0.5 0.129597 0.712708 
2.55 0.5 0.0776992 0.730854 
2.6 0.5 0.0228366 0.73982 
2.65 0.5 -0.0329018 0.738918 
2.7 0.5 -0.0873792 0.728218 
2.75 0.5 -0.138528 0.708533 
2.8 0.5 -0.184457 0.681236 
2.85 0.5 -0.223531 0.647985 
2.9 0.5 -0.254425 0.610442 
2.95 0.5 -0.276141 0.570086 
3 0.5 -0.288007 0.528136 
3.05 0.5 -0.289668 0.485591 
3.1 0.5 -0.281076 0.443347 
3.15 0.5 -0.262485 0.402355 
3.2 0.5 -0.234463 0.363754 
3.25 0.5 -0.197902 0.32894 
3.3 0.5 -0.154023 0.299532 
3.35 0.5 -0.104365 0.277218 
3.4 0.5 -0.0507427 0.263494 
3.45 0.5 0.00482191 0.25938 
3.5 0.5 0.0602019 0.265198 
3.55 0.5 0.113281 0.280495 
3.6 0.5 0.162065 0.304149 
3.65 0.5 0.204784 0.334612 
3.7 0.5 0.239951 0.37019 
3.75 0.5 0.266403 0.409296 
3.8 0.5 0.283304 0.450578 
3.85 0.5 0.290142 0.492939 
3.9 0.5 0.286713 0.535447 
3.95 0.5 0.273119 0.5772 
4 0.5 0.24977 0.617167 
4.05 0.5 0.217392 0.654087 
4.1 0.5 0.17704 0.686441 
4.15 0.5 0.130096 0.71255 
4.2 0.5 0.0782432 0.730787 
4.25 0.5 0.0234108 0.739854 
4.3 0.5 -0.0323118 0.739057 
4.35 0.5 -0.0867859 0.728457 
4.4 0.5 -0.137939 0.708857 
4.45 0.5 -0.183875 0.681625 
4.5 0.5 -0.222951 0.648411 
4.55 0.5 -0.253834 0.610876 
4.6 0.5 -0.275515 0.570499 
4.65 0.5 -0.287316 0.528502 
4.7 0.5 -0.288872 0.485887 
4.75 0.5 -0.280127 0.443562 
4.8 0.5 -0.261335 0.402488 
4.85 0.5 -0.233064 0.363822 
4.9 0.5 -0.196219 0.328982 
4.95 0.5 -0.152045 0.299608 
5 0.5 -0.102131 0.277403 
0 0.55 -0.14943 0.281486 
0.05 0.55 -0.100611 0.257667 
0.1 0.55 -0.0479092 0.243014 
0.15 0.55 0.00670094 0.238729 
0.2 0.55 0.0611084 0.245179 
0.25 0.55 0.1132 0.261811 
0.3 0.55 0.160989 0.287278 
0.35 0.55 0.202714 0.319736 
0.4 0.55 0.236914 0.357196 
0.45 0.55 0.262461 0.397812 
0.5 0.55 0.278563 0.44004 
0.55 0.55 0.284754 0.482661 
0.6 0.55 0.28088 0.524694 
0.65 0.55 0.267083 0.565257 
0.7 0.55 0.243807 0.603422 
0.75 0.55 0.211796 0.638109 
0.8 0.55 0.172105 0.668062 
0.85 0.55 0.126091 0.691924 
0.9 0.55 0.0753906 0.708396 
0.95 0.55 0.0218621 0.716462 
1 0.55 -0.032491 0.715584 
1.05 0.55 -0.0856224 0.70582 
1.1 0.55 -0.135549 0.687814 
1.15 0.55 -0.180449 0.662656 
1.2 0.55 -0.218735 0.631669 
1.25 0.55 -0.249107 0.5962 
1.3 0.55 -0.270569 0.557472 
1.35 0.55 -0.28243 0.51653 
1.4 0.55 -0.284305 0.474283 
1.45 0.55 -0.276104 0.431619 
1.5 0.55 -0.258037 0.389556 
1.55 0.55 -0.230629 0.349375 
1.6 0.55 -0.194731 0.31269 
1.65 0.55 -0.151538 0.281397 
1.7 0.55 -0.102569 0.257488 
1.75 0.55 -0.0496377 0.242744 
1.8 0.55 0.00522871 0.238378 
1.85 0.55 0.0598914 0.244768 
1.9 0.55 0.112224 0.261364 
1.95 0.55 0.160231 0.28682 
2 0.55 0.202153 0.319289 
2.05 0.55 0.236526 0.356775 
2.1 0.55 0.262225 0.397426 
2.15 0.55 0.278458 0.439691 
2.2 0.55 0.284762 0.482348 
2.25 0.55 0.280985 0.524416 
2.3 0.55 0.267271 0.565013 
2.35 0.55 0.244065 0.603212 
2.4 0.55 0.212111 0.637936 
2.45 0.55 0.172464 0.667931 
2.5 0.55 0.126481 0.691842 
2.55 0.55 0.0757981 0.708371 
2.6 0.55 0.0222732 0.716498 
2.65 0.55 -0.0320906 0.715681 
2.7 0.55 -0.0852465 0.705976 
2.75 0.55 -0.135211 0.688024 
2.8 0.55 -0.180159 0.66291 
2.85 0.55 -0.218505 0.631959 
2.9 0.55 -0.248945 0.596518 
2.95 0.55 -0.270479 0.55781 
3 0.55 -0.282417 0.516881 
3.05 0.55 -0.284371 0.474641 
3.1 0.55 -0.276248 0.431976 
3.15 0.55 -0.258257 0.389903 
3.2 0.55 -0.230919 0.349701 
3.25 0.55 -0.195084 0.312978 
3.3 0.55 -0.151941 0.281631 
3.35 0.55 -0.10301 0.257652 
3.4 0.55 -0.0501004 0.242825 
3.45 0.55 0.00476183 0.238368 
3.5 0.55 0.0594384 0.244669 
3.55 0.55 0.111802 0.261185 
3.6 0.55 0.159857 0.286574 
3.65 0.55 0.201839 0.318993 
3.7 0.55 0.236285 0.356446 
3.75 0.55 0.262064 0.397077 
3.8 0.55 0.278383 0.439335 
3.85 0.55 0.284777 0.481994 
3.9 0.55 0.28109 0.524072 
3.95 0.55 0.267464 0.564687 
4 0.55 0.244341 0.602913 
4.05 0.55 0.212464 0.637676 
4.1 0.55 0.172884 0.667725 
4.15 0.55 0.126956 0.691702 
4.2 0.55 0.0763145 0.708309 
4.25 0.55 0.0228172 0.716521 
4.3 0.55 -0.0315318 0.71579 
4.35 0.55 -0.0846832 0.706163 
4.4 0.55 -0.134648 0.688274 
4.45 0.55 -0.179597 0.663201 
4.5 0.55 -0.217934 0.632264 
4.55 0.55 -0.248345 0.596807 
4.6 0.55 -0.269823 0.558055 
4.65 0.55 -0.281668 0.517054 
4.7 0.55 -0.283481 0.474721 
4.75 0.55 -0.275164 0.431953 
4.8 0.55 -0.256925 0.389782 
4.85 0.55 -0.229289 0.349508 
4.9 0.55 -0.193125 0.312769 
4.95 0.55 -0.149655 0.281486 
5 0.55 -0.10046 0.257667 
0 0.6 -0.141518 0.262967 
0.05 0.6 -0.0952465 0.23807 
0.1 0.6 -0.0452481 0.222719 
0.15 0.6 0.00658013 0.218257 
0.2 0.6 0.058205 0.225093 
0.25 0.6 0.10759 0.242596 
0.3 0.6 0.152826 0.26925 
0.35 0.6 0.19223 0.302988 
0.4 0.6 0.224421 0.341596 
0.45 0.6 0.248345 0.383029 
0.5 0.6 0.263281 0.425592 
0.55 0.6 0.268823 0.467967 
0.6 0.6 0.264865 0.509132 
0.65 0.6 0.251581 0.548224 
0.7 0.6 0.229422 0.584409 
0.75 0.6 0.199118 0.616781 
0.8 0.6 0.161678 0.64434 
0.85 0.6 0.118379 0.666033 
0.9 0.6 0.070749 0.680875 
0.95 0.6 0.0205099 0.688103 
1 0.6 -0.0304894 0.687317 
1.05 0.6 -0.0803621 0.678559 
1.1 0.6 -0.127277 0.662309 
1.15 0.6 -0.169544 0.639386 
1.2 0.6 -0.20568 0.610798 
1.25 0.6 -0.234455 0.577592 
1.3 0.6 -0.254913 0.540752 
1.35 0.6 -0.266376 0.501163 
1.4 0.6 -0.268441 0.459655 
1.45 0.6 -0.260984 0.417111 
1.5 0.6 -0.244165 0.374603 
1.55 0.6 -0.218445 0.333523 
1.6 0.6 -0.184605 0.295647 
1.65 0.6 -0.143761 0.263081 
1.7 0.6 -0.0973574 0.238051 
1.75 0.6 -0.0471305 0.222552 
1.8 0.6 0.00496569 0.217954 
1.85 0.6 0.0568651 0.224683 
1.9 0.6 0.106513 0.242118 
1.95 0.6 0.151991 0.268743 
2 0.6 0.191612 0.302487 
2.05 0.6 0.223992 0.341125 
2.1 0.6 0.24808 0.3826 
2.15 0.6 0.263156 0.425212 
2.2 0.6 0.268817 0.467635 
2.25 0.6 0.264958 0.508845 
2.3 0.6 0.251757 0.54798 
2.35 0.6 0.229667 0.584206 
2.4 0.6 0.199418 0.616621 
2.45 0.6 0.162019 0.644225 
2.5 0.6 0.118749 0.665966 
2.55 0.6 0.0711352 0.680862 
2.6 0.6 0.0208988 0.688145 
2.65 0.6 -0.0301109 0.687415 
2.7 0.6 -0.080007 0.67871 
2.75 0.6 -0.126957 0.66251 
2.8 0.6 -0.16927 0.63963 
2.85 0.6 -0.205462 0.611078 
2.9 0.6 -0.2343 0.577901 
2.95 0.6 -0.254826 0.541084 
3 0.6 -0.266361 0.501512 
3.05 0.6 -0.268501 0.460016 
3.1 0.6 -0.261118 0.417475 
3.15 0.6 -0.244372 0.374961 
3.2 0.6 -0.218719 0.333861 
3.25 0.6 -0.184938 0.295949 
3.3 0.6 -0.144143 0.263329 
3.35 0.6 -0.0977761 0.238225 
3.4 0.6 -0.0475701 0.222638 
3.45 0.6 0.00452216 0.217945 
3.5 0.6 0.0564349 0.22458 
3.55 0.6 0.106113 0.241931 
3.6 0.6 0.151636 0.268489 
3.65 0.6 0.191316 0.302183 
3.7 0.6 0.223765 0.340789 
3.75 0.6 0.247929 0.38225 
3.8 0.6 0.263086 0.424859 
3.85 0.6 0.268831 0.46729 
3.9 0.6 0.265056 0.508516 
3.95 0.6 0.251937 0.547674 
4 0.6 0.229923 0.583931 
4.05 0.6 0.199743 0.616386 
4.1 0.6 0.162404 0.644039 
4.15 0.6 0.119183 0.665839 
4.2 0.6 0.0716054 0.680801 
4.25 0.6 0.0213928 0.688153 
4.3 0.6 -0.0296042 0.687488 
4.35 0.6 -0.0794956 0.678841 
4.4 0.6 -0.126444 0.662681 
4.45 0.6 -0.168752 0.639819 
4.5 0.6 -0.204926 0.611258 
4.55 0.6 -0.233725 0.578045 
4.6 0.6 -0.254182 0.541161 
4.65 0.6 -0.265605 0.501495 
4.7 0.6 -0.267582 0.459883 
4.75 0.6 -0.259983 0.417219 
4.8 0.6 -0.242964 0.374591 
4.85 0.6 -0.216991 0.333415 
4.9 0.6 -0.182864 0.295496 
4.95 0.6 -0.141732 0.262967 
5 0.6 -0.0951026 0.23807 
0 0.65 -0.128417 0.242376 
0.05 0.65 -0.0864124 0.217231 
0.1 0.65 -0.0409796 0.201708 
0.15 0.65 0.0061346 0.197221 
0.2 0.65 0.0530535 0.204198 
0.25 0.65 0.0978989 0.221967 
0.3 0.65 0.138914 0.24892 
0.35 0.65 0.174561 0.282877 
0.4 0.65 0.203589 0.321509 
0.45 0.65 0.225057 0.362675 
0.5 0.65 0.238336 0.404604 
0.55 0.65 0.243091 0.445928 
0.6 0.65 0.239258 0.485606 
0.65 0.65 0.227028 0.522798 
0.7 0.65 0.206837 0.556749 
0.75 0.65 0.179365 0.586702 
0.8 0.65 0.145534 0.611869 
0.85 0.65 0.106499 0.631458 
0.9 0.65 0.0636239 0.644746 
0.95 0.65 0.0184392 0.651182 
1 0.65 -0.0274178 0.650482 
1.05 0.65 -0.0722783 0.642676 
1.1 0.65 -0.11452 0.628106 
1.15 0.65 -0.152639 0.607363 
1.2 0.65 -0.185307 0.581188 
1.25 0.65 -0.211413 0.550377 
1.3 0.65 -0.230078 0.515711 
1.35 0.65 -0.240666 0.477941 
1.4 0.65 -0.242784 0.43783 
1.45 0.65 -0.236285 0.396247 
1.5 0.65 -0.221281 0.354291 
1.55 0.65 -0.198157 0.313411 
1.6 0.65 -0.1676 0.275466 
1.65 0.65 -0.130608 0.242665 
1.7 0.65 -0.088496 0.217351 
1.75 0.65 -0.0428539 0.201634 
1.8 0.65 0.00451598 0.196966 
1.85 0.65 0.0517039 0.203798 
1.9 0.65 0.0968114 0.221472 
1.95 0.65 0.13807 0.248381 
2 0.65 0.173936 0.282339 
2.05 0.65 0.203155 0.321002 
2.1 0.65 0.224787 0.362217 
2.15 0.65 0.238205 0.404203 
2.2 0.65 0.243076 0.445585 
2.25 0.65 0.239339 0.485317 
2.3 0.65 0.227187 0.522559 
2.35 0.65 0.20706 0.556557 
2.4 0.65 0.179638 0.586556 
2.45 0.65 0.145845 0.61177 
2.5 0.65 0.106836 0.631406 
2.55 0.65 0.0639745 0.644743 
2.6 0.65 0.0187917 0.651231 
2.65 0.65 -0.0270753 0.650581 
2.7 0.65 -0.071957 0.642823 
2.75 0.65 -0.11423 0.628298 
2.8 0.65 -0.152391 0.607595 
2.85 0.65 -0.185109 0.581456 
2.9 0.65 -0.211271 0.550675 
2.95 0.65 -0.229998 0.516034 
3 0.65 -0.240651 0.478284 
3.05 0.65 -0.242836 0.438187 
3.1 0.65 -0.236405 0.39661 
3.15 0.65 -0.221466 0.35465 
3.2 0.65 -0.198404 0.313753 
3.25 0.65 -0.167901 0.275772 
3.3 0.65 -0.130956 0.242917 
3.35 0.65 -0.0888765 0.217529 
3.4 0.65 -0.0432537 0.201723 
3.45 0.65 0.00411251 0.196958 
3.5 0.65 0.0513128 0.203694 
3.55 0.65 0.0964481 0.221284 
3.6 0.65 0.137748 0.248125 
3.65 0.65 0.173668 0.282035 
3.7 0.65 0.20295 0.32067 
3.75 0.65 0.224652 0.361873 
3.8 0.65 0.238143 0.40386 
3.85 0.65 0.243089 0.445253 
3.9 0.65 0.239427 0.485005 
3.95 0.65 0.227347 0.522273 
4 0.65 0.207286 0.556304 
4.05 0.65 0.179925 0.586342 
4.1 0.65 0.146183 0.611601 
4.15 0.65 0.107215 0.631288 
4.2 0.65 0.0643837 0.64468 
4.25 0.65 0.0192201 0.651221 
4.3 0.65 -0.0266369 0.650619 
4.35 0.65 -0.0715148 0.642898 
4.4 0.65 -0.113785 0.628393 
4.45 0.65 -0.151938 0.607689 
4.5 0.65 -0.184634 0.581522 
4.55 0.65 -0.210753 0.550685 
4.6 0.65 -0.229403 0.515959 
4.65 0.65 -0.239939 0.478096 
4.7 0.65 -0.241957 0.437867 
4.75 0.65 -0.235306 0.396152 
4.8 0.65 -0.220095 0.35407 
4.85 0.65 -0.196717 0.313095 
4.9 0.65 -0.165877 0.275117 
4.95 0.65 -0.128609 0.242376 
5 0.65 -0.0862831 0.217231 
0 0.7 -0.110782 0.218567 
0.05 0.7 -0.0745442 0.194247 
0.1 0.7 -0.0353092 0.179225 
0.15 0.7 0.00539264 0.174904 
0.2 0.7 0.045916 0.181705 
0.25 0.7 0.0846158 0.198954 
0.3 0.7 0.119958 0.225052 
0.35 0.7 0.15061 0.257839 
0.4 0.7 0.175493 0.295009 
0.45 0.7 0.193812 0.334448 
0.5 0.7 0.205045 0.374407 
0.55 0.7 0.208929 0.413532 
0.6 0.7 0.205437 0.450803 
0.65 0.7 0.194757 0.485416 
0.7 0.7 0.177286 0.516688 
0.75 0.7 0.153623 0.543983 
0.8 0.7 0.124569 0.566679 
0.85 0.7 0.0911123 0.584181 
0.9 0.7 0.0544128 0.595969 
0.95 0.7 0.0157658 0.601654 
1 0.7 -0.0234478 0.601036 
1.05 0.7 -0.0618216 0.594136 
1.1 0.7 -0.0979863 0.581194 
1.15 0.7 -0.130669 0.562626 
1.2 0.7 -0.158738 0.538973 
1.25 0.7 -0.181239 0.510834 
1.3 0.7 -0.197408 0.478833 
1.35 0.7 -0.206681 0.44361 
1.4 0.7 -0.208698 0.405864 
1.45 0.7 -0.203307 0.366433 
1.5 0.7 -0.190574 0.326399 
1.55 0.7 -0.170809 0.287196 
1.6 0.7 -0.144583 0.25066 
1.65 0.7 -0.112746 0.218978 
1.7 0.7 -0.0764302 0.194469 
1.75 0.7 -0.0370221 0.179228 
1.8 0.7 0.00390205 0.174697 
1.85 0.7 0.0446664 0.181327 
1.9 0.7 0.0836058 0.198462 
1.95 0.7 0.119173 0.224506 
2 0.7 0.150028 0.257289 
2.05 0.7 0.17509 0.294491 
2.1 0.7 0.193561 0.333982 
2.15 0.7 0.204922 0.374002 
2.2 0.7 0.208912 0.413191 
2.25 0.7 0.205505 0.45052 
2.3 0.7 0.194895 0.485188 
2.35 0.7 0.17748 0.516511 
2.4 0.7 0.153861 0.543853 
2.45 0.7 0.124839 0.566594 
2.5 0.7 0.0914037 0.584143 
2.55 0.7 0.0547153 0.595976 
2.6 0.7 0.0160694 0.601707 
2.65 0.7 -0.0231531 0.601134 
2.7 0.7 -0.0615453 0.594277 
2.75 0.7 -0.0977373 0.581375 
2.8 0.7 -0.130455 0.562845 
2.85 0.7 -0.158567 0.539225 
2.9 0.7 -0.181116 0.511116 
2.95 0.7 -0.197338 0.479139 
3 0.7 -0.206667 0.443937 
3.05 0.7 -0.208742 0.406206 
3.1 0.7 -0.203408 0.366783 
3.15 0.7 -0.190733 0.326746 
3.2 0.7 -0.171021 0.287526 
3.25 0.7 -0.144842 0.250957 
3.3 0.7 -0.113045 0.219222 
3.35 0.7 -0.0767588 0.194642 
3.4 0.7 -0.0373675 0.179315 
3.45 0.7 0.00355337 0.17469 
3.5 0.7 0.0443285 0.181228 
3.55 0.7 0.0832923 0.198281 
3.6 0.7 0.118896 0.22426 
3.65 0.7 0.149798 0.256997 
3.7 0.7 0.174914 0.294173 
3.75 0.7 0.193445 0.333655 
3.8 0.7 0.204869 0.373679 
3.85 0.7 0.208923 0.41288 
3.9 0.7 0.20558 0.450231 
3.95 0.7 0.19503 0.484925 
4 0.7 0.177671 0.51628 
4.05 0.7 0.154101 0.543659 
4.1 0.7 0.125121 0.566441 
4.15 0.7 0.0917183 0.584032 
4.2 0.7 0.0550533 0.595909 
4.25 0.7 0.0164216 0.60168 
4.3 0.7 -0.0227941 0.601139 
4.35 0.7 -0.0611839 0.594304 
4.4 0.7 -0.0973735 0.581406 
4.45 0.7 -0.130083 0.562858 
4.5 0.7 -0.158173 0.539196 
4.55 0.7 -0.180679 0.511018 
4.6 0.7 -0.196827 0.478945 
4.65 0.7 -0.206044 0.44362 
4.7 0.7 -0.207963 0.405751 
4.75 0.7 -0.202425 0.366185 
4.8 0.7 -0.1895 0.326026 
4.85 0.7 -0.169503 0.286732 
4.9 0.7 -0.143023 0.250174 
4.95 0.7 -0.110941 0.218567 
5 0.7 -0.0744371 0.194247 
0 0.75 -0.0896358 0.190869 
0.05 0.75 -0.0603224 0.168577 
0.1 0.75 -0.028553 0.154812 
0.15 0.75 0.00441313 0.150869 
0.2 0.75 0.0372248 0.157132 
0.25 0.75 0.0685334 0.172977 
0.3 0.75 0.0970852 0.196918 
0.35 0.75 0.121797 0.226953 
0.4 0.75 0.141801 0.260949 
0.45 0.75 0.156465 0.296944 
0.5 0.75 0.165386 0.333313 
0.55 0.75 0.168369 0.368797 
0.6 0.75 0.165413 0.40244 
0.65 0.75 0.156688 0.433504 
0.7 0.75 0.142527 0.461382 
0.75 0.75 0.123425 0.485539 
0.8 0.75 0.100029 0.505481 
0.85 0.75 0.0731325 0.520761 
0.9 0.75 0.0436625 0.530999 
0.95 0.75 0.0126483 0.53592 
1 0.75 -0.018815 0.535385 
1.05 0.75 -0.0496127 0.529408 
1.1 0.75 -0.0786586 0.518157 
1.15 0.75 -0.10494 0.501928 
1.2 0.75 -0.127553 0.481114 
1.25 0.75 -0.145728 0.456172 
1.3 0.75 -0.158847 0.427601 
1.35 0.75 -0.166443 0.395947 
1.4 0.75 -0.16821 0.361837 
1.45 0.75 -0.164006 0.326044 
1.5 0.75 -0.153867 0.289581 
1.55 0.75 -0.138022 0.253782 
1.6 0.75 -0.116916 0.220357 
1.65 0.75 -0.0912273 0.191331 
1.7 0.75 -0.0618719 0.168853 
1.75 0.75 -0.0299786 0.154867 
1.8 0.75 0.00316011 0.150708 
1.85 0.75 0.0361675 0.156794 
1.9 0.75 0.0676758 0.172518 
1.95 0.75 0.0964184 0.196399 
2 0.75 0.121303 0.226426 
2.05 0.75 0.14146 0.260451 
2.1 0.75 0.156254 0.296498 
2.15 0.75 0.165282 0.332928 
2.2 0.75 0.168354 0.368474 
2.25 0.75 0.16547 0.402176 
2.3 0.75 0.156802 0.433295 
2.35 0.75 0.142687 0.461224 
2.4 0.75 0.12362 0.485427 
2.45 0.75 0.100248 0.505412 
2.5 0.75 0.0733689 0.520734 
2.55 0.75 0.0439073 0.531012 
2.6 0.75 0.0128934 0.535974 
2.65 0.75 -0.0185773 0.535478 
2.7 0.75 -0.04939 0.529539 
2.75 0.75 -0.0784578 0.518324 
2.8 0.75 -0.104767 0.502127 
2.85 0.75 -0.127414 0.481343 
2.9 0.75 -0.145628 0.456428 
2.95 0.75 -0.158789 0.427881 
3 0.75 -0.16643 0.396246 
3.05 0.75 -0.168243 0.36215 
3.1 0.75 -0.164087 0.326365 
3.15 0.75 -0.153994 0.289899 
3.2 0.75 -0.138192 0.254086 
3.25 0.75 -0.117125 0.22063 
3.3 0.75 -0.0914692 0.191556 
3.35 0.75 -0.0621377 0.169013 
3.4 0.75 -0.0302584 0.154947 
3.45 0.75 0.0028777 0.150702 
3.5 0.75 0.035894 0.156703 
3.55 0.75 0.0674222 0.172352 
3.6 0.75 0.0961946 0.196174 
3.65 0.75 0.121118 0.22616 
3.7 0.75 0.141318 0.260161 
3.75 0.75 0.156161 0.2962 
3.8 0.75 0.16524 0.332635 
3.85 0.75 0.168363 0.368195 
3.9 0.75 0.165529 0.401917 
3.95 0.75 0.156909 0.433061 
4 0.75 0.142837 0.461019 
4.05 0.75 0.123808 0.485254 
4.1 0.75 0.100469 0.505275 
4.15 0.75 0.0736137 0.520631 
4.2 0.75 0.0441689 0.530943 
4.25 0.75 0.0131646 0.535933 
4.3 0.75 -0.0183024 0.535458 
4.35 0.75 -0.0491145 0.529529 
4.4 0.75 -0.0781812 0.518306 
4.45 0.75 -0.104484 0.502083 
4.5 0.75 -0.127112 0.481249 
4.55 0.75 -0.145289 0.45626 
4.6 0.75 -0.158386 0.427613 
4.65 0.75 -0.165931 0.395858 
4.7 0.75 -0.167611 0.361627 
4.75 0.75 -0.163282 0.325708 
4.8 0.75 -0.15298 0.289129 
4.85 0.75 -0.136942 0.253252 
4.9 0.75 -0.115631 0.219815 
4.95 0.75 -0.0897498 0.190869 
5 0.75 -0.0602455 0.168577 
0 0.8 -0.0664263 0.15906 
0.05 0.8 -0.0447106 0.13998 
0.1 0.8 -0.0211568 0.128207 
0.15 0.8 0.00328528 0.124845 
0.2 0.8 0.0276021 0.13022 
0.25 0.8 0.050784 0.143793 
0.3 0.8 0.0718953 0.164294 
0.35 0.8 0.0901313 0.190008 
0.4 0.8 0.104854 0.219106 
0.45 0.8 0.115604 0.249901 
0.5 0.8 0.122095 0.280986 
0.55 0.8 0.124199 0.311266 
0.6 0.8 0.121927 0.339907 
0.65 0.8 0.115416 0.366269 
0.7 0.8 0.104922 0.389836 
0.75 0.8 0.090812 0.410168 
0.8 0.8 0.0735659 0.426879 
0.85 0.8 0.0537674 0.43963 
0.9 0.8 0.0320936 0.448146 
0.95 0.8 0.00929546 0.452231 
1 0.8 -0.0138297 0.451787 
1.05 0.8 -0.0364704 0.446824 
1.1 0.8 -0.0578355 0.437459 
1.15 0.8 -0.0771859 0.423904 
1.2 0.8 -0.0938603 0.406447 
1.25 0.8 -0.107293 0.385434 
1.3 0.8 -0.117025 0.361261 
1.35 0.8 -0.122706 0.334377 
1.4 0.8 -0.124102 0.30532 
1.45 0.8 -0.121095 0.274763 
1.5 0.8 -0.113699 0.243588 
1.55 0.8 -0.102068 0.212957 
1.6 0.8 -0.0865206 0.184347 
1.65 0.8 -0.0675508 0.1595 
1.7 0.8 -0.0458348 0.14026 
1.75 0.8 -0.0222143 0.128288 
1.8 0.8 0.00234191 0.124728 
1.85 0.8 0.0267994 0.129938 
1.9 0.8 0.0501308 0.143397 
1.95 0.8 0.0713873 0.163839 
2 0.8 0.0897564 0.189543 
2.05 0.8 0.104596 0.218666 
2.1 0.8 0.115445 0.249506 
2.15 0.8 0.122019 0.280646 
2.2 0.8 0.12419 0.310983 
2.25 0.8 0.121972 0.339678 
2.3 0.8 0.115504 0.36609 
2.35 0.8 0.105042 0.389702 
2.4 0.8 0.0909577 0.410076 
2.45 0.8 0.0737298 0.426825 
2.5 0.8 0.053943 0.439612 
2.55 0.8 0.0322749 0.448163 
2.6 0.8 0.00947661 0.452282 
2.65 0.8 -0.0136543 0.451871 
2.7 0.8 -0.0363061 0.446939 
2.75 0.8 -0.0576874 0.437604 
2.8 0.8 -0.0770586 0.424077 
2.85 0.8 -0.0937578 0.406645 
2.9 0.8 -0.107219 0.385655 
2.95 0.8 -0.116981 0.361502 
3 0.8 -0.122696 0.334635 
3.05 0.8 -0.124126 0.30559 
3.1 0.8 -0.121154 0.275039 
3.15 0.8 -0.113792 0.243862 
3.2 0.8 -0.102194 0.213219 
3.25 0.8 -0.0866751 0.184582 
3.3 0.8 -0.0677296 0.159693 
3.35 0.8 -0.0460315 0.140397 
3.4 0.8 -0.0224216 0.128357 
3.45 0.8 0.00213262 0.124723 
3.5 0.8 0.0265968 0.12986 
3.55 0.8 0.049943 0.143255 
3.6 0.8 0.0712219 0.163646 
3.65 0.8 0.0896193 0.189316 
3.7 0.8 0.104492 0.218418 
3.75 0.8 0.115377 0.249252 
3.8 0.8 0.121988 0.280396 
3.85 0.8 0.124197 0.310745 
3.9 0.8 0.122015 0.339458 
3.95 0.8 0.115581 0.365892 
4 0.8 0.105151 0.389529 
4.05 0.8 0.0910935 0.409929 
4.1 0.8 0.0738877 0.426706 
4.15 0.8 0.0541176 0.439521 
4.2 0.8 0.0324604 0.448097 
4.25 0.8 0.00966755 0.452236 
4.3 0.8 -0.0134621 0.451837 
4.35 0.8 -0.036115 0.446907 
4.4 0.8 -0.0574965 0.437559 
4.45 0.8 -0.0768634 0.424002 
4.5 0.8 -0.0935489 0.406521 
4.55 0.8 -0.106982 0.38546 
4.6 0.8 -0.116696 0.361215 
4.65 0.8 -0.122336 0.33424 
4.7 0.8 -0.123664 0.305076 
4.75 0.8 -0.120562 0.274409 
4.8 0.8 -0.113043 0.243138 
4.85 0.8 -0.101272 0.212446 
4.9 0.8 -0.0855812 0.183834 
4.95 0.8 -0.0664835 0.15906 
5 0.8 -0.0446718 0.13998 
0 0.85 -0.0430816 0.123348 
0.05 0.85 -0.0289953 0.108462 
0.1 0.85 -0.0137175 0.0992914 
0.15 0.85 0.00212671 0.0966801 
0.2 0.85 0.0178779 0.100874 
0.25 0.85 0.0328788 0.111456 
0.3 0.85 0.0465201 0.127448 
0.35 0.85 0.0582806 0.147522 
0.4 0.85 0.0677505 0.170256 
0.45 0.85 0.0746394 0.194331 
0.5 0.85 0.078771 0.218641 
0.55 0.85 0.080071 0.242314 
0.6 0.85 0.0785546 0.264685 
0.65 0.85 0.0743167 0.285245 
0.7 0.85 0.0675257 0.303587 
0.75 0.85 0.0584208 0.319374 
0.8 0.85 0.0473108 0.332315 
0.85 0.85 0.0345699 0.342167 
0.9 0.85 0.0206314 0.348735 
0.95 0.85 0.00597486 0.351881 
1 0.85 -0.00889045 0.351539 
1.05 0.85 -0.0234465 0.347716 
1.1 0.85 -0.0371882 0.340491 
1.15 0.85 -0.0496431 0.330013 
1.2 0.85 -0.0603881 0.316486 
1.25 0.85 -0.0690601 0.300162 
1.3 0.85 -0.0753626 0.281338 
1.35 0.85 -0.0790683 0.260363 
1.4 0.85 -0.0800211 0.23766 
1.45 0.85 -0.0781391 0.213767 
1.5 0.85 -0.0734215 0.189387 
1.55 0.85 -0.0659598 0.165442 
1.6 0.85 -0.0559512 0.143094 
1.65 0.85 -0.0437099 0.123703 
1.7 0.85 -0.0296718 0.108702 
1.75 0.85 -0.0143849 0.0993751 
1.8 0.85 0.00151662 0.0966029 
1.85 0.85 0.0173533 0.10066 
1.9 0.85 0.0324505 0.111148 
1.95 0.85 0.0461876 0.127089 
2 0.85 0.0580364 0.147152 
2.05 0.85 0.0675839 0.169904 
2.1 0.85 0.0745385 0.194016 
2.15 0.85 0.0787242 0.218369 
2.2 0.85 0.0800678 0.242088 
2.25 0.85 0.0785862 0.264504 
2.3 0.85 0.0743755 0.285104 
2.35 0.85 0.0676055 0.303483 
2.4 0.85 0.0585164 0.319303 
2.45 0.85 0.0474176 0.332275 
2.5 0.85 0.0346839 0.342157 
2.55 0.85 0.0207486 0.348752 
2.6 0.85 0.00609181 0.351924 
2.65 0.85 -0.00877736 0.351608 
2.7 0.85 -0.0233407 0.347808 
2.75 0.85 -0.0370928 0.340606 
2.8 0.85 -0.049561 0.330149 
2.85 0.85 -0.0603219 0.316642 
2.9 0.85 -0.0690119 0.300336 
2.95 0.85 -0.0753343 0.281528 
3 0.85 -0.0790613 0.260566 
3.05 0.85 -0.0800362 0.237873 
3.1 0.85 -0.0781766 0.213984 
3.15 0.85 -0.0734811 0.189602 
3.2 0.85 -0.0660404 0.165647 
3.25 0.85 -0.0560508 0.143278 
3.3 0.85 -0.0438254 0.123854 
3.35 0.85 -0.0297991 0.10881 
3.4 0.85 -0.014519 0.0994292 
3.45 0.85 0.0013811 0.0965992 
3.5 0.85 0.0172221 0.1006 
3.55 0.85 0.0323291 0.111037 
3.6 0.85 0.0460807 0.126939 
3.65 0.85 0.057948 0.146974 
3.7 0.85 0.0675168 0.169711 
3.75 0.85 0.0744945 0.193817 
3.8 0.85 0.0787042 0.218174 
3.85 0.85 0.0800719 0.241902 
3.9 0.85 0.0786135 0.264332 
3.95 0.85 0.0744246 0.28495 
4 0.85 0.0676742 0.303348 
4.05 0.85 0.0586021 0.319188 
4.1 0.85 0.0475168 0.332182 
4.15 0.85 0.0347929 0.342083 
4.2 0.85 0.0208637 0.348695 
4.25 0.85 0.00620938 0.351881 
4.3 0.85 -0.00866012 0.351571 
4.35 0.85 -0.0232253 0.34777 
4.4 0.85 -0.0369787 0.340554 
4.45 0.85 -0.0494451 0.33007 
4.5 0.85 -0.0601979 0.31652 
4.55 0.85 -0.0688701 0.300156 
4.6 0.85 -0.075161 0.281273 
4.65 0.85 -0.0788399 0.260224 
4.7 0.85 -0.0797477 0.237436 
4.75 0.85 -0.0778023 0.213458 
4.8 0.85 -0.0730059 0.189007 
4.85 0.85 -0.0654579 0.165021 
4.9 0.85 -0.0553693 0.142678 
4.95 0.85 -0.0430704 0.123348 
5 0.85 -0.0290024 0.108462 
0 0.9 -0.0220776 0.0843116 
0.05 0.9 -0.0148312 0.0742559 
0.1 0.9 -0.00700934 0.0680782 
0.15 0.9 0.00107995 0.0663237 
0.2 0.9 0.00911022 0.0691506 
0.25 0.9 0.0167485 0.0762838 
0.3 0.9 0.0236837 0.0870754 
0.35 0.9 0.0296503 0.100645 
0.4 0.9 0.0344417 0.116039 
0.45 0.9 0.0379141 0.132368 
0.5 0.9 0.0399828 0.148876 
0.55 0.9 0.0406149 0.164962 
0.6 0.9 0.039822 0.180165 
0.65 0.9 0.0376551 0.19413 
0.7 0.9 0.0342007 0.206578 
0.75 0.9 0.0295804 0.217278 
0.8 0.9 0.0239497 0.226038 
0.85 0.9 0.0174974 0.232699 
0.9 0.9 0.0104415 0.237134 
0.95 0.9 0.00302366 0.239258 
1 0.9 -0.00449947 0.239027 
1.05 0.9 -0.0118668 0.236446 
1.1 0.9 -0.0188236 0.231566 
1.15 0.9 -0.0251321 0.22448 
1.2 0.9 -0.030579 0.21532 
1.25 0.9 -0.0349816 0.204253 
1.3 0.9 -0.03819 0.191476 
1.35 0.9 -0.0400888 0.177226 
1.4 0.9 -0.0405969 0.161797 
1.45 0.9 -0.03967 0.145562 
1.5 0.9 -0.0373033 0.12901 
1.55 0.9 -0.0335384 0.112775 
1.6 0.9 -0.0284705 0.0976478 
1.65 0.9 -0.0222562 0.084547 
1.7 0.9 -0.015116 0.0744292 
1.75 0.9 -0.00733057 0.0681463 
1.8 0.9 0.000772919 0.0662802 
1.85 0.9 0.00884282 0.0690118 
1.9 0.9 0.0165301 0.0760776 
1.95 0.9 0.023515 0.0868328 
2 0.9 0.0295275 0.100393 
2.05 0.9 0.034359 0.115799 
2.1 0.9 0.0378652 0.132151 
2.15 0.9 0.0399614 0.148689 
2.2 0.9 0.0406155 0.164807 
2.25 0.9 0.03984 0.18004 
2.3 0.9 0.0376865 0.194034 
2.35 0.9 0.0342424 0.206507 
2.4 0.9 0.0296297 0.21723 
2.45 0.9 0.0240045 0.226012 
2.5 0.9 0.0175556 0.232693 
2.55 0.9 0.0105012 0.237147 
2.6 0.9 0.00308302 0.239288 
2.65 0.9 -0.00444215 0.239075 
2.7 0.9 -0.0118131 0.23651 
2.75 0.9 -0.0187753 0.231645 
2.8 0.9 -0.0250904 0.224574 
2.85 0.9 -0.0305454 0.215427 
2.9 0.9 -0.0349571 0.204372 
2.95 0.9 -0.0381755 0.191605 
3 0.9 -0.0400849 0.177365 
3.05 0.9 -0.0406043 0.161942 
3.1 0.9 -0.0396887 0.14571 
3.15 0.9 -0.0373333 0.129156 
3.2 0.9 -0.0335791 0.112914 
3.25 0.9 -0.028521 0.0977724 
3.3 0.9 -0.0223148 0.0846493 
3.35 0.9 -0.0151808 0.0745017 
3.4 0.9 -0.00739889 0.0681829 
3.45 0.9 0.000703876 0.0662779 
3.5 0.9 0.008776 0.0689713 
3.55 0.9 0.0164683 0.0760033 
3.6 0.9 0.0234607 0.0867315 
3.65 0.9 0.0294827 0.100273 
3.7 0.9 0.0343251 0.115668 
3.75 0.9 0.037843 0.132017 
3.8 0.9 0.0399514 0.148557 
3.85 0.9 0.0406176 0.16468 
3.9 0.9 0.0398538 0.179923 
3.95 0.9 0.0377112 0.193928 
4 0.9 0.0342768 0.206415 
4.05 0.9 0.0296724 0.217152 
4.1 0.9 0.0240537 0.225947 
4.15 0.9 0.0176094 0.232641 
4.2 0.9 0.0105575 0.237106 
4.25 0.9 0.00314007 0.239256 
4.3 0.9 -0.00438592 0.239045 
4.35 0.9 -0.0117586 0.236478 
4.4 0.9 -0.0187221 0.231602 
4.45 0.9 -0.0250372 0.224511 
4.5 0.9 -0.0304888 0.215334 
4.55 0.9 -0.034892 0.204237 
4.6 0.9 -0.0380949 0.191419 
4.65 0.9 -0.03998 0.177118 
4.7 0.9 -0.040465 0.161632 
4.75 0.9 -0.0395055 0.145342 
4.8 0.9 -0.037099 0.128745 
4.85 0.9 -0.0332937 0.112488 
4.9 0.9 -0.0281975 0.09737 
4.95 0.9 -0.0219865 0.0843116 
5 0.9 -0.0148924 0.0742559 
0 0.95 -0.00652243 0.0428285 
0.05 0.95 -0.00430038 0.0378307 
0.1 0.95 -0.00201911 0.0347759 
0.15 0.95 0.00030887 0.0339106 
0.2 0.95 0.00261216 0.0353094 
0.25 0.95 0.00479953 0.0388402 
0.3 0.95 0.00678182 0.044191 
0.35 0.95 0.00848285 0.0509341 
0.4 0.95 0.00984432 0.0586029 
0.45 0.95 0.0108266 0.0667558 
0.5 0.95 0.0114074 0.0750136 
0.55 0.95 0.0115791 0.0830718 
0.6 0.95 0.0113462 0.0906941 
0.65 0.95 0.0107239 0.0976983 
0.7 0.95 0.00973707 0.103941 
0.75 0.95 0.00842001 0.109305 
0.8 0.95 0.00681654 0.113695 
0.85 0.95 0.00497986 0.117032 
0.9 0.95 0.00297166 0.119252 
0.95 0.95 0.000860535 0.120315 
1 0.95 -0.00128056 0.120199 
1.05 0.95 -0.00337734 0.118908 
1.1 0.95 -0.00535743 0.116464 
1.15 0.95 -0.00715335 0.112914 
1.2 0.95 -0.00870484 0.108324 
1.25 0.95 -0.00996035 0.102774 
1.3 0.95 -0.0108777 0.0963661 
1.35 0.95 -0.0114242 0.0892195 
1.4 0.95 -0.0115765 0.0814848 
1.45 0.95 -0.0113212 0.073354 
1.5 0.95 -0.0106554 0.0650769 
1.55 0.95 -0.00958923 0.0569748 
1.6 0.95 -0.00814802 0.0494435 
1.65 0.95 -0.006375 0.0429371 
1.7 0.95 -0.00433272 0.0379233 
1.75 0.95 -0.00210207 0.0348151 
1.8 0.95 0.00022165 0.0338927 
1.85 0.95 0.00253554 0.035243 
1.9 0.95 0.0047375 0.0387395 
1.95 0.95 0.00673452 0.0440712 
2 0.95 0.00844898 0.0508089 
2.05 0.95 0.00982202 0.0584825 
2.1 0.95 0.0108139 0.0666468 
2.15 0.95 0.0114025 0.0749193 
2.2 0.95 0.0115802 0.0829933 
2.25 0.95 0.0113521 0.090631 
2.3 0.95 0.0107334 0.0976495 
2.35 0.95 0.00974938 0.103905 
2.4 0.95 0.00843436 0.109282 
2.45 0.95 0.00683232 0.113682 
2.5 0.95 0.00499652 0.117029 
2.55 0.95 0.00298869 0.119259 
2.6 0.95 0.000877445 0.120331 
2.65 0.95 -0.00126425 0.120224 
2.7 0.95 -0.0033621 0.11894 
2.75 0.95 -0.00534369 0.116504 
2.8 0.95 -0.00714151 0.112962 
2.85 0.95 -0.00869526 0.108378 
2.9 0.95 -0.00995333 0.102835 
2.95 0.95 -0.0108735 0.0964315 
3 0.95 -0.011423 0.0892892 
3.05 0.95 -0.0115785 0.0815576 
3.1 0.95 -0.0113264 0.0734282 
3.15 0.95 -0.0106638 0.0651502 
3.2 0.95 -0.00960076 0.0570442 
3.25 0.95 -0.00816236 0.0495056 
3.3 0.95 -0.00639173 0.042988 
3.35 0.95 -0.00435124 0.0379593 
3.4 0.95 -0.00212165 0.0348332 
3.45 0.95 0.00020186 0.0338916 
3.5 0.95 0.00251639 0.0352231 
3.55 0.95 0.00471982 0.0387028 
3.6 0.95 0.00671902 0.044021 
3.65 0.95 0.00843622 0.0507492 
3.7 0.95 0.00981239 0.0584173 
3.75 0.95 0.0108077 0.0665796 
3.8 0.95 0.0113997 0.074853 
3.85 0.95 0.0115808 0.08293 
3.9 0.95 0.011356 0.0905723 
3.95 0.95 0.0107404 0.0975966 
4 0.95 0.00975908 0.103859 
4.05 0.95 0.00844635 0.109242 
4.1 0.95 0.0068461 0.11365 
4.15 0.95 0.0050115 0.117002 
4.2 0.95 0.00300427 0.119238 
4.25 0.95 0.000893044 0.120313 
4.3 0.95 -0.00124911 0.120207 
4.35 0.95 -0.00334768 0.118922 
4.4 0.95 -0.00533 0.11648 
4.45 0.95 -0.00712813 0.112928 
4.5 0.95 -0.00868128 0.108328 
4.55 0.95 -0.00993729 0.102764 
4.6 0.95 -0.0108533 0.0963347 
4.65 0.95 -0.011396 0.0891627 
4.7 0.95 -0.0115417 0.0814 
4.75 0.95 -0.0112768 0.0732423 
4.8 0.95 -0.0105994 0.0649447 
4.85 0.95 -0.00952252 0.0568341 
4.9 0.95 -0.00808017 0.0493113 
4.95 0.95 -0.00633981 0.0428285 
5 0.95 -0.00442381 0.0378307 
0 1 0 0 
0.05 1 0 0 
0.1 1 0 0 
0.15 1 0 0 
0.2 1 0 0 
0.25 1 0 0 
0.3 1 0 0 
0.35 1 0 0 
0.4 1 0 0 
0.45 1 0 0 
0.5 1 0 0 
0.55 1 0 0 
0.6 1 0 0 
0.65 1 0 0 
0.7 1 0 0 
0.75 1 0 0 
0.8 1 0 0 
0.85 1 0 0 
0.9 1 0 0 
0.95 1 0 0 
1 1 0 0 
1.05 1 0 0 
1.1 1 0 0 
1.15 1 0 0 
1.2 1 0 0 
1.25 1 0 0 
1.3 1 0 0 
1.35 1 0 0 
1.4 1 0 0 
1.45 1 0 0 
1.5 1 0 0 
1.55 1 0 0 
1.6 1 0 0 
1.65 1 0 0 
1.7 1 0 0 
1.75 1 0 0 
1.8 1 0 0 
1.85 1 0 0 
1.9 1 0 0 
1.95 1 0 0 
2 1 0 0 
2.05 1 0 0 
2.1 1 0 0 
2.15 1 0 0 
2.2 1 0 0 
2.25 1 0 0 
2.3 1 0 0 
2.35 1 0 0 
2.4 1 0 0 
2.45 1 0 0 
2.5 1 0 0 
2.55 1 0 0 
2.6 1 0 0 
2.65 1 0 0 
2.7 1 0 0 
2.75 1 0 0 
2.8 1 0 0 
2.85 1 0 0 
2.9 1 0 0 
2.95 1 0 0 
3 1 0 0 
3.05 1 0 0 
3.1 1 0 0 
3.15 1 0 0 
3.2 1 0 0 
3.25 1 0 0 
3.3 1 0 0 
3.35 1 0 0 
3.4 1 0 0 
3.45 1 0 0 
3.5 1 0 0 
3.55 1 0 0 
3.6 1 0 0 
3.65 1 0 0 
3.7 1 0 0 
3.75 1 0 0 
3.8 1 0 0 
3.85 1 0 0 
3.9 1 0 0 
3.95 1 0 0 
4 1 0 0 
4.05 1 0 0 
4.1 1 0 0 
4.15 1 0 0 
4.2 1 0 0 
4.25 1 0 0 
4.3 1 0 0 
4.35 1 0 0 
4.4 1 0 0 
4.45 1 0 0 
4.5 1 0 0 
4.55 1 0 0 
4.6 1 0 0 
4.65 1 0 0 
4.7 1 0 0 
4.75 1 0 0 
4.8 1 0 0 
4.85 1 0 0 
4.9 1 0 0 
4.95 1 0 0 
5 1 0 0 
