x, y, ksi, T
#iter= 2030000
0 0 0 1 
0.05 0 0 1 
0.1 0 0 1 
0.15 0 0 1 
0.2 0 0 1 
0.25 0 0 1 
0.3 0 0 1 
0.35 0 0 1 
0.4 0 0 1 
0.45 0 0 1 
0.5 0 0 1 
0.55 0 0 1 
0.6 0 0 1 
0.65 0 0 1 
0.7 0 0 1 
0.75 0 0 1 
0.8 0 0 1 
0.85 0 0 1 
0.9 0 0 1 
0.95 0 0 1 
1 0 0 1 
1.05 0 0 1 
1.1 0 0 1 
1.15 0 0 1 
1.2 0 0 1 
1.25 0 0 1 
1.3 0 0 1 
1.35 0 0 1 
1.4 0 0 1 
1.45 0 0 1 
1.5 0 0 1 
1.55 0 0 1 
1.6 0 0 1 
1.65 0 0 1 
1.7 0 0 1 
1.75 0 0 1 
1.8 0 0 1 
1.85 0 0 1 
1.9 0 0 1 
1.95 0 0 1 
2 0 0 1 
2.05 0 0 1 
2.1 0 0 1 
2.15 0 0 1 
2.2 0 0 1 
2.25 0 0 1 
2.3 0 0 1 
2.35 0 0 1 
2.4 0 0 1 
2.45 0 0 1 
2.5 0 0 1 
2.55 0 0 1 
2.6 0 0 1 
2.65 0 0 1 
2.7 0 0 1 
2.75 0 0 1 
2.8 0 0 1 
2.85 0 0 1 
2.9 0 0 1 
2.95 0 0 1 
3 0 0 1 
3.05 0 0 1 
3.1 0 0 1 
3.15 0 0 1 
3.2 0 0 1 
3.25 0 0 1 
3.3 0 0 1 
3.35 0 0 1 
3.4 0 0 1 
3.45 0 0 1 
3.5 0 0 1 
3.55 0 0 1 
3.6 0 0 1 
3.65 0 0 1 
3.7 0 0 1 
3.75 0 0 1 
3.8 0 0 1 
3.85 0 0 1 
3.9 0 0 1 
3.95 0 0 1 
4 0 0 1 
4.05 0 0 1 
4.1 0 0 1 
4.15 0 0 1 
4.2 0 0 1 
4.25 0 0 1 
4.3 0 0 1 
4.35 0 0 1 
4.4 0 0 1 
4.45 0 0 1 
4.5 0 0 1 
4.55 0 0 1 
4.6 0 0 1 
4.65 0 0 1 
4.7 0 0 1 
4.75 0 0 1 
4.8 0 0 1 
4.85 0 0 1 
4.9 0 0 1 
4.95 0 0 1 
5 0 0 1 
0 0.05 -0.00642326 0.884625 
0.05 0.05 -0.00432619 0.881642 
0.1 0.05 -0.00213881 0.87991 
0.15 0.05 7.27307e-05 0.879406 
0.2 0.05 0.00225039 0.880112 
0.25 0.05 0.00433029 0.882001 
0.3 0.05 0.00624785 0.885028 
0.35 0.05 0.00794252 0.889132 
0.4 0.05 0.00936063 0.894237 
0.45 0.05 0.010457 0.900252 
0.5 0.05 0.0111952 0.907065 
0.55 0.05 0.0115482 0.914543 
0.6 0.05 0.0114981 0.922516 
0.65 0.05 0.0110368 0.930766 
0.7 0.05 0.0101681 0.939009 
0.75 0.05 0.00890934 0.946885 
0.8 0.05 0.00729482 0.953965 
0.85 0.05 0.00537745 0.959783 
0.9 0.05 0.00322933 0.963887 
0.95 0.05 0.000939301 0.965923 
1 0.05 -0.0013925 0.965702 
1.05 0.05 -0.00366246 0.963245 
1.1 0.05 -0.00577212 0.958779 
1.15 0.05 -0.00763557 0.952683 
1.2 0.05 -0.00918439 0.945416 
1.25 0.05 -0.0103695 0.937444 
1.3 0.05 -0.0111602 0.929182 
1.35 0.05 -0.011542 0.920976 
1.4 0.05 -0.0115141 0.913096 
1.45 0.05 -0.0110868 0.905749 
1.5 0.05 -0.0102804 0.899099 
1.55 0.05 -0.00912478 0.893273 
1.6 0.05 -0.00765909 0.888377 
1.65 0.05 -0.00593207 0.884498 
1.7 0.05 -0.00400142 0.881708 
1.75 0.05 -0.00193259 0.880057 
1.8 0.05 0.000203257 0.879578 
1.85 0.05 0.00233206 0.88028 
1.9 0.05 0.00438007 0.882149 
1.95 0.05 0.00627702 0.885149 
2 0.05 0.00795878 0.889226 
2.05 0.05 0.0093693 0.894305 
2.1 0.05 0.0104617 0.900295 
2.15 0.05 0.0111984 0.907087 
2.2 0.05 0.0115516 0.914548 
2.25 0.05 0.0115026 0.922507 
2.3 0.05 0.0110431 0.930747 
2.35 0.05 0.0101765 0.938983 
2.4 0.05 0.00891996 0.946856 
2.45 0.05 0.00730746 0.953939 
2.5 0.05 0.00539178 0.959763 
2.55 0.05 0.00324484 0.963877 
2.6 0.05 0.000955361 0.965926 
2.65 0.05 -0.00137659 0.965719 
2.7 0.05 -0.00364742 0.963276 
2.75 0.05 -0.0057586 0.958821 
2.8 0.05 -0.00762413 0.952734 
2.85 0.05 -0.00917547 0.945474 
2.9 0.05 -0.0103634 0.937505 
2.95 0.05 -0.0111571 0.929244 
3 0.05 -0.011542 0.921036 
3.05 0.05 -0.0115172 0.913152 
3.1 0.05 -0.0110929 0.905801 
3.15 0.05 -0.0102894 0.899145 
3.2 0.05 -0.00913633 0.893312 
3.25 0.05 -0.00767292 0.888408 
3.3 0.05 -0.00594776 0.884522 
3.35 0.05 -0.00401848 0.881722 
3.4 0.05 -0.00195046 0.880062 
3.45 0.05 0.000185173 0.879573 
3.5 0.05 0.00231438 0.880265 
3.55 0.05 0.00436342 0.882124 
3.6 0.05 0.00626198 0.885115 
3.65 0.05 0.00794588 0.889182 
3.7 0.05 0.00935903 0.894253 
3.75 0.05 0.0104544 0.900235 
3.8 0.05 0.0111946 0.90702 
3.85 0.05 0.0115514 0.914475 
3.9 0.05 0.0115063 0.92243 
3.95 0.05 0.0110509 0.930668 
4 0.05 0.0101884 0.938906 
4.05 0.05 0.00893582 0.946785 
4.1 0.05 0.00732706 0.953879 
4.15 0.05 0.00541465 0.959721 
4.2 0.05 0.00327031 0.963859 
4.25 0.05 0.000982552 0.965936 
4.3 0.05 -0.0013487 0.965762 
4.35 0.05 -0.00361993 0.963352 
4.4 0.05 -0.00573267 0.958931 
4.45 0.05 -0.00760095 0.952875 
4.5 0.05 -0.00915632 0.945643 
4.55 0.05 -0.0103498 0.937699 
4.6 0.05 -0.0111511 0.92946 
4.65 0.05 -0.0115466 0.921272 
4.7 0.05 -0.0115367 0.913404 
4.75 0.05 -0.0111339 0.906063 
4.8 0.05 -0.0103619 0.899406 
4.85 0.05 -0.00925593 0.893557 
4.9 0.05 -0.00786369 0.888608 
4.95 0.05 -0.00624501 0.884625 
5 0.05 -0.0044475 0.881642 
0 0.1 -0.0216705 0.770584 
0.05 0.1 -0.0148078 0.764728 
0.1 0.1 -0.00735381 0.761257 
0.15 0.1 0.000321811 0.760232 
0.2 0.1 0.00793382 0.761631 
0.25 0.1 0.0152244 0.765395 
0.3 0.1 0.0219533 0.771433 
0.35 0.1 0.0279015 0.77962 
0.4 0.1 0.0328766 0.789801 
0.45 0.1 0.0367168 0.801791 
0.5 0.1 0.0392929 0.815372 
0.55 0.1 0.0405091 0.830283 
0.6 0.1 0.0403044 0.846194 
0.65 0.1 0.0386547 0.862677 
0.7 0.1 0.0355786 0.879175 
0.75 0.1 0.0311442 0.894975 
0.8 0.1 0.025477 0.909214 
0.85 0.1 0.018766 0.92094 
0.9 0.1 0.0112631 0.92923 
0.95 0.1 0.00327487 0.933347 
1 0.1 -0.00485605 0.9329 
1.05 0.1 -0.0127758 0.927932 
1.1 0.1 -0.0201469 0.918914 
1.15 0.1 -0.0266726 0.90663 
1.2 0.1 -0.0321129 0.892024 
1.25 0.1 -0.0362916 0.876037 
1.3 0.1 -0.0390952 0.859507 
1.35 0.1 -0.0404666 0.843114 
1.4 0.1 -0.0403968 0.827391 
1.45 0.1 -0.0389187 0.812742 
1.5 0.1 -0.0361022 0.799483 
1.55 0.1 -0.0320521 0.787865 
1.6 0.1 -0.0269078 0.778097 
1.65 0.1 -0.0208421 0.770356 
1.7 0.1 -0.0140592 0.764784 
1.75 0.1 -0.00679028 0.761486 
1.8 0.1 0.000714283 0.760529 
1.85 0.1 0.00819409 0.761931 
1.9 0.1 0.0153899 0.765665 
1.95 0.1 0.0220541 0.771656 
2 0.1 0.0279603 0.779792 
2.05 0.1 0.03291 0.789923 
2.1 0.1 0.0367366 0.801868 
2.15 0.1 0.0393073 0.81541 
2.2 0.1 0.0405237 0.830288 
2.25 0.1 0.0403227 0.846171 
2.3 0.1 0.038679 0.862635 
2.35 0.1 0.0356099 0.87912 
2.4 0.1 0.0311827 0.894915 
2.45 0.1 0.0255223 0.909159 
2.5 0.1 0.0188168 0.920898 
2.55 0.1 0.0113178 0.929209 
2.6 0.1 0.00333131 0.933352 
2.65 0.1 -0.00480028 0.932934 
2.7 0.1 -0.0127231 0.927994 
2.75 0.1 -0.0200996 0.918999 
2.8 0.1 -0.0266325 0.906734 
2.85 0.1 -0.0320816 0.89214 
2.9 0.1 -0.0362702 0.87616 
2.95 0.1 -0.0390844 0.85963 
3 0.1 -0.0404666 0.843234 
3.05 0.1 -0.0404078 0.827504 
3.1 0.1 -0.0389403 0.812846 
3.15 0.1 -0.0361338 0.799575 
3.2 0.1 -0.0320929 0.787944 
3.25 0.1 -0.0269566 0.778161 
3.3 0.1 -0.0208974 0.770403 
3.35 0.1 -0.0141193 0.764812 
3.4 0.1 -0.00685315 0.761496 
3.45 0.1 0.000650716 0.76052 
3.5 0.1 0.00813201 0.761902 
3.55 0.1 0.0153314 0.765616 
3.6 0.1 0.0220014 0.771588 
3.65 0.1 0.0279152 0.779705 
3.7 0.1 0.0328742 0.789819 
3.75 0.1 0.0367116 0.801749 
3.8 0.1 0.0392942 0.815277 
3.85 0.1 0.0405236 0.830143 
3.9 0.1 0.0403364 0.846018 
3.95 0.1 0.0387069 0.862477 
4 0.1 0.035652 0.878966 
4.05 0.1 0.0312387 0.894773 
4.1 0.1 0.0255911 0.909039 
4.15 0.1 0.0188968 0.920813 
4.2 0.1 0.0114066 0.92917 
4.25 0.1 0.00342581 0.933371 
4.3 0.1 -0.0047035 0.933017 
4.35 0.1 -0.0126278 0.928145 
4.4 0.1 -0.0200098 0.919216 
4.45 0.1 -0.0265523 0.907012 
4.5 0.1 -0.0320153 0.892474 
4.55 0.1 -0.0362232 0.876542 
4.6 0.1 -0.0390634 0.860055 
4.65 0.1 -0.0404811 0.843697 
4.7 0.1 -0.0404711 0.827996 
4.75 0.1 -0.0390715 0.813356 
4.8 0.1 -0.036359 0.800082 
4.85 0.1 -0.0324452 0.788411 
4.9 0.1 -0.0274702 0.778529 
4.95 0.1 -0.0215813 0.770584 
5 0.1 -0.0148664 0.764728 
0 0.15 -0.0422166 0.66269 
0.05 0.15 -0.02881 0.65414 
0.1 0.15 -0.0142545 0.649029 
0.15 0.15 0.000795342 0.647498 
0.2 0.15 0.0157657 0.649549 
0.25 0.15 0.0301281 0.655101 
0.3 0.15 0.0433935 0.664015 
0.35 0.15 0.0551196 0.676098 
0.4 0.15 0.0649202 0.691111 
0.45 0.15 0.0724719 0.708774 
0.5 0.15 0.0775182 0.728766 
0.55 0.15 0.0798712 0.750703 
0.6 0.15 0.0794145 0.77411 
0.65 0.15 0.076108 0.798374 
0.7 0.15 0.0699971 0.822687 
0.75 0.15 0.0612257 0.846006 
0.8 0.15 0.0500492 0.867061 
0.85 0.15 0.0368436 0.884432 
0.9 0.15 0.0221036 0.896731 
0.95 0.15 0.00642491 0.902845 
1 0.15 -0.00952933 0.90218 
1.05 0.15 -0.0250757 0.894803 
1.1 0.15 -0.0395609 0.881425 
1.15 0.15 -0.0524069 0.863235 
1.2 0.15 -0.0631416 0.841643 
1.25 0.15 -0.0714131 0.818054 
1.3 0.15 -0.0769892 0.793697 
1.35 0.15 -0.0797475 0.769567 
1.4 0.15 -0.0796614 0.746431 
1.45 0.15 -0.0767889 0.724873 
1.5 0.15 -0.0712636 0.705345 
1.55 0.15 -0.0632912 0.688215 
1.6 0.15 -0.0531469 0.673796 
1.65 0.15 -0.0411739 0.662353 
1.7 0.15 -0.0277775 0.654107 
1.75 0.15 -0.0134167 0.649223 
1.8 0.15 0.0014116 0.647805 
1.85 0.15 0.0161908 0.649883 
1.9 0.15 0.0304064 0.655412 
1.95 0.15 0.0435673 0.664276 
2 0.15 0.0552239 0.6763 
2.05 0.15 0.0649818 0.691252 
2.1 0.15 0.0725107 0.708859 
2.15 0.15 0.0775484 0.7288 
2.2 0.15 0.0799027 0.750694 
2.25 0.15 0.0794537 0.774066 
2.3 0.15 0.0761588 0.798304 
2.35 0.15 0.0700615 0.8226 
2.4 0.15 0.061304 0.845915 
2.45 0.15 0.0501402 0.866977 
2.5 0.15 0.0369451 0.884368 
2.55 0.15 0.0222122 0.896698 
2.6 0.15 0.00653661 0.902851 
2.65 0.15 -0.00941919 0.902229 
2.7 0.15 -0.0249717 0.894894 
2.75 0.15 -0.0394675 0.881552 
2.8 0.15 -0.0523278 0.863388 
2.85 0.15 -0.0630797 0.841815 
2.9 0.15 -0.0713706 0.818234 
2.95 0.15 -0.0769677 0.793878 
3 0.15 -0.0797475 0.769744 
3.05 0.15 -0.079683 0.746598 
3.1 0.15 -0.0768315 0.725026 
3.15 0.15 -0.0713261 0.705481 
3.2 0.15 -0.0633719 0.688332 
3.25 0.15 -0.0532435 0.673891 
3.3 0.15 -0.0412833 0.662423 
3.35 0.15 -0.0278963 0.65415 
3.4 0.15 -0.013541 0.649239 
3.45 0.15 0.00128595 0.647792 
3.5 0.15 0.0160681 0.64984 
3.55 0.15 0.0302911 0.65534 
3.6 0.15 0.0434634 0.664176 
3.65 0.15 0.0551352 0.676173 
3.7 0.15 0.0649117 0.6911 
3.75 0.15 0.072462 0.708684 
3.8 0.15 0.0775235 0.728605 
3.85 0.15 0.0799035 0.750481 
3.9 0.15 0.0794816 0.773841 
3.95 0.15 0.0762146 0.798073 
4 0.15 0.0701451 0.822373 
4.05 0.15 0.0614144 0.845704 
4.1 0.15 0.0502754 0.866799 
4.15 0.15 0.0371017 0.88424 
4.2 0.15 0.0223856 0.896639 
4.25 0.15 0.00672091 0.902877 
4.3 0.15 -0.0092306 0.90235 
4.35 0.15 -0.0247861 0.895112 
4.4 0.15 -0.0392922 0.881866 
4.45 0.15 -0.0521704 0.863791 
4.5 0.15 -0.0629484 0.842296 
4.55 0.15 -0.0712747 0.818783 
4.6 0.15 -0.0769185 0.794486 
4.65 0.15 -0.0797605 0.7704 
4.7 0.15 -0.079779 0.747291 
4.75 0.15 -0.0770383 0.725736 
4.8 0.15 -0.0716785 0.706178 
4.85 0.15 -0.063907 0.688967 
4.9 0.15 -0.0539856 0.674387 
4.95 0.15 -0.0422028 0.66269 
5 0.15 -0.0288165 0.65414 
0 0.2 -0.0650644 0.566682 
0.05 0.2 -0.0442865 0.555731 
0.1 0.2 -0.0217907 0.549158 
0.15 0.2 0.00149391 0.547175 
0.2 0.2 0.0246885 0.549816 
0.25 0.2 0.0469613 0.556987 
0.3 0.2 0.0675386 0.5685 
0.35 0.2 0.0857217 0.584085 
0.4 0.2 0.100902 0.603412 
0.45 0.2 0.112575 0.626104 
0.5 0.2 0.12034 0.651737 
0.55 0.2 0.123911 0.67982 
0.6 0.2 0.123115 0.709756 
0.65 0.2 0.117901 0.740776 
0.7 0.2 0.108352 0.771865 
0.75 0.2 0.0947056 0.801703 
0.8 0.2 0.0773668 0.828667 
0.85 0.2 0.0569226 0.850935 
0.9 0.2 0.0341362 0.866715 
0.95 0.2 0.00991961 0.874563 
1 0.2 -0.0147165 0.873709 
1.05 0.2 -0.0387317 0.864238 
1.1 0.2 -0.0611297 0.847076 
1.15 0.2 -0.0810243 0.823759 
1.2 0.2 -0.0976858 0.796111 
1.25 0.2 -0.110563 0.765929 
1.3 0.2 -0.119286 0.734781 
1.35 0.2 -0.12365 0.703925 
1.4 0.2 -0.123601 0.674323 
1.45 0.2 -0.119218 0.646706 
1.5 0.2 -0.1107 0.621645 
1.55 0.2 -0.09836 0.599612 
1.6 0.2 -0.0826253 0.581019 
1.65 0.2 -0.0640293 0.566226 
1.7 0.2 -0.0432051 0.555543 
1.75 0.2 -0.0208705 0.549207 
1.8 0.2 0.0021963 0.547366 
1.85 0.2 0.0251862 0.550063 
1.9 0.2 0.0472933 0.557236 
1.95 0.2 0.0677489 0.568716 
2 0.2 0.0858496 0.584251 
2.05 0.2 0.10098 0.603523 
2.1 0.2 0.112627 0.62616 
2.15 0.2 0.120385 0.651742 
2.2 0.2 0.123961 0.679781 
2.25 0.2 0.123178 0.70968 
2.3 0.2 0.117983 0.740673 
2.35 0.2 0.108456 0.771745 
2.4 0.2 0.0948302 0.801579 
2.45 0.2 0.0775107 0.828555 
2.5 0.2 0.0570821 0.85085 
2.55 0.2 0.0343061 0.866671 
2.6 0.2 0.0100937 0.874571 
2.65 0.2 -0.0145452 0.873772 
2.7 0.2 -0.0385702 0.864356 
2.75 0.2 -0.0609845 0.847239 
2.8 0.2 -0.0809013 0.823957 
2.85 0.2 -0.0975895 0.796332 
2.9 0.2 -0.110497 0.76616 
2.95 0.2 -0.119252 0.735014 
3 0.2 -0.12365 0.704152 
3.05 0.2 -0.123635 0.674539 
3.1 0.2 -0.119284 0.646904 
3.15 0.2 -0.110797 0.621822 
3.2 0.2 -0.0984856 0.599764 
3.25 0.2 -0.0827756 0.581142 
3.3 0.2 -0.0641997 0.566319 
3.35 0.2 -0.0433902 0.555601 
3.4 0.2 -0.0210641 0.549229 
3.45 0.2 0.00200076 0.54735 
3.5 0.2 0.0249955 0.550009 
3.55 0.2 0.0471143 0.557144 
3.6 0.2 0.0675878 0.568588 
3.65 0.2 0.0857123 0.584089 
3.7 0.2 0.100872 0.603329 
3.75 0.2 0.112552 0.625937 
3.8 0.2 0.120347 0.651493 
3.85 0.2 0.123963 0.67951 
3.9 0.2 0.123223 0.709394 
3.95 0.2 0.11807 0.740379 
4 0.2 0.108585 0.771456 
4.05 0.2 0.095001 0.801311 
4.1 0.2 0.077719 0.828328 
4.15 0.2 0.0573227 0.850687 
4.2 0.2 0.0345719 0.866595 
4.25 0.2 0.0103759 0.874602 
4.3 0.2 -0.0142565 0.873923 
4.35 0.2 -0.0382855 0.86463 
4.4 0.2 -0.0607147 0.847632 
4.45 0.2 -0.080657 0.824459 
4.5 0.2 -0.0973818 0.796928 
4.55 0.2 -0.110338 0.766837 
4.6 0.2 -0.119155 0.735756 
4.65 0.2 -0.123633 0.704945 
4.7 0.2 -0.123721 0.675365 
4.75 0.2 -0.119502 0.64774 
4.8 0.2 -0.111179 0.622632 
4.85 0.2 -0.099061 0.600496 
4.9 0.2 -0.0835496 0.581726 
4.95 0.2 -0.0651141 0.566682 
5 0.2 -0.04425 0.555731 
0 0.25 -0.0878689 0.486833 
0.05 0.25 -0.0596567 0.473805 
0.1 0.25 -0.0291797 0.465968 
0.15 0.25 0.00237264 0.4636 
0.2 0.25 0.0338229 0.46677 
0.25 0.25 0.0640341 0.47537 
0.3 0.25 0.0919414 0.489148 
0.35 0.25 0.116583 0.507738 
0.4 0.25 0.137124 0.530703 
0.45 0.25 0.152876 0.557555 
0.5 0.25 0.163301 0.587772 
0.55 0.25 0.168018 0.620771 
0.6 0.25 0.166807 0.655859 
0.65 0.25 0.159613 0.692156 
0.7 0.25 0.146571 0.728495 
0.75 0.25 0.128016 0.763355 
0.8 0.25 0.10451 0.794851 
0.85 0.25 0.0768517 0.820863 
0.9 0.25 0.0460697 0.839296 
0.95 0.25 0.0133835 0.848464 
1 0.25 -0.019861 0.847465 
1.05 0.25 -0.0522793 0.836401 
1.1 0.25 -0.0825436 0.81635 
1.15 0.25 -0.109467 0.789112 
1.2 0.25 -0.132066 0.756812 
1.25 0.25 -0.149588 0.721543 
1.3 0.25 -0.161516 0.685123 
1.35 0.25 -0.167557 0.649 
1.4 0.25 -0.167619 0.614278 
1.45 0.25 -0.16179 0.581793 
1.5 0.25 -0.150327 0.55221 
1.55 0.25 -0.133646 0.526093 
1.6 0.25 -0.11232 0.503955 
1.65 0.25 -0.0870738 0.486267 
1.7 0.25 -0.0587708 0.473445 
1.75 0.25 -0.0283939 0.465819 
1.8 0.25 0.00298873 0.4636 
1.85 0.25 0.0342656 0.466851 
1.9 0.25 0.0643301 0.475479 
1.95 0.25 0.0921272 0.48925 
2 0.25 0.116695 0.507813 
2.05 0.25 0.137193 0.530739 
2.1 0.25 0.152927 0.557551 
2.15 0.25 0.163353 0.587726 
2.2 0.25 0.168083 0.620687 
2.25 0.25 0.166894 0.655744 
2.3 0.25 0.159728 0.692017 
2.35 0.25 0.146715 0.728343 
2.4 0.25 0.128188 0.763203 
2.45 0.25 0.104708 0.794716 
2.5 0.25 0.0770705 0.820761 
2.55 0.25 0.046302 0.839244 
2.6 0.25 0.0136207 0.848474 
2.65 0.25 -0.019628 0.847541 
2.7 0.25 -0.0520598 0.836539 
2.75 0.25 -0.0823465 0.816543 
2.8 0.25 -0.1093 0.789345 
2.85 0.25 -0.131935 0.757072 
2.9 0.25 -0.149498 0.721816 
2.95 0.25 -0.16147 0.685398 
3 0.25 -0.167556 0.649269 
3.05 0.25 -0.167664 0.614533 
3.1 0.25 -0.16188 0.582029 
3.15 0.25 -0.150459 0.552422 
3.2 0.25 -0.133817 0.526277 
3.25 0.25 -0.112525 0.504105 
3.3 0.25 -0.0873058 0.48638 
3.35 0.25 -0.0590228 0.473517 
3.4 0.25 -0.0286575 0.465848 
3.45 0.25 0.00272257 0.463583 
3.5 0.25 0.0340063 0.466788 
3.55 0.25 0.0640868 0.475372 
3.6 0.25 0.0919087 0.489099 
3.65 0.25 0.116509 0.507622 
3.7 0.25 0.137047 0.530511 
3.75 0.25 0.152827 0.557289 
3.8 0.25 0.163303 0.587436 
3.85 0.25 0.168088 0.620373 
3.9 0.25 0.166955 0.655412 
3.95 0.25 0.159847 0.691677 
4 0.25 0.146891 0.728009 
4.05 0.25 0.128419 0.762893 
4.1 0.25 0.104988 0.794454 
4.15 0.25 0.0773928 0.820573 
4.2 0.25 0.0466572 0.839156 
4.25 0.25 0.0139975 0.848509 
4.3 0.25 -0.0192424 0.847713 
4.35 0.25 -0.0516788 0.836852 
4.4 0.25 -0.0819832 0.81699 
4.45 0.25 -0.108967 0.789912 
4.5 0.25 -0.131645 0.757741 
4.55 0.25 -0.149262 0.722569 
4.6 0.25 -0.161302 0.686214 
4.65 0.25 -0.167472 0.650129 
4.7 0.25 -0.167681 0.615416 
4.75 0.25 -0.162021 0.58291 
4.8 0.25 -0.150746 0.553266 
4.85 0.25 -0.134262 0.52704 
4.9 0.25 -0.113116 0.504735 
4.95 0.25 -0.0879709 0.486833 
5 0.25 -0.0595852 0.473805 
0 0.3 -0.108821 0.424524 
0.05 0.3 -0.073717 0.409656 
0.1 0.3 -0.0358488 0.400691 
0.15 0.3 0.00335538 0.397989 
0.2 0.3 0.0424416 0.401656 
0.25 0.3 0.0799861 0.411554 
0.3 0.3 0.114649 0.427339 
0.35 0.3 0.145219 0.448512 
0.4 0.3 0.170653 0.474489 
0.45 0.3 0.190094 0.504651 
0.5 0.3 0.202882 0.538362 
0.55 0.3 0.208559 0.574959 
0.6 0.3 0.20687 0.613683 
0.65 0.3 0.197774 0.653587 
0.7 0.3 0.181459 0.693422 
0.75 0.3 0.158362 0.731553 
0.8 0.3 0.129194 0.76595 
0.85 0.3 0.0949507 0.794323 
0.9 0.3 0.0568967 0.814412 
0.95 0.3 0.0165238 0.8244 
1 0.3 -0.0245283 0.823311 
1.05 0.3 -0.0645751 0.811255 
1.1 0.3 -0.101998 0.789398 
1.15 0.3 -0.135345 0.759678 
1.2 0.3 -0.1634 0.72439 
1.25 0.3 -0.185226 0.685791 
1.3 0.3 -0.200166 0.64584 
1.35 0.3 -0.207833 0.606091 
1.4 0.3 -0.208088 0.567726 
1.45 0.3 -0.201016 0.531646 
1.5 0.3 -0.186916 0.498581 
1.55 0.3 -0.166289 0.469184 
1.6 0.3 -0.139836 0.444082 
1.65 0.3 -0.108456 0.423886 
1.7 0.3 -0.073228 0.409159 
1.75 0.3 -0.0353855 0.400363 
1.8 0.3 0.0037256 0.397799 
1.85 0.3 0.0427034 0.401556 
1.9 0.3 0.0801519 0.411502 
1.95 0.3 0.114743 0.427303 
2 0.3 0.145269 0.448471 
2.05 0.3 0.170683 0.474432 
2.1 0.3 0.190124 0.504569 
2.15 0.3 0.202928 0.538254 
2.2 0.3 0.208632 0.574825 
2.25 0.3 0.206977 0.613526 
2.3 0.3 0.197918 0.653413 
2.35 0.3 0.181641 0.693242 
2.4 0.3 0.15858 0.731378 
2.45 0.3 0.129444 0.765798 
2.5 0.3 0.0952253 0.794211 
2.55 0.3 0.0571871 0.814356 
2.6 0.3 0.0168197 0.824411 
2.65 0.3 -0.0242383 0.823395 
2.7 0.3 -0.0643022 0.811409 
2.75 0.3 -0.101753 0.789611 
2.8 0.3 -0.135137 0.759935 
2.85 0.3 -0.163237 0.724677 
2.9 0.3 -0.185113 0.686094 
2.95 0.3 -0.200107 0.646146 
3 0.3 -0.207831 0.606391 
3.05 0.3 -0.208143 0.568012 
3.1 0.3 -0.201127 0.531912 
3.15 0.3 -0.18708 0.498822 
3.2 0.3 -0.166501 0.469394 
3.25 0.3 -0.140091 0.444257 
3.3 0.3 -0.108745 0.424019 
3.35 0.3 -0.0735423 0.409245 
3.4 0.3 -0.0357143 0.400399 
3.45 0.3 0.00339373 0.397782 
3.5 0.3 0.0423803 0.401486 
3.55 0.3 0.0798491 0.411381 
3.6 0.3 0.114471 0.427134 
3.65 0.3 0.145038 0.448258 
3.7 0.3 0.170503 0.474178 
3.75 0.3 0.190001 0.50428 
3.8 0.3 0.202868 0.537935 
3.85 0.3 0.208639 0.574481 
3.9 0.3 0.207053 0.613165 
3.95 0.3 0.198066 0.653046 
4 0.3 0.181858 0.692881 
4.05 0.3 0.158863 0.731045 
4.1 0.3 0.129787 0.765517 
4.15 0.3 0.0956191 0.79401 
4.2 0.3 0.0576205 0.814264 
4.25 0.3 0.017279 0.82445 
4.3 0.3 -0.0237679 0.82358 
4.35 0.3 -0.0638358 0.811741 
4.4 0.3 -0.101305 0.790083 
4.45 0.3 -0.134721 0.760531 
4.5 0.3 -0.162864 0.725373 
4.55 0.3 -0.184792 0.686868 
4.6 0.3 -0.199848 0.646974 
4.65 0.3 -0.207642 0.607251 
4.7 0.3 -0.208033 0.568881 
4.75 0.3 -0.201107 0.532765 
4.8 0.3 -0.187155 0.499631 
4.85 0.3 -0.166666 0.470128 
4.9 0.3 -0.140318 0.444885 
4.95 0.3 -0.108966 0.424524 
5 0.3 -0.0736175 0.409656 
0 0.35 -0.126553 0.378245 
0.05 0.35 -0.0855682 0.361614 
0.1 0.35 -0.0413884 0.351553 
0.15 0.35 0.00435004 0.348535 
0.2 0.35 0.0499511 0.352708 
0.25 0.35 0.0937383 0.363884 
0.3 0.35 0.134129 0.381581 
0.35 0.35 0.169697 0.405111 
0.4 0.35 0.199218 0.433691 
0.45 0.35 0.221697 0.466521 
0.5 0.35 0.236379 0.502833 
0.55 0.35 0.242752 0.541879 
0.6 0.35 0.240547 0.582853 
0.65 0.35 0.229747 0.624787 
0.7 0.35 0.210599 0.666416 
0.75 0.35 0.183637 0.706087 
0.8 0.35 0.149704 0.741747 
0.85 0.35 0.10996 0.77108 
0.9 0.35 0.0658631 0.791809 
0.95 0.35 0.0191218 0.802102 
1 0.35 -0.0283932 0.800979 
1.05 0.35 -0.0747626 0.788551 
1.1 0.35 -0.118139 0.765989 
1.15 0.35 -0.156858 0.735244 
1.2 0.35 -0.189514 0.698634 
1.25 0.35 -0.215011 0.65844 
1.3 0.35 -0.232567 0.616641 
1.35 0.35 -0.241705 0.57481 
1.4 0.35 -0.242233 0.534143 
1.45 0.35 -0.234218 0.495567 
1.5 0.35 -0.21798 0.459864 
1.55 0.35 -0.194078 0.427784 
1.6 0.35 -0.163317 0.400095 
1.65 0.35 -0.126738 0.377595 
1.7 0.35 -0.0856069 0.361052 
1.75 0.35 -0.0413772 0.351113 
1.8 0.35 0.00435756 0.348207 
1.85 0.35 0.0499341 0.352464 
1.9 0.35 0.0936966 0.363693 
1.95 0.35 0.134073 0.381419 
2 0.35 0.169642 0.404961 
2.05 0.35 0.199179 0.43354 
2.1 0.35 0.221686 0.466362 
2.15 0.35 0.236406 0.502664 
2.2 0.35 0.242823 0.541696 
2.25 0.35 0.240667 0.582659 
2.3 0.35 0.229915 0.624586 
2.35 0.35 0.210814 0.666215 
2.4 0.35 0.183895 0.705898 
2.45 0.35 0.149999 0.741586 
2.5 0.35 0.110283 0.770964 
2.55 0.35 0.0662033 0.791752 
2.6 0.35 0.0194677 0.802116 
2.65 0.35 -0.0280547 0.801069 
2.7 0.35 -0.0744443 0.788713 
2.75 0.35 -0.117853 0.766213 
2.8 0.35 -0.156615 0.735515 
2.85 0.35 -0.189323 0.698937 
2.9 0.35 -0.214878 0.65876 
2.95 0.35 -0.232497 0.616966 
3 0.35 -0.241702 0.575131 
3.05 0.35 -0.242296 0.534452 
3.1 0.35 -0.234347 0.495857 
3.15 0.35 -0.21817 0.460131 
3.2 0.35 -0.194325 0.428019 
3.25 0.35 -0.163614 0.400293 
3.3 0.35 -0.127076 0.377748 
3.35 0.35 -0.0859746 0.361153 
3.4 0.35 -0.0417619 0.351157 
3.45 0.35 0.00396929 0.348191 
3.5 0.35 0.0495563 0.352389 
3.55 0.35 0.093343 0.363561 
3.6 0.35 0.133757 0.381234 
3.65 0.35 0.169375 0.404728 
3.7 0.35 0.19897 0.433266 
3.75 0.35 0.221544 0.466054 
3.8 0.35 0.236338 0.502327 
3.85 0.35 0.242833 0.541337 
3.9 0.35 0.240757 0.582285 
3.95 0.35 0.230086 0.624207 
4 0.35 0.211064 0.665847 
4.05 0.35 0.18422 0.70556 
4.1 0.35 0.150392 0.741302 
4.15 0.35 0.110733 0.770763 
4.2 0.35 0.0666975 0.791661 
4.25 0.35 0.0199911 0.802158 
4.3 0.35 -0.0275182 0.801256 
4.35 0.35 -0.0739105 0.789046 
4.4 0.35 -0.117336 0.766682 
4.45 0.35 -0.156127 0.736102 
4.5 0.35 -0.188872 0.699615 
4.55 0.35 -0.21447 0.659504 
4.6 0.35 -0.232134 0.617751 
4.65 0.35 -0.241382 0.575931 
4.7 0.35 -0.242016 0.535245 
4.75 0.35 -0.234101 0.496621 
4.8 0.35 -0.217948 0.460845 
4.85 0.35 -0.194106 0.428666 
4.9 0.35 -0.163361 0.400863 
4.95 0.35 -0.126731 0.378245 
5 0.35 -0.085447 0.361614 
0 0.4 -0.140057 0.344615 
0.05 0.4 -0.094555 0.326168 
0.1 0.4 -0.0455139 0.31496 
0.15 0.4 0.00526172 0.311618 
0.2 0.4 0.055879 0.31634 
0.25 0.4 0.104456 0.328862 
0.3 0.4 0.149213 0.348519 
0.35 0.4 0.188553 0.374372 
0.4 0.4 0.221115 0.405374 
0.45 0.4 0.245802 0.440497 
0.5 0.4 0.261798 0.478806 
0.55 0.4 0.268564 0.519452 
0.6 0.4 0.265837 0.561594 
0.65 0.4 0.253635 0.604269 
0.7 0.4 0.232265 0.646259 
0.75 0.4 0.202347 0.685977 
0.8 0.4 0.164829 0.721466 
0.85 0.4 0.120994 0.750522 
0.9 0.4 0.0724402 0.770984 
0.95 0.4 0.0210246 0.781124 
1 0.4 -0.0312278 0.780018 
1.05 0.4 -0.082241 0.767769 
1.1 0.4 -0.130014 0.745481 
1.15 0.4 -0.172734 0.715 
1.2 0.4 -0.208861 0.678523 
1.25 0.4 -0.237176 0.638221 
1.3 0.4 -0.256795 0.595986 
1.35 0.4 -0.267162 0.553325 
1.4 0.4 -0.268024 0.511397 
1.45 0.4 -0.259421 0.471128 
1.5 0.4 -0.241669 0.43335 
1.55 0.4 -0.21536 0.398925 
1.6 0.4 -0.181366 0.368804 
1.65 0.4 -0.140834 0.344024 
1.7 0.4 -0.0951725 0.32562 
1.75 0.4 -0.0460131 0.314486 
1.8 0.4 0.00484707 0.311219 
1.85 0.4 0.0555284 0.316004 
1.9 0.4 0.10416 0.328571 
1.95 0.4 0.148971 0.348257 
2 0.4 0.188366 0.374129 
2.05 0.4 0.220987 0.405142 
2.1 0.4 0.245736 0.44027 
2.15 0.4 0.261795 0.478582 
2.2 0.4 0.268626 0.519228 
2.25 0.4 0.265962 0.561369 
2.3 0.4 0.253819 0.604048 
2.35 0.4 0.232505 0.646046 
2.4 0.4 0.202635 0.685783 
2.45 0.4 0.165158 0.721304 
2.5 0.4 0.121354 0.750407 
2.55 0.4 0.0728189 0.770931 
2.6 0.4 0.0214087 0.781143 
2.65 0.4 -0.0308524 0.780112 
2.7 0.4 -0.0818883 0.767934 
2.75 0.4 -0.129697 0.745708 
2.8 0.4 -0.172464 0.715276 
2.85 0.4 -0.208648 0.678831 
2.9 0.4 -0.237028 0.638549 
2.95 0.4 -0.256717 0.596322 
3 0.4 -0.267156 0.55366 
3.05 0.4 -0.268092 0.511723 
3.1 0.4 -0.259562 0.471439 
3.15 0.4 -0.241879 0.43364 
3.2 0.4 -0.215634 0.399184 
3.25 0.4 -0.181696 0.369025 
3.3 0.4 -0.14121 0.344197 
3.35 0.4 -0.0955815 0.325737 
3.4 0.4 -0.0464413 0.314539 
3.45 0.4 0.00441504 0.311205 
3.5 0.4 0.0551083 0.315923 
3.55 0.4 0.103767 0.328427 
3.6 0.4 0.14862 0.348056 
3.65 0.4 0.188071 0.37388 
3.7 0.4 0.220757 0.404852 
3.75 0.4 0.24558 0.439948 
3.8 0.4 0.261721 0.478234 
3.85 0.4 0.268637 0.518862 
3.9 0.4 0.266062 0.560994 
3.95 0.4 0.254008 0.603672 
4 0.4 0.232779 0.645684 
4.05 0.4 0.20299 0.685454 
4.1 0.4 0.165584 0.72103 
4.15 0.4 0.121841 0.750216 
4.2 0.4 0.0733528 0.770847 
4.25 0.4 0.0219736 0.781185 
4.3 0.4 -0.0302727 0.780291 
4.35 0.4 -0.0813092 0.76825 
4.4 0.4 -0.129132 0.746149 
4.45 0.4 -0.171922 0.71582 
4.5 0.4 -0.208133 0.679454 
4.55 0.4 -0.236539 0.639221 
4.6 0.4 -0.256248 0.597016 
4.65 0.4 -0.266696 0.554351 
4.7 0.4 -0.267623 0.512389 
4.75 0.4 -0.259062 0.472061 
4.8 0.4 -0.241322 0.434205 
4.85 0.4 -0.214987 0.399689 
4.9 0.4 -0.180919 0.369475 
4.95 0.4 -0.140259 0.344615 
5 0.4 -0.0944178 0.326168 
0 0.45 -0.148626 0.319639 
0.05 0.45 -0.100221 0.299299 
0.1 0.45 -0.0480369 0.286882 
0.15 0.45 0.00600296 0.283202 
0.2 0.45 0.0598647 0.288517 
0.25 0.45 0.111519 0.302468 
0.3 0.45 0.159048 0.324166 
0.35 0.45 0.200737 0.352375 
0.4 0.45 0.235135 0.385736 
0.45 0.45 0.261092 0.42295 
0.5 0.45 0.277764 0.462884 
0.55 0.45 0.284614 0.504571 
0.6 0.45 0.281402 0.547129 
0.65 0.45 0.268187 0.589623 
0.7 0.45 0.245335 0.630916 
0.75 0.45 0.213532 0.66956 
0.8 0.45 0.173799 0.703784 
0.85 0.45 0.127496 0.73161 
0.9 0.45 0.0762987 0.751109 
0.95 0.45 0.0221372 0.760742 
1 0.45 -0.03289 0.759691 
1.05 0.45 -0.0866348 0.748048 
1.1 0.45 -0.137023 0.72679 
1.15 0.45 -0.182166 0.697561 
1.2 0.45 -0.220448 0.662324 
1.25 0.45 -0.250572 0.623031 
1.3 0.45 -0.271582 0.581396 
1.35 0.45 -0.282853 0.538798 
1.4 0.45 -0.284081 0.496324 
1.45 0.45 -0.275262 0.454887 
1.5 0.45 -0.256693 0.415374 
1.55 0.45 -0.228968 0.378779 
1.6 0.45 -0.192988 0.346272 
1.65 0.45 -0.149962 0.319172 
1.7 0.45 -0.101392 0.298833 
1.75 0.45 -0.0490347 0.286439 
1.8 0.45 0.00516672 0.28279 
1.85 0.45 0.0591741 0.288133 
1.9 0.45 0.110959 0.302109 
1.95 0.45 0.158608 0.323828 
2 0.45 0.200408 0.352056 
2.05 0.45 0.23491 0.385435 
2.1 0.45 0.260964 0.422665 
2.15 0.45 0.277726 0.462613 
2.2 0.45 0.284659 0.504312 
2.25 0.45 0.281525 0.546882 
2.3 0.45 0.26838 0.589389 
2.35 0.45 0.24559 0.630698 
2.4 0.45 0.21384 0.669368 
2.45 0.45 0.174151 0.703628 
2.5 0.45 0.127881 0.731504 
2.55 0.45 0.076702 0.751063 
2.6 0.45 0.0225456 0.760766 
2.65 0.45 -0.0324913 0.759787 
2.7 0.45 -0.0862604 0.748212 
2.75 0.45 -0.136686 0.727015 
2.8 0.45 -0.18188 0.697833 
2.85 0.45 -0.220221 0.66263 
2.9 0.45 -0.250413 0.62336 
2.95 0.45 -0.271496 0.581736 
3 0.45 -0.282845 0.539142 
3.05 0.45 -0.284151 0.496664 
3.1 0.45 -0.27541 0.455216 
3.15 0.45 -0.256915 0.415684 
3.2 0.45 -0.229258 0.379062 
3.25 0.45 -0.193338 0.346517 
3.3 0.45 -0.150362 0.319367 
3.35 0.45 -0.101828 0.298966 
3.4 0.45 -0.0494914 0.286502 
3.45 0.45 0.00470605 0.282778 
3.5 0.45 0.0587265 0.288047 
3.55 0.45 0.110541 0.301953 
3.6 0.45 0.158236 0.323611 
3.65 0.45 0.200095 0.35179 
3.7 0.45 0.234667 0.38513 
3.75 0.45 0.260801 0.422332 
3.8 0.45 0.277649 0.46226 
3.85 0.45 0.284673 0.503947 
3.9 0.45 0.281631 0.546513 
3.95 0.45 0.268578 0.589025 
4 0.45 0.245877 0.630353 
4.05 0.45 0.214209 0.669058 
4.1 0.45 0.174593 0.703374 
4.15 0.45 0.128384 0.731328 
4.2 0.45 0.0772527 0.750987 
4.25 0.45 0.0231276 0.760806 
4.3 0.45 -0.0318936 0.75995 
4.35 0.45 -0.0856611 0.748496 
4.4 0.45 -0.136096 0.727405 
4.45 0.45 -0.181305 0.698309 
4.5 0.45 -0.219661 0.663165 
4.55 0.45 -0.249861 0.623925 
4.6 0.45 -0.270936 0.582303 
4.65 0.45 -0.282255 0.539684 
4.7 0.45 -0.283501 0.497161 
4.75 0.45 -0.274665 0.455651 
4.8 0.45 -0.256035 0.416053 
4.85 0.45 -0.2282 0.379371 
4.9 0.45 -0.192064 0.346787 
4.95 0.45 -0.148845 0.319639 
5 0.45 -0.100073 0.299299 
0 0.5 -0.151816 0.299607 
0.05 0.5 -0.102281 0.277402 
0.1 0.5 -0.0488476 0.263788 
0.15 0.5 0.00650117 0.259781 
0.2 0.5 0.0616561 0.265695 
0.25 0.5 0.114508 0.281072 
0.3 0.5 0.163068 0.304784 
0.35 0.5 0.205565 0.335281 
0.4 0.5 0.240516 0.370874 
0.45 0.5 0.266758 0.409979 
0.5 0.5 0.283456 0.451249 
0.55 0.5 0.290101 0.49359 
0.6 0.5 0.286489 0.536072 
0.65 0.5 0.272725 0.57779 
0.7 0.5 0.24922 0.617708 
0.75 0.5 0.216704 0.654559 
0.8 0.5 0.176236 0.686818 
0.85 0.5 0.1292 0.712804 
0.9 0.5 0.0772824 0.730891 
0.95 0.5 0.0224154 0.739791 
1 0.5 -0.0333126 0.738821 
1.05 0.5 -0.0877651 0.728055 
1.1 0.5 -0.138875 0.708313 
1.15 0.5 -0.184753 0.68097 
1.2 0.5 -0.223766 0.647683 
1.25 0.5 -0.254591 0.610115 
1.3 0.5 -0.276231 0.569743 
1.35 0.5 -0.288018 0.527785 
1.4 0.5 -0.289599 0.485237 
1.45 0.5 -0.280926 0.442999 
1.5 0.5 -0.262258 0.402021 
1.55 0.5 -0.234165 0.363445 
1.6 0.5 -0.197541 0.328669 
1.65 0.5 -0.153611 0.299315 
1.7 0.5 -0.103915 0.277067 
1.75 0.5 -0.0502706 0.263421 
1.8 0.5 0.00529829 0.259391 
1.85 0.5 0.0606645 0.265291 
1.9 0.5 0.113712 0.280665 
1.95 0.5 0.162449 0.304384 
2 0.5 0.205106 0.334896 
2.05 0.5 0.2402 0.370511 
2.1 0.5 0.266569 0.409641 
2.15 0.5 0.283382 0.450937 
2.2 0.5 0.290127 0.493302 
2.25 0.5 0.286605 0.535808 
2.3 0.5 0.272919 0.577548 
2.35 0.5 0.249481 0.617492 
2.4 0.5 0.217021 0.654374 
2.45 0.5 0.176598 0.686674 
2.5 0.5 0.129594 0.712709 
2.55 0.5 0.0776954 0.730855 
2.6 0.5 0.0228327 0.739821 
2.65 0.5 -0.0329057 0.738917 
2.7 0.5 -0.087383 0.728217 
2.75 0.5 -0.138532 0.708531 
2.8 0.5 -0.18446 0.681234 
2.85 0.5 -0.223533 0.647982 
2.9 0.5 -0.254427 0.610439 
2.95 0.5 -0.276142 0.570084 
3 0.5 -0.288008 0.528134 
3.05 0.5 -0.289668 0.485588 
3.1 0.5 -0.281075 0.443344 
3.15 0.5 -0.262483 0.402352 
3.2 0.5 -0.234461 0.363751 
3.25 0.5 -0.197899 0.328937 
3.3 0.5 -0.15402 0.29953 
3.35 0.5 -0.104361 0.277217 
3.4 0.5 -0.050739 0.263493 
3.45 0.5 0.00482572 0.25938 
3.5 0.5 0.0602057 0.265198 
3.55 0.5 0.113284 0.280496 
3.6 0.5 0.162068 0.304151 
3.65 0.5 0.204787 0.334614 
3.7 0.5 0.239953 0.370193 
3.75 0.5 0.266405 0.409299 
3.8 0.5 0.283305 0.450581 
3.85 0.5 0.290142 0.492942 
3.9 0.5 0.286712 0.53545 
3.95 0.5 0.273118 0.577202 
4 0.5 0.249768 0.61717 
4.05 0.5 0.21739 0.654089 
4.1 0.5 0.177037 0.686443 
4.15 0.5 0.130093 0.712552 
4.2 0.5 0.0782399 0.730788 
4.25 0.5 0.0234074 0.739854 
4.3 0.5 -0.0323153 0.739056 
4.35 0.5 -0.0867892 0.728456 
4.4 0.5 -0.137943 0.708856 
4.45 0.5 -0.183878 0.681623 
4.5 0.5 -0.222954 0.648408 
4.55 0.5 -0.253836 0.610873 
4.6 0.5 -0.275517 0.570497 
4.65 0.5 -0.287316 0.528499 
4.7 0.5 -0.288871 0.485885 
4.75 0.5 -0.280126 0.443559 
4.8 0.5 -0.261334 0.402486 
4.85 0.5 -0.233063 0.36382 
4.9 0.5 -0.196217 0.32898 
4.95 0.5 -0.152043 0.299607 
5 0.5 -0.102128 0.277402 
0 0.55 -0.149428 0.281484 
0.05 0.55 -0.100609 0.257666 
0.1 0.55 -0.0479063 0.243013 
0.15 0.55 0.00670394 0.238729 
0.2 0.55 0.0611114 0.24518 
0.25 0.55 0.113203 0.261812 
0.3 0.55 0.160991 0.287279 
0.35 0.55 0.202716 0.319738 
0.4 0.55 0.236916 0.357198 
0.45 0.55 0.262462 0.397815 
0.5 0.55 0.278563 0.440043 
0.55 0.55 0.284754 0.482663 
0.6 0.55 0.280879 0.524696 
0.65 0.55 0.267082 0.56526 
0.7 0.55 0.243805 0.603424 
0.75 0.55 0.211794 0.638111 
0.8 0.55 0.172102 0.668064 
0.85 0.55 0.126088 0.691925 
0.9 0.55 0.0753874 0.708397 
0.95 0.55 0.0218587 0.716462 
1 0.55 -0.0324943 0.715583 
1.05 0.55 -0.0856256 0.705819 
1.1 0.55 -0.135552 0.687813 
1.15 0.55 -0.180451 0.662654 
1.2 0.55 -0.218737 0.631666 
1.25 0.55 -0.249109 0.596197 
1.3 0.55 -0.27057 0.55747 
1.35 0.55 -0.28243 0.516527 
1.4 0.55 -0.284305 0.47428 
1.45 0.55 -0.276103 0.431616 
1.5 0.55 -0.258035 0.389553 
1.55 0.55 -0.230626 0.349373 
1.6 0.55 -0.194729 0.312688 
1.65 0.55 -0.151535 0.281395 
1.7 0.55 -0.102566 0.257487 
1.75 0.55 -0.049634 0.242743 
1.8 0.55 0.00523244 0.238378 
1.85 0.55 0.0598951 0.244769 
1.9 0.55 0.112227 0.261366 
1.95 0.55 0.160234 0.286822 
2 0.55 0.202155 0.319291 
2.05 0.55 0.236528 0.356778 
2.1 0.55 0.262226 0.397428 
2.15 0.55 0.278458 0.439694 
2.2 0.55 0.284762 0.482351 
2.25 0.55 0.280984 0.524419 
2.3 0.55 0.26727 0.565015 
2.35 0.55 0.244063 0.603214 
2.4 0.55 0.212108 0.637938 
2.45 0.55 0.172461 0.667933 
2.5 0.55 0.126478 0.691844 
2.55 0.55 0.0757944 0.708372 
2.6 0.55 0.0222694 0.716498 
2.65 0.55 -0.0320944 0.715681 
2.7 0.55 -0.0852501 0.705975 
2.75 0.55 -0.135214 0.688022 
2.8 0.55 -0.180162 0.662909 
2.85 0.55 -0.218508 0.631957 
2.9 0.55 -0.248946 0.596515 
2.95 0.55 -0.27048 0.557807 
3 0.55 -0.282418 0.516878 
3.05 0.55 -0.284371 0.474638 
3.1 0.55 -0.276247 0.431973 
3.15 0.55 -0.258255 0.389901 
3.2 0.55 -0.230917 0.349698 
3.25 0.55 -0.195081 0.312976 
3.3 0.55 -0.151938 0.281629 
3.35 0.55 -0.103007 0.257651 
3.4 0.55 -0.0500967 0.242824 
3.45 0.55 0.00476559 0.238368 
3.5 0.55 0.059442 0.24467 
3.55 0.55 0.111805 0.261186 
3.6 0.55 0.15986 0.286576 
3.65 0.55 0.201842 0.318995 
3.7 0.55 0.236287 0.356448 
3.75 0.55 0.262065 0.39708 
3.8 0.55 0.278384 0.439338 
3.85 0.55 0.284777 0.481997 
3.9 0.55 0.281089 0.524074 
3.95 0.55 0.267463 0.564689 
4 0.55 0.244339 0.602916 
4.05 0.55 0.212461 0.637679 
4.1 0.55 0.172881 0.667727 
4.15 0.55 0.126953 0.691703 
4.2 0.55 0.0763112 0.70831 
4.25 0.55 0.0228138 0.716521 
4.3 0.55 -0.0315352 0.715789 
4.35 0.55 -0.0846865 0.706162 
4.4 0.55 -0.134651 0.688272 
4.45 0.55 -0.1796 0.663199 
4.5 0.55 -0.217936 0.632262 
4.55 0.55 -0.248347 0.596805 
4.6 0.55 -0.269824 0.558052 
4.65 0.55 -0.281668 0.517052 
4.7 0.55 -0.283481 0.474719 
4.75 0.55 -0.275163 0.43195 
4.8 0.55 -0.256924 0.389779 
4.85 0.55 -0.229288 0.349506 
4.9 0.55 -0.193123 0.312767 
4.95 0.55 -0.149653 0.281484 
5 0.55 -0.100457 0.257666 
0 0.6 -0.141516 0.262965 
0.05 0.6 -0.0952439 0.238069 
0.1 0.6 -0.0452454 0.222719 
0.15 0.6 0.00658298 0.218258 
0.2 0.6 0.0582077 0.225094 
0.25 0.6 0.107593 0.242598 
0.3 0.6 0.152828 0.269251 
0.35 0.6 0.192232 0.30299 
0.4 0.6 0.224423 0.341598 
0.45 0.6 0.248346 0.383031 
0.5 0.6 0.263281 0.425594 
0.55 0.6 0.268823 0.467969 
0.6 0.6 0.264864 0.509134 
0.65 0.6 0.25158 0.548226 
0.7 0.6 0.229421 0.584411 
0.75 0.6 0.199116 0.616783 
0.8 0.6 0.161675 0.644341 
0.85 0.6 0.118376 0.666034 
0.9 0.6 0.070746 0.680876 
0.95 0.6 0.0205068 0.688104 
1 0.6 -0.0304925 0.687316 
1.05 0.6 -0.0803651 0.678558 
1.1 0.6 -0.12728 0.662308 
1.15 0.6 -0.169546 0.639384 
1.2 0.6 -0.205682 0.610796 
1.25 0.6 -0.234457 0.57759 
1.3 0.6 -0.254914 0.540749 
1.35 0.6 -0.266376 0.50116 
1.4 0.6 -0.268441 0.459652 
1.45 0.6 -0.260983 0.417108 
1.5 0.6 -0.244164 0.3746 
1.55 0.6 -0.218443 0.33352 
1.6 0.6 -0.184602 0.295645 
1.65 0.6 -0.143758 0.263079 
1.7 0.6 -0.0973541 0.238049 
1.75 0.6 -0.047127 0.222551 
1.8 0.6 0.00496924 0.217954 
1.85 0.6 0.0568685 0.224684 
1.9 0.6 0.106517 0.24212 
1.95 0.6 0.151994 0.268745 
2 0.6 0.191614 0.30249 
2.05 0.6 0.223994 0.341127 
2.1 0.6 0.248081 0.382603 
2.15 0.6 0.263156 0.425214 
2.2 0.6 0.268817 0.467638 
2.25 0.6 0.264957 0.508848 
2.3 0.6 0.251756 0.547983 
2.35 0.6 0.229665 0.584209 
2.4 0.6 0.199415 0.616623 
2.45 0.6 0.162016 0.644226 
2.5 0.6 0.118746 0.665968 
2.55 0.6 0.0711318 0.680863 
2.6 0.6 0.0208953 0.688146 
2.65 0.6 -0.0301145 0.687414 
2.7 0.6 -0.0800104 0.67871 
2.75 0.6 -0.12696 0.662509 
2.8 0.6 -0.169273 0.639628 
2.85 0.6 -0.205464 0.611075 
2.9 0.6 -0.234302 0.577899 
2.95 0.6 -0.254828 0.541082 
3 0.6 -0.266362 0.50151 
3.05 0.6 -0.268501 0.460013 
3.1 0.6 -0.261118 0.417472 
3.15 0.6 -0.24437 0.374958 
3.2 0.6 -0.218717 0.333858 
3.25 0.6 -0.184936 0.295947 
3.3 0.6 -0.144141 0.263326 
3.35 0.6 -0.0977728 0.238223 
3.4 0.6 -0.0475666 0.222638 
3.45 0.6 0.00452573 0.217945 
3.5 0.6 0.0564384 0.224581 
3.55 0.6 0.106117 0.241933 
3.6 0.6 0.151639 0.268491 
3.65 0.6 0.191318 0.302186 
3.7 0.6 0.223767 0.340792 
3.75 0.6 0.247931 0.382253 
3.8 0.6 0.263087 0.424862 
3.85 0.6 0.268831 0.467293 
3.9 0.6 0.265056 0.508518 
3.95 0.6 0.251936 0.547676 
4 0.6 0.229921 0.583933 
4.05 0.6 0.199741 0.616388 
4.1 0.6 0.162401 0.644041 
4.15 0.6 0.11918 0.665841 
4.2 0.6 0.0716023 0.680801 
4.25 0.6 0.0213897 0.688154 
4.3 0.6 -0.0296074 0.687488 
4.35 0.6 -0.0794986 0.67884 
4.4 0.6 -0.126447 0.66268 
4.45 0.6 -0.168754 0.639818 
4.5 0.6 -0.204928 0.611257 
4.55 0.6 -0.233727 0.578043 
4.6 0.6 -0.254183 0.541159 
4.65 0.6 -0.265605 0.501492 
4.7 0.6 -0.267582 0.459881 
4.75 0.6 -0.259983 0.417216 
4.8 0.6 -0.242963 0.374588 
4.85 0.6 -0.21699 0.333412 
4.9 0.6 -0.182862 0.295494 
4.95 0.6 -0.14173 0.262965 
5 0.6 -0.0951 0.238069 
0 0.65 -0.128415 0.242374 
0.05 0.65 -0.08641 0.21723 
0.1 0.65 -0.0409771 0.201707 
0.15 0.65 0.00613719 0.197221 
0.2 0.65 0.0530561 0.204199 
0.25 0.65 0.0979013 0.221968 
0.3 0.65 0.138916 0.248922 
0.35 0.65 0.174563 0.28288 
0.4 0.65 0.20359 0.321512 
0.45 0.65 0.225058 0.362677 
0.5 0.65 0.238337 0.404606 
0.55 0.65 0.243091 0.44593 
0.6 0.65 0.239258 0.485608 
0.65 0.65 0.227027 0.5228 
0.7 0.65 0.206835 0.556751 
0.75 0.65 0.179363 0.586704 
0.8 0.65 0.145532 0.611871 
0.85 0.65 0.106497 0.631459 
0.9 0.65 0.0636212 0.644746 
0.95 0.65 0.0184364 0.651183 
1 0.65 -0.0274206 0.650482 
1.05 0.65 -0.072281 0.642675 
1.1 0.65 -0.114522 0.628105 
1.15 0.65 -0.152641 0.607361 
1.2 0.65 -0.185309 0.581186 
1.25 0.65 -0.211414 0.550375 
1.3 0.65 -0.230079 0.515709 
1.35 0.65 -0.240666 0.477939 
1.4 0.65 -0.242784 0.437827 
1.45 0.65 -0.236285 0.396244 
1.5 0.65 -0.221279 0.354288 
1.55 0.65 -0.198155 0.313409 
1.6 0.65 -0.167597 0.275464 
1.65 0.65 -0.130606 0.242663 
1.7 0.65 -0.088493 0.21735 
1.75 0.65 -0.0428508 0.201634 
1.8 0.65 0.00451921 0.196966 
1.85 0.65 0.051707 0.203799 
1.9 0.65 0.0968143 0.221473 
1.95 0.65 0.138072 0.248383 
2 0.65 0.173938 0.282341 
2.05 0.65 0.203157 0.321005 
2.1 0.65 0.224788 0.36222 
2.15 0.65 0.238206 0.404206 
2.2 0.65 0.243076 0.445587 
2.25 0.65 0.239338 0.485319 
2.3 0.65 0.227186 0.522561 
2.35 0.65 0.207058 0.556559 
2.4 0.65 0.179636 0.586558 
2.45 0.65 0.145843 0.611771 
2.5 0.65 0.106833 0.631407 
2.55 0.65 0.0639714 0.644744 
2.6 0.65 0.0187885 0.651231 
2.65 0.65 -0.0270785 0.65058 
2.7 0.65 -0.0719601 0.642822 
2.75 0.65 -0.114233 0.628297 
2.8 0.65 -0.152393 0.607593 
2.85 0.65 -0.185111 0.581454 
2.9 0.65 -0.211273 0.550673 
2.95 0.65 -0.229999 0.516032 
3 0.65 -0.240652 0.478281 
3.05 0.65 -0.242836 0.438184 
3.1 0.65 -0.236405 0.396607 
3.15 0.65 -0.221465 0.354647 
3.2 0.65 -0.198402 0.31375 
3.25 0.65 -0.167899 0.27577 
3.3 0.65 -0.130953 0.242915 
3.35 0.65 -0.0888735 0.217527 
3.4 0.65 -0.0432506 0.201722 
3.45 0.65 0.00411576 0.196958 
3.5 0.65 0.0513159 0.203695 
3.55 0.65 0.0964511 0.221285 
3.6 0.65 0.137751 0.248127 
3.65 0.65 0.17367 0.282037 
3.7 0.65 0.202952 0.320672 
3.75 0.65 0.224653 0.361875 
3.8 0.65 0.238144 0.403863 
3.85 0.65 0.243089 0.445256 
3.9 0.65 0.239426 0.485007 
3.95 0.65 0.227346 0.522276 
4 0.65 0.207285 0.556306 
4.05 0.65 0.179923 0.586344 
4.1 0.65 0.146181 0.611603 
4.15 0.65 0.107213 0.631289 
4.2 0.65 0.0643809 0.64468 
4.25 0.65 0.0192172 0.651221 
4.3 0.65 -0.0266398 0.650619 
4.35 0.65 -0.0715175 0.642898 
4.4 0.65 -0.113788 0.628392 
4.45 0.65 -0.15194 0.607688 
4.5 0.65 -0.184636 0.58152 
4.55 0.65 -0.210754 0.550683 
4.6 0.65 -0.229404 0.515957 
4.65 0.65 -0.239939 0.478094 
4.7 0.65 -0.241957 0.437865 
4.75 0.65 -0.235306 0.39615 
4.8 0.65 -0.220094 0.354068 
4.85 0.65 -0.196716 0.313093 
4.9 0.65 -0.165875 0.275115 
4.95 0.65 -0.128607 0.242374 
5 0.65 -0.0862808 0.21723 
0 0.7 -0.11078 0.218565 
0.05 0.7 -0.0745421 0.194245 
0.1 0.7 -0.035307 0.179224 
0.15 0.7 0.00539488 0.174904 
0.2 0.7 0.0459182 0.181705 
0.25 0.7 0.0846179 0.198955 
0.3 0.7 0.11996 0.225054 
0.35 0.7 0.150611 0.257841 
0.4 0.7 0.175494 0.295012 
0.45 0.7 0.193813 0.334451 
0.5 0.7 0.205045 0.374409 
0.55 0.7 0.208929 0.413535 
0.6 0.7 0.205436 0.450805 
0.65 0.7 0.194756 0.485418 
0.7 0.7 0.177284 0.51669 
0.75 0.7 0.153622 0.543984 
0.8 0.7 0.124567 0.56668 
0.85 0.7 0.0911101 0.584182 
0.9 0.7 0.0544104 0.59597 
0.95 0.7 0.0157634 0.601654 
1 0.7 -0.0234502 0.601036 
1.05 0.7 -0.0618239 0.594136 
1.1 0.7 -0.0979884 0.581193 
1.15 0.7 -0.130671 0.562625 
1.2 0.7 -0.15874 0.538971 
1.25 0.7 -0.18124 0.510832 
1.3 0.7 -0.197409 0.478831 
1.35 0.7 -0.206681 0.443608 
1.4 0.7 -0.208698 0.405862 
1.45 0.7 -0.203306 0.366431 
1.5 0.7 -0.190573 0.326397 
1.55 0.7 -0.170808 0.287193 
1.6 0.7 -0.144581 0.250658 
1.65 0.7 -0.112743 0.218976 
1.7 0.7 -0.0764276 0.194467 
1.75 0.7 -0.0370193 0.179227 
1.8 0.7 0.00390484 0.174697 
1.85 0.7 0.0446691 0.181328 
1.9 0.7 0.0836083 0.198464 
1.95 0.7 0.119176 0.224508 
2 0.7 0.15003 0.257291 
2.05 0.7 0.175091 0.294493 
2.1 0.7 0.193562 0.333985 
2.15 0.7 0.204922 0.374005 
2.2 0.7 0.208912 0.413193 
2.25 0.7 0.205505 0.450523 
2.3 0.7 0.194894 0.48519 
2.35 0.7 0.177479 0.516513 
2.4 0.7 0.15386 0.543854 
2.45 0.7 0.124837 0.566596 
2.5 0.7 0.0914012 0.584144 
2.55 0.7 0.0547127 0.595977 
2.6 0.7 0.0160666 0.601707 
2.65 0.7 -0.0231559 0.601133 
2.7 0.7 -0.0615479 0.594276 
2.75 0.7 -0.0977397 0.581374 
2.8 0.7 -0.130457 0.562843 
2.85 0.7 -0.158569 0.539223 
2.9 0.7 -0.181117 0.511114 
2.95 0.7 -0.197338 0.479137 
3 0.7 -0.206667 0.443934 
3.05 0.7 -0.208742 0.406204 
3.1 0.7 -0.203408 0.36678 
3.15 0.7 -0.190732 0.326743 
3.2 0.7 -0.17102 0.287524 
3.25 0.7 -0.144841 0.250955 
3.3 0.7 -0.113043 0.21922 
3.35 0.7 -0.0767562 0.19464 
3.4 0.7 -0.0373648 0.179314 
3.45 0.7 0.00355617 0.17469 
3.5 0.7 0.0443313 0.181228 
3.55 0.7 0.0832948 0.198282 
3.6 0.7 0.118899 0.224262 
3.65 0.7 0.1498 0.256999 
3.7 0.7 0.174915 0.294175 
3.75 0.7 0.193446 0.333658 
3.8 0.7 0.204869 0.373681 
3.85 0.7 0.208923 0.412883 
3.9 0.7 0.205579 0.450233 
3.95 0.7 0.195029 0.484927 
4 0.7 0.177669 0.516282 
4.05 0.7 0.1541 0.54366 
4.1 0.7 0.125119 0.566442 
4.15 0.7 0.0917161 0.584033 
4.2 0.7 0.0550509 0.59591 
4.25 0.7 0.0164192 0.60168 
4.3 0.7 -0.0227965 0.601139 
4.35 0.7 -0.0611862 0.594303 
4.4 0.7 -0.0973757 0.581405 
4.45 0.7 -0.130085 0.562857 
4.5 0.7 -0.158175 0.539195 
4.55 0.7 -0.18068 0.511016 
4.6 0.7 -0.196828 0.478943 
4.65 0.7 -0.206045 0.443618 
4.7 0.7 -0.207963 0.405749 
4.75 0.7 -0.202425 0.366183 
4.8 0.7 -0.189499 0.326023 
4.85 0.7 -0.169502 0.28673 
4.9 0.7 -0.143021 0.250172 
4.95 0.7 -0.110939 0.218565 
5 0.7 -0.0744351 0.194245 
0 0.75 -0.0896343 0.190867 
0.05 0.75 -0.0603207 0.168576 
0.1 0.75 -0.0285513 0.154811 
0.15 0.75 0.00441495 0.150869 
0.2 0.75 0.0372266 0.157133 
0.25 0.75 0.068535 0.172978 
0.3 0.75 0.0970867 0.196919 
0.35 0.75 0.121798 0.226955 
0.4 0.75 0.141802 0.260951 
0.45 0.75 0.156466 0.296946 
0.5 0.75 0.165386 0.333315 
0.55 0.75 0.168369 0.368799 
0.6 0.75 0.165412 0.402441 
0.65 0.75 0.156687 0.433506 
0.7 0.75 0.142526 0.461384 
0.75 0.75 0.123424 0.485541 
0.8 0.75 0.100027 0.505482 
0.85 0.75 0.0731307 0.520761 
0.9 0.75 0.0436606 0.530999 
0.95 0.75 0.0126464 0.53592 
1 0.75 -0.0188169 0.535384 
1.05 0.75 -0.0496145 0.529408 
1.1 0.75 -0.0786603 0.518156 
1.15 0.75 -0.104941 0.501927 
1.2 0.75 -0.127554 0.481112 
1.25 0.75 -0.145729 0.45617 
1.3 0.75 -0.158847 0.427599 
1.35 0.75 -0.166443 0.395945 
1.4 0.75 -0.168209 0.361835 
1.45 0.75 -0.164006 0.326042 
1.5 0.75 -0.153866 0.289578 
1.55 0.75 -0.138021 0.25378 
1.6 0.75 -0.116914 0.220355 
1.65 0.75 -0.0912254 0.191329 
1.7 0.75 -0.0618698 0.168852 
1.75 0.75 -0.0299764 0.154866 
1.8 0.75 0.00316237 0.150708 
1.85 0.75 0.0361697 0.156795 
1.9 0.75 0.0676779 0.17252 
1.95 0.75 0.0964202 0.196401 
2 0.75 0.121305 0.226429 
2.05 0.75 0.141461 0.260454 
2.1 0.75 0.156255 0.2965 
2.15 0.75 0.165283 0.332931 
2.2 0.75 0.168354 0.368477 
2.25 0.75 0.165469 0.402179 
2.3 0.75 0.156801 0.433297 
2.35 0.75 0.142686 0.461226 
2.4 0.75 0.123618 0.485428 
2.45 0.75 0.100247 0.505414 
2.5 0.75 0.0733669 0.520735 
2.55 0.75 0.0439052 0.531013 
2.6 0.75 0.0128912 0.535974 
2.65 0.75 -0.0185795 0.535478 
2.7 0.75 -0.0493921 0.529539 
2.75 0.75 -0.0784597 0.518323 
2.8 0.75 -0.104769 0.502126 
2.85 0.75 -0.127415 0.481342 
2.9 0.75 -0.145629 0.456426 
2.95 0.75 -0.15879 0.427879 
3 0.75 -0.16643 0.396244 
3.05 0.75 -0.168243 0.362148 
3.1 0.75 -0.164087 0.326362 
3.15 0.75 -0.153993 0.289897 
3.2 0.75 -0.138191 0.254084 
3.25 0.75 -0.117124 0.220628 
3.3 0.75 -0.0914673 0.191554 
3.35 0.75 -0.0621356 0.169012 
3.4 0.75 -0.0302561 0.154946 
3.45 0.75 0.00287997 0.150702 
3.5 0.75 0.0358962 0.156704 
3.55 0.75 0.0674243 0.172353 
3.6 0.75 0.0961964 0.196175 
3.65 0.75 0.121119 0.226162 
3.7 0.75 0.141319 0.260164 
3.75 0.75 0.156161 0.296203 
3.8 0.75 0.16524 0.332638 
3.85 0.75 0.168363 0.368197 
3.9 0.75 0.165529 0.401919 
3.95 0.75 0.156908 0.433063 
4 0.75 0.142836 0.461021 
4.05 0.75 0.123807 0.485256 
4.1 0.75 0.100467 0.505276 
4.15 0.75 0.0736119 0.520632 
4.2 0.75 0.044167 0.530944 
4.25 0.75 0.0131626 0.535934 
4.3 0.75 -0.0183044 0.535458 
4.35 0.75 -0.0491164 0.529528 
4.4 0.75 -0.078183 0.518305 
4.45 0.75 -0.104485 0.502082 
4.5 0.75 -0.127113 0.481248 
4.55 0.75 -0.14529 0.456258 
4.6 0.75 -0.158387 0.427612 
4.65 0.75 -0.165931 0.395856 
4.7 0.75 -0.167611 0.361625 
4.75 0.75 -0.163281 0.325705 
4.8 0.75 -0.152979 0.289127 
4.85 0.75 -0.136941 0.25325 
4.9 0.75 -0.11563 0.219813 
4.95 0.75 -0.0897483 0.190867 
5 0.75 -0.0602438 0.168576 
0 0.8 -0.0664252 0.159059 
0.05 0.8 -0.0447094 0.139979 
0.1 0.8 -0.0211555 0.128207 
0.15 0.8 0.00328663 0.124846 
0.2 0.8 0.0276034 0.130221 
0.25 0.8 0.0507853 0.143794 
0.3 0.8 0.0718964 0.164295 
0.35 0.8 0.0901322 0.19001 
0.4 0.8 0.104855 0.219108 
0.45 0.8 0.115604 0.249902 
0.5 0.8 0.122096 0.280988 
0.55 0.8 0.124199 0.311268 
0.6 0.8 0.121927 0.339909 
0.65 0.8 0.115416 0.366271 
0.7 0.8 0.104921 0.389838 
0.75 0.8 0.090811 0.410169 
0.8 0.8 0.0735648 0.42688 
0.85 0.8 0.0537661 0.439631 
0.9 0.8 0.0320923 0.448146 
0.95 0.8 0.00929403 0.452231 
1 0.8 -0.0138311 0.451787 
1.05 0.8 -0.0364718 0.446824 
1.1 0.8 -0.0578368 0.437459 
1.15 0.8 -0.077187 0.423903 
1.2 0.8 -0.0938612 0.406446 
1.25 0.8 -0.107294 0.385433 
1.3 0.8 -0.117025 0.361259 
1.35 0.8 -0.122706 0.334376 
1.4 0.8 -0.124101 0.305318 
1.45 0.8 -0.121095 0.274761 
1.5 0.8 -0.113698 0.243586 
1.55 0.8 -0.102067 0.212955 
1.6 0.8 -0.0865194 0.184345 
1.65 0.8 -0.0675494 0.159498 
1.7 0.8 -0.0458332 0.140259 
1.75 0.8 -0.0222127 0.128287 
1.8 0.8 0.00234358 0.124728 
1.85 0.8 0.0268011 0.129938 
1.9 0.8 0.0501323 0.143398 
1.95 0.8 0.0713887 0.163841 
2 0.8 0.0897575 0.189545 
2.05 0.8 0.104597 0.218668 
2.1 0.8 0.115446 0.249508 
2.15 0.8 0.122019 0.280648 
2.2 0.8 0.12419 0.310985 
2.25 0.8 0.121972 0.33968 
2.3 0.8 0.115503 0.366092 
2.35 0.8 0.105042 0.389704 
2.4 0.8 0.0909566 0.410077 
2.45 0.8 0.0737284 0.426826 
2.5 0.8 0.0539415 0.439613 
2.55 0.8 0.0322734 0.448164 
2.6 0.8 0.009475 0.452282 
2.65 0.8 -0.0136559 0.45187 
2.7 0.8 -0.0363077 0.446939 
2.75 0.8 -0.0576889 0.437603 
2.8 0.8 -0.0770598 0.424076 
2.85 0.8 -0.0937588 0.406644 
2.9 0.8 -0.10722 0.385653 
2.95 0.8 -0.116982 0.3615 
3 0.8 -0.122696 0.334633 
3.05 0.8 -0.124126 0.305588 
3.1 0.8 -0.121154 0.275037 
3.15 0.8 -0.113792 0.24386 
3.2 0.8 -0.102193 0.213216 
3.25 0.8 -0.0866739 0.18458 
3.3 0.8 -0.0677282 0.159692 
3.35 0.8 -0.04603 0.140396 
3.4 0.8 -0.0224199 0.128356 
3.45 0.8 0.0021343 0.124723 
3.5 0.8 0.0265984 0.129861 
3.55 0.8 0.0499446 0.143256 
3.6 0.8 0.0712232 0.163648 
3.65 0.8 0.0896204 0.189317 
3.7 0.8 0.104493 0.218421 
3.75 0.8 0.115378 0.249254 
3.8 0.8 0.121988 0.280398 
3.85 0.8 0.124197 0.310747 
3.9 0.8 0.122015 0.33946 
3.95 0.8 0.115581 0.365893 
4 0.8 0.10515 0.38953 
4.05 0.8 0.0910925 0.409931 
4.1 0.8 0.0738866 0.426707 
4.15 0.8 0.0541163 0.439522 
4.2 0.8 0.032459 0.448098 
4.25 0.8 0.00966612 0.452236 
4.3 0.8 -0.0134636 0.451837 
4.35 0.8 -0.0361163 0.446907 
4.4 0.8 -0.0574978 0.437558 
4.45 0.8 -0.0768645 0.424001 
4.5 0.8 -0.0935499 0.40652 
4.55 0.8 -0.106982 0.385459 
4.6 0.8 -0.116696 0.361214 
4.65 0.8 -0.122337 0.334238 
4.7 0.8 -0.123665 0.305074 
4.75 0.8 -0.120562 0.274407 
4.8 0.8 -0.113043 0.243136 
4.85 0.8 -0.101271 0.212445 
4.9 0.8 -0.0855803 0.183832 
4.95 0.8 -0.0664824 0.159059 
5 0.8 -0.0446705 0.139979 
0 0.85 -0.0430809 0.123347 
0.05 0.85 -0.0289945 0.108461 
0.1 0.85 -0.0137166 0.099291 
0.15 0.85 0.00212758 0.0966802 
0.2 0.85 0.0178788 0.100874 
0.25 0.85 0.0328796 0.111457 
0.3 0.85 0.0465208 0.127449 
0.35 0.85 0.0582811 0.147523 
0.4 0.85 0.0677509 0.170257 
0.45 0.85 0.0746397 0.194333 
0.5 0.85 0.0787711 0.218642 
0.55 0.85 0.0800709 0.242315 
0.6 0.85 0.0785544 0.264687 
0.65 0.85 0.0743163 0.285246 
0.7 0.85 0.0675252 0.303588 
0.75 0.85 0.0584202 0.319374 
0.8 0.85 0.0473101 0.332316 
0.85 0.85 0.0345691 0.342168 
0.9 0.85 0.0206305 0.348735 
0.95 0.85 0.00597394 0.351881 
1 0.85 -0.00889136 0.351539 
1.05 0.85 -0.0234474 0.347715 
1.1 0.85 -0.037189 0.34049 
1.15 0.85 -0.0496438 0.330012 
1.2 0.85 -0.0603887 0.316485 
1.25 0.85 -0.0690605 0.300161 
1.3 0.85 -0.0753629 0.281337 
1.35 0.85 -0.0790685 0.260362 
1.4 0.85 -0.0800211 0.237659 
1.45 0.85 -0.0781389 0.213765 
1.5 0.85 -0.0734211 0.189385 
1.55 0.85 -0.0659592 0.165441 
1.6 0.85 -0.0559504 0.143092 
1.65 0.85 -0.043709 0.123702 
1.7 0.85 -0.0296708 0.108701 
1.75 0.85 -0.0143838 0.0993747 
1.8 0.85 0.0015177 0.0966029 
1.85 0.85 0.0173543 0.100661 
1.9 0.85 0.0324515 0.111149 
1.95 0.85 0.0461885 0.12709 
2 0.85 0.0580371 0.147153 
2.05 0.85 0.0675844 0.169906 
2.1 0.85 0.0745388 0.194017 
2.15 0.85 0.0787243 0.218371 
2.2 0.85 0.0800678 0.24209 
2.25 0.85 0.078586 0.264505 
2.3 0.85 0.0743751 0.285106 
2.35 0.85 0.0676049 0.303484 
2.4 0.85 0.0585157 0.319304 
2.45 0.85 0.0474168 0.332276 
2.5 0.85 0.0346829 0.342157 
2.55 0.85 0.0207476 0.348752 
2.6 0.85 0.00609077 0.351924 
2.65 0.85 -0.00877839 0.351607 
2.7 0.85 -0.0233417 0.347808 
2.75 0.85 -0.0370937 0.340606 
2.8 0.85 -0.0495618 0.330149 
2.85 0.85 -0.0603226 0.316641 
2.9 0.85 -0.0690125 0.300335 
2.95 0.85 -0.0753347 0.281527 
3 0.85 -0.0790615 0.260565 
3.05 0.85 -0.0800362 0.237871 
3.1 0.85 -0.0781764 0.213982 
3.15 0.85 -0.0734807 0.1896 
3.2 0.85 -0.0660398 0.165645 
3.25 0.85 -0.05605 0.143276 
3.3 0.85 -0.0438245 0.123853 
3.35 0.85 -0.0297981 0.108809 
3.4 0.85 -0.014518 0.0994287 
3.45 0.85 0.00138219 0.0965993 
3.5 0.85 0.0172231 0.100601 
3.55 0.85 0.0323301 0.111038 
3.6 0.85 0.0460816 0.12694 
3.65 0.85 0.0579487 0.146976 
3.7 0.85 0.0675173 0.169713 
3.75 0.85 0.0744949 0.193819 
3.8 0.85 0.0787044 0.218176 
3.85 0.85 0.0800719 0.241904 
3.9 0.85 0.0786134 0.264333 
3.95 0.85 0.0744243 0.284951 
4 0.85 0.0676738 0.303349 
4.05 0.85 0.0586014 0.319189 
4.1 0.85 0.0475161 0.332183 
4.15 0.85 0.0347921 0.342083 
4.2 0.85 0.0208629 0.348696 
4.25 0.85 0.00620846 0.351882 
4.3 0.85 -0.00866104 0.351571 
4.35 0.85 -0.0232261 0.347769 
4.4 0.85 -0.0369795 0.340554 
4.45 0.85 -0.0494458 0.33007 
4.5 0.85 -0.0601985 0.316519 
4.55 0.85 -0.0688705 0.300155 
4.6 0.85 -0.0751614 0.281272 
4.65 0.85 -0.07884 0.260222 
4.7 0.85 -0.0797478 0.237435 
4.75 0.85 -0.0778022 0.213457 
4.8 0.85 -0.0730056 0.189006 
4.85 0.85 -0.0654575 0.16502 
4.9 0.85 -0.0553687 0.142677 
4.95 0.85 -0.0430697 0.123347 
5 0.85 -0.0290017 0.108461 
0 0.9 -0.0220772 0.0843109 
0.05 0.9 -0.0148308 0.0742555 
0.1 0.9 -0.00700891 0.0680779 
0.15 0.9 0.00108039 0.0663238 
0.2 0.9 0.00911066 0.0691509 
0.25 0.9 0.0167489 0.0762843 
0.3 0.9 0.0236841 0.0870761 
0.35 0.9 0.0296506 0.100645 
0.4 0.9 0.0344419 0.11604 
0.45 0.9 0.0379143 0.132369 
0.5 0.9 0.0399829 0.148877 
0.55 0.9 0.0406148 0.164963 
0.6 0.9 0.0398219 0.180166 
0.65 0.9 0.0376549 0.194131 
0.7 0.9 0.0342004 0.206578 
0.75 0.9 0.02958 0.217278 
0.8 0.9 0.0239494 0.226038 
0.85 0.9 0.017497 0.232699 
0.9 0.9 0.010441 0.237134 
0.95 0.9 0.00302319 0.239258 
1 0.9 -0.00449993 0.239027 
1.05 0.9 -0.0118672 0.236446 
1.1 0.9 -0.018824 0.231565 
1.15 0.9 -0.0251324 0.224479 
1.2 0.9 -0.0305793 0.21532 
1.25 0.9 -0.0349818 0.204252 
1.3 0.9 -0.0381902 0.191475 
1.35 0.9 -0.0400888 0.177225 
1.4 0.9 -0.0405969 0.161796 
1.45 0.9 -0.0396699 0.145561 
1.5 0.9 -0.0373031 0.129009 
1.55 0.9 -0.0335381 0.112774 
1.6 0.9 -0.0284701 0.0976468 
1.65 0.9 -0.0222557 0.0845462 
1.7 0.9 -0.0151155 0.0744287 
1.75 0.9 -0.00733003 0.0681461 
1.8 0.9 0.000773471 0.0662802 
1.85 0.9 0.00884336 0.0690121 
1.9 0.9 0.0165306 0.0760782 
1.95 0.9 0.0235155 0.0868336 
2 0.9 0.0295278 0.100394 
2.05 0.9 0.0343593 0.1158 
2.1 0.9 0.0378654 0.132153 
2.15 0.9 0.0399615 0.14869 
2.2 0.9 0.0406155 0.164808 
2.25 0.9 0.0398399 0.180041 
2.3 0.9 0.0376863 0.194035 
2.35 0.9 0.0342421 0.206508 
2.4 0.9 0.0296294 0.217231 
2.45 0.9 0.0240041 0.226013 
2.5 0.9 0.0175551 0.232693 
2.55 0.9 0.0105006 0.237147 
2.6 0.9 0.00308249 0.239288 
2.65 0.9 -0.00444267 0.239075 
2.7 0.9 -0.0118137 0.23651 
2.75 0.9 -0.0187757 0.231645 
2.8 0.9 -0.0250909 0.224573 
2.85 0.9 -0.0305457 0.215427 
2.9 0.9 -0.0349573 0.204371 
2.95 0.9 -0.0381757 0.191605 
3 0.9 -0.040085 0.177364 
3.05 0.9 -0.0406043 0.161941 
3.1 0.9 -0.0396886 0.145709 
3.15 0.9 -0.0373331 0.129155 
3.2 0.9 -0.0335788 0.112913 
3.25 0.9 -0.0285206 0.0977714 
3.3 0.9 -0.0223144 0.0846485 
3.35 0.9 -0.0151802 0.0745011 
3.4 0.9 -0.00739834 0.0681826 
3.45 0.9 0.000704431 0.0662779 
3.5 0.9 0.00877654 0.0689716 
3.55 0.9 0.0164689 0.0760039 
3.6 0.9 0.0234612 0.0867323 
3.65 0.9 0.029483 0.100274 
3.7 0.9 0.0343254 0.115669 
3.75 0.9 0.0378432 0.132018 
3.8 0.9 0.0399515 0.148558 
3.85 0.9 0.0406176 0.164681 
3.9 0.9 0.0398537 0.179924 
3.95 0.9 0.037711 0.193929 
4 0.9 0.0342765 0.206415 
4.05 0.9 0.0296721 0.217152 
4.1 0.9 0.0240533 0.225948 
4.15 0.9 0.0176089 0.232641 
4.2 0.9 0.0105571 0.237107 
4.25 0.9 0.0031396 0.239256 
4.3 0.9 -0.00438638 0.239045 
4.35 0.9 -0.011759 0.236478 
4.4 0.9 -0.0187225 0.231602 
4.45 0.9 -0.0250376 0.22451 
4.5 0.9 -0.0304891 0.215334 
4.55 0.9 -0.0348922 0.204237 
4.6 0.9 -0.0380951 0.191418 
4.65 0.9 -0.03998 0.177118 
4.7 0.9 -0.040465 0.161632 
4.75 0.9 -0.0395054 0.145341 
4.8 0.9 -0.0370989 0.128744 
4.85 0.9 -0.0332934 0.112487 
4.9 0.9 -0.0281972 0.0973693 
4.95 0.9 -0.0219862 0.0843109 
5 0.9 -0.014892 0.0742555 
0 0.95 -0.00652233 0.0428282 
0.05 0.95 -0.00430027 0.0378305 
0.1 0.95 -0.00201899 0.0347758 
0.15 0.95 0.000308997 0.0339107 
0.2 0.95 0.00261228 0.0353095 
0.25 0.95 0.00479965 0.0388405 
0.3 0.95 0.00678192 0.0441913 
0.35 0.95 0.00848294 0.0509345 
0.4 0.95 0.00984438 0.0586034 
0.45 0.95 0.0108267 0.0667563 
0.5 0.95 0.0114074 0.0750141 
0.55 0.95 0.0115791 0.0830722 
0.6 0.95 0.0113461 0.0906945 
0.65 0.95 0.0107238 0.0976987 
0.7 0.95 0.009737 0.103941 
0.75 0.95 0.00841992 0.109306 
0.8 0.95 0.00681644 0.113696 
0.85 0.95 0.00497974 0.117032 
0.9 0.95 0.00297154 0.119252 
0.95 0.95 0.000860403 0.120315 
1 0.95 -0.00128069 0.120199 
1.05 0.95 -0.00337747 0.118907 
1.1 0.95 -0.00535755 0.116464 
1.15 0.95 -0.00715345 0.112914 
1.2 0.95 -0.00870493 0.108323 
1.25 0.95 -0.00996041 0.102774 
1.3 0.95 -0.0108777 0.0963656 
1.35 0.95 -0.0114242 0.089219 
1.4 0.95 -0.0115765 0.0814842 
1.45 0.95 -0.0113211 0.0733534 
1.5 0.95 -0.0106553 0.0650764 
1.55 0.95 -0.00958915 0.0569743 
1.6 0.95 -0.00814791 0.0494431 
1.65 0.95 -0.00637487 0.0429367 
1.7 0.95 -0.00433258 0.037923 
1.75 0.95 -0.00210192 0.0348149 
1.8 0.95 0.000221809 0.0338927 
1.85 0.95 0.00253569 0.0352432 
1.9 0.95 0.00473764 0.0387398 
1.95 0.95 0.00673465 0.0440717 
2 0.95 0.00844909 0.0508094 
2.05 0.95 0.0098221 0.0584831 
2.1 0.95 0.010814 0.0666474 
2.15 0.95 0.0114025 0.0749199 
2.2 0.95 0.0115802 0.0829938 
2.25 0.95 0.011352 0.0906315 
2.3 0.95 0.0107334 0.09765 
2.35 0.95 0.0097493 0.103906 
2.4 0.95 0.00843425 0.109282 
2.45 0.95 0.0068322 0.113683 
2.5 0.95 0.00499638 0.117029 
2.55 0.95 0.00298855 0.119259 
2.6 0.95 0.000877296 0.120331 
2.65 0.95 -0.0012644 0.120224 
2.7 0.95 -0.00336224 0.11894 
2.75 0.95 -0.00534382 0.116504 
2.8 0.95 -0.00714163 0.112961 
2.85 0.95 -0.00869536 0.108378 
2.9 0.95 -0.00995341 0.102834 
2.95 0.95 -0.0108736 0.096431 
3 0.95 -0.011423 0.0892887 
3.05 0.95 -0.0115785 0.081557 
3.1 0.95 -0.0113264 0.0734276 
3.15 0.95 -0.0106638 0.0651496 
3.2 0.95 -0.00960067 0.0570437 
3.25 0.95 -0.00816225 0.0495051 
3.3 0.95 -0.0063916 0.0429876 
3.35 0.95 -0.0043511 0.037959 
3.4 0.95 -0.00212149 0.0348331 
3.45 0.95 0.000202019 0.0338916 
3.5 0.95 0.00251655 0.0352232 
3.55 0.95 0.00471996 0.0387031 
3.6 0.95 0.00671915 0.0440215 
3.65 0.95 0.00843633 0.0507497 
3.7 0.95 0.00981247 0.0584179 
3.75 0.95 0.0108077 0.0665802 
3.8 0.95 0.0113997 0.0748536 
3.85 0.95 0.0115808 0.0829305 
3.9 0.95 0.011356 0.0905728 
3.95 0.95 0.0107404 0.097597 
4 0.95 0.00975901 0.103859 
4.05 0.95 0.00844626 0.109242 
4.1 0.95 0.00684599 0.11365 
4.15 0.95 0.00501138 0.117002 
4.2 0.95 0.00300414 0.119238 
4.25 0.95 0.000892912 0.120313 
4.3 0.95 -0.00124924 0.120207 
4.35 0.95 -0.00334781 0.118922 
4.4 0.95 -0.00533011 0.11648 
4.45 0.95 -0.00712823 0.112927 
4.5 0.95 -0.00868137 0.108328 
4.55 0.95 -0.00993736 0.102764 
4.6 0.95 -0.0108534 0.0963343 
4.65 0.95 -0.011396 0.0891622 
4.7 0.95 -0.0115417 0.0813995 
4.75 0.95 -0.0112768 0.0732419 
4.8 0.95 -0.0105994 0.0649442 
4.85 0.95 -0.00952246 0.0568336 
4.9 0.95 -0.00808009 0.0493109 
4.95 0.95 -0.00633971 0.0428282 
5 0.95 -0.00442369 0.0378305 
0 1 0 0 
0.05 1 0 0 
0.1 1 0 0 
0.15 1 0 0 
0.2 1 0 0 
0.25 1 0 0 
0.3 1 0 0 
0.35 1 0 0 
0.4 1 0 0 
0.45 1 0 0 
0.5 1 0 0 
0.55 1 0 0 
0.6 1 0 0 
0.65 1 0 0 
0.7 1 0 0 
0.75 1 0 0 
0.8 1 0 0 
0.85 1 0 0 
0.9 1 0 0 
0.95 1 0 0 
1 1 0 0 
1.05 1 0 0 
1.1 1 0 0 
1.15 1 0 0 
1.2 1 0 0 
1.25 1 0 0 
1.3 1 0 0 
1.35 1 0 0 
1.4 1 0 0 
1.45 1 0 0 
1.5 1 0 0 
1.55 1 0 0 
1.6 1 0 0 
1.65 1 0 0 
1.7 1 0 0 
1.75 1 0 0 
1.8 1 0 0 
1.85 1 0 0 
1.9 1 0 0 
1.95 1 0 0 
2 1 0 0 
2.05 1 0 0 
2.1 1 0 0 
2.15 1 0 0 
2.2 1 0 0 
2.25 1 0 0 
2.3 1 0 0 
2.35 1 0 0 
2.4 1 0 0 
2.45 1 0 0 
2.5 1 0 0 
2.55 1 0 0 
2.6 1 0 0 
2.65 1 0 0 
2.7 1 0 0 
2.75 1 0 0 
2.8 1 0 0 
2.85 1 0 0 
2.9 1 0 0 
2.95 1 0 0 
3 1 0 0 
3.05 1 0 0 
3.1 1 0 0 
3.15 1 0 0 
3.2 1 0 0 
3.25 1 0 0 
3.3 1 0 0 
3.35 1 0 0 
3.4 1 0 0 
3.45 1 0 0 
3.5 1 0 0 
3.55 1 0 0 
3.6 1 0 0 
3.65 1 0 0 
3.7 1 0 0 
3.75 1 0 0 
3.8 1 0 0 
3.85 1 0 0 
3.9 1 0 0 
3.95 1 0 0 
4 1 0 0 
4.05 1 0 0 
4.1 1 0 0 
4.15 1 0 0 
4.2 1 0 0 
4.25 1 0 0 
4.3 1 0 0 
4.35 1 0 0 
4.4 1 0 0 
4.45 1 0 0 
4.5 1 0 0 
4.55 1 0 0 
4.6 1 0 0 
4.65 1 0 0 
4.7 1 0 0 
4.75 1 0 0 
4.8 1 0 0 
4.85 1 0 0 
4.9 1 0 0 
4.95 1 0 0 
5 1 0 0 
