x, y, ksi, T
#iter= 230000
0 0 0 1 
0.05 0 0 1 
0.1 0 0 1 
0.15 0 0 1 
0.2 0 0 1 
0.25 0 0 1 
0.3 0 0 1 
0.35 0 0 1 
0.4 0 0 1 
0.45 0 0 1 
0.5 0 0 1 
0.55 0 0 1 
0.6 0 0 1 
0.65 0 0 1 
0.7 0 0 1 
0.75 0 0 1 
0.8 0 0 1 
0.85 0 0 1 
0.9 0 0 1 
0.95 0 0 1 
1 0 0 1 
1.05 0 0 1 
1.1 0 0 1 
1.15 0 0 1 
1.2 0 0 1 
1.25 0 0 1 
1.3 0 0 1 
1.35 0 0 1 
1.4 0 0 1 
1.45 0 0 1 
1.5 0 0 1 
1.55 0 0 1 
1.6 0 0 1 
1.65 0 0 1 
1.7 0 0 1 
1.75 0 0 1 
1.8 0 0 1 
1.85 0 0 1 
1.9 0 0 1 
1.95 0 0 1 
2 0 0 1 
2.05 0 0 1 
2.1 0 0 1 
2.15 0 0 1 
2.2 0 0 1 
2.25 0 0 1 
2.3 0 0 1 
2.35 0 0 1 
2.4 0 0 1 
2.45 0 0 1 
2.5 0 0 1 
2.55 0 0 1 
2.6 0 0 1 
2.65 0 0 1 
2.7 0 0 1 
2.75 0 0 1 
2.8 0 0 1 
2.85 0 0 1 
2.9 0 0 1 
2.95 0 0 1 
3 0 0 1 
3.05 0 0 1 
3.1 0 0 1 
3.15 0 0 1 
3.2 0 0 1 
3.25 0 0 1 
3.3 0 0 1 
3.35 0 0 1 
3.4 0 0 1 
3.45 0 0 1 
3.5 0 0 1 
3.55 0 0 1 
3.6 0 0 1 
3.65 0 0 1 
3.7 0 0 1 
3.75 0 0 1 
3.8 0 0 1 
3.85 0 0 1 
3.9 0 0 1 
3.95 0 0 1 
4 0 0 1 
4.05 0 0 1 
4.1 0 0 1 
4.15 0 0 1 
4.2 0 0 1 
4.25 0 0 1 
4.3 0 0 1 
4.35 0 0 1 
4.4 0 0 1 
4.45 0 0 1 
4.5 0 0 1 
4.55 0 0 1 
4.6 0 0 1 
4.65 0 0 1 
4.7 0 0 1 
4.75 0 0 1 
4.8 0 0 1 
4.85 0 0 1 
4.9 0 0 1 
4.95 0 0 1 
5 0 0 1 
0 0.05 -0.00612622 0.8908 
0.05 0.05 -0.00424546 0.887748 
0.1 0.05 -0.00228006 0.885886 
0.15 0.05 -0.00028229 0.885199 
0.2 0.05 0.00169709 0.885677 
0.25 0.05 0.00360002 0.887297 
0.3 0.05 0.00536682 0.890022 
0.35 0.05 0.0069408 0.893794 
0.4 0.05 0.0082711 0.89854 
0.45 0.05 0.00931436 0.904166 
0.5 0.05 0.0100356 0.910561 
0.55 0.05 0.0104085 0.917586 
0.6 0.05 0.0104162 0.925073 
0.65 0.05 0.0100514 0.932809 
0.7 0.05 0.00931776 0.940526 
0.75 0.05 0.00823168 0.947901 
0.8 0.05 0.00682375 0.954555 
0.85 0.05 0.00514028 0.960083 
0.9 0.05 0.00324333 0.964094 
0.95 0.05 0.00120884 0.966273 
1 0.05 -0.00087753 0.966438 
1.05 0.05 -0.00292625 0.964574 
1.1 0.05 -0.00485061 0.96084 
1.15 0.05 -0.00657281 0.955533 
1.2 0.05 -0.00802844 0.949036 
1.25 0.05 -0.00916867 0.941754 
1.3 0.05 -0.00996051 0.934074 
1.35 0.05 -0.0103856 0.92633 
1.4 0.05 -0.0104386 0.918797 
1.45 0.05 -0.0101252 0.911697 
1.5 0.05 -0.00946151 0.905205 
1.55 0.05 -0.00847283 0.899464 
1.6 0.05 -0.00719372 0.894588 
1.65 0.05 -0.00566758 0.890672 
1.7 0.05 -0.00394606 0.887792 
1.75 0.05 -0.00208793 0.886003 
1.8 0.05 -0.000157284 0.885341 
1.85 0.05 0.00177885 0.885818 
1.9 0.05 0.00365322 0.887426 
1.95 0.05 0.00540108 0.890131 
2 0.05 0.00696268 0.893883 
2.05 0.05 0.00828512 0.898608 
2.1 0.05 0.00932361 0.904216 
2.15 0.05 0.0100422 0.910594 
2.2 0.05 0.0104139 0.917606 
2.25 0.05 0.0104213 0.925082 
2.3 0.05 0.0100568 0.932809 
2.35 0.05 0.00932395 0.940521 
2.4 0.05 0.00823874 0.947893 
2.45 0.05 0.0068317 0.954547 
2.5 0.05 0.00514901 0.960077 
2.55 0.05 0.00325262 0.964092 
2.6 0.05 0.00121836 0.966279 
2.65 0.05 -0.000868162 0.966451 
2.7 0.05 -0.00291743 0.964596 
2.75 0.05 -0.00484274 0.960869 
2.8 0.05 -0.00656627 0.955568 
2.85 0.05 -0.00802352 0.949074 
2.9 0.05 -0.00916564 0.941796 
2.95 0.05 -0.00995955 0.934116 
3 0.05 -0.0103869 0.926371 
3.05 0.05 -0.0104421 0.918837 
3.1 0.05 -0.010131 0.911733 
3.15 0.05 -0.00946955 0.905237 
3.2 0.05 -0.00848296 0.89949 
3.25 0.05 -0.00720572 0.894608 
3.3 0.05 -0.00568116 0.890685 
3.35 0.05 -0.00396084 0.887798 
3.4 0.05 -0.00210347 0.886 
3.45 0.05 -0.000173079 0.885329 
3.5 0.05 0.00176333 0.885798 
3.55 0.05 0.00363853 0.887396 
3.6 0.05 0.00538776 0.890092 
3.65 0.05 0.00695125 0.893835 
3.7 0.05 0.00827604 0.898552 
3.75 0.05 0.00931733 0.904152 
3.8 0.05 0.0100391 0.910523 
3.85 0.05 0.0104143 0.917529 
3.9 0.05 0.0104254 0.925001 
3.95 0.05 0.0100648 0.932727 
4 0.05 0.00933589 0.940441 
4.05 0.05 0.00825456 0.947819 
4.1 0.05 0.00685116 0.954484 
4.15 0.05 0.00517168 0.960031 
4.2 0.05 0.00327786 0.96407 
4.25 0.05 0.00124535 0.966284 
4.3 0.05 -0.000840394 0.966488 
4.35 0.05 -0.00288997 0.964666 
4.4 0.05 -0.00481675 0.960972 
4.45 0.05 -0.00654296 0.955702 
4.5 0.05 -0.00800424 0.949238 
4.55 0.05 -0.00915195 0.941985 
4.6 0.05 -0.00995349 0.934328 
4.65 0.05 -0.0103912 0.926602 
4.7 0.05 -0.0104609 0.919083 
4.75 0.05 -0.0101703 0.911988 
4.8 0.05 -0.00953816 0.905492 
4.85 0.05 -0.00859461 0.89973 
4.9 0.05 -0.00738208 0.894807 
4.95 0.05 -0.00595568 0.8908 
5 0.05 -0.00436523 0.887748 
0 0.1 -0.0206882 0.782648 
0.05 0.1 -0.0145643 0.776633 
0.1 0.1 -0.00787024 0.772898 
0.15 0.1 -0.00093433 0.771506 
0.2 0.1 0.00598716 0.77245 
0.25 0.1 0.0126594 0.775685 
0.3 0.1 0.0188609 0.78113 
0.35 0.1 0.0243871 0.788669 
0.4 0.1 0.0290562 0.79815 
0.45 0.1 0.0327136 0.809388 
0.5 0.1 0.0352348 0.822159 
0.55 0.1 0.0365277 0.836192 
0.6 0.1 0.0365336 0.851155 
0.65 0.1 0.0352298 0.866629 
0.7 0.1 0.0326336 0.88209 
0.75 0.1 0.028807 0.896891 
0.8 0.1 0.0238618 0.910271 
0.85 0.1 0.0179631 0.921407 
0.9 0.1 0.0113285 0.929501 
0.95 0.1 0.00422094 0.933904 
1 0.1 -0.00306468 0.934237 
1.05 0.1 -0.0102211 0.930471 
1.1 0.1 -0.0169502 0.922934 
1.15 0.1 -0.0229827 0.912238 
1.2 0.1 -0.0280934 0.899168 
1.25 0.1 -0.0321088 0.884551 
1.3 0.1 -0.0349089 0.869161 
1.35 0.1 -0.0364245 0.853665 
1.4 0.1 -0.0366324 0.838608 
1.45 0.1 -0.0355499 0.824423 
1.5 0.1 -0.0332316 0.811456 
1.55 0.1 -0.0297665 0.799985 
1.6 0.1 -0.0252768 0.790242 
1.65 0.1 -0.0199161 0.782413 
1.7 0.1 -0.0138671 0.776653 
1.75 0.1 -0.0073374 0.773075 
1.8 0.1 -0.000552575 0.771749 
1.85 0.1 0.00625155 0.772704 
1.9 0.1 0.0128384 0.77592 
1.95 0.1 0.0189801 0.781332 
2 0.1 0.0244658 0.788833 
2.05 0.1 0.0291083 0.798277 
2.1 0.1 0.0327492 0.80948 
2.15 0.1 0.0352611 0.82222 
2.2 0.1 0.0365494 0.836228 
2.25 0.1 0.036554 0.851169 
2.3 0.1 0.035251 0.866628 
2.35 0.1 0.032657 0.882077 
2.4 0.1 0.0288332 0.896872 
2.45 0.1 0.0238908 0.910252 
2.5 0.1 0.0179945 0.921393 
2.55 0.1 0.0113615 0.929498 
2.6 0.1 0.0042546 0.933915 
2.65 0.1 -0.0030317 0.934264 
2.7 0.1 -0.0101902 0.930514 
2.75 0.1 -0.0169227 0.922991 
2.8 0.1 -0.0229599 0.912308 
2.85 0.1 -0.0280764 0.899246 
2.9 0.1 -0.0320984 0.884634 
2.95 0.1 -0.0349058 0.869245 
3 0.1 -0.0364293 0.853748 
3.05 0.1 -0.0366452 0.838686 
3.1 0.1 -0.0355708 0.824495 
3.15 0.1 -0.0332603 0.81152 
3.2 0.1 -0.0298025 0.800039 
3.25 0.1 -0.0253193 0.790283 
3.3 0.1 -0.0199641 0.782441 
3.35 0.1 -0.0139193 0.776665 
3.4 0.1 -0.00739217 0.77307 
3.45 0.1 -0.000608159 0.771727 
3.5 0.1 0.00619704 0.772663 
3.55 0.1 0.0127869 0.775861 
3.6 0.1 0.0189335 0.781254 
3.65 0.1 0.0244259 0.788737 
3.7 0.1 0.0290769 0.798164 
3.75 0.1 0.0327277 0.809352 
3.8 0.1 0.0352508 0.822078 
3.85 0.1 0.0365514 0.836074 
3.9 0.1 0.0365691 0.851008 
3.95 0.1 0.0352798 0.866463 
4 0.1 0.0326996 0.881917 
4.05 0.1 0.0288891 0.896723 
4.1 0.1 0.0239593 0.910126 
4.15 0.1 0.018074 0.921301 
4.2 0.1 0.0114497 0.929452 
4.25 0.1 0.00434862 0.933924 
4.3 0.1 -0.00293518 0.934337 
4.35 0.1 -0.0100949 0.930653 
4.4 0.1 -0.0168326 0.923196 
4.45 0.1 -0.0228794 0.912574 
4.5 0.1 -0.0280099 0.899569 
4.55 0.1 -0.0320514 0.885007 
4.6 0.1 -0.0348851 0.869663 
4.65 0.1 -0.0364439 0.854202 
4.7 0.1 -0.0367076 0.83917 
4.75 0.1 -0.0356982 0.824995 
4.8 0.1 -0.0334761 0.812016 
4.85 0.1 -0.0301359 0.8005 
4.9 0.1 -0.0258006 0.790655 
4.95 0.1 -0.0206023 0.782648 
5 0.1 -0.0146229 0.776633 
0 0.15 -0.040337 0.679608 
0.05 0.15 -0.0283825 0.67078 
0.1 0.15 -0.0153104 0.665251 
0.15 0.15 -0.00170684 0.66317 
0.2 0.15 0.0119102 0.664555 
0.25 0.15 0.0250592 0.669344 
0.3 0.15 0.0372897 0.677415 
0.35 0.15 0.0481894 0.688587 
0.4 0.15 0.0573939 0.702626 
0.45 0.15 0.0645944 0.719251 
0.5 0.15 0.0695441 0.738126 
0.55 0.15 0.0720613 0.758853 
0.6 0.15 0.0720333 0.780946 
0.65 0.15 0.0694205 0.803798 
0.7 0.15 0.0642636 0.826643 
0.75 0.15 0.0566918 0.848535 
0.8 0.15 0.0469318 0.868351 
0.85 0.15 0.0353122 0.884867 
0.9 0.15 0.0222612 0.896885 
0.95 0.15 0.00829228 0.903428 
1 0.15 -0.00602199 0.903923 
1.05 0.15 -0.0200858 0.898326 
1.1 0.15 -0.0333203 0.887131 
1.15 0.15 -0.0452007 0.871265 
1.2 0.15 -0.055284 0.851903 
1.25 0.15 -0.0632257 0.830276 
1.3 0.15 -0.0687835 0.80753 
1.35 0.15 -0.071814 0.784643 
1.4 0.15 -0.072264 0.762407 
1.45 0.15 -0.0701624 0.741453 
1.5 0.15 -0.0656131 0.722284 
1.55 0.15 -0.0587902 0.705311 
1.6 0.15 -0.0499348 0.690874 
1.65 0.15 -0.0393514 0.679261 
1.7 0.15 -0.0274027 0.670707 
1.75 0.15 -0.0145002 0.665388 
1.8 0.15 -0.00109172 0.663418 
1.85 0.15 0.012355 0.664838 
1.9 0.15 0.0253708 0.669618 
1.95 0.15 0.0375036 0.677657 
2 0.15 0.0483349 0.688786 
2.05 0.15 0.0574935 0.702781 
2.1 0.15 0.0646651 0.719363 
2.15 0.15 0.069598 0.738199 
2.2 0.15 0.072107 0.758893 
2.25 0.15 0.0720766 0.780958 
2.3 0.15 0.0694654 0.803788 
2.35 0.15 0.0643124 0.826619 
2.4 0.15 0.0567457 0.848504 
2.45 0.15 0.0469908 0.868321 
2.5 0.15 0.0353756 0.884845 
2.55 0.15 0.0223274 0.896879 
2.6 0.15 0.00835931 0.903443 
2.65 0.15 -0.0059566 0.903962 
2.7 0.15 -0.0200247 0.898389 
2.75 0.15 -0.0332661 0.887217 
2.8 0.15 -0.0451558 0.871368 
2.85 0.15 -0.0552506 0.852019 
2.9 0.15 -0.0632055 0.830399 
2.95 0.15 -0.0687779 0.807656 
3 0.15 -0.0718239 0.784766 
3.05 0.15 -0.0722898 0.762524 
3.1 0.15 -0.0702042 0.741561 
3.15 0.15 -0.0656704 0.72238 
3.2 0.15 -0.058862 0.705391 
3.25 0.15 -0.0500194 0.690937 
3.3 0.15 -0.0394468 0.679303 
3.35 0.15 -0.0275062 0.670726 
3.4 0.15 -0.0146087 0.665382 
3.45 0.15 -0.00120171 0.663385 
3.5 0.15 0.0122473 0.664779 
3.55 0.15 0.0252692 0.669531 
3.6 0.15 0.0374119 0.677543 
3.65 0.15 0.0482566 0.688646 
3.7 0.15 0.0574321 0.702615 
3.75 0.15 0.0646234 0.719174 
3.8 0.15 0.0695785 0.73799 
3.85 0.15 0.0721119 0.758667 
3.9 0.15 0.0721075 0.780721 
3.95 0.15 0.0695231 0.803546 
4 0.15 0.064397 0.826382 
4.05 0.15 0.0568564 0.848284 
4.1 0.15 0.0471257 0.868134 
4.15 0.15 0.0355316 0.884708 
4.2 0.15 0.0225001 0.896809 
4.25 0.15 0.00854313 0.903455 
4.3 0.15 -0.00576814 0.904067 
4.35 0.15 -0.0198387 0.898591 
4.4 0.15 -0.0330903 0.887514 
4.45 0.15 -0.044998 0.871756 
4.5 0.15 -0.0551194 0.852487 
4.55 0.15 -0.0631106 0.830939 
4.6 0.15 -0.0687309 0.808256 
4.65 0.15 -0.0718398 0.785416 
4.7 0.15 -0.0723884 0.763211 
4.75 0.15 -0.0704109 0.742266 
4.8 0.15 -0.0660163 0.723074 
4.85 0.15 -0.0593799 0.706028 
4.9 0.15 -0.0507303 0.691448 
4.95 0.15 -0.0403232 0.679608 
5 0.15 -0.0283899 0.67078 
0 0.2 -0.0622121 0.586655 
0.05 0.2 -0.0436875 0.575271 
0.1 0.2 -0.0234821 0.568111 
0.15 0.2 -0.00243039 0.565398 
0.2 0.2 0.0186734 0.567185 
0.25 0.2 0.0390716 0.573404 
0.3 0.2 0.0580523 0.583889 
0.35 0.2 0.0749646 0.598388 
0.4 0.2 0.0892352 0.616577 
0.45 0.2 0.100381 0.638073 
0.5 0.2 0.108017 0.662429 
0.55 0.2 0.111865 0.689128 
0.6 0.2 0.111755 0.717548 
0.65 0.2 0.107634 0.746919 
0.7 0.2 0.0995752 0.77627 
0.75 0.2 0.0877891 0.804396 
0.8 0.2 0.0726349 0.829866 
0.85 0.2 0.0546261 0.851102 
0.9 0.2 0.0344249 0.866564 
0.95 0.2 0.0128201 0.874985 
1 0.2 -0.00931224 0.875622 
1.05 0.2 -0.0310621 0.868417 
1.1 0.2 -0.0515441 0.854013 
1.15 0.2 -0.0699527 0.833608 
1.2 0.2 -0.085604 0.808719 
1.25 0.2 -0.0979601 0.780929 
1.3 0.2 -0.106638 0.751703 
1.35 0.2 -0.111406 0.722284 
1.4 0.2 -0.11217 0.693679 
1.45 0.2 -0.108966 0.666686 
1.5 0.2 -0.101949 0.641947 
1.55 0.2 -0.0913841 0.619992 
1.6 0.2 -0.0776445 0.601276 
1.65 0.2 -0.0612038 0.586186 
1.7 0.2 -0.0426274 0.575048 
1.75 0.2 -0.0225586 0.568113 
1.8 0.2 -0.00169804 0.565541 
1.85 0.2 0.0192225 0.567395 
1.9 0.2 0.0394686 0.57363 
1.95 0.2 0.0583329 0.584099 
2 0.2 0.0751614 0.598566 
2.05 0.2 0.0893747 0.616717 
2.1 0.2 0.100484 0.638172 
2.15 0.2 0.108099 0.662491 
2.2 0.2 0.111937 0.689156 
2.25 0.2 0.111825 0.717547 
2.3 0.2 0.107707 0.746895 
2.35 0.2 0.0996544 0.776232 
2.4 0.2 0.0878758 0.804352 
2.45 0.2 0.0727291 0.829824 
2.5 0.2 0.0547265 0.851073 
2.55 0.2 0.0345293 0.866556 
2.6 0.2 0.0129252 0.875005 
2.65 0.2 -0.0092101 0.875673 
2.7 0.2 -0.0309669 0.8685 
2.75 0.2 -0.0514599 0.854124 
2.8 0.2 -0.0698832 0.833742 
2.85 0.2 -0.0855524 0.808869 
2.9 0.2 -0.0979292 0.781089 
2.95 0.2 -0.10663 0.751866 
3 0.2 -0.111421 0.722445 
3.05 0.2 -0.11221 0.693832 
3.1 0.2 -0.109032 0.666828 
3.15 0.2 -0.102039 0.642073 
3.2 0.2 -0.0914964 0.6201 
3.25 0.2 -0.077777 0.60136 
3.3 0.2 -0.0613529 0.586244 
3.35 0.2 -0.0427891 0.575076 
3.4 0.2 -0.0227279 0.568108 
3.45 0.2 -0.00186939 0.565502 
3.5 0.2 0.0190549 0.56732 
3.55 0.2 0.0393108 0.573519 
3.6 0.2 0.0581908 0.583954 
3.65 0.2 0.0750404 0.598387 
3.7 0.2 0.0892801 0.616505 
3.75 0.2 0.10042 0.637931 
3.8 0.2 0.10807 0.662224 
3.85 0.2 0.111946 0.688868 
3.9 0.2 0.111874 0.717244 
3.95 0.2 0.107797 0.746587 
4 0.2 0.0997863 0.775929 
4.05 0.2 0.0880476 0.804071 
4.1 0.2 0.0729377 0.829584 
4.15 0.2 0.054967 0.850897 
4.2 0.2 0.0347948 0.866465 
4.25 0.2 0.0132075 0.875018 
4.3 0.2 -0.0089209 0.875804 
4.35 0.2 -0.0306813 0.868753 
4.4 0.2 -0.0511891 0.854497 
4.45 0.2 -0.0696385 0.834227 
4.5 0.2 -0.0853456 0.809453 
4.55 0.2 -0.0977732 0.781758 
4.6 0.2 -0.10654 0.752606 
4.65 0.2 -0.111415 0.72324 
4.7 0.2 -0.112309 0.694665 
4.75 0.2 -0.109263 0.667673 
4.8 0.2 -0.102432 0.642897 
4.85 0.2 -0.0920768 0.620852 
4.9 0.2 -0.0785476 0.601975 
4.95 0.2 -0.0622592 0.586655 
5 0.2 -0.0436522 0.575271 
0 0.25 -0.0840631 0.507692 
0.05 0.25 -0.058912 0.494062 
0.1 0.25 -0.0315372 0.485469 
0.15 0.25 -0.00300798 0.482202 
0.2 0.25 0.0256124 0.484354 
0.25 0.25 0.0532889 0.491852 
0.3 0.25 0.0790424 0.504476 
0.35 0.25 0.101978 0.52189 
0.4 0.25 0.121308 0.543664 
0.45 0.25 0.136375 0.569302 
0.5 0.25 0.146658 0.598247 
0.55 0.25 0.151784 0.629872 
0.6 0.25 0.151533 0.663442 
0.65 0.25 0.145846 0.698059 
0.7 0.25 0.134836 0.732596 
0.75 0.25 0.118801 0.765655 
0.8 0.25 0.0982378 0.795569 
0.85 0.25 0.0738465 0.8205 
0.9 0.25 0.0465214 0.838647 
0.95 0.25 0.0173208 0.848528 
1 0.25 -0.0125842 0.849275 
1.05 0.25 -0.0419786 0.840819 
1.1 0.25 -0.0696793 0.823913 
1.15 0.25 -0.0946061 0.799958 
1.2 0.25 -0.115836 0.770725 
1.25 0.25 -0.132638 0.738064 
1.3 0.25 -0.144483 0.703676 
1.35 0.25 -0.151044 0.669006 
1.4 0.25 -0.152179 0.635222 
1.45 0.25 -0.147923 0.603253 
1.5 0.25 -0.138475 0.573853 
1.55 0.25 -0.124187 0.547665 
1.6 0.25 -0.10556 0.525249 
1.65 0.25 -0.083236 0.507108 
1.7 0.25 -0.0579866 0.493673 
1.75 0.25 -0.0306912 0.485287 
1.8 0.25 -0.00230967 0.482173 
1.85 0.25 0.0261541 0.484418 
1.9 0.25 0.0536928 0.49196 
1.95 0.25 0.0793368 0.504595 
2 0.25 0.102191 0.521998 
2.05 0.25 0.121467 0.54375 
2.1 0.25 0.136498 0.56936 
2.15 0.25 0.146762 0.598277 
2.2 0.25 0.15188 0.629874 
2.25 0.25 0.151629 0.66342 
2.3 0.25 0.145948 0.698017 
2.35 0.25 0.134947 0.732542 
2.4 0.25 0.118922 0.765597 
2.45 0.25 0.0983688 0.795517 
2.5 0.25 0.0739855 0.820464 
2.55 0.25 0.046665 0.838637 
2.6 0.25 0.0174648 0.848553 
2.65 0.25 -0.0124447 0.849337 
2.7 0.25 -0.0418489 0.840919 
2.75 0.25 -0.0695647 0.824046 
2.8 0.25 -0.0945116 0.800118 
2.85 0.25 -0.115766 0.770905 
2.9 0.25 -0.132596 0.738255 
2.95 0.25 -0.144473 0.703871 
3 0.25 -0.151066 0.6692 
3.05 0.25 -0.152235 0.635408 
3.1 0.25 -0.148013 0.603425 
3.15 0.25 -0.138598 0.574009 
3.2 0.25 -0.12434 0.547797 
3.25 0.25 -0.105741 0.525355 
3.3 0.25 -0.0834397 0.507182 
3.35 0.25 -0.0582073 0.493712 
3.4 0.25 -0.030922 0.485286 
3.45 0.25 -0.00254312 0.482131 
3.5 0.25 0.0259261 0.484333 
3.55 0.25 0.0534784 0.491831 
3.6 0.25 0.079144 0.504424 
3.65 0.25 0.102028 0.521787 
3.7 0.25 0.121339 0.543501 
3.75 0.25 0.136413 0.569078 
3.8 0.25 0.146724 0.597965 
3.85 0.25 0.151893 0.629538 
3.9 0.25 0.151697 0.663067 
3.95 0.25 0.146072 0.697657 
4 0.25 0.135126 0.73219 
4.05 0.25 0.119154 0.765271 
4.1 0.25 0.0986498 0.795239 
4.15 0.25 0.0743085 0.82026 
4.2 0.25 0.0470211 0.838532 
4.25 0.25 0.0178428 0.848567 
4.3 0.25 -0.0120574 0.849487 
4.35 0.25 -0.0414658 0.841209 
4.4 0.25 -0.0691998 0.824473 
4.45 0.25 -0.0941786 0.80067 
4.5 0.25 -0.115479 0.771567 
4.55 0.25 -0.132368 0.739007 
4.6 0.25 -0.144319 0.704696 
4.65 0.25 -0.151003 0.670077 
4.7 0.25 -0.152282 0.636315 
4.75 0.25 -0.148192 0.604337 
4.8 0.25 -0.138928 0.574889 
4.85 0.25 -0.124833 0.548603 
4.9 0.25 -0.106381 0.526034 
4.95 0.25 -0.0841606 0.507692 
5 0.25 -0.0588419 0.494062 
0 0.3 -0.104144 0.444295 
0.05 0.3 -0.0728526 0.428687 
0.1 0.3 -0.0388432 0.41882 
0.15 0.3 -0.00339792 0.415066 
0.2 0.3 0.032172 0.417561 
0.25 0.3 0.0665726 0.426216 
0.3 0.3 0.0985727 0.440741 
0.35 0.3 0.127047 0.460683 
0.4 0.3 0.15101 0.485482 
0.45 0.3 0.169641 0.514506 
0.5 0.3 0.182298 0.547078 
0.55 0.3 0.188528 0.582467 
0.6 0.3 0.188074 0.619849 
0.65 0.3 0.180879 0.658239 
0.7 0.3 0.167103 0.696413 
0.75 0.3 0.147131 0.732855 
0.8 0.3 0.121591 0.765762 
0.85 0.3 0.0913569 0.793144 
0.9 0.3 0.0575318 0.813051 
0.95 0.3 0.0214148 0.823884 
1 0.3 -0.0155622 0.824701 
1.05 0.3 -0.0519158 0.815432 
1.1 0.3 -0.0862 0.796886 
1.15 0.3 -0.11709 0.77058 
1.2 0.3 -0.143448 0.738429 
1.25 0.3 -0.164363 0.702433 
1.3 0.3 -0.179169 0.664437 
1.35 0.3 -0.187442 0.626004 
1.4 0.3 -0.188988 0.5884 
1.45 0.3 -0.183833 0.552642 
1.5 0.3 -0.172205 0.519575 
1.55 0.3 -0.154528 0.489938 
1.6 0.3 -0.131417 0.464412 
1.65 0.3 -0.103668 0.44363 
1.7 0.3 -0.072243 0.428161 
1.75 0.3 -0.0382439 0.418468 
1.8 0.3 -0.00287744 0.414862 
1.85 0.3 0.0325926 0.417464 
1.9 0.3 0.0668979 0.426185 
1.95 0.3 0.0988193 0.440743 
2 0.3 0.127235 0.460698 
2.05 0.3 0.151158 0.485495 
2.1 0.3 0.169765 0.514507 
2.15 0.3 0.182411 0.547063 
2.2 0.3 0.188641 0.582435 
2.25 0.3 0.188192 0.619801 
2.3 0.3 0.181008 0.658177 
2.35 0.3 0.167244 0.696344 
2.4 0.3 0.147285 0.732786 
2.45 0.3 0.121757 0.765703 
2.5 0.3 0.0915324 0.793105 
2.55 0.3 0.0577125 0.813043 
2.6 0.3 0.0215955 0.823913 
2.65 0.3 -0.0153878 0.824773 
2.7 0.3 -0.051754 0.815545 
2.75 0.3 -0.0860573 0.797036 
2.8 0.3 -0.116973 0.77076 
2.85 0.3 -0.143361 0.738631 
2.9 0.3 -0.164311 0.702649 
2.95 0.3 -0.179156 0.664659 
3 0.3 -0.187469 0.626224 
3.05 0.3 -0.189058 0.588613 
3.1 0.3 -0.183945 0.552843 
3.15 0.3 -0.172358 0.519757 
3.2 0.3 -0.15472 0.490096 
3.25 0.3 -0.131643 0.464539 
3.3 0.3 -0.103923 0.443722 
3.35 0.3 -0.0725187 0.428212 
3.4 0.3 -0.0385322 0.418474 
3.45 0.3 -0.00316875 0.41482 
3.5 0.3 0.0323083 0.417371 
3.55 0.3 0.066631 0.426043 
3.6 0.3 0.0985798 0.440553 
3.65 0.3 0.127032 0.460463 
3.7 0.3 0.151001 0.485218 
3.75 0.3 0.169661 0.514194 
3.8 0.3 0.182366 0.546719 
3.85 0.3 0.188659 0.582066 
3.9 0.3 0.188278 0.619415 
3.95 0.3 0.181162 0.657785 
4 0.3 0.167465 0.695961 
4.05 0.3 0.147571 0.732433 
4.1 0.3 0.122103 0.765403 
4.15 0.3 0.0919286 0.792885 
4.2 0.3 0.0581484 0.81293 
4.25 0.3 0.0220578 0.82393 
4.3 0.3 -0.0149139 0.824934 
4.35 0.3 -0.0512841 0.815855 
4.4 0.3 -0.085607 0.797491 
4.45 0.3 -0.116557 0.771345 
4.5 0.3 -0.142993 0.739327 
4.55 0.3 -0.164004 0.703434 
4.6 0.3 -0.17892 0.66551 
4.65 0.3 -0.187318 0.627119 
4.7 0.3 -0.189002 0.589527 
4.75 0.3 -0.183995 0.55375 
4.8 0.3 -0.17252 0.520627 
4.85 0.3 -0.154989 0.490895 
4.9 0.3 -0.131992 0.465235 
4.95 0.3 -0.104282 0.444295 
5 0.3 -0.0727544 0.428687 
0 0.35 -0.121126 0.395565 
0.05 0.35 -0.0846034 0.378131 
0.1 0.35 -0.0449382 0.367074 
0.15 0.35 -0.00359664 0.36287 
0.2 0.35 0.0378951 0.365706 
0.25 0.35 0.0780165 0.375465 
0.3 0.35 0.115316 0.391755 
0.35 0.35 0.148467 0.413969 
0.4 0.35 0.176315 0.441369 
0.45 0.35 0.197902 0.473157 
0.5 0.35 0.21249 0.508513 
0.55 0.35 0.219567 0.546603 
0.6 0.35 0.218852 0.586531 
0.65 0.35 0.210305 0.62726 
0.7 0.35 0.194133 0.667533 
0.75 0.35 0.170806 0.705798 
0.8 0.35 0.141066 0.740217 
0.85 0.35 0.105934 0.768771 
0.9 0.35 0.0666868 0.789485 
0.95 0.35 0.0248162 0.80074 
1 0.35 -0.0180379 0.801588 
1.05 0.35 -0.0601791 0.791957 
1.1 0.35 -0.0999524 0.772664 
1.15 0.35 -0.135836 0.745241 
1.2 0.35 -0.166516 0.711627 
1.25 0.35 -0.190929 0.673853 
1.3 0.35 -0.208289 0.633795 
1.35 0.35 -0.218082 0.593051 
1.4 0.35 -0.22006 0.552923 
1.45 0.35 -0.214227 0.514476 
1.5 0.35 -0.200827 0.478619 
1.55 0.35 -0.180335 0.446191 
1.6 0.35 -0.153457 0.41801 
1.65 0.35 -0.121114 0.394874 
1.7 0.35 -0.0844312 0.377532 
1.75 0.35 -0.044706 0.366609 
1.8 0.35 -0.00336299 0.362534 
1.85 0.35 0.0381026 0.365475 
1.9 0.35 0.0781899 0.37531 
1.95 0.35 0.115459 0.39165 
2 0.35 0.148588 0.413893 
2.05 0.35 0.176423 0.441308 
2.1 0.35 0.198006 0.473099 
2.15 0.35 0.212599 0.508453 
2.2 0.35 0.219686 0.546537 
2.25 0.35 0.218985 0.586457 
2.3 0.35 0.210455 0.627181 
2.35 0.35 0.1943 0.667452 
2.4 0.35 0.170989 0.705722 
2.45 0.35 0.141263 0.740155 
2.5 0.35 0.106142 0.768732 
2.55 0.35 0.0668998 0.789479 
2.6 0.35 0.0250284 0.800775 
2.65 0.35 -0.0178334 0.801668 
2.7 0.35 -0.0599898 0.79208 
2.75 0.35 -0.0997856 0.772827 
2.8 0.35 -0.135699 0.745436 
2.85 0.35 -0.166414 0.711846 
2.9 0.35 -0.190869 0.674087 
2.95 0.35 -0.208273 0.634037 
3 0.35 -0.218114 0.593294 
3.05 0.35 -0.220142 0.55316 
3.1 0.35 -0.214359 0.514701 
3.15 0.35 -0.201006 0.478826 
3.2 0.35 -0.18056 0.446374 
3.25 0.35 -0.153721 0.418161 
3.3 0.35 -0.121412 0.394986 
3.35 0.35 -0.0847541 0.377598 
3.4 0.35 -0.0450437 0.366624 
3.45 0.35 -0.00370403 0.362495 
3.5 0.35 0.0377701 0.365379 
3.55 0.35 0.0778782 0.375158 
3.6 0.35 0.11518 0.391445 
3.65 0.35 0.148352 0.41364 
3.7 0.35 0.176241 0.441012 
3.75 0.35 0.197886 0.472766 
3.8 0.35 0.212547 0.508089 
3.85 0.35 0.219708 0.546149 
3.9 0.35 0.219086 0.586054 
3.95 0.35 0.210634 0.626774 
4 0.35 0.194556 0.667057 
4.05 0.35 0.171319 0.705359 
4.1 0.35 0.141661 0.739849 
4.15 0.35 0.106596 0.76851 
4.2 0.35 0.0673987 0.789366 
4.25 0.35 0.0255572 0.800794 
4.3 0.35 -0.017291 0.801832 
4.35 0.35 -0.0594503 0.792394 
4.4 0.35 -0.099265 0.773283 
4.45 0.35 -0.135211 0.746018 
4.5 0.35 -0.165971 0.712533 
4.55 0.35 -0.19048 0.674854 
4.6 0.35 -0.207945 0.634858 
4.65 0.35 -0.21785 0.594145 
4.7 0.35 -0.219942 0.554018 
4.75 0.35 -0.214221 0.51554 
4.8 0.35 -0.200922 0.479624 
4.85 0.35 -0.18051 0.447109 
4.9 0.35 -0.153669 0.418818 
4.95 0.35 -0.121297 0.395565 
5 0.35 -0.0844835 0.378131 
0 0.4 -0.134032 0.358842 
0.05 0.4 -0.0935021 0.339631 
0.1 0.4 -0.0494955 0.327396 
0.15 0.4 -0.00362369 0.322751 
0.2 0.4 0.042415 0.325942 
0.25 0.4 0.0869179 0.336812 
0.3 0.4 0.128256 0.354832 
0.35 0.4 0.164946 0.379196 
0.4 0.4 0.195698 0.408942 
0.45 0.4 0.219458 0.443062 
0.5 0.4 0.235418 0.48057 
0.55 0.4 0.243033 0.520518 
0.6 0.4 0.24202 0.561946 
0.65 0.4 0.232359 0.6038 
0.7 0.4 0.214308 0.644835 
0.75 0.4 0.188409 0.683544 
0.8 0.4 0.155499 0.718154 
0.85 0.4 0.116709 0.74673 
0.9 0.4 0.0734403 0.767387 
0.95 0.4 0.0273221 0.778587 
1 0.4 -0.0198635 0.77943 
1.05 0.4 -0.0662753 0.769847 
1.1 0.4 -0.110115 0.750614 
1.15 0.4 -0.149724 0.723186 
1.2 0.4 -0.183659 0.68941 
1.25 0.4 -0.210745 0.651233 
1.3 0.4 -0.230096 0.610462 
1.35 0.4 -0.241125 0.568648 
1.4 0.4 -0.243528 0.527072 
1.45 0.4 -0.237279 0.486812 
1.5 0.4 -0.222622 0.448833 
1.55 0.4 -0.200059 0.414081 
1.6 0.4 -0.170355 0.383533 
1.65 0.4 -0.134526 0.358192 
1.7 0.4 -0.09382 0.339033 
1.75 0.4 -0.04969 0.326891 
1.8 0.4 -0.00373727 0.322346 
1.85 0.4 0.0423535 0.325628 
1.9 0.4 0.0868914 0.33657 
1.95 0.4 0.128256 0.354644 
2 0.4 0.164969 0.379046 
2.05 0.4 0.195744 0.408817 
2.1 0.4 0.219526 0.442952 
2.15 0.4 0.23551 0.48047 
2.2 0.4 0.243149 0.520422 
2.25 0.4 0.242159 0.561852 
2.3 0.4 0.232522 0.603707 
2.35 0.4 0.214493 0.644747 
2.4 0.4 0.188614 0.683466 
2.45 0.4 0.15572 0.718094 
2.5 0.4 0.116942 0.746696 
2.55 0.4 0.0736784 0.767388 
2.6 0.4 0.0275589 0.778629 
2.65 0.4 -0.0196358 0.779517 
2.7 0.4 -0.0660648 0.769978 
2.75 0.4 -0.10993 0.750785 
2.8 0.4 -0.149571 0.72339 
2.85 0.4 -0.183546 0.68964 
2.9 0.4 -0.210676 0.651481 
2.95 0.4 -0.230078 0.610719 
3 0.4 -0.24116 0.568908 
3.05 0.4 -0.243617 0.527329 
3.1 0.4 -0.237425 0.487059 
3.15 0.4 -0.222821 0.449064 
3.2 0.4 -0.200309 0.414289 
3.25 0.4 -0.17065 0.383708 
3.3 0.4 -0.134857 0.358326 
3.35 0.4 -0.0941795 0.339116 
3.4 0.4 -0.050066 0.326917 
3.45 0.4 -0.00411689 0.322311 
3.5 0.4 0.0419838 0.32553 
3.55 0.4 0.0865451 0.336411 
3.6 0.4 0.127947 0.354427 
3.65 0.4 0.164708 0.378778 
3.7 0.4 0.195543 0.408506 
3.75 0.4 0.219394 0.442606 
3.8 0.4 0.235454 0.480095 
3.85 0.4 0.243176 0.520026 
3.9 0.4 0.242271 0.561445 
3.95 0.4 0.232719 0.603301 
4 0.4 0.214774 0.644356 
4.05 0.4 0.188975 0.68311 
4.1 0.4 0.156153 0.717796 
4.15 0.4 0.117435 0.746481 
4.2 0.4 0.0742196 0.76728 
4.25 0.4 0.0281321 0.778648 
4.3 0.4 -0.0190474 0.779675 
4.35 0.4 -0.0654776 0.770278 
4.4 0.4 -0.109359 0.751218 
4.45 0.4 -0.149029 0.723938 
4.5 0.4 -0.183041 0.69028 
4.55 0.4 -0.210213 0.652186 
4.6 0.4 -0.229656 0.611464 
4.65 0.4 -0.240773 0.569667 
4.7 0.4 -0.243256 0.528078 
4.75 0.4 -0.237071 0.487778 
4.8 0.4 -0.222453 0.449736 
4.85 0.4 -0.199895 0.414904 
4.9 0.4 -0.170151 0.384265 
4.95 0.4 -0.134226 0.358842 
5 0.4 -0.0933663 0.339631 
0 0.45 -0.142178 0.33071 
0.05 0.45 -0.0990891 0.309746 
0.1 0.45 -0.0522962 0.296334 
0.15 0.45 -0.00351003 0.291252 
0.2 0.45 0.0454514 0.294813 
0.25 0.45 0.0927571 0.306808 
0.3 0.45 0.136656 0.326546 
0.35 0.45 0.175554 0.352986 
0.4 0.45 0.20808 0.384906 
0.45 0.45 0.233116 0.421057 
0.5 0.45 0.249826 0.460262 
0.55 0.45 0.257654 0.501447 
0.6 0.45 0.256328 0.543592 
0.65 0.45 0.245862 0.585643 
0.7 0.45 0.226558 0.626409 
0.75 0.45 0.199017 0.664486 
0.8 0.45 0.164138 0.698248 
0.85 0.45 0.123123 0.725937 
0.9 0.45 0.0774444 0.745853 
0.95 0.45 0.0288041 0.756618 
1 0.45 -0.0209449 0.757427 
1.05 0.45 -0.0698902 0.748219 
1.1 0.45 -0.116162 0.729685 
1.15 0.45 -0.15803 0.70313 
1.2 0.45 -0.193978 0.670219 
1.25 0.45 -0.222761 0.632716 
1.3 0.45 -0.243428 0.592275 
1.35 0.45 -0.255331 0.550337 
1.4 0.45 -0.258118 0.508123 
1.45 0.45 -0.25173 0.466699 
1.5 0.45 -0.23639 0.427082 
1.55 0.45 -0.212607 0.390335 
1.6 0.45 -0.181172 0.357615 
1.65 0.45 -0.143153 0.330163 
1.7 0.45 -0.0998825 0.309215 
1.75 0.45 -0.0529158 0.295852 
1.8 0.45 -0.00397932 0.290834 
1.85 0.45 0.0451064 0.29446 
1.9 0.45 0.0925137 0.306513 
1.95 0.45 0.136496 0.3263 
2 0.45 0.175464 0.35278 
2.05 0.45 0.208049 0.384731 
2.1 0.45 0.233136 0.420905 
2.15 0.45 0.249891 0.460129 
2.2 0.45 0.257758 0.501327 
2.25 0.45 0.256467 0.543482 
2.3 0.45 0.246032 0.585542 
2.35 0.45 0.226755 0.626319 
2.4 0.45 0.199236 0.664411 
2.45 0.45 0.164375 0.698194 
2.5 0.45 0.123372 0.725911 
2.55 0.45 0.0776991 0.745862 
2.6 0.45 0.0290568 0.756668 
2.65 0.45 -0.0207023 0.757521 
2.7 0.45 -0.069666 0.748355 
2.75 0.45 -0.115965 0.729861 
2.8 0.45 -0.157867 0.70334 
2.85 0.45 -0.193857 0.670455 
2.9 0.45 -0.222688 0.632971 
2.95 0.45 -0.243408 0.592543 
3 0.45 -0.255367 0.550612 
3.05 0.45 -0.258212 0.508397 
3.1 0.45 -0.251883 0.466967 
3.15 0.45 -0.236601 0.427337 
3.2 0.45 -0.212872 0.390567 
3.25 0.45 -0.181485 0.357814 
3.3 0.45 -0.143507 0.330319 
3.35 0.45 -0.100266 0.309316 
3.4 0.45 -0.0533168 0.29589 
3.45 0.45 -0.00438415 0.290804 
3.5 0.45 0.0447123 0.29436 
3.55 0.45 0.0921452 0.306346 
3.6 0.45 0.136167 0.326072 
3.65 0.45 0.175188 0.3525 
3.7 0.45 0.207837 0.384409 
3.75 0.45 0.232998 0.42055 
3.8 0.45 0.249833 0.459749 
3.85 0.45 0.257786 0.500932 
3.9 0.45 0.256585 0.543081 
3.95 0.45 0.246239 0.585147 
4 0.45 0.22705 0.625943 
4.05 0.45 0.199613 0.664072 
4.1 0.45 0.164825 0.697913 
4.15 0.45 0.123884 0.72571 
4.2 0.45 0.0782598 0.745763 
4.25 0.45 0.0296501 0.756686 
4.3 0.45 -0.0200927 0.757666 
4.35 0.45 -0.0690558 0.748627 
4.4 0.45 -0.115367 0.73025 
4.45 0.45 -0.157292 0.703827 
4.5 0.45 -0.193309 0.671017 
4.55 0.45 -0.222166 0.63358 
4.6 0.45 -0.242904 0.593173 
4.65 0.45 -0.254866 0.551237 
4.7 0.45 -0.257693 0.508995 
4.75 0.45 -0.251317 0.46752 
4.8 0.45 -0.235954 0.427835 
4.85 0.45 -0.212105 0.39101 
4.9 0.45 -0.180558 0.358216 
4.95 0.45 -0.142387 0.33071 
5 0.45 -0.0989431 0.309746 
0 0.5 -0.14514 0.307799 
0.05 0.5 -0.101081 0.285194 
0.1 0.5 -0.0532123 0.270668 
0.15 0.5 -0.00328958 0.265177 
0.2 0.5 0.0468088 0.269101 
0.25 0.5 0.0951864 0.282175 
0.3 0.5 0.14003 0.303536 
0.35 0.5 0.179696 0.331896 
0.4 0.5 0.212778 0.365761 
0.45 0.5 0.238145 0.403632 
0.5 0.5 0.254958 0.444137 
0.55 0.5 0.26268 0.486069 
0.6 0.5 0.261065 0.52835 
0.65 0.5 0.250162 0.569936 
0.7 0.5 0.230309 0.609712 
0.75 0.5 0.202143 0.646415 
0.8 0.5 0.166597 0.678618 
0.85 0.5 0.124895 0.704803 
0.9 0.5 0.0785266 0.723518 
0.95 0.5 0.0291988 0.733592 
1 0.5 -0.0212358 0.734348 
1.05 0.5 -0.070868 0.725732 
1.1 0.5 -0.117829 0.70833 
1.15 0.5 -0.160384 0.683245 
1.2 0.5 -0.197004 0.651898 
1.25 0.5 -0.226418 0.61581 
1.3 0.5 -0.247644 0.576428 
1.35 0.5 -0.259999 0.535041 
1.4 0.5 -0.263092 0.492782 
1.45 0.5 -0.256827 0.4507 
1.5 0.5 -0.2414 0.40986 
1.55 0.5 -0.2173 0.371442 
1.6 0.5 -0.185311 0.336795 
1.65 0.5 -0.146517 0.307403 
1.7 0.5 -0.102278 0.284777 
1.75 0.5 -0.0542009 0.270255 
1.8 0.5 -0.0040755 0.264783 
1.85 0.5 0.0462052 0.268739 
1.9 0.5 0.0947404 0.281849 
1.95 0.5 0.139717 0.303247 
2 0.5 0.179495 0.331644 
2.05 0.5 0.21267 0.365543 
2.1 0.5 0.238114 0.403445 
2.15 0.5 0.254991 0.443976 
2.2 0.5 0.262767 0.48593 
2.25 0.5 0.261197 0.52823 
2.3 0.5 0.250331 0.569832 
2.35 0.5 0.23051 0.609625 
2.4 0.5 0.202368 0.646347 
2.45 0.5 0.166841 0.678574 
2.5 0.5 0.125151 0.704788 
2.55 0.5 0.0787883 0.723537 
2.6 0.5 0.029458 0.73365 
2.65 0.5 -0.0209872 0.734447 
2.7 0.5 -0.0706384 0.725873 
2.75 0.5 -0.117627 0.708509 
2.8 0.5 -0.160217 0.683457 
2.85 0.5 -0.196879 0.652138 
2.9 0.5 -0.226342 0.616071 
2.95 0.5 -0.247622 0.576704 
3 0.5 -0.260034 0.535327 
3.05 0.5 -0.263187 0.493072 
3.1 0.5 -0.256983 0.450987 
3.15 0.5 -0.241615 0.410136 
3.2 0.5 -0.21757 0.371698 
3.25 0.5 -0.185632 0.337017 
3.3 0.5 -0.146879 0.30758 
3.35 0.5 -0.102671 0.284896 
3.4 0.5 -0.0546123 0.270305 
3.45 0.5 -0.00449073 0.264759 
3.5 0.5 0.0458013 0.268638 
3.55 0.5 0.094363 0.281675 
3.6 0.5 0.139381 0.30301 
3.65 0.5 0.179214 0.331354 
3.7 0.5 0.212454 0.365212 
3.75 0.5 0.237973 0.403085 
3.8 0.5 0.254934 0.443596 
3.85 0.5 0.262797 0.485541 
3.9 0.5 0.261317 0.527841 
3.95 0.5 0.250541 0.569454 
4 0.5 0.230806 0.609271 
4.05 0.5 0.202745 0.646032 
4.1 0.5 0.16729 0.678316 
4.15 0.5 0.125661 0.704605 
4.2 0.5 0.0793454 0.723446 
4.25 0.5 0.0300469 0.733665 
4.3 0.5 -0.0203819 0.734572 
4.35 0.5 -0.0700308 0.726106 
4.4 0.5 -0.117028 0.708838 
4.45 0.5 -0.159634 0.683864 
4.5 0.5 -0.196311 0.652599 
4.55 0.5 -0.225784 0.616559 
4.6 0.5 -0.247059 0.577192 
4.65 0.5 -0.259443 0.535789 
4.7 0.5 -0.262537 0.493488 
4.75 0.5 -0.256237 0.451341 
4.8 0.5 -0.240731 0.410424 
4.85 0.5 -0.216505 0.371929 
4.9 0.5 -0.184347 0.337219 
4.95 0.5 -0.145356 0.307799 
5 0.5 -0.100931 0.285194 
0 0.55 -0.14274 0.287217 
0.05 0.55 -0.0993608 0.263268 
0.1 0.55 -0.052198 0.247824 
0.15 0.55 -0.00299381 0.241999 
0.2 0.55 0.0463794 0.246239 
0.25 0.55 0.0940284 0.260221 
0.3 0.55 0.138145 0.282926 
0.35 0.55 0.177098 0.312841 
0.4 0.55 0.209498 0.348223 
0.45 0.55 0.234244 0.387349 
0.5 0.55 0.250531 0.428667 
0.55 0.55 0.257857 0.470852 
0.6 0.55 0.256016 0.512774 
0.65 0.55 0.245085 0.553402 
0.7 0.55 0.22543 0.591706 
0.75 0.55 0.197697 0.626579 
0.8 0.55 0.162817 0.656812 
0.85 0.55 0.121992 0.681152 
0.9 0.55 0.0766703 0.698418 
0.95 0.55 0.0285011 0.707668 
1 0.55 -0.0207318 0.70836 
1.05 0.55 -0.0691935 0.700452 
1.1 0.55 -0.115086 0.684412 
1.15 0.55 -0.156733 0.661125 
1.2 0.55 -0.192649 0.631744 
1.25 0.55 -0.22159 0.597522 
1.3 0.55 -0.242578 0.559677 
1.35 0.55 -0.25492 0.519333 
1.4 0.55 -0.258202 0.477526 
1.45 0.55 -0.252297 0.435281 
1.5 0.55 -0.237363 0.393705 
1.55 0.55 -0.213851 0.354089 
1.6 0.55 -0.182511 0.317951 
1.65 0.55 -0.144395 0.286999 
1.7 0.55 -0.100846 0.262992 
1.75 0.55 -0.053458 0.247503 
1.8 0.55 -0.0040193 0.241652 
1.85 0.55 0.0455749 0.245884 
1.9 0.55 0.0934211 0.259876 
1.95 0.55 0.137708 0.282605 
2 0.55 0.176804 0.312551 
2.05 0.55 0.209324 0.34797 
2.1 0.55 0.234167 0.387132 
2.15 0.55 0.250534 0.428483 
2.2 0.55 0.257925 0.470699 
2.25 0.55 0.256135 0.512647 
2.3 0.55 0.245247 0.553298 
2.35 0.55 0.225626 0.591625 
2.4 0.55 0.19792 0.626521 
2.45 0.55 0.163059 0.65678 
2.5 0.55 0.122246 0.681149 
2.55 0.55 0.0769289 0.698448 
2.6 0.55 0.028757 0.707735 
2.65 0.55 -0.0204867 0.708466 
2.7 0.55 -0.0689673 0.700597 
2.75 0.55 -0.114887 0.684592 
2.8 0.55 -0.156568 0.661337 
2.85 0.55 -0.192526 0.631985 
2.9 0.55 -0.221514 0.597785 
2.95 0.55 -0.242555 0.559958 
3 0.55 -0.254953 0.519627 
3.05 0.55 -0.258294 0.477828 
3.1 0.55 -0.252449 0.435584 
3.15 0.55 -0.237574 0.394 
3.2 0.55 -0.214117 0.354365 
3.25 0.55 -0.182826 0.318194 
3.3 0.55 -0.144752 0.287195 
3.35 0.55 -0.101234 0.263127 
3.4 0.55 -0.0538642 0.247564 
3.45 0.55 -0.00442935 0.241632 
3.5 0.55 0.0451763 0.245783 
3.55 0.55 0.093049 0.259698 
3.6 0.55 0.137377 0.28236 
3.65 0.55 0.176527 0.312253 
3.7 0.55 0.209112 0.347633 
3.75 0.55 0.23403 0.386769 
3.8 0.55 0.250478 0.428107 
3.85 0.55 0.257954 0.470319 
3.9 0.55 0.256252 0.512273 
3.95 0.55 0.24545 0.552941 
4 0.55 0.225912 0.591296 
4.05 0.55 0.198282 0.626232 
4.1 0.55 0.16349 0.656546 
4.15 0.55 0.122734 0.680984 
4.2 0.55 0.0774605 0.698364 
4.25 0.55 0.0293181 0.707741 
4.3 0.55 -0.0199099 0.708564 
4.35 0.55 -0.0683869 0.700782 
4.4 0.55 -0.114312 0.684852 
4.45 0.55 -0.156002 0.661653 
4.5 0.55 -0.191965 0.632333 
4.55 0.55 -0.220948 0.598138 
4.6 0.55 -0.241964 0.56029 
4.65 0.55 -0.254308 0.519912 
4.7 0.55 -0.257559 0.478046 
4.75 0.55 -0.251581 0.435722 
4.8 0.55 -0.236526 0.394059 
4.85 0.55 -0.212843 0.354364 
4.9 0.55 -0.181294 0.318173 
4.95 0.55 -0.142954 0.287217 
5 0.55 -0.099212 0.263268 
0 0.6 -0.135051 0.266679 
0.05 0.6 -0.0939803 0.241932 
0.1 0.6 -0.0492909 0.22593 
0.15 0.6 -0.00264869 0.21991 
0.2 0.6 0.0441497 0.224363 
0.25 0.6 0.0892859 0.238925 
0.3 0.6 0.131027 0.262455 
0.35 0.6 0.167814 0.293268 
0.4 0.6 0.198334 0.329441 
0.45 0.6 0.221552 0.369081 
0.5 0.6 0.236727 0.410507 
0.55 0.6 0.243411 0.45231 
0.6 0.6 0.241438 0.493322 
0.65 0.6 0.230914 0.532534 
0.7 0.6 0.21221 0.568998 
0.75 0.6 0.185957 0.601757 
0.8 0.6 0.153045 0.629814 
0.85 0.6 0.114608 0.652169 
0.9 0.6 0.0720015 0.667901 
0.95 0.6 0.026759 0.676287 
1 0.6 -0.0194675 0.676913 
1.05 0.6 -0.0649805 0.669748 
1.1 0.6 -0.108115 0.655145 
1.15 0.6 -0.147314 0.633786 
1.2 0.6 -0.181189 0.606567 
1.25 0.6 -0.208567 0.574482 
1.3 0.6 -0.228516 0.538529 
1.35 0.6 -0.240361 0.499671 
1.4 0.6 -0.243684 0.458854 
1.45 0.6 -0.238334 0.41707 
1.5 0.6 -0.224431 0.375454 
1.55 0.6 -0.20237 0.335377 
1.6 0.6 -0.172843 0.298482 
1.65 0.6 -0.136833 0.266643 
1.7 0.6 -0.0956102 0.241802 
1.75 0.6 -0.0506978 0.22571 
1.8 0.6 -0.00381156 0.219618 
1.85 0.6 0.0432244 0.224026 
1.9 0.6 0.0885777 0.23857 
1.95 0.6 0.130509 0.262107 
2 0.6 0.167458 0.292946 
2.05 0.6 0.198113 0.329156 
2.1 0.6 0.221441 0.368838 
2.15 0.6 0.236705 0.410305 
2.2 0.6 0.24346 0.452145 
2.25 0.6 0.241544 0.493191 
2.3 0.6 0.231065 0.532432 
2.35 0.6 0.212395 0.568924 
2.4 0.6 0.186168 0.60171 
2.45 0.6 0.153274 0.629794 
2.5 0.6 0.114849 0.652179 
2.55 0.6 0.072247 0.667943 
2.6 0.6 0.0270017 0.676363 
2.65 0.6 -0.0192352 0.677025 
2.7 0.6 -0.0647661 0.669895 
2.75 0.6 -0.107926 0.655326 
2.8 0.6 -0.147157 0.633998 
2.85 0.6 -0.181072 0.606807 
2.9 0.6 -0.208494 0.574745 
2.95 0.6 -0.228493 0.538812 
3 0.6 -0.24039 0.49997 
3.05 0.6 -0.243769 0.459163 
3.1 0.6 -0.238476 0.417382 
3.15 0.6 -0.224628 0.375761 
3.2 0.6 -0.202621 0.335666 
3.25 0.6 -0.173141 0.298739 
3.3 0.6 -0.137171 0.266852 
3.35 0.6 -0.0959783 0.241947 
3.4 0.6 -0.0510834 0.225779 
3.45 0.6 -0.00420087 0.219603 
3.5 0.6 0.042846 0.223926 
3.55 0.6 0.0882248 0.238391 
3.6 0.6 0.130195 0.26186 
3.65 0.6 0.167197 0.292647 
3.7 0.6 0.197914 0.32882 
3.75 0.6 0.221312 0.368479 
3.8 0.6 0.236652 0.409937 
3.85 0.6 0.243487 0.451779 
3.9 0.6 0.241652 0.492836 
3.95 0.6 0.231253 0.532098 
4 0.6 0.212659 0.56862 
4.05 0.6 0.186503 0.601446 
4.1 0.6 0.153671 0.629582 
4.15 0.6 0.115297 0.652029 
4.2 0.6 0.0727337 0.667863 
4.25 0.6 0.0275145 0.676357 
4.3 0.6 -0.0187084 0.677093 
4.35 0.6 -0.0642354 0.670029 
4.4 0.6 -0.107398 0.655513 
4.45 0.6 -0.146633 0.634219 
4.5 0.6 -0.180544 0.607038 
4.55 0.6 -0.20795 0.574961 
4.6 0.6 -0.22791 0.538986 
4.65 0.6 -0.239736 0.500077 
4.7 0.6 -0.243005 0.459184 
4.75 0.6 -0.237556 0.417308 
4.8 0.6 -0.223506 0.375597 
4.85 0.6 -0.201252 0.335439 
4.9 0.6 -0.171498 0.2985 
4.95 0.6 -0.135253 0.266679 
5 0.6 -0.0938395 0.241932 
0 0.65 -0.122415 0.244484 
0.05 0.65 -0.0851763 0.219738 
0.1 0.65 -0.0446197 0.20371 
0.15 0.65 -0.00227365 0.197695 
0.2 0.65 0.0402099 0.202206 
0.25 0.65 0.0811591 0.216855 
0.3 0.65 0.118983 0.240438 
0.35 0.65 0.152261 0.271186 
0.4 0.65 0.179798 0.307088 
0.45 0.65 0.200667 0.346175 
0.5 0.65 0.214216 0.386709 
0.55 0.65 0.220063 0.427247 
0.6 0.65 0.218081 0.466619 
0.65 0.65 0.208394 0.50385 
0.7 0.65 0.191358 0.538071 
0.75 0.65 0.167562 0.568457 
0.8 0.65 0.13782 0.594199 
0.85 0.65 0.103155 0.614513 
0.9 0.65 0.0647835 0.628703 
0.95 0.65 0.0240712 0.63623 
1 0.65 -0.0175143 0.636791 
1.05 0.65 -0.0584667 0.630362 
1.1 0.65 -0.0973077 0.617203 
1.15 0.65 -0.13265 0.597819 
1.2 0.65 -0.16325 0.572885 
1.25 0.65 -0.188051 0.543174 
1.3 0.65 -0.2062 0.509493 
1.35 0.65 -0.217072 0.472662 
1.4 0.65 -0.220267 0.433538 
1.45 0.65 -0.215622 0.393074 
1.5 0.65 -0.203218 0.352405 
1.55 0.65 -0.183391 0.31293 
1.6 0.65 -0.156746 0.276347 
1.65 0.65 -0.124165 0.244606 
1.7 0.65 -0.0867988 0.219739 
1.75 0.65 -0.0460389 0.203584 
1.8 0.65 -0.00346122 0.197459 
1.85 0.65 0.0392544 0.201892 
1.9 0.65 0.0804201 0.216499 
1.95 0.65 0.118437 0.240075 
2 0.65 0.15188 0.270843 
2.05 0.65 0.179556 0.306781 
2.1 0.65 0.200539 0.345913 
2.15 0.65 0.214179 0.386494 
2.2 0.65 0.220097 0.427076 
2.25 0.65 0.218172 0.466488 
2.3 0.65 0.208528 0.503753 
2.35 0.65 0.191525 0.538005 
2.4 0.65 0.167754 0.568421 
2.45 0.65 0.138029 0.594192 
2.5 0.65 0.103375 0.614535 
2.55 0.65 0.0650067 0.628756 
2.6 0.65 0.0242914 0.636314 
2.65 0.65 -0.0173036 0.636908 
2.7 0.65 -0.0582722 0.63051 
2.75 0.65 -0.097136 0.617382 
2.8 0.65 -0.132507 0.598027 
2.85 0.65 -0.163143 0.57312 
2.9 0.65 -0.187983 0.543433 
2.95 0.65 -0.206177 0.509772 
3 0.65 -0.217097 0.472959 
3.05 0.65 -0.220342 0.433846 
3.1 0.65 -0.215749 0.393387 
3.15 0.65 -0.203396 0.352714 
3.2 0.65 -0.183617 0.313222 
3.25 0.65 -0.157016 0.276609 
3.3 0.65 -0.124472 0.24482 
3.35 0.65 -0.087133 0.21989 
3.4 0.65 -0.0463892 0.203658 
3.45 0.65 -0.00381507 0.197448 
3.5 0.65 0.0389105 0.201795 
3.55 0.65 0.0800997 0.216323 
3.6 0.65 0.118153 0.239832 
3.65 0.65 0.151643 0.270549 
3.7 0.65 0.179375 0.306453 
3.75 0.65 0.200422 0.345566 
3.8 0.65 0.214131 0.38614 
3.85 0.65 0.22012 0.426728 
3.9 0.65 0.218268 0.466154 
3.95 0.65 0.208695 0.503443 
4 0.65 0.19176 0.537727 
4.05 0.65 0.16805 0.568182 
4.1 0.65 0.138378 0.593999 
4.15 0.65 0.103768 0.614397 
4.2 0.65 0.0654328 0.628675 
4.25 0.65 0.0247393 0.636294 
4.3 0.65 -0.0168442 0.636943 
4.35 0.65 -0.0578094 0.630593 
4.4 0.65 -0.096674 0.617499 
4.45 0.65 -0.132045 0.598158 
4.5 0.65 -0.162673 0.573243 
4.55 0.65 -0.18749 0.543523 
4.6 0.65 -0.205638 0.509803 
4.65 0.65 -0.216479 0.472907 
4.7 0.65 -0.219606 0.433695 
4.75 0.65 -0.214852 0.393129 
4.8 0.65 -0.202293 0.35236 
4.85 0.65 -0.182271 0.312805 
4.9 0.65 -0.155402 0.276188 
4.95 0.65 -0.122596 0.244484 
5 0.65 -0.0850504 0.219738 
0 0.7 -0.105481 0.219454 
0.05 0.7 -0.0733948 0.195717 
0.1 0.7 -0.0384169 0.180329 
0.15 0.7 -0.00188214 0.174567 
0.2 0.7 0.0347664 0.178936 
0.25 0.7 0.0700692 0.193048 
0.3 0.7 0.102641 0.215709 
0.35 0.7 0.131249 0.245171 
0.4 0.7 0.154865 0.27945 
0.45 0.7 0.172699 0.316612 
0.5 0.7 0.184205 0.354954 
0.55 0.7 0.189073 0.393067 
0.6 0.7 0.187216 0.429823 
0.65 0.7 0.178759 0.4643 
0.7 0.7 0.164026 0.495714 
0.75 0.7 0.143535 0.523357 
0.8 0.7 0.117992 0.546571 
0.85 0.7 0.0882761 0.564749 
0.9 0.7 0.0554219 0.577368 
0.95 0.7 0.0205888 0.584035 
1 0.7 -0.0149821 0.584531 
1.05 0.7 -0.0500182 0.578839 
1.1 0.7 -0.0832693 0.567145 
1.15 0.7 -0.113559 0.549817 
1.2 0.7 -0.13983 0.52736 
1.25 0.7 -0.161174 0.500368 
1.3 0.7 -0.176855 0.46949 
1.35 0.7 -0.186323 0.435426 
1.4 0.7 -0.189217 0.398942 
1.45 0.7 -0.185378 0.360935 
1.5 0.7 -0.174853 0.322496 
1.55 0.7 -0.157913 0.28499 
1.6 0.7 -0.135062 0.250083 
1.65 0.7 -0.107049 0.219692 
1.7 0.7 -0.0748667 0.195819 
1.75 0.7 -0.039721 0.180281 
1.8 0.7 -0.00298628 0.174385 
1.85 0.7 0.0338691 0.178653 
1.9 0.7 0.0693694 0.192705 
1.95 0.7 0.10212 0.215347 
2 0.7 0.130882 0.244822 
2.05 0.7 0.154629 0.279136 
2.1 0.7 0.17257 0.316345 
2.15 0.7 0.184161 0.354735 
2.2 0.7 0.189096 0.392896 
2.25 0.7 0.187291 0.429695 
2.3 0.7 0.178873 0.46421 
2.35 0.7 0.16417 0.495658 
2.4 0.7 0.143701 0.523332 
2.45 0.7 0.118173 0.546574 
2.5 0.7 0.0884658 0.564781 
2.55 0.7 0.0556146 0.577428 
2.6 0.7 0.0207787 0.584124 
2.65 0.7 -0.0148006 0.584649 
2.7 0.7 -0.0498506 0.578985 
2.75 0.7 -0.0831212 0.567319 
2.8 0.7 -0.113436 0.550018 
2.85 0.7 -0.139737 0.527586 
2.9 0.7 -0.161115 0.500616 
2.95 0.7 -0.176834 0.469759 
3 0.7 -0.186343 0.435711 
3.05 0.7 -0.18928 0.399239 
3.1 0.7 -0.185486 0.361237 
3.15 0.7 -0.175005 0.322795 
3.2 0.7 -0.158107 0.285274 
3.25 0.7 -0.135294 0.250338 
3.3 0.7 -0.107313 0.219901 
3.35 0.7 -0.0751548 0.195967 
3.4 0.7 -0.0400233 0.180355 
3.45 0.7 -0.00329178 0.174377 
3.5 0.7 0.0335722 0.178562 
3.55 0.7 0.0690928 0.192539 
3.6 0.7 0.101875 0.215117 
3.65 0.7 0.130678 0.244544 
3.7 0.7 0.154474 0.278826 
3.75 0.7 0.17247 0.316018 
3.8 0.7 0.18412 0.354406 
3.85 0.7 0.189116 0.392574 
3.9 0.7 0.187372 0.429389 
3.95 0.7 0.179014 0.463927 
4 0.7 0.164367 0.495406 
4.05 0.7 0.14395 0.523116 
4.1 0.7 0.118465 0.546401 
4.15 0.7 0.0887936 0.564652 
4.2 0.7 0.0559687 0.577347 
4.25 0.7 0.0211498 0.584089 
4.3 0.7 -0.0144209 0.584655 
4.35 0.7 -0.0494686 0.579022 
4.4 0.7 -0.0827396 0.567374 
4.45 0.7 -0.113053 0.550072 
4.5 0.7 -0.139344 0.527618 
4.55 0.7 -0.160697 0.500602 
4.6 0.7 -0.176369 0.469675 
4.65 0.7 -0.1858 0.435536 
4.7 0.7 -0.188626 0.398959 
4.75 0.7 -0.18468 0.360847 
4.8 0.7 -0.17401 0.322309 
4.85 0.7 -0.15689 0.284729 
4.9 0.7 -0.133839 0.249798 
4.95 0.7 -0.10563 0.219454 
5 0.7 -0.0732911 0.195717 
0 0.75 -0.0852449 0.190895 
0.05 0.75 -0.0593211 0.16928 
0.1 0.75 -0.0310358 0.155264 
0.15 0.75 -0.00148354 0.150027 
0.2 0.75 0.0281547 0.154032 
0.25 0.75 0.0566861 0.166916 
0.3 0.75 0.0829813 0.187574 
0.35 0.75 0.106039 0.214388 
0.4 0.75 0.125031 0.245527 
0.45 0.75 0.139326 0.279204 
0.5 0.75 0.148495 0.313847 
0.55 0.75 0.152304 0.348158 
0.6 0.75 0.150697 0.381099 
0.65 0.75 0.14379 0.411836 
0.7 0.75 0.131856 0.439678 
0.75 0.75 0.11532 0.464026 
0.8 0.75 0.0947531 0.484347 
0.85 0.75 0.0708636 0.50017 
0.9 0.75 0.0444783 0.511106 
0.95 0.75 0.0165207 0.516867 
1 0.75 -0.0120229 0.517295 
1.05 0.75 -0.0401418 0.512378 
1.1 0.75 -0.0668426 0.50225 
1.15 0.75 -0.091189 0.487177 
1.2 0.75 -0.112335 0.467536 
1.25 0.75 -0.129552 0.443784 
1.3 0.75 -0.142245 0.416442 
1.35 0.75 -0.149961 0.386097 
1.4 0.75 -0.1524 0.353422 
1.45 0.75 -0.149417 0.319225 
1.5 0.75 -0.141038 0.28451 
1.55 0.75 -0.127462 0.250534 
1.6 0.75 -0.109087 0.218837 
1.65 0.75 -0.0865084 0.191188 
1.7 0.75 -0.0605262 0.16944 
1.75 0.75 -0.0321211 0.155272 
1.8 0.75 -0.00241502 0.149894 
1.85 0.75 0.0273898 0.153788 
1.9 0.75 0.0560851 0.166603 
1.95 0.75 0.0825313 0.187234 
2 0.75 0.105721 0.214056 
2.05 0.75 0.124825 0.245226 
2.1 0.75 0.139212 0.278947 
2.15 0.75 0.148455 0.313639 
2.2 0.75 0.15232 0.347997 
2.25 0.75 0.150757 0.380981 
2.3 0.75 0.143883 0.411756 
2.35 0.75 0.131973 0.439632 
2.4 0.75 0.115455 0.46401 
2.45 0.75 0.0949001 0.484358 
2.5 0.75 0.0710173 0.500208 
2.55 0.75 0.0446342 0.511169 
2.6 0.75 0.0166742 0.516955 
2.65 0.75 -0.0118763 0.517408 
2.7 0.75 -0.0400064 0.512516 
2.75 0.75 -0.0667229 0.502412 
2.8 0.75 -0.0910891 0.487363 
2.85 0.75 -0.112259 0.467744 
2.9 0.75 -0.129504 0.444012 
2.95 0.75 -0.142227 0.416688 
3 0.75 -0.149976 0.386358 
3.05 0.75 -0.152449 0.353695 
3.1 0.75 -0.149503 0.319503 
3.15 0.75 -0.141159 0.284785 
3.2 0.75 -0.127618 0.250796 
3.25 0.75 -0.109273 0.219072 
3.3 0.75 -0.0867213 0.191382 
3.35 0.75 -0.0607589 0.169577 
3.4 0.75 -0.0323655 0.155342 
3.45 0.75 -0.00266217 0.149888 
3.5 0.75 0.0271496 0.153707 
3.55 0.75 0.0558614 0.166453 
3.6 0.75 0.082333 0.187026 
3.65 0.75 0.105556 0.213805 
3.7 0.75 0.1247 0.244947 
3.75 0.75 0.139131 0.278654 
3.8 0.75 0.148421 0.313343 
3.85 0.75 0.152335 0.347709 
3.9 0.75 0.150821 0.380709 
3.95 0.75 0.143994 0.411507 
4 0.75 0.132129 0.43941 
4.05 0.75 0.11565 0.46382 
4.1 0.75 0.0951293 0.484204 
4.15 0.75 0.0712735 0.500091 
4.2 0.75 0.04491 0.51109 
4.25 0.75 0.0169621 0.516911 
4.3 0.75 -0.0115827 0.517392 
4.35 0.75 -0.0397119 0.512518 
4.4 0.75 -0.066429 0.50242 
4.45 0.75 -0.0907935 0.48736 
4.5 0.75 -0.111954 0.46771 
4.55 0.75 -0.129176 0.443927 
4.6 0.75 -0.141857 0.416531 
4.65 0.75 -0.149539 0.38611 
4.7 0.75 -0.151916 0.353343 
4.75 0.75 -0.148841 0.319049 
4.8 0.75 -0.140338 0.284243 
4.85 0.75 -0.126616 0.250204 
4.9 0.75 -0.108082 0.218491 
4.95 0.75 -0.0853509 0.190895 
5 0.75 -0.0592472 0.16928 
0 0.8 -0.0630964 0.158562 
0.05 0.8 -0.0439138 0.140147 
0.1 0.8 -0.0229694 0.128212 
0.15 0.8 -0.00108666 0.123762 
0.2 0.8 0.0208519 0.127186 
0.25 0.8 0.0419563 0.138174 
0.3 0.8 0.0613853 0.15578 
0.35 0.8 0.0783956 0.178619 
0.4 0.8 0.092377 0.205124 
0.45 0.8 0.102869 0.233763 
0.5 0.8 0.109564 0.263183 
0.55 0.8 0.112298 0.292265 
0.6 0.8 0.111042 0.320117 
0.65 0.8 0.105889 0.346025 
0.7 0.8 0.0970484 0.369408 
0.75 0.8 0.0848384 0.389777 
0.8 0.8 0.0696815 0.406709 
0.85 0.8 0.0520978 0.419847 
0.9 0.8 0.0326931 0.428901 
0.95 0.8 0.0121418 0.433661 
1 0.8 -0.00883672 0.434014 
1.05 0.8 -0.0295057 0.429952 
1.1 0.8 -0.0491407 0.42157 
1.15 0.8 -0.0670581 0.409062 
1.2 0.8 -0.0826388 0.392704 
1.25 0.8 -0.0953472 0.372846 
1.3 0.8 -0.104743 0.349895 
1.35 0.8 -0.110489 0.324329 
1.4 0.8 -0.112357 0.296713 
1.45 0.8 -0.110231 0.267736 
1.5 0.8 -0.104118 0.23826 
1.55 0.8 -0.0941577 0.209373 
1.6 0.8 -0.0806318 0.182397 
1.65 0.8 -0.063976 0.158852 
1.7 0.8 -0.0447792 0.140325 
1.75 0.8 -0.0237703 0.128254 
1.8 0.8 -0.00178732 0.123671 
1.85 0.8 0.0202696 0.126989 
1.9 0.8 0.0414957 0.137909 
1.95 0.8 0.0610392 0.155485 
2 0.8 0.0781513 0.178327 
2.05 0.8 0.0922189 0.204858 
2.1 0.8 0.102782 0.233535 
2.15 0.8 0.109532 0.262998 
2.2 0.8 0.11231 0.292124 
2.25 0.8 0.111087 0.320015 
2.3 0.8 0.105959 0.345958 
2.35 0.8 0.0971365 0.369372 
2.4 0.8 0.0849393 0.389767 
2.45 0.8 0.0697909 0.406724 
2.5 0.8 0.0522118 0.419885 
2.55 0.8 0.0328084 0.428961 
2.6 0.8 0.0122552 0.433742 
2.65 0.8 -0.00872839 0.434116 
2.7 0.8 -0.0294056 0.430074 
2.75 0.8 -0.0490521 0.421712 
2.8 0.8 -0.066984 0.409223 
2.85 0.8 -0.0825821 0.392885 
2.9 0.8 -0.0953105 0.373043 
2.95 0.8 -0.104729 0.350108 
3 0.8 -0.110499 0.324555 
3.05 0.8 -0.112392 0.296948 
3.1 0.8 -0.110293 0.267975 
3.15 0.8 -0.104207 0.238497 
3.2 0.8 -0.0942718 0.209597 
3.25 0.8 -0.0807691 0.182598 
3.3 0.8 -0.0641329 0.159018 
3.35 0.8 -0.044951 0.140443 
3.4 0.8 -0.0239511 0.128314 
3.45 0.8 -0.00197025 0.123667 
3.5 0.8 0.0200918 0.126921 
3.55 0.8 0.0413301 0.137781 
3.6 0.8 0.0608925 0.155308 
3.65 0.8 0.0780292 0.178114 
3.7 0.8 0.092126 0.204622 
3.75 0.8 0.102721 0.233287 
3.8 0.8 0.109507 0.262749 
3.85 0.8 0.11232 0.291882 
3.9 0.8 0.111133 0.319786 
3.95 0.8 0.106039 0.345749 
4 0.8 0.0972487 0.369186 
4.05 0.8 0.0850799 0.389608 
4.1 0.8 0.0699555 0.406594 
4.15 0.8 0.0523953 0.419784 
4.2 0.8 0.0330051 0.428887 
4.25 0.8 0.0124596 0.433693 
4.3 0.8 -0.00852097 0.434086 
4.35 0.8 -0.0291985 0.430055 
4.4 0.8 -0.0488462 0.421692 
4.45 0.8 -0.0667772 0.409187 
4.5 0.8 -0.0823683 0.392816 
4.55 0.8 -0.0950792 0.372924 
4.6 0.8 -0.104465 0.349921 
4.65 0.8 -0.110183 0.324287 
4.7 0.8 -0.112002 0.296589 
4.75 0.8 -0.109805 0.267527 
4.8 0.8 -0.103601 0.237978 
4.85 0.8 -0.0935351 0.209041 
4.9 0.8 -0.079901 0.182058 
4.95 0.8 -0.0631485 0.158562 
5 0.8 -0.0438773 0.140147 
0 0.85 -0.0408733 0.122634 
0.05 0.85 -0.028442 0.108308 
0.1 0.85 -0.0148724 0.0990353 
0.15 0.85 -0.000704846 0.0955836 
0.2 0.85 0.0134892 0.0982505 
0.25 0.85 0.0271323 0.106794 
0.3 0.85 0.0396781 0.120485 
0.35 0.85 0.0506453 0.138251 
0.4 0.85 0.0596412 0.158875 
0.45 0.85 0.0663728 0.181164 
0.5 0.85 0.0706471 0.204057 
0.55 0.85 0.0723656 0.226674 
0.6 0.85 0.0715157 0.248309 
0.65 0.85 0.0681626 0.268402 
0.7 0.85 0.0624446 0.2865 
0.75 0.85 0.0545683 0.302228 
0.8 0.85 0.0448063 0.315273 
0.85 0.85 0.0334924 0.325372 
0.9 0.85 0.0210145 0.332319 
0.95 0.85 0.00780383 0.335968 
1 0.85 -0.00567979 0.336238 
1.05 0.85 -0.0189657 0.333125 
1.1 0.85 -0.031591 0.326694 
1.15 0.85 -0.0431184 0.317082 
1.2 0.85 -0.0531518 0.304485 
1.25 0.85 -0.0613473 0.289155 
1.3 0.85 -0.0674214 0.271397 
1.35 0.85 -0.0711553 0.251575 
1.4 0.85 -0.0723983 0.230127 
1.45 0.85 -0.0710713 0.207594 
1.5 0.85 -0.0671724 0.184658 
1.55 0.85 -0.0607842 0.162176 
1.6 0.85 -0.052083 0.141185 
1.65 0.85 -0.0413456 0.122871 
1.7 0.85 -0.028951 0.108468 
1.75 0.85 -0.0153722 0.0990879 
1.8 0.85 -0.00115601 0.0955275 
1.85 0.85 0.0131086 0.0981055 
1.9 0.85 0.0268295 0.106591 
1.95 0.85 0.0394505 0.120253 
2 0.85 0.0504852 0.13802 
2.05 0.85 0.0595383 0.158663 
2.1 0.85 0.0663166 0.180982 
2.15 0.85 0.0706279 0.20391 
2.2 0.85 0.0723748 0.226561 
2.25 0.85 0.0715463 0.248229 
2.3 0.85 0.0682091 0.26835 
2.35 0.85 0.0625025 0.286473 
2.4 0.85 0.0546342 0.302223 
2.45 0.85 0.0448774 0.315288 
2.5 0.85 0.0335663 0.325405 
2.55 0.85 0.021089 0.33237 
2.6 0.85 0.00787706 0.336034 
2.65 0.85 -0.00560991 0.336321 
2.7 0.85 -0.0189011 0.333223 
2.75 0.85 -0.0315337 0.326808 
2.8 0.85 -0.0430704 0.317211 
2.85 0.85 -0.0531148 0.304627 
2.9 0.85 -0.0613231 0.289311 
2.95 0.85 -0.0674115 0.271565 
3 0.85 -0.071161 0.251753 
3.05 0.85 -0.0724205 0.230312 
3.1 0.85 -0.0711106 0.207782 
3.15 0.85 -0.0672289 0.184844 
3.2 0.85 -0.0608572 0.162352 
3.25 0.85 -0.0521712 0.141342 
3.3 0.85 -0.0414467 0.123001 
3.35 0.85 -0.0290619 0.108561 
3.4 0.85 -0.015489 0.0991351 
3.45 0.85 -0.00127429 0.0955248 
3.5 0.85 0.0129936 0.0980527 
3.55 0.85 0.0267224 0.106492 
3.6 0.85 0.0393556 0.120117 
3.65 0.85 0.0504062 0.137854 
3.7 0.85 0.0594783 0.15848 
3.75 0.85 0.0662776 0.18079 
3.8 0.85 0.0706112 0.203717 
3.85 0.85 0.0723811 0.226374 
3.9 0.85 0.0715752 0.248052 
3.95 0.85 0.0682598 0.268188 
4 0.85 0.0625733 0.286328 
4.05 0.85 0.0547228 0.302099 
4.1 0.85 0.0449809 0.315185 
4.15 0.85 0.0336812 0.325324 
4.2 0.85 0.0212118 0.332309 
4.25 0.85 0.00800398 0.33599 
4.3 0.85 -0.00548192 0.336289 
4.35 0.85 -0.0187742 0.333196 
4.4 0.85 -0.0314084 0.326777 
4.45 0.85 -0.0429452 0.317163 
4.5 0.85 -0.0529856 0.304552 
4.55 0.85 -0.0611828 0.289193 
4.6 0.85 -0.0672499 0.271392 
4.65 0.85 -0.0709652 0.251514 
4.7 0.85 -0.0721758 0.230001 
4.75 0.85 -0.0708022 0.207404 
4.8 0.85 -0.0668451 0.184414 
4.85 0.85 -0.0603936 0.161899 
4.9 0.85 -0.0516356 0.140908 
4.95 0.85 -0.0408609 0.122634 
5 0.85 -0.0284503 0.108308 
0 0.9 -0.0209214 0.0836518 
0.05 0.9 -0.0145282 0.0739835 
0.1 0.9 -0.00758744 0.0677409 
0.15 0.9 -0.000362811 0.0654218 
0.2 0.9 0.00686512 0.0672193 
0.25 0.9 0.0138054 0.0729727 
0.3 0.9 0.0201798 0.0821981 
0.35 0.9 0.0257431 0.0941841 
0.4 0.9 0.0302968 0.108116 
0.45 0.9 0.0336945 0.12319 
0.5 0.9 0.0358418 0.138686 
0.55 0.9 0.0366922 0.154 
0.6 0.9 0.0362425 0.168649 
0.65 0.9 0.0345282 0.182246 
0.7 0.9 0.0316205 0.194482 
0.75 0.9 0.0276245 0.205104 
0.8 0.9 0.022678 0.213902 
0.85 0.9 0.0169493 0.220706 
0.9 0.9 0.0106337 0.225382 
0.95 0.9 0.00394871 0.227836 
1 0.9 -0.00287395 0.228018 
1.05 0.9 -0.00959695 0.225924 
1.1 0.9 -0.0159869 0.221596 
1.15 0.9 -0.0218235 0.215121 
1.2 0.9 -0.026907 0.206626 
1.25 0.9 -0.0310641 0.196275 
1.3 0.9 -0.0341516 0.184271 
1.35 0.9 -0.0360584 0.170858 
1.4 0.9 -0.036707 0.156336 
1.45 0.9 -0.0360551 0.141078 
1.5 0.9 -0.0340985 0.125552 
1.55 0.9 -0.0308756 0.110345 
1.6 0.9 -0.0264723 0.0961634 
1.65 0.9 -0.0210265 0.0838074 
1.7 0.9 -0.0147297 0.0741021 
1.75 0.9 -0.00782334 0.0677879 
1.8 0.9 -0.000588437 0.0653927 
1.85 0.9 0.00667144 0.0671269 
1.9 0.9 0.0136509 0.0728379 
1.95 0.9 0.0200642 0.0820428 
2 0.9 0.0256625 0.0940271 
2.05 0.9 0.0302458 0.107971 
2.1 0.9 0.0336675 0.123065 
2.15 0.9 0.0358335 0.138584 
2.2 0.9 0.0366982 0.153923 
2.25 0.9 0.0362592 0.168594 
2.3 0.9 0.0345527 0.182211 
2.35 0.9 0.0316505 0.194464 
2.4 0.9 0.0276584 0.205102 
2.45 0.9 0.0227144 0.213914 
2.5 0.9 0.0169869 0.22073 
2.55 0.9 0.0106716 0.225418 
2.6 0.9 0.00398585 0.227883 
2.65 0.9 -0.00283852 0.228076 
2.7 0.9 -0.0095642 0.225992 
2.75 0.9 -0.0159578 0.221675 
2.8 0.9 -0.021799 0.21521 
2.85 0.9 -0.026888 0.206724 
2.9 0.9 -0.0310515 0.196382 
2.95 0.9 -0.0341462 0.184386 
3 0.9 -0.0360609 0.17098 
3.05 0.9 -0.0367178 0.156462 
3.1 0.9 -0.0360746 0.141206 
3.15 0.9 -0.0341267 0.125678 
3.2 0.9 -0.0309123 0.110465 
3.25 0.9 -0.0265168 0.0962704 
3.3 0.9 -0.0210776 0.0838953 
3.35 0.9 -0.0147859 0.0741646 
3.4 0.9 -0.00788268 0.0678198 
3.45 0.9 -0.000648602 0.065391 
3.5 0.9 0.0066129 0.0670916 
3.55 0.9 0.0135964 0.0727716 
3.6 0.9 0.0200159 0.0819507 
3.65 0.9 0.0256223 0.0939157 
3.7 0.9 0.0302152 0.107847 
3.75 0.9 0.0336476 0.122935 
3.8 0.9 0.0358249 0.138453 
3.85 0.9 0.0367012 0.153796 
3.9 0.9 0.0362736 0.168474 
3.95 0.9 0.0345779 0.182101 
4 0.9 0.0316858 0.194367 
4.05 0.9 0.0277025 0.205017 
4.1 0.9 0.0227657 0.213844 
4.15 0.9 0.0170437 0.220674 
4.2 0.9 0.010732 0.225374 
4.25 0.9 0.00404793 0.22785 
4.3 0.9 -0.0027764 0.22805 
4.35 0.9 -0.00950318 0.225968 
4.4 0.9 -0.0158982 0.221647 
4.45 0.9 -0.02174 0.21517 
4.5 0.9 -0.0268276 0.206663 
4.55 0.9 -0.0309859 0.196291 
4.6 0.9 -0.03407 0.184257 
4.65 0.9 -0.0359673 0.170806 
4.7 0.9 -0.0365992 0.156241 
4.75 0.9 -0.0359234 0.14094 
4.8 0.9 -0.0339379 0.125381 
4.85 0.9 -0.0306865 0.110156 
4.9 0.9 -0.0262666 0.0959802 
4.95 0.9 -0.0208338 0.0836518 
5 0.9 -0.0145891 0.0739835 
0 0.95 -0.00617368 0.0424338 
0.05 0.95 -0.00420525 0.0376253 
0.1 0.95 -0.00218131 0.0345355 
0.15 0.95 -0.00010471 0.0333899 
0.2 0.95 0.00196579 0.0342804 
0.25 0.95 0.00395132 0.0371297 
0.3 0.95 0.00577238 0.0417041 
0.35 0.95 0.00735863 0.0476577 
0.4 0.95 0.00865368 0.0545914 
0.45 0.95 0.00961671 0.0621075 
0.5 0.95 0.0102221 0.0698464 
0.55 0.95 0.0104579 0.0775043 
0.6 0.95 0.0103242 0.0848351 
0.65 0.95 0.00983182 0.0916419 
0.7 0.95 0.00900122 0.0977674 
0.75 0.95 0.0078622 0.103084 
0.8 0.95 0.00645365 0.107485 
0.85 0.95 0.00482309 0.110888 
0.9 0.95 0.00302587 0.113225 
0.95 0.95 0.00112363 0.114451 
1 0.95 -0.000817756 0.114542 
1.05 0.95 -0.00273082 0.113496 
1.1 0.95 -0.00454922 0.111333 
1.15 0.95 -0.00621044 0.108095 
1.2 0.95 -0.00765794 0.103845 
1.25 0.95 -0.00884276 0.0986645 
1.3 0.95 -0.00972446 0.092655 
1.35 0.95 -0.0102716 0.0859402 
1.4 0.95 -0.0104618 0.0786723 
1.45 0.95 -0.0102826 0.0710413 
1.5 0.95 -0.0097318 0.0632858 
1.55 0.95 -0.00881894 0.0557015 
1.6 0.95 -0.00756716 0.0486419 
1.65 0.95 -0.00601477 0.0425033 
1.7 0.95 -0.00421597 0.0376906 
1.75 0.95 -0.00224009 0.0345639 
1.8 0.95 -0.000168537 0.0333789 
1.85 0.95 0.00191029 0.0342369 
1.9 0.95 0.00390746 0.0370644 
1.95 0.95 0.00574004 0.0416278 
2 0.95 0.0073365 0.0475798 
2.05 0.95 0.00864007 0.0545191 
2.1 0.95 0.0096099 0.0620448 
2.15 0.95 0.0102205 0.0697953 
2.2 0.95 0.0104603 0.0774651 
2.25 0.95 0.0103295 0.0848071 
2.3 0.95 0.00983917 0.0916241 
2.35 0.95 0.00901002 0.0977585 
2.4 0.95 0.007872 0.103082 
2.45 0.95 0.00646407 0.107491 
2.5 0.95 0.00483383 0.1109 
2.55 0.95 0.00303665 0.113243 
2.6 0.95 0.0011342 0.114475 
2.65 0.95 -0.00080768 0.114572 
2.7 0.95 -0.00272149 0.113531 
2.75 0.95 -0.00454092 0.111372 
2.8 0.95 -0.00620343 0.10814 
2.85 0.95 -0.00765248 0.103894 
2.9 0.95 -0.00883909 0.0987185 
2.95 0.95 -0.0097228 0.092713 
3 0.95 -0.0102721 0.0860014 
3.05 0.95 -0.0104647 0.0787357 
3.1 0.95 -0.010288 0.0711056 
3.15 0.95 -0.00973968 0.063349 
3.2 0.95 -0.00882926 0.0557612 
3.25 0.95 -0.00757975 0.0486952 
3.3 0.95 -0.0060293 0.042547 
3.35 0.95 -0.00423199 0.0377216 
3.4 0.95 -0.00225704 0.0345797 
3.45 0.95 -0.000185749 0.0333781 
3.5 0.95 0.00189353 0.0342194 
3.55 0.95 0.00389185 0.0370315 
3.6 0.95 0.00572623 0.0415821 
3.65 0.95 0.00732502 0.0475244 
3.7 0.95 0.00863134 0.0544573 
3.75 0.95 0.00960422 0.0619799 
3.8 0.95 0.010218 0.0697299 
3.85 0.95 0.0104611 0.0774015 
3.9 0.95 0.0103335 0.0847471 
3.95 0.95 0.00984625 0.091569 
4 0.95 0.00901992 0.0977094 
4.05 0.95 0.00788435 0.10304 
4.1 0.95 0.00647843 0.107456 
4.15 0.95 0.00484967 0.110872 
4.2 0.95 0.00305341 0.113221 
4.25 0.95 0.00115129 0.114458 
4.3 0.95 -0.000790739 0.114557 
4.35 0.95 -0.00270507 0.113517 
4.4 0.95 -0.00452514 0.111356 
4.45 0.95 -0.0061881 0.108117 
4.5 0.95 -0.007637 0.103861 
4.55 0.95 -0.00882239 0.0986702 
4.6 0.95 -0.00970331 0.0926454 
4.65 0.95 -0.0102478 0.0859115 
4.7 0.95 -0.0104332 0.0786226 
4.75 0.95 -0.010247 0.0709714 
4.8 0.95 -0.00968772 0.0632003 
4.85 0.95 -0.00876763 0.0556097 
4.9 0.95 -0.00751798 0.0485562 
4.95 0.95 -0.00600012 0.0424338 
5 0.95 -0.00432649 0.0376253 
0 1 0 0 
0.05 1 0 0 
0.1 1 0 0 
0.15 1 0 0 
0.2 1 0 0 
0.25 1 0 0 
0.3 1 0 0 
0.35 1 0 0 
0.4 1 0 0 
0.45 1 0 0 
0.5 1 0 0 
0.55 1 0 0 
0.6 1 0 0 
0.65 1 0 0 
0.7 1 0 0 
0.75 1 0 0 
0.8 1 0 0 
0.85 1 0 0 
0.9 1 0 0 
0.95 1 0 0 
1 1 0 0 
1.05 1 0 0 
1.1 1 0 0 
1.15 1 0 0 
1.2 1 0 0 
1.25 1 0 0 
1.3 1 0 0 
1.35 1 0 0 
1.4 1 0 0 
1.45 1 0 0 
1.5 1 0 0 
1.55 1 0 0 
1.6 1 0 0 
1.65 1 0 0 
1.7 1 0 0 
1.75 1 0 0 
1.8 1 0 0 
1.85 1 0 0 
1.9 1 0 0 
1.95 1 0 0 
2 1 0 0 
2.05 1 0 0 
2.1 1 0 0 
2.15 1 0 0 
2.2 1 0 0 
2.25 1 0 0 
2.3 1 0 0 
2.35 1 0 0 
2.4 1 0 0 
2.45 1 0 0 
2.5 1 0 0 
2.55 1 0 0 
2.6 1 0 0 
2.65 1 0 0 
2.7 1 0 0 
2.75 1 0 0 
2.8 1 0 0 
2.85 1 0 0 
2.9 1 0 0 
2.95 1 0 0 
3 1 0 0 
3.05 1 0 0 
3.1 1 0 0 
3.15 1 0 0 
3.2 1 0 0 
3.25 1 0 0 
3.3 1 0 0 
3.35 1 0 0 
3.4 1 0 0 
3.45 1 0 0 
3.5 1 0 0 
3.55 1 0 0 
3.6 1 0 0 
3.65 1 0 0 
3.7 1 0 0 
3.75 1 0 0 
3.8 1 0 0 
3.85 1 0 0 
3.9 1 0 0 
3.95 1 0 0 
4 1 0 0 
4.05 1 0 0 
4.1 1 0 0 
4.15 1 0 0 
4.2 1 0 0 
4.25 1 0 0 
4.3 1 0 0 
4.35 1 0 0 
4.4 1 0 0 
4.45 1 0 0 
4.5 1 0 0 
4.55 1 0 0 
4.6 1 0 0 
4.65 1 0 0 
4.7 1 0 0 
4.75 1 0 0 
4.8 1 0 0 
4.85 1 0 0 
4.9 1 0 0 
4.95 1 0 0 
5 1 0 0 
