x, y, ksi, T
#iter= 250000
0 0 0 1 
0.05 0 0 1 
0.1 0 0 1 
0.15 0 0 1 
0.2 0 0 1 
0.25 0 0 1 
0.3 0 0 1 
0.35 0 0 1 
0.4 0 0 1 
0.45 0 0 1 
0.5 0 0 1 
0.55 0 0 1 
0.6 0 0 1 
0.65 0 0 1 
0.7 0 0 1 
0.75 0 0 1 
0.8 0 0 1 
0.85 0 0 1 
0.9 0 0 1 
0.95 0 0 1 
1 0 0 1 
1.05 0 0 1 
1.1 0 0 1 
1.15 0 0 1 
1.2 0 0 1 
1.25 0 0 1 
1.3 0 0 1 
1.35 0 0 1 
1.4 0 0 1 
1.45 0 0 1 
1.5 0 0 1 
1.55 0 0 1 
1.6 0 0 1 
1.65 0 0 1 
1.7 0 0 1 
1.75 0 0 1 
1.8 0 0 1 
1.85 0 0 1 
1.9 0 0 1 
1.95 0 0 1 
2 0 0 1 
2.05 0 0 1 
2.1 0 0 1 
2.15 0 0 1 
2.2 0 0 1 
2.25 0 0 1 
2.3 0 0 1 
2.35 0 0 1 
2.4 0 0 1 
2.45 0 0 1 
2.5 0 0 1 
2.55 0 0 1 
2.6 0 0 1 
2.65 0 0 1 
2.7 0 0 1 
2.75 0 0 1 
2.8 0 0 1 
2.85 0 0 1 
2.9 0 0 1 
2.95 0 0 1 
3 0 0 1 
3.05 0 0 1 
3.1 0 0 1 
3.15 0 0 1 
3.2 0 0 1 
3.25 0 0 1 
3.3 0 0 1 
3.35 0 0 1 
3.4 0 0 1 
3.45 0 0 1 
3.5 0 0 1 
3.55 0 0 1 
3.6 0 0 1 
3.65 0 0 1 
3.7 0 0 1 
3.75 0 0 1 
3.8 0 0 1 
3.85 0 0 1 
3.9 0 0 1 
3.95 0 0 1 
4 0 0 1 
4.05 0 0 1 
4.1 0 0 1 
4.15 0 0 1 
4.2 0 0 1 
4.25 0 0 1 
4.3 0 0 1 
4.35 0 0 1 
4.4 0 0 1 
4.45 0 0 1 
4.5 0 0 1 
4.55 0 0 1 
4.6 0 0 1 
4.65 0 0 1 
4.7 0 0 1 
4.75 0 0 1 
4.8 0 0 1 
4.85 0 0 1 
4.9 0 0 1 
4.95 0 0 1 
5 0 0 1 
0 0.05 -0.00612855 0.890805 
0.05 0.05 -0.00424798 0.887752 
0.1 0.05 -0.00228275 0.885889 
0.15 0.05 -0.000285056 0.8852 
0.2 0.05 0.00169434 0.885676 
0.25 0.05 0.00359738 0.887294 
0.3 0.05 0.00536439 0.890017 
0.35 0.05 0.00693868 0.893788 
0.4 0.05 0.00826936 0.898532 
0.45 0.05 0.00931307 0.904157 
0.5 0.05 0.0100348 0.910551 
0.55 0.05 0.0104083 0.917575 
0.6 0.05 0.0104165 0.925061 
0.65 0.05 0.0100522 0.932797 
0.7 0.05 0.00931921 0.940515 
0.75 0.05 0.00823366 0.94789 
0.8 0.05 0.0068262 0.954546 
0.85 0.05 0.00514313 0.960075 
0.9 0.05 0.00324647 0.964089 
0.95 0.05 0.00121213 0.966271 
1 0.05 -0.000874225 0.966439 
1.05 0.05 -0.00292307 0.964579 
1.1 0.05 -0.0048477 0.960848 
1.15 0.05 -0.00657028 0.955543 
1.2 0.05 -0.00802638 0.949047 
1.25 0.05 -0.00916716 0.941767 
1.3 0.05 -0.00995958 0.934087 
1.35 0.05 -0.0103853 0.926343 
1.4 0.05 -0.0104389 0.918809 
1.45 0.05 -0.0101261 0.911708 
1.5 0.05 -0.00946299 0.905215 
1.55 0.05 -0.00847484 0.899472 
1.6 0.05 -0.00719618 0.894595 
1.65 0.05 -0.00567042 0.890677 
1.7 0.05 -0.00394919 0.887796 
1.75 0.05 -0.00209124 0.886005 
1.8 0.05 -0.000160663 0.885341 
1.85 0.05 0.00177552 0.885816 
1.9 0.05 0.00365005 0.887421 
1.95 0.05 0.00539819 0.890125 
2 0.05 0.00696016 0.893875 
2.05 0.05 0.00828306 0.898599 
2.1 0.05 0.00932209 0.904205 
2.15 0.05 0.0100412 0.910582 
2.2 0.05 0.0104136 0.917593 
2.25 0.05 0.0104217 0.925068 
2.3 0.05 0.0100579 0.932795 
2.35 0.05 0.00932561 0.940507 
2.4 0.05 0.00824101 0.94788 
2.45 0.05 0.00683451 0.954536 
2.5 0.05 0.00515226 0.960068 
2.55 0.05 0.00325619 0.964087 
2.6 0.05 0.0012221 0.966276 
2.65 0.05 -0.000864407 0.966453 
2.7 0.05 -0.00291383 0.964601 
2.75 0.05 -0.00483943 0.960877 
2.8 0.05 -0.00656338 0.955579 
2.85 0.05 -0.00802116 0.949087 
2.9 0.05 -0.00916387 0.941809 
2.95 0.05 -0.00995842 0.93413 
3 0.05 -0.0103864 0.926385 
3.05 0.05 -0.0104423 0.91885 
3.1 0.05 -0.0101319 0.911746 
3.15 0.05 -0.00947099 0.905248 
3.2 0.05 -0.00848494 0.8995 
3.25 0.05 -0.00720818 0.894616 
3.3 0.05 -0.00568401 0.890692 
3.35 0.05 -0.00396398 0.887802 
3.4 0.05 -0.0021068 0.886003 
3.45 0.05 -0.000176481 0.88533 
3.5 0.05 0.00175998 0.885796 
3.55 0.05 0.00363534 0.887392 
3.6 0.05 0.00538484 0.890087 
3.65 0.05 0.00694869 0.893828 
3.7 0.05 0.00827394 0.898543 
3.75 0.05 0.00931574 0.904142 
3.8 0.05 0.010038 0.910512 
3.85 0.05 0.0104139 0.917517 
3.9 0.05 0.0104256 0.924989 
3.95 0.05 0.0100656 0.932714 
4 0.05 0.0093373 0.940428 
4.05 0.05 0.00825654 0.947807 
4.1 0.05 0.00685363 0.954474 
4.15 0.05 0.00517456 0.960023 
4.2 0.05 0.00328103 0.964065 
4.25 0.05 0.00124868 0.966282 
4.3 0.05 -0.000837047 0.96649 
4.35 0.05 -0.00288675 0.96467 
4.4 0.05 -0.00481378 0.960979 
4.45 0.05 -0.00654036 0.955712 
4.5 0.05 -0.0080021 0.949249 
4.55 0.05 -0.00915032 0.941996 
4.6 0.05 -0.00995241 0.93434 
4.65 0.05 -0.0103907 0.926614 
4.7 0.05 -0.010461 0.919094 
4.75 0.05 -0.0101709 0.911999 
4.8 0.05 -0.00953924 0.905502 
4.85 0.05 -0.00859614 0.899738 
4.9 0.05 -0.007384 0.894814 
4.95 0.05 -0.00595795 0.890805 
5 0.05 -0.00436783 0.887752 
0 0.1 -0.0206961 0.782659 
0.05 0.1 -0.0145731 0.776641 
0.1 0.1 -0.00787967 0.772903 
0.15 0.1 -0.000944041 0.771507 
0.2 0.1 0.0059775 0.772448 
0.25 0.1 0.0126502 0.77568 
0.3 0.1 0.0188524 0.781121 
0.35 0.1 0.0243797 0.788657 
0.4 0.1 0.0290501 0.798135 
0.45 0.1 0.0327091 0.80937 
0.5 0.1 0.0352321 0.822139 
0.55 0.1 0.0365269 0.83617 
0.6 0.1 0.0365347 0.851132 
0.65 0.1 0.035233 0.866606 
0.7 0.1 0.0326388 0.882067 
0.75 0.1 0.028814 0.896869 
0.8 0.1 0.0238705 0.910252 
0.85 0.1 0.0179731 0.921392 
0.9 0.1 0.0113394 0.929492 
0.95 0.1 0.00423243 0.933901 
1 0.1 -0.00305314 0.934241 
1.05 0.1 -0.01021 0.930481 
1.1 0.1 -0.01694 0.922949 
1.15 0.1 -0.0229739 0.912258 
1.2 0.1 -0.0280862 0.899191 
1.25 0.1 -0.0321035 0.884576 
1.3 0.1 -0.0349056 0.869186 
1.35 0.1 -0.0364234 0.85369 
1.4 0.1 -0.0366334 0.838632 
1.45 0.1 -0.0355531 0.824445 
1.5 0.1 -0.0332368 0.811476 
1.55 0.1 -0.0297736 0.800003 
1.6 0.1 -0.0252854 0.790256 
1.65 0.1 -0.0199261 0.782424 
1.7 0.1 -0.0138781 0.776661 
1.75 0.1 -0.00734905 0.773078 
1.8 0.1 -0.000564458 0.771749 
1.85 0.1 0.00623985 0.7727 
1.9 0.1 0.0128273 0.775912 
1.95 0.1 0.01897 0.78132 
2 0.1 0.0244569 0.788817 
2.05 0.1 0.0291011 0.798258 
2.1 0.1 0.0327439 0.809458 
2.15 0.1 0.0352579 0.822196 
2.2 0.1 0.0365484 0.836201 
2.25 0.1 0.0365553 0.851142 
2.3 0.1 0.0352547 0.8666 
2.35 0.1 0.0326629 0.88205 
2.4 0.1 0.0288412 0.896846 
2.45 0.1 0.0239006 0.91023 
2.5 0.1 0.0180059 0.921376 
2.55 0.1 0.011374 0.929486 
2.6 0.1 0.00426767 0.933911 
2.65 0.1 -0.00301859 0.934267 
2.7 0.1 -0.0101776 0.930525 
2.75 0.1 -0.0169111 0.923008 
2.8 0.1 -0.0229498 0.912329 
2.85 0.1 -0.0280681 0.899271 
2.9 0.1 -0.0320921 0.884661 
2.95 0.1 -0.0349018 0.869273 
3 0.1 -0.0364276 0.853776 
3.05 0.1 -0.0366458 0.838713 
3.1 0.1 -0.0355737 0.82452 
3.15 0.1 -0.0332653 0.811542 
3.2 0.1 -0.0298095 0.800058 
3.25 0.1 -0.0253279 0.790299 
3.3 0.1 -0.0199741 0.782453 
3.35 0.1 -0.0139304 0.776674 
3.4 0.1 -0.00740388 0.773075 
3.45 0.1 -0.000620119 0.771728 
3.5 0.1 0.00618525 0.772661 
3.55 0.1 0.0127757 0.775854 
3.6 0.1 0.0189232 0.781244 
3.65 0.1 0.0244169 0.788723 
3.7 0.1 0.0290695 0.798147 
3.75 0.1 0.0327221 0.809332 
3.8 0.1 0.0352472 0.822056 
3.85 0.1 0.0365499 0.83605 
3.9 0.1 0.0365698 0.850983 
3.95 0.1 0.0352827 0.866438 
4 0.1 0.0327045 0.881891 
4.05 0.1 0.0288961 0.8967 
4.1 0.1 0.023968 0.910105 
4.15 0.1 0.018084 0.921285 
4.2 0.1 0.0114608 0.929441 
4.25 0.1 0.00436025 0.93392 
4.3 0.1 -0.00292349 0.934339 
4.35 0.1 -0.0100836 0.930662 
4.4 0.1 -0.0168222 0.92321 
4.45 0.1 -0.0228702 0.912593 
4.5 0.1 -0.0280024 0.899591 
4.55 0.1 -0.0320456 0.885031 
4.6 0.1 -0.0348813 0.869687 
4.65 0.1 -0.036442 0.854226 
4.7 0.1 -0.0367077 0.839193 
4.75 0.1 -0.0357002 0.825016 
4.8 0.1 -0.0334798 0.812036 
4.85 0.1 -0.0301412 0.800517 
4.9 0.1 -0.0258074 0.790669 
4.95 0.1 -0.0206102 0.782659 
5 0.1 -0.0146317 0.776641 
0 0.15 -0.0403526 0.679624 
0.05 0.15 -0.0283999 0.670792 
0.1 0.15 -0.015329 0.665258 
0.15 0.15 -0.00172601 0.663172 
0.2 0.15 0.0118912 0.664551 
0.25 0.15 0.025041 0.669335 
0.3 0.15 0.037273 0.677401 
0.35 0.15 0.0481748 0.688569 
0.4 0.15 0.0573819 0.702604 
0.45 0.15 0.0645856 0.719225 
0.5 0.15 0.0695388 0.738096 
0.55 0.15 0.0720598 0.758821 
0.6 0.15 0.0720357 0.780912 
0.65 0.15 0.0694269 0.803763 
0.7 0.15 0.0642738 0.826609 
0.75 0.15 0.0567057 0.848503 
0.8 0.15 0.0469489 0.868323 
0.85 0.15 0.0353319 0.884845 
0.9 0.15 0.0222828 0.896871 
0.95 0.15 0.00831487 0.903423 
1 0.15 -0.00599932 0.903928 
1.05 0.15 -0.020064 0.89834 
1.1 0.15 -0.0333003 0.887154 
1.15 0.15 -0.0451832 0.871294 
1.2 0.15 -0.0552698 0.851937 
1.25 0.15 -0.0632152 0.830313 
1.3 0.15 -0.0687771 0.807568 
1.35 0.15 -0.0718118 0.78468 
1.4 0.15 -0.0722661 0.762443 
1.45 0.15 -0.0701687 0.741486 
1.5 0.15 -0.0656234 0.722314 
1.55 0.15 -0.0588041 0.705336 
1.6 0.15 -0.0499519 0.690895 
1.65 0.15 -0.0393712 0.679278 
1.7 0.15 -0.0274244 0.670718 
1.75 0.15 -0.0145232 0.665393 
1.8 0.15 -0.00111522 0.663417 
1.85 0.15 0.0123319 0.664831 
1.9 0.15 0.0253489 0.669606 
1.95 0.15 0.0374835 0.677639 
2 0.15 0.0483175 0.688763 
2.05 0.15 0.0574793 0.702753 
2.1 0.15 0.0646546 0.71933 
2.15 0.15 0.0695917 0.738163 
2.2 0.15 0.0721051 0.758854 
2.25 0.15 0.0720793 0.780917 
2.3 0.15 0.0694726 0.803747 
2.35 0.15 0.064324 0.826579 
2.4 0.15 0.0567615 0.848466 
2.45 0.15 0.0470102 0.868288 
2.5 0.15 0.035398 0.884819 
2.55 0.15 0.022352 0.896862 
2.6 0.15 0.00838499 0.903437 
2.65 0.15 -0.00593083 0.903967 
2.7 0.15 -0.0199999 0.898405 
2.75 0.15 -0.0332433 0.887241 
2.8 0.15 -0.0451358 0.871401 
2.85 0.15 -0.0552342 0.852056 
2.9 0.15 -0.0631932 0.83044 
2.95 0.15 -0.06877 0.807697 
3 0.15 -0.0718205 0.784807 
3.05 0.15 -0.072291 0.762564 
3.1 0.15 -0.0702099 0.741598 
3.15 0.15 -0.0656803 0.722413 
3.2 0.15 -0.0588757 0.70542 
3.25 0.15 -0.0500365 0.690961 
3.3 0.15 -0.0394666 0.679322 
3.35 0.15 -0.0275281 0.670739 
3.4 0.15 -0.0146319 0.66539 
3.45 0.15 -0.00122536 0.663387 
3.5 0.15 0.012224 0.664774 
3.55 0.15 0.025247 0.669521 
3.6 0.15 0.0373916 0.677527 
3.65 0.15 0.0482389 0.688625 
3.7 0.15 0.0574174 0.70259 
3.75 0.15 0.0646124 0.719145 
3.8 0.15 0.0695715 0.737957 
3.85 0.15 0.0721091 0.758632 
3.9 0.15 0.0721089 0.780683 
3.95 0.15 0.0695288 0.803508 
4 0.15 0.0644069 0.826345 
4.05 0.15 0.0568701 0.848249 
4.1 0.15 0.0471428 0.868103 
4.15 0.15 0.0355514 0.884683 
4.2 0.15 0.0225219 0.896793 
4.25 0.15 0.00856598 0.903448 
4.3 0.15 -0.00574516 0.90407 
4.35 0.15 -0.0198166 0.898604 
4.4 0.15 -0.0330698 0.887535 
4.45 0.15 -0.04498 0.871783 
4.5 0.15 -0.0551045 0.852519 
4.55 0.15 -0.0630991 0.830973 
4.6 0.15 -0.0687233 0.808292 
4.65 0.15 -0.071836 0.785451 
4.7 0.15 -0.0723885 0.763245 
4.75 0.15 -0.0704148 0.742298 
4.8 0.15 -0.0660237 0.723102 
4.85 0.15 -0.0593904 0.706053 
4.9 0.15 -0.0507436 0.691469 
4.95 0.15 -0.0403388 0.679624 
5 0.15 -0.0284073 0.670792 
0 0.2 -0.0622363 0.586677 
0.05 0.2 -0.0437145 0.575286 
0.1 0.2 -0.023511 0.56812 
0.15 0.2 -0.00246019 0.5654 
0.2 0.2 0.0186438 0.567181 
0.25 0.2 0.0390434 0.573393 
0.3 0.2 0.0580264 0.583872 
0.35 0.2 0.0749421 0.598365 
0.4 0.2 0.0892168 0.616548 
0.45 0.2 0.100367 0.638039 
0.5 0.2 0.108009 0.662391 
0.55 0.2 0.111863 0.689086 
0.6 0.2 0.111759 0.717504 
0.65 0.2 0.107644 0.746874 
0.7 0.2 0.0995912 0.776226 
0.75 0.2 0.0878107 0.804355 
0.8 0.2 0.0726614 0.829829 
0.85 0.2 0.0546566 0.851074 
0.9 0.2 0.0344583 0.866546 
0.95 0.2 0.0128551 0.874979 
1 0.2 -0.00927719 0.875628 
1.05 0.2 -0.0310284 0.868436 
1.1 0.2 -0.0515131 0.854042 
1.15 0.2 -0.0699257 0.833645 
1.2 0.2 -0.0855819 0.808762 
1.25 0.2 -0.0979438 0.780976 
1.3 0.2 -0.106628 0.751751 
1.35 0.2 -0.111402 0.722332 
1.4 0.2 -0.112173 0.693725 
1.45 0.2 -0.108976 0.666728 
1.5 0.2 -0.101965 0.641985 
1.55 0.2 -0.0914057 0.620026 
1.6 0.2 -0.0776712 0.601304 
1.65 0.2 -0.0612345 0.586208 
1.7 0.2 -0.0426613 0.575063 
1.75 0.2 -0.0225945 0.56812 
1.8 0.2 -0.0017346 0.565541 
1.85 0.2 0.0191865 0.567387 
1.9 0.2 0.0394344 0.573614 
1.95 0.2 0.0583018 0.584076 
2 0.2 0.0751343 0.598536 
2.05 0.2 0.0893527 0.616681 
2.1 0.2 0.100468 0.638131 
2.15 0.2 0.108089 0.662444 
2.2 0.2 0.111934 0.689106 
2.25 0.2 0.111829 0.717495 
2.3 0.2 0.107718 0.746842 
2.35 0.2 0.0996726 0.77618 
2.4 0.2 0.0879004 0.804303 
2.45 0.2 0.0727592 0.829781 
2.5 0.2 0.0547612 0.85104 
2.55 0.2 0.0345672 0.866534 
2.6 0.2 0.012965 0.874997 
2.65 0.2 -0.00917024 0.875679 
2.7 0.2 -0.0309285 0.86852 
2.75 0.2 -0.0514245 0.854156 
2.8 0.2 -0.0698522 0.833783 
2.85 0.2 -0.0855268 0.808917 
2.9 0.2 -0.0979099 0.781141 
2.95 0.2 -0.106617 0.751919 
3 0.2 -0.111416 0.722498 
3.05 0.2 -0.112212 0.693883 
3.1 0.2 -0.10904 0.666875 
3.15 0.2 -0.102054 0.642116 
3.2 0.2 -0.0915177 0.620137 
3.25 0.2 -0.0778034 0.601391 
3.3 0.2 -0.0613837 0.586268 
3.35 0.2 -0.042823 0.575093 
3.4 0.2 -0.0227639 0.568118 
3.45 0.2 -0.0019062 0.565504 
3.5 0.2 0.0190186 0.567315 
3.55 0.2 0.0392762 0.573506 
3.6 0.2 0.0581591 0.583933 
3.65 0.2 0.0750128 0.59836 
3.7 0.2 0.0892574 0.616473 
3.75 0.2 0.100403 0.637893 
3.8 0.2 0.108059 0.662182 
3.85 0.2 0.111942 0.688822 
3.9 0.2 0.111876 0.717196 
3.95 0.2 0.107806 0.746538 
4 0.2 0.0998016 0.775881 
4.05 0.2 0.0880689 0.804026 
4.1 0.2 0.0729641 0.829545 
4.15 0.2 0.0549977 0.850866 
4.2 0.2 0.0348285 0.866445 
4.25 0.2 0.0132428 0.87501 
4.3 0.2 -0.00888535 0.875808 
4.35 0.2 -0.030647 0.86877 
4.4 0.2 -0.0511573 0.854525 
4.45 0.2 -0.0696105 0.834262 
4.5 0.2 -0.0853223 0.809494 
4.55 0.2 -0.0977553 0.781803 
4.6 0.2 -0.106527 0.752652 
4.65 0.2 -0.111409 0.723285 
4.7 0.2 -0.112309 0.694708 
4.75 0.2 -0.109269 0.667713 
4.8 0.2 -0.102443 0.642933 
4.85 0.2 -0.092093 0.620884 
4.9 0.2 -0.0785682 0.602002 
4.95 0.2 -0.0622834 0.586677 
5 0.2 -0.0436792 0.575286 
0 0.25 -0.0840959 0.507717 
0.05 0.25 -0.0589487 0.49408 
0.1 0.25 -0.0315766 0.485479 
0.15 0.25 -0.00304847 0.482204 
0.2 0.25 0.0255722 0.484348 
0.25 0.25 0.0532505 0.491838 
0.3 0.25 0.0790073 0.504455 
0.35 0.25 0.101947 0.521861 
0.4 0.25 0.121284 0.543629 
0.45 0.25 0.136357 0.569261 
0.5 0.25 0.146647 0.598202 
0.55 0.25 0.151781 0.629823 
0.6 0.25 0.151539 0.66339 
0.65 0.25 0.14586 0.698006 
0.7 0.25 0.134858 0.732544 
0.75 0.25 0.11883 0.765606 
0.8 0.25 0.0982737 0.795526 
0.85 0.25 0.0738879 0.820467 
0.9 0.25 0.0465666 0.838625 
0.95 0.25 0.017368 0.848521 
1 0.25 -0.0125369 0.849282 
1.05 0.25 -0.041933 0.840841 
1.1 0.25 -0.0696373 0.823947 
1.15 0.25 -0.0945694 0.800002 
1.2 0.25 -0.115806 0.770777 
1.25 0.25 -0.132616 0.738119 
1.3 0.25 -0.14447 0.703733 
1.35 0.25 -0.151039 0.669063 
1.4 0.25 -0.152183 0.635276 
1.45 0.25 -0.147936 0.603303 
1.5 0.25 -0.138497 0.573899 
1.55 0.25 -0.124216 0.547705 
1.6 0.25 -0.105596 0.525282 
1.65 0.25 -0.0832779 0.507133 
1.7 0.25 -0.0580327 0.49369 
1.75 0.25 -0.03074 0.485295 
1.8 0.25 -0.00235944 0.482172 
1.85 0.25 0.0261051 0.484408 
1.9 0.25 0.0536463 0.491941 
1.95 0.25 0.0792944 0.504567 
2 0.25 0.102155 0.521962 
2.05 0.25 0.121437 0.543707 
2.1 0.25 0.136476 0.569311 
2.15 0.25 0.146749 0.598222 
2.2 0.25 0.151876 0.629816 
2.25 0.25 0.151635 0.663358 
2.3 0.25 0.145964 0.697954 
2.35 0.25 0.134972 0.732481 
2.4 0.25 0.118956 0.76554 
2.45 0.25 0.0984097 0.795467 
2.5 0.25 0.0740325 0.820425 
2.55 0.25 0.0467163 0.838612 
2.6 0.25 0.0175185 0.848543 
2.65 0.25 -0.0123909 0.849344 
2.7 0.25 -0.041797 0.840942 
2.75 0.25 -0.0695169 0.824083 
2.8 0.25 -0.0944696 0.800167 
2.85 0.25 -0.115732 0.770961 
2.9 0.25 -0.13257 0.738316 
2.95 0.25 -0.144455 0.703934 
3 0.25 -0.151058 0.669262 
3.05 0.25 -0.152237 0.635467 
3.1 0.25 -0.148025 0.603481 
3.15 0.25 -0.138618 0.574059 
3.2 0.25 -0.124369 0.547842 
3.25 0.25 -0.105776 0.525392 
3.3 0.25 -0.0834814 0.507211 
3.35 0.25 -0.0582535 0.493732 
3.4 0.25 -0.0309711 0.485298 
3.45 0.25 -0.00259322 0.482133 
3.5 0.25 0.0258766 0.484326 
3.55 0.25 0.0534313 0.491815 
3.6 0.25 0.079101 0.504399 
3.65 0.25 0.10199 0.521754 
3.7 0.25 0.121308 0.543462 
3.75 0.25 0.13639 0.569033 
3.8 0.25 0.146709 0.597914 
3.85 0.25 0.151888 0.629484 
3.9 0.25 0.1517 0.66301 
3.95 0.25 0.146084 0.6976 
4 0.25 0.135147 0.732134 
4.05 0.25 0.119183 0.765218 
4.1 0.25 0.0986856 0.795193 
4.15 0.25 0.07435 0.820223 
4.2 0.25 0.0470666 0.838507 
4.25 0.25 0.0178906 0.848557 
4.3 0.25 -0.0120094 0.849491 
4.35 0.25 -0.0414194 0.841228 
4.4 0.25 -0.0691568 0.824505 
4.45 0.25 -0.0941406 0.800712 
4.5 0.25 -0.115447 0.771615 
4.55 0.25 -0.132344 0.73906 
4.6 0.25 -0.144302 0.70475 
4.65 0.25 -0.150994 0.67013 
4.7 0.25 -0.152282 0.636367 
4.75 0.25 -0.1482 0.604385 
4.8 0.25 -0.138943 0.574933 
4.85 0.25 -0.124855 0.548641 
4.9 0.25 -0.106409 0.526066 
4.95 0.25 -0.0841935 0.507717 
5 0.25 -0.0588785 0.49408 
0 0.3 -0.104184 0.444324 
0.05 0.3 -0.0728983 0.428707 
0.1 0.3 -0.0388922 0.418832 
0.15 0.3 -0.00344833 0.415069 
0.2 0.3 0.032122 0.417554 
0.25 0.3 0.0665249 0.4262 
0.3 0.3 0.0985291 0.440716 
0.35 0.3 0.127009 0.460651 
0.4 0.3 0.150979 0.485443 
0.45 0.3 0.169618 0.51446 
0.5 0.3 0.182285 0.547027 
0.55 0.3 0.188525 0.582412 
0.6 0.3 0.188081 0.619792 
0.65 0.3 0.180897 0.65818 
0.7 0.3 0.16713 0.696355 
0.75 0.3 0.147167 0.732802 
0.8 0.3 0.121636 0.765715 
0.85 0.3 0.0914081 0.793107 
0.9 0.3 0.0575877 0.813028 
0.95 0.3 0.0214732 0.823876 
1 0.3 -0.0155036 0.82471 
1.05 0.3 -0.0518594 0.815456 
1.1 0.3 -0.0861481 0.796924 
1.15 0.3 -0.117045 0.770628 
1.2 0.3 -0.143411 0.738485 
1.25 0.3 -0.164336 0.702495 
1.3 0.3 -0.179152 0.6645 
1.35 0.3 -0.187436 0.626067 
1.4 0.3 -0.188993 0.588461 
1.45 0.3 -0.183849 0.552699 
1.5 0.3 -0.172231 0.519627 
1.55 0.3 -0.154564 0.489984 
1.6 0.3 -0.131462 0.46445 
1.65 0.3 -0.10372 0.443659 
1.7 0.3 -0.0723005 0.428181 
1.75 0.3 -0.0383047 0.418478 
1.8 0.3 -0.00293948 0.414862 
1.85 0.3 0.0325315 0.417452 
1.9 0.3 0.0668399 0.426163 
1.95 0.3 0.0987665 0.440712 
2 0.3 0.127189 0.460657 
2.05 0.3 0.151121 0.485446 
2.1 0.3 0.169738 0.514451 
2.15 0.3 0.182395 0.547002 
2.2 0.3 0.188636 0.58237 
2.25 0.3 0.1882 0.619733 
2.3 0.3 0.181027 0.658108 
2.35 0.3 0.167275 0.696276 
2.4 0.3 0.147326 0.732723 
2.45 0.3 0.121808 0.765648 
2.5 0.3 0.0915906 0.793062 
2.55 0.3 0.0577761 0.813015 
2.6 0.3 0.0216618 0.823903 
2.65 0.3 -0.0153212 0.824781 
2.7 0.3 -0.0516898 0.81557 
2.75 0.3 -0.0859981 0.797077 
2.8 0.3 -0.116921 0.770814 
2.85 0.3 -0.143318 0.738693 
2.9 0.3 -0.164279 0.702717 
2.95 0.3 -0.179134 0.664728 
3 0.3 -0.18746 0.626293 
3.05 0.3 -0.189061 0.58868 
3.1 0.3 -0.18396 0.552905 
3.15 0.3 -0.172383 0.519814 
3.2 0.3 -0.154755 0.490146 
3.25 0.3 -0.131688 0.464582 
3.3 0.3 -0.103975 0.443755 
3.35 0.3 -0.0725762 0.428236 
3.4 0.3 -0.0385933 0.418487 
3.45 0.3 -0.00323122 0.414823 
3.5 0.3 0.0322467 0.417363 
3.55 0.3 0.0665724 0.426024 
3.6 0.3 0.0985262 0.440525 
3.65 0.3 0.126985 0.460426 
3.7 0.3 0.150962 0.485174 
3.75 0.3 0.169632 0.514143 
3.8 0.3 0.182348 0.546662 
3.85 0.3 0.188652 0.582005 
3.9 0.3 0.188282 0.619351 
3.95 0.3 0.181177 0.657721 
4 0.3 0.167491 0.695899 
4.05 0.3 0.147607 0.732375 
4.1 0.3 0.122147 0.765352 
4.15 0.3 0.09198 0.792845 
4.2 0.3 0.0582047 0.812903 
4.25 0.3 0.0221168 0.823919 
4.3 0.3 -0.0148545 0.824939 
4.35 0.3 -0.0512267 0.815876 
4.4 0.3 -0.0855538 0.797526 
4.45 0.3 -0.116509 0.771391 
4.5 0.3 -0.142954 0.73938 
4.55 0.3 -0.163973 0.703492 
4.6 0.3 -0.178899 0.665569 
4.65 0.3 -0.187307 0.627178 
4.7 0.3 -0.189002 0.589584 
4.75 0.3 -0.184005 0.553803 
4.8 0.3 -0.172539 0.520676 
4.85 0.3 -0.155016 0.490938 
4.9 0.3 -0.132026 0.465272 
4.95 0.3 -0.104323 0.444324 
5 0.3 -0.0728001 0.428707 
0 0.35 -0.121174 0.395596 
0.05 0.35 -0.0846567 0.378153 
0.1 0.35 -0.0449954 0.367087 
0.15 0.35 -0.00365551 0.362872 
0.2 0.35 0.0378368 0.365697 
0.25 0.35 0.0779608 0.375447 
0.3 0.35 0.115265 0.391727 
0.35 0.35 0.148423 0.413933 
0.4 0.35 0.176279 0.441326 
0.45 0.35 0.197876 0.473107 
0.5 0.35 0.212475 0.508458 
0.55 0.35 0.219563 0.546544 
0.6 0.35 0.218861 0.586469 
0.65 0.35 0.210326 0.627198 
0.7 0.35 0.194165 0.667472 
0.75 0.35 0.170848 0.705742 
0.8 0.35 0.141118 0.740168 
0.85 0.35 0.105994 0.768733 
0.9 0.35 0.0667517 0.78946 
0.95 0.35 0.0248839 0.800732 
1 0.35 -0.01797 0.801597 
1.05 0.35 -0.0601137 0.791982 
1.1 0.35 -0.0998921 0.772704 
1.15 0.35 -0.135784 0.745292 
1.2 0.35 -0.166473 0.711686 
1.25 0.35 -0.190897 0.673917 
1.3 0.35 -0.208269 0.633862 
1.35 0.35 -0.218074 0.593118 
1.4 0.35 -0.220066 0.552989 
1.45 0.35 -0.214246 0.514537 
1.5 0.35 -0.200858 0.478675 
1.55 0.35 -0.180378 0.446242 
1.6 0.35 -0.153509 0.418053 
1.65 0.35 -0.121175 0.394908 
1.7 0.35 -0.0844983 0.377555 
1.75 0.35 -0.0447772 0.36662 
1.8 0.35 -0.00343556 0.362534 
1.85 0.35 0.0380312 0.365463 
1.9 0.35 0.0781222 0.375286 
1.95 0.35 0.115397 0.391614 
2 0.35 0.148535 0.413848 
2.05 0.35 0.17638 0.441254 
2.1 0.35 0.197975 0.473038 
2.15 0.35 0.21258 0.508387 
2.2 0.35 0.219681 0.546467 
2.25 0.35 0.218995 0.586384 
2.3 0.35 0.210478 0.627108 
2.35 0.35 0.194336 0.66738 
2.4 0.35 0.171037 0.705656 
2.45 0.35 0.141322 0.740097 
2.5 0.35 0.10621 0.768688 
2.55 0.35 0.0669734 0.78945 
2.6 0.35 0.0251053 0.800764 
2.65 0.35 -0.0177563 0.801676 
2.7 0.35 -0.0599154 0.792107 
2.75 0.35 -0.0997168 0.77287 
2.8 0.35 -0.135638 0.745492 
2.85 0.35 -0.166364 0.711911 
2.9 0.35 -0.19083 0.674158 
2.95 0.35 -0.208248 0.63411 
3 0.35 -0.218103 0.593367 
3.05 0.35 -0.220144 0.553231 
3.1 0.35 -0.214375 0.514768 
3.15 0.35 -0.201036 0.478887 
3.2 0.35 -0.180601 0.446429 
3.25 0.35 -0.153773 0.418208 
3.3 0.35 -0.121472 0.395024 
3.35 0.35 -0.0848214 0.377625 
3.4 0.35 -0.0451151 0.366639 
3.45 0.35 -0.0037771 0.362497 
3.5 0.35 0.037698 0.36537 
3.55 0.35 0.0778097 0.375137 
3.6 0.35 0.115117 0.391413 
3.65 0.35 0.148298 0.413599 
3.7 0.35 0.176196 0.440962 
3.75 0.35 0.197853 0.472709 
3.8 0.35 0.212526 0.508027 
3.85 0.35 0.2197 0.546083 
3.9 0.35 0.219091 0.585986 
3.95 0.35 0.210652 0.626707 
4 0.35 0.194587 0.666991 
4.05 0.35 0.17136 0.705298 
4.1 0.35 0.141712 0.739795 
4.15 0.35 0.106656 0.768467 
4.2 0.35 0.067464 0.789338 
4.25 0.35 0.0256256 0.800782 
4.3 0.35 -0.0172222 0.801837 
4.35 0.35 -0.0593838 0.792415 
4.4 0.35 -0.0992032 0.773319 
4.45 0.35 -0.135157 0.746065 
4.5 0.35 -0.165926 0.712588 
4.55 0.35 -0.190444 0.674914 
4.6 0.35 -0.20792 0.634921 
4.65 0.35 -0.217837 0.594208 
4.7 0.35 -0.219942 0.554078 
4.75 0.35 -0.214232 0.515597 
4.8 0.35 -0.200944 0.479676 
4.85 0.35 -0.180541 0.447156 
4.9 0.35 -0.15371 0.418858 
4.95 0.35 -0.121344 0.395596 
5 0.35 -0.0845368 0.378153 
0 0.4 -0.134085 0.358876 
0.05 0.4 -0.0935613 0.339655 
0.1 0.4 -0.0495589 0.32741 
0.15 0.4 -0.00368906 0.322753 
0.2 0.4 0.0423503 0.325933 
0.25 0.4 0.0868562 0.336792 
0.3 0.4 0.1282 0.354801 
0.35 0.4 0.164897 0.379156 
0.4 0.4 0.195659 0.408894 
0.45 0.4 0.219429 0.443008 
0.5 0.4 0.235402 0.480512 
0.55 0.4 0.24303 0.520457 
0.6 0.4 0.24203 0.561883 
0.65 0.4 0.232382 0.603737 
0.7 0.4 0.214343 0.644774 
0.75 0.4 0.188456 0.683488 
0.8 0.4 0.155557 0.718106 
0.85 0.4 0.116775 0.746693 
0.9 0.4 0.0735117 0.767363 
0.95 0.4 0.0273967 0.778579 
1 0.4 -0.0197887 0.779439 
1.05 0.4 -0.0662033 0.769872 
1.1 0.4 -0.110049 0.750654 
1.15 0.4 -0.149665 0.723237 
1.2 0.4 -0.183611 0.68947 
1.25 0.4 -0.210709 0.651299 
1.3 0.4 -0.230074 0.610531 
1.35 0.4 -0.241116 0.568717 
1.4 0.4 -0.243534 0.527141 
1.45 0.4 -0.2373 0.486877 
1.5 0.4 -0.222656 0.448894 
1.55 0.4 -0.200106 0.414136 
1.6 0.4 -0.170413 0.38358 
1.65 0.4 -0.134593 0.35823 
1.7 0.4 -0.0938945 0.339059 
1.75 0.4 -0.0497691 0.326904 
1.8 0.4 -0.00381797 0.322346 
1.85 0.4 0.0422742 0.325614 
1.9 0.4 0.0868162 0.336543 
1.95 0.4 0.128188 0.354605 
2 0.4 0.16491 0.378997 
2.05 0.4 0.195696 0.408759 
2.1 0.4 0.219491 0.442888 
2.15 0.4 0.23549 0.4804 
2.2 0.4 0.243144 0.520349 
2.25 0.4 0.24217 0.561776 
2.3 0.4 0.232548 0.603632 
2.35 0.4 0.214533 0.644675 
2.4 0.4 0.188667 0.683399 
2.45 0.4 0.155786 0.718037 
2.5 0.4 0.117016 0.746651 
2.55 0.4 0.0737596 0.767359 
2.6 0.4 0.0276436 0.778618 
2.65 0.4 -0.0195509 0.779525 
2.7 0.4 -0.0659828 0.770004 
2.75 0.4 -0.109854 0.750828 
2.8 0.4 -0.149504 0.723446 
2.85 0.4 -0.18349 0.689706 
2.9 0.4 -0.210634 0.651552 
2.95 0.4 -0.23005 0.610794 
3 0.4 -0.241146 0.568983 
3.05 0.4 -0.24362 0.527403 
3.1 0.4 -0.237442 0.48713 
3.15 0.4 -0.222853 0.44913 
3.2 0.4 -0.200354 0.414348 
3.25 0.4 -0.170707 0.383759 
3.3 0.4 -0.134925 0.358367 
3.35 0.4 -0.0942542 0.339145 
3.4 0.4 -0.0501454 0.326933 
3.45 0.4 -0.00419814 0.322314 
3.5 0.4 0.0419037 0.325519 
3.55 0.4 0.086469 0.336387 
3.6 0.4 0.127877 0.354392 
3.65 0.4 0.164648 0.378733 
3.7 0.4 0.195494 0.408452 
3.75 0.4 0.219357 0.442545 
3.8 0.4 0.235431 0.48003 
3.85 0.4 0.243167 0.519958 
3.9 0.4 0.242277 0.561375 
3.95 0.4 0.23274 0.603231 
4 0.4 0.214808 0.644289 
4.05 0.4 0.189021 0.683048 
4.1 0.4 0.15621 0.717742 
4.15 0.4 0.117501 0.746439 
4.2 0.4 0.0742916 0.767252 
4.25 0.4 0.0282074 0.778636 
4.3 0.4 -0.0189716 0.77968 
4.35 0.4 -0.0654043 0.770299 
4.4 0.4 -0.109291 0.751253 
4.45 0.4 -0.148969 0.723985 
4.5 0.4 -0.18299 0.690335 
4.55 0.4 -0.210174 0.652247 
4.6 0.4 -0.229629 0.611528 
4.65 0.4 -0.240759 0.569731 
4.7 0.4 -0.243254 0.528141 
4.75 0.4 -0.237083 0.487838 
4.8 0.4 -0.222477 0.449792 
4.85 0.4 -0.19993 0.414953 
4.9 0.4 -0.170196 0.384308 
4.95 0.4 -0.134279 0.358876 
5 0.4 -0.0934254 0.339655 
0 0.45 -0.142234 0.330747 
0.05 0.45 -0.0991519 0.309773 
0.1 0.45 -0.0523637 0.296348 
0.15 0.45 -0.00357959 0.291254 
0.2 0.45 0.0453825 0.294802 
0.25 0.45 0.0926916 0.306785 
0.3 0.45 0.136596 0.326512 
0.35 0.45 0.175503 0.352943 
0.4 0.45 0.208038 0.384856 
0.45 0.45 0.233087 0.421 
0.5 0.45 0.249809 0.460202 
0.55 0.45 0.257651 0.501384 
0.6 0.45 0.256339 0.543528 
0.65 0.45 0.245887 0.58558 
0.7 0.45 0.226597 0.626349 
0.75 0.45 0.199067 0.664431 
0.8 0.45 0.164199 0.698201 
0.85 0.45 0.123192 0.725901 
0.9 0.45 0.0775198 0.745831 
0.95 0.45 0.0288827 0.756611 
1 0.45 -0.0208661 0.757436 
1.05 0.45 -0.0698142 0.748243 
1.1 0.45 -0.116092 0.729724 
1.15 0.45 -0.157968 0.70318 
1.2 0.45 -0.193927 0.670278 
1.25 0.45 -0.222723 0.632781 
1.3 0.45 -0.243404 0.592344 
1.35 0.45 -0.255321 0.550408 
1.4 0.45 -0.258124 0.508193 
1.45 0.45 -0.251751 0.466767 
1.5 0.45 -0.236426 0.427147 
1.55 0.45 -0.212657 0.390394 
1.6 0.45 -0.181233 0.357666 
1.65 0.45 -0.143225 0.330204 
1.7 0.45 -0.0999619 0.309243 
1.75 0.45 -0.053 0.295867 
1.8 0.45 -0.00406529 0.290833 
1.85 0.45 0.0450218 0.294445 
1.9 0.45 0.0924337 0.306483 
1.95 0.45 0.136423 0.326258 
2 0.45 0.175402 0.352727 
2.05 0.45 0.207999 0.38467 
2.1 0.45 0.2331 0.420838 
2.15 0.45 0.24987 0.460057 
2.2 0.45 0.257753 0.501252 
2.25 0.45 0.256478 0.543406 
2.3 0.45 0.246059 0.585468 
2.35 0.45 0.226798 0.626248 
2.4 0.45 0.199293 0.664346 
2.45 0.45 0.164444 0.698138 
2.5 0.45 0.123451 0.725867 
2.55 0.45 0.0777847 0.745835 
2.6 0.45 0.0291461 0.756657 
2.65 0.45 -0.0206127 0.757528 
2.7 0.45 -0.0695796 0.74838 
2.75 0.45 -0.115885 0.729902 
2.8 0.45 -0.157796 0.703394 
2.85 0.45 -0.193798 0.670519 
2.9 0.45 -0.222643 0.633042 
2.95 0.45 -0.243378 0.592618 
3 0.45 -0.255353 0.550688 
3.05 0.45 -0.258215 0.508473 
3.1 0.45 -0.251901 0.46704 
3.15 0.45 -0.236635 0.427406 
3.2 0.45 -0.21292 0.39063 
3.25 0.45 -0.181546 0.357869 
3.3 0.45 -0.143579 0.330363 
3.35 0.45 -0.100345 0.309348 
3.4 0.45 -0.0534014 0.295908 
3.45 0.45 -0.00447073 0.290806 
3.5 0.45 0.044627 0.294348 
3.55 0.45 0.0920642 0.30632 
3.6 0.45 0.136093 0.326033 
3.65 0.45 0.175124 0.35245 
3.7 0.45 0.207784 0.384351 
3.75 0.45 0.232959 0.420486 
3.8 0.45 0.249809 0.459681 
3.85 0.45 0.257778 0.500862 
3.9 0.45 0.256591 0.54301 
3.95 0.45 0.246261 0.585077 
4 0.45 0.227086 0.625876 
4.05 0.45 0.199662 0.664011 
4.1 0.45 0.164886 0.69786 
4.15 0.45 0.123954 0.725669 
4.2 0.45 0.0783357 0.745736 
4.25 0.45 0.0297296 0.756675 
4.3 0.45 -0.0200128 0.75767 
4.35 0.45 -0.0689784 0.748647 
4.4 0.45 -0.115295 0.730284 
4.45 0.45 -0.157228 0.703872 
4.5 0.45 -0.193255 0.671071 
4.55 0.45 -0.222124 0.63364 
4.6 0.45 -0.242875 0.593236 
4.65 0.45 -0.25485 0.551301 
4.7 0.45 -0.257691 0.509059 
4.75 0.45 -0.251329 0.467581 
4.8 0.45 -0.235978 0.427893 
4.85 0.45 -0.212142 0.391063 
4.9 0.45 -0.180605 0.358262 
4.95 0.45 -0.142443 0.330747 
5 0.45 -0.0990058 0.309773 
0 0.5 -0.145197 0.307838 
0.05 0.5 -0.101145 0.285222 
0.1 0.5 -0.0532814 0.270684 
0.15 0.5 -0.00336079 0.265179 
0.2 0.5 0.0467383 0.269089 
0.25 0.5 0.0951194 0.28215 
0.3 0.5 0.139969 0.303499 
0.35 0.5 0.179644 0.331849 
0.4 0.5 0.212736 0.365707 
0.45 0.5 0.238115 0.403573 
0.5 0.5 0.254942 0.444075 
0.55 0.5 0.262677 0.486006 
0.6 0.5 0.261077 0.528287 
0.65 0.5 0.250188 0.569874 
0.7 0.5 0.230348 0.609654 
0.75 0.5 0.202194 0.646363 
0.8 0.5 0.166659 0.678574 
0.85 0.5 0.124965 0.704769 
0.9 0.5 0.0786032 0.723497 
0.95 0.5 0.0292785 0.733585 
1 0.5 -0.0211558 0.734356 
1.05 0.5 -0.0707909 0.725755 
1.1 0.5 -0.117758 0.708366 
1.15 0.5 -0.160321 0.683293 
1.2 0.5 -0.196952 0.651955 
1.25 0.5 -0.226378 0.615874 
1.3 0.5 -0.247619 0.576496 
1.35 0.5 -0.259989 0.535111 
1.4 0.5 -0.263097 0.492854 
1.45 0.5 -0.256848 0.45077 
1.5 0.5 -0.241437 0.409927 
1.55 0.5 -0.21735 0.371504 
1.6 0.5 -0.185374 0.336849 
1.65 0.5 -0.14659 0.307447 
1.7 0.5 -0.102359 0.284808 
1.75 0.5 -0.0542872 0.270271 
1.8 0.5 -0.00416359 0.264783 
1.85 0.5 0.0461186 0.268723 
1.9 0.5 0.0946585 0.281817 
1.95 0.5 0.139643 0.303202 
2 0.5 0.179432 0.331588 
2.05 0.5 0.212619 0.365479 
2.1 0.5 0.238077 0.403375 
2.15 0.5 0.254971 0.443902 
2.2 0.5 0.262762 0.485855 
2.25 0.5 0.261209 0.528155 
2.3 0.5 0.25036 0.569759 
2.35 0.5 0.230553 0.609556 
2.4 0.5 0.202426 0.646285 
2.45 0.5 0.166911 0.678521 
2.5 0.5 0.125231 0.704747 
2.55 0.5 0.0788751 0.723511 
2.6 0.5 0.0295485 0.73364 
2.65 0.5 -0.0208964 0.734455 
2.7 0.5 -0.0705508 0.725897 
2.75 0.5 -0.117546 0.708547 
2.8 0.5 -0.160145 0.683508 
2.85 0.5 -0.196819 0.652199 
2.9 0.5 -0.226295 0.616139 
2.95 0.5 -0.247591 0.576777 
3 0.5 -0.260019 0.535402 
3.05 0.5 -0.263189 0.493148 
3.1 0.5 -0.257001 0.451062 
3.15 0.5 -0.241649 0.410207 
3.2 0.5 -0.217619 0.371764 
3.25 0.5 -0.185694 0.337075 
3.3 0.5 -0.146952 0.307628 
3.35 0.5 -0.102753 0.28493 
3.4 0.5 -0.054699 0.270324 
3.45 0.5 -0.00457945 0.264762 
3.5 0.5 0.0457138 0.268624 
3.55 0.5 0.0942801 0.281646 
3.6 0.5 0.139306 0.302967 
3.65 0.5 0.179148 0.3313 
3.7 0.5 0.212401 0.365151 
3.75 0.5 0.237934 0.403017 
3.8 0.5 0.25491 0.443526 
3.85 0.5 0.262788 0.48547 
3.9 0.5 0.261324 0.52777 
3.95 0.5 0.250563 0.569385 
4 0.5 0.230843 0.609206 
4.05 0.5 0.202796 0.645973 
4.1 0.5 0.167352 0.678266 
4.15 0.5 0.125732 0.704566 
4.2 0.5 0.0794224 0.72342 
4.25 0.5 0.0301274 0.733653 
4.3 0.5 -0.0203009 0.734576 
4.35 0.5 -0.0699523 0.726124 
4.4 0.5 -0.116955 0.70887 
4.45 0.5 -0.159569 0.683907 
4.5 0.5 -0.196256 0.65265 
4.55 0.5 -0.22574 0.616616 
4.6 0.5 -0.247029 0.577253 
4.65 0.5 -0.259426 0.535852 
4.7 0.5 -0.262535 0.493551 
4.75 0.5 -0.256249 0.451403 
4.8 0.5 -0.240756 0.410483 
4.85 0.5 -0.216542 0.371984 
4.9 0.5 -0.184395 0.337267 
4.95 0.5 -0.145413 0.307838 
5 0.5 -0.100995 0.285222 
0 0.55 -0.142796 0.287258 
0.05 0.55 -0.0994241 0.263298 
0.1 0.55 -0.0522661 0.24784 
0.15 0.55 -0.003064 0.242001 
0.2 0.55 0.04631 0.246225 
0.25 0.55 0.0939625 0.260194 
0.3 0.55 0.138085 0.282887 
0.35 0.55 0.177046 0.312792 
0.4 0.55 0.209458 0.348168 
0.45 0.55 0.234215 0.387289 
0.5 0.55 0.250515 0.428604 
0.55 0.55 0.257855 0.470789 
0.6 0.55 0.256027 0.512712 
0.65 0.55 0.245111 0.553342 
0.7 0.55 0.225469 0.591651 
0.75 0.55 0.197748 0.62653 
0.8 0.55 0.162878 0.656771 
0.85 0.55 0.122061 0.681121 
0.9 0.55 0.0767451 0.698398 
0.95 0.55 0.028579 0.707662 
1 0.55 -0.0206537 0.708368 
1.05 0.55 -0.0691182 0.700474 
1.1 0.55 -0.115016 0.684446 
1.15 0.55 -0.156672 0.66117 
1.2 0.55 -0.192598 0.631798 
1.25 0.55 -0.221551 0.597583 
1.3 0.55 -0.242553 0.559743 
1.35 0.55 -0.254909 0.519402 
1.4 0.55 -0.258207 0.477598 
1.45 0.55 -0.252318 0.435352 
1.5 0.55 -0.237399 0.393775 
1.55 0.55 -0.2139 0.354154 
1.6 0.55 -0.182572 0.318008 
1.65 0.55 -0.144467 0.287046 
1.7 0.55 -0.100926 0.263026 
1.75 0.55 -0.0535431 0.247521 
1.8 0.55 -0.00410621 0.241652 
1.85 0.55 0.0454895 0.245867 
1.9 0.55 0.0933404 0.259843 
1.95 0.55 0.137635 0.282557 
2 0.55 0.176741 0.312492 
2.05 0.55 0.209274 0.347903 
2.1 0.55 0.234132 0.38706 
2.15 0.55 0.250514 0.428408 
2.2 0.55 0.257921 0.470623 
2.25 0.55 0.256148 0.512573 
2.3 0.55 0.245276 0.553227 
2.35 0.55 0.225669 0.591559 
2.4 0.55 0.197977 0.626462 
2.45 0.55 0.163128 0.65673 
2.5 0.55 0.122324 0.681111 
2.55 0.55 0.0770137 0.698424 
2.6 0.55 0.0288453 0.707726 
2.65 0.55 -0.0203981 0.708473 
2.7 0.55 -0.0688817 0.700618 
2.75 0.55 -0.114807 0.684628 
2.8 0.55 -0.156498 0.661385 
2.85 0.55 -0.192467 0.632042 
2.9 0.55 -0.221468 0.59785 
2.95 0.55 -0.242524 0.560029 
3 0.55 -0.254938 0.519701 
3.05 0.55 -0.258295 0.477904 
3.1 0.55 -0.252467 0.435659 
3.15 0.55 -0.237607 0.394073 
3.2 0.55 -0.214165 0.354433 
3.25 0.55 -0.182887 0.318255 
3.3 0.55 -0.144824 0.287245 
3.35 0.55 -0.101314 0.263163 
3.4 0.55 -0.0539497 0.247584 
3.45 0.55 -0.00451689 0.241635 
3.5 0.55 0.04509 0.245768 
3.55 0.55 0.0929672 0.259667 
3.6 0.55 0.137302 0.282315 
3.65 0.55 0.176463 0.312197 
3.7 0.55 0.20906 0.347569 
3.75 0.55 0.233992 0.3867 
3.8 0.55 0.250454 0.428035 
3.85 0.55 0.257946 0.470247 
3.9 0.55 0.256259 0.512203 
3.95 0.55 0.245473 0.552874 
4 0.55 0.225948 0.591233 
4.05 0.55 0.198332 0.626176 
4.1 0.55 0.16355 0.656498 
4.15 0.55 0.122803 0.680947 
4.2 0.55 0.0775357 0.69834 
4.25 0.55 0.0293967 0.70773 
4.3 0.55 -0.0198309 0.708567 
4.35 0.55 -0.0683103 0.700799 
4.4 0.55 -0.11424 0.684881 
4.45 0.55 -0.155938 0.661693 
4.5 0.55 -0.191911 0.63238 
4.55 0.55 -0.220905 0.598193 
4.6 0.55 -0.241934 0.560348 
4.65 0.55 -0.254292 0.519973 
4.7 0.55 -0.257557 0.478108 
4.75 0.55 -0.251592 0.435784 
4.8 0.55 -0.23655 0.394119 
4.85 0.55 -0.21288 0.35442 
4.9 0.55 -0.181341 0.318223 
4.95 0.55 -0.143011 0.287258 
5 0.55 -0.0992752 0.263298 
0 0.6 -0.135104 0.266721 
0.05 0.6 -0.0940403 0.241962 
0.1 0.6 -0.0493554 0.225947 
0.15 0.6 -0.00271523 0.219912 
0.2 0.6 0.0440838 0.224349 
0.25 0.6 0.0892235 0.238897 
0.3 0.6 0.13097 0.262415 
0.35 0.6 0.167766 0.293219 
0.4 0.6 0.198296 0.329385 
0.45 0.6 0.221525 0.369021 
0.5 0.6 0.236712 0.410445 
0.55 0.6 0.243409 0.452248 
0.6 0.6 0.24145 0.493261 
0.65 0.6 0.230939 0.532477 
0.7 0.6 0.212247 0.568946 
0.75 0.6 0.186005 0.601711 
0.8 0.6 0.153102 0.629776 
0.85 0.6 0.114673 0.652141 
0.9 0.6 0.0720718 0.667884 
0.95 0.6 0.0268322 0.676282 
1 0.6 -0.0193941 0.676921 
1.05 0.6 -0.0649097 0.669767 
1.1 0.6 -0.10805 0.655177 
1.15 0.6 -0.147256 0.633828 
1.2 0.6 -0.181141 0.606618 
1.25 0.6 -0.20853 0.57454 
1.3 0.6 -0.228493 0.538592 
1.35 0.6 -0.24035 0.499739 
1.4 0.6 -0.243688 0.458925 
1.45 0.6 -0.238353 0.417141 
1.5 0.6 -0.224464 0.375524 
1.55 0.6 -0.202417 0.335443 
1.6 0.6 -0.172901 0.298541 
1.65 0.6 -0.136901 0.266691 
1.7 0.6 -0.0956861 0.241837 
1.75 0.6 -0.0507785 0.225728 
1.8 0.6 -0.00389402 0.219619 
1.85 0.6 0.0431434 0.224008 
1.9 0.6 0.0885012 0.238536 
1.95 0.6 0.13044 0.262058 
2 0.6 0.167399 0.292886 
2.05 0.6 0.198066 0.329088 
2.1 0.6 0.221408 0.368765 
2.15 0.6 0.236686 0.410231 
2.2 0.6 0.243457 0.452071 
2.25 0.6 0.241556 0.493119 
2.3 0.6 0.231092 0.532364 
2.35 0.6 0.212436 0.568862 
2.4 0.6 0.186222 0.601655 
2.45 0.6 0.153339 0.629749 
2.5 0.6 0.114922 0.652144 
2.55 0.6 0.0723266 0.667921 
2.6 0.6 0.0270845 0.676355 
2.65 0.6 -0.0191521 0.677031 
2.7 0.6 -0.0646857 0.669914 
2.75 0.6 -0.107851 0.655358 
2.8 0.6 -0.147091 0.634042 
2.85 0.6 -0.181016 0.60686 
2.9 0.6 -0.208451 0.574806 
2.95 0.6 -0.228463 0.538879 
3 0.6 -0.240376 0.500042 
3.05 0.6 -0.24377 0.459237 
3.1 0.6 -0.238493 0.417457 
3.15 0.6 -0.224659 0.375834 
3.2 0.6 -0.202666 0.335735 
3.25 0.6 -0.173199 0.298801 
3.3 0.6 -0.137239 0.266903 
3.35 0.6 -0.0960542 0.241985 
3.4 0.6 -0.0511644 0.2258 
3.45 0.6 -0.00428392 0.219606 
3.5 0.6 0.0427642 0.22391 
3.55 0.6 0.0881473 0.238358 
3.6 0.6 0.130125 0.261813 
3.65 0.6 0.167136 0.292589 
3.7 0.6 0.197865 0.328754 
3.75 0.6 0.221276 0.368409 
3.8 0.6 0.23663 0.409865 
3.85 0.6 0.24348 0.451708 
3.9 0.6 0.24166 0.492766 
3.95 0.6 0.231274 0.532033 
4 0.6 0.212694 0.56856 
4.05 0.6 0.186549 0.601393 
4.1 0.6 0.153728 0.629538 
4.15 0.6 0.115362 0.651995 
4.2 0.6 0.0728044 0.66784 
4.25 0.6 0.0275883 0.676347 
4.3 0.6 -0.0186342 0.677095 
4.35 0.6 -0.0641635 0.670043 
4.4 0.6 -0.107331 0.655539 
4.45 0.6 -0.146573 0.634255 
4.5 0.6 -0.180493 0.607082 
4.55 0.6 -0.20791 0.575012 
4.6 0.6 -0.227881 0.539042 
4.65 0.6 -0.23972 0.500136 
4.7 0.6 -0.243002 0.459245 
4.75 0.6 -0.237567 0.417369 
4.8 0.6 -0.223528 0.375657 
4.85 0.6 -0.201286 0.335495 
4.9 0.6 -0.171542 0.298551 
4.95 0.6 -0.135307 0.266721 
5 0.6 -0.0938993 0.241962 
0 0.65 -0.122463 0.244525 
0.05 0.65 -0.0852307 0.219768 
0.1 0.65 -0.0446782 0.203727 
0.15 0.65 -0.00233408 0.197696 
0.2 0.65 0.0401501 0.202192 
0.25 0.65 0.0811024 0.216826 
0.3 0.65 0.118932 0.240398 
0.35 0.65 0.152217 0.271137 
0.4 0.65 0.179763 0.307032 
0.45 0.65 0.200643 0.346116 
0.5 0.65 0.214204 0.386648 
0.55 0.65 0.220061 0.427187 
0.6 0.65 0.218092 0.466562 
0.65 0.65 0.208416 0.503796 
0.7 0.65 0.191391 0.538022 
0.75 0.65 0.167605 0.568415 
0.8 0.65 0.137871 0.594165 
0.85 0.65 0.103214 0.614488 
0.9 0.65 0.0648468 0.628688 
0.95 0.65 0.024137 0.636226 
1 0.65 -0.0174483 0.636798 
1.05 0.65 -0.058403 0.63038 
1.1 0.65 -0.0972485 0.617232 
1.15 0.65 -0.132597 0.597857 
1.2 0.65 -0.163207 0.572932 
1.25 0.65 -0.188017 0.543228 
1.3 0.65 -0.206178 0.509553 
1.35 0.65 -0.217062 0.472727 
1.4 0.65 -0.22027 0.433606 
1.45 0.65 -0.215639 0.393144 
1.5 0.65 -0.203248 0.352474 
1.55 0.65 -0.183433 0.312995 
1.6 0.65 -0.156799 0.276406 
1.65 0.65 -0.124227 0.244655 
1.7 0.65 -0.0868676 0.219774 
1.75 0.65 -0.0461122 0.203603 
1.8 0.65 -0.00353612 0.19746 
1.85 0.65 0.0391808 0.201874 
1.9 0.65 0.0803508 0.216465 
1.95 0.65 0.118375 0.240026 
2 0.65 0.151827 0.270783 
2.05 0.65 0.179514 0.306714 
2.1 0.65 0.200509 0.345842 
2.15 0.65 0.214162 0.386421 
2.2 0.65 0.220094 0.427005 
2.25 0.65 0.218183 0.466419 
2.3 0.65 0.208552 0.503689 
2.35 0.65 0.191562 0.537947 
2.4 0.65 0.167803 0.568371 
2.45 0.65 0.138087 0.59415 
2.5 0.65 0.103441 0.614504 
2.55 0.65 0.0650783 0.628736 
2.6 0.65 0.024366 0.636307 
2.65 0.65 -0.0172288 0.636913 
2.7 0.65 -0.0581999 0.630528 
2.75 0.65 -0.0970687 0.617412 
2.8 0.65 -0.132447 0.598067 
2.85 0.65 -0.163092 0.573169 
2.9 0.65 -0.187944 0.54349 
2.95 0.65 -0.20615 0.509836 
3 0.65 -0.217083 0.473027 
3.05 0.65 -0.220343 0.433918 
3.1 0.65 -0.215763 0.39346 
3.15 0.65 -0.203424 0.352786 
3.2 0.65 -0.183658 0.31329 
3.25 0.65 -0.157068 0.27667 
3.3 0.65 -0.124533 0.244872 
3.35 0.65 -0.0872019 0.219927 
3.4 0.65 -0.0464628 0.203678 
3.45 0.65 -0.00389051 0.197451 
3.5 0.65 0.0388362 0.201779 
3.55 0.65 0.0800293 0.21629 
3.6 0.65 0.118089 0.239785 
3.65 0.65 0.151588 0.270491 
3.7 0.65 0.179331 0.306387 
3.75 0.65 0.20039 0.345496 
3.8 0.65 0.214111 0.38607 
3.85 0.65 0.220114 0.426659 
3.9 0.65 0.218275 0.466088 
3.95 0.65 0.208715 0.503381 
4 0.65 0.191791 0.53767 
4.05 0.65 0.168092 0.568133 
4.1 0.65 0.138429 0.593959 
4.15 0.65 0.103826 0.614366 
4.2 0.65 0.0654964 0.628655 
4.25 0.65 0.0248057 0.636284 
4.3 0.65 -0.0167775 0.636945 
4.35 0.65 -0.0577447 0.630606 
4.4 0.65 -0.0966136 0.617522 
4.45 0.65 -0.131991 0.59819 
4.5 0.65 -0.162627 0.573283 
4.55 0.65 -0.187454 0.543569 
4.6 0.65 -0.205612 0.509855 
4.65 0.65 -0.216464 0.472963 
4.7 0.65 -0.219604 0.433753 
4.75 0.65 -0.214861 0.393189 
4.8 0.65 -0.202313 0.352418 
4.85 0.65 -0.182301 0.31286 
4.9 0.65 -0.155442 0.276238 
4.95 0.65 -0.122644 0.244525 
5 0.65 -0.0851047 0.219768 
0 0.7 -0.105523 0.219494 
0.05 0.7 -0.0734417 0.195746 
0.1 0.7 -0.0384674 0.180345 
0.15 0.7 -0.00193428 0.174568 
0.2 0.7 0.0347148 0.178922 
0.25 0.7 0.0700204 0.193021 
0.3 0.7 0.102597 0.21567 
0.35 0.7 0.131211 0.245124 
0.4 0.7 0.154835 0.279397 
0.45 0.7 0.172679 0.316556 
0.5 0.7 0.184194 0.354897 
0.55 0.7 0.189072 0.393011 
0.6 0.7 0.187225 0.429769 
0.65 0.7 0.178778 0.464251 
0.7 0.7 0.164054 0.49567 
0.75 0.7 0.143572 0.523319 
0.8 0.7 0.118037 0.54654 
0.85 0.7 0.0883262 0.564727 
0.9 0.7 0.0554761 0.577355 
0.95 0.7 0.0206451 0.584032 
1 0.7 -0.0149257 0.584538 
1.05 0.7 -0.0499636 0.578855 
1.1 0.7 -0.0832186 0.567171 
1.15 0.7 -0.113514 0.549852 
1.2 0.7 -0.139793 0.527403 
1.25 0.7 -0.161145 0.500418 
1.3 0.7 -0.176836 0.469546 
1.35 0.7 -0.186314 0.435486 
1.4 0.7 -0.18922 0.399006 
1.45 0.7 -0.185392 0.361 
1.5 0.7 -0.174879 0.322561 
1.55 0.7 -0.157949 0.285053 
1.6 0.7 -0.135107 0.25014 
1.65 0.7 -0.107103 0.219739 
1.7 0.7 -0.074926 0.195853 
1.75 0.7 -0.0397842 0.180299 
1.8 0.7 -0.00305091 0.174386 
1.85 0.7 0.0338056 0.178636 
1.9 0.7 0.0693096 0.192672 
1.95 0.7 0.102066 0.2153 
2 0.7 0.130837 0.244765 
2.05 0.7 0.154593 0.279072 
2.1 0.7 0.172545 0.316277 
2.15 0.7 0.184148 0.354667 
2.2 0.7 0.189094 0.39283 
2.25 0.7 0.187301 0.429631 
2.3 0.7 0.178895 0.464151 
2.35 0.7 0.164202 0.495605 
2.4 0.7 0.143743 0.523286 
2.45 0.7 0.118223 0.546537 
2.5 0.7 0.0885225 0.564753 
2.55 0.7 0.0556759 0.577411 
2.6 0.7 0.0208425 0.584118 
2.65 0.7 -0.0147366 0.584653 
2.7 0.7 -0.0497887 0.579 
2.75 0.7 -0.0830636 0.567345 
2.8 0.7 -0.113385 0.550054 
2.85 0.7 -0.139693 0.52763 
2.9 0.7 -0.161081 0.500668 
2.95 0.7 -0.176811 0.469817 
3 0.7 -0.186331 0.435774 
3.05 0.7 -0.189281 0.399306 
3.1 0.7 -0.185498 0.361305 
3.15 0.7 -0.175029 0.322863 
3.2 0.7 -0.158142 0.285339 
3.25 0.7 -0.135338 0.250397 
3.3 0.7 -0.107366 0.21995 
3.35 0.7 -0.0752142 0.196003 
3.4 0.7 -0.0400868 0.180375 
3.45 0.7 -0.00335688 0.174379 
3.5 0.7 0.0335081 0.178547 
3.55 0.7 0.0690322 0.192507 
3.6 0.7 0.10182 0.215071 
3.65 0.7 0.130631 0.244488 
3.7 0.7 0.154436 0.278764 
3.75 0.7 0.172442 0.315953 
3.8 0.7 0.184104 0.354339 
3.85 0.7 0.189111 0.392509 
3.9 0.7 0.187378 0.429327 
3.95 0.7 0.179031 0.46387 
4 0.7 0.164395 0.495354 
4.05 0.7 0.143986 0.523071 
4.1 0.7 0.118509 0.546364 
4.15 0.7 0.0888438 0.564624 
4.2 0.7 0.0560231 0.577328 
4.25 0.7 0.0212066 0.58408 
4.3 0.7 -0.0143638 0.584656 
4.35 0.7 -0.0494132 0.579033 
4.4 0.7 -0.0826879 0.567394 
4.45 0.7 -0.113006 0.5501 
4.5 0.7 -0.139304 0.527653 
4.55 0.7 -0.160665 0.500644 
4.6 0.7 -0.176346 0.469722 
4.65 0.7 -0.185788 0.435588 
4.7 0.7 -0.188623 0.399013 
4.75 0.7 -0.184687 0.360903 
4.8 0.7 -0.174027 0.322364 
4.85 0.7 -0.156917 0.284782 
4.9 0.7 -0.133874 0.249845 
4.95 0.7 -0.105672 0.219494 
5 0.7 -0.0733379 0.195746 
0 0.75 -0.0852783 0.19093 
0.05 0.75 -0.059359 0.169306 
0.1 0.75 -0.0310767 0.155278 
0.15 0.75 -0.00152572 0.150028 
0.2 0.75 0.028113 0.154019 
0.25 0.75 0.0566467 0.166891 
0.3 0.75 0.0829457 0.187539 
0.35 0.75 0.106009 0.214345 
0.4 0.75 0.125007 0.245479 
0.45 0.75 0.139309 0.279153 
0.5 0.75 0.148487 0.313796 
0.55 0.75 0.152303 0.348108 
0.6 0.75 0.150705 0.381051 
0.65 0.75 0.143806 0.411793 
0.7 0.75 0.131879 0.439639 
0.75 0.75 0.115349 0.463993 
0.8 0.75 0.0947888 0.48432 
0.85 0.75 0.0709038 0.500151 
0.9 0.75 0.0445218 0.511095 
0.95 0.75 0.0165659 0.516865 
1 0.75 -0.0119776 0.517301 
1.05 0.75 -0.0400979 0.512392 
1.1 0.75 -0.0668018 0.502272 
1.15 0.75 -0.0911527 0.487208 
1.2 0.75 -0.112305 0.467574 
1.25 0.75 -0.129529 0.443828 
1.3 0.75 -0.142229 0.416492 
1.35 0.75 -0.149954 0.386151 
1.4 0.75 -0.152402 0.35348 
1.45 0.75 -0.149429 0.319285 
1.5 0.75 -0.141058 0.284569 
1.55 0.75 -0.127491 0.250591 
1.6 0.75 -0.109123 0.218888 
1.65 0.75 -0.0865513 0.191231 
1.7 0.75 -0.0605741 0.169471 
1.75 0.75 -0.0321722 0.155289 
1.8 0.75 -0.00246729 0.149895 
1.85 0.75 0.0273385 0.153772 
1.9 0.75 0.0560368 0.166573 
1.95 0.75 0.0824879 0.187192 
2 0.75 0.105684 0.214004 
2.05 0.75 0.124796 0.245168 
2.1 0.75 0.139192 0.278886 
2.15 0.75 0.148444 0.313577 
2.2 0.75 0.152319 0.347937 
2.25 0.75 0.150766 0.380924 
2.3 0.75 0.143901 0.411704 
2.35 0.75 0.131999 0.439585 
2.4 0.75 0.115488 0.46397 
2.45 0.75 0.0949404 0.484325 
2.5 0.75 0.0710629 0.500184 
2.55 0.75 0.0446834 0.511154 
2.6 0.75 0.0167253 0.51695 
2.65 0.75 -0.011825 0.517413 
2.7 0.75 -0.0399568 0.512529 
2.75 0.75 -0.0666766 0.502434 
2.8 0.75 -0.0910478 0.487394 
2.85 0.75 -0.112224 0.467783 
2.9 0.75 -0.129476 0.444058 
2.95 0.75 -0.142208 0.41674 
3 0.75 -0.149966 0.386415 
3.05 0.75 -0.152449 0.353755 
3.1 0.75 -0.149513 0.319565 
3.15 0.75 -0.141178 0.284846 
3.2 0.75 -0.127646 0.250854 
3.25 0.75 -0.109309 0.219125 
3.3 0.75 -0.086764 0.191426 
3.35 0.75 -0.0608068 0.16961 
3.4 0.75 -0.0324169 0.15536 
3.45 0.75 -0.00271482 0.14989 
3.5 0.75 0.0270978 0.153692 
3.55 0.75 0.0558124 0.166424 
3.6 0.75 0.0822888 0.186984 
3.65 0.75 0.105518 0.213754 
3.7 0.75 0.124669 0.24489 
3.75 0.75 0.139109 0.278594 
3.8 0.75 0.148408 0.313283 
3.85 0.75 0.152331 0.347651 
3.9 0.75 0.150827 0.380654 
3.95 0.75 0.144008 0.411456 
4 0.75 0.132151 0.439364 
4.05 0.75 0.115679 0.46378 
4.1 0.75 0.0951647 0.484171 
4.15 0.75 0.0713138 0.500066 
4.2 0.75 0.0449537 0.511073 
4.25 0.75 0.0170076 0.516902 
4.3 0.75 -0.011537 0.517393 
4.35 0.75 -0.0396675 0.512527 
4.4 0.75 -0.0663875 0.502437 
4.45 0.75 -0.0907563 0.487384 
4.5 0.75 -0.111923 0.467741 
4.55 0.75 -0.129151 0.443964 
4.6 0.75 -0.141839 0.416572 
4.65 0.75 -0.149529 0.386155 
4.7 0.75 -0.151913 0.353392 
4.75 0.75 -0.148847 0.319099 
4.8 0.75 -0.140352 0.284293 
4.85 0.75 -0.126637 0.250251 
4.9 0.75 -0.10811 0.218534 
4.95 0.75 -0.0853843 0.19093 
5 0.75 -0.059285 0.169306 
0 0.8 -0.0631211 0.158592 
0.05 0.8 -0.0439418 0.140169 
0.1 0.8 -0.0229997 0.128224 
0.15 0.8 -0.0011179 0.123762 
0.2 0.8 0.0208211 0.127175 
0.25 0.8 0.0419271 0.138153 
0.3 0.8 0.061359 0.15575 
0.35 0.8 0.0783733 0.178583 
0.4 0.8 0.0923594 0.205083 
0.45 0.8 0.102857 0.23372 
0.5 0.8 0.109557 0.263139 
0.55 0.8 0.112297 0.292223 
0.6 0.8 0.111047 0.320077 
0.65 0.8 0.1059 0.345988 
0.7 0.8 0.0970655 0.369376 
0.75 0.8 0.0848604 0.389749 
0.8 0.8 0.0697078 0.406687 
0.85 0.8 0.0521274 0.419832 
0.9 0.8 0.032725 0.428892 
0.95 0.8 0.012175 0.433659 
1 0.8 -0.00880338 0.434019 
1.05 0.8 -0.0294734 0.429964 
1.1 0.8 -0.0491107 0.421589 
1.15 0.8 -0.0670313 0.409087 
1.2 0.8 -0.0826164 0.392736 
1.25 0.8 -0.0953299 0.372883 
1.3 0.8 -0.104731 0.349937 
1.35 0.8 -0.110484 0.324375 
1.4 0.8 -0.112358 0.296762 
1.45 0.8 -0.110239 0.267786 
1.5 0.8 -0.104133 0.238311 
1.55 0.8 -0.0941787 0.209421 
1.6 0.8 -0.0806585 0.182441 
1.65 0.8 -0.0640076 0.158889 
1.7 0.8 -0.0448146 0.140352 
1.75 0.8 -0.0238081 0.128268 
1.8 0.8 -0.001826 0.123671 
1.85 0.8 0.0202316 0.126976 
1.9 0.8 0.0414599 0.137883 
1.95 0.8 0.0610072 0.155448 
2 0.8 0.0781241 0.178283 
2.05 0.8 0.0921975 0.204809 
2.1 0.8 0.102767 0.233484 
2.15 0.8 0.109524 0.262946 
2.2 0.8 0.112309 0.292073 
2.25 0.8 0.111093 0.319967 
2.3 0.8 0.105972 0.345914 
2.35 0.8 0.0971557 0.369333 
2.4 0.8 0.0849641 0.389734 
2.45 0.8 0.0698205 0.406698 
2.5 0.8 0.0522453 0.419866 
2.55 0.8 0.0328446 0.428948 
2.6 0.8 0.0122928 0.433737 
2.65 0.8 -0.00869072 0.434119 
2.7 0.8 -0.0293692 0.430085 
2.75 0.8 -0.0490181 0.421731 
2.8 0.8 -0.0669536 0.409249 
2.85 0.8 -0.0825564 0.392917 
2.9 0.8 -0.0952903 0.373081 
2.95 0.8 -0.104715 0.350151 
3 0.8 -0.110492 0.324603 
3.05 0.8 -0.112392 0.296999 
3.1 0.8 -0.1103 0.268027 
3.15 0.8 -0.104221 0.238549 
3.2 0.8 -0.0942923 0.209648 
3.25 0.8 -0.0807956 0.182644 
3.3 0.8 -0.0641645 0.159056 
3.35 0.8 -0.0449865 0.140471 
3.4 0.8 -0.0239891 0.128329 
3.45 0.8 -0.00200921 0.123668 
3.5 0.8 0.0200534 0.126908 
3.55 0.8 0.0412939 0.137757 
3.6 0.8 0.0608599 0.155273 
3.65 0.8 0.0780013 0.178071 
3.7 0.8 0.0921038 0.204573 
3.75 0.8 0.102705 0.233236 
3.8 0.8 0.109498 0.262698 
3.85 0.8 0.112318 0.291832 
3.9 0.8 0.111137 0.319739 
3.95 0.8 0.10605 0.345705 
4 0.8 0.0972651 0.369147 
4.05 0.8 0.0851016 0.389575 
4.1 0.8 0.0699816 0.406566 
4.15 0.8 0.0524249 0.419763 
4.2 0.8 0.0330373 0.428873 
4.25 0.8 0.0124931 0.433686 
4.3 0.8 -0.00848735 0.434087 
4.35 0.8 -0.0291659 0.430062 
4.4 0.8 -0.0488158 0.421705 
4.45 0.8 -0.0667498 0.409207 
4.5 0.8 -0.082345 0.392841 
4.55 0.8 -0.0950606 0.372954 
4.6 0.8 -0.104451 0.349956 
4.65 0.8 -0.110175 0.324325 
4.7 0.8 -0.112 0.29663 
4.75 0.8 -0.109809 0.26757 
4.8 0.8 -0.103611 0.23802 
4.85 0.8 -0.0935507 0.209081 
4.9 0.8 -0.0799215 0.182094 
4.95 0.8 -0.0631732 0.158592 
5 0.8 -0.0439053 0.140169 
0 0.85 -0.0408893 0.122658 
0.05 0.85 -0.0284601 0.108325 
0.1 0.85 -0.014892 0.0990446 
0.15 0.85 -0.000725064 0.0955841 
0.2 0.85 0.0134692 0.0982422 
0.25 0.85 0.0271134 0.106778 
0.3 0.85 0.0396611 0.120461 
0.35 0.85 0.0506309 0.138222 
0.4 0.85 0.0596299 0.158844 
0.45 0.85 0.066365 0.181131 
0.5 0.85 0.0706431 0.204023 
0.55 0.85 0.0723655 0.226641 
0.6 0.85 0.0715194 0.248278 
0.65 0.85 0.0681701 0.268373 
0.7 0.85 0.0624556 0.286474 
0.75 0.85 0.0545825 0.302207 
0.8 0.85 0.0448232 0.315256 
0.85 0.85 0.0335114 0.32536 
0.9 0.85 0.021035 0.332312 
0.95 0.85 0.00782519 0.335966 
1 0.85 -0.00565836 0.336242 
1.05 0.85 -0.0189449 0.333134 
1.1 0.85 -0.0315716 0.326709 
1.15 0.85 -0.0431012 0.317102 
1.2 0.85 -0.0531373 0.304509 
1.25 0.85 -0.0613361 0.289183 
1.3 0.85 -0.0674139 0.27143 
1.35 0.85 -0.0711518 0.251611 
1.4 0.85 -0.0723991 0.230165 
1.45 0.85 -0.0710764 0.207633 
1.5 0.85 -0.0671818 0.184698 
1.55 0.85 -0.0607977 0.162213 
1.6 0.85 -0.0521003 0.141219 
1.65 0.85 -0.0413661 0.1229 
1.7 0.85 -0.0289739 0.108489 
1.75 0.85 -0.0153966 0.099099 
1.8 0.85 -0.00118103 0.095528 
1.85 0.85 0.0130841 0.0980953 
1.9 0.85 0.0268064 0.106571 
1.95 0.85 0.0394298 0.120225 
2 0.85 0.0504676 0.137985 
2.05 0.85 0.0595246 0.158625 
2.1 0.85 0.066307 0.180942 
2.15 0.85 0.0706228 0.203869 
2.2 0.85 0.0723743 0.226522 
2.25 0.85 0.0715503 0.248191 
2.3 0.85 0.0682174 0.268316 
2.35 0.85 0.0625148 0.286443 
2.4 0.85 0.0546502 0.302197 
2.45 0.85 0.0448965 0.315267 
2.5 0.85 0.0335878 0.32539 
2.55 0.85 0.0211123 0.33236 
2.6 0.85 0.00790119 0.336031 
2.65 0.85 -0.00558571 0.336324 
2.7 0.85 -0.0188777 0.333232 
2.75 0.85 -0.0315118 0.326823 
2.8 0.85 -0.0430508 0.31723 
2.85 0.85 -0.0530983 0.304652 
2.9 0.85 -0.0613101 0.28934 
2.95 0.85 -0.0674025 0.271599 
3 0.85 -0.0711563 0.25179 
3.05 0.85 -0.0724203 0.230351 
3.1 0.85 -0.071115 0.207822 
3.15 0.85 -0.0672378 0.184885 
3.2 0.85 -0.0608704 0.162391 
3.25 0.85 -0.0521883 0.141378 
3.3 0.85 -0.0414671 0.123031 
3.35 0.85 -0.0290848 0.108582 
3.4 0.85 -0.0155136 0.0991471 
3.45 0.85 -0.00129949 0.0955262 
3.5 0.85 0.0129688 0.0980433 
3.55 0.85 0.026699 0.106473 
3.6 0.85 0.0393346 0.120089 
3.65 0.85 0.0503882 0.137821 
3.7 0.85 0.059464 0.158442 
3.75 0.85 0.0662674 0.18075 
3.8 0.85 0.0706053 0.203677 
3.85 0.85 0.0723795 0.226335 
3.9 0.85 0.071578 0.248015 
3.95 0.85 0.0682666 0.268154 
4 0.85 0.0625839 0.286299 
4.05 0.85 0.0547368 0.302073 
4.1 0.85 0.0449977 0.315164 
4.15 0.85 0.0337003 0.325308 
4.2 0.85 0.0212325 0.332298 
4.25 0.85 0.00802549 0.335985 
4.3 0.85 -0.00546032 0.336289 
4.35 0.85 -0.0187533 0.333202 
4.4 0.85 -0.0313888 0.326787 
4.45 0.85 -0.0429276 0.317179 
4.5 0.85 -0.0529706 0.304571 
4.55 0.85 -0.0611708 0.289216 
4.6 0.85 -0.0672413 0.271419 
4.65 0.85 -0.0709603 0.251543 
4.7 0.85 -0.0721747 0.230033 
4.75 0.85 -0.070805 0.207437 
4.8 0.85 -0.0668515 0.184447 
4.85 0.85 -0.0604037 0.16193 
4.9 0.85 -0.0516488 0.140936 
4.95 0.85 -0.0408768 0.122658 
5 0.85 -0.0284685 0.108325 
0 0.9 -0.0209296 0.0836678 
0.05 0.9 -0.0145375 0.0739951 
0.1 0.9 -0.00759742 0.0677471 
0.15 0.9 -0.000373111 0.0654222 
0.2 0.9 0.00685494 0.0672137 
0.25 0.9 0.0137958 0.0729616 
0.3 0.9 0.0201711 0.0821823 
0.35 0.9 0.0257358 0.0941649 
0.4 0.9 0.0302911 0.108095 
0.45 0.9 0.0336906 0.123168 
0.5 0.9 0.0358397 0.138663 
0.55 0.9 0.0366921 0.153978 
0.6 0.9 0.0362444 0.168628 
0.65 0.9 0.034532 0.182227 
0.7 0.9 0.0316261 0.194465 
0.75 0.9 0.0276317 0.20509 
0.8 0.9 0.0226866 0.213891 
0.85 0.9 0.0169589 0.220698 
0.9 0.9 0.0106441 0.225377 
0.95 0.9 0.00395953 0.227835 
1 0.9 -0.0028631 0.22802 
1.05 0.9 -0.00958644 0.22593 
1.1 0.9 -0.0159771 0.221606 
1.15 0.9 -0.0218147 0.215135 
1.2 0.9 -0.0268996 0.206643 
1.25 0.9 -0.0310584 0.196295 
1.3 0.9 -0.0341478 0.184293 
1.35 0.9 -0.0360566 0.170882 
1.4 0.9 -0.0367073 0.156362 
1.45 0.9 -0.0360576 0.141104 
1.5 0.9 -0.0341032 0.125579 
1.55 0.9 -0.0308824 0.110371 
1.6 0.9 -0.026481 0.0961865 
1.65 0.9 -0.0210368 0.0838265 
1.7 0.9 -0.0147413 0.074116 
1.75 0.9 -0.00783576 0.0677953 
1.8 0.9 -0.000601167 0.065393 
1.85 0.9 0.00665894 0.0671201 
1.9 0.9 0.0136392 0.0728244 
1.95 0.9 0.0200537 0.0820237 
2 0.9 0.0256536 0.094004 
2.05 0.9 0.0302388 0.107946 
2.1 0.9 0.0336626 0.123038 
2.15 0.9 0.0358309 0.138557 
2.2 0.9 0.036698 0.153896 
2.25 0.9 0.0362612 0.168569 
2.3 0.9 0.0345569 0.182188 
2.35 0.9 0.0316568 0.194444 
2.4 0.9 0.0276665 0.205084 
2.45 0.9 0.022724 0.2139 
2.5 0.9 0.0169978 0.22072 
2.55 0.9 0.0106833 0.225411 
2.6 0.9 0.00399805 0.22788 
2.65 0.9 -0.00282628 0.228077 
2.7 0.9 -0.00955235 0.225998 
2.75 0.9 -0.0159468 0.221685 
2.8 0.9 -0.0217891 0.215224 
2.85 0.9 -0.0268796 0.206741 
2.9 0.9 -0.0310449 0.196402 
2.95 0.9 -0.0341416 0.184409 
3 0.9 -0.0360585 0.171005 
3.05 0.9 -0.0367177 0.156489 
3.1 0.9 -0.0360768 0.141233 
3.15 0.9 -0.0341312 0.125706 
3.2 0.9 -0.030919 0.110491 
3.25 0.9 -0.0265254 0.0962943 
3.3 0.9 -0.021088 0.0839152 
3.35 0.9 -0.0147975 0.0741792 
3.4 0.9 -0.00789518 0.0678278 
3.45 0.9 -0.000661426 0.0653919 
3.5 0.9 0.00660028 0.0670852 
3.55 0.9 0.0135845 0.0727586 
3.6 0.9 0.0200052 0.0819321 
3.65 0.9 0.0256132 0.093893 
3.7 0.9 0.030208 0.107822 
3.75 0.9 0.0336424 0.122908 
3.8 0.9 0.035822 0.138426 
3.85 0.9 0.0367004 0.153769 
3.9 0.9 0.036275 0.168449 
3.95 0.9 0.0345814 0.182078 
4 0.9 0.0316912 0.194346 
4.05 0.9 0.0277096 0.205 
4.1 0.9 0.0227743 0.213829 
4.15 0.9 0.0170534 0.220663 
4.2 0.9 0.0107424 0.225367 
4.25 0.9 0.00405882 0.227846 
4.3 0.9 -0.00276548 0.22805 
4.35 0.9 -0.00949258 0.225972 
4.4 0.9 -0.0158883 0.221654 
4.45 0.9 -0.0217311 0.21518 
4.5 0.9 -0.02682 0.206677 
4.55 0.9 -0.0309798 0.196307 
4.6 0.9 -0.0340657 0.184275 
4.65 0.9 -0.0359649 0.170826 
4.7 0.9 -0.0365987 0.156262 
4.75 0.9 -0.0359248 0.140962 
4.8 0.9 -0.0339412 0.125403 
4.85 0.9 -0.0306916 0.110178 
4.9 0.9 -0.0262734 0.0959994 
4.95 0.9 -0.0208419 0.0836678 
5 0.9 -0.0145984 0.0739951 
0 0.95 -0.00617609 0.0424417 
0.05 0.95 -0.00420791 0.037631 
0.1 0.95 -0.00218417 0.0345386 
0.15 0.95 -0.000107663 0.0333901 
0.2 0.95 0.00196287 0.0342776 
0.25 0.95 0.00394857 0.0371242 
0.3 0.95 0.0057699 0.0416963 
0.35 0.95 0.00735654 0.0476481 
0.4 0.95 0.00865205 0.0545807 
0.45 0.95 0.00961559 0.0620962 
0.5 0.95 0.0102215 0.0698349 
0.55 0.95 0.0104579 0.0774932 
0.6 0.95 0.0103248 0.0848245 
0.65 0.95 0.00983291 0.0916323 
0.7 0.95 0.0090028 0.097759 
0.75 0.95 0.00786424 0.103076 
0.8 0.95 0.00645607 0.10748 
0.85 0.95 0.00482583 0.110884 
0.9 0.95 0.00302883 0.113223 
0.95 0.95 0.00112671 0.114451 
1 0.95 -0.000814668 0.114544 
1.05 0.95 -0.00272783 0.113499 
1.1 0.95 -0.00454643 0.111338 
1.15 0.95 -0.00620795 0.108101 
1.2 0.95 -0.00765584 0.103853 
1.25 0.95 -0.00884113 0.0986742 
1.3 0.95 -0.00972335 0.0926661 
1.35 0.95 -0.010271 0.0859523 
1.4 0.95 -0.0104619 0.0786852 
1.45 0.95 -0.0102833 0.0710547 
1.5 0.95 -0.00973313 0.0632991 
1.55 0.95 -0.00882086 0.0557142 
1.6 0.95 -0.00756964 0.0486534 
1.65 0.95 -0.00601772 0.0425129 
1.7 0.95 -0.00421928 0.0376975 
1.75 0.95 -0.00224364 0.0345676 
1.8 0.95 -0.000172182 0.033379 
1.85 0.95 0.00190671 0.0342335 
1.9 0.95 0.0039041 0.0370577 
1.95 0.95 0.00573704 0.0416183 
2 0.95 0.00733397 0.0475683 
2.05 0.95 0.00863809 0.0545062 
2.1 0.95 0.00960854 0.0620312 
2.15 0.95 0.0102198 0.0697816 
2.2 0.95 0.0104602 0.0774518 
2.25 0.95 0.0103301 0.0847945 
2.3 0.95 0.00984038 0.0916126 
2.35 0.95 0.00901181 0.0977483 
2.4 0.95 0.0078743 0.103074 
2.45 0.95 0.00646681 0.107484 
2.5 0.95 0.00483693 0.110895 
2.55 0.95 0.00303999 0.11324 
2.6 0.95 0.00113767 0.114474 
2.65 0.95 -0.000804199 0.114572 
2.7 0.95 -0.00271812 0.113533 
2.75 0.95 -0.00453778 0.111377 
2.8 0.95 -0.00620062 0.108146 
2.85 0.95 -0.0076501 0.103903 
2.9 0.95 -0.00883721 0.0987285 
2.95 0.95 -0.00972149 0.0927243 
3 0.95 -0.0102714 0.0860139 
3.05 0.95 -0.0104647 0.078749 
3.1 0.95 -0.0102886 0.0711193 
3.15 0.95 -0.00974095 0.0633628 
3.2 0.95 -0.00883115 0.0557744 
3.25 0.95 -0.00758221 0.0487071 
3.3 0.95 -0.00603225 0.0425569 
3.35 0.95 -0.00423533 0.0377288 
3.4 0.95 -0.00226062 0.0345837 
3.45 0.95 -0.000189421 0.0333785 
3.5 0.95 0.00188992 0.0342163 
3.55 0.95 0.00388846 0.0370251 
3.6 0.95 0.00572318 0.0415729 
3.65 0.95 0.00732243 0.0475131 
3.7 0.95 0.00862929 0.0544446 
3.75 0.95 0.00960276 0.0619665 
3.8 0.95 0.0102172 0.0697164 
3.85 0.95 0.0104609 0.0773884 
3.9 0.95 0.0103339 0.0847347 
3.95 0.95 0.00984726 0.0915577 
4 0.95 0.00902146 0.0976993 
4.05 0.95 0.00788637 0.103031 
4.1 0.95 0.00648086 0.107449 
4.15 0.95 0.00485243 0.110866 
4.2 0.95 0.00305639 0.113217 
4.25 0.95 0.00115439 0.114456 
4.3 0.95 -0.000787632 0.114557 
4.35 0.95 -0.00270206 0.113519 
4.4 0.95 -0.00452233 0.11136 
4.45 0.95 -0.00618558 0.108122 
4.5 0.95 -0.00763485 0.103868 
4.55 0.95 -0.00882068 0.0986782 
4.6 0.95 -0.00970208 0.0926545 
4.65 0.95 -0.0102471 0.0859216 
4.7 0.95 -0.0104331 0.0786333 
4.75 0.95 -0.0102474 0.0709824 
4.8 0.95 -0.00968865 0.0632114 
4.85 0.95 -0.00876908 0.0556203 
4.9 0.95 -0.0075199 0.0485657 
4.95 0.95 -0.00600246 0.0424417 
5 0.95 -0.00432923 0.037631 
0 1 0 0 
0.05 1 0 0 
0.1 1 0 0 
0.15 1 0 0 
0.2 1 0 0 
0.25 1 0 0 
0.3 1 0 0 
0.35 1 0 0 
0.4 1 0 0 
0.45 1 0 0 
0.5 1 0 0 
0.55 1 0 0 
0.6 1 0 0 
0.65 1 0 0 
0.7 1 0 0 
0.75 1 0 0 
0.8 1 0 0 
0.85 1 0 0 
0.9 1 0 0 
0.95 1 0 0 
1 1 0 0 
1.05 1 0 0 
1.1 1 0 0 
1.15 1 0 0 
1.2 1 0 0 
1.25 1 0 0 
1.3 1 0 0 
1.35 1 0 0 
1.4 1 0 0 
1.45 1 0 0 
1.5 1 0 0 
1.55 1 0 0 
1.6 1 0 0 
1.65 1 0 0 
1.7 1 0 0 
1.75 1 0 0 
1.8 1 0 0 
1.85 1 0 0 
1.9 1 0 0 
1.95 1 0 0 
2 1 0 0 
2.05 1 0 0 
2.1 1 0 0 
2.15 1 0 0 
2.2 1 0 0 
2.25 1 0 0 
2.3 1 0 0 
2.35 1 0 0 
2.4 1 0 0 
2.45 1 0 0 
2.5 1 0 0 
2.55 1 0 0 
2.6 1 0 0 
2.65 1 0 0 
2.7 1 0 0 
2.75 1 0 0 
2.8 1 0 0 
2.85 1 0 0 
2.9 1 0 0 
2.95 1 0 0 
3 1 0 0 
3.05 1 0 0 
3.1 1 0 0 
3.15 1 0 0 
3.2 1 0 0 
3.25 1 0 0 
3.3 1 0 0 
3.35 1 0 0 
3.4 1 0 0 
3.45 1 0 0 
3.5 1 0 0 
3.55 1 0 0 
3.6 1 0 0 
3.65 1 0 0 
3.7 1 0 0 
3.75 1 0 0 
3.8 1 0 0 
3.85 1 0 0 
3.9 1 0 0 
3.95 1 0 0 
4 1 0 0 
4.05 1 0 0 
4.1 1 0 0 
4.15 1 0 0 
4.2 1 0 0 
4.25 1 0 0 
4.3 1 0 0 
4.35 1 0 0 
4.4 1 0 0 
4.45 1 0 0 
4.5 1 0 0 
4.55 1 0 0 
4.6 1 0 0 
4.65 1 0 0 
4.7 1 0 0 
4.75 1 0 0 
4.8 1 0 0 
4.85 1 0 0 
4.9 1 0 0 
4.95 1 0 0 
5 1 0 0 
