x, y, ksi, T
#iter= 280000
0 0 0 1 
0.05 0 0 1 
0.1 0 0 1 
0.15 0 0 1 
0.2 0 0 1 
0.25 0 0 1 
0.3 0 0 1 
0.35 0 0 1 
0.4 0 0 1 
0.45 0 0 1 
0.5 0 0 1 
0.55 0 0 1 
0.6 0 0 1 
0.65 0 0 1 
0.7 0 0 1 
0.75 0 0 1 
0.8 0 0 1 
0.85 0 0 1 
0.9 0 0 1 
0.95 0 0 1 
1 0 0 1 
1.05 0 0 1 
1.1 0 0 1 
1.15 0 0 1 
1.2 0 0 1 
1.25 0 0 1 
1.3 0 0 1 
1.35 0 0 1 
1.4 0 0 1 
1.45 0 0 1 
1.5 0 0 1 
1.55 0 0 1 
1.6 0 0 1 
1.65 0 0 1 
1.7 0 0 1 
1.75 0 0 1 
1.8 0 0 1 
1.85 0 0 1 
1.9 0 0 1 
1.95 0 0 1 
2 0 0 1 
2.05 0 0 1 
2.1 0 0 1 
2.15 0 0 1 
2.2 0 0 1 
2.25 0 0 1 
2.3 0 0 1 
2.35 0 0 1 
2.4 0 0 1 
2.45 0 0 1 
2.5 0 0 1 
2.55 0 0 1 
2.6 0 0 1 
2.65 0 0 1 
2.7 0 0 1 
2.75 0 0 1 
2.8 0 0 1 
2.85 0 0 1 
2.9 0 0 1 
2.95 0 0 1 
3 0 0 1 
3.05 0 0 1 
3.1 0 0 1 
3.15 0 0 1 
3.2 0 0 1 
3.25 0 0 1 
3.3 0 0 1 
3.35 0 0 1 
3.4 0 0 1 
3.45 0 0 1 
3.5 0 0 1 
3.55 0 0 1 
3.6 0 0 1 
3.65 0 0 1 
3.7 0 0 1 
3.75 0 0 1 
3.8 0 0 1 
3.85 0 0 1 
3.9 0 0 1 
3.95 0 0 1 
4 0 0 1 
4.05 0 0 1 
4.1 0 0 1 
4.15 0 0 1 
4.2 0 0 1 
4.25 0 0 1 
4.3 0 0 1 
4.35 0 0 1 
4.4 0 0 1 
4.45 0 0 1 
4.5 0 0 1 
4.55 0 0 1 
4.6 0 0 1 
4.65 0 0 1 
4.7 0 0 1 
4.75 0 0 1 
4.8 0 0 1 
4.85 0 0 1 
4.9 0 0 1 
4.95 0 0 1 
5 0 0 1 
0 0.05 -0.00613161 0.890813 
0.05 0.05 -0.00425128 0.887757 
0.1 0.05 -0.00228626 0.885892 
0.15 0.05 -0.000288679 0.885201 
0.2 0.05 0.00169074 0.885674 
0.25 0.05 0.00359393 0.887291 
0.3 0.05 0.00536122 0.890011 
0.35 0.05 0.0069359 0.89378 
0.4 0.05 0.00826708 0.898522 
0.45 0.05 0.00931137 0.904146 
0.5 0.05 0.0100337 0.910537 
0.55 0.05 0.0104079 0.917561 
0.6 0.05 0.0104169 0.925046 
0.65 0.05 0.0100534 0.932781 
0.7 0.05 0.00932111 0.940499 
0.75 0.05 0.00823626 0.947876 
0.8 0.05 0.00682942 0.954534 
0.85 0.05 0.00514686 0.960066 
0.9 0.05 0.00325058 0.964083 
0.95 0.05 0.00121644 0.966269 
1 0.05 -0.000869896 0.966442 
1.05 0.05 -0.00291891 0.964585 
1.1 0.05 -0.00484388 0.960858 
1.15 0.05 -0.00656697 0.955556 
1.2 0.05 -0.00802369 0.949062 
1.25 0.05 -0.00916518 0.941783 
1.3 0.05 -0.00995838 0.934104 
1.35 0.05 -0.0103849 0.926359 
1.4 0.05 -0.0104393 0.918825 
1.45 0.05 -0.0101273 0.911723 
1.5 0.05 -0.00946493 0.905228 
1.55 0.05 -0.00847746 0.899484 
1.6 0.05 -0.00719941 0.894604 
1.65 0.05 -0.00567414 0.890685 
1.7 0.05 -0.00395328 0.8878 
1.75 0.05 -0.00209558 0.886007 
1.8 0.05 -0.00016509 0.885341 
1.85 0.05 0.00177116 0.885813 
1.9 0.05 0.0036459 0.887416 
1.95 0.05 0.0053944 0.890117 
2 0.05 0.00695687 0.893865 
2.05 0.05 0.00828037 0.898586 
2.1 0.05 0.0093201 0.904191 
2.15 0.05 0.01004 0.910566 
2.2 0.05 0.0104132 0.917576 
2.25 0.05 0.0104221 0.92505 
2.3 0.05 0.0100592 0.932777 
2.35 0.05 0.00932778 0.940489 
2.4 0.05 0.00824398 0.947863 
2.45 0.05 0.00683818 0.954521 
2.5 0.05 0.00515652 0.960057 
2.55 0.05 0.00326086 0.964079 
2.6 0.05 0.001227 0.966274 
2.65 0.05 -0.00085949 0.966455 
2.7 0.05 -0.0029091 0.964607 
2.75 0.05 -0.00483509 0.960888 
2.8 0.05 -0.00655959 0.955593 
2.85 0.05 -0.00801806 0.949103 
2.9 0.05 -0.00916155 0.941827 
2.95 0.05 -0.00995695 0.934149 
3 0.05 -0.0103858 0.926404 
3.05 0.05 -0.0104426 0.918867 
3.1 0.05 -0.010133 0.911762 
3.15 0.05 -0.00947286 0.905263 
3.2 0.05 -0.00848754 0.899513 
3.25 0.05 -0.0072114 0.894627 
3.3 0.05 -0.00568774 0.8907 
3.35 0.05 -0.0039681 0.887808 
3.4 0.05 -0.00211116 0.886006 
3.45 0.05 -0.000180936 0.885331 
3.5 0.05 0.00175559 0.885794 
3.55 0.05 0.00363116 0.887388 
3.6 0.05 0.00538102 0.89008 
3.65 0.05 0.00694535 0.893819 
3.7 0.05 0.00827118 0.898532 
3.75 0.05 0.00931366 0.904129 
3.8 0.05 0.0100367 0.910497 
3.85 0.05 0.0104133 0.917502 
3.9 0.05 0.0104259 0.924972 
3.95 0.05 0.0100667 0.932697 
4 0.05 0.00933916 0.940412 
4.05 0.05 0.00825913 0.947792 
4.1 0.05 0.00685687 0.954461 
4.15 0.05 0.00517832 0.960013 
4.2 0.05 0.00328518 0.964058 
4.25 0.05 0.00125304 0.966279 
4.3 0.05 -0.000832663 0.966491 
4.35 0.05 -0.00288253 0.964676 
4.4 0.05 -0.0048099 0.960988 
4.45 0.05 -0.00653696 0.955724 
4.5 0.05 -0.00799929 0.949263 
4.55 0.05 -0.00914819 0.942012 
4.6 0.05 -0.009951 0.934356 
4.65 0.05 -0.01039 0.92663 
4.7 0.05 -0.010461 0.919109 
4.75 0.05 -0.0101716 0.912013 
4.8 0.05 -0.00954065 0.905514 
4.85 0.05 -0.00859814 0.899749 
4.9 0.05 -0.00738652 0.894823 
4.95 0.05 -0.00596091 0.890813 
5 0.05 -0.00437123 0.887757 
0 0.1 -0.0207065 0.782673 
0.05 0.1 -0.0145847 0.776651 
0.1 0.1 -0.00789201 0.772909 
0.15 0.1 -0.00095676 0.771509 
0.2 0.1 0.00596486 0.772445 
0.25 0.1 0.0126381 0.775672 
0.3 0.1 0.0188413 0.78111 
0.35 0.1 0.02437 0.788641 
0.4 0.1 0.0290422 0.798115 
0.45 0.1 0.0327032 0.809347 
0.5 0.1 0.0352285 0.822112 
0.55 0.1 0.0365258 0.836142 
0.6 0.1 0.0365362 0.851101 
0.65 0.1 0.0352371 0.866575 
0.7 0.1 0.0326455 0.882037 
0.75 0.1 0.0288232 0.89684 
0.8 0.1 0.0238818 0.910227 
0.85 0.1 0.0179862 0.921373 
0.9 0.1 0.0113538 0.929479 
0.95 0.1 0.00424748 0.933897 
1 0.1 -0.00303803 0.934245 
1.05 0.1 -0.0101955 0.930494 
1.1 0.1 -0.0169267 0.922969 
1.15 0.1 -0.0229623 0.912284 
1.2 0.1 -0.0280768 0.899221 
1.25 0.1 -0.0320965 0.884608 
1.3 0.1 -0.0349013 0.86922 
1.35 0.1 -0.036422 0.853723 
1.4 0.1 -0.0366348 0.838663 
1.45 0.1 -0.0355573 0.824474 
1.5 0.1 -0.0332436 0.811502 
1.55 0.1 -0.0297828 0.800025 
1.6 0.1 -0.0252968 0.790275 
1.65 0.1 -0.0199392 0.782439 
1.7 0.1 -0.0138926 0.77667 
1.75 0.1 -0.0073643 0.773083 
1.8 0.1 -0.00058002 0.771748 
1.85 0.1 0.00622451 0.772694 
1.9 0.1 0.0128127 0.775901 
1.95 0.1 0.0189566 0.781304 
2 0.1 0.0244454 0.788797 
2.05 0.1 0.0290917 0.798233 
2.1 0.1 0.0327369 0.80943 
2.15 0.1 0.0352536 0.822164 
2.2 0.1 0.0365471 0.836167 
2.25 0.1 0.036557 0.851106 
2.3 0.1 0.0352594 0.866563 
2.35 0.1 0.0326706 0.882014 
2.4 0.1 0.0288516 0.896813 
2.45 0.1 0.0239136 0.9102 
2.5 0.1 0.0180208 0.921353 
2.55 0.1 0.0113904 0.929471 
2.6 0.1 0.00428478 0.933905 
2.65 0.1 -0.00300141 0.934271 
2.7 0.1 -0.010161 0.930538 
2.75 0.1 -0.0168959 0.92303 
2.8 0.1 -0.0229365 0.912358 
2.85 0.1 -0.0280572 0.899304 
2.9 0.1 -0.032084 0.884697 
2.95 0.1 -0.0348966 0.86931 
3 0.1 -0.0364254 0.853812 
3.05 0.1 -0.0366467 0.838748 
3.1 0.1 -0.0355775 0.824552 
3.15 0.1 -0.0332719 0.811571 
3.2 0.1 -0.0298186 0.800084 
3.25 0.1 -0.0253393 0.79032 
3.3 0.1 -0.0199872 0.78247 
3.35 0.1 -0.0139449 0.776686 
3.4 0.1 -0.00741922 0.773081 
3.45 0.1 -0.000635782 0.771729 
3.5 0.1 0.0061698 0.772657 
3.55 0.1 0.012761 0.775845 
3.6 0.1 0.0189098 0.78123 
3.65 0.1 0.0244051 0.788705 
3.7 0.1 0.0290598 0.798125 
3.75 0.1 0.0327148 0.809306 
3.8 0.1 0.0352425 0.822027 
3.85 0.1 0.036548 0.836019 
3.9 0.1 0.0365707 0.85095 
3.95 0.1 0.0352865 0.866404 
4 0.1 0.0327111 0.881859 
4.05 0.1 0.0289052 0.896669 
4.1 0.1 0.0239793 0.910078 
4.15 0.1 0.0180972 0.921264 
4.2 0.1 0.0114753 0.929427 
4.25 0.1 0.00437548 0.933914 
4.3 0.1 -0.00290818 0.934342 
4.35 0.1 -0.0100689 0.930673 
4.4 0.1 -0.0168086 0.923229 
4.45 0.1 -0.0228583 0.912617 
4.5 0.1 -0.0279925 0.89962 
4.55 0.1 -0.0320381 0.885062 
4.6 0.1 -0.0348762 0.869719 
4.65 0.1 -0.0364396 0.854258 
4.7 0.1 -0.0367078 0.839223 
4.75 0.1 -0.0357028 0.825044 
4.8 0.1 -0.0334847 0.812061 
4.85 0.1 -0.0301482 0.800539 
4.9 0.1 -0.0258162 0.790688 
4.95 0.1 -0.0206206 0.782673 
5 0.1 -0.0146433 0.776651 
0 0.15 -0.040373 0.679646 
0.05 0.15 -0.0284227 0.670807 
0.1 0.15 -0.0153534 0.665267 
0.15 0.15 -0.00175112 0.663175 
0.2 0.15 0.0118662 0.664547 
0.25 0.15 0.0250171 0.669324 
0.3 0.15 0.0372511 0.677384 
0.35 0.15 0.0481557 0.688545 
0.4 0.15 0.0573663 0.702575 
0.45 0.15 0.0645741 0.71919 
0.5 0.15 0.0695319 0.738058 
0.55 0.15 0.0720578 0.758778 
0.6 0.15 0.0720388 0.780867 
0.65 0.15 0.0694352 0.803717 
0.7 0.15 0.0642872 0.826564 
0.75 0.15 0.0567238 0.84846 
0.8 0.15 0.0469712 0.868286 
0.85 0.15 0.0353577 0.884816 
0.9 0.15 0.022311 0.896852 
0.95 0.15 0.00834445 0.903417 
1 0.15 -0.00596963 0.903934 
1.05 0.15 -0.0200355 0.898359 
1.1 0.15 -0.0332741 0.887183 
1.15 0.15 -0.0451603 0.871333 
1.2 0.15 -0.0552512 0.851981 
1.25 0.15 -0.0632014 0.830361 
1.3 0.15 -0.0687686 0.807617 
1.35 0.15 -0.0718089 0.784729 
1.4 0.15 -0.0722688 0.762489 
1.45 0.15 -0.0701769 0.741529 
1.5 0.15 -0.0656368 0.722353 
1.55 0.15 -0.0588224 0.70537 
1.6 0.15 -0.0499743 0.690923 
1.65 0.15 -0.0393971 0.679299 
1.7 0.15 -0.0274529 0.670732 
1.75 0.15 -0.0145534 0.6654 
1.8 0.15 -0.00114598 0.663416 
1.85 0.15 0.0123016 0.664823 
1.9 0.15 0.0253201 0.66959 
1.95 0.15 0.0374573 0.677615 
2 0.15 0.0482946 0.688733 
2.05 0.15 0.0574607 0.702716 
2.1 0.15 0.0646409 0.719288 
2.15 0.15 0.0695834 0.738116 
2.2 0.15 0.0721026 0.758803 
2.25 0.15 0.0720827 0.780864 
2.3 0.15 0.0694821 0.803693 
2.35 0.15 0.0643393 0.826526 
2.4 0.15 0.0567821 0.848416 
2.45 0.15 0.0470357 0.868245 
2.5 0.15 0.0354273 0.884785 
2.55 0.15 0.0223841 0.89684 
2.6 0.15 0.00841863 0.903428 
2.65 0.15 -0.00589707 0.903973 
2.7 0.15 -0.0199674 0.898425 
2.75 0.15 -0.0332134 0.887274 
2.8 0.15 -0.0451096 0.871443 
2.85 0.15 -0.0552126 0.852105 
2.9 0.15 -0.063177 0.830493 
2.95 0.15 -0.0687595 0.807752 
3 0.15 -0.071816 0.784861 
3.05 0.15 -0.0722926 0.762615 
3.1 0.15 -0.0702173 0.741646 
3.15 0.15 -0.0656932 0.722456 
3.2 0.15 -0.0588936 0.705458 
3.25 0.15 -0.0500588 0.690992 
3.3 0.15 -0.0394925 0.679347 
3.35 0.15 -0.0275567 0.670757 
3.4 0.15 -0.0146622 0.6654 
3.45 0.15 -0.00125633 0.663389 
3.5 0.15 0.0121934 0.664769 
3.55 0.15 0.025218 0.669508 
3.6 0.15 0.037365 0.677507 
3.65 0.15 0.0482156 0.688598 
3.7 0.15 0.0573983 0.702557 
3.75 0.15 0.0645979 0.719107 
3.8 0.15 0.0695622 0.737915 
3.85 0.15 0.0721053 0.758585 
3.9 0.15 0.0721108 0.780635 
3.95 0.15 0.0695363 0.803459 
4 0.15 0.0644198 0.826296 
4.05 0.15 0.056888 0.848204 
4.1 0.15 0.0471651 0.868064 
4.15 0.15 0.0355773 0.884652 
4.2 0.15 0.0225504 0.896772 
4.25 0.15 0.00859591 0.90344 
4.3 0.15 -0.00571506 0.904074 
4.35 0.15 -0.0197875 0.89862 
4.4 0.15 -0.033043 0.887563 
4.45 0.15 -0.0449564 0.871819 
4.5 0.15 -0.0550849 0.852561 
4.55 0.15 -0.0630841 0.831019 
4.6 0.15 -0.0687132 0.808338 
4.65 0.15 -0.071831 0.785498 
4.7 0.15 -0.0723886 0.763289 
4.75 0.15 -0.0704198 0.742339 
4.8 0.15 -0.0660333 0.723139 
4.85 0.15 -0.0594042 0.706085 
4.9 0.15 -0.050761 0.691496 
4.95 0.15 -0.0403593 0.679646 
5 0.15 -0.0284301 0.670807 
0 0.2 -0.062268 0.586704 
0.05 0.2 -0.0437499 0.575306 
0.1 0.2 -0.0235489 0.568132 
0.15 0.2 -0.00249921 0.565403 
0.2 0.2 0.0186051 0.567175 
0.25 0.2 0.0390063 0.573379 
0.3 0.2 0.0579925 0.583849 
0.35 0.2 0.0749125 0.598334 
0.4 0.2 0.0891926 0.61651 
0.45 0.2 0.100349 0.637994 
0.5 0.2 0.107998 0.662341 
0.55 0.2 0.11186 0.689032 
0.6 0.2 0.111764 0.717446 
0.65 0.2 0.107657 0.746815 
0.7 0.2 0.0996121 0.776168 
0.75 0.2 0.0878389 0.804301 
0.8 0.2 0.072696 0.829782 
0.85 0.2 0.0546965 0.851037 
0.9 0.2 0.034502 0.866522 
0.95 0.2 0.0129008 0.874971 
1 0.2 -0.00923128 0.875636 
1.05 0.2 -0.0309842 0.86846 
1.1 0.2 -0.0514725 0.85408 
1.15 0.2 -0.0698903 0.833695 
1.2 0.2 -0.085553 0.808819 
1.25 0.2 -0.0979224 0.781038 
1.3 0.2 -0.106615 0.751815 
1.35 0.2 -0.111397 0.722395 
1.4 0.2 -0.112177 0.693785 
1.45 0.2 -0.108988 0.666784 
1.5 0.2 -0.101985 0.642035 
1.55 0.2 -0.091434 0.62007 
1.6 0.2 -0.077706 0.60134 
1.65 0.2 -0.0612748 0.586235 
1.7 0.2 -0.0427056 0.575081 
1.75 0.2 -0.0226414 0.568129 
1.8 0.2 -0.00178249 0.56554 
1.85 0.2 0.0191393 0.567376 
1.9 0.2 0.0393896 0.573593 
1.95 0.2 0.0582609 0.584046 
2 0.2 0.0750989 0.598497 
2.05 0.2 0.0893239 0.616633 
2.1 0.2 0.100446 0.638076 
2.15 0.2 0.108077 0.662384 
2.2 0.2 0.11193 0.689041 
2.25 0.2 0.111835 0.717426 
2.3 0.2 0.107733 0.746773 
2.35 0.2 0.0996964 0.776111 
2.4 0.2 0.0879325 0.804239 
2.45 0.2 0.0727987 0.829725 
2.5 0.2 0.0548067 0.850996 
2.55 0.2 0.0346169 0.866506 
2.6 0.2 0.013017 0.874986 
2.65 0.2 -0.00911804 0.875687 
2.7 0.2 -0.0308783 0.868546 
2.75 0.2 -0.0513782 0.854198 
2.8 0.2 -0.0698116 0.833837 
2.85 0.2 -0.0854933 0.80898 
2.9 0.2 -0.0978846 0.781209 
2.95 0.2 -0.106601 0.751989 
3 0.2 -0.111409 0.722567 
3.05 0.2 -0.112214 0.693949 
3.1 0.2 -0.109052 0.666936 
3.15 0.2 -0.102074 0.642171 
3.2 0.2 -0.0915454 0.620186 
3.25 0.2 -0.077838 0.601432 
3.3 0.2 -0.0614239 0.5863 
3.35 0.2 -0.0428675 0.575116 
3.4 0.2 -0.0228111 0.568131 
3.45 0.2 -0.0019544 0.565507 
3.5 0.2 0.018971 0.567308 
3.55 0.2 0.039231 0.573489 
3.6 0.2 0.0581177 0.583907 
3.65 0.2 0.0749766 0.598325 
3.7 0.2 0.0892276 0.61643 
3.75 0.2 0.100381 0.637844 
3.8 0.2 0.108045 0.662126 
3.85 0.2 0.111936 0.688762 
3.9 0.2 0.111879 0.717134 
3.95 0.2 0.107818 0.746474 
4 0.2 0.0998217 0.775819 
4.05 0.2 0.0880967 0.803968 
4.1 0.2 0.0729988 0.829494 
4.15 0.2 0.0550378 0.850825 
4.2 0.2 0.0348726 0.866418 
4.25 0.2 0.0132891 0.874998 
4.3 0.2 -0.0088388 0.875813 
4.35 0.2 -0.0306021 0.868791 
4.4 0.2 -0.0511158 0.85456 
4.45 0.2 -0.0695739 0.834309 
4.5 0.2 -0.0852918 0.809549 
4.55 0.2 -0.0977319 0.781862 
4.6 0.2 -0.106512 0.752712 
4.65 0.2 -0.111401 0.723345 
4.7 0.2 -0.112309 0.694765 
4.75 0.2 -0.109276 0.667766 
4.8 0.2 -0.102458 0.642981 
4.85 0.2 -0.0921143 0.620925 
4.9 0.2 -0.0785952 0.602037 
4.95 0.2 -0.0623151 0.586704 
5 0.2 -0.0437146 0.575306 
0 0.25 -0.0841389 0.50775 
0.05 0.25 -0.0589968 0.494104 
0.1 0.25 -0.0316281 0.485493 
0.15 0.25 -0.00310152 0.482207 
0.2 0.25 0.0255196 0.484341 
0.25 0.25 0.0532002 0.49182 
0.3 0.25 0.0789612 0.504427 
0.35 0.25 0.101907 0.521824 
0.4 0.25 0.121251 0.543584 
0.45 0.25 0.136333 0.569208 
0.5 0.25 0.146633 0.598143 
0.55 0.25 0.151778 0.629759 
0.6 0.25 0.151546 0.663322 
0.65 0.25 0.145878 0.697936 
0.7 0.25 0.134886 0.732476 
0.75 0.25 0.118869 0.765543 
0.8 0.25 0.0983208 0.79547 
0.85 0.25 0.073942 0.820423 
0.9 0.25 0.0466257 0.838597 
0.95 0.25 0.0174298 0.848511 
1 0.25 -0.0124748 0.849292 
1.05 0.25 -0.0418733 0.840869 
1.1 0.25 -0.0695824 0.823992 
1.15 0.25 -0.0945215 0.80006 
1.2 0.25 -0.115767 0.770844 
1.25 0.25 -0.132587 0.738192 
1.3 0.25 -0.144452 0.703807 
1.35 0.25 -0.151032 0.669137 
1.4 0.25 -0.152188 0.635348 
1.45 0.25 -0.147953 0.60337 
1.5 0.25 -0.138525 0.573959 
1.55 0.25 -0.124255 0.547757 
1.6 0.25 -0.105643 0.525326 
1.65 0.25 -0.0833326 0.507167 
1.7 0.25 -0.0580931 0.493713 
1.75 0.25 -0.0308039 0.485306 
1.8 0.25 -0.00242463 0.482171 
1.85 0.25 0.0260409 0.484395 
1.9 0.25 0.0535854 0.491916 
1.95 0.25 0.0792389 0.50453 
2 0.25 0.102107 0.521915 
2.05 0.25 0.121398 0.54365 
2.1 0.25 0.136448 0.569246 
2.15 0.25 0.146731 0.598151 
2.2 0.25 0.151871 0.629738 
2.25 0.25 0.151643 0.663277 
2.3 0.25 0.145984 0.697872 
2.35 0.25 0.135004 0.7324 
2.4 0.25 0.118999 0.765465 
2.45 0.25 0.0984632 0.795401 
2.5 0.25 0.074094 0.820373 
2.55 0.25 0.0467836 0.838578 
2.6 0.25 0.0175888 0.84853 
2.65 0.25 -0.0123203 0.849353 
2.7 0.25 -0.0417291 0.840972 
2.75 0.25 -0.0694542 0.824132 
2.8 0.25 -0.0944146 0.80023 
2.85 0.25 -0.115686 0.771035 
2.9 0.25 -0.132536 0.738395 
2.95 0.25 -0.144433 0.704016 
3 0.25 -0.151048 0.669343 
3.05 0.25 -0.15224 0.635546 
3.1 0.25 -0.14804 0.603554 
3.15 0.25 -0.138645 0.574125 
3.2 0.25 -0.124407 0.5479 
3.25 0.25 -0.105823 0.525441 
3.3 0.25 -0.0835362 0.50725 
3.35 0.25 -0.058314 0.493759 
3.4 0.25 -0.0310353 0.485313 
3.45 0.25 -0.00265885 0.482136 
3.5 0.25 0.0258119 0.484317 
3.55 0.25 0.0533698 0.491795 
3.6 0.25 0.0790447 0.504367 
3.65 0.25 0.101941 0.521712 
3.7 0.25 0.121268 0.543411 
3.75 0.25 0.136359 0.568973 
3.8 0.25 0.14669 0.597848 
3.85 0.25 0.15188 0.629413 
3.9 0.25 0.151705 0.662936 
3.95 0.25 0.1461 0.697525 
4 0.25 0.135174 0.73206 
4.05 0.25 0.119221 0.765149 
4.1 0.25 0.0987326 0.795132 
4.15 0.25 0.0744043 0.820175 
4.2 0.25 0.0471262 0.838476 
4.25 0.25 0.0179531 0.848544 
4.3 0.25 -0.0119465 0.849498 
4.35 0.25 -0.0413587 0.841253 
4.4 0.25 -0.0691006 0.824546 
4.45 0.25 -0.0940909 0.800766 
4.5 0.25 -0.115406 0.771678 
4.55 0.25 -0.132312 0.739129 
4.6 0.25 -0.14428 0.704821 
4.65 0.25 -0.150983 0.6702 
4.7 0.25 -0.152281 0.636434 
4.75 0.25 -0.14821 0.604447 
4.8 0.25 -0.138963 0.574989 
4.85 0.25 -0.124884 0.548691 
4.9 0.25 -0.106446 0.526108 
4.95 0.25 -0.0842366 0.50775 
5 0.25 -0.0589266 0.494104 
0 0.3 -0.104238 0.444361 
0.05 0.3 -0.0729581 0.428734 
0.1 0.3 -0.0389563 0.418847 
0.15 0.3 -0.00351436 0.415072 
0.2 0.3 0.0320566 0.417545 
0.25 0.3 0.0664624 0.426179 
0.3 0.3 0.098472 0.440684 
0.35 0.3 0.12696 0.460608 
0.4 0.3 0.150939 0.485391 
0.45 0.3 0.169589 0.5144 
0.5 0.3 0.182268 0.54696 
0.55 0.3 0.188521 0.58234 
0.6 0.3 0.188091 0.619716 
0.65 0.3 0.18092 0.658104 
0.7 0.3 0.167166 0.69628 
0.75 0.3 0.147215 0.732732 
0.8 0.3 0.121694 0.765654 
0.85 0.3 0.0914751 0.793059 
0.9 0.3 0.0576609 0.812997 
0.95 0.3 0.0215497 0.823865 
1 0.3 -0.0154269 0.82472 
1.05 0.3 -0.0517856 0.815487 
1.1 0.3 -0.0860801 0.796973 
1.15 0.3 -0.116985 0.770692 
1.2 0.3 -0.143362 0.738559 
1.25 0.3 -0.164299 0.702575 
1.3 0.3 -0.179129 0.664583 
1.35 0.3 -0.187427 0.626149 
1.4 0.3 -0.189 0.58854 
1.45 0.3 -0.18387 0.552774 
1.5 0.3 -0.172266 0.519695 
1.55 0.3 -0.154612 0.490044 
1.6 0.3 -0.131521 0.4645 
1.65 0.3 -0.103788 0.443698 
1.7 0.3 -0.0723757 0.428207 
1.75 0.3 -0.0383844 0.418491 
1.8 0.3 -0.00302075 0.414861 
1.85 0.3 0.0324515 0.417437 
1.9 0.3 0.0667641 0.426134 
1.95 0.3 0.0986975 0.44067 
2 0.3 0.127129 0.460604 
2.05 0.3 0.151072 0.485382 
2.1 0.3 0.169703 0.514379 
2.15 0.3 0.182374 0.546922 
2.2 0.3 0.188631 0.582284 
2.25 0.3 0.18821 0.619643 
2.3 0.3 0.181053 0.658017 
2.35 0.3 0.167315 0.696187 
2.4 0.3 0.147381 0.732641 
2.45 0.3 0.121875 0.765576 
2.5 0.3 0.0916668 0.793005 
2.55 0.3 0.0578592 0.812978 
2.6 0.3 0.0217488 0.823889 
2.65 0.3 -0.0152339 0.824791 
2.7 0.3 -0.0516057 0.815603 
2.75 0.3 -0.0859204 0.797131 
2.8 0.3 -0.116852 0.770883 
2.85 0.3 -0.143262 0.738775 
2.9 0.3 -0.164236 0.702805 
2.95 0.3 -0.179106 0.664819 
3 0.3 -0.187447 0.626383 
3.05 0.3 -0.189064 0.588767 
3.1 0.3 -0.183978 0.552987 
3.15 0.3 -0.172417 0.519889 
3.2 0.3 -0.154802 0.490212 
3.25 0.3 -0.131746 0.464637 
3.3 0.3 -0.104043 0.443799 
3.35 0.3 -0.0726516 0.428267 
3.4 0.3 -0.0386733 0.418505 
3.45 0.3 -0.00331304 0.414826 
3.5 0.3 0.032166 0.417352 
3.55 0.3 0.0664956 0.426 
3.6 0.3 0.0984561 0.440488 
3.65 0.3 0.126924 0.460378 
3.7 0.3 0.150912 0.485115 
3.75 0.3 0.169594 0.514076 
3.8 0.3 0.182324 0.546588 
3.85 0.3 0.188643 0.581926 
3.9 0.3 0.188287 0.619269 
3.95 0.3 0.181197 0.657638 
4 0.3 0.167525 0.695817 
4.05 0.3 0.147654 0.732299 
4.1 0.3 0.122206 0.765285 
4.15 0.3 0.0920472 0.792792 
4.2 0.3 0.0582785 0.812868 
4.25 0.3 0.0221941 0.823904 
4.3 0.3 -0.0147767 0.824946 
4.35 0.3 -0.0511515 0.815903 
4.4 0.3 -0.085484 0.797571 
4.45 0.3 -0.116448 0.77145 
4.5 0.3 -0.142902 0.73945 
4.55 0.3 -0.163933 0.703567 
4.6 0.3 -0.178872 0.665647 
4.65 0.3 -0.187293 0.627255 
4.7 0.3 -0.189001 0.589658 
4.75 0.3 -0.184017 0.553873 
4.8 0.3 -0.172563 0.520739 
4.85 0.3 -0.155051 0.490994 
4.9 0.3 -0.132072 0.465319 
4.95 0.3 -0.104376 0.444361 
5 0.3 -0.0728598 0.428734 
0 0.35 -0.121236 0.395638 
0.05 0.35 -0.0847265 0.378183 
0.1 0.35 -0.0450702 0.367103 
0.15 0.35 -0.00373262 0.362875 
0.2 0.35 0.0377603 0.365687 
0.25 0.35 0.0778879 0.375422 
0.3 0.35 0.115199 0.39169 
0.35 0.35 0.148366 0.413885 
0.4 0.35 0.176232 0.441268 
0.45 0.35 0.197842 0.473041 
0.5 0.35 0.212455 0.508386 
0.55 0.35 0.219559 0.546467 
0.6 0.35 0.218872 0.586389 
0.65 0.35 0.210353 0.627117 
0.7 0.35 0.194207 0.667393 
0.75 0.35 0.170904 0.705668 
0.8 0.35 0.141186 0.740105 
0.85 0.35 0.106072 0.768683 
0.9 0.35 0.0668366 0.789429 
0.95 0.35 0.0249726 0.800721 
1 0.35 -0.0178811 0.801608 
1.05 0.35 -0.0600281 0.792015 
1.1 0.35 -0.0998132 0.772755 
1.15 0.35 -0.135714 0.745359 
1.2 0.35 -0.166416 0.711764 
1.25 0.35 -0.190855 0.674002 
1.3 0.35 -0.208242 0.63395 
1.35 0.35 -0.218065 0.593206 
1.4 0.35 -0.220073 0.553074 
1.45 0.35 -0.21427 0.514618 
1.5 0.35 -0.200898 0.47875 
1.55 0.35 -0.180433 0.446308 
1.6 0.35 -0.153578 0.418109 
1.65 0.35 -0.121254 0.394952 
1.7 0.35 -0.0845863 0.377585 
1.75 0.35 -0.0448703 0.366635 
1.8 0.35 -0.0035306 0.362533 
1.85 0.35 0.0379376 0.365446 
1.9 0.35 0.0780336 0.375254 
1.95 0.35 0.115317 0.391568 
2 0.35 0.148465 0.413789 
2.05 0.35 0.176324 0.441184 
2.1 0.35 0.197934 0.472959 
2.15 0.35 0.212556 0.5083 
2.2 0.35 0.219675 0.546374 
2.25 0.35 0.219007 0.586289 
2.3 0.35 0.210508 0.627012 
2.35 0.35 0.194383 0.667287 
2.4 0.35 0.1711 0.705569 
2.45 0.35 0.1414 0.740022 
2.5 0.35 0.106298 0.768629 
2.55 0.35 0.0670699 0.789412 
2.6 0.35 0.0252061 0.800749 
2.65 0.35 -0.0176552 0.801686 
2.7 0.35 -0.0598179 0.792141 
2.75 0.35 -0.0996267 0.772925 
2.8 0.35 -0.135559 0.745564 
2.85 0.35 -0.166298 0.711996 
2.9 0.35 -0.19078 0.67425 
2.95 0.35 -0.208215 0.634206 
3 0.35 -0.218088 0.593463 
3.05 0.35 -0.220148 0.553324 
3.1 0.35 -0.214396 0.514856 
3.15 0.35 -0.201074 0.478969 
3.2 0.35 -0.180655 0.446501 
3.25 0.35 -0.153841 0.418269 
3.3 0.35 -0.121552 0.395073 
3.35 0.35 -0.0849094 0.377659 
3.4 0.35 -0.0452087 0.366658 
3.45 0.35 -0.00387279 0.362501 
3.5 0.35 0.0376037 0.365357 
3.55 0.35 0.07772 0.375109 
3.6 0.35 0.115035 0.391371 
3.65 0.35 0.148227 0.413544 
3.7 0.35 0.176138 0.440897 
3.75 0.35 0.197809 0.472636 
3.8 0.35 0.212499 0.507946 
3.85 0.35 0.21969 0.545998 
3.9 0.35 0.219097 0.585898 
3.95 0.35 0.210675 0.626618 
4 0.35 0.194626 0.666905 
4.05 0.35 0.171415 0.705218 
4.1 0.35 0.14178 0.739726 
4.15 0.35 0.106734 0.768412 
4.2 0.35 0.0675495 0.789301 
4.25 0.35 0.0257152 0.800766 
4.3 0.35 -0.017132 0.801844 
4.35 0.35 -0.0592966 0.792444 
4.4 0.35 -0.0991223 0.773366 
4.45 0.35 -0.135085 0.746127 
4.5 0.35 -0.165865 0.712661 
4.55 0.35 -0.190397 0.674993 
4.6 0.35 -0.207888 0.635003 
4.65 0.35 -0.21782 0.59429 
4.7 0.35 -0.21994 0.554158 
4.75 0.35 -0.214246 0.515672 
4.8 0.35 -0.200972 0.479745 
4.85 0.35 -0.180582 0.447217 
4.9 0.35 -0.153762 0.418909 
4.95 0.35 -0.121407 0.395638 
5 0.35 -0.0846065 0.378183 
0 0.4 -0.134154 0.358921 
0.05 0.4 -0.0936387 0.339688 
0.1 0.4 -0.049642 0.327428 
0.15 0.4 -0.00377469 0.322756 
0.2 0.4 0.0422654 0.32592 
0.25 0.4 0.0867754 0.336764 
0.3 0.4 0.128127 0.35476 
0.35 0.4 0.164834 0.379104 
0.4 0.4 0.195608 0.408832 
0.45 0.4 0.219392 0.442938 
0.5 0.4 0.235381 0.480436 
0.55 0.4 0.243026 0.520376 
0.6 0.4 0.242043 0.5618 
0.65 0.4 0.232412 0.603654 
0.7 0.4 0.21439 0.644694 
0.75 0.4 0.188518 0.683414 
0.8 0.4 0.155632 0.718042 
0.85 0.4 0.116861 0.746643 
0.9 0.4 0.0736053 0.767332 
0.95 0.4 0.0274944 0.778568 
1 0.4 -0.0196908 0.77945 
1.05 0.4 -0.0661089 0.769905 
1.1 0.4 -0.109962 0.750706 
1.15 0.4 -0.149589 0.723304 
1.2 0.4 -0.183548 0.689549 
1.25 0.4 -0.210661 0.651385 
1.3 0.4 -0.230044 0.610621 
1.35 0.4 -0.241105 0.568809 
1.4 0.4 -0.243541 0.52723 
1.45 0.4 -0.237326 0.486963 
1.5 0.4 -0.2227 0.448974 
1.55 0.4 -0.200167 0.414208 
1.6 0.4 -0.170489 0.383641 
1.65 0.4 -0.134681 0.358278 
1.7 0.4 -0.0939922 0.339092 
1.75 0.4 -0.0498726 0.326921 
1.8 0.4 -0.00392366 0.322346 
1.85 0.4 0.0421702 0.325596 
1.9 0.4 0.0867177 0.336508 
1.95 0.4 0.128099 0.354554 
2 0.4 0.164833 0.378932 
2.05 0.4 0.195634 0.408684 
2.1 0.4 0.219446 0.442803 
2.15 0.4 0.235464 0.480309 
2.2 0.4 0.243138 0.520253 
2.25 0.4 0.242184 0.561678 
2.3 0.4 0.232581 0.603534 
2.35 0.4 0.214586 0.64458 
2.4 0.4 0.188738 0.683312 
2.45 0.4 0.155871 0.717961 
2.5 0.4 0.117114 0.746593 
2.55 0.4 0.0738658 0.767321 
2.6 0.4 0.0277545 0.778603 
2.65 0.4 -0.0194396 0.779535 
2.7 0.4 -0.0658754 0.770039 
2.75 0.4 -0.109754 0.750884 
2.8 0.4 -0.149416 0.723519 
2.85 0.4 -0.183417 0.689791 
2.9 0.4 -0.210578 0.651646 
2.95 0.4 -0.230013 0.610892 
3 0.4 -0.241129 0.569082 
3.05 0.4 -0.243623 0.5275 
3.1 0.4 -0.237465 0.487223 
3.15 0.4 -0.222895 0.449216 
3.2 0.4 -0.200414 0.414425 
3.25 0.4 -0.170782 0.383825 
3.3 0.4 -0.135013 0.35842 
3.35 0.4 -0.094352 0.339184 
3.4 0.4 -0.0502494 0.326955 
3.45 0.4 -0.00430456 0.322318 
3.5 0.4 0.0417987 0.325505 
3.55 0.4 0.0863693 0.336356 
3.6 0.4 0.127786 0.354345 
3.65 0.4 0.164569 0.378673 
3.7 0.4 0.195429 0.408381 
3.75 0.4 0.219309 0.442466 
3.8 0.4 0.235401 0.479944 
3.85 0.4 0.243156 0.519868 
3.9 0.4 0.242285 0.561283 
3.95 0.4 0.232766 0.60314 
4 0.4 0.214853 0.644201 
4.05 0.4 0.189082 0.682967 
4.1 0.4 0.156285 0.717672 
4.15 0.4 0.117587 0.746383 
4.2 0.4 0.0743858 0.767215 
4.25 0.4 0.0283061 0.77862 
4.3 0.4 -0.0188723 0.779687 
4.35 0.4 -0.0653082 0.770327 
4.4 0.4 -0.109201 0.7513 
4.45 0.4 -0.148889 0.724046 
4.5 0.4 -0.182923 0.690408 
4.55 0.4 -0.210122 0.652327 
4.6 0.4 -0.229593 0.611611 
4.65 0.4 -0.24074 0.569815 
4.7 0.4 -0.243252 0.528223 
4.75 0.4 -0.237097 0.487916 
4.8 0.4 -0.222507 0.449864 
4.85 0.4 -0.199976 0.415019 
4.9 0.4 -0.170254 0.384364 
4.95 0.4 -0.134348 0.358921 
5 0.4 -0.0935027 0.339688 
0 0.45 -0.142307 0.330795 
0.05 0.45 -0.0992342 0.309807 
0.1 0.45 -0.0524522 0.296368 
0.15 0.45 -0.0036707 0.291256 
0.2 0.45 0.0452922 0.294788 
0.25 0.45 0.0926057 0.306755 
0.3 0.45 0.136518 0.326468 
0.35 0.45 0.175435 0.352887 
0.4 0.45 0.207984 0.384789 
0.45 0.45 0.233048 0.420927 
0.5 0.45 0.249788 0.460123 
0.55 0.45 0.257647 0.501302 
0.6 0.45 0.256353 0.543445 
0.65 0.45 0.245919 0.585497 
0.7 0.45 0.226646 0.62627 
0.75 0.45 0.199133 0.664359 
0.8 0.45 0.164279 0.698139 
0.85 0.45 0.123283 0.725853 
0.9 0.45 0.0776186 0.745801 
0.95 0.45 0.0289857 0.756601 
1 0.45 -0.0207628 0.757447 
1.05 0.45 -0.0697147 0.748275 
1.1 0.45 -0.116 0.729774 
1.15 0.45 -0.157887 0.703246 
1.2 0.45 -0.193861 0.670355 
1.25 0.45 -0.222673 0.632866 
1.3 0.45 -0.243372 0.592434 
1.35 0.45 -0.255309 0.5505 
1.4 0.45 -0.258131 0.508285 
1.45 0.45 -0.251778 0.466856 
1.5 0.45 -0.236473 0.427231 
1.55 0.45 -0.212721 0.390471 
1.6 0.45 -0.181314 0.357733 
1.65 0.45 -0.143319 0.330257 
1.7 0.45 -0.100066 0.309281 
1.75 0.45 -0.0531103 0.295886 
1.8 0.45 -0.00417789 0.290833 
1.85 0.45 0.0449111 0.294425 
1.9 0.45 0.0923289 0.306445 
1.95 0.45 0.136328 0.326203 
2 0.45 0.17532 0.352658 
2.05 0.45 0.207933 0.384589 
2.1 0.45 0.233053 0.420749 
2.15 0.45 0.249843 0.459962 
2.2 0.45 0.257747 0.501154 
2.25 0.45 0.256493 0.543307 
2.3 0.45 0.246096 0.58537 
2.35 0.45 0.226854 0.626154 
2.4 0.45 0.199367 0.664261 
2.45 0.45 0.164535 0.698065 
2.5 0.45 0.123554 0.725811 
2.55 0.45 0.0778968 0.745798 
2.6 0.45 0.029263 0.756643 
2.65 0.45 -0.0204954 0.757538 
2.7 0.45 -0.0694663 0.748413 
2.75 0.45 -0.11578 0.729956 
2.8 0.45 -0.157703 0.703464 
2.85 0.45 -0.193721 0.670603 
2.9 0.45 -0.222584 0.633134 
2.95 0.45 -0.243338 0.592715 
3 0.45 -0.255334 0.550787 
3.05 0.45 -0.258217 0.508572 
3.1 0.45 -0.251925 0.467136 
3.15 0.45 -0.236679 0.427496 
3.2 0.45 -0.212984 0.390712 
3.25 0.45 -0.181626 0.357941 
3.3 0.45 -0.143672 0.330421 
3.35 0.45 -0.10045 0.30939 
3.4 0.45 -0.0535121 0.295931 
3.45 0.45 -0.00458412 0.29081 
3.5 0.45 0.0445152 0.294332 
3.55 0.45 0.091958 0.306285 
3.6 0.45 0.135996 0.325982 
3.65 0.45 0.17504 0.352385 
3.7 0.45 0.207716 0.384275 
3.75 0.45 0.232909 0.420402 
3.8 0.45 0.249778 0.459592 
3.85 0.45 0.257766 0.500769 
3.9 0.45 0.2566 0.542917 
3.95 0.45 0.24629 0.584985 
4 0.45 0.227133 0.625789 
4.05 0.45 0.199726 0.663931 
4.1 0.45 0.164965 0.697792 
4.15 0.45 0.124045 0.725615 
4.2 0.45 0.0784351 0.7457 
4.25 0.45 0.0298336 0.756659 
4.3 0.45 -0.0199081 0.757676 
4.35 0.45 -0.0688771 0.748673 
4.4 0.45 -0.115201 0.730328 
4.45 0.45 -0.157144 0.703931 
4.5 0.45 -0.193185 0.671141 
4.55 0.45 -0.222069 0.633718 
4.6 0.45 -0.242836 0.593319 
4.65 0.45 -0.25483 0.551385 
4.7 0.45 -0.257689 0.509142 
4.75 0.45 -0.251344 0.467662 
4.8 0.45 -0.236011 0.427968 
4.85 0.45 -0.212189 0.391132 
4.9 0.45 -0.180667 0.358321 
4.95 0.45 -0.142517 0.330795 
5 0.45 -0.0990881 0.309807 
0 0.5 -0.145272 0.307889 
0.05 0.5 -0.10123 0.285259 
0.1 0.5 -0.0533718 0.270704 
0.15 0.5 -0.00345405 0.265181 
0.2 0.5 0.0466459 0.269073 
0.25 0.5 0.0950316 0.282117 
0.3 0.5 0.139889 0.303451 
0.35 0.5 0.179575 0.331789 
0.4 0.5 0.212682 0.365637 
0.45 0.5 0.238076 0.403497 
0.5 0.5 0.25492 0.443994 
0.55 0.5 0.262674 0.485923 
0.6 0.5 0.261092 0.528204 
0.65 0.5 0.250221 0.569794 
0.7 0.5 0.2304 0.609578 
0.75 0.5 0.202262 0.646294 
0.8 0.5 0.16674 0.678516 
0.85 0.5 0.125058 0.704725 
0.9 0.5 0.0787034 0.723469 
0.95 0.5 0.029383 0.733577 
1 0.5 -0.0210511 0.734367 
1.05 0.5 -0.0706899 0.725786 
1.1 0.5 -0.117665 0.708414 
1.15 0.5 -0.160239 0.683356 
1.2 0.5 -0.196883 0.65203 
1.25 0.5 -0.226327 0.615957 
1.3 0.5 -0.247586 0.576585 
1.35 0.5 -0.259975 0.535204 
1.4 0.5 -0.263104 0.492947 
1.45 0.5 -0.256876 0.450862 
1.5 0.5 -0.241484 0.410015 
1.55 0.5 -0.217416 0.371586 
1.6 0.5 -0.185457 0.33692 
1.65 0.5 -0.146686 0.307505 
1.7 0.5 -0.102466 0.284849 
1.75 0.5 -0.0544002 0.270292 
1.8 0.5 -0.00427897 0.264784 
1.85 0.5 0.0460052 0.268701 
1.9 0.5 0.0945512 0.281775 
1.95 0.5 0.139546 0.303143 
2 0.5 0.179348 0.331514 
2.05 0.5 0.212552 0.365394 
2.1 0.5 0.238029 0.403283 
2.15 0.5 0.254943 0.443805 
2.2 0.5 0.262757 0.485756 
2.25 0.5 0.261225 0.528056 
2.3 0.5 0.250397 0.569663 
2.35 0.5 0.230611 0.609466 
2.4 0.5 0.202502 0.646203 
2.45 0.5 0.167003 0.678452 
2.5 0.5 0.125336 0.704694 
2.55 0.5 0.0789888 0.723476 
2.6 0.5 0.029667 0.733628 
2.65 0.5 -0.0207775 0.734464 
2.7 0.5 -0.0704359 0.725927 
2.75 0.5 -0.117439 0.708598 
2.8 0.5 -0.160051 0.683575 
2.85 0.5 -0.19674 0.652279 
2.9 0.5 -0.226235 0.616228 
2.95 0.5 -0.24755 0.576872 
3 0.5 -0.26 0.535501 
3.05 0.5 -0.263191 0.493248 
3.1 0.5 -0.257025 0.45116 
3.15 0.5 -0.241694 0.410301 
3.2 0.5 -0.217683 0.37185 
3.25 0.5 -0.185775 0.337151 
3.3 0.5 -0.147048 0.30769 
3.35 0.5 -0.102859 0.284975 
3.4 0.5 -0.0548124 0.270349 
3.45 0.5 -0.00469565 0.264765 
3.5 0.5 0.0455993 0.268606 
3.55 0.5 0.0941714 0.281608 
3.6 0.5 0.139207 0.302912 
3.65 0.5 0.179063 0.331231 
3.7 0.5 0.212332 0.36507 
3.75 0.5 0.237883 0.40293 
3.8 0.5 0.254878 0.443434 
3.85 0.5 0.262777 0.485376 
3.9 0.5 0.261333 0.527676 
3.95 0.5 0.250593 0.569295 
4 0.5 0.230891 0.609121 
4.05 0.5 0.202861 0.645896 
4.1 0.5 0.167432 0.6782 
4.15 0.5 0.125824 0.704514 
4.2 0.5 0.0795232 0.723386 
4.25 0.5 0.0302329 0.733638 
4.3 0.5 -0.0201948 0.734581 
4.35 0.5 -0.0698495 0.726148 
4.4 0.5 -0.11686 0.708911 
4.45 0.5 -0.159483 0.683963 
4.5 0.5 -0.196184 0.652717 
4.55 0.5 -0.225684 0.616691 
4.6 0.5 -0.246989 0.577333 
4.65 0.5 -0.259405 0.535935 
4.7 0.5 -0.262532 0.493634 
4.75 0.5 -0.256264 0.451485 
4.8 0.5 -0.240789 0.410561 
4.85 0.5 -0.21659 0.372055 
4.9 0.5 -0.184458 0.33733 
4.95 0.5 -0.145488 0.307889 
5 0.5 -0.101079 0.285259 
0 0.55 -0.14287 0.287311 
0.05 0.55 -0.099507 0.263337 
0.1 0.55 -0.0523552 0.247861 
0.15 0.55 -0.00315594 0.242003 
0.2 0.55 0.046219 0.246208 
0.25 0.55 0.093876 0.260159 
0.3 0.55 0.138007 0.282836 
0.35 0.55 0.176979 0.312729 
0.4 0.55 0.209404 0.348095 
0.45 0.55 0.234177 0.38721 
0.5 0.55 0.250494 0.428522 
0.55 0.55 0.257853 0.470706 
0.6 0.55 0.256043 0.51263 
0.65 0.55 0.245144 0.553264 
0.7 0.55 0.225519 0.591578 
0.75 0.55 0.197814 0.626465 
0.8 0.55 0.162958 0.656717 
0.85 0.55 0.122152 0.68108 
0.9 0.55 0.0768431 0.698374 
0.95 0.55 0.0286811 0.707654 
1 0.55 -0.0205515 0.708379 
1.05 0.55 -0.0690195 0.700502 
1.1 0.55 -0.114925 0.68449 
1.15 0.55 -0.156591 0.661229 
1.2 0.55 -0.192531 0.631869 
1.25 0.55 -0.2215 0.597663 
1.3 0.55 -0.24252 0.55983 
1.35 0.55 -0.254896 0.519493 
1.4 0.55 -0.258214 0.477691 
1.45 0.55 -0.252344 0.435446 
1.5 0.55 -0.237445 0.393865 
1.55 0.55 -0.213964 0.354239 
1.6 0.55 -0.182653 0.318084 
1.65 0.55 -0.144562 0.287108 
1.7 0.55 -0.101031 0.26307 
1.75 0.55 -0.0536545 0.247544 
1.8 0.55 -0.00422005 0.241653 
1.85 0.55 0.0453776 0.245844 
1.9 0.55 0.0932347 0.259799 
1.95 0.55 0.137539 0.282495 
2 0.55 0.176659 0.312415 
2.05 0.55 0.209209 0.347815 
2.1 0.55 0.234085 0.386965 
2.15 0.55 0.250487 0.42831 
2.2 0.55 0.257916 0.470525 
2.25 0.55 0.256164 0.512476 
2.3 0.55 0.245313 0.553135 
2.35 0.55 0.225726 0.591473 
2.4 0.55 0.198051 0.626385 
2.45 0.55 0.163218 0.656666 
2.5 0.55 0.122426 0.681062 
2.55 0.55 0.0771247 0.698393 
2.6 0.55 0.0289609 0.707714 
2.65 0.55 -0.0202821 0.708481 
2.7 0.55 -0.0687696 0.700647 
2.75 0.55 -0.114703 0.684674 
2.8 0.55 -0.156405 0.661447 
2.85 0.55 -0.192389 0.632117 
2.9 0.55 -0.221408 0.597935 
2.95 0.55 -0.242484 0.560121 
3 0.55 -0.254918 0.519798 
3.05 0.55 -0.258297 0.478003 
3.1 0.55 -0.25249 0.435758 
3.15 0.55 -0.237651 0.394169 
3.2 0.55 -0.214227 0.354522 
3.25 0.55 -0.182967 0.318334 
3.3 0.55 -0.144918 0.287311 
3.35 0.55 -0.101419 0.263211 
3.4 0.55 -0.0540616 0.247611 
3.45 0.55 -0.00463154 0.241639 
3.5 0.55 0.044977 0.245749 
3.55 0.55 0.0928601 0.259626 
3.6 0.55 0.137205 0.282256 
3.65 0.55 0.176379 0.312123 
3.7 0.55 0.208992 0.347485 
3.75 0.55 0.233942 0.386609 
3.8 0.55 0.250424 0.427941 
3.85 0.55 0.257936 0.470153 
3.9 0.55 0.256269 0.51211 
3.95 0.55 0.245502 0.552785 
4 0.55 0.225996 0.591151 
4.05 0.55 0.198396 0.626102 
4.1 0.55 0.163629 0.656436 
4.15 0.55 0.122893 0.680899 
4.2 0.55 0.0776342 0.698308 
4.25 0.55 0.0294997 0.707716 
4.3 0.55 -0.0197273 0.708571 
4.35 0.55 -0.06821 0.70082 
4.4 0.55 -0.114147 0.684918 
4.45 0.55 -0.155855 0.661744 
4.5 0.55 -0.19184 0.632443 
4.55 0.55 -0.220849 0.598263 
4.6 0.55 -0.241895 0.560425 
4.65 0.55 -0.25427 0.520054 
4.7 0.55 -0.257553 0.47819 
4.75 0.55 -0.251606 0.435866 
4.8 0.55 -0.236581 0.394198 
4.85 0.55 -0.212927 0.354493 
4.9 0.55 -0.181403 0.318288 
4.95 0.55 -0.143084 0.287311 
5 0.55 -0.0993579 0.263337 
0 0.6 -0.135173 0.266775 
0.05 0.6 -0.0941187 0.242002 
0.1 0.6 -0.0494399 0.225969 
0.15 0.6 -0.0028024 0.219914 
0.2 0.6 0.0439976 0.224331 
0.25 0.6 0.0891417 0.23886 
0.3 0.6 0.130896 0.262362 
0.35 0.6 0.167703 0.293153 
0.4 0.6 0.198245 0.329311 
0.45 0.6 0.221489 0.368942 
0.5 0.6 0.236693 0.410364 
0.55 0.6 0.243407 0.452167 
0.6 0.6 0.241465 0.493182 
0.65 0.6 0.230971 0.532402 
0.7 0.6 0.212294 0.568878 
0.75 0.6 0.186067 0.601651 
0.8 0.6 0.153177 0.629727 
0.85 0.6 0.114758 0.652104 
0.9 0.6 0.0721638 0.667862 
0.95 0.6 0.026928 0.676276 
1 0.6 -0.0192981 0.676931 
1.05 0.6 -0.0648169 0.669794 
1.1 0.6 -0.107964 0.655218 
1.15 0.6 -0.14718 0.633883 
1.2 0.6 -0.181078 0.606684 
1.25 0.6 -0.208482 0.574616 
1.3 0.6 -0.228461 0.538676 
1.35 0.6 -0.240337 0.499828 
1.4 0.6 -0.243694 0.459017 
1.45 0.6 -0.238378 0.417234 
1.5 0.6 -0.224507 0.375616 
1.55 0.6 -0.202477 0.33553 
1.6 0.6 -0.172978 0.298619 
1.65 0.6 -0.136991 0.266755 
1.7 0.6 -0.0957854 0.241883 
1.75 0.6 -0.0508842 0.225753 
1.8 0.6 -0.00400201 0.219619 
1.85 0.6 0.0430373 0.223985 
1.9 0.6 0.0884011 0.23849 
1.95 0.6 0.130349 0.261994 
2 0.6 0.167322 0.292807 
2.05 0.6 0.198005 0.328999 
2.1 0.6 0.221364 0.36867 
2.15 0.6 0.236662 0.410133 
2.2 0.6 0.243453 0.451974 
2.25 0.6 0.241572 0.493025 
2.3 0.6 0.231127 0.532276 
2.35 0.6 0.212489 0.568781 
2.4 0.6 0.186292 0.601583 
2.45 0.6 0.153424 0.629689 
2.5 0.6 0.115019 0.652099 
2.55 0.6 0.0724309 0.667893 
2.6 0.6 0.0271931 0.676345 
2.65 0.6 -0.0190432 0.677039 
2.7 0.6 -0.0645804 0.66994 
2.75 0.6 -0.107754 0.655401 
2.8 0.6 -0.147004 0.634099 
2.85 0.6 -0.180943 0.60693 
2.9 0.6 -0.208394 0.574887 
2.95 0.6 -0.228425 0.538967 
3 0.6 -0.240357 0.500135 
3.05 0.6 -0.243771 0.459334 
3.1 0.6 -0.238514 0.417555 
3.15 0.6 -0.2247 0.37593 
3.2 0.6 -0.202725 0.335826 
3.25 0.6 -0.173274 0.298882 
3.3 0.6 -0.137328 0.266971 
3.35 0.6 -0.0961536 0.242034 
3.4 0.6 -0.0512706 0.225827 
3.45 0.6 -0.00439269 0.219609 
3.5 0.6 0.042657 0.223889 
3.55 0.6 0.0880458 0.238315 
3.6 0.6 0.130033 0.261752 
3.65 0.6 0.167057 0.292513 
3.7 0.6 0.1978 0.328668 
3.75 0.6 0.221229 0.368317 
3.8 0.6 0.236602 0.409771 
3.85 0.6 0.243471 0.451614 
3.9 0.6 0.24167 0.492676 
3.95 0.6 0.231303 0.531947 
4 0.6 0.21274 0.568482 
4.05 0.6 0.186611 0.601324 
4.1 0.6 0.153802 0.62948 
4.15 0.6 0.115447 0.65195 
4.2 0.6 0.0728969 0.66781 
4.25 0.6 0.027685 0.676333 
4.3 0.6 -0.018537 0.677098 
4.35 0.6 -0.0640693 0.670062 
4.4 0.6 -0.107243 0.655572 
4.45 0.6 -0.146494 0.634301 
4.5 0.6 -0.180427 0.60714 
4.55 0.6 -0.207857 0.575078 
4.6 0.6 -0.227844 0.539114 
4.65 0.6 -0.2397 0.500214 
4.7 0.6 -0.242998 0.459325 
4.75 0.6 -0.23758 0.41745 
4.8 0.6 -0.223557 0.375736 
4.85 0.6 -0.201331 0.335569 
4.9 0.6 -0.1716 0.298617 
4.95 0.6 -0.135376 0.266775 
5 0.6 -0.0939777 0.242002 
0 0.65 -0.122526 0.244579 
0.05 0.65 -0.0853019 0.219808 
0.1 0.65 -0.044755 0.203748 
0.15 0.65 -0.00241323 0.197698 
0.2 0.65 0.0400718 0.202173 
0.25 0.65 0.0810282 0.216789 
0.3 0.65 0.118865 0.240345 
0.35 0.65 0.15216 0.271072 
0.4 0.65 0.179718 0.306959 
0.45 0.65 0.200612 0.346038 
0.5 0.65 0.214187 0.386569 
0.55 0.65 0.22006 0.427109 
0.6 0.65 0.218106 0.466487 
0.65 0.65 0.208445 0.503726 
0.7 0.65 0.191435 0.537959 
0.75 0.65 0.167662 0.56836 
0.8 0.65 0.137939 0.59412 
0.85 0.65 0.10329 0.614455 
0.9 0.65 0.0649297 0.628668 
0.95 0.65 0.0242232 0.636221 
1 0.65 -0.0173618 0.636808 
1.05 0.65 -0.0583194 0.630404 
1.1 0.65 -0.097171 0.61727 
1.15 0.65 -0.132529 0.597907 
1.2 0.65 -0.163149 0.572994 
1.25 0.65 -0.187973 0.543299 
1.3 0.65 -0.20615 0.509632 
1.35 0.65 -0.21705 0.472812 
1.4 0.65 -0.220275 0.433695 
1.45 0.65 -0.215661 0.393235 
1.5 0.65 -0.203286 0.352564 
1.55 0.65 -0.183487 0.313081 
1.6 0.65 -0.156868 0.276483 
1.65 0.65 -0.124308 0.244719 
1.7 0.65 -0.0869577 0.219821 
1.75 0.65 -0.0462081 0.203627 
1.8 0.65 -0.00363421 0.197461 
1.85 0.65 0.0390844 0.201851 
1.9 0.65 0.0802599 0.216419 
1.95 0.65 0.118293 0.239962 
2 0.65 0.151757 0.270705 
2.05 0.65 0.179458 0.306626 
2.1 0.65 0.20047 0.345749 
2.15 0.65 0.214141 0.386326 
2.2 0.65 0.220091 0.426911 
2.25 0.65 0.218198 0.46633 
2.3 0.65 0.208585 0.503605 
2.35 0.65 0.191611 0.537872 
2.4 0.65 0.167866 0.568305 
2.45 0.65 0.138164 0.594096 
2.5 0.65 0.103527 0.614464 
2.55 0.65 0.0651721 0.62871 
2.6 0.65 0.0244636 0.636298 
2.65 0.65 -0.0171309 0.63692 
2.7 0.65 -0.0581052 0.630551 
2.75 0.65 -0.0969806 0.61745 
2.8 0.65 -0.132369 0.598119 
2.85 0.65 -0.163026 0.573234 
2.9 0.65 -0.187892 0.543565 
2.95 0.65 -0.206115 0.509919 
3 0.65 -0.217066 0.473116 
3.05 0.65 -0.220343 0.434011 
3.1 0.65 -0.215782 0.393555 
3.15 0.65 -0.20346 0.35288 
3.2 0.65 -0.183711 0.31338 
3.25 0.65 -0.157136 0.276751 
3.3 0.65 -0.124614 0.244939 
3.35 0.65 -0.0872921 0.219976 
3.4 0.65 -0.0465592 0.203706 
3.45 0.65 -0.00398931 0.197454 
3.5 0.65 0.0387388 0.201758 
3.55 0.65 0.0799372 0.216247 
3.6 0.65 0.118006 0.239723 
3.65 0.65 0.151516 0.270415 
3.7 0.65 0.179273 0.306302 
3.75 0.65 0.200348 0.345406 
3.8 0.65 0.214086 0.385978 
3.85 0.65 0.220106 0.426568 
3.9 0.65 0.218284 0.466001 
3.95 0.65 0.208741 0.5033 
4 0.65 0.191833 0.537597 
4.05 0.65 0.168148 0.568069 
4.1 0.65 0.138497 0.593905 
4.15 0.65 0.103903 0.614325 
4.2 0.65 0.0655797 0.628627 
4.25 0.65 0.0248926 0.636271 
4.3 0.65 -0.0166901 0.636946 
4.35 0.65 -0.0576599 0.630622 
4.4 0.65 -0.0965345 0.617551 
4.45 0.65 -0.13192 0.598232 
4.5 0.65 -0.162567 0.573335 
4.55 0.65 -0.187406 0.54363 
4.6 0.65 -0.205578 0.509923 
4.65 0.65 -0.216445 0.473036 
4.7 0.65 -0.2196 0.43383 
4.75 0.65 -0.214872 0.393267 
4.8 0.65 -0.20234 0.352495 
4.85 0.65 -0.182342 0.312933 
4.9 0.65 -0.155495 0.276304 
4.95 0.65 -0.122707 0.244579 
5 0.65 -0.0851758 0.219808 
0 0.7 -0.105577 0.219546 
0.05 0.7 -0.073503 0.195784 
0.1 0.7 -0.0385336 0.180365 
0.15 0.7 -0.00200258 0.17457 
0.2 0.7 0.0346473 0.178905 
0.25 0.7 0.0699564 0.192985 
0.3 0.7 0.102539 0.21562 
0.35 0.7 0.131162 0.245062 
0.4 0.7 0.154796 0.279327 
0.45 0.7 0.172652 0.316482 
0.5 0.7 0.18418 0.354822 
0.55 0.7 0.189071 0.392938 
0.6 0.7 0.187238 0.4297 
0.65 0.7 0.178803 0.464186 
0.7 0.7 0.164092 0.495612 
0.75 0.7 0.143621 0.52327 
0.8 0.7 0.118095 0.546501 
0.85 0.7 0.0883918 0.564698 
0.9 0.7 0.055547 0.577338 
0.95 0.7 0.0207189 0.584028 
1 0.7 -0.0148517 0.584546 
1.05 0.7 -0.0498921 0.578877 
1.1 0.7 -0.0831521 0.567205 
1.15 0.7 -0.113455 0.549898 
1.2 0.7 -0.139743 0.527459 
1.25 0.7 -0.161107 0.500483 
1.3 0.7 -0.176811 0.469619 
1.35 0.7 -0.186303 0.435566 
1.4 0.7 -0.189223 0.39909 
1.45 0.7 -0.18541 0.361086 
1.5 0.7 -0.174912 0.322647 
1.55 0.7 -0.157995 0.285135 
1.6 0.7 -0.135166 0.250214 
1.65 0.7 -0.107172 0.2198 
1.7 0.7 -0.0750037 0.195897 
1.75 0.7 -0.039867 0.180323 
1.8 0.7 -0.00313555 0.174387 
1.85 0.7 0.0337224 0.178614 
1.9 0.7 0.0692312 0.192629 
1.95 0.7 0.101996 0.215239 
2 0.7 0.130777 0.24469 
2.05 0.7 0.154545 0.278989 
2.1 0.7 0.172511 0.316189 
2.15 0.7 0.184129 0.354578 
2.2 0.7 0.189091 0.392742 
2.25 0.7 0.187314 0.429548 
2.3 0.7 0.178923 0.464074 
2.35 0.7 0.164244 0.495536 
2.4 0.7 0.143798 0.523227 
2.45 0.7 0.118289 0.546489 
2.5 0.7 0.0885967 0.564717 
2.55 0.7 0.0557561 0.577388 
2.6 0.7 0.0209259 0.584109 
2.65 0.7 -0.0146529 0.584659 
2.7 0.7 -0.0497077 0.579021 
2.75 0.7 -0.0829882 0.567379 
2.8 0.7 -0.113318 0.5501 
2.85 0.7 -0.139637 0.527688 
2.9 0.7 -0.161037 0.500736 
2.95 0.7 -0.17678 0.469893 
3 0.7 -0.186315 0.435857 
3.05 0.7 -0.189281 0.399393 
3.1 0.7 -0.185514 0.361395 
3.15 0.7 -0.17506 0.322952 
3.2 0.7 -0.158187 0.285424 
3.25 0.7 -0.135397 0.250474 
3.3 0.7 -0.107436 0.220014 
3.35 0.7 -0.0752919 0.19605 
3.4 0.7 -0.04017 0.180401 
3.45 0.7 -0.00344214 0.174382 
3.5 0.7 0.0334241 0.178527 
3.55 0.7 0.0689528 0.192465 
3.6 0.7 0.101748 0.215012 
3.65 0.7 0.130569 0.244415 
3.7 0.7 0.154386 0.278682 
3.75 0.7 0.172406 0.315866 
3.8 0.7 0.184082 0.354252 
3.85 0.7 0.189104 0.392424 
3.9 0.7 0.187387 0.429246 
3.95 0.7 0.179054 0.463795 
4 0.7 0.16443 0.495286 
4.05 0.7 0.144034 0.523013 
4.1 0.7 0.118567 0.546315 
4.15 0.7 0.0889094 0.564587 
4.2 0.7 0.0560944 0.577304 
4.25 0.7 0.0212809 0.584068 
4.3 0.7 -0.0142891 0.584657 
4.35 0.7 -0.0493407 0.579047 
4.4 0.7 -0.0826201 0.56742 
4.45 0.7 -0.112946 0.550137 
4.5 0.7 -0.139252 0.5277 
4.55 0.7 -0.160624 0.500699 
4.6 0.7 -0.176317 0.469784 
4.65 0.7 -0.185771 0.435655 
4.7 0.7 -0.18862 0.399084 
4.75 0.7 -0.184697 0.360976 
4.8 0.7 -0.174049 0.322437 
4.85 0.7 -0.156951 0.284851 
4.9 0.7 -0.133919 0.249907 
4.95 0.7 -0.105726 0.219546 
5 0.7 -0.0733992 0.195784 
0 0.75 -0.0853221 0.190977 
0.05 0.75 -0.0594086 0.16934 
0.1 0.75 -0.0311302 0.155297 
0.15 0.75 -0.00158098 0.150029 
0.2 0.75 0.0280584 0.154003 
0.25 0.75 0.056595 0.166859 
0.3 0.75 0.0828991 0.187492 
0.35 0.75 0.105969 0.214289 
0.4 0.75 0.124976 0.245415 
0.45 0.75 0.139288 0.279087 
0.5 0.75 0.148475 0.313728 
0.55 0.75 0.152303 0.348042 
0.6 0.75 0.150715 0.380989 
0.65 0.75 0.143826 0.411735 
0.7 0.75 0.131909 0.439589 
0.75 0.75 0.115389 0.46395 
0.8 0.75 0.0948355 0.484286 
0.85 0.75 0.0709565 0.500126 
0.9 0.75 0.0445788 0.511081 
0.95 0.75 0.0166251 0.516861 
1 0.75 -0.0119182 0.517309 
1.05 0.75 -0.0400405 0.512411 
1.1 0.75 -0.0667484 0.502302 
1.15 0.75 -0.0911053 0.487248 
1.2 0.75 -0.112265 0.467623 
1.25 0.75 -0.129498 0.443886 
1.3 0.75 -0.142209 0.416557 
1.35 0.75 -0.149945 0.386222 
1.4 0.75 -0.152404 0.353555 
1.45 0.75 -0.149443 0.319362 
1.5 0.75 -0.141084 0.284647 
1.55 0.75 -0.127528 0.250666 
1.6 0.75 -0.109171 0.218956 
1.65 0.75 -0.0866074 0.191287 
1.7 0.75 -0.0606368 0.169512 
1.75 0.75 -0.0322391 0.155311 
1.8 0.75 -0.00253574 0.149895 
1.85 0.75 0.0272712 0.153752 
1.9 0.75 0.0559735 0.166533 
1.95 0.75 0.082431 0.187136 
2 0.75 0.105636 0.213936 
2.05 0.75 0.124758 0.245092 
2.1 0.75 0.139165 0.278806 
2.15 0.75 0.148429 0.313497 
2.2 0.75 0.152317 0.347858 
2.25 0.75 0.150776 0.38085 
2.3 0.75 0.143923 0.411636 
2.35 0.75 0.132033 0.439524 
2.4 0.75 0.115533 0.463917 
2.45 0.75 0.0949932 0.484283 
2.5 0.75 0.0711225 0.500153 
2.55 0.75 0.0447478 0.511135 
2.6 0.75 0.0167922 0.516943 
2.65 0.75 -0.0117578 0.517418 
2.7 0.75 -0.0398918 0.512547 
2.75 0.75 -0.066616 0.502464 
2.8 0.75 -0.0909937 0.487435 
2.85 0.75 -0.112179 0.467834 
2.9 0.75 -0.129441 0.444118 
2.95 0.75 -0.142183 0.416808 
3 0.75 -0.149953 0.386489 
3.05 0.75 -0.152449 0.353833 
3.1 0.75 -0.149525 0.319645 
3.15 0.75 -0.141203 0.284927 
3.2 0.75 -0.127682 0.250932 
3.25 0.75 -0.109356 0.219195 
3.3 0.75 -0.08682 0.191485 
3.35 0.75 -0.0608697 0.169653 
3.4 0.75 -0.0324841 0.155384 
3.45 0.75 -0.00278378 0.149893 
3.5 0.75 0.0270299 0.153674 
3.55 0.75 0.0557483 0.166386 
3.6 0.75 0.0822309 0.18693 
3.65 0.75 0.105469 0.213688 
3.7 0.75 0.124629 0.244816 
3.75 0.75 0.13908 0.278516 
3.8 0.75 0.148391 0.313204 
3.85 0.75 0.152327 0.347574 
3.9 0.75 0.150834 0.380581 
3.95 0.75 0.144027 0.411389 
4 0.75 0.13218 0.439304 
4.05 0.75 0.115718 0.463729 
4.1 0.75 0.0952112 0.484129 
4.15 0.75 0.0713666 0.500034 
4.2 0.75 0.0450109 0.511052 
4.25 0.75 0.0170673 0.516892 
4.3 0.75 -0.011477 0.517393 
4.35 0.75 -0.0396094 0.512539 
4.4 0.75 -0.0663332 0.502459 
4.45 0.75 -0.0907075 0.487416 
4.5 0.75 -0.111881 0.467782 
4.55 0.75 -0.129118 0.444012 
4.6 0.75 -0.141815 0.416627 
4.65 0.75 -0.149515 0.386215 
4.7 0.75 -0.15191 0.353456 
4.75 0.75 -0.148854 0.319164 
4.8 0.75 -0.14037 0.284358 
4.85 0.75 -0.126665 0.250313 
4.9 0.75 -0.108146 0.21859 
4.95 0.75 -0.0854281 0.190977 
5 0.75 -0.0593346 0.16934 
0 0.8 -0.0631534 0.158632 
0.05 0.8 -0.0439785 0.140198 
0.1 0.8 -0.0230393 0.12824 
0.15 0.8 -0.00115881 0.123763 
0.2 0.8 0.0207806 0.127161 
0.25 0.8 0.0418889 0.138125 
0.3 0.8 0.0613245 0.15571 
0.35 0.8 0.078344 0.178535 
0.4 0.8 0.0923364 0.20503 
0.45 0.8 0.102841 0.233663 
0.5 0.8 0.109549 0.263082 
0.55 0.8 0.112297 0.292167 
0.6 0.8 0.111055 0.320024 
0.65 0.8 0.105916 0.34594 
0.7 0.8 0.0970879 0.369333 
0.75 0.8 0.0848893 0.389713 
0.8 0.8 0.0697421 0.406659 
0.85 0.8 0.0521661 0.419811 
0.9 0.8 0.0327669 0.42888 
0.95 0.8 0.0122185 0.433656 
1 0.8 -0.00875972 0.434025 
1.05 0.8 -0.0294312 0.429979 
1.1 0.8 -0.0490713 0.421614 
1.15 0.8 -0.0669964 0.409121 
1.2 0.8 -0.082587 0.392777 
1.25 0.8 -0.0953071 0.372931 
1.3 0.8 -0.104716 0.349992 
1.35 0.8 -0.110477 0.324435 
1.4 0.8 -0.11236 0.296826 
1.45 0.8 -0.110249 0.267852 
1.5 0.8 -0.104152 0.238377 
1.55 0.8 -0.0942063 0.209485 
1.6 0.8 -0.0806936 0.182498 
1.65 0.8 -0.064049 0.158937 
1.7 0.8 -0.0448609 0.140387 
1.75 0.8 -0.0238576 0.128287 
1.8 0.8 -0.00187666 0.123672 
1.85 0.8 0.0201819 0.126959 
1.9 0.8 0.0414131 0.137849 
1.95 0.8 0.0609651 0.155401 
2 0.8 0.0780884 0.178225 
2.05 0.8 0.0921694 0.204744 
2.1 0.8 0.102747 0.233416 
2.15 0.8 0.109514 0.262878 
2.2 0.8 0.112308 0.292007 
2.25 0.8 0.111101 0.319904 
2.3 0.8 0.105989 0.345856 
2.35 0.8 0.0971808 0.369282 
2.4 0.8 0.0849966 0.38969 
2.45 0.8 0.0698593 0.406662 
2.5 0.8 0.0522891 0.41984 
2.55 0.8 0.0328919 0.428932 
2.6 0.8 0.012342 0.433731 
2.65 0.8 -0.00864138 0.434124 
2.7 0.8 -0.0293214 0.4301 
2.75 0.8 -0.0489736 0.421755 
2.8 0.8 -0.0669138 0.409283 
2.85 0.8 -0.0825227 0.39296 
2.9 0.8 -0.0952639 0.373131 
2.95 0.8 -0.104696 0.350208 
3 0.8 -0.110482 0.324665 
3.05 0.8 -0.112392 0.297065 
3.1 0.8 -0.110309 0.268095 
3.15 0.8 -0.104239 0.238618 
3.2 0.8 -0.0943192 0.209713 
3.25 0.8 -0.0808303 0.182703 
3.3 0.8 -0.0642058 0.159106 
3.35 0.8 -0.0450329 0.140508 
3.4 0.8 -0.0240388 0.128349 
3.45 0.8 -0.00206024 0.123671 
3.5 0.8 0.0200032 0.126893 
3.55 0.8 0.0412465 0.137724 
3.6 0.8 0.0608171 0.155227 
3.65 0.8 0.0779647 0.178015 
3.7 0.8 0.0920745 0.20451 
3.75 0.8 0.102684 0.23317 
3.8 0.8 0.109485 0.262631 
3.85 0.8 0.112314 0.291767 
3.9 0.8 0.111142 0.319678 
3.95 0.8 0.106063 0.345649 
4 0.8 0.0972865 0.369097 
4.05 0.8 0.0851299 0.389531 
4.1 0.8 0.0700158 0.406531 
4.15 0.8 0.0524638 0.419736 
4.2 0.8 0.0330793 0.428855 
4.25 0.8 0.0125369 0.433677 
4.3 0.8 -0.0084433 0.434087 
4.35 0.8 -0.0291232 0.430071 
4.4 0.8 -0.0487758 0.421723 
4.45 0.8 -0.066714 0.409233 
4.5 0.8 -0.0823144 0.392875 
4.55 0.8 -0.0950363 0.372995 
4.6 0.8 -0.104434 0.350002 
4.65 0.8 -0.110165 0.324375 
4.7 0.8 -0.111998 0.296684 
4.75 0.8 -0.109815 0.267625 
4.8 0.8 -0.103624 0.238075 
4.85 0.8 -0.0935711 0.209134 
4.9 0.8 -0.0799484 0.182142 
4.95 0.8 -0.0632055 0.158632 
5 0.8 -0.0439419 0.140198 
0 0.85 -0.0409103 0.122689 
0.05 0.85 -0.0284838 0.108348 
0.1 0.85 -0.0149177 0.0990568 
0.15 0.85 -0.000751547 0.0955848 
0.2 0.85 0.013443 0.0982314 
0.25 0.85 0.0270886 0.106756 
0.3 0.85 0.0396388 0.120431 
0.35 0.85 0.050612 0.138185 
0.4 0.85 0.0596151 0.158802 
0.45 0.85 0.0663548 0.181087 
0.5 0.85 0.0706378 0.203979 
0.55 0.85 0.0723653 0.226598 
0.6 0.85 0.0715243 0.248237 
0.65 0.85 0.0681799 0.268336 
0.7 0.85 0.06247 0.286442 
0.75 0.85 0.054601 0.302179 
0.8 0.85 0.0448453 0.315234 
0.85 0.85 0.0335363 0.325344 
0.9 0.85 0.0210619 0.332303 
0.95 0.85 0.00785318 0.335964 
1 0.85 -0.00563028 0.336247 
1.05 0.85 -0.0189178 0.333146 
1.1 0.85 -0.0315463 0.326728 
1.15 0.85 -0.0430786 0.317127 
1.2 0.85 -0.0531183 0.304541 
1.25 0.85 -0.0613214 0.289221 
1.3 0.85 -0.067404 0.271472 
1.35 0.85 -0.0711472 0.251657 
1.4 0.85 -0.0724 0.230214 
1.45 0.85 -0.0710831 0.207685 
1.5 0.85 -0.0671941 0.184749 
1.55 0.85 -0.0608154 0.162263 
1.6 0.85 -0.0521228 0.141263 
1.65 0.85 -0.0413928 0.122937 
1.7 0.85 -0.0290038 0.108516 
1.75 0.85 -0.0154286 0.0991135 
1.8 0.85 -0.00121379 0.0955287 
1.85 0.85 0.0130519 0.098082 
1.9 0.85 0.0267761 0.106544 
1.95 0.85 0.0394027 0.120188 
2 0.85 0.0504446 0.13794 
2.05 0.85 0.0595065 0.158575 
2.1 0.85 0.0662945 0.180889 
2.15 0.85 0.0706161 0.203816 
2.2 0.85 0.0723736 0.22647 
2.25 0.85 0.0715555 0.248143 
2.3 0.85 0.0682283 0.268271 
2.35 0.85 0.062531 0.286403 
2.4 0.85 0.0546711 0.302164 
2.45 0.85 0.0449214 0.31524 
2.5 0.85 0.033616 0.32537 
2.55 0.85 0.0211427 0.332348 
2.6 0.85 0.00793279 0.336026 
2.65 0.85 -0.00555401 0.336327 
2.7 0.85 -0.018847 0.333243 
2.75 0.85 -0.0314832 0.326841 
2.8 0.85 -0.0430252 0.317257 
2.85 0.85 -0.0530766 0.304685 
2.9 0.85 -0.0612931 0.289379 
2.95 0.85 -0.0673907 0.271643 
3 0.85 -0.0711501 0.251838 
3.05 0.85 -0.0724201 0.230402 
3.1 0.85 -0.0711208 0.207876 
3.15 0.85 -0.0672494 0.184938 
3.2 0.85 -0.0608877 0.162442 
3.25 0.85 -0.0522106 0.141424 
3.3 0.85 -0.0414938 0.12307 
3.35 0.85 -0.0291148 0.108611 
3.4 0.85 -0.0155457 0.0991628 
3.45 0.85 -0.00133249 0.0955279 
3.5 0.85 0.0129363 0.098031 
3.55 0.85 0.0266684 0.106447 
3.6 0.85 0.039307 0.120053 
3.65 0.85 0.0503647 0.137777 
3.7 0.85 0.0594452 0.158393 
3.75 0.85 0.0662539 0.180698 
3.8 0.85 0.0705975 0.203624 
3.85 0.85 0.0723775 0.226284 
3.9 0.85 0.0715815 0.247967 
3.95 0.85 0.0682756 0.26811 
4 0.85 0.0625978 0.286259 
4.05 0.85 0.0547551 0.30204 
4.1 0.85 0.0450198 0.315136 
4.15 0.85 0.0337253 0.325287 
4.2 0.85 0.0212595 0.332284 
4.25 0.85 0.00805366 0.335978 
4.3 0.85 -0.00543203 0.336289 
4.35 0.85 -0.0187258 0.333209 
4.4 0.85 -0.0313632 0.326801 
4.45 0.85 -0.0429046 0.317199 
4.5 0.85 -0.0529509 0.304597 
4.55 0.85 -0.0611551 0.289247 
4.6 0.85 -0.0672301 0.271454 
4.65 0.85 -0.0709538 0.251582 
4.7 0.85 -0.0721732 0.230075 
4.75 0.85 -0.0708085 0.20748 
4.8 0.85 -0.06686 0.18449 
4.85 0.85 -0.0604168 0.161971 
4.9 0.85 -0.0516661 0.140974 
4.95 0.85 -0.0408978 0.122689 
5 0.85 -0.0284923 0.108348 
0 0.9 -0.0209403 0.0836887 
0.05 0.9 -0.0145496 0.0740102 
0.1 0.9 -0.00761049 0.0677553 
0.15 0.9 -0.000386603 0.0654227 
0.2 0.9 0.0068416 0.0672064 
0.25 0.9 0.0137832 0.072947 
0.3 0.9 0.0201598 0.0821617 
0.35 0.9 0.0257262 0.0941397 
0.4 0.9 0.0302836 0.108067 
0.45 0.9 0.0336854 0.123138 
0.5 0.9 0.0358371 0.138633 
0.55 0.9 0.036692 0.153949 
0.6 0.9 0.0362469 0.1686 
0.65 0.9 0.034537 0.182202 
0.7 0.9 0.0316334 0.194443 
0.75 0.9 0.0276411 0.205071 
0.8 0.9 0.0226978 0.213876 
0.85 0.9 0.0169715 0.220688 
0.9 0.9 0.0106577 0.225371 
0.95 0.9 0.00397369 0.227833 
1 0.9 -0.00284889 0.228024 
1.05 0.9 -0.00957268 0.225938 
1.1 0.9 -0.0159643 0.221619 
1.15 0.9 -0.0218033 0.215152 
1.2 0.9 -0.02689 0.206664 
1.25 0.9 -0.0310509 0.19632 
1.3 0.9 -0.0341427 0.184322 
1.35 0.9 -0.0360542 0.170914 
1.4 0.9 -0.0367078 0.156396 
1.45 0.9 -0.0360609 0.141139 
1.5 0.9 -0.0341094 0.125614 
1.55 0.9 -0.0308914 0.110404 
1.6 0.9 -0.0264924 0.0962167 
1.65 0.9 -0.0210504 0.0838517 
1.7 0.9 -0.0147565 0.0741342 
1.75 0.9 -0.00785204 0.0678051 
1.8 0.9 -0.000617838 0.0653935 
1.85 0.9 0.00664257 0.0671111 
1.9 0.9 0.0136238 0.0728068 
1.95 0.9 0.0200399 0.0819989 
2 0.9 0.0256419 0.0939736 
2.05 0.9 0.0302297 0.107912 
2.1 0.9 0.0336563 0.123002 
2.15 0.9 0.0358276 0.138521 
2.2 0.9 0.0366977 0.153861 
2.25 0.9 0.0362639 0.168536 
2.3 0.9 0.0345625 0.182158 
2.35 0.9 0.031665 0.194417 
2.4 0.9 0.0276771 0.205062 
2.45 0.9 0.0227367 0.213882 
2.5 0.9 0.017012 0.220707 
2.55 0.9 0.0106987 0.225403 
2.6 0.9 0.00401404 0.227877 
2.65 0.9 -0.00281025 0.228079 
2.7 0.9 -0.00953682 0.226006 
2.75 0.9 -0.0159323 0.221697 
2.8 0.9 -0.0217762 0.215241 
2.85 0.9 -0.0268686 0.206763 
2.9 0.9 -0.0310363 0.196428 
2.95 0.9 -0.0341356 0.184438 
3 0.9 -0.0360553 0.171037 
3.05 0.9 -0.0367175 0.156524 
3.1 0.9 -0.0360796 0.14127 
3.15 0.9 -0.0341371 0.125742 
3.2 0.9 -0.0309277 0.110526 
3.25 0.9 -0.0265368 0.0963256 
3.3 0.9 -0.0211015 0.0839413 
3.35 0.9 -0.0148128 0.0741983 
3.4 0.9 -0.00791154 0.0678384 
3.45 0.9 -0.00067822 0.0653931 
3.5 0.9 0.00658376 0.067077 
3.55 0.9 0.013569 0.0727416 
3.6 0.9 0.0199912 0.0819078 
3.65 0.9 0.0256013 0.0938632 
3.7 0.9 0.0301985 0.107789 
3.75 0.9 0.0336357 0.122873 
3.8 0.9 0.0358181 0.138391 
3.85 0.9 0.0366995 0.153735 
3.9 0.9 0.0362769 0.168417 
3.95 0.9 0.034586 0.182049 
4 0.9 0.0316983 0.19432 
4.05 0.9 0.0277189 0.204977 
4.1 0.9 0.0227854 0.213811 
4.15 0.9 0.0170661 0.220649 
4.2 0.9 0.0107561 0.225357 
4.25 0.9 0.00407307 0.227841 
4.3 0.9 -0.00275117 0.22805 
4.35 0.9 -0.00947871 0.225977 
4.4 0.9 -0.0158753 0.221663 
4.45 0.9 -0.0217195 0.215193 
4.5 0.9 -0.02681 0.206694 
4.55 0.9 -0.0309719 0.196328 
4.6 0.9 -0.03406 0.184299 
4.65 0.9 -0.0359616 0.170852 
4.7 0.9 -0.0365979 0.15629 
4.75 0.9 -0.0359266 0.140991 
4.8 0.9 -0.0339454 0.125432 
4.85 0.9 -0.0306983 0.110205 
4.9 0.9 -0.0262822 0.0960245 
4.95 0.9 -0.0208526 0.0836887 
5 0.9 -0.0146105 0.0740102 
0 0.95 -0.00617924 0.0424521 
0.05 0.95 -0.00421139 0.0376385 
0.1 0.95 -0.00218791 0.0345426 
0.15 0.95 -0.000111531 0.0333903 
0.2 0.95 0.00195905 0.034274 
0.25 0.95 0.00394496 0.037117 
0.3 0.95 0.00576667 0.0416861 
0.35 0.95 0.0073538 0.0476356 
0.4 0.95 0.00864991 0.0545666 
0.45 0.95 0.00961412 0.0620813 
0.5 0.95 0.0102208 0.0698199 
0.55 0.95 0.0104578 0.0774786 
0.6 0.95 0.0103255 0.0848108 
0.65 0.95 0.00983432 0.0916198 
0.7 0.95 0.00900488 0.0977479 
0.75 0.95 0.00786691 0.103067 
0.8 0.95 0.00645925 0.107472 
0.85 0.95 0.00482942 0.110879 
0.9 0.95 0.0030327 0.11322 
0.95 0.95 0.00113074 0.11445 
1 0.95 -0.000810622 0.114545 
1.05 0.95 -0.00272391 0.113503 
1.1 0.95 -0.00454278 0.111344 
1.15 0.95 -0.00620469 0.10811 
1.2 0.95 -0.00765309 0.103864 
1.25 0.95 -0.00883898 0.098687 
1.3 0.95 -0.0097219 0.0926805 
1.35 0.95 -0.0102703 0.0859681 
1.4 0.95 -0.010462 0.0787021 
1.45 0.95 -0.0102843 0.0710721 
1.5 0.95 -0.00973486 0.0633165 
1.55 0.95 -0.00882339 0.0557309 
1.6 0.95 -0.00757289 0.0486684 
1.65 0.95 -0.00602158 0.0425253 
1.7 0.95 -0.00422363 0.0377065 
1.75 0.95 -0.0022483 0.0345725 
1.8 0.95 -0.000176955 0.0333793 
1.85 0.95 0.00190203 0.0342291 
1.9 0.95 0.0038997 0.037049 
1.95 0.95 0.0057331 0.041606 
2 0.95 0.00733064 0.0475532 
2.05 0.95 0.00863549 0.0544893 
2.1 0.95 0.00960674 0.0620134 
2.15 0.95 0.0102189 0.0697636 
2.2 0.95 0.0104601 0.0774343 
2.25 0.95 0.0103308 0.084778 
2.3 0.95 0.00984196 0.0915975 
2.35 0.95 0.00901415 0.0977349 
2.4 0.95 0.00787732 0.103062 
2.45 0.95 0.00647041 0.107475 
2.5 0.95 0.00484098 0.110888 
2.55 0.95 0.00304437 0.113236 
2.6 0.95 0.00114221 0.114473 
2.65 0.95 -0.00079964 0.114574 
2.7 0.95 -0.00271371 0.113537 
2.75 0.95 -0.00453366 0.111384 
2.8 0.95 -0.00619694 0.108155 
2.85 0.95 -0.00764697 0.103914 
2.9 0.95 -0.00883475 0.0987416 
2.95 0.95 -0.00971978 0.0927392 
3 0.95 -0.0102705 0.0860302 
3.05 0.95 -0.0104646 0.0787665 
3.1 0.95 -0.0102894 0.0711374 
3.15 0.95 -0.00974262 0.0633808 
3.2 0.95 -0.00883363 0.0557916 
3.25 0.95 -0.00758544 0.0487226 
3.3 0.95 -0.00603611 0.0425699 
3.35 0.95 -0.00423969 0.0377383 
3.4 0.95 -0.0022653 0.034589 
3.45 0.95 -0.000194229 0.0333791 
3.5 0.95 0.00188519 0.0342122 
3.55 0.95 0.00388401 0.0370167 
3.6 0.95 0.00571919 0.0415608 
3.65 0.95 0.00731904 0.0474984 
3.7 0.95 0.00862661 0.054428 
3.75 0.95 0.00960086 0.061949 
3.8 0.95 0.0102161 0.0696987 
3.85 0.95 0.0104606 0.0773712 
3.9 0.95 0.0103345 0.0847184 
3.95 0.95 0.00984858 0.0915427 
4 0.95 0.00902349 0.097686 
4.05 0.95 0.00788903 0.10302 
4.1 0.95 0.00648405 0.107439 
4.15 0.95 0.00485604 0.110859 
4.2 0.95 0.00306029 0.113212 
4.25 0.95 0.00115845 0.114454 
4.3 0.95 -0.000783562 0.114557 
4.35 0.95 -0.00269812 0.113521 
4.4 0.95 -0.00451864 0.111364 
4.45 0.95 -0.00618228 0.108129 
4.5 0.95 -0.00763203 0.103877 
4.55 0.95 -0.00881843 0.0986886 
4.6 0.95 -0.00970047 0.0926664 
4.65 0.95 -0.0102462 0.0859347 
4.7 0.95 -0.0104329 0.0786473 
4.75 0.95 -0.0102479 0.0709969 
4.8 0.95 -0.00968987 0.0632259 
4.85 0.95 -0.00877097 0.0556341 
4.9 0.95 -0.00752242 0.0485782 
4.95 0.95 -0.00600553 0.0424521 
5 0.95 -0.00433281 0.0376385 
0 1 0 0 
0.05 1 0 0 
0.1 1 0 0 
0.15 1 0 0 
0.2 1 0 0 
0.25 1 0 0 
0.3 1 0 0 
0.35 1 0 0 
0.4 1 0 0 
0.45 1 0 0 
0.5 1 0 0 
0.55 1 0 0 
0.6 1 0 0 
0.65 1 0 0 
0.7 1 0 0 
0.75 1 0 0 
0.8 1 0 0 
0.85 1 0 0 
0.9 1 0 0 
0.95 1 0 0 
1 1 0 0 
1.05 1 0 0 
1.1 1 0 0 
1.15 1 0 0 
1.2 1 0 0 
1.25 1 0 0 
1.3 1 0 0 
1.35 1 0 0 
1.4 1 0 0 
1.45 1 0 0 
1.5 1 0 0 
1.55 1 0 0 
1.6 1 0 0 
1.65 1 0 0 
1.7 1 0 0 
1.75 1 0 0 
1.8 1 0 0 
1.85 1 0 0 
1.9 1 0 0 
1.95 1 0 0 
2 1 0 0 
2.05 1 0 0 
2.1 1 0 0 
2.15 1 0 0 
2.2 1 0 0 
2.25 1 0 0 
2.3 1 0 0 
2.35 1 0 0 
2.4 1 0 0 
2.45 1 0 0 
2.5 1 0 0 
2.55 1 0 0 
2.6 1 0 0 
2.65 1 0 0 
2.7 1 0 0 
2.75 1 0 0 
2.8 1 0 0 
2.85 1 0 0 
2.9 1 0 0 
2.95 1 0 0 
3 1 0 0 
3.05 1 0 0 
3.1 1 0 0 
3.15 1 0 0 
3.2 1 0 0 
3.25 1 0 0 
3.3 1 0 0 
3.35 1 0 0 
3.4 1 0 0 
3.45 1 0 0 
3.5 1 0 0 
3.55 1 0 0 
3.6 1 0 0 
3.65 1 0 0 
3.7 1 0 0 
3.75 1 0 0 
3.8 1 0 0 
3.85 1 0 0 
3.9 1 0 0 
3.95 1 0 0 
4 1 0 0 
4.05 1 0 0 
4.1 1 0 0 
4.15 1 0 0 
4.2 1 0 0 
4.25 1 0 0 
4.3 1 0 0 
4.35 1 0 0 
4.4 1 0 0 
4.45 1 0 0 
4.5 1 0 0 
4.55 1 0 0 
4.6 1 0 0 
4.65 1 0 0 
4.7 1 0 0 
4.75 1 0 0 
4.8 1 0 0 
4.85 1 0 0 
4.9 1 0 0 
4.95 1 0 0 
5 1 0 0 
