x, y, ksi, T
#iter= 290000
0 0 0 1 
0.05 0 0 1 
0.1 0 0 1 
0.15 0 0 1 
0.2 0 0 1 
0.25 0 0 1 
0.3 0 0 1 
0.35 0 0 1 
0.4 0 0 1 
0.45 0 0 1 
0.5 0 0 1 
0.55 0 0 1 
0.6 0 0 1 
0.65 0 0 1 
0.7 0 0 1 
0.75 0 0 1 
0.8 0 0 1 
0.85 0 0 1 
0.9 0 0 1 
0.95 0 0 1 
1 0 0 1 
1.05 0 0 1 
1.1 0 0 1 
1.15 0 0 1 
1.2 0 0 1 
1.25 0 0 1 
1.3 0 0 1 
1.35 0 0 1 
1.4 0 0 1 
1.45 0 0 1 
1.5 0 0 1 
1.55 0 0 1 
1.6 0 0 1 
1.65 0 0 1 
1.7 0 0 1 
1.75 0 0 1 
1.8 0 0 1 
1.85 0 0 1 
1.9 0 0 1 
1.95 0 0 1 
2 0 0 1 
2.05 0 0 1 
2.1 0 0 1 
2.15 0 0 1 
2.2 0 0 1 
2.25 0 0 1 
2.3 0 0 1 
2.35 0 0 1 
2.4 0 0 1 
2.45 0 0 1 
2.5 0 0 1 
2.55 0 0 1 
2.6 0 0 1 
2.65 0 0 1 
2.7 0 0 1 
2.75 0 0 1 
2.8 0 0 1 
2.85 0 0 1 
2.9 0 0 1 
2.95 0 0 1 
3 0 0 1 
3.05 0 0 1 
3.1 0 0 1 
3.15 0 0 1 
3.2 0 0 1 
3.25 0 0 1 
3.3 0 0 1 
3.35 0 0 1 
3.4 0 0 1 
3.45 0 0 1 
3.5 0 0 1 
3.55 0 0 1 
3.6 0 0 1 
3.65 0 0 1 
3.7 0 0 1 
3.75 0 0 1 
3.8 0 0 1 
3.85 0 0 1 
3.9 0 0 1 
3.95 0 0 1 
4 0 0 1 
4.05 0 0 1 
4.1 0 0 1 
4.15 0 0 1 
4.2 0 0 1 
4.25 0 0 1 
4.3 0 0 1 
4.35 0 0 1 
4.4 0 0 1 
4.45 0 0 1 
4.5 0 0 1 
4.55 0 0 1 
4.6 0 0 1 
4.65 0 0 1 
4.7 0 0 1 
4.75 0 0 1 
4.8 0 0 1 
4.85 0 0 1 
4.9 0 0 1 
4.95 0 0 1 
5 0 0 1 
0 0.05 -0.00613252 0.890815 
0.05 0.05 -0.00425227 0.887759 
0.1 0.05 -0.00228731 0.885892 
0.15 0.05 -0.000289761 0.885201 
0.2 0.05 0.00168966 0.885674 
0.25 0.05 0.0035929 0.88729 
0.3 0.05 0.00536027 0.89001 
0.35 0.05 0.00693507 0.893778 
0.4 0.05 0.0082664 0.898519 
0.45 0.05 0.00931087 0.904142 
0.5 0.05 0.0100334 0.910534 
0.55 0.05 0.0104078 0.917557 
0.6 0.05 0.010417 0.925042 
0.65 0.05 0.0100538 0.932777 
0.7 0.05 0.00932168 0.940495 
0.75 0.05 0.00823704 0.947872 
0.8 0.05 0.00683039 0.95453 
0.85 0.05 0.00514798 0.960063 
0.9 0.05 0.0032518 0.964081 
0.95 0.05 0.00121773 0.966269 
1 0.05 -0.000868604 0.966442 
1.05 0.05 -0.00291767 0.964587 
1.1 0.05 -0.00484274 0.960861 
1.15 0.05 -0.00656598 0.95556 
1.2 0.05 -0.00802289 0.949066 
1.25 0.05 -0.00916458 0.941788 
1.3 0.05 -0.00995801 0.934109 
1.35 0.05 -0.0103848 0.926364 
1.4 0.05 -0.0104394 0.91883 
1.45 0.05 -0.0101277 0.911727 
1.5 0.05 -0.00946551 0.905232 
1.55 0.05 -0.00847824 0.899487 
1.6 0.05 -0.00720037 0.894607 
1.65 0.05 -0.00567525 0.890687 
1.7 0.05 -0.00395451 0.887802 
1.75 0.05 -0.00209687 0.886008 
1.8 0.05 -0.000166412 0.88534 
1.85 0.05 0.00176985 0.885812 
1.9 0.05 0.00364466 0.887414 
1.95 0.05 0.00539327 0.890115 
2 0.05 0.00695588 0.893862 
2.05 0.05 0.00827956 0.898583 
2.1 0.05 0.0093195 0.904187 
2.15 0.05 0.0100397 0.910562 
2.2 0.05 0.0104131 0.917571 
2.25 0.05 0.0104223 0.925045 
2.3 0.05 0.0100596 0.932771 
2.35 0.05 0.00932843 0.940484 
2.4 0.05 0.00824487 0.947858 
2.45 0.05 0.00683928 0.954517 
2.5 0.05 0.00515779 0.960053 
2.55 0.05 0.00326225 0.964077 
2.6 0.05 0.00122846 0.966273 
2.65 0.05 -0.000858021 0.966456 
2.7 0.05 -0.00290769 0.964609 
2.75 0.05 -0.00483379 0.960891 
2.8 0.05 -0.00655846 0.955597 
2.85 0.05 -0.00801713 0.949108 
2.9 0.05 -0.00916086 0.941832 
2.95 0.05 -0.00995651 0.934154 
3 0.05 -0.0103856 0.926409 
3.05 0.05 -0.0104426 0.918873 
3.1 0.05 -0.0101333 0.911767 
3.15 0.05 -0.00947343 0.905267 
3.2 0.05 -0.00848831 0.899516 
3.25 0.05 -0.00721236 0.89463 
3.3 0.05 -0.00568886 0.890702 
3.35 0.05 -0.00396933 0.88781 
3.4 0.05 -0.00211247 0.886007 
3.45 0.05 -0.000182266 0.885331 
3.5 0.05 0.00175427 0.885794 
3.55 0.05 0.00362991 0.887387 
3.6 0.05 0.00537987 0.890078 
3.65 0.05 0.00694435 0.893816 
3.7 0.05 0.00827036 0.898529 
3.75 0.05 0.00931304 0.904125 
3.8 0.05 0.0100363 0.910493 
3.85 0.05 0.0104131 0.917497 
3.9 0.05 0.0104259 0.924967 
3.95 0.05 0.010067 0.932692 
4 0.05 0.00933971 0.940407 
4.05 0.05 0.0082599 0.947787 
4.1 0.05 0.00685784 0.954457 
4.15 0.05 0.00517945 0.96001 
4.2 0.05 0.00328642 0.964056 
4.25 0.05 0.00125434 0.966278 
4.3 0.05 -0.000831354 0.966491 
4.35 0.05 -0.00288127 0.964677 
4.4 0.05 -0.00480874 0.960991 
4.45 0.05 -0.00653594 0.955727 
4.5 0.05 -0.00799845 0.949267 
4.55 0.05 -0.00914755 0.942016 
4.6 0.05 -0.00995058 0.934361 
4.65 0.05 -0.0103898 0.926635 
4.7 0.05 -0.0104611 0.919113 
4.75 0.05 -0.0101719 0.912017 
4.8 0.05 -0.00954108 0.905518 
4.85 0.05 -0.00859874 0.899752 
4.9 0.05 -0.00738728 0.894826 
4.95 0.05 -0.0059618 0.890815 
5 0.05 -0.00437224 0.887759 
0 0.1 -0.0207096 0.782677 
0.05 0.1 -0.0145881 0.776654 
0.1 0.1 -0.00789569 0.77291 
0.15 0.1 -0.000960559 0.771509 
0.2 0.1 0.00596109 0.772444 
0.25 0.1 0.0126345 0.77567 
0.3 0.1 0.018838 0.781106 
0.35 0.1 0.0243671 0.788636 
0.4 0.1 0.0290398 0.798109 
0.45 0.1 0.0327014 0.80934 
0.5 0.1 0.0352275 0.822105 
0.55 0.1 0.0365255 0.836133 
0.6 0.1 0.0365367 0.851092 
0.65 0.1 0.0352384 0.866566 
0.7 0.1 0.0326475 0.882027 
0.75 0.1 0.0288259 0.896832 
0.8 0.1 0.0238852 0.910219 
0.85 0.1 0.0179901 0.921367 
0.9 0.1 0.0113581 0.929475 
0.95 0.1 0.00425198 0.933895 
1 0.1 -0.00303351 0.934246 
1.05 0.1 -0.0101911 0.930497 
1.1 0.1 -0.0169227 0.922975 
1.15 0.1 -0.0229588 0.912291 
1.2 0.1 -0.0280739 0.89923 
1.25 0.1 -0.0320944 0.884618 
1.3 0.1 -0.0349001 0.86923 
1.35 0.1 -0.0364215 0.853733 
1.4 0.1 -0.0366353 0.838673 
1.45 0.1 -0.0355585 0.824483 
1.5 0.1 -0.0332457 0.81151 
1.55 0.1 -0.0297855 0.800032 
1.6 0.1 -0.0253002 0.79028 
1.65 0.1 -0.0199431 0.782443 
1.7 0.1 -0.0138969 0.776673 
1.75 0.1 -0.00736885 0.773084 
1.8 0.1 -0.000584667 0.771748 
1.85 0.1 0.00621993 0.772693 
1.9 0.1 0.0128084 0.775898 
1.95 0.1 0.0189527 0.7813 
2 0.1 0.0244419 0.788791 
2.05 0.1 0.0290889 0.798226 
2.1 0.1 0.0327349 0.809421 
2.15 0.1 0.0352523 0.822155 
2.2 0.1 0.0365467 0.836157 
2.25 0.1 0.0365575 0.851095 
2.3 0.1 0.0352608 0.866552 
2.35 0.1 0.0326729 0.882003 
2.4 0.1 0.0288547 0.896803 
2.45 0.1 0.0239174 0.910192 
2.5 0.1 0.0180253 0.921346 
2.55 0.1 0.0113952 0.929467 
2.6 0.1 0.00428989 0.933903 
2.65 0.1 -0.00299628 0.934273 
2.7 0.1 -0.0101561 0.930542 
2.75 0.1 -0.0168913 0.923036 
2.8 0.1 -0.0229325 0.912366 
2.85 0.1 -0.0280539 0.899314 
2.9 0.1 -0.0320815 0.884708 
2.95 0.1 -0.034895 0.869321 
3 0.1 -0.0364247 0.853823 
3.05 0.1 -0.0366469 0.838758 
3.1 0.1 -0.0355786 0.824562 
3.15 0.1 -0.0332738 0.81158 
3.2 0.1 -0.0298213 0.800091 
3.25 0.1 -0.0253426 0.790326 
3.3 0.1 -0.0199912 0.782475 
3.35 0.1 -0.0139492 0.776689 
3.4 0.1 -0.0074238 0.773083 
3.45 0.1 -0.00064046 0.77173 
3.5 0.1 0.00616519 0.772656 
3.55 0.1 0.0127566 0.775843 
3.6 0.1 0.0189058 0.781226 
3.65 0.1 0.0244016 0.7887 
3.7 0.1 0.0290569 0.798118 
3.75 0.1 0.0327126 0.809298 
3.8 0.1 0.0352411 0.822018 
3.85 0.1 0.0365474 0.836009 
3.9 0.1 0.036571 0.85094 
3.95 0.1 0.0352876 0.866394 
4 0.1 0.032713 0.881849 
4.05 0.1 0.0289079 0.89666 
4.1 0.1 0.0239827 0.91007 
4.15 0.1 0.0181012 0.921257 
4.2 0.1 0.0114796 0.929422 
4.25 0.1 0.00438003 0.933912 
4.3 0.1 -0.0029036 0.934342 
4.35 0.1 -0.0100645 0.930676 
4.4 0.1 -0.0168046 0.923234 
4.45 0.1 -0.0228547 0.912625 
4.5 0.1 -0.0279895 0.899628 
4.55 0.1 -0.0320358 0.885071 
4.6 0.1 -0.0348747 0.869728 
4.65 0.1 -0.0364388 0.854267 
4.7 0.1 -0.0367078 0.839232 
4.75 0.1 -0.0357036 0.825052 
4.8 0.1 -0.0334862 0.812068 
4.85 0.1 -0.0301503 0.800545 
4.9 0.1 -0.0258188 0.790693 
4.95 0.1 -0.0206237 0.782677 
5 0.1 -0.0146468 0.776654 
0 0.15 -0.0403792 0.679652 
0.05 0.15 -0.0284295 0.670811 
0.1 0.15 -0.0153607 0.66527 
0.15 0.15 -0.00175862 0.663175 
0.2 0.15 0.0118588 0.664546 
0.25 0.15 0.02501 0.669321 
0.3 0.15 0.0372445 0.677379 
0.35 0.15 0.04815 0.688538 
0.4 0.15 0.0573617 0.702566 
0.45 0.15 0.0645707 0.71918 
0.5 0.15 0.0695298 0.738046 
0.55 0.15 0.0720572 0.758766 
0.6 0.15 0.0720398 0.780854 
0.65 0.15 0.0694377 0.803703 
0.7 0.15 0.0642912 0.82655 
0.75 0.15 0.0567292 0.848448 
0.8 0.15 0.0469779 0.868275 
0.85 0.15 0.0353654 0.884807 
0.9 0.15 0.0223195 0.896847 
0.95 0.15 0.00835329 0.903415 
1 0.15 -0.00596076 0.903936 
1.05 0.15 -0.0200269 0.898364 
1.1 0.15 -0.0332662 0.887192 
1.15 0.15 -0.0451535 0.871344 
1.2 0.15 -0.0552456 0.851994 
1.25 0.15 -0.0631973 0.830375 
1.3 0.15 -0.0687661 0.807632 
1.35 0.15 -0.071808 0.784743 
1.4 0.15 -0.0722696 0.762503 
1.45 0.15 -0.0701794 0.741542 
1.5 0.15 -0.0656408 0.722365 
1.55 0.15 -0.0588278 0.70538 
1.6 0.15 -0.049981 0.690931 
1.65 0.15 -0.0394048 0.679305 
1.7 0.15 -0.0274614 0.670736 
1.75 0.15 -0.0145624 0.665402 
1.8 0.15 -0.00115517 0.663416 
1.85 0.15 0.0122925 0.66482 
1.9 0.15 0.0253115 0.669585 
1.95 0.15 0.0374494 0.677608 
2 0.15 0.0482878 0.688724 
2.05 0.15 0.0574551 0.702705 
2.1 0.15 0.0646368 0.719276 
2.15 0.15 0.0695809 0.738102 
2.2 0.15 0.0721018 0.758788 
2.25 0.15 0.0720838 0.780848 
2.3 0.15 0.0694849 0.803677 
2.35 0.15 0.0643439 0.82651 
2.4 0.15 0.0567883 0.848401 
2.45 0.15 0.0470432 0.868232 
2.5 0.15 0.0354361 0.884775 
2.55 0.15 0.0223937 0.896833 
2.6 0.15 0.00842867 0.903426 
2.65 0.15 -0.00588699 0.903975 
2.7 0.15 -0.0199577 0.898431 
2.75 0.15 -0.0332044 0.887283 
2.8 0.15 -0.0451018 0.871455 
2.85 0.15 -0.0552062 0.852119 
2.9 0.15 -0.0631721 0.830508 
2.95 0.15 -0.0687564 0.807768 
3 0.15 -0.0718147 0.784877 
3.05 0.15 -0.072293 0.76263 
3.1 0.15 -0.0702195 0.74166 
3.15 0.15 -0.065697 0.722469 
3.2 0.15 -0.0588989 0.705469 
3.25 0.15 -0.0500654 0.691001 
3.3 0.15 -0.0395003 0.679354 
3.35 0.15 -0.0275652 0.670762 
3.4 0.15 -0.0146712 0.665403 
3.45 0.15 -0.00126558 0.66339 
3.5 0.15 0.0121843 0.664767 
3.55 0.15 0.0252093 0.669504 
3.6 0.15 0.037357 0.677501 
3.65 0.15 0.0482087 0.68859 
3.7 0.15 0.0573925 0.702547 
3.75 0.15 0.0645936 0.719095 
3.8 0.15 0.0695594 0.737902 
3.85 0.15 0.0721042 0.758571 
3.9 0.15 0.0721113 0.78062 
3.95 0.15 0.0695385 0.803444 
4 0.15 0.0644236 0.826282 
4.05 0.15 0.0568934 0.84819 
4.1 0.15 0.0471718 0.868052 
4.15 0.15 0.0355851 0.884642 
4.2 0.15 0.0225589 0.896765 
4.25 0.15 0.00860484 0.903437 
4.3 0.15 -0.00570607 0.904075 
4.35 0.15 -0.0197789 0.898625 
4.4 0.15 -0.033035 0.887571 
4.45 0.15 -0.0449493 0.87183 
4.5 0.15 -0.055079 0.852574 
4.55 0.15 -0.0630796 0.831033 
4.6 0.15 -0.0687102 0.808352 
4.65 0.15 -0.0718296 0.785511 
4.7 0.15 -0.0723886 0.763302 
4.75 0.15 -0.0704213 0.742351 
4.8 0.15 -0.0660362 0.723151 
4.85 0.15 -0.0594083 0.706095 
4.9 0.15 -0.0507662 0.691504 
4.95 0.15 -0.0403654 0.679652 
5 0.15 -0.0284369 0.670811 
0 0.2 -0.0622775 0.586713 
0.05 0.2 -0.0437605 0.575312 
0.1 0.2 -0.0235602 0.568135 
0.15 0.2 -0.00251087 0.565404 
0.2 0.2 0.0185935 0.567173 
0.25 0.2 0.0389953 0.573374 
0.3 0.2 0.0579823 0.583842 
0.35 0.2 0.0749036 0.598325 
0.4 0.2 0.0891854 0.616499 
0.45 0.2 0.100344 0.637981 
0.5 0.2 0.107995 0.662326 
0.55 0.2 0.111859 0.689016 
0.6 0.2 0.111765 0.717429 
0.65 0.2 0.107661 0.746797 
0.7 0.2 0.0996184 0.77615 
0.75 0.2 0.0878473 0.804284 
0.8 0.2 0.0727064 0.829768 
0.85 0.2 0.0547085 0.851026 
0.9 0.2 0.0345151 0.866515 
0.95 0.2 0.0129145 0.874968 
1 0.2 -0.00921757 0.875639 
1.05 0.2 -0.030971 0.868467 
1.1 0.2 -0.0514604 0.854091 
1.15 0.2 -0.0698797 0.833709 
1.2 0.2 -0.0855443 0.808836 
1.25 0.2 -0.097916 0.781056 
1.3 0.2 -0.106611 0.751834 
1.35 0.2 -0.111396 0.722413 
1.4 0.2 -0.112178 0.693803 
1.45 0.2 -0.108992 0.666801 
1.5 0.2 -0.101992 0.64205 
1.55 0.2 -0.0914424 0.620083 
1.6 0.2 -0.0777164 0.601351 
1.65 0.2 -0.0612869 0.586244 
1.7 0.2 -0.0427189 0.575087 
1.75 0.2 -0.0226554 0.568131 
1.8 0.2 -0.00179679 0.565539 
1.85 0.2 0.0191252 0.567372 
1.9 0.2 0.0393763 0.573587 
1.95 0.2 0.0582487 0.584037 
2 0.2 0.0750883 0.598485 
2.05 0.2 0.0893153 0.616619 
2.1 0.2 0.10044 0.63806 
2.15 0.2 0.108073 0.662366 
2.2 0.2 0.111929 0.689021 
2.25 0.2 0.111836 0.717406 
2.3 0.2 0.107738 0.746752 
2.35 0.2 0.0997035 0.776091 
2.4 0.2 0.0879421 0.80422 
2.45 0.2 0.0728105 0.829709 
2.5 0.2 0.0548203 0.850982 
2.55 0.2 0.0346318 0.866497 
2.6 0.2 0.0130325 0.874983 
2.65 0.2 -0.00910245 0.875689 
2.7 0.2 -0.0308632 0.868553 
2.75 0.2 -0.0513644 0.85421 
2.8 0.2 -0.0697994 0.833854 
2.85 0.2 -0.0854833 0.808998 
2.9 0.2 -0.0978771 0.781229 
2.95 0.2 -0.106596 0.75201 
3 0.2 -0.111407 0.722587 
3.05 0.2 -0.112215 0.693969 
3.1 0.2 -0.109055 0.666955 
3.15 0.2 -0.10208 0.642188 
3.2 0.2 -0.0915537 0.6202 
3.25 0.2 -0.0778484 0.601444 
3.3 0.2 -0.061436 0.58631 
3.35 0.2 -0.0428808 0.575123 
3.4 0.2 -0.0228252 0.568134 
3.45 0.2 -0.0019688 0.565508 
3.5 0.2 0.0189568 0.567305 
3.55 0.2 0.0392175 0.573484 
3.6 0.2 0.0581054 0.583899 
3.65 0.2 0.0749658 0.598314 
3.7 0.2 0.0892187 0.616417 
3.75 0.2 0.100374 0.637829 
3.8 0.2 0.108041 0.66211 
3.85 0.2 0.111934 0.688744 
3.9 0.2 0.11188 0.717115 
3.95 0.2 0.107822 0.746455 
4 0.2 0.0998277 0.7758 
4.05 0.2 0.088105 0.80395 
4.1 0.2 0.0730091 0.829478 
4.15 0.2 0.0550498 0.850813 
4.2 0.2 0.0348858 0.866409 
4.25 0.2 0.0133029 0.874995 
4.3 0.2 -0.0088249 0.875815 
4.35 0.2 -0.0305887 0.868797 
4.4 0.2 -0.0511034 0.854571 
4.45 0.2 -0.0695629 0.834323 
4.5 0.2 -0.0852827 0.809565 
4.55 0.2 -0.0977249 0.781879 
4.6 0.2 -0.106507 0.75273 
4.65 0.2 -0.111398 0.723362 
4.7 0.2 -0.112309 0.694782 
4.75 0.2 -0.109279 0.667782 
4.8 0.2 -0.102462 0.642995 
4.85 0.2 -0.0921207 0.620938 
4.9 0.2 -0.0786033 0.602048 
4.95 0.2 -0.0623246 0.586713 
5 0.2 -0.0437252 0.575312 
0 0.25 -0.0841518 0.50776 
0.05 0.25 -0.0590112 0.494111 
0.1 0.25 -0.0316434 0.485497 
0.15 0.25 -0.00311736 0.482208 
0.2 0.25 0.0255038 0.484338 
0.25 0.25 0.0531852 0.491815 
0.3 0.25 0.0789475 0.504419 
0.35 0.25 0.101895 0.521813 
0.4 0.25 0.121241 0.54357 
0.45 0.25 0.136326 0.569193 
0.5 0.25 0.146629 0.598125 
0.55 0.25 0.151776 0.62974 
0.6 0.25 0.151548 0.663302 
0.65 0.25 0.145883 0.697916 
0.7 0.25 0.134895 0.732456 
0.75 0.25 0.11888 0.765524 
0.8 0.25 0.0983348 0.795454 
0.85 0.25 0.0739581 0.82041 
0.9 0.25 0.0466433 0.838589 
0.95 0.25 0.0174483 0.848508 
1 0.25 -0.0124563 0.849295 
1.05 0.25 -0.0418555 0.840878 
1.1 0.25 -0.069566 0.824005 
1.15 0.25 -0.0945071 0.800077 
1.2 0.25 -0.115755 0.770864 
1.25 0.25 -0.132578 0.738213 
1.3 0.25 -0.144446 0.70383 
1.35 0.25 -0.15103 0.669159 
1.4 0.25 -0.15219 0.635369 
1.45 0.25 -0.147958 0.60339 
1.5 0.25 -0.138533 0.573977 
1.55 0.25 -0.124266 0.547773 
1.6 0.25 -0.105657 0.525339 
1.65 0.25 -0.083349 0.507177 
1.7 0.25 -0.0581111 0.49372 
1.75 0.25 -0.030823 0.485309 
1.8 0.25 -0.00244409 0.482171 
1.85 0.25 0.0260218 0.484391 
1.9 0.25 0.0535672 0.491908 
1.95 0.25 0.0792224 0.50452 
2 0.25 0.102092 0.521901 
2.05 0.25 0.121386 0.543634 
2.1 0.25 0.136439 0.569227 
2.15 0.25 0.146726 0.598129 
2.2 0.25 0.15187 0.629715 
2.25 0.25 0.151645 0.663253 
2.3 0.25 0.14599 0.697848 
2.35 0.25 0.135014 0.732376 
2.4 0.25 0.119012 0.765442 
2.45 0.25 0.0984792 0.795382 
2.5 0.25 0.0741124 0.820358 
2.55 0.25 0.0468036 0.838568 
2.6 0.25 0.0176098 0.848526 
2.65 0.25 -0.0122993 0.849356 
2.7 0.25 -0.0417088 0.840981 
2.75 0.25 -0.0694355 0.824147 
2.8 0.25 -0.0943981 0.800249 
2.85 0.25 -0.115673 0.771057 
2.9 0.25 -0.132525 0.738419 
2.95 0.25 -0.144426 0.704041 
3 0.25 -0.151045 0.669367 
3.05 0.25 -0.15224 0.635569 
3.1 0.25 -0.148044 0.603576 
3.15 0.25 -0.138653 0.574145 
3.2 0.25 -0.124418 0.547917 
3.25 0.25 -0.105837 0.525455 
3.3 0.25 -0.0835525 0.507261 
3.35 0.25 -0.0583321 0.493768 
3.4 0.25 -0.0310545 0.485317 
3.45 0.25 -0.00267844 0.482137 
3.5 0.25 0.0257926 0.484314 
3.55 0.25 0.0533514 0.491788 
3.6 0.25 0.0790278 0.504358 
3.65 0.25 0.101926 0.5217 
3.7 0.25 0.121256 0.543395 
3.75 0.25 0.13635 0.568956 
3.8 0.25 0.146684 0.597829 
3.85 0.25 0.151878 0.629392 
3.9 0.25 0.151706 0.662914 
3.95 0.25 0.146105 0.697502 
4 0.25 0.135182 0.732038 
4.05 0.25 0.119232 0.765129 
4.1 0.25 0.0987466 0.795114 
4.15 0.25 0.0744205 0.820161 
4.2 0.25 0.047144 0.838466 
4.25 0.25 0.0179718 0.84854 
4.3 0.25 -0.0119277 0.8495 
4.35 0.25 -0.0413405 0.841261 
4.4 0.25 -0.0690837 0.824559 
4.45 0.25 -0.0940761 0.800783 
4.5 0.25 -0.115393 0.771697 
4.55 0.25 -0.132302 0.739149 
4.6 0.25 -0.144274 0.704842 
4.65 0.25 -0.15098 0.670221 
4.7 0.25 -0.152281 0.636454 
4.75 0.25 -0.148213 0.604466 
4.8 0.25 -0.138969 0.575006 
4.85 0.25 -0.124892 0.548706 
4.9 0.25 -0.106457 0.52612 
4.95 0.25 -0.0842494 0.50776 
5 0.25 -0.0589409 0.494111 
0 0.3 -0.104254 0.444373 
0.05 0.3 -0.072976 0.428742 
0.1 0.3 -0.0389754 0.418852 
0.15 0.3 -0.00353408 0.415073 
0.2 0.3 0.032037 0.417542 
0.25 0.3 0.0664437 0.426173 
0.3 0.3 0.0984549 0.440674 
0.35 0.3 0.126945 0.460595 
0.4 0.3 0.150927 0.485375 
0.45 0.3 0.16958 0.514382 
0.5 0.3 0.182263 0.54694 
0.55 0.3 0.18852 0.582319 
0.6 0.3 0.188093 0.619694 
0.65 0.3 0.180926 0.658081 
0.7 0.3 0.167177 0.696258 
0.75 0.3 0.147229 0.732711 
0.8 0.3 0.121712 0.765636 
0.85 0.3 0.0914952 0.793045 
0.9 0.3 0.0576827 0.812988 
0.95 0.3 0.0215726 0.823862 
1 0.3 -0.015404 0.824723 
1.05 0.3 -0.0517635 0.815496 
1.1 0.3 -0.0860598 0.796988 
1.15 0.3 -0.116968 0.770711 
1.2 0.3 -0.143348 0.738582 
1.25 0.3 -0.164289 0.702599 
1.3 0.3 -0.179123 0.664608 
1.35 0.3 -0.187425 0.626174 
1.4 0.3 -0.189002 0.588564 
1.45 0.3 -0.183877 0.552797 
1.5 0.3 -0.172277 0.519716 
1.55 0.3 -0.154626 0.490061 
1.6 0.3 -0.131538 0.464515 
1.65 0.3 -0.103809 0.44371 
1.7 0.3 -0.0723982 0.428215 
1.75 0.3 -0.0384082 0.418495 
1.8 0.3 -0.00304502 0.41486 
1.85 0.3 0.0324276 0.417433 
1.9 0.3 0.0667414 0.426125 
1.95 0.3 0.0986769 0.440657 
2 0.3 0.127111 0.460588 
2.05 0.3 0.151058 0.485363 
2.1 0.3 0.169692 0.514357 
2.15 0.3 0.182368 0.546898 
2.2 0.3 0.188629 0.582258 
2.25 0.3 0.188213 0.619616 
2.3 0.3 0.181061 0.65799 
2.35 0.3 0.167327 0.696161 
2.4 0.3 0.147397 0.732616 
2.45 0.3 0.121894 0.765554 
2.5 0.3 0.0916896 0.792988 
2.55 0.3 0.0578841 0.812967 
2.6 0.3 0.0217747 0.823884 
2.65 0.3 -0.0152079 0.824794 
2.7 0.3 -0.0515806 0.815613 
2.75 0.3 -0.0858973 0.797147 
2.8 0.3 -0.116832 0.770904 
2.85 0.3 -0.143245 0.738799 
2.9 0.3 -0.164223 0.702831 
2.95 0.3 -0.179098 0.664846 
3 0.3 -0.187443 0.62641 
3.05 0.3 -0.189065 0.588793 
3.1 0.3 -0.183984 0.553011 
3.15 0.3 -0.172427 0.519911 
3.2 0.3 -0.154816 0.490232 
3.25 0.3 -0.131763 0.464654 
3.3 0.3 -0.104063 0.443813 
3.35 0.3 -0.0726741 0.428276 
3.4 0.3 -0.0386972 0.41851 
3.45 0.3 -0.00333747 0.414827 
3.5 0.3 0.0321419 0.417349 
3.55 0.3 0.0664727 0.425992 
3.6 0.3 0.0984351 0.440477 
3.65 0.3 0.126906 0.460363 
3.7 0.3 0.150897 0.485097 
3.75 0.3 0.169583 0.514056 
3.8 0.3 0.182317 0.546566 
3.85 0.3 0.18864 0.581902 
3.9 0.3 0.188289 0.619244 
3.95 0.3 0.181203 0.657613 
4 0.3 0.167536 0.695793 
4.05 0.3 0.147668 0.732276 
4.1 0.3 0.122223 0.765265 
4.15 0.3 0.0920673 0.792776 
4.2 0.3 0.0583005 0.812857 
4.25 0.3 0.0222172 0.823899 
4.3 0.3 -0.0147534 0.824948 
4.35 0.3 -0.051129 0.815912 
4.4 0.3 -0.0854632 0.797584 
4.45 0.3 -0.116429 0.771468 
4.5 0.3 -0.142887 0.739471 
4.55 0.3 -0.163921 0.70359 
4.6 0.3 -0.178864 0.66567 
4.65 0.3 -0.187289 0.627278 
4.7 0.3 -0.189001 0.58968 
4.75 0.3 -0.18402 0.553893 
4.8 0.3 -0.17257 0.520758 
4.85 0.3 -0.155062 0.491011 
4.9 0.3 -0.132085 0.465333 
4.95 0.3 -0.104392 0.444373 
5 0.3 -0.0728777 0.428742 
0 0.35 -0.121255 0.39565 
0.05 0.35 -0.0847474 0.378192 
0.1 0.35 -0.0450926 0.367108 
0.15 0.35 -0.00375565 0.362876 
0.2 0.35 0.0377375 0.365683 
0.25 0.35 0.0778662 0.375415 
0.3 0.35 0.115179 0.391679 
0.35 0.35 0.148348 0.413871 
0.4 0.35 0.176219 0.441251 
0.45 0.35 0.197832 0.473021 
0.5 0.35 0.212449 0.508364 
0.55 0.35 0.219558 0.546444 
0.6 0.35 0.218876 0.586365 
0.65 0.35 0.210361 0.627093 
0.7 0.35 0.19422 0.66737 
0.75 0.35 0.170921 0.705646 
0.8 0.35 0.141207 0.740086 
0.85 0.35 0.106095 0.768669 
0.9 0.35 0.0668619 0.789419 
0.95 0.35 0.0249991 0.800718 
1 0.35 -0.0178545 0.801612 
1.05 0.35 -0.0600025 0.792024 
1.1 0.35 -0.0997896 0.772771 
1.15 0.35 -0.135694 0.745379 
1.2 0.35 -0.166399 0.711787 
1.25 0.35 -0.190842 0.674027 
1.3 0.35 -0.208234 0.633976 
1.35 0.35 -0.218062 0.593232 
1.4 0.35 -0.220075 0.5531 
1.45 0.35 -0.214277 0.514643 
1.5 0.35 -0.20091 0.478772 
1.55 0.35 -0.18045 0.446328 
1.6 0.35 -0.153598 0.418125 
1.65 0.35 -0.121278 0.394965 
1.7 0.35 -0.0846125 0.377594 
1.75 0.35 -0.0448981 0.36664 
1.8 0.35 -0.00355898 0.362533 
1.85 0.35 0.0379097 0.365441 
1.9 0.35 0.0780071 0.375244 
1.95 0.35 0.115293 0.391554 
2 0.35 0.148444 0.413771 
2.05 0.35 0.176307 0.441163 
2.1 0.35 0.197922 0.472935 
2.15 0.35 0.212549 0.508274 
2.2 0.35 0.219673 0.546347 
2.25 0.35 0.21901 0.58626 
2.3 0.35 0.210517 0.626983 
2.35 0.35 0.194397 0.66726 
2.4 0.35 0.171119 0.705543 
2.45 0.35 0.141423 0.74 
2.5 0.35 0.106324 0.768611 
2.55 0.35 0.0670987 0.7894 
2.6 0.35 0.0252361 0.800745 
2.65 0.35 -0.017625 0.801689 
2.7 0.35 -0.0597888 0.792152 
2.75 0.35 -0.0995998 0.772942 
2.8 0.35 -0.135535 0.745586 
2.85 0.35 -0.166278 0.712021 
2.9 0.35 -0.190765 0.674278 
2.95 0.35 -0.208205 0.634234 
3 0.35 -0.218083 0.593491 
3.05 0.35 -0.220149 0.553352 
3.1 0.35 -0.214402 0.514882 
3.15 0.35 -0.201085 0.478993 
3.2 0.35 -0.180671 0.446523 
3.25 0.35 -0.153862 0.418287 
3.3 0.35 -0.121576 0.395087 
3.35 0.35 -0.0849357 0.37767 
3.4 0.35 -0.0452366 0.366664 
3.45 0.35 -0.00390137 0.362502 
3.5 0.35 0.0375755 0.365353 
3.55 0.35 0.0776932 0.375101 
3.6 0.35 0.115011 0.391359 
3.65 0.35 0.148205 0.413528 
3.7 0.35 0.17612 0.440878 
3.75 0.35 0.197796 0.472613 
3.8 0.35 0.212491 0.507922 
3.85 0.35 0.219687 0.545972 
3.9 0.35 0.219099 0.585871 
3.95 0.35 0.210683 0.626591 
4 0.35 0.194638 0.666879 
4.05 0.35 0.171432 0.705194 
4.1 0.35 0.1418 0.739705 
4.15 0.35 0.106757 0.768396 
4.2 0.35 0.067575 0.78929 
4.25 0.35 0.025742 0.800762 
4.3 0.35 -0.0171051 0.801846 
4.35 0.35 -0.0592705 0.792452 
4.4 0.35 -0.0990981 0.77338 
4.45 0.35 -0.135063 0.746146 
4.5 0.35 -0.165847 0.712682 
4.55 0.35 -0.190383 0.675017 
4.6 0.35 -0.207879 0.635028 
4.65 0.35 -0.217815 0.594314 
4.7 0.35 -0.21994 0.554181 
4.75 0.35 -0.21425 0.515695 
4.8 0.35 -0.20098 0.479766 
4.85 0.35 -0.180595 0.447235 
4.9 0.35 -0.153778 0.418925 
4.95 0.35 -0.121425 0.39565 
5 0.35 -0.0846273 0.378192 
0 0.4 -0.134175 0.358935 
0.05 0.4 -0.0936618 0.339697 
0.1 0.4 -0.0496669 0.327433 
0.15 0.4 -0.00380026 0.322757 
0.2 0.4 0.0422401 0.325917 
0.25 0.4 0.0867512 0.336756 
0.3 0.4 0.128105 0.354748 
0.35 0.4 0.164815 0.379088 
0.4 0.4 0.195593 0.408814 
0.45 0.4 0.219381 0.442917 
0.5 0.4 0.235375 0.480413 
0.55 0.4 0.243025 0.520352 
0.6 0.4 0.242047 0.561775 
0.65 0.4 0.232421 0.603629 
0.7 0.4 0.214404 0.64467 
0.75 0.4 0.188537 0.683392 
0.8 0.4 0.155654 0.718023 
0.85 0.4 0.116886 0.746629 
0.9 0.4 0.0736333 0.767323 
0.95 0.4 0.0275236 0.778565 
1 0.4 -0.0196615 0.779453 
1.05 0.4 -0.0660808 0.769915 
1.1 0.4 -0.109936 0.750721 
1.15 0.4 -0.149566 0.723324 
1.2 0.4 -0.183529 0.689573 
1.25 0.4 -0.210647 0.651411 
1.3 0.4 -0.230035 0.610648 
1.35 0.4 -0.241101 0.568836 
1.4 0.4 -0.243543 0.527257 
1.45 0.4 -0.237334 0.486989 
1.5 0.4 -0.222714 0.448998 
1.55 0.4 -0.200186 0.414229 
1.6 0.4 -0.170512 0.383659 
1.65 0.4 -0.134708 0.358293 
1.7 0.4 -0.0940214 0.339102 
1.75 0.4 -0.0499035 0.326926 
1.8 0.4 -0.00395522 0.322345 
1.85 0.4 0.0421391 0.32559 
1.9 0.4 0.0866883 0.336498 
1.95 0.4 0.128072 0.354539 
2 0.4 0.16481 0.378913 
2.05 0.4 0.195616 0.408661 
2.1 0.4 0.219433 0.442778 
2.15 0.4 0.235456 0.480282 
2.2 0.4 0.243136 0.520224 
2.25 0.4 0.242188 0.561649 
2.3 0.4 0.232592 0.603505 
2.35 0.4 0.214602 0.644552 
2.4 0.4 0.188759 0.683286 
2.45 0.4 0.155896 0.717939 
2.5 0.4 0.117143 0.746575 
2.55 0.4 0.0738976 0.767309 
2.6 0.4 0.0277876 0.778599 
2.65 0.4 -0.0194063 0.779538 
2.7 0.4 -0.0658434 0.770049 
2.75 0.4 -0.109725 0.7509 
2.8 0.4 -0.14939 0.72354 
2.85 0.4 -0.183395 0.689817 
2.9 0.4 -0.210561 0.651674 
2.95 0.4 -0.230002 0.610921 
3 0.4 -0.241124 0.569112 
3.05 0.4 -0.243624 0.527529 
3.1 0.4 -0.237472 0.48725 
3.15 0.4 -0.222908 0.449242 
3.2 0.4 -0.200432 0.414449 
3.25 0.4 -0.170805 0.383845 
3.3 0.4 -0.135039 0.358436 
3.35 0.4 -0.0943812 0.339195 
3.4 0.4 -0.0502805 0.326961 
3.45 0.4 -0.00433634 0.322319 
3.5 0.4 0.0417673 0.3255 
3.55 0.4 0.0863395 0.336346 
3.6 0.4 0.127759 0.354331 
3.65 0.4 0.164545 0.378655 
3.7 0.4 0.19541 0.40836 
3.75 0.4 0.219295 0.442442 
3.8 0.4 0.235392 0.479918 
3.85 0.4 0.243152 0.519841 
3.9 0.4 0.242287 0.561256 
3.95 0.4 0.232774 0.603113 
4 0.4 0.214866 0.644175 
4.05 0.4 0.1891 0.682943 
4.1 0.4 0.156307 0.717651 
4.15 0.4 0.117613 0.746367 
4.2 0.4 0.0744139 0.767204 
4.25 0.4 0.0283355 0.778616 
4.3 0.4 -0.0188426 0.779689 
4.35 0.4 -0.0652795 0.770335 
4.4 0.4 -0.109175 0.751314 
4.45 0.4 -0.148866 0.724065 
4.5 0.4 -0.182904 0.69043 
4.55 0.4 -0.210106 0.652351 
4.6 0.4 -0.229582 0.611636 
4.65 0.4 -0.240734 0.56984 
4.7 0.4 -0.243252 0.528247 
4.75 0.4 -0.237102 0.487939 
4.8 0.4 -0.222516 0.449886 
4.85 0.4 -0.199989 0.415038 
4.9 0.4 -0.170272 0.384381 
4.95 0.4 -0.134369 0.358935 
5 0.4 -0.0935258 0.339697 
0 0.45 -0.142329 0.330809 
0.05 0.45 -0.0992588 0.309818 
0.1 0.45 -0.0524786 0.296373 
0.15 0.45 -0.00369791 0.291257 
0.2 0.45 0.0452653 0.294784 
0.25 0.45 0.0925801 0.306746 
0.3 0.45 0.136495 0.326455 
0.35 0.45 0.175415 0.35287 
0.4 0.45 0.207968 0.384769 
0.45 0.45 0.233037 0.420904 
0.5 0.45 0.249781 0.460099 
0.55 0.45 0.257646 0.501278 
0.6 0.45 0.256358 0.54342 
0.65 0.45 0.245929 0.585473 
0.7 0.45 0.226661 0.626246 
0.75 0.45 0.199152 0.664337 
0.8 0.45 0.164302 0.698121 
0.85 0.45 0.12331 0.725839 
0.9 0.45 0.0776481 0.745792 
0.95 0.45 0.0290165 0.756598 
1 0.45 -0.020732 0.757451 
1.05 0.45 -0.069685 0.748284 
1.1 0.45 -0.115973 0.729789 
1.15 0.45 -0.157863 0.703265 
1.2 0.45 -0.193841 0.670378 
1.25 0.45 -0.222658 0.632892 
1.3 0.45 -0.243363 0.592461 
1.35 0.45 -0.255305 0.550528 
1.4 0.45 -0.258134 0.508312 
1.45 0.45 -0.251787 0.466883 
1.5 0.45 -0.236487 0.427256 
1.55 0.45 -0.212741 0.390494 
1.6 0.45 -0.181338 0.357752 
1.65 0.45 -0.143347 0.330273 
1.7 0.45 -0.100097 0.309292 
1.75 0.45 -0.0531432 0.295892 
1.8 0.45 -0.00421151 0.290833 
1.85 0.45 0.044878 0.294419 
1.9 0.45 0.0922976 0.306433 
1.95 0.45 0.1363 0.326186 
2 0.45 0.175295 0.352637 
2.05 0.45 0.207913 0.384565 
2.1 0.45 0.233039 0.420722 
2.15 0.45 0.249834 0.459934 
2.2 0.45 0.257745 0.501125 
2.25 0.45 0.256498 0.543278 
2.3 0.45 0.246106 0.585341 
2.35 0.45 0.226871 0.626127 
2.4 0.45 0.19939 0.664235 
2.45 0.45 0.164562 0.698043 
2.5 0.45 0.123584 0.725794 
2.55 0.45 0.0779302 0.745787 
2.6 0.45 0.0292979 0.756639 
2.65 0.45 -0.0204604 0.757541 
2.7 0.45 -0.0694325 0.748423 
2.75 0.45 -0.115748 0.729972 
2.8 0.45 -0.157676 0.703485 
2.85 0.45 -0.193698 0.670627 
2.9 0.45 -0.222566 0.633162 
2.95 0.45 -0.243326 0.592744 
3 0.45 -0.255328 0.550817 
3.05 0.45 -0.258218 0.508601 
3.1 0.45 -0.251933 0.467165 
3.15 0.45 -0.236692 0.427523 
3.2 0.45 -0.213002 0.390737 
3.25 0.45 -0.18165 0.357962 
3.3 0.45 -0.1437 0.330438 
3.35 0.45 -0.100481 0.309402 
3.4 0.45 -0.0535452 0.295938 
3.45 0.45 -0.00461798 0.290811 
3.5 0.45 0.0444818 0.294327 
3.55 0.45 0.0919263 0.306274 
3.6 0.45 0.135968 0.325967 
3.65 0.45 0.175015 0.352366 
3.7 0.45 0.207696 0.384252 
3.75 0.45 0.232893 0.420377 
3.8 0.45 0.249768 0.459565 
3.85 0.45 0.257763 0.500742 
3.9 0.45 0.256603 0.542889 
3.95 0.45 0.246298 0.584958 
4 0.45 0.227147 0.625763 
4.05 0.45 0.199745 0.663907 
4.1 0.45 0.164989 0.697771 
4.15 0.45 0.124072 0.725599 
4.2 0.45 0.0784648 0.745689 
4.25 0.45 0.0298647 0.756654 
4.3 0.45 -0.0198768 0.757678 
4.35 0.45 -0.0688468 0.748681 
4.4 0.45 -0.115173 0.730342 
4.45 0.45 -0.157119 0.703949 
4.5 0.45 -0.193164 0.671162 
4.55 0.45 -0.222052 0.633742 
4.6 0.45 -0.242825 0.593343 
4.65 0.45 -0.254823 0.55141 
4.7 0.45 -0.257688 0.509167 
4.75 0.45 -0.251348 0.467686 
4.8 0.45 -0.23602 0.427991 
4.85 0.45 -0.212204 0.391152 
4.9 0.45 -0.180685 0.358339 
4.95 0.45 -0.142539 0.330809 
5 0.45 -0.0991126 0.309818 
0 0.5 -0.145294 0.307905 
0.05 0.5 -0.101255 0.28527 
0.1 0.5 -0.0533989 0.27071 
0.15 0.5 -0.00348191 0.265181 
0.2 0.5 0.0466183 0.269069 
0.25 0.5 0.0950054 0.282107 
0.3 0.5 0.139865 0.303436 
0.35 0.5 0.179555 0.331771 
0.4 0.5 0.212665 0.365616 
0.45 0.5 0.238064 0.403474 
0.5 0.5 0.254914 0.44397 
0.55 0.5 0.262673 0.485898 
0.6 0.5 0.261097 0.528179 
0.65 0.5 0.250232 0.569769 
0.7 0.5 0.230415 0.609555 
0.75 0.5 0.202282 0.646273 
0.8 0.5 0.166764 0.678498 
0.85 0.5 0.125085 0.704712 
0.9 0.5 0.0787334 0.723461 
0.95 0.5 0.0294142 0.733574 
1 0.5 -0.0210198 0.73437 
1.05 0.5 -0.0706597 0.725795 
1.1 0.5 -0.117637 0.708429 
1.15 0.5 -0.160215 0.683374 
1.2 0.5 -0.196863 0.652052 
1.25 0.5 -0.226312 0.615982 
1.3 0.5 -0.247576 0.576611 
1.35 0.5 -0.259971 0.535231 
1.4 0.5 -0.263107 0.492975 
1.45 0.5 -0.256884 0.45089 
1.5 0.5 -0.241498 0.410041 
1.55 0.5 -0.217436 0.37161 
1.6 0.5 -0.185481 0.336942 
1.65 0.5 -0.146715 0.307522 
1.7 0.5 -0.102498 0.284861 
1.75 0.5 -0.0544339 0.270299 
1.8 0.5 -0.00431343 0.264784 
1.85 0.5 0.0459713 0.268695 
1.9 0.5 0.0945192 0.281763 
1.95 0.5 0.139517 0.303125 
2 0.5 0.179323 0.331492 
2.05 0.5 0.212533 0.365369 
2.1 0.5 0.238015 0.403255 
2.15 0.5 0.254935 0.443776 
2.2 0.5 0.262755 0.485726 
2.25 0.5 0.26123 0.528026 
2.3 0.5 0.250408 0.569635 
2.35 0.5 0.230628 0.609439 
2.4 0.5 0.202525 0.646179 
2.45 0.5 0.16703 0.678431 
2.5 0.5 0.125367 0.704678 
2.55 0.5 0.0790227 0.723466 
2.6 0.5 0.0297024 0.733624 
2.65 0.5 -0.020742 0.734467 
2.7 0.5 -0.0704017 0.725937 
2.75 0.5 -0.117408 0.708613 
2.8 0.5 -0.160023 0.683595 
2.85 0.5 -0.196716 0.652303 
2.9 0.5 -0.226216 0.616255 
2.95 0.5 -0.247538 0.576901 
3 0.5 -0.259994 0.53553 
3.05 0.5 -0.263191 0.493277 
3.1 0.5 -0.257032 0.451189 
3.15 0.5 -0.241708 0.410329 
3.2 0.5 -0.217703 0.371876 
3.25 0.5 -0.1858 0.337174 
3.3 0.5 -0.147076 0.307708 
3.35 0.5 -0.102891 0.284988 
3.4 0.5 -0.0548463 0.270357 
3.45 0.5 -0.00473035 0.264766 
3.5 0.5 0.0455651 0.268601 
3.55 0.5 0.094139 0.281597 
3.6 0.5 0.139177 0.302895 
3.65 0.5 0.179037 0.33121 
3.7 0.5 0.212311 0.365046 
3.75 0.5 0.237868 0.402903 
3.8 0.5 0.254869 0.443406 
3.85 0.5 0.262774 0.485347 
3.9 0.5 0.261336 0.527648 
3.95 0.5 0.250601 0.569268 
4 0.5 0.230906 0.609095 
4.05 0.5 0.202881 0.645873 
4.1 0.5 0.167456 0.67818 
4.15 0.5 0.125852 0.704499 
4.2 0.5 0.0795533 0.723376 
4.25 0.5 0.0302644 0.733634 
4.3 0.5 -0.0201631 0.734582 
4.35 0.5 -0.0698188 0.726155 
4.4 0.5 -0.116831 0.708923 
4.45 0.5 -0.159458 0.683979 
4.5 0.5 -0.196163 0.652737 
4.55 0.5 -0.225667 0.616714 
4.6 0.5 -0.246977 0.577357 
4.65 0.5 -0.259398 0.53596 
4.7 0.5 -0.262531 0.493659 
4.75 0.5 -0.256269 0.451509 
4.8 0.5 -0.240798 0.410584 
4.85 0.5 -0.216605 0.372077 
4.9 0.5 -0.184477 0.337349 
4.95 0.5 -0.14551 0.307905 
5 0.5 -0.101104 0.28527 
0 0.55 -0.142892 0.287327 
0.05 0.55 -0.0995318 0.263348 
0.1 0.55 -0.0523819 0.247868 
0.15 0.55 -0.0031834 0.242003 
0.2 0.55 0.0461918 0.246203 
0.25 0.55 0.0938502 0.260148 
0.3 0.55 0.137983 0.282821 
0.35 0.55 0.176959 0.31271 
0.4 0.55 0.209388 0.348073 
0.45 0.55 0.234166 0.387187 
0.5 0.55 0.250488 0.428498 
0.55 0.55 0.257852 0.470681 
0.6 0.55 0.256048 0.512606 
0.65 0.55 0.245154 0.553241 
0.7 0.55 0.225534 0.591557 
0.75 0.55 0.197834 0.626446 
0.8 0.55 0.162982 0.656701 
0.85 0.55 0.122179 0.681068 
0.9 0.55 0.0768723 0.698366 
0.95 0.55 0.0287115 0.707652 
1 0.55 -0.0205209 0.708382 
1.05 0.55 -0.06899 0.700511 
1.1 0.55 -0.114898 0.684504 
1.15 0.55 -0.156567 0.661246 
1.2 0.55 -0.192511 0.63189 
1.25 0.55 -0.221485 0.597687 
1.3 0.55 -0.242511 0.559856 
1.35 0.55 -0.254892 0.51952 
1.4 0.55 -0.258216 0.477719 
1.45 0.55 -0.252352 0.435474 
1.5 0.55 -0.237459 0.393892 
1.55 0.55 -0.213984 0.354264 
1.6 0.55 -0.182677 0.318106 
1.65 0.55 -0.14459 0.287126 
1.7 0.55 -0.101062 0.263083 
1.75 0.55 -0.0536878 0.247551 
1.8 0.55 -0.00425404 0.241653 
1.85 0.55 0.0453442 0.245838 
1.9 0.55 0.0932031 0.259786 
1.95 0.55 0.137511 0.282476 
2 0.55 0.176635 0.312392 
2.05 0.55 0.209189 0.347789 
2.1 0.55 0.234071 0.386937 
2.15 0.55 0.25048 0.428281 
2.2 0.55 0.257914 0.470495 
2.25 0.55 0.256169 0.512447 
2.3 0.55 0.245324 0.553107 
2.35 0.55 0.225743 0.591447 
2.4 0.55 0.198074 0.626362 
2.45 0.55 0.163245 0.656647 
2.5 0.55 0.122457 0.681047 
2.55 0.55 0.0771578 0.698383 
2.6 0.55 0.0289955 0.707711 
2.65 0.55 -0.0202475 0.708484 
2.7 0.55 -0.0687361 0.700655 
2.75 0.55 -0.114672 0.684688 
2.8 0.55 -0.156378 0.661466 
2.85 0.55 -0.192366 0.63214 
2.9 0.55 -0.22139 0.597961 
2.95 0.55 -0.242472 0.560149 
3 0.55 -0.254912 0.519827 
3.05 0.55 -0.258298 0.478032 
3.1 0.55 -0.252496 0.435787 
3.15 0.55 -0.237664 0.394197 
3.2 0.55 -0.214246 0.354549 
3.25 0.55 -0.182991 0.318358 
3.3 0.55 -0.144946 0.28733 
3.35 0.55 -0.10145 0.263225 
3.4 0.55 -0.054095 0.247619 
3.45 0.55 -0.00466578 0.24164 
3.5 0.55 0.0449432 0.245743 
3.55 0.55 0.0928281 0.259614 
3.6 0.55 0.137176 0.282238 
3.65 0.55 0.176354 0.312101 
3.7 0.55 0.208972 0.347459 
3.75 0.55 0.233927 0.386582 
3.8 0.55 0.250415 0.427913 
3.85 0.55 0.257933 0.470124 
3.9 0.55 0.256272 0.512082 
3.95 0.55 0.245511 0.552759 
4 0.55 0.226011 0.591126 
4.05 0.55 0.198416 0.626081 
4.1 0.55 0.163653 0.656418 
4.15 0.55 0.12292 0.680884 
4.2 0.55 0.0776636 0.698298 
4.25 0.55 0.0295304 0.707712 
4.3 0.55 -0.0196964 0.708572 
4.35 0.55 -0.06818 0.700827 
4.4 0.55 -0.114119 0.68493 
4.45 0.55 -0.15583 0.661759 
4.5 0.55 -0.191819 0.632461 
4.55 0.55 -0.220833 0.598285 
4.6 0.55 -0.241883 0.560448 
4.65 0.55 -0.254264 0.520078 
4.7 0.55 -0.257552 0.478215 
4.75 0.55 -0.251611 0.43589 
4.8 0.55 -0.236591 0.394222 
4.85 0.55 -0.212941 0.354515 
4.9 0.55 -0.181421 0.318307 
4.95 0.55 -0.143106 0.287327 
5 0.55 -0.0993826 0.263348 
0 0.6 -0.135194 0.266792 
0.05 0.6 -0.0941422 0.242014 
0.1 0.6 -0.0494652 0.225975 
0.15 0.6 -0.00282843 0.219914 
0.2 0.6 0.0439718 0.224326 
0.25 0.6 0.0891172 0.238849 
0.3 0.6 0.130874 0.262346 
0.35 0.6 0.167684 0.293134 
0.4 0.6 0.19823 0.329289 
0.45 0.6 0.221479 0.368918 
0.5 0.6 0.236687 0.410339 
0.55 0.6 0.243407 0.452142 
0.6 0.6 0.24147 0.493159 
0.65 0.6 0.23098 0.53238 
0.7 0.6 0.212309 0.568857 
0.75 0.6 0.186086 0.601633 
0.8 0.6 0.153199 0.629712 
0.85 0.6 0.114783 0.652093 
0.9 0.6 0.0721913 0.667855 
0.95 0.6 0.0269566 0.676274 
1 0.6 -0.0192694 0.676934 
1.05 0.6 -0.0647892 0.669801 
1.1 0.6 -0.107938 0.65523 
1.15 0.6 -0.147157 0.633899 
1.2 0.6 -0.181059 0.606704 
1.25 0.6 -0.208468 0.574638 
1.3 0.6 -0.228452 0.538701 
1.35 0.6 -0.240333 0.499855 
1.4 0.6 -0.243695 0.459044 
1.45 0.6 -0.238385 0.417262 
1.5 0.6 -0.22452 0.375643 
1.55 0.6 -0.202495 0.335555 
1.6 0.6 -0.173 0.298642 
1.65 0.6 -0.137017 0.266774 
1.7 0.6 -0.0958151 0.241896 
1.75 0.6 -0.0509157 0.22576 
1.8 0.6 -0.00403426 0.21962 
1.85 0.6 0.0430056 0.223978 
1.9 0.6 0.0883712 0.238477 
1.95 0.6 0.130322 0.261975 
2 0.6 0.167299 0.292784 
2.05 0.6 0.197986 0.328973 
2.1 0.6 0.221351 0.368642 
2.15 0.6 0.236655 0.410104 
2.2 0.6 0.243451 0.451945 
2.25 0.6 0.241577 0.492997 
2.3 0.6 0.231137 0.532249 
2.35 0.6 0.212506 0.568756 
2.4 0.6 0.186313 0.601562 
2.45 0.6 0.153449 0.629672 
2.5 0.6 0.115047 0.652086 
2.55 0.6 0.072462 0.667884 
2.6 0.6 0.0272255 0.676341 
2.65 0.6 -0.0190106 0.677041 
2.7 0.6 -0.064549 0.669948 
2.75 0.6 -0.107724 0.655414 
2.8 0.6 -0.146978 0.634117 
2.85 0.6 -0.180921 0.606951 
2.9 0.6 -0.208377 0.57491 
2.95 0.6 -0.228413 0.538994 
3 0.6 -0.240351 0.500163 
3.05 0.6 -0.243771 0.459363 
3.1 0.6 -0.23852 0.417584 
3.15 0.6 -0.224712 0.375959 
3.2 0.6 -0.202743 0.335853 
3.25 0.6 -0.173297 0.298907 
3.3 0.6 -0.137355 0.266991 
3.35 0.6 -0.0961833 0.242049 
3.4 0.6 -0.0513023 0.225835 
3.45 0.6 -0.00442517 0.21961 
3.5 0.6 0.042625 0.223883 
3.55 0.6 0.0880155 0.238303 
3.6 0.6 0.130005 0.261733 
3.65 0.6 0.167033 0.29249 
3.7 0.6 0.197781 0.328642 
3.75 0.6 0.221215 0.36829 
3.8 0.6 0.236593 0.409743 
3.85 0.6 0.243468 0.451586 
3.9 0.6 0.241672 0.492649 
3.95 0.6 0.231311 0.531922 
4 0.6 0.212753 0.568459 
4.05 0.6 0.186629 0.601304 
4.1 0.6 0.153824 0.629463 
4.15 0.6 0.115472 0.651937 
4.2 0.6 0.0729245 0.667802 
4.25 0.6 0.0277138 0.676329 
4.3 0.6 -0.018508 0.677098 
4.35 0.6 -0.0640411 0.670067 
4.4 0.6 -0.107217 0.655582 
4.45 0.6 -0.146471 0.634315 
4.5 0.6 -0.180407 0.607157 
4.55 0.6 -0.207842 0.575098 
4.6 0.6 -0.227833 0.539136 
4.65 0.6 -0.239693 0.500237 
4.7 0.6 -0.242997 0.459349 
4.75 0.6 -0.237584 0.417474 
4.8 0.6 -0.223566 0.375759 
4.85 0.6 -0.201344 0.335592 
4.9 0.6 -0.171618 0.298637 
4.95 0.6 -0.135397 0.266792 
5 0.6 -0.0940011 0.242014 
0 0.65 -0.122545 0.244595 
0.05 0.65 -0.0853231 0.21982 
0.1 0.65 -0.0447779 0.203755 
0.15 0.65 -0.00243687 0.197699 
0.2 0.65 0.0400484 0.202168 
0.25 0.65 0.081006 0.216778 
0.3 0.65 0.118845 0.240329 
0.35 0.65 0.152142 0.271053 
0.4 0.65 0.179704 0.306937 
0.45 0.65 0.200602 0.346015 
0.5 0.65 0.214182 0.386545 
0.55 0.65 0.220059 0.427086 
0.6 0.65 0.21811 0.466464 
0.65 0.65 0.208454 0.503705 
0.7 0.65 0.191448 0.53794 
0.75 0.65 0.167679 0.568344 
0.8 0.65 0.137959 0.594106 
0.85 0.65 0.103313 0.614445 
0.9 0.65 0.0649544 0.628663 
0.95 0.65 0.024249 0.636219 
1 0.65 -0.017336 0.63681 
1.05 0.65 -0.0582945 0.630411 
1.1 0.65 -0.0971478 0.617281 
1.15 0.65 -0.132508 0.597922 
1.2 0.65 -0.163132 0.573012 
1.25 0.65 -0.18796 0.543321 
1.3 0.65 -0.206141 0.509655 
1.35 0.65 -0.217046 0.472837 
1.4 0.65 -0.220276 0.433722 
1.45 0.65 -0.215667 0.393262 
1.5 0.65 -0.203298 0.352591 
1.55 0.65 -0.183504 0.313107 
1.6 0.65 -0.156888 0.276506 
1.65 0.65 -0.124332 0.244738 
1.7 0.65 -0.0869846 0.219834 
1.75 0.65 -0.0462367 0.203635 
1.8 0.65 -0.0036635 0.197461 
1.85 0.65 0.0390556 0.201844 
1.9 0.65 0.0802327 0.216406 
1.95 0.65 0.118268 0.239943 
2 0.65 0.151736 0.270681 
2.05 0.65 0.179442 0.3066 
2.1 0.65 0.200458 0.345721 
2.15 0.65 0.214134 0.386298 
2.2 0.65 0.22009 0.426883 
2.25 0.65 0.218202 0.466303 
2.3 0.65 0.208594 0.50358 
2.35 0.65 0.191626 0.537849 
2.4 0.65 0.167885 0.568285 
2.45 0.65 0.138186 0.59408 
2.5 0.65 0.103553 0.614452 
2.55 0.65 0.0652001 0.628703 
2.6 0.65 0.0244928 0.636295 
2.65 0.65 -0.0171016 0.636922 
2.7 0.65 -0.0580769 0.630558 
2.75 0.65 -0.0969543 0.617461 
2.8 0.65 -0.132346 0.598135 
2.85 0.65 -0.163007 0.573253 
2.9 0.65 -0.187877 0.543587 
2.95 0.65 -0.206105 0.509943 
3 0.65 -0.21706 0.473142 
3.05 0.65 -0.220343 0.434039 
3.1 0.65 -0.215788 0.393583 
3.15 0.65 -0.203471 0.352908 
3.2 0.65 -0.183727 0.313407 
3.25 0.65 -0.157157 0.276775 
3.3 0.65 -0.124638 0.244959 
3.35 0.65 -0.087319 0.219991 
3.4 0.65 -0.046588 0.203714 
3.45 0.65 -0.00401882 0.197455 
3.5 0.65 0.0387098 0.201752 
3.55 0.65 0.0799097 0.216234 
3.6 0.65 0.117981 0.239705 
3.65 0.65 0.151495 0.270392 
3.7 0.65 0.179256 0.306277 
3.75 0.65 0.200335 0.345379 
3.8 0.65 0.214079 0.38595 
3.85 0.65 0.220104 0.426541 
3.9 0.65 0.218287 0.465975 
3.95 0.65 0.208748 0.503276 
4 0.65 0.191845 0.537575 
4.05 0.65 0.168164 0.56805 
4.1 0.65 0.138517 0.593889 
4.15 0.65 0.103926 0.614313 
4.2 0.65 0.0656045 0.628619 
4.25 0.65 0.0249186 0.636268 
4.3 0.65 -0.016664 0.636947 
4.35 0.65 -0.0576346 0.630627 
4.4 0.65 -0.0965108 0.61756 
4.45 0.65 -0.131899 0.598244 
4.5 0.65 -0.162549 0.573351 
4.55 0.65 -0.187392 0.543648 
4.6 0.65 -0.205568 0.509943 
4.65 0.65 -0.216439 0.473058 
4.7 0.65 -0.219599 0.433853 
4.75 0.65 -0.214876 0.39329 
4.8 0.65 -0.202348 0.352518 
4.85 0.65 -0.182354 0.312955 
4.9 0.65 -0.155511 0.276323 
4.95 0.65 -0.122726 0.244595 
5 0.65 -0.085197 0.21982 
0 0.7 -0.105593 0.219561 
0.05 0.7 -0.0735214 0.195795 
0.1 0.7 -0.0385534 0.180371 
0.15 0.7 -0.00202298 0.17457 
0.2 0.7 0.0346271 0.178899 
0.25 0.7 0.0699373 0.192975 
0.3 0.7 0.102522 0.215605 
0.35 0.7 0.131147 0.245043 
0.4 0.7 0.154785 0.279307 
0.45 0.7 0.172643 0.31646 
0.5 0.7 0.184176 0.3548 
0.55 0.7 0.189071 0.392916 
0.6 0.7 0.187241 0.429679 
0.65 0.7 0.178811 0.464167 
0.7 0.7 0.164103 0.495595 
0.75 0.7 0.143635 0.523255 
0.8 0.7 0.118112 0.546489 
0.85 0.7 0.0884114 0.564689 
0.9 0.7 0.0555682 0.577333 
0.95 0.7 0.0207409 0.584026 
1 0.7 -0.0148296 0.584549 
1.05 0.7 -0.0498707 0.578883 
1.1 0.7 -0.0831323 0.567215 
1.15 0.7 -0.113438 0.549911 
1.2 0.7 -0.139729 0.527476 
1.25 0.7 -0.161096 0.500502 
1.3 0.7 -0.176804 0.469641 
1.35 0.7 -0.1863 0.435589 
1.4 0.7 -0.189224 0.399115 
1.45 0.7 -0.185416 0.361112 
1.5 0.7 -0.174921 0.322673 
1.55 0.7 -0.158009 0.285159 
1.6 0.7 -0.135184 0.250236 
1.65 0.7 -0.107193 0.219818 
1.7 0.7 -0.0750268 0.19591 
1.75 0.7 -0.0398917 0.18033 
1.8 0.7 -0.00316082 0.174387 
1.85 0.7 0.0336976 0.178607 
1.9 0.7 0.0692078 0.192616 
1.95 0.7 0.101974 0.215221 
2 0.7 0.130759 0.244668 
2.05 0.7 0.154531 0.278964 
2.1 0.7 0.172501 0.316163 
2.15 0.7 0.184124 0.354551 
2.2 0.7 0.189091 0.392716 
2.25 0.7 0.187318 0.429523 
2.3 0.7 0.178931 0.464051 
2.35 0.7 0.164257 0.495515 
2.4 0.7 0.143814 0.523209 
2.45 0.7 0.118309 0.546474 
2.5 0.7 0.0886189 0.564706 
2.55 0.7 0.0557801 0.577381 
2.6 0.7 0.0209509 0.584107 
2.65 0.7 -0.0146279 0.584661 
2.7 0.7 -0.0496835 0.579027 
2.75 0.7 -0.0829656 0.567389 
2.8 0.7 -0.113297 0.550114 
2.85 0.7 -0.13962 0.527706 
2.9 0.7 -0.161023 0.500756 
2.95 0.7 -0.176771 0.469916 
3 0.7 -0.186311 0.435881 
3.05 0.7 -0.189281 0.399419 
3.1 0.7 -0.185518 0.361422 
3.15 0.7 -0.175069 0.322979 
3.2 0.7 -0.158201 0.28545 
3.25 0.7 -0.135414 0.250497 
3.3 0.7 -0.107456 0.220034 
3.35 0.7 -0.0753151 0.196064 
3.4 0.7 -0.0401948 0.180409 
3.45 0.7 -0.0034676 0.174383 
3.5 0.7 0.033399 0.178521 
3.55 0.7 0.0689291 0.192453 
3.6 0.7 0.101727 0.214994 
3.65 0.7 0.130551 0.244394 
3.7 0.7 0.154371 0.278658 
3.75 0.7 0.172396 0.315841 
3.8 0.7 0.184076 0.354226 
3.85 0.7 0.189102 0.392398 
3.9 0.7 0.187389 0.429221 
3.95 0.7 0.179061 0.463773 
4 0.7 0.164441 0.495266 
4.05 0.7 0.144048 0.522995 
4.1 0.7 0.118584 0.546301 
4.15 0.7 0.088929 0.564576 
4.2 0.7 0.0561157 0.577296 
4.25 0.7 0.0213031 0.584065 
4.3 0.7 -0.0142668 0.584657 
4.35 0.7 -0.0493191 0.579051 
4.4 0.7 -0.0825999 0.567427 
4.45 0.7 -0.112928 0.550148 
4.5 0.7 -0.139237 0.527714 
4.55 0.7 -0.160612 0.500716 
4.6 0.7 -0.176308 0.469803 
4.65 0.7 -0.185766 0.435675 
4.7 0.7 -0.188619 0.399106 
4.75 0.7 -0.1847 0.360997 
4.8 0.7 -0.174056 0.322458 
4.85 0.7 -0.156961 0.284872 
4.9 0.7 -0.133933 0.249926 
4.95 0.7 -0.105742 0.219561 
5 0.7 -0.0734175 0.195795 
0 0.75 -0.0853351 0.190991 
0.05 0.75 -0.0594234 0.16935 
0.1 0.75 -0.0311462 0.155302 
0.15 0.75 -0.00159748 0.15003 
0.2 0.75 0.028042 0.153998 
0.25 0.75 0.0565795 0.166849 
0.3 0.75 0.0828852 0.187479 
0.35 0.75 0.105957 0.214272 
0.4 0.75 0.124966 0.245397 
0.45 0.75 0.139281 0.279067 
0.5 0.75 0.148472 0.313708 
0.55 0.75 0.152303 0.348022 
0.6 0.75 0.150718 0.380971 
0.65 0.75 0.143832 0.411718 
0.7 0.75 0.131918 0.439573 
0.75 0.75 0.1154 0.463937 
0.8 0.75 0.0948494 0.484275 
0.85 0.75 0.0709723 0.500119 
0.9 0.75 0.0445958 0.511076 
0.95 0.75 0.0166428 0.51686 
1 0.75 -0.0119004 0.517311 
1.05 0.75 -0.0400234 0.512417 
1.1 0.75 -0.0667325 0.502311 
1.15 0.75 -0.0910911 0.487259 
1.2 0.75 -0.112253 0.467638 
1.25 0.75 -0.129489 0.443903 
1.3 0.75 -0.142203 0.416576 
1.35 0.75 -0.149942 0.386243 
1.4 0.75 -0.152405 0.353577 
1.45 0.75 -0.149447 0.319386 
1.5 0.75 -0.141092 0.28467 
1.55 0.75 -0.12754 0.250688 
1.6 0.75 -0.109185 0.218976 
1.65 0.75 -0.0866242 0.191304 
1.7 0.75 -0.0606555 0.169524 
1.75 0.75 -0.032259 0.155317 
1.8 0.75 -0.00255618 0.149896 
1.85 0.75 0.0272512 0.153746 
1.9 0.75 0.0559546 0.166522 
1.95 0.75 0.082414 0.187119 
2 0.75 0.105622 0.213916 
2.05 0.75 0.124746 0.245069 
2.1 0.75 0.139157 0.278783 
2.15 0.75 0.148425 0.313473 
2.2 0.75 0.152316 0.347835 
2.25 0.75 0.150779 0.380827 
2.3 0.75 0.14393 0.411615 
2.35 0.75 0.132043 0.439506 
2.4 0.75 0.115546 0.463902 
2.45 0.75 0.0950089 0.48427 
2.5 0.75 0.0711402 0.500143 
2.55 0.75 0.044767 0.511129 
2.6 0.75 0.0168122 0.516941 
2.65 0.75 -0.0117378 0.517419 
2.7 0.75 -0.0398724 0.512552 
2.75 0.75 -0.0665979 0.502473 
2.8 0.75 -0.0909776 0.487447 
2.85 0.75 -0.112165 0.467849 
2.9 0.75 -0.12943 0.444136 
2.95 0.75 -0.142176 0.416828 
3 0.75 -0.14995 0.386511 
3.05 0.75 -0.152449 0.353856 
3.1 0.75 -0.149529 0.31967 
3.15 0.75 -0.14121 0.284951 
3.2 0.75 -0.127693 0.250955 
3.25 0.75 -0.10937 0.219216 
3.3 0.75 -0.0868367 0.191502 
3.35 0.75 -0.0608884 0.169666 
3.4 0.75 -0.0325042 0.155391 
3.45 0.75 -0.00280437 0.149894 
3.5 0.75 0.0270096 0.153668 
3.55 0.75 0.0557291 0.166374 
3.6 0.75 0.0822135 0.186914 
3.65 0.75 0.105454 0.213668 
3.7 0.75 0.124618 0.244793 
3.75 0.75 0.139072 0.278493 
3.8 0.75 0.148386 0.313181 
3.85 0.75 0.152325 0.347551 
3.9 0.75 0.150836 0.380559 
3.95 0.75 0.144032 0.411369 
4 0.75 0.132188 0.439286 
4.05 0.75 0.115729 0.463713 
4.1 0.75 0.095225 0.484116 
4.15 0.75 0.0713824 0.500024 
4.2 0.75 0.045028 0.511045 
4.25 0.75 0.0170851 0.516889 
4.3 0.75 -0.0114591 0.517393 
4.35 0.75 -0.039592 0.512542 
4.4 0.75 -0.0663169 0.502465 
4.45 0.75 -0.0906929 0.487425 
4.5 0.75 -0.111869 0.467794 
4.55 0.75 -0.129108 0.444026 
4.6 0.75 -0.141808 0.416643 
4.65 0.75 -0.149511 0.386233 
4.7 0.75 -0.15191 0.353474 
4.75 0.75 -0.148857 0.319184 
4.8 0.75 -0.140375 0.284377 
4.85 0.75 -0.126673 0.250332 
4.9 0.75 -0.108157 0.218607 
4.95 0.75 -0.0854411 0.190991 
5 0.75 -0.0593494 0.16935 
0 0.8 -0.0631631 0.158644 
0.05 0.8 -0.0439895 0.140207 
0.1 0.8 -0.0230511 0.128245 
0.15 0.8 -0.00117103 0.123764 
0.2 0.8 0.0207685 0.127157 
0.25 0.8 0.0418775 0.138117 
0.3 0.8 0.0613142 0.155699 
0.35 0.8 0.0783352 0.17852 
0.4 0.8 0.0923296 0.205014 
0.45 0.8 0.102836 0.233646 
0.5 0.8 0.109547 0.263065 
0.55 0.8 0.112297 0.292151 
0.6 0.8 0.111057 0.320009 
0.65 0.8 0.10592 0.345926 
0.7 0.8 0.0970945 0.36932 
0.75 0.8 0.0848979 0.389702 
0.8 0.8 0.0697524 0.40665 
0.85 0.8 0.0521777 0.419805 
0.9 0.8 0.0327794 0.428876 
0.95 0.8 0.0122315 0.433655 
1 0.8 -0.00874668 0.434027 
1.05 0.8 -0.0294185 0.429984 
1.1 0.8 -0.0490596 0.421621 
1.15 0.8 -0.0669859 0.40913 
1.2 0.8 -0.0825782 0.39279 
1.25 0.8 -0.0953004 0.372946 
1.3 0.8 -0.104712 0.350008 
1.35 0.8 -0.110475 0.324453 
1.4 0.8 -0.11236 0.296845 
1.45 0.8 -0.110253 0.267872 
1.5 0.8 -0.104158 0.238397 
1.55 0.8 -0.0942145 0.209504 
1.6 0.8 -0.080704 0.182515 
1.65 0.8 -0.0640614 0.158951 
1.7 0.8 -0.0448747 0.140397 
1.75 0.8 -0.0238724 0.128292 
1.8 0.8 -0.00189179 0.123672 
1.85 0.8 0.020167 0.126954 
1.9 0.8 0.0413991 0.137839 
1.95 0.8 0.0609526 0.155387 
2 0.8 0.0780777 0.178208 
2.05 0.8 0.092161 0.204725 
2.1 0.8 0.102741 0.233395 
2.15 0.8 0.109511 0.262858 
2.2 0.8 0.112307 0.291987 
2.25 0.8 0.111103 0.319886 
2.3 0.8 0.105994 0.345839 
2.35 0.8 0.0971882 0.369266 
2.4 0.8 0.0850063 0.389677 
2.45 0.8 0.0698709 0.406652 
2.5 0.8 0.0523022 0.419832 
2.55 0.8 0.032906 0.428927 
2.6 0.8 0.0123566 0.433729 
2.65 0.8 -0.00862665 0.434125 
2.7 0.8 -0.0293071 0.430104 
2.75 0.8 -0.0489603 0.421763 
2.8 0.8 -0.0669019 0.409293 
2.85 0.8 -0.0825126 0.392972 
2.9 0.8 -0.095256 0.373146 
2.95 0.8 -0.104691 0.350225 
3 0.8 -0.110479 0.324683 
3.05 0.8 -0.112392 0.297085 
3.1 0.8 -0.110312 0.268116 
3.15 0.8 -0.104244 0.238638 
3.2 0.8 -0.0943272 0.209733 
3.25 0.8 -0.0808406 0.182721 
3.3 0.8 -0.0642182 0.159121 
3.35 0.8 -0.0450468 0.140519 
3.4 0.8 -0.0240537 0.128356 
3.45 0.8 -0.00207548 0.123671 
3.5 0.8 0.0199882 0.126888 
3.55 0.8 0.0412323 0.137714 
3.6 0.8 0.0608043 0.155213 
3.65 0.8 0.0779537 0.177998 
3.7 0.8 0.0920658 0.204491 
3.75 0.8 0.102678 0.23315 
3.8 0.8 0.109482 0.262611 
3.85 0.8 0.112313 0.291747 
3.9 0.8 0.111144 0.319659 
3.95 0.8 0.106067 0.345632 
4 0.8 0.0972929 0.369082 
4.05 0.8 0.0851384 0.389518 
4.1 0.8 0.070026 0.40652 
4.15 0.8 0.0524754 0.419728 
4.2 0.8 0.0330919 0.42885 
4.25 0.8 0.01255 0.433675 
4.3 0.8 -0.00843015 0.434087 
4.35 0.8 -0.0291104 0.430074 
4.4 0.8 -0.0487639 0.421729 
4.45 0.8 -0.0667033 0.409241 
4.5 0.8 -0.0823053 0.392885 
4.55 0.8 -0.095029 0.373007 
4.6 0.8 -0.104429 0.350015 
4.65 0.8 -0.110163 0.32439 
4.7 0.8 -0.111997 0.2967 
4.75 0.8 -0.109817 0.267641 
4.8 0.8 -0.103628 0.238091 
4.85 0.8 -0.0935771 0.20915 
4.9 0.8 -0.0799564 0.182156 
4.95 0.8 -0.0632152 0.158644 
5 0.8 -0.0439529 0.140207 
0 0.85 -0.0409165 0.122698 
0.05 0.85 -0.0284909 0.108355 
0.1 0.85 -0.0149253 0.0990604 
0.15 0.85 -0.000759456 0.0955851 
0.2 0.85 0.0134352 0.0982281 
0.25 0.85 0.0270813 0.10675 
0.3 0.85 0.0396322 0.120422 
0.35 0.85 0.0506063 0.138174 
0.4 0.85 0.0596107 0.158789 
0.45 0.85 0.0663517 0.181074 
0.5 0.85 0.0706362 0.203966 
0.55 0.85 0.0723653 0.226585 
0.6 0.85 0.0715258 0.248225 
0.65 0.85 0.0681829 0.268325 
0.7 0.85 0.0624743 0.286432 
0.75 0.85 0.0546066 0.302171 
0.8 0.85 0.0448519 0.315227 
0.85 0.85 0.0335438 0.32534 
0.9 0.85 0.02107 0.332301 
0.95 0.85 0.00786154 0.335963 
1 0.85 -0.0056219 0.336249 
1.05 0.85 -0.0189096 0.33315 
1.1 0.85 -0.0315387 0.326734 
1.15 0.85 -0.0430719 0.317135 
1.2 0.85 -0.0531126 0.30455 
1.25 0.85 -0.061317 0.289232 
1.3 0.85 -0.0674011 0.271485 
1.35 0.85 -0.0711459 0.251671 
1.4 0.85 -0.0724003 0.230229 
1.45 0.85 -0.0710851 0.2077 
1.5 0.85 -0.0671978 0.184765 
1.55 0.85 -0.0608207 0.162278 
1.6 0.85 -0.0521295 0.141277 
1.65 0.85 -0.0414007 0.122948 
1.7 0.85 -0.0290128 0.108524 
1.75 0.85 -0.0154382 0.0991178 
1.8 0.85 -0.00122357 0.0955289 
1.85 0.85 0.0130423 0.098078 
1.9 0.85 0.0267671 0.106537 
1.95 0.85 0.0393946 0.120177 
2 0.85 0.0504377 0.137927 
2.05 0.85 0.0595011 0.15856 
2.1 0.85 0.0662907 0.180874 
2.15 0.85 0.0706141 0.2038 
2.2 0.85 0.0723733 0.226455 
2.25 0.85 0.071557 0.248128 
2.3 0.85 0.0682315 0.268258 
2.35 0.85 0.0625359 0.286391 
2.4 0.85 0.0546774 0.302154 
2.45 0.85 0.0449289 0.315232 
2.5 0.85 0.0336244 0.325364 
2.55 0.85 0.0211518 0.332344 
2.6 0.85 0.00794222 0.336025 
2.65 0.85 -0.00554454 0.336328 
2.7 0.85 -0.0188378 0.333247 
2.75 0.85 -0.0314747 0.326847 
2.8 0.85 -0.0430176 0.317264 
2.85 0.85 -0.0530701 0.304695 
2.9 0.85 -0.061288 0.289391 
2.95 0.85 -0.0673871 0.271656 
3 0.85 -0.0711483 0.251852 
3.05 0.85 -0.07242 0.230418 
3.1 0.85 -0.0711225 0.207892 
3.15 0.85 -0.0672529 0.184954 
3.2 0.85 -0.0608929 0.162457 
3.25 0.85 -0.0522173 0.141438 
3.3 0.85 -0.0415017 0.123081 
3.35 0.85 -0.0291238 0.108619 
3.4 0.85 -0.0155553 0.0991675 
3.45 0.85 -0.00134235 0.0955285 
3.5 0.85 0.0129266 0.0980273 
3.55 0.85 0.0266592 0.10644 
3.6 0.85 0.0392988 0.120042 
3.65 0.85 0.0503577 0.137763 
3.7 0.85 0.0594396 0.158378 
3.75 0.85 0.0662499 0.180683 
3.8 0.85 0.0705952 0.203609 
3.85 0.85 0.0723768 0.226269 
3.9 0.85 0.0715826 0.247953 
3.95 0.85 0.0682782 0.268097 
4 0.85 0.062602 0.286248 
4.05 0.85 0.0547606 0.30203 
4.1 0.85 0.0450264 0.315128 
4.15 0.85 0.0337328 0.325281 
4.2 0.85 0.0212676 0.332279 
4.25 0.85 0.00806207 0.335976 
4.3 0.85 -0.00542358 0.336289 
4.35 0.85 -0.0187176 0.333211 
4.4 0.85 -0.0313555 0.326805 
4.45 0.85 -0.0428977 0.317205 
4.5 0.85 -0.0529451 0.304605 
4.55 0.85 -0.0611505 0.289256 
4.6 0.85 -0.0672268 0.271464 
4.65 0.85 -0.0709519 0.251594 
4.7 0.85 -0.0721728 0.230087 
4.75 0.85 -0.0708096 0.207493 
4.8 0.85 -0.0668626 0.184502 
4.85 0.85 -0.0604207 0.161983 
4.9 0.85 -0.0516713 0.140985 
4.95 0.85 -0.040904 0.122698 
5 0.85 -0.0284993 0.108355 
0 0.9 -0.0209435 0.0836949 
0.05 0.9 -0.0145532 0.0740148 
0.1 0.9 -0.00761439 0.0677578 
0.15 0.9 -0.000390632 0.0654228 
0.2 0.9 0.00683762 0.0672042 
0.25 0.9 0.0137794 0.0729427 
0.3 0.9 0.0201564 0.0821556 
0.35 0.9 0.0257233 0.0941321 
0.4 0.9 0.0302813 0.108058 
0.45 0.9 0.0336839 0.123129 
0.5 0.9 0.0358363 0.138624 
0.55 0.9 0.036692 0.15394 
0.6 0.9 0.0362476 0.168592 
0.65 0.9 0.0345384 0.182194 
0.7 0.9 0.0316355 0.194436 
0.75 0.9 0.0276439 0.205065 
0.8 0.9 0.0227011 0.213872 
0.85 0.9 0.0169753 0.220685 
0.9 0.9 0.0106618 0.22537 
0.95 0.9 0.00397792 0.227833 
1 0.9 -0.00284465 0.228025 
1.05 0.9 -0.00956857 0.225941 
1.1 0.9 -0.0159605 0.221623 
1.15 0.9 -0.0217999 0.215157 
1.2 0.9 -0.0268871 0.206671 
1.25 0.9 -0.0310486 0.196328 
1.3 0.9 -0.0341412 0.18433 
1.35 0.9 -0.0360535 0.170923 
1.4 0.9 -0.0367079 0.156406 
1.45 0.9 -0.0360619 0.14115 
1.5 0.9 -0.0341112 0.125624 
1.55 0.9 -0.030894 0.110414 
1.6 0.9 -0.0264958 0.0962257 
1.65 0.9 -0.0210544 0.0838592 
1.7 0.9 -0.014761 0.0741396 
1.75 0.9 -0.0078569 0.067808 
1.8 0.9 -0.000622817 0.0653936 
1.85 0.9 0.00663768 0.0671085 
1.9 0.9 0.0136192 0.0728015 
1.95 0.9 0.0200358 0.0819914 
2 0.9 0.0256384 0.0939645 
2.05 0.9 0.0302269 0.107901 
2.1 0.9 0.0336544 0.122992 
2.15 0.9 0.0358266 0.13851 
2.2 0.9 0.0366976 0.153851 
2.25 0.9 0.0362647 0.168526 
2.3 0.9 0.0345641 0.182149 
2.35 0.9 0.0316675 0.194409 
2.4 0.9 0.0276803 0.205055 
2.45 0.9 0.0227404 0.213876 
2.5 0.9 0.0170163 0.220703 
2.55 0.9 0.0107033 0.225401 
2.6 0.9 0.00401881 0.227876 
2.65 0.9 -0.00280546 0.22808 
2.7 0.9 -0.00953219 0.226008 
2.75 0.9 -0.0159279 0.221701 
2.8 0.9 -0.0217723 0.215246 
2.85 0.9 -0.0268654 0.20677 
2.9 0.9 -0.0310337 0.196436 
2.95 0.9 -0.0341338 0.184447 
3 0.9 -0.0360544 0.171047 
3.05 0.9 -0.0367175 0.156534 
3.1 0.9 -0.0360805 0.14128 
3.15 0.9 -0.0341389 0.125753 
3.2 0.9 -0.0309303 0.110536 
3.25 0.9 -0.0265401 0.0963349 
3.3 0.9 -0.0211055 0.0839491 
3.35 0.9 -0.0148174 0.074204 
3.4 0.9 -0.00791643 0.0678416 
3.45 0.9 -0.000683236 0.0653935 
3.5 0.9 0.00657883 0.0670745 
3.55 0.9 0.0135643 0.0727365 
3.6 0.9 0.019987 0.0819006 
3.65 0.9 0.0255977 0.0938543 
3.7 0.9 0.0301957 0.107779 
3.75 0.9 0.0336337 0.122863 
3.8 0.9 0.0358169 0.138381 
3.85 0.9 0.0366992 0.153725 
3.9 0.9 0.0362774 0.168407 
3.95 0.9 0.0345874 0.18204 
4 0.9 0.0317004 0.194312 
4.05 0.9 0.0277217 0.20497 
4.1 0.9 0.0227888 0.213805 
4.15 0.9 0.0170698 0.220645 
4.2 0.9 0.0107602 0.225355 
4.25 0.9 0.00407733 0.22784 
4.3 0.9 -0.00274689 0.228049 
4.35 0.9 -0.00947457 0.225978 
4.4 0.9 -0.0158715 0.221666 
4.45 0.9 -0.021716 0.215197 
4.5 0.9 -0.0268071 0.206699 
4.55 0.9 -0.0309695 0.196334 
4.6 0.9 -0.0340583 0.184306 
4.65 0.9 -0.0359606 0.17086 
4.7 0.9 -0.0365977 0.156299 
4.75 0.9 -0.0359271 0.141 
4.8 0.9 -0.0339467 0.12544 
4.85 0.9 -0.0307002 0.110214 
4.9 0.9 -0.0262848 0.096032 
4.95 0.9 -0.0208558 0.0836949 
5 0.9 -0.0146142 0.0740148 
0 0.95 -0.00618019 0.0424552 
0.05 0.95 -0.00421243 0.0376408 
0.1 0.95 -0.00218903 0.0345438 
0.15 0.95 -0.000112686 0.0333904 
0.2 0.95 0.00195791 0.0342729 
0.25 0.95 0.00394388 0.0371149 
0.3 0.95 0.0057657 0.041683 
0.35 0.95 0.00735298 0.0476318 
0.4 0.95 0.00864927 0.0545624 
0.45 0.95 0.00961369 0.0620769 
0.5 0.95 0.0102205 0.0698154 
0.55 0.95 0.0104578 0.0774742 
0.6 0.95 0.0103257 0.0848066 
0.65 0.95 0.00983474 0.091616 
0.7 0.95 0.0090055 0.0977446 
0.75 0.95 0.0078677 0.103064 
0.8 0.95 0.0064602 0.10747 
0.85 0.95 0.00483049 0.110877 
0.9 0.95 0.00303386 0.113219 
0.95 0.95 0.00113194 0.11445 
1 0.95 -0.000809414 0.114546 
1.05 0.95 -0.00272274 0.113504 
1.1 0.95 -0.00454169 0.111346 
1.15 0.95 -0.00620372 0.108113 
1.2 0.95 -0.00765227 0.103867 
1.25 0.95 -0.00883834 0.0986908 
1.3 0.95 -0.00972146 0.0926848 
1.35 0.95 -0.0102701 0.0859729 
1.4 0.95 -0.010462 0.0787071 
1.45 0.95 -0.0102845 0.0710773 
1.5 0.95 -0.00973538 0.0633217 
1.55 0.95 -0.00882414 0.0557359 
1.6 0.95 -0.00757385 0.0486729 
1.65 0.95 -0.00602273 0.0425291 
1.7 0.95 -0.00422493 0.0377092 
1.75 0.95 -0.00224969 0.0345739 
1.8 0.95 -0.00017838 0.0333793 
1.85 0.95 0.00190063 0.0342278 
1.9 0.95 0.00389839 0.0370463 
1.95 0.95 0.00573193 0.0416023 
2 0.95 0.00732965 0.0475487 
2.05 0.95 0.00863472 0.0544842 
2.1 0.95 0.00960621 0.0620081 
2.15 0.95 0.0102186 0.0697582 
2.2 0.95 0.0104601 0.0774291 
2.25 0.95 0.0103311 0.0847731 
2.3 0.95 0.00984244 0.091593 
2.35 0.95 0.00901485 0.097731 
2.4 0.95 0.00787822 0.103059 
2.45 0.95 0.00647148 0.107473 
2.5 0.95 0.00484219 0.110886 
2.55 0.95 0.00304567 0.113235 
2.6 0.95 0.00114357 0.114472 
2.65 0.95 -0.000798278 0.114574 
2.7 0.95 -0.00271239 0.113538 
2.75 0.95 -0.00453243 0.111386 
2.8 0.95 -0.00619583 0.108158 
2.85 0.95 -0.00764604 0.103917 
2.9 0.95 -0.00883402 0.0987455 
2.95 0.95 -0.00971926 0.0927437 
3 0.95 -0.0102702 0.0860351 
3.05 0.95 -0.0104646 0.0787717 
3.1 0.95 -0.0102897 0.0711428 
3.15 0.95 -0.00974311 0.0633861 
3.2 0.95 -0.00883437 0.0557967 
3.25 0.95 -0.0075864 0.0487273 
3.3 0.95 -0.00603727 0.0425738 
3.35 0.95 -0.00424099 0.0377411 
3.4 0.95 -0.0022667 0.0345906 
3.45 0.95 -0.000195665 0.0333793 
3.5 0.95 0.00188378 0.034211 
3.55 0.95 0.00388268 0.0370142 
3.6 0.95 0.005718 0.0415572 
3.65 0.95 0.00731803 0.0474939 
3.7 0.95 0.00862581 0.0544231 
3.75 0.95 0.00960029 0.0619437 
3.8 0.95 0.0102158 0.0696934 
3.85 0.95 0.0104605 0.077366 
3.9 0.95 0.0103346 0.0847135 
3.95 0.95 0.00984897 0.0915383 
4 0.95 0.00902409 0.097682 
4.05 0.95 0.00788982 0.103017 
4.1 0.95 0.006485 0.107437 
4.15 0.95 0.00485711 0.110857 
4.2 0.95 0.00306145 0.113211 
4.25 0.95 0.00115966 0.114453 
4.3 0.95 -0.000782347 0.114557 
4.35 0.95 -0.00269694 0.113522 
4.4 0.95 -0.00451754 0.111366 
4.45 0.95 -0.00618129 0.108131 
4.5 0.95 -0.00763119 0.103879 
4.55 0.95 -0.00881776 0.0986917 
4.6 0.95 -0.00969999 0.09267 
4.65 0.95 -0.0102459 0.0859386 
4.7 0.95 -0.0104328 0.0786515 
4.75 0.95 -0.0102481 0.0710013 
4.8 0.95 -0.00969024 0.0632302 
4.85 0.95 -0.00877154 0.0556382 
4.9 0.95 -0.00752317 0.0485819 
4.95 0.95 -0.00600645 0.0424552 
5 0.95 -0.00433389 0.0376408 
0 1 0 0 
0.05 1 0 0 
0.1 1 0 0 
0.15 1 0 0 
0.2 1 0 0 
0.25 1 0 0 
0.3 1 0 0 
0.35 1 0 0 
0.4 1 0 0 
0.45 1 0 0 
0.5 1 0 0 
0.55 1 0 0 
0.6 1 0 0 
0.65 1 0 0 
0.7 1 0 0 
0.75 1 0 0 
0.8 1 0 0 
0.85 1 0 0 
0.9 1 0 0 
0.95 1 0 0 
1 1 0 0 
1.05 1 0 0 
1.1 1 0 0 
1.15 1 0 0 
1.2 1 0 0 
1.25 1 0 0 
1.3 1 0 0 
1.35 1 0 0 
1.4 1 0 0 
1.45 1 0 0 
1.5 1 0 0 
1.55 1 0 0 
1.6 1 0 0 
1.65 1 0 0 
1.7 1 0 0 
1.75 1 0 0 
1.8 1 0 0 
1.85 1 0 0 
1.9 1 0 0 
1.95 1 0 0 
2 1 0 0 
2.05 1 0 0 
2.1 1 0 0 
2.15 1 0 0 
2.2 1 0 0 
2.25 1 0 0 
2.3 1 0 0 
2.35 1 0 0 
2.4 1 0 0 
2.45 1 0 0 
2.5 1 0 0 
2.55 1 0 0 
2.6 1 0 0 
2.65 1 0 0 
2.7 1 0 0 
2.75 1 0 0 
2.8 1 0 0 
2.85 1 0 0 
2.9 1 0 0 
2.95 1 0 0 
3 1 0 0 
3.05 1 0 0 
3.1 1 0 0 
3.15 1 0 0 
3.2 1 0 0 
3.25 1 0 0 
3.3 1 0 0 
3.35 1 0 0 
3.4 1 0 0 
3.45 1 0 0 
3.5 1 0 0 
3.55 1 0 0 
3.6 1 0 0 
3.65 1 0 0 
3.7 1 0 0 
3.75 1 0 0 
3.8 1 0 0 
3.85 1 0 0 
3.9 1 0 0 
3.95 1 0 0 
4 1 0 0 
4.05 1 0 0 
4.1 1 0 0 
4.15 1 0 0 
4.2 1 0 0 
4.25 1 0 0 
4.3 1 0 0 
4.35 1 0 0 
4.4 1 0 0 
4.45 1 0 0 
4.5 1 0 0 
4.55 1 0 0 
4.6 1 0 0 
4.65 1 0 0 
4.7 1 0 0 
4.75 1 0 0 
4.8 1 0 0 
4.85 1 0 0 
4.9 1 0 0 
4.95 1 0 0 
5 1 0 0 
