x, y, ksi, T
#iter= 310000
0 0 0 1 
0.05 0 0 1 
0.1 0 0 1 
0.15 0 0 1 
0.2 0 0 1 
0.25 0 0 1 
0.3 0 0 1 
0.35 0 0 1 
0.4 0 0 1 
0.45 0 0 1 
0.5 0 0 1 
0.55 0 0 1 
0.6 0 0 1 
0.65 0 0 1 
0.7 0 0 1 
0.75 0 0 1 
0.8 0 0 1 
0.85 0 0 1 
0.9 0 0 1 
0.95 0 0 1 
1 0 0 1 
1.05 0 0 1 
1.1 0 0 1 
1.15 0 0 1 
1.2 0 0 1 
1.25 0 0 1 
1.3 0 0 1 
1.35 0 0 1 
1.4 0 0 1 
1.45 0 0 1 
1.5 0 0 1 
1.55 0 0 1 
1.6 0 0 1 
1.65 0 0 1 
1.7 0 0 1 
1.75 0 0 1 
1.8 0 0 1 
1.85 0 0 1 
1.9 0 0 1 
1.95 0 0 1 
2 0 0 1 
2.05 0 0 1 
2.1 0 0 1 
2.15 0 0 1 
2.2 0 0 1 
2.25 0 0 1 
2.3 0 0 1 
2.35 0 0 1 
2.4 0 0 1 
2.45 0 0 1 
2.5 0 0 1 
2.55 0 0 1 
2.6 0 0 1 
2.65 0 0 1 
2.7 0 0 1 
2.75 0 0 1 
2.8 0 0 1 
2.85 0 0 1 
2.9 0 0 1 
2.95 0 0 1 
3 0 0 1 
3.05 0 0 1 
3.1 0 0 1 
3.15 0 0 1 
3.2 0 0 1 
3.25 0 0 1 
3.3 0 0 1 
3.35 0 0 1 
3.4 0 0 1 
3.45 0 0 1 
3.5 0 0 1 
3.55 0 0 1 
3.6 0 0 1 
3.65 0 0 1 
3.7 0 0 1 
3.75 0 0 1 
3.8 0 0 1 
3.85 0 0 1 
3.9 0 0 1 
3.95 0 0 1 
4 0 0 1 
4.05 0 0 1 
4.1 0 0 1 
4.15 0 0 1 
4.2 0 0 1 
4.25 0 0 1 
4.3 0 0 1 
4.35 0 0 1 
4.4 0 0 1 
4.45 0 0 1 
4.5 0 0 1 
4.55 0 0 1 
4.6 0 0 1 
4.65 0 0 1 
4.7 0 0 1 
4.75 0 0 1 
4.8 0 0 1 
4.85 0 0 1 
4.9 0 0 1 
4.95 0 0 1 
5 0 0 1 
0 0.05 -0.00620611 0.889171 
0.05 0.05 -0.00426953 0.886135 
0.1 0.05 -0.0022469 0.884306 
0.15 0.05 -0.000193914 0.883666 
0.2 0.05 0.00183682 0.884204 
0.25 0.05 0.00378572 0.885895 
0.3 0.05 0.00559183 0.888701 
0.35 0.05 0.00719741 0.892562 
0.4 0.05 0.00855086 0.897405 
0.45 0.05 0.00960826 0.903136 
0.5 0.05 0.0103343 0.909644 
0.55 0.05 0.0107024 0.916791 
0.6 0.05 0.0106955 0.924408 
0.65 0.05 0.0103061 0.932281 
0.7 0.05 0.009538 0.940137 
0.75 0.05 0.00840792 0.947644 
0.8 0.05 0.0069474 0.954411 
0.85 0.05 0.00520442 0.960015 
0.9 0.05 0.00324355 0.964053 
0.95 0.05 0.00114389 0.9662 
1 0.05 -0.0010053 0.96627 
1.05 0.05 -0.00311098 0.964257 
1.1 0.05 -0.00508346 0.960336 
1.15 0.05 -0.00684282 0.954825 
1.2 0.05 -0.00832351 0.948125 
1.25 0.05 -0.00947649 0.94066 
1.3 0.05 -0.0102693 0.932822 
1.35 0.05 -0.0106844 0.92495 
1.4 0.05 -0.0107175 0.917319 
1.45 0.05 -0.0103755 0.910147 
1.5 0.05 -0.00967566 0.903608 
1.55 0.05 -0.0086444 0.897838 
1.6 0.05 -0.00731752 0.892953 
1.65 0.05 -0.0057398 0.889043 
1.7 0.05 -0.00396445 0.886184 
1.75 0.05 -0.00205197 0.88443 
1.8 0.05 -6.82584e-05 0.883815 
1.85 0.05 0.00191784 0.884351 
1.9 0.05 0.00383739 0.886027 
1.95 0.05 0.0056242 0.888811 
2 0.05 0.00721736 0.89265 
2.05 0.05 0.00856309 0.89747 
2.1 0.05 0.00961604 0.903182 
2.15 0.05 0.0103398 0.909672 
2.2 0.05 0.0107072 0.916804 
2.25 0.05 0.0107005 0.92441 
2.3 0.05 0.0103119 0.932273 
2.35 0.05 0.00954502 0.940124 
2.4 0.05 0.00841625 0.947628 
2.45 0.05 0.00695699 0.954395 
2.5 0.05 0.00521509 0.960004 
2.55 0.05 0.00325498 0.964048 
2.6 0.05 0.00115567 0.966204 
2.65 0.05 -0.000993657 0.966284 
2.7 0.05 -0.00309998 0.964281 
2.75 0.05 -0.00507359 0.960369 
2.8 0.05 -0.00683451 0.954865 
2.85 0.05 -0.00831711 0.948171 
2.9 0.05 -0.00947228 0.940708 
2.95 0.05 -0.0102674 0.932871 
3 0.05 -0.010685 0.924998 
3.05 0.05 -0.0107207 0.917364 
3.1 0.05 -0.0103813 0.910189 
3.15 0.05 -0.00968384 0.903645 
3.2 0.05 -0.00865484 0.89787 
3.25 0.05 -0.00732996 0.892978 
3.3 0.05 -0.00575391 0.889061 
3.35 0.05 -0.00397982 0.886193 
3.4 0.05 -0.00206812 0.884431 
3.45 0.05 -8.46643e-05 0.883806 
3.5 0.05 0.00190174 0.884333 
3.55 0.05 0.00382216 0.885999 
3.6 0.05 0.0056104 0.888774 
3.65 0.05 0.00720549 0.892604 
3.7 0.05 0.00855364 0.897416 
3.75 0.05 0.00960941 0.90312 
3.8 0.05 0.0103364 0.909603 
3.85 0.05 0.0107072 0.91673 
3.9 0.05 0.0107042 0.924331 
3.95 0.05 0.0103196 0.932193 
4 0.05 0.00955659 0.940046 
4.05 0.05 0.00843167 0.947556 
4.1 0.05 0.00697602 0.954335 
4.15 0.05 0.0052373 0.95996 
4.2 0.05 0.00327973 0.964028 
4.25 0.05 0.00118214 0.966211 
4.3 0.05 -0.000966421 0.966322 
4.35 0.05 -0.00307305 0.964352 
4.4 0.05 -0.00504809 0.960472 
4.45 0.05 -0.00681163 0.954999 
4.5 0.05 -0.00829817 0.948333 
4.55 0.05 -0.00945883 0.940896 
4.6 0.05 -0.0102615 0.933081 
4.65 0.05 -0.0106894 0.925227 
4.7 0.05 -0.0107395 0.917609 
4.75 0.05 -0.0104207 0.910444 
4.8 0.05 -0.00975304 0.903899 
4.85 0.05 -0.00876797 0.898109 
4.9 0.05 -0.00750933 0.893175 
4.95 0.05 -0.00603348 0.889171 
5 0.05 -0.00438981 0.886135 
0 0.1 -0.0209529 0.779462 
0.05 0.1 -0.0146387 0.773484 
0.1 0.1 -0.00774863 0.769816 
0.15 0.1 -0.000621544 0.768519 
0.2 0.1 0.00647884 0.769582 
0.25 0.1 0.0133118 0.772958 
0.3 0.1 0.0196508 0.778561 
0.35 0.1 0.0252876 0.786275 
0.4 0.1 0.0300373 0.795945 
0.45 0.1 0.0337435 0.807387 
0.5 0.1 0.0362804 0.820378 
0.55 0.1 0.0375548 0.834648 
0.6 0.1 0.0375075 0.849865 
0.65 0.1 0.0361158 0.865609 
0.7 0.1 0.0333973 0.881344 
0.75 0.1 0.0294157 0.896407 
0.8 0.1 0.0242866 0.910013 
0.85 0.1 0.018181 0.921307 
0.9 0.1 0.0113251 0.929458 
0.95 0.1 0.00399265 0.933795 
1 0.1 -0.00350959 0.933936 
1.05 0.1 -0.0108627 0.929868 
1.1 0.1 -0.0177586 0.921952 
1.15 0.1 -0.0239208 0.910846 
1.2 0.1 -0.02912 0.897372 
1.25 0.1 -0.0331815 0.882389 
1.3 0.1 -0.0359866 0.866688 
1.35 0.1 -0.0374689 0.850943 
1.4 0.1 -0.0376086 0.835697 
1.45 0.1 -0.0364269 0.821376 
1.5 0.1 -0.0339824 0.80832 
1.55 0.1 -0.0303681 0.7968 
1.6 0.1 -0.0257108 0.787041 
1.65 0.1 -0.020169 0.779229 
1.7 0.1 -0.0139312 0.773512 
1.75 0.1 -0.00721071 0.770004 
1.8 0.1 -0.000239724 0.768773 
1.85 0.1 0.00673966 0.769845 
1.9 0.1 0.013485 0.773198 
1.95 0.1 0.0197632 0.778764 
2 0.1 0.0253593 0.786436 
2.05 0.1 0.0300832 0.796065 
2.1 0.1 0.033774 0.807469 
2.15 0.1 0.0363029 0.820427 
2.2 0.1 0.0375744 0.834669 
2.25 0.1 0.0375275 0.849864 
2.3 0.1 0.0361383 0.86559 
2.35 0.1 0.0334235 0.881314 
2.4 0.1 0.0294463 0.896373 
2.45 0.1 0.0243213 0.90998 
2.5 0.1 0.0182192 0.921282 
2.55 0.1 0.0113656 0.929447 
2.6 0.1 0.00403421 0.933803 
2.65 0.1 -0.00346867 0.933964 
2.7 0.1 -0.0108242 0.929916 
2.75 0.1 -0.017724 0.922019 
2.8 0.1 -0.0238918 0.910927 
2.85 0.1 -0.0290977 0.897463 
2.9 0.1 -0.0331668 0.882486 
2.95 0.1 -0.0359804 0.866787 
3 0.1 -0.0374715 0.85104 
3.05 0.1 -0.0376202 0.835788 
3.1 0.1 -0.0364474 0.821461 
3.15 0.1 -0.0340114 0.808395 
3.2 0.1 -0.0304051 0.796863 
3.25 0.1 -0.0257548 0.787091 
3.3 0.1 -0.0202189 0.779264 
3.35 0.1 -0.0139854 0.773531 
3.4 0.1 -0.00726761 0.770005 
3.45 0.1 -0.000297437 0.768757 
3.5 0.1 0.0066831 0.76981 
3.55 0.1 0.0134316 0.773143 
3.6 0.1 0.0197149 0.778691 
3.65 0.1 0.0253179 0.786345 
3.7 0.1 0.0300503 0.795958 
3.75 0.1 0.0337512 0.807346 
3.8 0.1 0.0362914 0.82029 
3.85 0.1 0.0375752 0.834521 
3.9 0.1 0.0375414 0.849708 
3.95 0.1 0.0361658 0.865431 
4 0.1 0.0334647 0.881159 
4.05 0.1 0.0295008 0.896229 
4.1 0.1 0.0243882 0.909858 
4.15 0.1 0.0182969 0.921193 
4.2 0.1 0.011452 0.929403 
4.25 0.1 0.00412635 0.933814 
4.3 0.1 -0.00337406 0.934038 
4.35 0.1 -0.0107307 0.930056 
4.4 0.1 -0.0176357 0.922223 
4.45 0.1 -0.0238127 0.911192 
4.5 0.1 -0.0290323 0.897784 
4.55 0.1 -0.0331206 0.882857 
4.6 0.1 -0.0359599 0.867201 
4.65 0.1 -0.0374859 0.851492 
4.7 0.1 -0.0376822 0.836269 
4.75 0.1 -0.0365748 0.821958 
4.8 0.1 -0.0342281 0.80889 
4.85 0.1 -0.0307414 0.797322 
4.9 0.1 -0.026242 0.78746 
4.95 0.1 -0.0208661 0.779462 
5 0.1 -0.0146974 0.773484 
0 0.15 -0.0408445 0.675126 
0.05 0.15 -0.0285159 0.666364 
0.1 0.15 -0.0150611 0.660941 
0.15 0.15 -0.00108359 0.659002 
0.2 0.15 0.0128842 0.660562 
0.25 0.15 0.0263486 0.665554 
0.3 0.15 0.0388491 0.673852 
0.35 0.15 0.0499655 0.685271 
0.4 0.15 0.0593273 0.699576 
0.45 0.15 0.0666219 0.716485 
0.5 0.15 0.0715996 0.735665 
0.55 0.15 0.0740772 0.756721 
0.6 0.15 0.0739411 0.779169 
0.65 0.15 0.0711519 0.802398 
0.7 0.15 0.0657518 0.825633 
0.75 0.15 0.0578742 0.847901 
0.8 0.15 0.047753 0.868043 
0.85 0.15 0.0357291 0.884786 
0.9 0.15 0.0222472 0.896886 
0.95 0.15 0.00784111 0.90333 
1 0.15 -0.0068939 0.903539 
1.05 0.15 -0.0213401 0.897495 
1.1 0.15 -0.0348997 0.885743 
1.15 0.15 -0.047034 0.869274 
1.2 0.15 -0.057292 0.849325 
1.25 0.15 -0.0653264 0.827172 
1.3 0.15 -0.0708968 0.803985 
1.35 0.15 -0.0738644 0.780749 
1.4 0.15 -0.0741828 0.758254 
1.45 0.15 -0.0718878 0.73712 
1.5 0.15 -0.0670912 0.717837 
1.55 0.15 -0.0599751 0.700806 
1.6 0.15 -0.0507897 0.68636 
1.65 0.15 -0.0398494 0.674781 
1.7 0.15 -0.027528 0.6663 
1.75 0.15 -0.0142492 0.66109 
1.8 0.15 -0.000473457 0.659261 
1.85 0.15 0.0133189 0.660854 
1.9 0.15 0.0266471 0.665833 
1.95 0.15 0.0390486 0.674093 
2 0.15 0.0500968 0.685464 
2.05 0.15 0.0594142 0.699719 
2.1 0.15 0.0666821 0.716581 
2.15 0.15 0.0716459 0.735719 
2.2 0.15 0.0741186 0.756739 
2.25 0.15 0.0739835 0.779157 
2.3 0.15 0.0711993 0.802364 
2.35 0.15 0.0658063 0.825584 
2.4 0.15 0.0579367 0.847846 
2.45 0.15 0.0478232 0.867992 
2.5 0.15 0.0358057 0.884748 
2.55 0.15 0.0223281 0.896869 
2.6 0.15 0.00792365 0.903341 
2.65 0.15 -0.00681289 0.903581 
2.7 0.15 -0.0212639 0.897566 
2.75 0.15 -0.0348316 0.885841 
2.8 0.15 -0.0469767 0.869394 
2.85 0.15 -0.057248 0.84946 
2.9 0.15 -0.0652977 0.827315 
2.95 0.15 -0.0708847 0.80413 
3 0.15 -0.0738699 0.780892 
3.05 0.15 -0.074206 0.75839 
3.1 0.15 -0.0719287 0.737245 
3.15 0.15 -0.067149 0.717949 
3.2 0.15 -0.0600487 0.700901 
3.25 0.15 -0.0508771 0.686435 
3.3 0.15 -0.0399483 0.674834 
3.35 0.15 -0.0276355 0.666329 
3.4 0.15 -0.0143619 0.661093 
3.45 0.15 -0.000587626 0.659237 
3.5 0.15 0.0132072 0.660802 
3.55 0.15 0.0265417 0.665753 
3.6 0.15 0.0389534 0.673986 
3.65 0.15 0.0500154 0.685331 
3.7 0.15 0.0593499 0.699561 
3.75 0.15 0.0666378 0.7164 
3.8 0.15 0.071624 0.735518 
3.85 0.15 0.0741211 0.756521 
3.9 0.15 0.0740119 0.778928 
3.95 0.15 0.0712543 0.80213 
4 0.15 0.0658882 0.825355 
4.05 0.15 0.0580444 0.847633 
4.1 0.15 0.0479549 0.867811 
4.15 0.15 0.0359583 0.884616 
4.2 0.15 0.0224971 0.896803 
4.25 0.15 0.00810366 0.903356 
4.3 0.15 -0.00662827 0.903687 
4.35 0.15 -0.0210817 0.897769 
4.4 0.15 -0.0346591 0.886138 
4.45 0.15 -0.0468218 0.869779 
4.5 0.15 -0.0571189 0.849924 
4.55 0.15 -0.0652038 0.827849 
4.6 0.15 -0.0708377 0.804725 
4.65 0.15 -0.0738847 0.781536 
4.7 0.15 -0.0743027 0.759072 
4.75 0.15 -0.0721334 0.737945 
4.8 0.15 -0.0674937 0.718637 
4.85 0.15 -0.0605673 0.701531 
4.9 0.15 -0.0515915 0.686939 
4.95 0.15 -0.0408307 0.675126 
5 0.15 -0.0285231 0.666364 
0 0.2 -0.0629833 0.581335 
0.05 0.2 -0.0438782 0.570054 
0.1 0.2 -0.0230818 0.563043 
0.15 0.2 -0.00145264 0.56052 
0.2 0.2 0.0201932 0.562532 
0.25 0.2 0.0410789 0.569007 
0.3 0.2 0.0604764 0.579771 
0.35 0.2 0.0777221 0.594568 
0.4 0.2 0.0922333 0.613071 
0.45 0.2 0.10352 0.634898 
0.5 0.2 0.111195 0.659608 
0.55 0.2 0.114976 0.686689 
0.6 0.2 0.114693 0.715522 
0.65 0.2 0.110294 0.745337 
0.7 0.2 0.101856 0.775152 
0.75 0.2 0.0895952 0.803731 
0.8 0.2 0.0738836 0.829594 
0.85 0.2 0.0552533 0.851106 
0.9 0.2 0.0343917 0.866661 
0.95 0.2 0.0121185 0.874949 
1 0.2 -0.0106569 0.875218 
1.05 0.2 -0.0329916 0.867442 
1.1 0.2 -0.053972 0.852333 
1.15 0.2 -0.0727714 0.831171 
1.2 0.2 -0.0886933 0.805552 
1.25 0.2 -0.101195 0.777117 
1.3 0.2 -0.109897 0.74736 
1.35 0.2 -0.114571 0.717534 
1.4 0.2 -0.115136 0.688634 
1.45 0.2 -0.111636 0.661447 
1.5 0.2 -0.104238 0.636596 
1.55 0.2 -0.0932208 0.614598 
1.6 0.2 -0.0789703 0.595895 
1.65 0.2 -0.061976 0.580868 
1.7 0.2 -0.042821 0.569839 
1.75 0.2 -0.0221675 0.563054 
1.8 0.2 -0.000736146 0.560671 
1.85 0.2 0.0207213 0.562747 
1.9 0.2 0.041452 0.569232 
1.95 0.2 0.0607324 0.579975 
2 0.2 0.0778955 0.594734 
2.05 0.2 0.0923523 0.613193 
2.1 0.2 0.103607 0.634976 
2.15 0.2 0.111265 0.659644 
2.2 0.2 0.115041 0.686687 
2.25 0.2 0.114762 0.71549 
2.3 0.2 0.110371 0.745282 
2.35 0.2 0.101944 0.775081 
2.4 0.2 0.0896953 0.803655 
2.45 0.2 0.0739951 0.829525 
2.5 0.2 0.0553742 0.851054 
2.55 0.2 0.0345188 0.866638 
2.6 0.2 0.0122476 0.874962 
2.65 0.2 -0.0105306 0.875271 
2.7 0.2 -0.0328731 0.867535 
2.75 0.2 -0.0538661 0.85246 
2.8 0.2 -0.0726825 0.831326 
2.85 0.2 -0.0886252 0.805727 
2.9 0.2 -0.101151 0.777302 
2.95 0.2 -0.109878 0.747549 
3 0.2 -0.11458 0.717719 
3.05 0.2 -0.115172 0.688811 
3.1 0.2 -0.1117 0.66161 
3.15 0.2 -0.104329 0.636742 
3.2 0.2 -0.0933357 0.614722 
3.25 0.2 -0.0791068 0.595995 
3.3 0.2 -0.0621304 0.58094 
3.35 0.2 -0.0429886 0.56988 
3.4 0.2 -0.0223431 0.563061 
3.45 0.2 -0.000913953 0.560642 
3.5 0.2 0.0205474 0.562682 
3.55 0.2 0.0412882 0.569131 
3.6 0.2 0.0605848 0.579838 
3.65 0.2 0.0777696 0.594563 
3.7 0.2 0.0922531 0.612991 
3.75 0.2 0.103539 0.634745 
3.8 0.2 0.111232 0.659388 
3.85 0.2 0.115046 0.68641 
3.9 0.2 0.114807 0.715198 
3.95 0.2 0.110458 0.744983 
4 0.2 0.102071 0.774788 
4.05 0.2 0.0898622 0.803384 
4.1 0.2 0.0741985 0.829294 
4.15 0.2 0.0556091 0.850885 
4.2 0.2 0.0347785 0.866553 
4.25 0.2 0.0125237 0.87498 
4.3 0.2 -0.0102475 0.875404 
4.35 0.2 -0.0325934 0.867789 
4.4 0.2 -0.0536005 0.852833 
4.45 0.2 -0.0724422 0.831808 
4.5 0.2 -0.0884214 0.806305 
4.55 0.2 -0.100996 0.777964 
4.6 0.2 -0.109787 0.74828 
4.65 0.2 -0.11457 0.718504 
4.7 0.2 -0.115266 0.689633 
4.75 0.2 -0.111925 0.662445 
4.8 0.2 -0.104715 0.637554 
4.85 0.2 -0.093909 0.615463 
4.9 0.2 -0.0798715 0.596596 
4.95 0.2 -0.063031 0.581335 
5 0.2 -0.0438426 0.570054 
0 0.25 -0.085093 0.502092 
0.05 0.25 -0.0591535 0.488608 
0.1 0.25 -0.0309782 0.480207 
0.15 0.25 -0.00166709 0.477174 
0.2 0.25 0.0276871 0.479597 
0.25 0.25 0.0560229 0.487392 
0.3 0.25 0.082339 0.500332 
0.35 0.25 0.105722 0.518073 
0.4 0.25 0.125374 0.540182 
0.45 0.25 0.140625 0.566165 
0.5 0.25 0.150952 0.595471 
0.55 0.25 0.15598 0.627482 
0.6 0.25 0.155487 0.661473 
0.65 0.25 0.149417 0.696547 
0.7 0.25 0.137889 0.731569 
0.75 0.25 0.12121 0.765106 
0.8 0.25 0.0998957 0.795439 
0.85 0.25 0.07467 0.820659 
0.9 0.25 0.0464609 0.838892 
0.95 0.25 0.0163671 0.848606 
1 0.25 -0.0143965 0.848921 
1.05 0.25 -0.0445722 0.839806 
1.1 0.25 -0.0729402 0.822094 
1.15 0.25 -0.0983923 0.797283 
1.2 0.25 -0.119989 0.767235 
1.25 0.25 -0.136992 0.733864 
1.3 0.25 -0.148874 0.698908 
1.35 0.25 -0.155314 0.663816 
1.4 0.25 -0.156186 0.629744 
1.45 0.25 -0.151535 0.5976 
1.5 0.25 -0.141576 0.568118 
1.55 0.25 -0.126677 0.541918 
1.6 0.25 -0.107359 0.519552 
1.65 0.25 -0.0842849 0.501512 
1.7 0.25 -0.0582494 0.488225 
1.75 0.25 -0.0301589 0.480031 
1.8 0.25 -0.00100097 0.477149 
1.85 0.25 0.0281927 0.47966 
1.9 0.25 0.0563892 0.487493 
1.95 0.25 0.0825966 0.500438 
2 0.25 0.105902 0.518162 
2.05 0.25 0.125503 0.540244 
2.1 0.25 0.140725 0.566194 
2.15 0.25 0.151039 0.595467 
2.2 0.25 0.156066 0.627448 
2.25 0.25 0.155581 0.661412 
2.3 0.25 0.149524 0.696467 
2.35 0.25 0.138012 0.731476 
2.4 0.25 0.12135 0.765012 
2.45 0.25 0.10005 0.795354 
2.5 0.25 0.0748367 0.820597 
2.55 0.25 0.0466352 0.838865 
2.6 0.25 0.0165435 0.848623 
2.65 0.25 -0.0142243 0.848985 
2.7 0.25 -0.044411 0.839917 
2.75 0.25 -0.0727962 0.822246 
2.8 0.25 -0.0982716 0.797467 
2.85 0.25 -0.119896 0.767442 
2.9 0.25 -0.136931 0.734085 
2.95 0.25 -0.148849 0.699132 
3 0.25 -0.155326 0.664038 
3.05 0.25 -0.156235 0.629956 
3.1 0.25 -0.151623 0.597797 
3.15 0.25 -0.141699 0.568295 
3.2 0.25 -0.126834 0.542071 
3.25 0.25 -0.107545 0.519676 
3.3 0.25 -0.0844954 0.501602 
3.35 0.25 -0.058478 0.488278 
3.4 0.25 -0.0303982 0.480043 
3.45 0.25 -0.00124315 0.477118 
3.5 0.25 0.0279561 0.479585 
3.55 0.25 0.0561667 0.487375 
3.6 0.25 0.0823963 0.500277 
3.65 0.25 0.105732 0.517962 
3.7 0.25 0.125369 0.540007 
3.75 0.25 0.140634 0.565923 
3.8 0.25 0.150996 0.595167 
3.85 0.25 0.156074 0.627124 
3.9 0.25 0.155643 0.661072 
3.95 0.25 0.149642 0.696119 
4 0.25 0.138184 0.731136 
4.05 0.25 0.121575 0.764696 
4.1 0.25 0.100324 0.795086 
4.15 0.25 0.0751519 0.820401 
4.2 0.25 0.046983 0.838766 
4.25 0.25 0.016913 0.848643 
4.3 0.25 -0.0138455 0.849137 
4.35 0.25 -0.044036 0.840208 
4.4 0.25 -0.0724385 0.82267 
4.45 0.25 -0.0979442 0.798014 
4.5 0.25 -0.119612 0.768096 
4.55 0.25 -0.136704 0.734826 
4.6 0.25 -0.148692 0.699944 
4.65 0.25 -0.155257 0.664899 
4.7 0.25 -0.156273 0.630847 
4.75 0.25 -0.151787 0.598691 
4.8 0.25 -0.142012 0.569157 
4.85 0.25 -0.127307 0.542858 
4.9 0.25 -0.108164 0.520335 
4.95 0.25 -0.0851918 0.502092 
5 0.25 -0.0590829 0.488608 
0 0.3 -0.10541 0.438934 
0.05 0.3 -0.073137 0.423507 
0.1 0.3 -0.038132 0.413871 
0.15 0.3 -0.00171475 0.410391 
0.2 0.3 0.034767 0.413198 
0.25 0.3 0.0699856 0.42219 
0.3 0.3 0.102681 0.437062 
0.35 0.3 0.131707 0.457351 
0.4 0.3 0.15606 0.482489 
0.45 0.3 0.174911 0.511844 
0.5 0.3 0.187612 0.54475 
0.55 0.3 0.193708 0.58049 
0.6 0.3 0.192944 0.618254 
0.65 0.3 0.185266 0.657065 
0.7 0.3 0.170842 0.695691 
0.75 0.3 0.150071 0.732586 
0.8 0.3 0.123605 0.765889 
0.85 0.3 0.0923452 0.793538 
0.9 0.3 0.0574375 0.813505 
0.95 0.3 0.0202287 0.824136 
1 0.3 -0.0177973 0.824479 
1.05 0.3 -0.0551061 0.814504 
1.1 0.3 -0.0902078 0.795106 
1.15 0.3 -0.121744 0.767906 
1.2 0.3 -0.148556 0.734916 
1.25 0.3 -0.169725 0.698205 
1.3 0.3 -0.184583 0.659652 
1.35 0.3 -0.192717 0.620825 
1.4 0.3 -0.193946 0.582971 
1.45 0.3 -0.18831 0.547082 
1.5 0.3 -0.176054 0.513974 
1.55 0.3 -0.157624 0.484366 
1.6 0.3 -0.133657 0.458924 
1.65 0.3 -0.104976 0.438276 
1.7 0.3 -0.0725722 0.422988 
1.75 0.3 -0.0375817 0.413522 
1.8 0.3 -0.00124666 0.410187 
1.85 0.3 0.0351334 0.413094 
1.9 0.3 0.0702574 0.422145 
1.95 0.3 0.102878 0.437045 
2 0.3 0.131849 0.45734 
2.05 0.3 0.15617 0.48247 
2.1 0.3 0.175005 0.51181 
2.15 0.3 0.187704 0.544697 
2.2 0.3 0.193809 0.580416 
2.25 0.3 0.193059 0.618162 
2.3 0.3 0.1854 0.656959 
2.35 0.3 0.170997 0.695578 
2.4 0.3 0.150248 0.732476 
2.45 0.3 0.1238 0.765794 
2.5 0.3 0.0925551 0.79347 
2.55 0.3 0.0576562 0.813477 
2.6 0.3 0.0204494 0.824156 
2.65 0.3 -0.0175824 0.824552 
2.7 0.3 -0.0549051 0.814629 
2.75 0.3 -0.0900286 0.795276 
2.8 0.3 -0.121594 0.768112 
2.85 0.3 -0.148441 0.735147 
2.9 0.3 -0.169649 0.698452 
2.95 0.3 -0.184552 0.659905 
3 0.3 -0.192732 0.621075 
3.05 0.3 -0.194008 0.583212 
3.1 0.3 -0.188418 0.547308 
3.15 0.3 -0.176208 0.514179 
3.2 0.3 -0.15782 0.484545 
3.25 0.3 -0.13389 0.459071 
3.3 0.3 -0.105239 0.438385 
3.35 0.3 -0.0728576 0.423054 
3.4 0.3 -0.0378805 0.413542 
3.45 0.3 -0.00154881 0.410156 
3.5 0.3 0.0348385 0.413013 
3.55 0.3 0.0699804 0.422014 
3.6 0.3 0.102629 0.436866 
3.65 0.3 0.131638 0.457117 
3.7 0.3 0.156005 0.482206 
3.75 0.3 0.174893 0.51151 
3.8 0.3 0.187651 0.544365 
3.85 0.3 0.19382 0.580061 
3.9 0.3 0.193137 0.61779 
3.95 0.3 0.185547 0.656581 
4 0.3 0.171211 0.695209 
4.05 0.3 0.150526 0.732135 
4.1 0.3 0.124136 0.765505 
4.15 0.3 0.0929411 0.793259 
4.2 0.3 0.0580815 0.813372 
4.25 0.3 0.0209007 0.824178 
4.3 0.3 -0.0171194 0.824716 
4.35 0.3 -0.0544455 0.814939 
4.4 0.3 -0.0895873 0.795727 
4.45 0.3 -0.121185 0.768689 
4.5 0.3 -0.148077 0.735832 
4.55 0.3 -0.169342 0.699221 
4.6 0.3 -0.184312 0.660737 
4.65 0.3 -0.19257 0.621947 
4.7 0.3 -0.193935 0.584101 
4.75 0.3 -0.188445 0.548189 
4.8 0.3 -0.176339 0.515023 
4.85 0.3 -0.158052 0.485318 
4.9 0.3 -0.134196 0.459741 
4.95 0.3 -0.10555 0.438934 
5 0.3 -0.0730384 0.423507 
0 0.35 -0.122595 0.390814 
0.05 0.35 -0.0849237 0.373578 
0.1 0.35 -0.0440942 0.362776 
0.15 0.35 -0.00161606 0.358881 
0.2 0.35 0.0409411 0.362072 
0.25 0.35 0.0820163 0.372214 
0.3 0.35 0.120124 0.388892 
0.35 0.35 0.153911 0.411479 
0.4 0.35 0.182204 0.439223 
0.45 0.35 0.204035 0.471324 
0.5 0.35 0.218659 0.506974 
0.55 0.35 0.225566 0.545357 
0.6 0.35 0.224477 0.585596 
0.65 0.35 0.215358 0.626671 
0.7 0.35 0.198426 0.66732 
0.75 0.35 0.17417 0.705967 
0.8 0.35 0.143358 0.74072 
0.85 0.35 0.107046 0.769486 
0.9 0.35 0.0665551 0.790217 
0.95 0.35 0.0234335 0.801238 
1 0.35 -0.0206216 0.801594 
1.05 0.35 -0.0638574 0.79125 
1.1 0.35 -0.10457 0.771112 
1.15 0.35 -0.1412 0.742814 
1.2 0.35 -0.172407 0.708393 
1.25 0.35 -0.197121 0.669945 
1.3 0.35 -0.214552 0.629381 
1.35 0.35 -0.224195 0.588296 
1.4 0.35 -0.225816 0.547971 
1.45 0.35 -0.219435 0.509438 
1.5 0.35 -0.205314 0.473577 
1.55 0.35 -0.183952 0.441205 
1.6 0.35 -0.156079 0.413125 
1.65 0.35 -0.122649 0.390136 
1.7 0.35 -0.0848218 0.372989 
1.75 0.35 -0.0439351 0.362315 
1.8 0.35 -0.00145666 0.358544 
1.85 0.35 0.0410752 0.361832 
1.9 0.35 0.0821198 0.372042 
1.95 0.35 0.120203 0.388762 
2 0.35 0.153976 0.411371 
2.05 0.35 0.182265 0.439125 
2.1 0.35 0.204103 0.471225 
2.15 0.35 0.218743 0.50687 
2.2 0.35 0.22567 0.545244 
2.25 0.35 0.224607 0.585474 
2.3 0.35 0.215514 0.626544 
2.35 0.35 0.19861 0.667192 
2.4 0.35 0.174379 0.705847 
2.45 0.35 0.143589 0.740619 
2.5 0.35 0.107293 0.769417 
2.55 0.35 0.0668121 0.79019 
2.6 0.35 0.0236922 0.801263 
2.65 0.35 -0.0203703 0.801674 
2.7 0.35 -0.0636226 0.791385 
2.75 0.35 -0.104361 0.771295 
2.8 0.35 -0.141024 0.743035 
2.85 0.35 -0.172273 0.708641 
2.9 0.35 -0.197033 0.67021 
2.95 0.35 -0.214514 0.629653 
3 0.35 -0.224212 0.588568 
3.05 0.35 -0.225888 0.548235 
3.1 0.35 -0.219561 0.509688 
3.15 0.35 -0.205493 0.473807 
3.2 0.35 -0.184181 0.441408 
3.25 0.35 -0.156351 0.413295 
3.3 0.35 -0.122957 0.390265 
3.35 0.35 -0.085156 0.37307 
3.4 0.35 -0.044285 0.362344 
3.45 0.35 -0.00181032 0.358515 
3.5 0.35 0.0407303 0.361746 
3.55 0.35 0.0817962 0.3719 
3.6 0.35 0.119912 0.388567 
3.65 0.35 0.15373 0.411129 
3.7 0.35 0.182074 0.43884 
3.75 0.35 0.203974 0.470905 
3.8 0.35 0.218683 0.506519 
3.85 0.35 0.225685 0.54487 
3.9 0.35 0.224699 0.585086 
3.95 0.35 0.215685 0.626152 
4 0.35 0.198857 0.666812 
4.05 0.35 0.174699 0.705498 
4.1 0.35 0.143975 0.740325 
4.15 0.35 0.107735 0.769204 
4.2 0.35 0.0672982 0.790085 
4.25 0.35 0.0242078 0.801287 
4.3 0.35 -0.0198409 0.80184 
4.35 0.35 -0.0630955 0.791697 
4.4 0.35 -0.103851 0.771745 
4.45 0.35 -0.140544 0.743607 
4.5 0.35 -0.171834 0.709313 
4.55 0.35 -0.196643 0.670958 
4.6 0.35 -0.214178 0.630451 
4.65 0.35 -0.223932 0.589392 
4.7 0.35 -0.225664 0.549062 
4.75 0.35 -0.21939 0.510495 
4.8 0.35 -0.205365 0.474571 
4.85 0.35 -0.184076 0.44211 
4.9 0.35 -0.156234 0.413919 
4.95 0.35 -0.122768 0.390814 
5 0.35 -0.0848034 0.373578 
0 0.4 -0.135662 0.35489 
0.05 0.4 -0.0938525 0.335867 
0.1 0.4 -0.0485482 0.323894 
0.15 0.4 -0.00140951 0.319588 
0.2 0.4 0.0458158 0.323183 
0.25 0.4 0.0913786 0.334496 
0.3 0.4 0.133611 0.352964 
0.35 0.4 0.170999 0.377747 
0.4 0.4 0.202235 0.407861 
0.45 0.4 0.226249 0.442289 
0.5 0.4 0.242234 0.480057 
0.55 0.4 0.249643 0.520237 
0.6 0.4 0.248199 0.561895 
0.65 0.4 0.237893 0.604 
0.7 0.4 0.218995 0.645311 
0.75 0.4 0.192068 0.684301 
0.8 0.4 0.157979 0.719153 
0.85 0.4 0.117896 0.747864 
0.9 0.4 0.0732715 0.768482 
0.95 0.4 0.0257912 0.77942 
1 0.4 -0.0227014 0.779772 
1.05 0.4 -0.0703055 0.769506 
1.1 0.4 -0.115171 0.749479 
1.15 0.4 -0.155598 0.721241 
1.2 0.4 -0.190118 0.686731 
1.25 0.4 -0.217543 0.647954 
1.3 0.4 -0.236985 0.606744 
1.35 0.4 -0.247863 0.564649 
1.4 0.4 -0.249887 0.522922 
1.45 0.4 -0.243046 0.482606 
1.5 0.4 -0.227603 0.444635 
1.55 0.4 -0.204084 0.409934 
1.6 0.4 -0.173282 0.379471 
1.65 0.4 -0.136245 0.354258 
1.7 0.4 -0.0942653 0.335284 
1.75 0.4 -0.0488393 0.323396 
1.8 0.4 -0.00161848 0.319182 
1.85 0.4 0.0456626 0.322858 
1.9 0.4 0.0912665 0.334233 
1.95 0.4 0.133534 0.352746 
2 0.4 0.170955 0.377561 
2.05 0.4 0.202224 0.407694 
2.1 0.4 0.226274 0.442134 
2.15 0.4 0.242296 0.479908 
2.2 0.4 0.249742 0.52009 
2.25 0.4 0.248335 0.561749 
2.3 0.4 0.238064 0.603856 
2.35 0.4 0.2192 0.645174 
2.4 0.4 0.192303 0.684178 
2.45 0.4 0.158238 0.719053 
2.5 0.4 0.118173 0.747798 
2.55 0.4 0.0735582 0.76846 
2.6 0.4 0.0260791 0.779451 
2.65 0.4 -0.0224221 0.779858 
2.7 0.4 -0.0700449 0.769647 
2.75 0.4 -0.114939 0.749668 
2.8 0.4 -0.155403 0.721469 
2.85 0.4 -0.189969 0.686988 
2.9 0.4 -0.217444 0.64823 
2.95 0.4 -0.236943 0.607031 
3 0.4 -0.247881 0.564937 
3.05 0.4 -0.249965 0.523206 
3.1 0.4 -0.243186 0.482878 
3.15 0.4 -0.227801 0.444889 
3.2 0.4 -0.204338 0.410162 
3.25 0.4 -0.173584 0.379664 
3.3 0.4 -0.136588 0.354408 
3.35 0.4 -0.0946373 0.335381 
3.4 0.4 -0.0492288 0.323435 
3.45 0.4 -0.0020121 0.319157 
3.5 0.4 0.045279 0.322769 
3.55 0.4 0.0909071 0.334082 
3.6 0.4 0.133212 0.352539 
3.65 0.4 0.170684 0.377303 
3.7 0.4 0.202013 0.407394 
3.75 0.4 0.226133 0.4418 
3.8 0.4 0.242231 0.479546 
3.85 0.4 0.24976 0.519709 
3.9 0.4 0.248437 0.561358 
3.95 0.4 0.238252 0.603465 
4 0.4 0.21947 0.644798 
4.05 0.4 0.192652 0.683835 
4.1 0.4 0.158657 0.718766 
4.15 0.4 0.118653 0.747592 
4.2 0.4 0.0740848 0.76836 
4.25 0.4 0.0266372 0.779475 
4.3 0.4 -0.0218486 0.780018 
4.35 0.4 -0.0694717 0.769944 
4.4 0.4 -0.11438 0.750093 
4.45 0.4 -0.15487 0.722005 
4.5 0.4 -0.189468 0.68761 
4.55 0.4 -0.216979 0.648913 
4.6 0.4 -0.236511 0.607747 
4.65 0.4 -0.247474 0.565663 
4.7 0.4 -0.249572 0.523918 
4.75 0.4 -0.242788 0.483557 
4.8 0.4 -0.227375 0.44552 
4.85 0.4 -0.203852 0.410735 
4.9 0.4 -0.172999 0.380183 
4.95 0.4 -0.135858 0.35489 
5 0.4 -0.0937163 0.335867 
0 0.45 -0.14392 0.327592 
0.05 0.45 -0.0994642 0.306781 
0.1 0.45 -0.0512828 0.293622 
0.15 0.45 -0.00114023 0.288902 
0.2 0.45 0.0490904 0.292921 
0.25 0.45 0.0975273 0.305435 
0.3 0.45 0.142376 0.325704 
0.35 0.45 0.18201 0.352636 
0.4 0.45 0.215037 0.384975 
0.45 0.45 0.240329 0.421453 
0.5 0.45 0.257046 0.460904 
0.55 0.45 0.264637 0.502274 
0.6 0.45 0.262838 0.544576 
0.65 0.45 0.251674 0.586783 
0.7 0.45 0.231465 0.627717 
0.75 0.45 0.202833 0.665963 
0.8 0.45 0.166711 0.69986 
0.85 0.45 0.124339 0.727595 
0.9 0.45 0.0772431 0.747413 
0.95 0.45 0.0271816 0.757895 
1 0.45 -0.0239303 0.758231 
1.05 0.45 -0.0741202 0.748395 
1.1 0.45 -0.121466 0.729148 
1.15 0.45 -0.164195 0.701877 
1.2 0.45 -0.200766 0.668326 
1.25 0.45 -0.229917 0.630308 
1.3 0.45 -0.250694 0.589499 
1.35 0.45 -0.262454 0.547329 
1.4 0.45 -0.264857 0.504988 
1.45 0.45 -0.257857 0.463508 
1.5 0.45 -0.241697 0.423876 
1.55 0.45 -0.216908 0.387136 
1.6 0.45 -0.184309 0.354447 
1.65 0.45 -0.145006 0.327071 
1.7 0.45 -0.100374 0.30627 
1.75 0.45 -0.052019 0.29315 
1.8 0.45 -0.00172309 0.288483 
1.85 0.45 0.048638 0.292555 
1.9 0.45 0.0971851 0.305116 
1.95 0.45 0.142128 0.325423 
2 0.45 0.181845 0.352388 
2.05 0.45 0.214945 0.384752 
2.1 0.45 0.240302 0.421251 
2.15 0.45 0.257078 0.460717 
2.2 0.45 0.264723 0.5021 
2.25 0.45 0.262972 0.544412 
2.3 0.45 0.251852 0.58663 
2.35 0.45 0.231682 0.627578 
2.4 0.45 0.203083 0.665843 
2.45 0.45 0.166988 0.699766 
2.5 0.45 0.124635 0.727537 
2.55 0.45 0.0775492 0.7474 
2.6 0.45 0.0274883 0.757932 
2.65 0.45 -0.0236332 0.758322 
2.7 0.45 -0.0738431 0.748539 
2.75 0.45 -0.121219 0.729339 
2.8 0.45 -0.163988 0.702108 
2.85 0.45 -0.200606 0.668587 
2.9 0.45 -0.229811 0.63059 
2.95 0.45 -0.250648 0.589794 
3 0.45 -0.262471 0.547629 
3.05 0.45 -0.264939 0.505287 
3.1 0.45 -0.258004 0.4638 
3.15 0.45 -0.241907 0.424152 
3.2 0.45 -0.217177 0.387387 
3.25 0.45 -0.18463 0.354665 
3.3 0.45 -0.145371 0.327242 
3.35 0.45 -0.10077 0.306384 
3.4 0.45 -0.0524344 0.2932 
3.45 0.45 -0.00214285 0.288462 
3.5 0.45 0.0482292 0.292463 
3.55 0.45 0.0968026 0.304956 
3.6 0.45 0.141786 0.325203 
3.65 0.45 0.181557 0.352116 
3.7 0.45 0.214722 0.384439 
3.75 0.45 0.240154 0.420906 
3.8 0.45 0.257011 0.46035 
3.85 0.45 0.264742 0.501719 
3.9 0.45 0.26308 0.544026 
3.95 0.45 0.252049 0.58625 
4 0.45 0.231965 0.627216 
4.05 0.45 0.203447 0.665517 
4.1 0.45 0.167424 0.699497 
4.15 0.45 0.125132 0.727346 
4.2 0.45 0.0780938 0.747307 
4.25 0.45 0.0280651 0.757955 
4.3 0.45 -0.02304 0.758468 
4.35 0.45 -0.0732483 0.748807 
4.4 0.45 -0.120635 0.729719 
4.45 0.45 -0.163422 0.702581 
4.5 0.45 -0.200062 0.669128 
4.55 0.45 -0.229286 0.631173 
4.6 0.45 -0.250131 0.590392 
4.65 0.45 -0.261946 0.548216 
4.7 0.45 -0.264382 0.505842 
4.75 0.45 -0.257385 0.464306 
4.8 0.45 -0.24119 0.424601 
4.85 0.45 -0.216322 0.387782 
4.9 0.45 -0.183599 0.35502 
4.95 0.45 -0.144132 0.327592 
5 0.45 -0.0993177 0.306781 
0 0.5 -0.146941 0.305457 
0.05 0.5 -0.101475 0.282947 
0.1 0.5 -0.0521741 0.268651 
0.15 0.5 -0.000851765 0.263539 
0.2 0.5 0.0505554 0.267979 
0.25 0.5 0.100096 0.281657 
0.3 0.5 0.145912 0.303647 
0.35 0.5 0.186326 0.332594 
0.4 0.5 0.21991 0.366953 
0.45 0.5 0.245522 0.405199 
0.5 0.5 0.262324 0.445962 
0.55 0.5 0.269785 0.488059 
0.6 0.5 0.267669 0.530446 
0.65 0.5 0.25604 0.57211 
0.7 0.5 0.235255 0.611958 
0.75 0.5 0.205976 0.648723 
0.8 0.5 0.169168 0.680957 
0.85 0.5 0.126097 0.707102 
0.9 0.5 0.0783016 0.725662 
0.95 0.5 0.0275464 0.735439 
1 0.5 -0.0242562 0.735751 
1.05 0.5 -0.0751393 0.726577 
1.1 0.5 -0.123183 0.708556 
1.15 0.5 -0.166612 0.682861 
1.2 0.5 -0.203869 0.650972 
1.25 0.5 -0.233668 0.614451 
1.3 0.5 -0.255022 0.574754 
1.35 0.5 -0.267249 0.53316 
1.4 0.5 -0.269969 0.49077 
1.45 0.5 -0.263099 0.448598 
1.5 0.5 -0.246848 0.407682 
1.55 0.5 -0.221729 0.369193 
1.6 0.5 -0.188555 0.334491 
1.65 0.5 -0.148444 0.305095 
1.7 0.5 -0.102804 0.282555 
1.75 0.5 -0.0532944 0.26825 
1.8 0.5 -0.00176465 0.263145 
1.85 0.5 0.0498329 0.267601 
1.9 0.5 0.0995424 0.281302 
1.95 0.5 0.145505 0.303319 
2 0.5 0.186045 0.332294 
2.05 0.5 0.219736 0.366682 
2.1 0.5 0.245441 0.404956 
2.15 0.5 0.262324 0.445744 
2.2 0.5 0.269853 0.487863 
2.25 0.5 0.267797 0.53027 
2.3 0.5 0.256218 0.571953 
2.35 0.5 0.235477 0.611821 
2.4 0.5 0.206233 0.64861 
2.45 0.5 0.169453 0.680874 
2.5 0.5 0.1264 0.707055 
2.55 0.5 0.0786154 0.725658 
2.6 0.5 0.0278604 0.735484 
2.65 0.5 -0.0239525 0.735847 
2.7 0.5 -0.0748562 0.726722 
2.75 0.5 -0.122931 0.708747 
2.8 0.5 -0.1664 0.68309 
2.85 0.5 -0.203705 0.651233 
2.9 0.5 -0.233559 0.614735 
2.95 0.5 -0.254974 0.575055 
3 0.5 -0.267265 0.53347 
3.05 0.5 -0.270052 0.491083 
3.1 0.5 -0.263248 0.448907 
3.15 0.5 -0.247062 0.407979 
3.2 0.5 -0.222003 0.369468 
3.25 0.5 -0.188883 0.334731 
3.3 0.5 -0.148817 0.305287 
3.35 0.5 -0.10321 0.282687 
3.4 0.5 -0.0537205 0.268311 
3.45 0.5 -0.0021952 0.263128 
3.5 0.5 0.0494139 0.267506 
3.55 0.5 0.0991506 0.281134 
3.6 0.5 0.145155 0.303087 
3.65 0.5 0.185751 0.33201 
3.7 0.5 0.21951 0.366359 
3.75 0.5 0.245291 0.404605 
3.8 0.5 0.262256 0.445375 
3.85 0.5 0.269873 0.487487 
3.9 0.5 0.267906 0.529895 
3.95 0.5 0.256417 0.571589 
4 0.5 0.235761 0.61148 
4.05 0.5 0.206597 0.648308 
4.1 0.5 0.169887 0.680627 
4.15 0.5 0.126895 0.706881 
4.2 0.5 0.0791556 0.725574 
4.25 0.5 0.0284318 0.735501 
4.3 0.5 -0.0233645 0.735971 
4.35 0.5 -0.0742648 0.72695 
4.4 0.5 -0.122346 0.709066 
4.45 0.5 -0.165826 0.683481 
4.5 0.5 -0.203141 0.651671 
4.55 0.5 -0.232997 0.615193 
4.6 0.5 -0.254396 0.575507 
4.65 0.5 -0.266647 0.53389 
4.7 0.5 -0.26936 0.49145 
4.75 0.5 -0.262443 0.449208 
4.8 0.5 -0.2461 0.40821 
4.85 0.5 -0.220839 0.369642 
4.9 0.5 -0.18748 0.334878 
4.95 0.5 -0.147159 0.305457 
5 0.5 -0.101324 0.282947 
0 0.55 -0.14454 0.285548 
0.05 0.55 -0.0997648 0.261624 
0.1 0.55 -0.0511779 0.246376 
0.15 0.55 -0.000580653 0.240941 
0.2 0.55 0.0500945 0.245748 
0.25 0.55 0.0988982 0.26042 
0.3 0.55 0.143975 0.283857 
0.35 0.55 0.183661 0.314463 
0.4 0.55 0.216546 0.350429 
0.45 0.55 0.241518 0.389998 
0.5 0.55 0.257777 0.431613 
0.55 0.55 0.264828 0.473973 
0.6 0.55 0.262477 0.515979 
0.65 0.55 0.250819 0.556638 
0.7 0.55 0.23024 0.594943 
0.75 0.55 0.201412 0.629794 
0.8 0.55 0.165298 0.659973 
0.85 0.55 0.12314 0.6842 
0.9 0.55 0.0764333 0.701267 
0.95 0.55 0.0268819 0.710215 
1 0.55 -0.0236754 0.7105 
1.05 0.55 -0.0733496 0.702104 
1.1 0.55 -0.120295 0.685539 
1.15 0.55 -0.162797 0.661739 
1.2 0.55 -0.199343 0.631904 
1.25 0.55 -0.228672 0.59731 
1.3 0.55 -0.249802 0.559182 
1.35 0.55 -0.262037 0.518627 
1.4 0.55 -0.264972 0.476654 
1.45 0.55 -0.258489 0.434254 
1.5 0.55 -0.242758 0.392515 
1.55 0.55 -0.218252 0.352725 
1.6 0.55 -0.185746 0.316426 
1.65 0.55 -0.14633 0.285372 
1.7 0.55 -0.101391 0.261379 
1.75 0.55 -0.0525779 0.246071 
1.8 0.55 -0.00174036 0.240593 
1.85 0.55 0.0491652 0.245375 
1.9 0.55 0.0981782 0.260042 
1.95 0.55 0.14344 0.28349 
2 0.55 0.183284 0.314119 
2.05 0.55 0.216304 0.350117 
2.1 0.55 0.241391 0.38972 
2.15 0.55 0.257746 0.431369 
2.2 0.55 0.264877 0.47376 
2.25 0.55 0.262593 0.515795 
2.3 0.55 0.250991 0.55648 
2.35 0.55 0.230457 0.594812 
2.4 0.55 0.201666 0.629691 
2.45 0.55 0.165579 0.659902 
2.5 0.55 0.12344 0.684166 
2.55 0.55 0.0767429 0.701275 
2.6 0.55 0.0271912 0.710268 
2.65 0.55 -0.0233765 0.7106 
2.7 0.55 -0.0730711 0.702251 
2.75 0.55 -0.120047 0.685728 
2.8 0.55 -0.162588 0.661966 
2.85 0.55 -0.199181 0.632162 
2.9 0.55 -0.228564 0.597593 
2.95 0.55 -0.249753 0.559484 
3 0.55 -0.262051 0.518943 
3.05 0.55 -0.265051 0.476976 
3.1 0.55 -0.258634 0.434577 
3.15 0.55 -0.242968 0.392829 
3.2 0.55 -0.218521 0.353019 
3.25 0.55 -0.186069 0.316685 
3.3 0.55 -0.146698 0.285582 
3.35 0.55 -0.101792 0.261525 
3.4 0.55 -0.0529988 0.246141 
3.45 0.55 -0.00216558 0.240579 
3.5 0.55 0.0487516 0.245278 
3.55 0.55 0.0977919 0.259867 
3.6 0.55 0.143096 0.283249 
3.65 0.55 0.182995 0.313825 
3.7 0.55 0.216082 0.349786 
3.75 0.55 0.241244 0.389365 
3.8 0.55 0.25768 0.431002 
3.85 0.55 0.264897 0.473391 
3.9 0.55 0.262699 0.515434 
3.95 0.55 0.251183 0.556136 
4 0.55 0.230731 0.594495 
4.05 0.55 0.202015 0.629414 
4.1 0.55 0.165996 0.659678 
4.15 0.55 0.123912 0.684009 
4.2 0.55 0.0772575 0.701197 
4.25 0.55 0.0277346 0.710276 
4.3 0.55 -0.0228174 0.710696 
4.35 0.55 -0.0725074 0.702429 
4.4 0.55 -0.119486 0.685976 
4.45 0.55 -0.162032 0.662263 
4.5 0.55 -0.198624 0.632485 
4.55 0.55 -0.227994 0.597914 
4.6 0.55 -0.249147 0.559777 
4.65 0.55 -0.261378 0.519181 
4.7 0.55 -0.264273 0.47714 
4.75 0.55 -0.257703 0.434655 
4.8 0.55 -0.241836 0.392824 
4.85 0.55 -0.217144 0.352952 
4.9 0.55 -0.184412 0.316601 
4.95 0.55 -0.144757 0.285548 
5 0.55 -0.0996151 0.261624 
0 0.6 -0.136787 0.26557 
0.05 0.6 -0.0943832 0.240774 
0.1 0.6 -0.0483305 0.22493 
0.15 0.6 -0.000353205 0.219301 
0.2 0.6 0.0476922 0.224361 
0.25 0.6 0.0939321 0.239683 
0.3 0.6 0.136587 0.264034 
0.35 0.6 0.174067 0.295634 
0.4 0.6 0.205037 0.332482 
0.45 0.6 0.228457 0.372643 
0.5 0.6 0.24359 0.414425 
0.55 0.6 0.249997 0.456438 
0.6 0.6 0.247528 0.497546 
0.65 0.6 0.236304 0.536775 
0.7 0.6 0.216718 0.573206 
0.75 0.6 0.189428 0.605893 
0.8 0.6 0.155353 0.63384 
0.85 0.6 0.115666 0.656036 
0.9 0.6 0.0717661 0.671545 
0.95 0.6 0.025234 0.679633 
1 0.6 -0.0222278 0.67989 
1.05 0.6 -0.0688734 0.672302 
1.1 0.6 -0.112995 0.657254 
1.15 0.6 -0.153 0.635462 
1.2 0.6 -0.187475 0.607851 
1.25 0.6 -0.21523 0.57543 
1.3 0.6 -0.235328 0.539197 
1.35 0.6 -0.247089 0.500099 
1.4 0.6 -0.250101 0.459054 
1.45 0.6 -0.24422 0.417031 
1.5 0.6 -0.229576 0.37515 
1.55 0.6 -0.206582 0.334788 
1.6 0.6 -0.175952 0.297622 
1.65 0.6 -0.138705 0.265582 
1.7 0.6 -0.096155 0.240679 
1.75 0.6 -0.0498781 0.224727 
1.8 0.6 -0.00165057 0.219006 
1.85 0.6 0.0466425 0.224001 
1.9 0.6 0.0931123 0.23929 
1.95 0.6 0.135972 0.263635 
2 0.6 0.17363 0.295253 
2.05 0.6 0.204752 0.332134 
2.1 0.6 0.228298 0.372334 
2.15 0.6 0.243536 0.414159 
2.2 0.6 0.250029 0.456212 
2.25 0.6 0.24763 0.497357 
2.3 0.6 0.236463 0.53662 
2.35 0.6 0.216923 0.573083 
2.4 0.6 0.189668 0.605802 
2.45 0.6 0.155621 0.633784 
2.5 0.6 0.115951 0.656016 
2.55 0.6 0.0720597 0.671564 
2.6 0.6 0.0255269 0.679695 
2.65 0.6 -0.021945 0.679994 
2.7 0.6 -0.0686099 0.672448 
2.75 0.6 -0.11276 0.657441 
2.8 0.6 -0.152801 0.635684 
2.85 0.6 -0.18732 0.608104 
2.9 0.6 -0.215127 0.57571 
2.95 0.6 -0.23528 0.539498 
3 0.6 -0.2471 0.500416 
3.05 0.6 -0.250175 0.459382 
3.1 0.6 -0.244356 0.417362 
3.15 0.6 -0.229773 0.375475 
3.2 0.6 -0.206836 0.335095 
3.25 0.6 -0.176258 0.297895 
3.3 0.6 -0.139054 0.265805 
3.35 0.6 -0.0965357 0.240836 
3.4 0.6 -0.0502777 0.224804 
3.45 0.6 -0.00205434 0.218996 
3.5 0.6 0.0462499 0.223904 
3.55 0.6 0.0927459 0.239111 
3.6 0.6 0.135646 0.263389 
3.65 0.6 0.173357 0.294955 
3.7 0.6 0.204542 0.3318 
3.75 0.6 0.22816 0.371981 
3.8 0.6 0.243474 0.413798 
3.85 0.6 0.250048 0.455854 
3.9 0.6 0.247729 0.497012 
3.95 0.6 0.236641 0.536296 
4 0.6 0.217176 0.572789 
4.05 0.6 0.189991 0.605549 
4.1 0.6 0.156003 0.63358 
4.15 0.6 0.116384 0.655872 
4.2 0.6 0.0725299 0.671488 
4.25 0.6 0.0260225 0.679689 
4.3 0.6 -0.0214356 0.680058 
4.35 0.6 -0.0680957 0.672574 
4.4 0.6 -0.112246 0.657614 
4.45 0.6 -0.152287 0.635885 
4.5 0.6 -0.186798 0.608309 
4.55 0.6 -0.214579 0.575891 
4.6 0.6 -0.234682 0.53963 
4.65 0.6 -0.246419 0.500473 
4.7 0.6 -0.249367 0.459345 
4.75 0.6 -0.243374 0.417222 
4.8 0.6 -0.228567 0.37524 
4.85 0.6 -0.205363 0.334794 
4.9 0.6 -0.174489 0.297586 
4.95 0.6 -0.136993 0.26557 
5 0.6 -0.0942414 0.240774 
0 0.65 -0.124023 0.243823 
0.05 0.65 -0.0855635 0.218964 
0.1 0.65 -0.0437561 0.203053 
0.15 0.65 -0.000184003 0.197418 
0.2 0.65 0.0434444 0.202554 
0.25 0.65 0.0854049 0.218005 
0.3 0.65 0.124064 0.242469 
0.35 0.65 0.157968 0.274073 
0.4 0.65 0.185908 0.310723 
0.45 0.65 0.206952 0.350401 
0.5 0.65 0.22045 0.391355 
0.55 0.65 0.226031 0.432156 
0.6 0.65 0.223586 0.471663 
0.65 0.65 0.213254 0.508931 
0.7 0.65 0.195414 0.54312 
0.75 0.65 0.170677 0.573424 
0.8 0.65 0.139884 0.599038 
0.85 0.65 0.104096 0.619177 
0.9 0.65 0.0645636 0.63314 
0.95 0.65 0.0226962 0.640386 
1 0.65 -0.0199954 0.640616 
1.05 0.65 -0.0619633 0.633818 
1.1 0.65 -0.101692 0.620275 
1.15 0.65 -0.137763 0.600512 
1.2 0.65 -0.168911 0.575222 
1.25 0.65 -0.194063 0.545185 
1.3 0.65 -0.21236 0.511204 
1.35 0.65 -0.223171 0.474085 
1.4 0.65 -0.2261 0.434662 
1.45 0.65 -0.220988 0.393871 
1.5 0.65 -0.207923 0.352838 
1.55 0.65 -0.187255 0.312977 
1.6 0.65 -0.159611 0.276026 
1.65 0.65 -0.125902 0.243999 
1.7 0.65 -0.0873211 0.219003 
1.75 0.65 -0.0453092 0.202945 
1.8 0.65 -0.00149909 0.197179 
1.85 0.65 0.0423714 0.202215 
1.9 0.65 0.084561 0.217607 
1.95 0.65 0.123427 0.242051 
2 0.65 0.157512 0.273667 
2.05 0.65 0.185607 0.310349 
2.1 0.65 0.206779 0.350072 
2.15 0.65 0.220382 0.391075 
2.2 0.65 0.22605 0.431923 
2.25 0.65 0.223674 0.471473 
2.3 0.65 0.213397 0.508781 
2.35 0.65 0.1956 0.543007 
2.4 0.65 0.170896 0.573346 
2.45 0.65 0.140128 0.598995 
2.5 0.65 0.104355 0.61917 
2.55 0.65 0.0648302 0.633171 
2.6 0.65 0.0229618 0.640455 
2.65 0.65 -0.0197392 0.640724 
2.7 0.65 -0.0617247 0.633965 
2.75 0.65 -0.101479 0.620458 
2.8 0.65 -0.137583 0.600728 
2.85 0.65 -0.168771 0.575468 
2.9 0.65 -0.193968 0.545458 
2.95 0.65 -0.212315 0.5115 
3 0.65 -0.22318 0.474398 
3.05 0.65 -0.226165 0.434988 
3.1 0.65 -0.221109 0.394201 
3.15 0.65 -0.2081 0.353165 
3.2 0.65 -0.187485 0.313287 
3.25 0.65 -0.159888 0.276303 
3.3 0.65 -0.126219 0.244226 
3.35 0.65 -0.0876668 0.219164 
3.4 0.65 -0.0456723 0.203026 
3.45 0.65 -0.00186617 0.197171 
3.5 0.65 0.0420145 0.202119 
3.55 0.65 0.0842283 0.21743 
3.6 0.65 0.123131 0.241807 
3.65 0.65 0.157265 0.273372 
3.7 0.65 0.185417 0.310022 
3.75 0.65 0.206654 0.349728 
3.8 0.65 0.220327 0.390726 
3.85 0.65 0.226066 0.431582 
3.9 0.65 0.223762 0.471148 
3.95 0.65 0.213555 0.50848 
4 0.65 0.195824 0.542738 
4.05 0.65 0.17118 0.573115 
4.1 0.65 0.140465 0.598809 
4.15 0.65 0.104734 0.619037 
4.2 0.65 0.0652409 0.633093 
4.25 0.65 0.0233935 0.640434 
4.3 0.65 -0.0192962 0.640754 
4.35 0.65 -0.0612775 0.634038 
4.4 0.65 -0.10103 0.620559 
4.45 0.65 -0.137131 0.600838 
4.5 0.65 -0.168306 0.575563 
4.55 0.65 -0.193472 0.545512 
4.6 0.65 -0.211763 0.511486 
4.65 0.65 -0.222536 0.474294 
4.7 0.65 -0.225388 0.434775 
4.75 0.65 -0.220154 0.393874 
4.8 0.65 -0.206919 0.352734 
4.85 0.65 -0.186039 0.31279 
4.9 0.65 -0.158155 0.275807 
4.95 0.65 -0.124207 0.243823 
5 0.65 -0.0854367 0.218964 
0 0.7 -0.106898 0.219139 
0.05 0.7 -0.0737495 0.19524 
0.1 0.7 -0.0376809 0.179932 
0.15 0.7 -7.57923e-05 0.174526 
0.2 0.7 0.037572 0.179508 
0.25 0.7 0.0737558 0.194423 
0.3 0.7 0.107052 0.217978 
0.35 0.7 0.1362 0.248321 
0.4 0.7 0.16016 0.283384 
0.45 0.7 0.178137 0.321183 
0.5 0.7 0.189589 0.359996 
0.55 0.7 0.194218 0.398426 
0.6 0.7 0.191952 0.435365 
0.65 0.7 0.182932 0.469922 
0.7 0.7 0.167501 0.501336 
0.75 0.7 0.146198 0.528917 
0.8 0.7 0.119754 0.552017 
0.85 0.7 0.0890752 0.570033 
0.9 0.7 0.0552296 0.582444 
0.95 0.7 0.0194111 0.588858 
1 0.7 -0.0171035 0.589061 
1.05 0.7 -0.0530069 0.583045 
1.1 0.7 -0.0870183 0.57101 
1.15 0.7 -0.117936 0.553337 
1.2 0.7 -0.144682 0.53054 
1.25 0.7 -0.166337 0.503216 
1.3 0.7 -0.182155 0.47201 
1.35 0.7 -0.191583 0.437607 
1.4 0.7 -0.19426 0.40076 
1.45 0.7 -0.190029 0.362351 
1.5 0.7 -0.178944 0.323474 
1.55 0.7 -0.161283 0.28551 
1.6 0.7 -0.137571 0.250167 
1.65 0.7 -0.108581 0.21943 
1.7 0.7 -0.0753421 0.19538 
1.75 0.7 -0.0391045 0.179902 
1.8 0.7 -0.00129366 0.174339 
1.85 0.7 0.0365701 0.179199 
1.9 0.7 0.072963 0.194036 
1.95 0.7 0.106451 0.217559 
2 0.7 0.135768 0.247908 
2.05 0.7 0.159872 0.283003 
2.1 0.7 0.17797 0.320849 
2.15 0.7 0.18952 0.359714 
2.2 0.7 0.194229 0.398195 
2.25 0.7 0.192026 0.435182 
2.3 0.7 0.183055 0.469781 
2.35 0.7 0.167662 0.501234 
2.4 0.7 0.146389 0.528852 
2.45 0.7 0.119965 0.551987 
2.5 0.7 0.0892992 0.570038 
2.55 0.7 0.0554596 0.582483 
2.6 0.7 0.0196399 0.588932 
2.65 0.7 -0.0168829 0.589169 
2.7 0.7 -0.0528016 0.583187 
2.75 0.7 -0.0868348 0.571185 
2.8 0.7 -0.117781 0.553543 
2.85 0.7 -0.144561 0.530775 
2.9 0.7 -0.166254 0.503476 
2.95 0.7 -0.182115 0.472291 
3 0.7 -0.191589 0.437906 
3.05 0.7 -0.194314 0.401072 
3.1 0.7 -0.190132 0.36267 
3.15 0.7 -0.179095 0.323789 
3.2 0.7 -0.16148 0.285809 
3.25 0.7 -0.137809 0.250436 
3.3 0.7 -0.108854 0.219652 
3.35 0.7 -0.0756402 0.195537 
3.4 0.7 -0.039418 0.179982 
3.45 0.7 -0.00161066 0.174334 
3.5 0.7 0.036262 0.179108 
3.55 0.7 0.0726759 0.193868 
3.6 0.7 0.106196 0.217327 
3.65 0.7 0.135556 0.247628 
3.7 0.7 0.159709 0.282693 
3.75 0.7 0.177862 0.320524 
3.8 0.7 0.189472 0.359388 
3.85 0.7 0.194242 0.397878 
3.9 0.7 0.1921 0.434882 
3.95 0.7 0.183188 0.469506 
4 0.7 0.167851 0.500989 
4.05 0.7 0.146627 0.528643 
4.1 0.7 0.120246 0.551818 
4.15 0.7 0.0896146 0.569913 
4.2 0.7 0.0558001 0.582403 
4.25 0.7 0.0199966 0.588895 
4.3 0.7 -0.0165179 0.58917 
4.35 0.7 -0.0524337 0.583214 
4.4 0.7 -0.0864658 0.571225 
4.45 0.7 -0.117407 0.553576 
4.5 0.7 -0.144173 0.530778 
4.55 0.7 -0.165834 0.503425 
4.6 0.7 -0.181639 0.472163 
4.65 0.7 -0.191025 0.437678 
4.7 0.7 -0.193625 0.400729 
4.75 0.7 -0.189275 0.362209 
4.8 0.7 -0.178031 0.323225 
4.85 0.7 -0.160176 0.285184 
4.9 0.7 -0.136249 0.249819 
4.95 0.7 -0.107049 0.219139 
5 0.7 -0.0736449 0.19524 
0 0.75 -0.0864159 0.190825 
0.05 0.75 -0.0596258 0.169025 
0.1 0.75 -0.0304489 0.15506 
0.15 0.75 -2.07307e-05 0.150141 
0.2 0.75 0.030435 0.154712 
0.25 0.75 0.0596861 0.168351 
0.3 0.75 0.0865711 0.18986 
0.35 0.75 0.110067 0.217523 
0.4 0.75 0.129333 0.24943 
0.45 0.75 0.143738 0.283747 
0.5 0.75 0.152858 0.318882 
0.55 0.75 0.156466 0.353543 
0.6 0.75 0.154522 0.386709 
0.65 0.75 0.147155 0.417569 
0.7 0.75 0.134653 0.445452 
0.75 0.75 0.11746 0.469776 
0.8 0.75 0.0961666 0.490017 
0.85 0.75 0.0715033 0.505712 
0.9 0.75 0.0443226 0.516474 
0.95 0.75 0.0155751 0.522019 
1 0.75 -0.013725 0.522194 
1.05 0.75 -0.04254 0.516993 
1.1 0.75 -0.0698526 0.50656 
1.15 0.75 -0.0947062 0.491168 
1.2 0.75 -0.11624 0.471199 
1.25 0.75 -0.133713 0.447111 
1.3 0.75 -0.146524 0.41942 
1.35 0.75 -0.154217 0.388706 
1.4 0.75 -0.15649 0.35563 
1.45 0.75 -0.153199 0.320994 
1.5 0.75 -0.144372 0.285805 
1.55 0.75 -0.130219 0.251342 
1.6 0.75 -0.111147 0.219186 
1.65 0.75 -0.0877746 0.191171 
1.7 0.75 -0.0609309 0.169222 
1.75 0.75 -0.0316333 0.155085 
1.8 0.75 -0.00104646 0.150002 
1.85 0.75 0.0295837 0.154443 
1.9 0.75 0.0590085 0.167996 
1.95 0.75 0.0860556 0.189466 
2 0.75 0.109695 0.21713 
2.05 0.75 0.129086 0.249066 
2.1 0.75 0.143594 0.283428 
2.15 0.75 0.152797 0.318614 
2.2 0.75 0.156472 0.353326 
2.25 0.75 0.154581 0.386539 
2.3 0.75 0.147255 0.417443 
2.35 0.75 0.134784 0.445365 
2.4 0.75 0.117615 0.469723 
2.45 0.75 0.0963379 0.489998 
2.5 0.75 0.0716849 0.505725 
2.55 0.75 0.0445086 0.516518 
2.6 0.75 0.0157598 0.522093 
2.65 0.75 -0.0135471 0.522298 
2.7 0.75 -0.0423744 0.517127 
2.75 0.75 -0.0697045 0.506722 
2.8 0.75 -0.0945806 0.491358 
2.85 0.75 -0.116141 0.471414 
2.9 0.75 -0.133646 0.447348 
2.95 0.75 -0.146491 0.419678 
3 0.75 -0.154221 0.38898 
3.05 0.75 -0.156532 0.355916 
3.1 0.75 -0.153281 0.321286 
3.15 0.75 -0.144493 0.286094 
3.2 0.75 -0.130377 0.251617 
3.25 0.75 -0.111338 0.219434 
3.3 0.75 -0.0879944 0.191375 
3.35 0.75 -0.0611718 0.169368 
3.4 0.75 -0.0318869 0.155159 
3.45 0.75 -0.001303 0.149998 
3.5 0.75 0.0293343 0.154361 
3.55 0.75 0.0587763 0.167844 
3.6 0.75 0.0858496 0.189255 
3.65 0.75 0.109523 0.216876 
3.7 0.75 0.128954 0.248786 
3.75 0.75 0.143507 0.283135 
3.8 0.75 0.152758 0.318321 
3.85 0.75 0.156482 0.353042 
3.9 0.75 0.15464 0.386272 
3.95 0.75 0.14736 0.417198 
4 0.75 0.134933 0.445148 
4.05 0.75 0.117802 0.469538 
4.1 0.75 0.0965582 0.489847 
4.15 0.75 0.071931 0.50561 
4.2 0.75 0.0447732 0.516438 
4.25 0.75 0.0160358 0.522045 
4.3 0.75 -0.0132658 0.522275 
4.35 0.75 -0.0420919 0.517119 
4.4 0.75 -0.0694215 0.506715 
4.45 0.75 -0.0942936 0.491334 
4.5 0.75 -0.115841 0.471353 
4.55 0.75 -0.133318 0.447228 
4.6 0.75 -0.146114 0.419477 
4.65 0.75 -0.153767 0.38868 
4.7 0.75 -0.15597 0.355504 
4.75 0.75 -0.152578 0.320763 
4.8 0.75 -0.143616 0.285478 
4.85 0.75 -0.129303 0.250948 
4.9 0.75 -0.11006 0.218779 
4.95 0.75 -0.0865239 0.190825 
5 0.75 -0.0595511 0.169025 
0 0.8 -0.0639825 0.158646 
0.05 0.8 -0.0441532 0.140051 
0.1 0.8 -0.0225418 0.128145 
0.15 0.8 -3.11533e-06 0.12396 
0.2 0.8 0.0225475 0.127873 
0.25 0.8 0.0441899 0.139519 
0.3 0.8 0.0640583 0.157872 
0.35 0.8 0.0813932 0.181466 
0.4 0.8 0.0955761 0.208664 
0.45 0.8 0.106146 0.237892 
0.5 0.8 0.112799 0.267778 
0.55 0.8 0.11538 0.297207 
0.6 0.8 0.11387 0.325298 
0.65 0.8 0.108374 0.351354 
0.7 0.8 0.0991121 0.37481 
0.75 0.8 0.0864157 0.39519 
0.8 0.8 0.0707224 0.41208 
0.85 0.8 0.0525686 0.425128 
0.9 0.8 0.0325788 0.434048 
0.95 0.8 0.0114468 0.438635 
1 0.8 -0.0100879 0.43878 
1.05 0.8 -0.0312692 0.434478 
1.1 0.8 -0.0513554 0.425831 
1.15 0.8 -0.0696482 0.413037 
1.2 0.8 -0.0855173 0.396378 
1.25 0.8 -0.0984189 0.376199 
1.3 0.8 -0.107907 0.352909 
1.35 0.8 -0.113642 0.32698 
1.4 0.8 -0.115393 0.298968 
1.45 0.8 -0.113045 0.269562 
1.5 0.8 -0.106606 0.239631 
1.55 0.8 -0.09622 0.21028 
1.6 0.8 -0.0821788 0.182873 
1.65 0.8 -0.064933 0.158983 
1.7 0.8 -0.0450935 0.140261 
1.75 0.8 -0.0234172 0.128201 
1.8 0.8 -0.00077471 0.123864 
1.85 0.8 0.0219003 0.127653 
1.9 0.8 0.0436718 0.139215 
1.95 0.8 0.0636634 0.157529 
2 0.8 0.081109 0.181121 
2.05 0.8 0.0953871 0.208343 
2.1 0.8 0.106036 0.237609 
2.15 0.8 0.112753 0.267542 
2.2 0.8 0.115385 0.297017 
2.25 0.8 0.113915 0.325151 
2.3 0.8 0.10845 0.351247 
2.35 0.8 0.0992107 0.374738 
2.4 0.8 0.0865313 0.395149 
2.45 0.8 0.0708498 0.412069 
2.5 0.8 0.0527033 0.425145 
2.55 0.8 0.0327164 0.434092 
2.6 0.8 0.0115832 0.438704 
2.65 0.8 -0.00995659 0.438874 
2.7 0.8 -0.031147 0.434596 
2.75 0.8 -0.0512461 0.425973 
2.8 0.8 -0.0695553 0.413202 
2.85 0.8 -0.0854442 0.396563 
2.9 0.8 -0.0983684 0.376404 
2.95 0.8 -0.107882 0.353131 
3 0.8 -0.113644 0.327216 
3.05 0.8 -0.115423 0.299214 
3.1 0.8 -0.113104 0.269813 
3.15 0.8 -0.106694 0.23988 
3.2 0.8 -0.096336 0.210517 
3.25 0.8 -0.0823198 0.183085 
3.3 0.8 -0.0650952 0.159158 
3.35 0.8 -0.0452716 0.140386 
3.4 0.8 -0.0236048 0.128265 
3.45 0.8 -0.000964647 0.123861 
3.5 0.8 0.0217156 0.127583 
3.55 0.8 0.0435 0.139086 
3.6 0.8 0.0635111 0.15735 
3.65 0.8 0.080982 0.180905 
3.7 0.8 0.09529 0.208104 
3.75 0.8 0.105972 0.237361 
3.8 0.8 0.112724 0.267293 
3.85 0.8 0.115392 0.296777 
3.9 0.8 0.113958 0.324926 
3.95 0.8 0.108526 0.351041 
4 0.8 0.0993181 0.374556 
4.05 0.8 0.0866663 0.394993 
4.1 0.8 0.0710079 0.41194 
4.15 0.8 0.0528792 0.425045 
4.2 0.8 0.0329047 0.434018 
4.25 0.8 0.0117786 0.438653 
4.3 0.8 -0.00975857 0.438838 
4.35 0.8 -0.0309492 0.434568 
4.4 0.8 -0.0510488 0.425939 
4.45 0.8 -0.0693555 0.413147 
4.5 0.8 -0.0852348 0.39647 
4.55 0.8 -0.0981377 0.376254 
4.6 0.8 -0.107613 0.352906 
4.65 0.8 -0.113316 0.326901 
4.7 0.8 -0.115013 0.298802 
4.75 0.8 -0.112586 0.269305 
4.8 0.8 -0.106047 0.239294 
4.85 0.8 -0.0955461 0.209892 
4.9 0.8 -0.081387 0.182479 
4.95 0.8 -0.0640359 0.158646 
5 0.8 -0.0441161 0.140051 
0 0.85 -0.0414597 0.122788 
0.05 0.85 -0.0286062 0.10831 
0.1 0.85 -0.0146005 0.099054 
0.15 0.85 -3.73992e-06 0.0958068 
0.2 0.85 0.0145906 0.0988554 
0.25 0.85 0.028585 0.107917 
0.3 0.85 0.0414169 0.1222 
0.35 0.85 0.0525943 0.14057 
0.4 0.85 0.0617193 0.161756 
0.45 0.85 0.0684989 0.18453 
0.5 0.85 0.0727436 0.207815 
0.55 0.85 0.0743607 0.230732 
0.6 0.85 0.0733444 0.252583 
0.65 0.85 0.0697676 0.272819 
0.7 0.85 0.0637762 0.290999 
0.75 0.85 0.0555855 0.306757 
0.8 0.85 0.0454774 0.319787 
0.85 0.85 0.0337962 0.32983 
0.9 0.85 0.0209416 0.336683 
0.95 0.85 0.0073573 0.340203 
1 0.85 -0.00648426 0.340314 
1.05 0.85 -0.0201002 0.337013 
1.1 0.85 -0.0330165 0.33037 
1.15 0.85 -0.0447867 0.320524 
1.2 0.85 -0.0550075 0.307673 
1.25 0.85 -0.0633298 0.292072 
1.3 0.85 -0.0694665 0.274023 
1.35 0.85 -0.0731965 0.253886 
1.4 0.85 -0.0743676 0.232098 
1.45 0.85 -0.0729004 0.209199 
1.5 0.85 -0.0687934 0.185879 
1.55 0.85 -0.0621319 0.163009 
1.6 0.85 -0.0530977 0.14166 
1.65 0.85 -0.0419773 0.123062 
1.7 0.85 -0.0291638 0.108496 
1.75 0.85 -0.0151489 0.0991177 
1.8 0.85 -0.000501247 0.0957465 
1.85 0.85 0.0141677 0.0986919 
1.9 0.85 0.0282449 0.107683 
1.95 0.85 0.0411578 0.121931 
2 0.85 0.0524085 0.140297 
2.05 0.85 0.0615967 0.1615 
2.1 0.85 0.0684286 0.184304 
2.15 0.85 0.0727155 0.207627 
2.2 0.85 0.0743658 0.230581 
2.25 0.85 0.0733752 0.252467 
2.3 0.85 0.0698179 0.272735 
2.35 0.85 0.0638411 0.290944 
2.4 0.85 0.055661 0.306728 
2.45 0.85 0.0455602 0.319781 
2.5 0.85 0.0338835 0.329846 
2.55 0.85 0.0210306 0.336721 
2.6 0.85 0.00744536 0.340261 
2.65 0.85 -0.00639961 0.340391 
2.7 0.85 -0.0200214 0.337108 
2.75 0.85 -0.0329459 0.330483 
2.8 0.85 -0.0447267 0.320654 
2.85 0.85 -0.0549601 0.30782 
2.9 0.85 -0.0632969 0.292234 
2.95 0.85 -0.0694497 0.274198 
3 0.85 -0.073197 0.254072 
3.05 0.85 -0.0743865 0.232291 
3.1 0.85 -0.0729381 0.209396 
3.15 0.85 -0.0688498 0.186074 
3.2 0.85 -0.0622062 0.163194 
3.25 0.85 -0.0531884 0.141826 
3.3 0.85 -0.0420818 0.123199 
3.35 0.85 -0.0292788 0.108594 
3.4 0.85 -0.0152702 0.0991681 
3.45 0.85 -0.000624105 0.0957448 
3.5 0.85 0.0140482 0.0986384 
3.55 0.85 0.0281338 0.107583 
3.6 0.85 0.0410593 0.121792 
3.65 0.85 0.0523264 0.140129 
3.7 0.85 0.061534 0.161315 
3.75 0.85 0.0683873 0.184111 
3.8 0.85 0.0726968 0.207433 
3.85 0.85 0.07437 0.230394 
3.9 0.85 0.0734019 0.252292 
3.95 0.85 0.0698661 0.272575 
4 0.85 0.063909 0.290802 
4.05 0.85 0.0557461 0.306606 
4.1 0.85 0.0456596 0.31968 
4.15 0.85 0.0339936 0.329766 
4.2 0.85 0.0211478 0.336659 
4.25 0.85 0.00756631 0.340214 
4.3 0.85 -0.0062779 0.340354 
4.35 0.85 -0.0199007 0.337073 
4.4 0.85 -0.0328265 0.33044 
4.45 0.85 -0.0446065 0.320592 
4.5 0.85 -0.0548343 0.307724 
4.55 0.85 -0.0631575 0.29209 
4.6 0.85 -0.0692856 0.273993 
4.65 0.85 -0.0729944 0.253796 
4.7 0.85 -0.0741294 0.231938 
4.75 0.85 -0.0726107 0.208969 
4.8 0.85 -0.0684396 0.18559 
4.85 0.85 -0.0617084 0.162687 
4.9 0.85 -0.0526109 0.141341 
4.95 0.85 -0.0414475 0.122788 
5 0.85 -0.0286143 0.10831 
0 0.9 -0.0212278 0.0838032 
0.05 0.9 -0.0146172 0.0740299 
0.1 0.9 -0.00745165 0.0677971 
0.15 0.9 -5.92478e-06 0.0656153 
0.2 0.9 0.00742807 0.06767 
0.25 0.9 0.0145488 0.0737737 
0.3 0.9 0.0210696 0.0834022 
0.35 0.9 0.0267398 0.0958018 
0.4 0.9 0.0313584 0.110122 
0.45 0.9 0.0347793 0.125535 
0.5 0.9 0.0369101 0.141309 
0.55 0.9 0.0377076 0.15684 
0.6 0.9 0.0371723 0.171649 
0.65 0.9 0.0353435 0.185356 
0.7 0.9 0.0322966 0.197659 
0.75 0.9 0.0281408 0.208311 
0.8 0.9 0.0230187 0.217107 
0.85 0.9 0.0171037 0.223879 
0.9 0.9 0.0105973 0.228495 
0.95 0.9 0.00372291 0.230865 
1 0.9 -0.00328119 0.230939 
1.05 0.9 -0.0101715 0.228717 
1.1 0.9 -0.0167092 0.224242 
1.15 0.9 -0.0226693 0.217603 
1.2 0.9 -0.0278484 0.208929 
1.25 0.9 -0.0320708 0.198383 
1.3 0.9 -0.0351912 0.186169 
1.35 0.9 -0.0370975 0.17253 
1.4 0.9 -0.0377113 0.157764 
1.45 0.9 -0.0369899 0.142244 
1.5 0.9 -0.034929 0.126446 
1.55 0.9 -0.0315682 0.110967 
1.6 0.9 -0.0269957 0.0965365 
1.65 0.9 -0.0213543 0.0839835 
1.7 0.9 -0.0148427 0.0741658 
1.75 0.9 -0.00771226 0.0678516 
1.8 0.9 -0.000255249 0.0655833 
1.85 0.9 0.00721275 0.0675652 
1.9 0.9 0.0143754 0.0736185 
1.95 0.9 0.020938 0.0832211 
2 0.9 0.0266463 0.0956159 
2.05 0.9 0.0312975 0.109947 
2.1 0.9 0.0347453 0.12538 
2.15 0.9 0.0368975 0.141179 
2.2 0.9 0.0377118 0.156736 
2.25 0.9 0.0371893 0.171569 
2.3 0.9 0.0353702 0.185299 
2.35 0.9 0.0323303 0.197622 
2.4 0.9 0.0281797 0.208292 
2.45 0.9 0.0230611 0.217104 
2.5 0.9 0.0171482 0.223891 
2.55 0.9 0.0106425 0.228522 
2.6 0.9 0.00376756 0.230905 
2.65 0.9 -0.00323829 0.230993 
2.7 0.9 -0.0101316 0.228783 
2.75 0.9 -0.0166735 0.224321 
2.8 0.9 -0.0226388 0.217693 
2.85 0.9 -0.0278243 0.209029 
2.9 0.9 -0.0320539 0.198494 
2.95 0.9 -0.0351824 0.186289 
3 0.9 -0.0370975 0.172657 
3.05 0.9 -0.0377205 0.157896 
3.1 0.9 -0.0370086 0.142378 
3.15 0.9 -0.0349573 0.126578 
3.2 0.9 -0.0316056 0.111093 
3.25 0.9 -0.0270415 0.0966492 
3.3 0.9 -0.0214072 0.0840762 
3.35 0.9 -0.0149011 0.0742318 
3.4 0.9 -0.00777394 0.0678857 
3.45 0.9 -0.000317772 0.0655823 
3.5 0.9 0.00715195 0.0675293 
3.55 0.9 0.0143188 0.0735509 
3.6 0.9 0.020888 0.0831273 
3.65 0.9 0.0266046 0.0955028 
3.7 0.9 0.0312657 0.109822 
3.75 0.9 0.0347243 0.125249 
3.8 0.9 0.036888 0.141048 
3.85 0.9 0.0377138 0.15661 
3.9 0.9 0.0372026 0.171451 
3.95 0.9 0.0353942 0.18519 
4 0.9 0.0323642 0.197525 
4.05 0.9 0.0282221 0.208209 
4.1 0.9 0.0231103 0.217035 
4.15 0.9 0.0172026 0.223835 
4.2 0.9 0.0107001 0.228478 
4.25 0.9 0.00382656 0.23087 
4.3 0.9 -0.00317946 0.230963 
4.35 0.9 -0.0100739 0.228754 
4.4 0.9 -0.0166171 0.224284 
4.45 0.9 -0.0225826 0.217642 
4.5 0.9 -0.0277658 0.208955 
4.55 0.9 -0.031989 0.198386 
4.6 0.9 -0.0351054 0.186138 
4.65 0.9 -0.0370009 0.172457 
4.7 0.9 -0.0375961 0.157644 
4.75 0.9 -0.0368482 0.142079 
4.8 0.9 -0.0347553 0.126244 
4.85 0.9 -0.0313626 0.110747 
4.9 0.9 -0.0267703 0.096324 
4.95 0.9 -0.0211392 0.0838032 
5 0.9 -0.0146782 0.0740299 
0 0.95 -0.00626588 0.0425264 
0.05 0.95 -0.00423281 0.0376664 
0.1 0.95 -0.00214331 0.0345822 
0.15 0.95 -2.51844e-06 0.0335048 
0.2 0.95 0.00212771 0.0345224 
0.25 0.95 0.00416539 0.0375448 
0.3 0.95 0.00602853 0.042319 
0.35 0.95 0.00764524 0.0484787 
0.4 0.95 0.00895849 0.0556072 
0.45 0.95 0.00992766 0.0632948 
0.5 0.95 0.0105278 0.071176 
0.55 0.95 0.0107481 0.0789458 
0.6 0.95 0.0105896 0.08636 
0.65 0.95 0.0100644 0.0932251 
0.7 0.95 0.00919401 0.099387 
0.75 0.95 0.00800942 0.10472 
0.8 0.95 0.00655083 0.109123 
0.85 0.95 0.00486724 0.112511 
0.9 0.95 0.00301563 0.11482 
0.95 0.95 0.00105942 0.116004 
1 0.95 -0.000933685 0.116041 
1.05 0.95 -0.00289446 0.11493 
1.1 0.95 -0.00475499 0.112693 
1.15 0.95 -0.00645146 0.109371 
1.2 0.95 -0.00792631 0.10503 
1.25 0.95 -0.00912989 0.0997495 
1.3 0.95 -0.0100213 0.0936321 
1.35 0.95 -0.0105686 0.0868007 
1.4 0.95 -0.0107495 0.0794074 
1.45 0.95 -0.010551 0.0716429 
1.5 0.95 -0.00997092 0.063749 
1.55 0.95 -0.00901903 0.056028 
1.6 0.95 -0.00771906 0.0488441 
1.65 0.95 -0.00611056 0.0426081 
1.7 0.95 -0.00424985 0.0377404 
1.75 0.95 -0.0022091 0.0346145 
1.8 0.95 -7.31442e-05 0.0334924 
1.85 0.95 0.00206601 0.0344728 
1.9 0.95 0.00411613 0.0374693 
1.95 0.95 0.00599169 0.0422299 
2 0.95 0.00761951 0.0483864 
2.05 0.95 0.00894217 0.0555198 
2.1 0.95 0.00991896 0.0632172 
2.15 0.95 0.0105251 0.0711106 
2.2 0.95 0.01075 0.0788934 
2.25 0.95 0.0105951 0.0863199 
2.3 0.95 0.0100724 0.0931964 
2.35 0.95 0.00920392 0.0993684 
2.4 0.95 0.00802069 0.104711 
2.45 0.95 0.00656301 0.109122 
2.5 0.95 0.00487994 0.112517 
2.55 0.95 0.0030285 0.114833 
2.6 0.95 0.00107213 0.116025 
2.65 0.95 -0.000921487 0.116068 
2.7 0.95 -0.0028831 0.114964 
2.75 0.95 -0.0047448 0.112732 
2.8 0.95 -0.00644275 0.109417 
2.85 0.95 -0.00791938 0.10508 
2.9 0.95 -0.009125 0.0998053 
2.95 0.95 -0.0100186 0.0936924 
3 0.95 -0.0105685 0.0868646 
3.05 0.95 -0.0107519 0.0794737 
3.1 0.95 -0.0105562 0.0717103 
3.15 0.95 -0.00997884 0.0638153 
3.2 0.95 -0.00902959 0.0560907 
3.25 0.95 -0.00773204 0.0489002 
3.3 0.95 -0.00612563 0.0426541 
3.35 0.95 -0.00426651 0.0377732 
3.4 0.95 -0.00222673 0.0346313 
3.45 0.95 -9.10401e-05 0.033492 
3.5 0.95 0.0020486 0.034455 
3.55 0.95 0.00409994 0.0374359 
3.6 0.95 0.00597737 0.0421833 
3.65 0.95 0.00760762 0.0483302 
3.7 0.95 0.0089331 0.0554574 
3.75 0.95 0.009913 0.0631519 
3.8 0.95 0.0105224 0.0710452 
3.85 0.95 0.0107506 0.07883 
3.9 0.95 0.0105988 0.0862604 
3.95 0.95 0.0100792 0.0931419 
4 0.95 0.00921343 0.09932 
4.05 0.95 0.00803256 0.104669 
4.1 0.95 0.00657678 0.109087 
4.15 0.95 0.00489509 0.112489 
4.2 0.95 0.00304446 0.11481 
4.25 0.95 0.00108833 0.116006 
4.3 0.95 -0.000905512 0.116052 
4.35 0.95 -0.00286767 0.114947 
4.4 0.95 -0.00473 0.112712 
4.45 0.95 -0.0064283 0.109389 
4.5 0.95 -0.00790459 0.10504 
4.55 0.95 -0.00910867 0.0997482 
4.6 0.95 -0.00999907 0.0936139 
4.65 0.95 -0.0105435 0.0867617 
4.7 0.95 -0.0107189 0.0793454 
4.75 0.95 -0.0105127 0.071559 
4.8 0.95 -0.00992327 0.0636484 
4.85 0.95 -0.00896316 0.0559207 
4.9 0.95 -0.0076644 0.0487439 
4.95 0.95 -0.00608991 0.0425264 
5 0.95 -0.00435471 0.0376664 
0 1 0 0 
0.05 1 0 0 
0.1 1 0 0 
0.15 1 0 0 
0.2 1 0 0 
0.25 1 0 0 
0.3 1 0 0 
0.35 1 0 0 
0.4 1 0 0 
0.45 1 0 0 
0.5 1 0 0 
0.55 1 0 0 
0.6 1 0 0 
0.65 1 0 0 
0.7 1 0 0 
0.75 1 0 0 
0.8 1 0 0 
0.85 1 0 0 
0.9 1 0 0 
0.95 1 0 0 
1 1 0 0 
1.05 1 0 0 
1.1 1 0 0 
1.15 1 0 0 
1.2 1 0 0 
1.25 1 0 0 
1.3 1 0 0 
1.35 1 0 0 
1.4 1 0 0 
1.45 1 0 0 
1.5 1 0 0 
1.55 1 0 0 
1.6 1 0 0 
1.65 1 0 0 
1.7 1 0 0 
1.75 1 0 0 
1.8 1 0 0 
1.85 1 0 0 
1.9 1 0 0 
1.95 1 0 0 
2 1 0 0 
2.05 1 0 0 
2.1 1 0 0 
2.15 1 0 0 
2.2 1 0 0 
2.25 1 0 0 
2.3 1 0 0 
2.35 1 0 0 
2.4 1 0 0 
2.45 1 0 0 
2.5 1 0 0 
2.55 1 0 0 
2.6 1 0 0 
2.65 1 0 0 
2.7 1 0 0 
2.75 1 0 0 
2.8 1 0 0 
2.85 1 0 0 
2.9 1 0 0 
2.95 1 0 0 
3 1 0 0 
3.05 1 0 0 
3.1 1 0 0 
3.15 1 0 0 
3.2 1 0 0 
3.25 1 0 0 
3.3 1 0 0 
3.35 1 0 0 
3.4 1 0 0 
3.45 1 0 0 
3.5 1 0 0 
3.55 1 0 0 
3.6 1 0 0 
3.65 1 0 0 
3.7 1 0 0 
3.75 1 0 0 
3.8 1 0 0 
3.85 1 0 0 
3.9 1 0 0 
3.95 1 0 0 
4 1 0 0 
4.05 1 0 0 
4.1 1 0 0 
4.15 1 0 0 
4.2 1 0 0 
4.25 1 0 0 
4.3 1 0 0 
4.35 1 0 0 
4.4 1 0 0 
4.45 1 0 0 
4.5 1 0 0 
4.55 1 0 0 
4.6 1 0 0 
4.65 1 0 0 
4.7 1 0 0 
4.75 1 0 0 
4.8 1 0 0 
4.85 1 0 0 
4.9 1 0 0 
4.95 1 0 0 
5 1 0 0 
