x, y, ksi, T
#iter= 380000
0 0 0 1 
0.05 0 0 1 
0.1 0 0 1 
0.15 0 0 1 
0.2 0 0 1 
0.25 0 0 1 
0.3 0 0 1 
0.35 0 0 1 
0.4 0 0 1 
0.45 0 0 1 
0.5 0 0 1 
0.55 0 0 1 
0.6 0 0 1 
0.65 0 0 1 
0.7 0 0 1 
0.75 0 0 1 
0.8 0 0 1 
0.85 0 0 1 
0.9 0 0 1 
0.95 0 0 1 
1 0 0 1 
1.05 0 0 1 
1.1 0 0 1 
1.15 0 0 1 
1.2 0 0 1 
1.25 0 0 1 
1.3 0 0 1 
1.35 0 0 1 
1.4 0 0 1 
1.45 0 0 1 
1.5 0 0 1 
1.55 0 0 1 
1.6 0 0 1 
1.65 0 0 1 
1.7 0 0 1 
1.75 0 0 1 
1.8 0 0 1 
1.85 0 0 1 
1.9 0 0 1 
1.95 0 0 1 
2 0 0 1 
2.05 0 0 1 
2.1 0 0 1 
2.15 0 0 1 
2.2 0 0 1 
2.25 0 0 1 
2.3 0 0 1 
2.35 0 0 1 
2.4 0 0 1 
2.45 0 0 1 
2.5 0 0 1 
2.55 0 0 1 
2.6 0 0 1 
2.65 0 0 1 
2.7 0 0 1 
2.75 0 0 1 
2.8 0 0 1 
2.85 0 0 1 
2.9 0 0 1 
2.95 0 0 1 
3 0 0 1 
3.05 0 0 1 
3.1 0 0 1 
3.15 0 0 1 
3.2 0 0 1 
3.25 0 0 1 
3.3 0 0 1 
3.35 0 0 1 
3.4 0 0 1 
3.45 0 0 1 
3.5 0 0 1 
3.55 0 0 1 
3.6 0 0 1 
3.65 0 0 1 
3.7 0 0 1 
3.75 0 0 1 
3.8 0 0 1 
3.85 0 0 1 
3.9 0 0 1 
3.95 0 0 1 
4 0 0 1 
4.05 0 0 1 
4.1 0 0 1 
4.15 0 0 1 
4.2 0 0 1 
4.25 0 0 1 
4.3 0 0 1 
4.35 0 0 1 
4.4 0 0 1 
4.45 0 0 1 
4.5 0 0 1 
4.55 0 0 1 
4.6 0 0 1 
4.65 0 0 1 
4.7 0 0 1 
4.75 0 0 1 
4.8 0 0 1 
4.85 0 0 1 
4.9 0 0 1 
4.95 0 0 1 
5 0 0 1 
0 0.05 -0.00621037 0.889181 
0.05 0.05 -0.00427413 0.886142 
0.1 0.05 -0.00225178 0.88431 
0.15 0.05 -0.000198932 0.883667 
0.2 0.05 0.00183183 0.884202 
0.25 0.05 0.00378096 0.88589 
0.3 0.05 0.00558746 0.888693 
0.35 0.05 0.0071936 0.892551 
0.4 0.05 0.00854774 0.897391 
0.45 0.05 0.00960595 0.90312 
0.5 0.05 0.0103329 0.909626 
0.55 0.05 0.010702 0.916772 
0.6 0.05 0.0106961 0.924388 
0.65 0.05 0.0103077 0.93226 
0.7 0.05 0.00954068 0.940116 
0.75 0.05 0.00841157 0.947625 
0.8 0.05 0.0069519 0.954394 
0.85 0.05 0.00520964 0.960002 
0.9 0.05 0.00324927 0.964045 
0.95 0.05 0.00114989 0.966197 
1 0.05 -0.000999283 0.966273 
1.05 0.05 -0.00310521 0.964266 
1.1 0.05 -0.00507818 0.96035 
1.15 0.05 -0.00683825 0.954843 
1.2 0.05 -0.00831982 0.948146 
1.25 0.05 -0.0094738 0.940682 
1.3 0.05 -0.0102676 0.932845 
1.35 0.05 -0.0106839 0.924972 
1.4 0.05 -0.0107181 0.91734 
1.45 0.05 -0.0103772 0.910167 
1.5 0.05 -0.0096784 0.903625 
1.55 0.05 -0.00864808 0.897854 
1.6 0.05 -0.00732203 0.892965 
1.65 0.05 -0.00574499 0.889053 
1.7 0.05 -0.00397015 0.886191 
1.75 0.05 -0.00205799 0.884433 
1.8 0.05 -7.43967e-05 0.883814 
1.85 0.05 0.0019118 0.884346 
1.9 0.05 0.00383165 0.886019 
1.95 0.05 0.00561898 0.8888 
2 0.05 0.00721282 0.892636 
2.05 0.05 0.0085594 0.897453 
2.1 0.05 0.00961332 0.903162 
2.15 0.05 0.0103381 0.90965 
2.2 0.05 0.0107067 0.916781 
2.25 0.05 0.0107011 0.924385 
2.3 0.05 0.0103138 0.932248 
2.35 0.05 0.00954808 0.940099 
2.4 0.05 0.00842041 0.947605 
2.45 0.05 0.00696213 0.954375 
2.5 0.05 0.00522104 0.959988 
2.55 0.05 0.0032615 0.964038 
2.6 0.05 0.00116249 0.9662 
2.65 0.05 -0.000986823 0.966287 
2.7 0.05 -0.00309343 0.96429 
2.75 0.05 -0.00506759 0.960384 
2.8 0.05 -0.00682929 0.954885 
2.85 0.05 -0.00831286 0.948193 
2.9 0.05 -0.00946913 0.940732 
2.95 0.05 -0.0102655 0.932896 
3 0.05 -0.0106843 0.925023 
3.05 0.05 -0.0107211 0.917388 
3.1 0.05 -0.0103829 0.910211 
3.15 0.05 -0.0096865 0.903665 
3.2 0.05 -0.00865848 0.897887 
3.25 0.05 -0.00733447 0.892992 
3.3 0.05 -0.00575912 0.889072 
3.35 0.05 -0.00398555 0.886201 
3.4 0.05 -0.00207418 0.884435 
3.45 0.05 -9.08402e-05 0.883807 
3.5 0.05 0.00189566 0.88433 
3.55 0.05 0.00381639 0.885993 
3.6 0.05 0.00560512 0.888765 
3.65 0.05 0.00720089 0.892592 
3.7 0.05 0.00854986 0.897401 
3.75 0.05 0.00960657 0.903102 
3.8 0.05 0.0103346 0.909583 
3.85 0.05 0.0107065 0.916708 
3.9 0.05 0.0107046 0.924309 
3.95 0.05 0.0103211 0.93217 
4 0.05 0.00955921 0.940023 
4.05 0.05 0.00843531 0.947535 
4.1 0.05 0.00698055 0.954316 
4.15 0.05 0.00524256 0.959946 
4.2 0.05 0.00328552 0.964018 
4.25 0.05 0.00118821 0.966207 
4.3 0.05 -0.000960331 0.966324 
4.35 0.05 -0.0030672 0.96436 
4.4 0.05 -0.00504272 0.960485 
4.45 0.05 -0.00680695 0.955016 
4.5 0.05 -0.00829433 0.948353 
4.55 0.05 -0.00945593 0.940917 
4.6 0.05 -0.0102596 0.933103 
4.65 0.05 -0.0106885 0.925249 
4.7 0.05 -0.0107396 0.91763 
4.75 0.05 -0.0104218 0.910463 
4.8 0.05 -0.00975505 0.903916 
4.85 0.05 -0.00877079 0.898124 
4.9 0.05 -0.00751286 0.893188 
4.95 0.05 -0.00603762 0.889181 
5 0.05 -0.00439454 0.886142 
0 0.1 -0.0209674 0.779481 
0.05 0.1 -0.0146548 0.773498 
0.1 0.1 -0.00776576 0.769824 
0.15 0.1 -0.000639161 0.768521 
0.2 0.1 0.00646137 0.769578 
0.25 0.1 0.0132951 0.772947 
0.3 0.1 0.0196355 0.778545 
0.35 0.1 0.0252742 0.786253 
0.4 0.1 0.0300264 0.795918 
0.45 0.1 0.0337355 0.807355 
0.5 0.1 0.0362756 0.820342 
0.55 0.1 0.0375535 0.834609 
0.6 0.1 0.0375098 0.849824 
0.65 0.1 0.0361217 0.865566 
0.7 0.1 0.0334068 0.881302 
0.75 0.1 0.0294286 0.896368 
0.8 0.1 0.0243024 0.909979 
0.85 0.1 0.0181993 0.92128 
0.9 0.1 0.0113451 0.929441 
0.95 0.1 0.0040136 0.93379 
1 0.1 -0.0034886 0.933942 
1.05 0.1 -0.0108426 0.929886 
1.1 0.1 -0.0177402 0.92198 
1.15 0.1 -0.0239049 0.910882 
1.2 0.1 -0.029107 0.897414 
1.25 0.1 -0.033172 0.882434 
1.3 0.1 -0.0359809 0.866734 
1.35 0.1 -0.0374671 0.850989 
1.4 0.1 -0.0376107 0.83574 
1.45 0.1 -0.0364329 0.821416 
1.5 0.1 -0.033992 0.808356 
1.55 0.1 -0.0303811 0.796831 
1.6 0.1 -0.0257266 0.787066 
1.65 0.1 -0.0201873 0.779248 
1.7 0.1 -0.0139512 0.773525 
1.75 0.1 -0.00723189 0.77001 
1.8 0.1 -0.000261304 0.768772 
1.85 0.1 0.00671843 0.769837 
1.9 0.1 0.0134649 0.773183 
1.95 0.1 0.0197449 0.778742 
2 0.1 0.0253434 0.786408 
2.05 0.1 0.0300703 0.796031 
2.1 0.1 0.0337645 0.80743 
2.15 0.1 0.0362972 0.820383 
2.2 0.1 0.0375727 0.834622 
2.25 0.1 0.03753 0.849814 
2.3 0.1 0.036145 0.86554 
2.35 0.1 0.0334344 0.881265 
2.4 0.1 0.0294609 0.896327 
2.45 0.1 0.0243393 0.90994 
2.5 0.1 0.01824 0.92125 
2.55 0.1 0.0113884 0.929426 
2.6 0.1 0.00405803 0.933795 
2.65 0.1 -0.00344481 0.93397 
2.7 0.1 -0.0108013 0.929936 
2.75 0.1 -0.0177031 0.92205 
2.8 0.1 -0.0238735 0.910966 
2.85 0.1 -0.0290827 0.897509 
2.9 0.1 -0.0331557 0.882535 
2.95 0.1 -0.0359733 0.866837 
3 0.1 -0.0374687 0.85109 
3.05 0.1 -0.0376216 0.835836 
3.1 0.1 -0.0364529 0.821505 
3.15 0.1 -0.0340207 0.808434 
3.2 0.1 -0.0304179 0.796898 
3.25 0.1 -0.0257706 0.78712 
3.3 0.1 -0.0202372 0.779286 
3.35 0.1 -0.0140055 0.773547 
3.4 0.1 -0.0072889 0.770014 
3.45 0.1 -0.000319151 0.768758 
3.5 0.1 0.00666173 0.769804 
3.55 0.1 0.0134113 0.773131 
3.6 0.1 0.0196963 0.778673 
3.65 0.1 0.0253017 0.78632 
3.7 0.1 0.0300371 0.795927 
3.75 0.1 0.0337412 0.807311 
3.8 0.1 0.036285 0.82025 
3.85 0.1 0.0375727 0.834478 
3.9 0.1 0.0375428 0.849663 
3.95 0.1 0.0361712 0.865385 
4 0.1 0.0334739 0.881113 
4.05 0.1 0.0295135 0.896186 
4.1 0.1 0.024404 0.909821 
4.15 0.1 0.0183153 0.921164 
4.2 0.1 0.0114722 0.929384 
4.25 0.1 0.00414755 0.933807 
4.3 0.1 -0.00335279 0.934043 
4.35 0.1 -0.0107103 0.930072 
4.4 0.1 -0.0176169 0.92225 
4.45 0.1 -0.0237962 0.911227 
4.5 0.1 -0.0290188 0.897824 
4.55 0.1 -0.0331103 0.882899 
4.6 0.1 -0.0359531 0.867245 
4.65 0.1 -0.0374828 0.851534 
4.7 0.1 -0.0376826 0.83631 
4.75 0.1 -0.0365786 0.821996 
4.8 0.1 -0.0342351 0.808924 
4.85 0.1 -0.0307512 0.797352 
4.9 0.1 -0.0262544 0.787484 
4.95 0.1 -0.0208806 0.779481 
5 0.1 -0.0147135 0.773498 
0 0.15 -0.040873 0.675155 
0.05 0.15 -0.0285476 0.666384 
0.1 0.15 -0.0150949 0.660952 
0.15 0.15 -0.00111837 0.659005 
0.2 0.15 0.0128497 0.660555 
0.25 0.15 0.0263157 0.665539 
0.3 0.15 0.038819 0.673828 
0.35 0.15 0.0499393 0.685238 
0.4 0.15 0.0593059 0.699536 
0.45 0.15 0.0666062 0.716437 
0.5 0.15 0.0715903 0.735612 
0.55 0.15 0.0740747 0.756663 
0.6 0.15 0.0739458 0.779107 
0.65 0.15 0.0711638 0.802336 
0.7 0.15 0.0657707 0.825571 
0.75 0.15 0.0578996 0.847843 
0.8 0.15 0.0477843 0.867993 
0.85 0.15 0.0357651 0.884747 
0.9 0.15 0.0222865 0.896861 
0.95 0.15 0.00788228 0.903322 
1 0.15 -0.00685266 0.903549 
1.05 0.15 -0.0213005 0.897521 
1.1 0.15 -0.0348635 0.885784 
1.15 0.15 -0.0470025 0.869328 
1.2 0.15 -0.0572664 0.849386 
1.25 0.15 -0.0653076 0.827238 
1.3 0.15 -0.0708855 0.804052 
1.35 0.15 -0.0738608 0.780816 
1.4 0.15 -0.0741869 0.758318 
1.45 0.15 -0.0718996 0.737179 
1.5 0.15 -0.0671102 0.71789 
1.55 0.15 -0.0600007 0.700851 
1.6 0.15 -0.050821 0.686398 
1.65 0.15 -0.0398855 0.67481 
1.7 0.15 -0.0275677 0.666318 
1.75 0.15 -0.0142911 0.661098 
1.8 0.15 -0.000516119 0.65926 
1.85 0.15 0.013277 0.660842 
1.9 0.15 0.0266073 0.66581 
1.95 0.15 0.0390124 0.67406 
2 0.15 0.0500654 0.685422 
2.05 0.15 0.0593887 0.699669 
2.1 0.15 0.0666634 0.716523 
2.15 0.15 0.0716347 0.735655 
2.2 0.15 0.0741154 0.756669 
2.25 0.15 0.0739886 0.779084 
2.3 0.15 0.0712127 0.80229 
2.35 0.15 0.0658278 0.825511 
2.4 0.15 0.0579656 0.847778 
2.45 0.15 0.0478588 0.867933 
2.5 0.15 0.0358467 0.884701 
2.55 0.15 0.0223729 0.896839 
2.6 0.15 0.00797045 0.90333 
2.65 0.15 -0.00676602 0.90359 
2.7 0.15 -0.0212189 0.897595 
2.75 0.15 -0.0347903 0.885887 
2.8 0.15 -0.0469407 0.869453 
2.85 0.15 -0.0572185 0.849527 
2.9 0.15 -0.0652756 0.827388 
2.95 0.15 -0.0708707 0.804205 
3 0.15 -0.0738642 0.780966 
3.05 0.15 -0.0742086 0.75846 
3.1 0.15 -0.0719394 0.73731 
3.15 0.15 -0.0671673 0.718007 
3.2 0.15 -0.0600738 0.700952 
3.25 0.15 -0.0509083 0.686478 
3.3 0.15 -0.0399844 0.674867 
3.35 0.15 -0.0276753 0.666352 
3.4 0.15 -0.014404 0.661106 
3.45 0.15 -0.000630555 0.65924 
3.5 0.15 0.0131649 0.660794 
3.55 0.15 0.0265015 0.665735 
3.6 0.15 0.0389167 0.673958 
3.65 0.15 0.0499834 0.685294 
3.7 0.15 0.0593237 0.699516 
3.75 0.15 0.0666181 0.716348 
3.8 0.15 0.0716115 0.735459 
3.85 0.15 0.0741162 0.756458 
3.9 0.15 0.0740148 0.778861 
3.95 0.15 0.0712651 0.802062 
4 0.15 0.0659064 0.825288 
4.05 0.15 0.0580696 0.847571 
4.1 0.15 0.0479862 0.867756 
4.15 0.15 0.0359945 0.884573 
4.2 0.15 0.0225368 0.896775 
4.25 0.15 0.0081453 0.903345 
4.3 0.15 -0.00658648 0.903694 
4.35 0.15 -0.0210415 0.897793 
4.4 0.15 -0.0346221 0.886177 
4.45 0.15 -0.0467893 0.86983 
4.5 0.15 -0.0570921 0.849983 
4.55 0.15 -0.0651834 0.827912 
4.6 0.15 -0.0708242 0.804789 
4.65 0.15 -0.0738783 0.7816 
4.7 0.15 -0.0743033 0.759132 
4.75 0.15 -0.0721407 0.738001 
4.8 0.15 -0.0675073 0.718687 
4.85 0.15 -0.0605867 0.701575 
4.9 0.15 -0.0516158 0.686975 
4.95 0.15 -0.0408592 0.675155 
5 0.15 -0.0285548 0.666384 
0 0.2 -0.0630275 0.581372 
0.05 0.2 -0.0439274 0.570081 
0.1 0.2 -0.0231343 0.563058 
0.15 0.2 -0.00150669 0.560523 
0.2 0.2 0.0201396 0.562524 
0.25 0.2 0.0410278 0.568987 
0.3 0.2 0.0604297 0.579739 
0.35 0.2 0.0776815 0.594525 
0.4 0.2 0.0922003 0.613019 
0.45 0.2 0.103496 0.634837 
0.5 0.2 0.111181 0.65954 
0.55 0.2 0.114972 0.686614 
0.6 0.2 0.114701 0.715443 
0.65 0.2 0.110313 0.745257 
0.7 0.2 0.101885 0.775072 
0.75 0.2 0.0896347 0.803656 
0.8 0.2 0.0739321 0.829529 
0.85 0.2 0.055309 0.851055 
0.9 0.2 0.0344527 0.866629 
0.95 0.2 0.0121821 0.874938 
1 0.2 -0.0105932 0.87523 
1.05 0.2 -0.0329304 0.867477 
1.1 0.2 -0.0539159 0.852386 
1.15 0.2 -0.0727226 0.83124 
1.2 0.2 -0.0886536 0.805631 
1.25 0.2 -0.101166 0.777202 
1.3 0.2 -0.109879 0.747447 
1.35 0.2 -0.114566 0.717619 
1.4 0.2 -0.115142 0.688716 
1.45 0.2 -0.111654 0.661523 
1.5 0.2 -0.104268 0.636664 
1.55 0.2 -0.0932605 0.614657 
1.6 0.2 -0.0790191 0.595943 
1.65 0.2 -0.0620322 0.580906 
1.7 0.2 -0.0428827 0.569864 
1.75 0.2 -0.0222327 0.563066 
1.8 0.2 -0.000802546 0.560669 
1.85 0.2 0.020656 0.562731 
1.9 0.2 0.0413901 0.569203 
1.95 0.2 0.0606761 0.579933 
2 0.2 0.0778467 0.59468 
2.05 0.2 0.0923127 0.613129 
2.1 0.2 0.103578 0.634901 
2.15 0.2 0.111248 0.659561 
2.2 0.2 0.115037 0.686598 
2.25 0.2 0.11477 0.715396 
2.3 0.2 0.110392 0.745186 
2.35 0.2 0.101977 0.774987 
2.4 0.2 0.0897403 0.803568 
2.45 0.2 0.0740503 0.829449 
2.5 0.2 0.0554377 0.850994 
2.55 0.2 0.0345881 0.866599 
2.6 0.2 0.0123199 0.874948 
2.65 0.2 -0.0104582 0.875283 
2.7 0.2 -0.0328035 0.867572 
2.75 0.2 -0.0538021 0.852519 
2.8 0.2 -0.0726266 0.831402 
2.85 0.2 -0.0885793 0.805814 
2.9 0.2 -0.101117 0.777396 
2.95 0.2 -0.109856 0.747645 
3 0.2 -0.114571 0.717813 
3.05 0.2 -0.115176 0.688901 
3.1 0.2 -0.111716 0.661694 
3.15 0.2 -0.104357 0.636817 
3.2 0.2 -0.0933747 0.614788 
3.25 0.2 -0.0791553 0.596049 
3.3 0.2 -0.0621865 0.580983 
3.35 0.2 -0.0430505 0.56991 
3.4 0.2 -0.0224086 0.563077 
3.45 0.2 -0.000980773 0.560645 
3.5 0.2 0.0204816 0.562671 
3.55 0.2 0.0412257 0.569107 
3.6 0.2 0.0605277 0.579802 
3.65 0.2 0.0777198 0.594515 
3.7 0.2 0.0922123 0.612933 
3.75 0.2 0.103508 0.634677 
3.8 0.2 0.111213 0.659312 
3.85 0.2 0.115039 0.686328 
3.9 0.2 0.114812 0.715112 
3.95 0.2 0.110474 0.744896 
4 0.2 0.1021 0.774702 
4.05 0.2 0.0899013 0.803303 
4.1 0.2 0.0742469 0.829223 
4.15 0.2 0.0556651 0.85083 
4.2 0.2 0.03484 0.866516 
4.25 0.2 0.0125881 0.874965 
4.3 0.2 -0.0101829 0.875413 
4.35 0.2 -0.0325312 0.86782 
4.4 0.2 -0.0535432 0.852883 
4.45 0.2 -0.0723918 0.831873 
4.5 0.2 -0.0883796 0.80638 
4.55 0.2 -0.100964 0.778045 
4.6 0.2 -0.109766 0.748362 
4.65 0.2 -0.11456 0.718585 
4.7 0.2 -0.115266 0.68971 
4.75 0.2 -0.111936 0.662516 
4.8 0.2 -0.104736 0.637619 
4.85 0.2 -0.093939 0.615519 
4.9 0.2 -0.0799093 0.596643 
4.95 0.2 -0.0630753 0.581372 
5 0.2 -0.0438918 0.570081 
0 0.25 -0.085153 0.502136 
0.05 0.25 -0.0592204 0.48864 
0.1 0.25 -0.0310496 0.480224 
0.15 0.25 -0.00174055 0.477177 
0.2 0.25 0.0276143 0.479586 
0.25 0.25 0.0559536 0.487367 
0.3 0.25 0.0822757 0.500294 
0.35 0.25 0.105667 0.518022 
0.4 0.25 0.125329 0.54012 
0.45 0.25 0.140593 0.566092 
0.5 0.25 0.150934 0.595389 
0.55 0.25 0.155975 0.627394 
0.6 0.25 0.155497 0.66138 
0.65 0.25 0.149443 0.696452 
0.7 0.25 0.137929 0.731476 
0.75 0.25 0.121264 0.765019 
0.8 0.25 0.0999615 0.795363 
0.85 0.25 0.0747455 0.820599 
0.9 0.25 0.0465433 0.838855 
0.95 0.25 0.0164531 0.848594 
1 0.25 -0.0143104 0.848935 
1.05 0.25 -0.0444896 0.839847 
1.1 0.25 -0.0728643 0.822157 
1.15 0.25 -0.0983263 0.797363 
1.2 0.25 -0.119935 0.767328 
1.25 0.25 -0.136952 0.733964 
1.3 0.25 -0.148849 0.69901 
1.35 0.25 -0.155306 0.663918 
1.4 0.25 -0.156194 0.629841 
1.45 0.25 -0.15156 0.59769 
1.5 0.25 -0.141616 0.568199 
1.55 0.25 -0.126731 0.541989 
1.6 0.25 -0.107425 0.519611 
1.65 0.25 -0.0843612 0.501557 
1.7 0.25 -0.0583334 0.488255 
1.75 0.25 -0.0302476 0.480045 
1.8 0.25 -0.00109135 0.477147 
1.85 0.25 0.0281039 0.479641 
1.9 0.25 0.0563051 0.487458 
1.95 0.25 0.08252 0.500388 
2 0.25 0.105836 0.518098 
2.05 0.25 0.125449 0.540167 
2.1 0.25 0.140686 0.566106 
2.15 0.25 0.151016 0.595369 
2.2 0.25 0.15606 0.627342 
2.25 0.25 0.155592 0.661302 
2.3 0.25 0.149553 0.696354 
2.35 0.25 0.138057 0.731366 
2.4 0.25 0.121411 0.764909 
2.45 0.25 0.100125 0.795265 
2.5 0.25 0.0749225 0.820527 
2.55 0.25 0.0467289 0.83882 
2.6 0.25 0.0166413 0.848606 
2.65 0.25 -0.0141264 0.848999 
2.7 0.25 -0.0443169 0.83996 
2.75 0.25 -0.0727097 0.822314 
2.8 0.25 -0.0981958 0.797556 
2.85 0.25 -0.119834 0.767544 
2.9 0.25 -0.136884 0.734194 
2.95 0.25 -0.148818 0.699245 
3 0.25 -0.155314 0.664149 
3.05 0.25 -0.15624 0.630062 
3.1 0.25 -0.151644 0.597896 
3.15 0.25 -0.141738 0.568385 
3.2 0.25 -0.126887 0.54215 
3.25 0.25 -0.107611 0.519741 
3.3 0.25 -0.0845717 0.501653 
3.35 0.25 -0.0585622 0.488314 
3.4 0.25 -0.0304874 0.480063 
3.45 0.25 -0.00133411 0.477121 
3.5 0.25 0.0278666 0.479572 
3.55 0.25 0.0560816 0.487346 
3.6 0.25 0.0823186 0.500233 
3.65 0.25 0.105664 0.517904 
3.7 0.25 0.125313 0.539936 
3.75 0.25 0.140593 0.565842 
3.8 0.25 0.15097 0.595077 
3.85 0.25 0.156064 0.627027 
3.9 0.25 0.15565 0.66097 
3.95 0.25 0.149665 0.696016 
4 0.25 0.138223 0.731035 
4.05 0.25 0.121628 0.764602 
4.1 0.25 0.10039 0.795004 
4.15 0.25 0.0752277 0.820336 
4.2 0.25 0.0470661 0.838724 
4.25 0.25 0.017 0.848626 
4.3 0.25 -0.0137582 0.849147 
4.35 0.25 -0.0439519 0.840244 
4.4 0.25 -0.0723608 0.822729 
4.45 0.25 -0.0978759 0.79809 
4.5 0.25 -0.119556 0.768183 
4.55 0.25 -0.13666 0.734921 
4.6 0.25 -0.148663 0.70004 
4.65 0.25 -0.155243 0.664995 
4.7 0.25 -0.156273 0.630938 
4.75 0.25 -0.151802 0.598775 
4.8 0.25 -0.142041 0.569233 
4.85 0.25 -0.127347 0.542924 
4.9 0.25 -0.108215 0.520391 
4.95 0.25 -0.0852518 0.502136 
5 0.25 -0.0591497 0.48864 
0 0.3 -0.105484 0.438984 
0.05 0.3 -0.0732202 0.423543 
0.1 0.3 -0.038221 0.41389 
0.15 0.3 -0.00180619 0.410395 
0.2 0.3 0.0346765 0.413185 
0.25 0.3 0.0698994 0.42216 
0.3 0.3 0.102603 0.437017 
0.35 0.3 0.131639 0.457293 
0.4 0.3 0.156005 0.482417 
0.45 0.3 0.174871 0.511762 
0.5 0.3 0.187589 0.544659 
0.55 0.3 0.193704 0.580392 
0.6 0.3 0.192957 0.618151 
0.65 0.3 0.185298 0.65696 
0.7 0.3 0.170892 0.695588 
0.75 0.3 0.150138 0.73249 
0.8 0.3 0.123686 0.765806 
0.85 0.3 0.0924387 0.793473 
0.9 0.3 0.0575394 0.813464 
0.95 0.3 0.020335 0.824123 
1 0.3 -0.0176908 0.824496 
1.05 0.3 -0.0550038 0.814548 
1.1 0.3 -0.0901139 0.795175 
1.15 0.3 -0.121662 0.767994 
1.2 0.3 -0.14849 0.735018 
1.25 0.3 -0.169675 0.698315 
1.3 0.3 -0.184553 0.659766 
1.35 0.3 -0.192707 0.620937 
1.4 0.3 -0.193956 0.583079 
1.45 0.3 -0.18834 0.547183 
1.5 0.3 -0.176103 0.514066 
1.55 0.3 -0.157691 0.484447 
1.6 0.3 -0.13374 0.458992 
1.65 0.3 -0.105071 0.438328 
1.7 0.3 -0.0726769 0.423023 
1.75 0.3 -0.0376923 0.413539 
1.8 0.3 -0.00135934 0.410185 
1.85 0.3 0.0350227 0.413073 
1.9 0.3 0.0701526 0.422105 
1.95 0.3 0.102782 0.436988 
2 0.3 0.131767 0.457267 
2.05 0.3 0.156103 0.482383 
2.1 0.3 0.174957 0.51171 
2.15 0.3 0.187676 0.544587 
2.2 0.3 0.193802 0.580299 
2.25 0.3 0.193074 0.61804 
2.3 0.3 0.185437 0.656835 
2.35 0.3 0.171054 0.695457 
2.4 0.3 0.150324 0.732363 
2.45 0.3 0.123893 0.765696 
2.5 0.3 0.0926614 0.793393 
2.55 0.3 0.057772 0.813427 
2.6 0.3 0.0205702 0.824139 
2.65 0.3 -0.0174614 0.824568 
2.7 0.3 -0.0547888 0.814676 
2.75 0.3 -0.0899214 0.795351 
2.8 0.3 -0.1215 0.768209 
2.85 0.3 -0.148364 0.73526 
2.9 0.3 -0.169591 0.698573 
2.95 0.3 -0.184514 0.660029 
3 0.3 -0.192716 0.621197 
3.05 0.3 -0.194013 0.58333 
3.1 0.3 -0.188445 0.547418 
3.15 0.3 -0.176255 0.51428 
3.2 0.3 -0.157885 0.484633 
3.25 0.3 -0.133971 0.459146 
3.3 0.3 -0.105334 0.438444 
3.35 0.3 -0.0729625 0.423096 
3.4 0.3 -0.0379916 0.413564 
3.45 0.3 -0.00166222 0.41016 
3.5 0.3 0.0347269 0.412997 
3.55 0.3 0.0698744 0.42198 
3.6 0.3 0.102532 0.436815 
3.65 0.3 0.131554 0.45705 
3.7 0.3 0.155936 0.482125 
3.75 0.3 0.174842 0.511418 
3.8 0.3 0.187619 0.544264 
3.85 0.3 0.193808 0.579952 
3.9 0.3 0.193146 0.617677 
3.95 0.3 0.185576 0.656467 
4 0.3 0.171259 0.695097 
4.05 0.3 0.150592 0.732031 
4.1 0.3 0.124217 0.765414 
4.15 0.3 0.093035 0.793188 
4.2 0.3 0.0581841 0.813324 
4.25 0.3 0.0210082 0.82416 
4.3 0.3 -0.0170115 0.824727 
4.35 0.3 -0.0543415 0.814978 
4.4 0.3 -0.0894911 0.795791 
4.45 0.3 -0.1211 0.768772 
4.5 0.3 -0.148006 0.735928 
4.55 0.3 -0.169287 0.699325 
4.6 0.3 -0.184275 0.660843 
4.65 0.3 -0.192551 0.622052 
4.7 0.3 -0.193935 0.584202 
4.75 0.3 -0.188462 0.548283 
4.8 0.3 -0.176374 0.515108 
4.85 0.3 -0.158102 0.485393 
4.9 0.3 -0.13426 0.459805 
4.95 0.3 -0.105625 0.438984 
5 0.3 -0.0731215 0.423543 
0 0.35 -0.122682 0.390869 
0.05 0.35 -0.0850208 0.373617 
0.1 0.35 -0.0441981 0.362797 
0.15 0.35 -0.00172285 0.358884 
0.2 0.35 0.0408354 0.362056 
0.25 0.35 0.0819158 0.37218 
0.3 0.35 0.120032 0.388841 
0.35 0.35 0.153832 0.411413 
0.4 0.35 0.18214 0.439145 
0.45 0.35 0.203989 0.471235 
0.5 0.35 0.218633 0.506876 
0.55 0.35 0.225561 0.545252 
0.6 0.35 0.224494 0.585486 
0.65 0.35 0.215396 0.626561 
0.7 0.35 0.198485 0.667213 
0.75 0.35 0.174248 0.705867 
0.8 0.35 0.143453 0.740633 
0.85 0.35 0.107154 0.769419 
0.9 0.35 0.0666733 0.790174 
0.95 0.35 0.0235567 0.801225 
1 0.35 -0.0204983 0.80161 
1.05 0.35 -0.0637389 0.791297 
1.1 0.35 -0.104461 0.771184 
1.15 0.35 -0.141104 0.742907 
1.2 0.35 -0.17233 0.7085 
1.25 0.35 -0.197063 0.670061 
1.3 0.35 -0.214516 0.6295 
1.35 0.35 -0.224183 0.588415 
1.4 0.35 -0.225827 0.548087 
1.45 0.35 -0.21947 0.509547 
1.5 0.35 -0.205371 0.473677 
1.55 0.35 -0.18403 0.441294 
1.6 0.35 -0.156175 0.4132 
1.65 0.35 -0.12276 0.390195 
1.7 0.35 -0.0849441 0.373029 
1.75 0.35 -0.0440645 0.362335 
1.8 0.35 -0.00158845 0.358542 
1.85 0.35 0.0409458 0.361808 
1.9 0.35 0.0819973 0.371997 
1.95 0.35 0.120091 0.388698 
2 0.35 0.15388 0.41129 
2.05 0.35 0.182188 0.439029 
2.1 0.35 0.204047 0.471117 
2.15 0.35 0.21871 0.506751 
2.2 0.35 0.225663 0.545118 
2.25 0.35 0.224624 0.585344 
2.3 0.35 0.215557 0.626413 
2.35 0.35 0.198677 0.667065 
2.4 0.35 0.174468 0.705729 
2.45 0.35 0.143697 0.740517 
2.5 0.35 0.107416 0.769337 
2.55 0.35 0.0669464 0.790139 
2.6 0.35 0.0238321 0.801245 
2.65 0.35 -0.0202301 0.80169 
2.7 0.35 -0.0634878 0.791434 
2.75 0.35 -0.104236 0.771373 
2.8 0.35 -0.140915 0.743136 
2.85 0.35 -0.172182 0.708758 
2.9 0.35 -0.196964 0.670337 
2.95 0.35 -0.21447 0.629784 
3 0.35 -0.224192 0.588698 
3.05 0.35 -0.225894 0.548361 
3.1 0.35 -0.219592 0.509807 
3.15 0.35 -0.205548 0.473917 
3.2 0.35 -0.184257 0.441505 
3.25 0.35 -0.156446 0.413377 
3.3 0.35 -0.123067 0.39033 
3.35 0.35 -0.0852785 0.373116 
3.4 0.35 -0.0444149 0.362369 
3.45 0.35 -0.00194298 0.358519 
3.5 0.35 0.0405997 0.361728 
3.55 0.35 0.0816723 0.371861 
3.6 0.35 0.119799 0.38851 
3.65 0.35 0.153632 0.411055 
3.7 0.35 0.181994 0.438751 
3.75 0.35 0.203914 0.470804 
3.8 0.35 0.218646 0.506409 
3.85 0.35 0.225672 0.544753 
3.9 0.35 0.224709 0.584965 
3.95 0.35 0.215718 0.626031 
4 0.35 0.198913 0.666695 
4.05 0.35 0.174776 0.705389 
4.1 0.35 0.144069 0.74023 
4.15 0.35 0.107844 0.769129 
4.2 0.35 0.0674173 0.790035 
4.25 0.35 0.0243323 0.801267 
4.3 0.35 -0.0197159 0.801851 
4.35 0.35 -0.0629749 0.791737 
4.4 0.35 -0.103739 0.771811 
4.45 0.35 -0.140446 0.743693 
4.5 0.35 -0.171752 0.709413 
4.55 0.35 -0.196579 0.671067 
4.6 0.35 -0.214135 0.630563 
4.65 0.35 -0.22391 0.589503 
4.7 0.35 -0.225664 0.549169 
4.75 0.35 -0.219411 0.510596 
4.8 0.35 -0.205405 0.474664 
4.85 0.35 -0.184134 0.442192 
4.9 0.35 -0.156308 0.413989 
4.95 0.35 -0.122854 0.390869 
5 0.35 -0.0849004 0.373617 
0 0.4 -0.135758 0.35495 
0.05 0.4 -0.0939602 0.33591 
0.1 0.4 -0.0486636 0.323918 
0.15 0.4 -0.00152811 0.319591 
0.2 0.4 0.0456985 0.323165 
0.25 0.4 0.0912671 0.334458 
0.3 0.4 0.13351 0.352908 
0.35 0.4 0.170912 0.377675 
0.4 0.4 0.202165 0.407776 
0.45 0.4 0.226199 0.442194 
0.5 0.4 0.242206 0.479954 
0.55 0.4 0.249639 0.520128 
0.6 0.4 0.248218 0.561783 
0.65 0.4 0.237936 0.603887 
0.7 0.4 0.219061 0.645202 
0.75 0.4 0.192155 0.684201 
0.8 0.4 0.158084 0.719066 
0.85 0.4 0.118016 0.747797 
0.9 0.4 0.0734017 0.76844 
0.95 0.4 0.0259269 0.779407 
1 0.4 -0.0225656 0.779789 
1.05 0.4 -0.0701749 0.769553 
1.1 0.4 -0.115051 0.749551 
1.15 0.4 -0.155493 0.721334 
1.2 0.4 -0.190032 0.686839 
1.25 0.4 -0.217479 0.648071 
1.3 0.4 -0.236945 0.606867 
1.35 0.4 -0.247849 0.564772 
1.4 0.4 -0.249899 0.523043 
1.45 0.4 -0.243084 0.482722 
1.5 0.4 -0.227666 0.444743 
1.55 0.4 -0.20417 0.41003 
1.6 0.4 -0.173388 0.379554 
1.65 0.4 -0.136369 0.354324 
1.7 0.4 -0.0944012 0.335328 
1.75 0.4 -0.0489831 0.323419 
1.8 0.4 -0.00176504 0.31918 
1.85 0.4 0.0455186 0.322832 
1.9 0.4 0.0911305 0.334184 
1.95 0.4 0.133411 0.352676 
2 0.4 0.170849 0.377472 
2.05 0.4 0.202139 0.407591 
2.1 0.4 0.226213 0.442019 
2.15 0.4 0.242261 0.479784 
2.2 0.4 0.249735 0.51996 
2.25 0.4 0.248355 0.561616 
2.3 0.4 0.238112 0.603723 
2.35 0.4 0.219274 0.645045 
2.4 0.4 0.192401 0.68406 
2.45 0.4 0.158357 0.71895 
2.5 0.4 0.118309 0.747718 
2.55 0.4 0.0737061 0.768409 
2.6 0.4 0.0262332 0.779432 
2.65 0.4 -0.0222678 0.779874 
2.7 0.4 -0.0698963 0.769696 
2.75 0.4 -0.114801 0.749746 
2.8 0.4 -0.155283 0.72157 
2.85 0.4 -0.189869 0.687106 
2.9 0.4 -0.217368 0.648358 
2.95 0.4 -0.236893 0.607164 
3 0.4 -0.247858 0.565071 
3.05 0.4 -0.249971 0.523337 
3.1 0.4 -0.243219 0.483003 
3.15 0.4 -0.227861 0.445005 
3.2 0.4 -0.204422 0.410266 
3.25 0.4 -0.173689 0.379754 
3.3 0.4 -0.13671 0.35448 
3.35 0.4 -0.0947734 0.335432 
3.4 0.4 -0.0493732 0.323463 
3.45 0.4 -0.00215963 0.319161 
3.5 0.4 0.0451337 0.322748 
3.55 0.4 0.0907694 0.334039 
3.6 0.4 0.133087 0.352474 
3.65 0.4 0.170575 0.377221 
3.7 0.4 0.201925 0.407297 
3.75 0.4 0.226068 0.441692 
3.8 0.4 0.242191 0.47943 
3.85 0.4 0.249745 0.519587 
3.9 0.4 0.248449 0.561233 
3.95 0.4 0.23829 0.603341 
4 0.4 0.219533 0.644678 
4.05 0.4 0.192737 0.683725 
4.1 0.4 0.158762 0.718671 
4.15 0.4 0.118773 0.747517 
4.2 0.4 0.0742159 0.76831 
4.25 0.4 0.0267742 0.779455 
4.3 0.4 -0.021711 0.780028 
4.35 0.4 -0.0693389 0.769984 
4.4 0.4 -0.114257 0.750158 
4.45 0.4 -0.154761 0.72209 
4.5 0.4 -0.189377 0.68771 
4.55 0.4 -0.216908 0.649022 
4.6 0.4 -0.236463 0.607861 
4.65 0.4 -0.247449 0.565777 
4.7 0.4 -0.249571 0.524029 
4.75 0.4 -0.24281 0.483663 
4.8 0.4 -0.227419 0.445618 
4.85 0.4 -0.203916 0.410823 
4.9 0.4 -0.173081 0.380258 
4.95 0.4 -0.135954 0.35495 
5 0.4 -0.0938238 0.33591 
0 0.45 -0.144022 0.327657 
0.05 0.45 -0.0995787 0.306827 
0.1 0.45 -0.0514055 0.293646 
0.15 0.45 -0.00126644 0.288904 
0.2 0.45 0.0489657 0.292901 
0.25 0.45 0.0974088 0.305393 
0.3 0.45 0.142268 0.325642 
0.35 0.45 0.181918 0.352559 
0.4 0.45 0.214963 0.384884 
0.45 0.45 0.240277 0.421353 
0.5 0.45 0.257017 0.460797 
0.55 0.45 0.264633 0.502163 
0.6 0.45 0.262859 0.544463 
0.65 0.45 0.25172 0.586671 
0.7 0.45 0.231535 0.62761 
0.75 0.45 0.202925 0.665866 
0.8 0.45 0.166822 0.699777 
0.85 0.45 0.124466 0.727531 
0.9 0.45 0.0773806 0.747374 
0.95 0.45 0.0273247 0.757883 
1 0.45 -0.0237871 0.758248 
1.05 0.45 -0.0739825 0.74844 
1.1 0.45 -0.121339 0.729218 
1.15 0.45 -0.164084 0.701968 
1.2 0.45 -0.200674 0.668432 
1.25 0.45 -0.229848 0.630425 
1.3 0.45 -0.250651 0.589622 
1.35 0.45 -0.262438 0.547454 
1.4 0.45 -0.264868 0.505112 
1.45 0.45 -0.257896 0.463629 
1.5 0.45 -0.241763 0.42399 
1.55 0.45 -0.216998 0.387239 
1.6 0.45 -0.184422 0.354537 
1.65 0.45 -0.145137 0.327143 
1.7 0.45 -0.100518 0.30632 
1.75 0.45 -0.0521722 0.293175 
1.8 0.45 -0.00187926 0.288481 
1.85 0.45 0.0484846 0.292527 
1.9 0.45 0.0970403 0.305062 
1.95 0.45 0.141997 0.325347 
2 0.45 0.181733 0.352293 
2.05 0.45 0.214855 0.384642 
2.1 0.45 0.240238 0.42113 
2.15 0.45 0.257042 0.460589 
2.2 0.45 0.264715 0.501967 
2.25 0.45 0.262994 0.544278 
2.3 0.45 0.251904 0.586498 
2.35 0.45 0.231761 0.627451 
2.4 0.45 0.203187 0.665727 
2.45 0.45 0.167114 0.699667 
2.5 0.45 0.124779 0.727461 
2.55 0.45 0.0777051 0.747351 
2.6 0.45 0.0276507 0.757915 
2.65 0.45 -0.0234706 0.758338 
2.7 0.45 -0.0736865 0.748585 
2.75 0.45 -0.121074 0.729414 
2.8 0.45 -0.16386 0.702206 
2.85 0.45 -0.2005 0.668701 
2.9 0.45 -0.22973 0.630716 
2.95 0.45 -0.250595 0.589927 
3 0.45 -0.262447 0.547764 
3.05 0.45 -0.264944 0.505421 
3.1 0.45 -0.258038 0.463929 
3.15 0.45 -0.24197 0.424274 
3.2 0.45 -0.217265 0.387499 
3.25 0.45 -0.184742 0.354761 
3.3 0.45 -0.145501 0.32732 
3.35 0.45 -0.100915 0.30644 
3.4 0.45 -0.0525883 0.29323 
3.45 0.45 -0.00230007 0.288465 
3.5 0.45 0.0480744 0.29244 
3.55 0.45 0.096656 0.304907 
3.6 0.45 0.141653 0.325132 
3.65 0.45 0.181442 0.352027 
3.7 0.45 0.214628 0.384335 
3.75 0.45 0.240085 0.420792 
3.8 0.45 0.256969 0.460229 
3.85 0.45 0.264727 0.501594 
3.9 0.45 0.263094 0.5439 
3.95 0.45 0.25209 0.586125 
4 0.45 0.232032 0.627098 
4.05 0.45 0.203537 0.665409 
4.1 0.45 0.167534 0.699404 
4.15 0.45 0.125259 0.727273 
4.2 0.45 0.0782321 0.74726 
4.25 0.45 0.0282095 0.757935 
4.3 0.45 -0.022895 0.758478 
4.35 0.45 -0.0731082 0.748844 
4.4 0.45 -0.120505 0.729781 
4.45 0.45 -0.163307 0.702663 
4.5 0.45 -0.199965 0.669225 
4.55 0.45 -0.229211 0.63128 
4.6 0.45 -0.250079 0.590504 
4.65 0.45 -0.261919 0.54833 
4.7 0.45 -0.26438 0.505955 
4.75 0.45 -0.257407 0.464415 
4.8 0.45 -0.241235 0.424703 
4.85 0.45 -0.216389 0.387874 
4.9 0.45 -0.183685 0.3551 
4.95 0.45 -0.144234 0.327657 
5 0.45 -0.099432 0.306827 
0 0.5 -0.147045 0.305526 
0.05 0.5 -0.101592 0.282996 
0.1 0.5 -0.0522997 0.268677 
0.15 0.5 -0.000980986 0.263541 
0.2 0.5 0.0504277 0.267956 
0.25 0.5 0.0999754 0.281611 
0.3 0.5 0.145803 0.30358 
0.35 0.5 0.186232 0.332511 
0.4 0.5 0.219835 0.366857 
0.45 0.5 0.245469 0.405094 
0.5 0.5 0.262296 0.445852 
0.55 0.5 0.269781 0.487947 
0.6 0.5 0.267692 0.530334 
0.65 0.5 0.256088 0.572001 
0.7 0.5 0.235327 0.611855 
0.75 0.5 0.20607 0.64863 
0.8 0.5 0.169281 0.680879 
0.85 0.5 0.126225 0.707042 
0.9 0.5 0.078441 0.725625 
0.95 0.5 0.0276914 0.735428 
1 0.5 -0.0241111 0.735768 
1.05 0.5 -0.0749996 0.726619 
1.1 0.5 -0.123055 0.708622 
1.15 0.5 -0.166499 0.682947 
1.2 0.5 -0.203775 0.651074 
1.25 0.5 -0.233598 0.614564 
1.3 0.5 -0.254978 0.574875 
1.35 0.5 -0.267233 0.533285 
1.4 0.5 -0.269981 0.490896 
1.45 0.5 -0.263138 0.448722 
1.5 0.5 -0.246915 0.407801 
1.55 0.5 -0.221821 0.369303 
1.6 0.5 -0.18867 0.334588 
1.65 0.5 -0.148578 0.305173 
1.7 0.5 -0.102952 0.28261 
1.75 0.5 -0.0534514 0.268278 
1.8 0.5 -0.00192472 0.263144 
1.85 0.5 0.0496758 0.267571 
1.9 0.5 0.0993942 0.281244 
1.95 0.5 0.145371 0.303237 
2 0.5 0.18593 0.332193 
2.05 0.5 0.219645 0.366567 
2.1 0.5 0.245376 0.404831 
2.15 0.5 0.262287 0.445613 
2.2 0.5 0.269846 0.487729 
2.25 0.5 0.26782 0.530136 
2.3 0.5 0.256271 0.571824 
2.35 0.5 0.235558 0.611698 
2.4 0.5 0.206339 0.6485 
2.45 0.5 0.169581 0.68078 
2.5 0.5 0.126546 0.706983 
2.55 0.5 0.0787735 0.725613 
2.6 0.5 0.0280249 0.735468 
2.65 0.5 -0.0237877 0.735861 
2.7 0.5 -0.0746974 0.726766 
2.75 0.5 -0.122784 0.708817 
2.8 0.5 -0.16627 0.683183 
2.85 0.5 -0.203596 0.651343 
2.9 0.5 -0.233476 0.614856 
2.95 0.5 -0.254919 0.575184 
3 0.5 -0.26724 0.533603 
3.05 0.5 -0.270056 0.491218 
3.1 0.5 -0.263282 0.449039 
3.15 0.5 -0.247125 0.408105 
3.2 0.5 -0.222093 0.369585 
3.25 0.5 -0.188997 0.334834 
3.3 0.5 -0.148951 0.305371 
3.35 0.5 -0.103359 0.282747 
3.4 0.5 -0.0538782 0.268344 
3.45 0.5 -0.00235635 0.263132 
3.5 0.5 0.0492553 0.26748 
3.55 0.5 0.0990006 0.281081 
3.6 0.5 0.145019 0.30301 
3.65 0.5 0.185633 0.331914 
3.7 0.5 0.219414 0.366249 
3.75 0.5 0.245221 0.404485 
3.8 0.5 0.262214 0.44525 
3.85 0.5 0.269859 0.48736 
3.9 0.5 0.267921 0.529768 
3.95 0.5 0.256459 0.571467 
4 0.5 0.235829 0.611365 
4.05 0.5 0.206689 0.648204 
4.1 0.5 0.17 0.680538 
4.15 0.5 0.127023 0.706812 
4.2 0.5 0.0792958 0.725529 
4.25 0.5 0.0285782 0.735482 
4.3 0.5 -0.0232175 0.735979 
4.35 0.5 -0.0741227 0.726984 
4.4 0.5 -0.122214 0.709123 
4.45 0.5 -0.165709 0.683558 
4.5 0.5 -0.203043 0.651763 
4.55 0.5 -0.23292 0.615296 
4.6 0.5 -0.254343 0.575616 
4.65 0.5 -0.266619 0.534002 
4.7 0.5 -0.269357 0.491563 
4.75 0.5 -0.262465 0.449318 
4.8 0.5 -0.246146 0.408315 
4.85 0.5 -0.220907 0.369738 
4.9 0.5 -0.187568 0.334963 
4.95 0.5 -0.147264 0.305526 
5 0.5 -0.101441 0.282996 
0 0.55 -0.144643 0.285621 
0.05 0.55 -0.0998801 0.261676 
0.1 0.55 -0.0513018 0.246403 
0.15 0.55 -0.00070807 0.240942 
0.2 0.55 0.0499687 0.245723 
0.25 0.55 0.0987789 0.260371 
0.3 0.55 0.143868 0.283787 
0.35 0.55 0.183569 0.314375 
0.4 0.55 0.216473 0.35033 
0.45 0.55 0.241467 0.389891 
0.5 0.55 0.25775 0.431502 
0.55 0.55 0.264826 0.473861 
0.6 0.55 0.262499 0.515869 
0.65 0.55 0.250867 0.556532 
0.7 0.55 0.230311 0.594845 
0.75 0.55 0.201505 0.629707 
0.8 0.55 0.165409 0.6599 
0.85 0.55 0.123265 0.684146 
0.9 0.55 0.0765695 0.701234 
0.95 0.55 0.0270235 0.710206 
1 0.55 -0.0235337 0.710515 
1.05 0.55 -0.0732131 0.702144 
1.1 0.55 -0.120169 0.6856 
1.15 0.55 -0.162686 0.66182 
1.2 0.55 -0.199251 0.632 
1.25 0.55 -0.228603 0.597419 
1.3 0.55 -0.249758 0.5593 
1.35 0.55 -0.26202 0.51875 
1.4 0.55 -0.264982 0.47678 
1.45 0.55 -0.258527 0.43438 
1.5 0.55 -0.242824 0.392638 
1.55 0.55 -0.218342 0.35284 
1.6 0.55 -0.185859 0.316528 
1.65 0.55 -0.146462 0.285455 
1.7 0.55 -0.101537 0.261438 
1.75 0.55 -0.0527328 0.246101 
1.8 0.55 -0.00189833 0.240592 
1.85 0.55 0.0490102 0.245343 
1.9 0.55 0.0980321 0.25998 
1.95 0.55 0.143308 0.283404 
2 0.55 0.183172 0.314013 
2.05 0.55 0.216215 0.349997 
2.1 0.55 0.241328 0.389591 
2.15 0.55 0.257711 0.431236 
2.2 0.55 0.264871 0.473626 
2.25 0.55 0.262616 0.515664 
2.3 0.55 0.251043 0.556355 
2.35 0.55 0.230537 0.594695 
2.4 0.55 0.20177 0.629587 
2.45 0.55 0.165705 0.659815 
2.5 0.55 0.123582 0.6841 
2.55 0.55 0.0768973 0.701233 
2.6 0.55 0.0273517 0.710253 
2.65 0.55 -0.0232157 0.710613 
2.7 0.55 -0.072916 0.702291 
2.75 0.55 -0.119903 0.685792 
2.8 0.55 -0.162461 0.662052 
2.85 0.55 -0.199075 0.632265 
2.9 0.55 -0.228482 0.597709 
2.95 0.55 -0.249698 0.55961 
3 0.55 -0.262025 0.519074 
3.05 0.55 -0.265055 0.47711 
3.1 0.55 -0.258667 0.43471 
3.15 0.55 -0.243029 0.392958 
3.2 0.55 -0.218609 0.35314 
3.25 0.55 -0.186181 0.316793 
3.3 0.55 -0.146829 0.285671 
3.35 0.55 -0.101938 0.261589 
3.4 0.55 -0.0531543 0.246176 
3.45 0.55 -0.00232463 0.240583 
3.5 0.55 0.0485951 0.24525 
3.55 0.55 0.097644 0.25981 
3.6 0.55 0.142962 0.283167 
3.65 0.55 0.18288 0.313723 
3.7 0.55 0.215989 0.349671 
3.75 0.55 0.241176 0.389241 
3.8 0.55 0.257639 0.430874 
3.85 0.55 0.264884 0.473263 
3.9 0.55 0.262714 0.515309 
3.95 0.55 0.251225 0.556016 
4 0.55 0.230799 0.594384 
4.05 0.55 0.202106 0.629315 
4.1 0.55 0.166106 0.659594 
4.15 0.55 0.124038 0.683944 
4.2 0.55 0.0773944 0.701154 
4.25 0.55 0.0278775 0.710258 
4.3 0.55 -0.0226739 0.710703 
4.35 0.55 -0.0723687 0.70246 
4.4 0.55 -0.119357 0.686028 
4.45 0.55 -0.161917 0.662334 
4.5 0.55 -0.198528 0.63257 
4.55 0.55 -0.227918 0.598011 
4.6 0.55 -0.249094 0.559881 
4.65 0.55 -0.26135 0.51929 
4.7 0.55 -0.264269 0.477251 
4.75 0.55 -0.257724 0.434765 
4.8 0.55 -0.241881 0.39293 
4.85 0.55 -0.21721 0.353051 
4.9 0.55 -0.184499 0.316689 
4.95 0.55 -0.14486 0.285621 
5 0.55 -0.0997303 0.261676 
0 0.6 -0.136884 0.265644 
0.05 0.6 -0.0944924 0.240828 
0.1 0.6 -0.0484479 0.224958 
0.15 0.6 -0.00047404 0.219302 
0.2 0.6 0.0475729 0.224335 
0.25 0.6 0.0938192 0.239631 
0.3 0.6 0.136485 0.263961 
0.35 0.6 0.17398 0.295544 
0.4 0.6 0.204969 0.332381 
0.45 0.6 0.22841 0.372535 
0.5 0.6 0.243565 0.414314 
0.55 0.6 0.249996 0.456327 
0.6 0.6 0.24755 0.497439 
0.65 0.6 0.236349 0.536674 
0.7 0.6 0.216785 0.573114 
0.75 0.6 0.189515 0.605812 
0.8 0.6 0.155458 0.633774 
0.85 0.6 0.115785 0.655987 
0.9 0.6 0.0718941 0.671516 
0.95 0.6 0.025367 0.679625 
1 0.6 -0.0220948 0.679904 
1.05 0.6 -0.0687451 0.672338 
1.1 0.6 -0.112876 0.657311 
1.15 0.6 -0.152895 0.635537 
1.2 0.6 -0.187388 0.607941 
1.25 0.6 -0.215165 0.575533 
1.3 0.6 -0.235285 0.53931 
1.35 0.6 -0.247072 0.500219 
1.4 0.6 -0.25011 0.459179 
1.45 0.6 -0.244256 0.417158 
1.5 0.6 -0.229637 0.375275 
1.55 0.6 -0.206667 0.334906 
1.6 0.6 -0.176059 0.297727 
1.65 0.6 -0.13883 0.265668 
1.7 0.6 -0.0962933 0.240741 
1.75 0.6 -0.0500251 0.224759 
1.8 0.6 -0.00180046 0.219005 
1.85 0.6 0.0464955 0.223968 
1.9 0.6 0.0929738 0.239226 
1.95 0.6 0.135848 0.263546 
2 0.6 0.173524 0.295144 
2.05 0.6 0.204668 0.332011 
2.1 0.6 0.228239 0.372205 
2.15 0.6 0.243503 0.414026 
2.2 0.6 0.250025 0.45608 
2.25 0.6 0.247653 0.497229 
2.3 0.6 0.236513 0.5365 
2.35 0.6 0.216999 0.572973 
2.4 0.6 0.189767 0.605706 
2.45 0.6 0.155739 0.633704 
2.5 0.6 0.116085 0.655956 
2.55 0.6 0.0722047 0.671527 
2.6 0.6 0.0256776 0.679681 
2.65 0.6 -0.0217941 0.680006 
2.7 0.6 -0.0684643 0.672485 
2.75 0.6 -0.112625 0.6575 
2.8 0.6 -0.152681 0.635763 
2.85 0.6 -0.18722 0.6082 
2.9 0.6 -0.215049 0.575819 
2.95 0.6 -0.235227 0.539618 
3 0.6 -0.247075 0.500543 
3.05 0.6 -0.250177 0.459514 
3.1 0.6 -0.244387 0.417495 
3.15 0.6 -0.22983 0.375606 
3.2 0.6 -0.206919 0.335218 
3.25 0.6 -0.176363 0.298006 
3.3 0.6 -0.139178 0.265896 
3.35 0.6 -0.0966741 0.240902 
3.4 0.6 -0.0504253 0.22484 
3.45 0.6 -0.00220527 0.218999 
3.5 0.6 0.0461015 0.223874 
3.55 0.6 0.0926057 0.239051 
3.6 0.6 0.135519 0.263304 
3.65 0.6 0.173248 0.29485 
3.7 0.6 0.204454 0.331682 
3.75 0.6 0.228096 0.371856 
3.8 0.6 0.243436 0.41367 
3.85 0.6 0.250036 0.455728 
3.9 0.6 0.247744 0.49689 
3.95 0.6 0.236682 0.536181 
4 0.6 0.217241 0.572684 
4.05 0.6 0.190077 0.605456 
4.1 0.6 0.156107 0.633503 
4.15 0.6 0.116502 0.655813 
4.2 0.6 0.0726586 0.671449 
4.25 0.6 0.0261565 0.679672 
4.3 0.6 -0.021301 0.680063 
4.35 0.6 -0.0679655 0.672601 
4.4 0.6 -0.112124 0.657661 
4.45 0.6 -0.152179 0.63595 
4.5 0.6 -0.186706 0.608388 
4.55 0.6 -0.214507 0.575982 
4.6 0.6 -0.234632 0.539729 
4.65 0.6 -0.246391 0.500578 
4.7 0.6 -0.249363 0.459454 
4.75 0.6 -0.243393 0.417331 
4.8 0.6 -0.228609 0.375347 
4.85 0.6 -0.205426 0.334895 
4.9 0.6 -0.174571 0.297676 
4.95 0.6 -0.13709 0.265644 
5 0.6 -0.0943505 0.240828 
0 0.65 -0.124111 0.243897 
0.05 0.65 -0.0856627 0.219017 
0.1 0.65 -0.0438627 0.203082 
0.15 0.65 -0.000293759 0.197419 
0.2 0.65 0.0433361 0.202527 
0.25 0.65 0.0853024 0.217953 
0.3 0.65 0.123971 0.242395 
0.35 0.65 0.157889 0.273984 
0.4 0.65 0.185846 0.310622 
0.45 0.65 0.206909 0.350295 
0.5 0.65 0.220427 0.391247 
0.55 0.65 0.22603 0.43205 
0.6 0.65 0.223607 0.471561 
0.65 0.65 0.213296 0.508836 
0.7 0.65 0.195475 0.543035 
0.75 0.65 0.170756 0.57335 
0.8 0.65 0.139979 0.598978 
0.85 0.65 0.104203 0.619133 
0.9 0.65 0.0646788 0.633115 
0.95 0.65 0.0228159 0.64038 
1 0.65 -0.0198757 0.640629 
1.05 0.65 -0.0618479 0.633852 
1.1 0.65 -0.101585 0.620327 
1.15 0.65 -0.137668 0.600581 
1.2 0.65 -0.168833 0.575306 
1.25 0.65 -0.194003 0.545282 
1.3 0.65 -0.212321 0.511312 
1.35 0.65 -0.223155 0.474201 
1.4 0.65 -0.226107 0.434784 
1.45 0.65 -0.221019 0.393995 
1.5 0.65 -0.207977 0.352961 
1.55 0.65 -0.187332 0.313095 
1.6 0.65 -0.159707 0.276132 
1.65 0.65 -0.126015 0.244086 
1.7 0.65 -0.0874466 0.219065 
1.75 0.65 -0.0454426 0.202978 
1.8 0.65 -0.00163529 0.197178 
1.85 0.65 0.0422379 0.202182 
1.9 0.65 0.0844354 0.217543 
1.95 0.65 0.123314 0.241961 
2 0.65 0.157416 0.273558 
2.05 0.65 0.185531 0.310228 
2.1 0.65 0.206726 0.349944 
2.15 0.65 0.220354 0.390945 
2.2 0.65 0.226046 0.431796 
2.25 0.65 0.223695 0.471352 
2.3 0.65 0.213443 0.508668 
2.35 0.65 0.195668 0.542905 
2.4 0.65 0.170985 0.573258 
2.45 0.65 0.140235 0.598922 
2.5 0.65 0.104476 0.619116 
2.55 0.65 0.0649606 0.633137 
2.6 0.65 0.0230973 0.640444 
2.65 0.65 -0.0196035 0.640734 
2.7 0.65 -0.0615937 0.633997 
2.75 0.65 -0.101357 0.620511 
2.8 0.65 -0.137475 0.600799 
2.85 0.65 -0.16868 0.575556 
2.9 0.65 -0.193897 0.54556 
2.95 0.65 -0.212267 0.511612 
3 0.65 -0.223157 0.474519 
3.05 0.65 -0.226166 0.435115 
3.1 0.65 -0.221136 0.394331 
3.15 0.65 -0.208151 0.353293 
3.2 0.65 -0.187559 0.313409 
3.25 0.65 -0.159983 0.276413 
3.3 0.65 -0.126331 0.244318 
3.35 0.65 -0.0877925 0.21923 
3.4 0.65 -0.0458064 0.203062 
3.45 0.65 -0.00200331 0.197174 
3.5 0.65 0.0418797 0.202089 
3.55 0.65 0.084101 0.21737 
3.6 0.65 0.123016 0.241721 
3.65 0.65 0.157167 0.273267 
3.7 0.65 0.185338 0.309905 
3.75 0.65 0.206597 0.349604 
3.8 0.65 0.220293 0.390601 
3.85 0.65 0.226056 0.431459 
3.9 0.65 0.223776 0.471031 
3.95 0.65 0.213592 0.508371 
4 0.65 0.195883 0.542639 
4.05 0.65 0.171258 0.573029 
4.1 0.65 0.140559 0.598738 
4.15 0.65 0.104841 0.618982 
4.2 0.65 0.0653567 0.633057 
4.25 0.65 0.0235141 0.640418 
4.3 0.65 -0.0191751 0.640758 
4.35 0.65 -0.0611604 0.634061 
4.4 0.65 -0.100921 0.6206 
4.45 0.65 -0.137034 0.600895 
4.5 0.65 -0.168223 0.575635 
4.55 0.65 -0.193407 0.545595 
4.6 0.65 -0.211717 0.511579 
4.65 0.65 -0.222511 0.474393 
4.7 0.65 -0.225384 0.434879 
4.75 0.65 -0.220171 0.39398 
4.8 0.65 -0.206957 0.352839 
4.85 0.65 -0.186096 0.312889 
4.9 0.65 -0.158229 0.275896 
4.95 0.65 -0.124295 0.243897 
5 0.65 -0.0855357 0.219017 
0 0.7 -0.106974 0.219209 
0.05 0.7 -0.073835 0.195291 
0.1 0.7 -0.0377729 0.17996 
0.15 0.7 -0.000170531 0.174527 
0.2 0.7 0.0374785 0.179482 
0.25 0.7 0.0736675 0.194372 
0.3 0.7 0.106973 0.217907 
0.35 0.7 0.136133 0.248235 
0.4 0.7 0.160107 0.283288 
0.45 0.7 0.1781 0.321082 
0.5 0.7 0.189571 0.359894 
0.55 0.7 0.194218 0.398326 
0.6 0.7 0.19197 0.435271 
0.65 0.7 0.182968 0.469835 
0.7 0.7 0.167554 0.501258 
0.75 0.7 0.146266 0.52885 
0.8 0.7 0.119835 0.551963 
0.85 0.7 0.0891665 0.569995 
0.9 0.7 0.0553282 0.582422 
0.95 0.7 0.0195134 0.588853 
1 0.7 -0.017001 0.589073 
1.05 0.7 -0.052908 0.583075 
1.1 0.7 -0.0869266 0.571057 
1.15 0.7 -0.117855 0.5534 
1.2 0.7 -0.144615 0.530617 
1.25 0.7 -0.166285 0.503305 
1.3 0.7 -0.182121 0.472109 
1.35 0.7 -0.191568 0.437715 
1.4 0.7 -0.194266 0.400874 
1.45 0.7 -0.190056 0.362469 
1.5 0.7 -0.17899 0.323591 
1.55 0.7 -0.161349 0.285622 
1.6 0.7 -0.137653 0.250269 
1.65 0.7 -0.108679 0.219514 
1.7 0.7 -0.0754503 0.19544 
1.75 0.7 -0.0392197 0.179934 
1.8 0.7 -0.00141123 0.174339 
1.85 0.7 0.0364548 0.179166 
1.9 0.7 0.0728546 0.193975 
1.95 0.7 0.106354 0.217474 
2 0.7 0.135686 0.247804 
2.05 0.7 0.159808 0.282888 
2.1 0.7 0.177924 0.320728 
2.15 0.7 0.189496 0.359592 
2.2 0.7 0.194226 0.398076 
2.25 0.7 0.192044 0.435069 
2.3 0.7 0.183095 0.469677 
2.35 0.7 0.167721 0.501141 
2.4 0.7 0.146465 0.528772 
2.45 0.7 0.120056 0.551922 
2.5 0.7 0.0894026 0.569989 
2.55 0.7 0.0555711 0.582453 
2.6 0.7 0.0197557 0.588922 
2.65 0.7 -0.0167669 0.589179 
2.7 0.7 -0.0526895 0.583216 
2.75 0.7 -0.0867307 0.571232 
2.8 0.7 -0.117688 0.553608 
2.85 0.7 -0.144483 0.530854 
2.9 0.7 -0.166193 0.503568 
2.95 0.7 -0.182074 0.472395 
3 0.7 -0.191568 0.438019 
3.05 0.7 -0.194316 0.401191 
3.1 0.7 -0.190155 0.362792 
3.15 0.7 -0.179139 0.323911 
3.2 0.7 -0.161544 0.285926 
3.25 0.7 -0.13789 0.250542 
3.3 0.7 -0.108951 0.21974 
3.35 0.7 -0.0757486 0.195601 
3.4 0.7 -0.0395337 0.180017 
3.45 0.7 -0.00172905 0.174336 
3.5 0.7 0.0361456 0.179078 
3.55 0.7 0.0725661 0.193809 
3.6 0.7 0.106097 0.217244 
3.65 0.7 0.135471 0.247527 
3.7 0.7 0.159642 0.282581 
3.75 0.7 0.177814 0.320406 
3.8 0.7 0.189444 0.359269 
3.85 0.7 0.194234 0.397762 
3.9 0.7 0.192113 0.434772 
3.95 0.7 0.18322 0.469404 
4 0.7 0.167901 0.500898 
4.05 0.7 0.146694 0.528564 
4.1 0.7 0.120326 0.551753 
4.15 0.7 0.0897061 0.569864 
4.2 0.7 0.0558992 0.582371 
4.25 0.7 0.0200997 0.58888 
4.3 0.7 -0.0164144 0.589172 
4.35 0.7 -0.0523335 0.583234 
4.4 0.7 -0.0863724 0.571261 
4.45 0.7 -0.117324 0.553627 
4.5 0.7 -0.144102 0.530842 
4.55 0.7 -0.165778 0.503501 
4.6 0.7 -0.1816 0.472248 
4.65 0.7 -0.191003 0.43777 
4.7 0.7 -0.193621 0.400826 
4.75 0.7 -0.18929 0.362308 
4.8 0.7 -0.178063 0.323324 
4.85 0.7 -0.160225 0.285278 
4.9 0.7 -0.136312 0.249904 
4.95 0.7 -0.107125 0.219209 
5 0.7 -0.0737303 0.195291 
0 0.75 -0.086477 0.190889 
0.05 0.75 -0.0596949 0.169071 
0.1 0.75 -0.0305233 0.155085 
0.15 0.75 -9.73979e-05 0.150141 
0.2 0.75 0.0303594 0.154689 
0.25 0.75 0.0596147 0.168306 
0.3 0.75 0.0865069 0.189795 
0.35 0.75 0.110012 0.217445 
0.4 0.75 0.129291 0.249343 
0.45 0.75 0.143709 0.283656 
0.5 0.75 0.152843 0.31879 
0.55 0.75 0.156466 0.353453 
0.6 0.75 0.154537 0.386624 
0.65 0.75 0.147184 0.417492 
0.7 0.75 0.134695 0.445384 
0.75 0.75 0.117515 0.469717 
0.8 0.75 0.0962318 0.48997 
0.85 0.75 0.0715767 0.505679 
0.9 0.75 0.0444018 0.516455 
0.95 0.75 0.0156572 0.522015 
1 0.75 -0.0136427 0.522205 
1.05 0.75 -0.0424606 0.517019 
1.1 0.75 -0.0697789 0.5066 
1.15 0.75 -0.0946409 0.491223 
1.2 0.75 -0.116185 0.471267 
1.25 0.75 -0.133671 0.44719 
1.3 0.75 -0.146497 0.419509 
1.35 0.75 -0.154205 0.388803 
1.4 0.75 -0.156494 0.355733 
1.45 0.75 -0.15322 0.3211 
1.5 0.75 -0.144409 0.285911 
1.55 0.75 -0.130271 0.251444 
1.6 0.75 -0.111213 0.219279 
1.65 0.75 -0.087853 0.191248 
1.7 0.75 -0.0610183 0.169278 
1.75 0.75 -0.0317264 0.155114 
1.8 0.75 -0.00114158 0.150002 
1.85 0.75 0.0294905 0.154413 
1.9 0.75 0.0589209 0.16794 
1.95 0.75 0.0859771 0.189388 
2 0.75 0.109629 0.217036 
2.05 0.75 0.129033 0.248962 
2.1 0.75 0.143557 0.283318 
2.15 0.75 0.152778 0.318504 
2.2 0.75 0.156471 0.353219 
2.25 0.75 0.154597 0.386438 
2.3 0.75 0.147287 0.41735 
2.35 0.75 0.134832 0.445282 
2.4 0.75 0.117676 0.469653 
2.45 0.75 0.0964116 0.489941 
2.5 0.75 0.0717679 0.505683 
2.55 0.75 0.0445981 0.516492 
2.6 0.75 0.0158527 0.522084 
2.65 0.75 -0.013454 0.522306 
2.7 0.75 -0.0422845 0.517152 
2.75 0.75 -0.0696209 0.506763 
2.8 0.75 -0.0945062 0.491414 
2.85 0.75 -0.116078 0.471484 
2.9 0.75 -0.133597 0.44743 
2.95 0.75 -0.146457 0.41977 
3 0.75 -0.154204 0.389081 
3.05 0.75 -0.156533 0.356023 
3.1 0.75 -0.153299 0.321396 
3.15 0.75 -0.144528 0.286205 
3.2 0.75 -0.130428 0.251723 
3.25 0.75 -0.111404 0.219529 
3.3 0.75 -0.0880726 0.191455 
3.35 0.75 -0.0612594 0.169426 
3.4 0.75 -0.0319804 0.155191 
3.45 0.75 -0.00139878 0.15 
3.5 0.75 0.0292402 0.154334 
3.55 0.75 0.0586876 0.16779 
3.6 0.75 0.0857698 0.189179 
3.65 0.75 0.109455 0.216784 
3.7 0.75 0.1289 0.248683 
3.75 0.75 0.143468 0.283028 
3.8 0.75 0.152735 0.318213 
3.85 0.75 0.156477 0.352937 
3.9 0.75 0.15465 0.386173 
3.95 0.75 0.147386 0.417107 
4 0.75 0.134974 0.445067 
4.05 0.75 0.117856 0.469469 
4.1 0.75 0.096623 0.48979 
4.15 0.75 0.0720045 0.505567 
4.2 0.75 0.0448528 0.516409 
4.25 0.75 0.0161185 0.522032 
4.3 0.75 -0.0131828 0.522277 
4.35 0.75 -0.0420115 0.517136 
4.4 0.75 -0.0693466 0.506746 
4.45 0.75 -0.0942265 0.491378 
4.5 0.75 -0.115784 0.471409 
4.55 0.75 -0.133273 0.447294 
4.6 0.75 -0.146082 0.419552 
4.65 0.75 -0.153749 0.388761 
4.7 0.75 -0.155967 0.355591 
4.75 0.75 -0.152589 0.320852 
4.8 0.75 -0.143642 0.285567 
4.85 0.75 -0.129342 0.251033 
4.9 0.75 -0.110111 0.218856 
4.95 0.75 -0.086585 0.190889 
5 0.75 -0.0596201 0.169071 
0 0.8 -0.0640277 0.158701 
0.05 0.8 -0.0442044 0.14009 
0.1 0.8 -0.0225969 0.128166 
0.15 0.8 -5.99047e-05 0.123961 
0.2 0.8 0.0224915 0.127853 
0.25 0.8 0.044137 0.139479 
0.3 0.8 0.0640109 0.157817 
0.35 0.8 0.0813531 0.181399 
0.4 0.8 0.0955448 0.20859 
0.45 0.8 0.106124 0.237814 
0.5 0.8 0.112788 0.2677 
0.55 0.8 0.11538 0.297131 
0.6 0.8 0.113881 0.325226 
0.65 0.8 0.108396 0.351289 
0.7 0.8 0.0991435 0.374753 
0.75 0.8 0.0864561 0.395141 
0.8 0.8 0.0707703 0.412041 
0.85 0.8 0.0526226 0.425101 
0.9 0.8 0.032637 0.434033 
0.95 0.8 0.0115071 0.438632 
1 0.8 -0.0100274 0.438789 
1.05 0.8 -0.0312108 0.4345 
1.1 0.8 -0.0513011 0.425865 
1.15 0.8 -0.0696 0.413083 
1.2 0.8 -0.085477 0.396434 
1.25 0.8 -0.0983878 0.376266 
1.3 0.8 -0.107887 0.352984 
1.35 0.8 -0.113633 0.327062 
1.4 0.8 -0.115396 0.299056 
1.45 0.8 -0.11306 0.269653 
1.5 0.8 -0.106633 0.239722 
1.55 0.8 -0.0962586 0.210367 
1.6 0.8 -0.0822278 0.182951 
1.65 0.8 -0.0649909 0.159048 
1.7 0.8 -0.0451581 0.140308 
1.75 0.8 -0.0234861 0.128225 
1.8 0.8 -0.000845124 0.123864 
1.85 0.8 0.0218313 0.127628 
1.9 0.8 0.0436071 0.139168 
1.95 0.8 0.0636054 0.157463 
2 0.8 0.08106 0.18104 
2.05 0.8 0.0953487 0.208253 
2.1 0.8 0.106009 0.237516 
2.15 0.8 0.112739 0.267448 
2.2 0.8 0.115384 0.296926 
2.25 0.8 0.113927 0.325066 
2.3 0.8 0.108473 0.351169 
2.35 0.8 0.099246 0.374669 
2.4 0.8 0.0865769 0.39509 
2.45 0.8 0.070904 0.412022 
2.5 0.8 0.0527643 0.42511 
2.55 0.8 0.0327822 0.43407 
2.6 0.8 0.0116515 0.438697 
2.65 0.8 -0.00988825 0.43888 
2.7 0.8 -0.0310809 0.434617 
2.75 0.8 -0.0511846 0.426007 
2.8 0.8 -0.0695005 0.413248 
2.85 0.8 -0.0853979 0.396621 
2.9 0.8 -0.0983322 0.376473 
2.95 0.8 -0.107857 0.353209 
3 0.8 -0.113631 0.327301 
3.05 0.8 -0.115423 0.299305 
3.1 0.8 -0.113117 0.269907 
3.15 0.8 -0.10672 0.239973 
3.2 0.8 -0.0963737 0.210607 
3.25 0.8 -0.0823684 0.183167 
3.3 0.8 -0.065153 0.159226 
3.35 0.8 -0.0453364 0.140435 
3.4 0.8 -0.0236741 0.128292 
3.45 0.8 -0.00103555 0.123863 
3.5 0.8 0.021646 0.12756 
3.55 0.8 0.0434344 0.13904 
3.6 0.8 0.0634521 0.157285 
3.65 0.8 0.0809318 0.180826 
3.7 0.8 0.0952501 0.208017 
3.75 0.8 0.105944 0.237269 
3.8 0.8 0.112708 0.267201 
3.85 0.8 0.115388 0.296688 
3.9 0.8 0.113966 0.324842 
3.95 0.8 0.108545 0.350964 
4 0.8 0.0993483 0.374487 
4.05 0.8 0.0867061 0.394934 
4.1 0.8 0.0710557 0.411893 
4.15 0.8 0.0529333 0.425008 
4.2 0.8 0.0329632 0.433994 
4.25 0.8 0.0118394 0.438641 
4.3 0.8 -0.0096976 0.438839 
4.35 0.8 -0.0308901 0.434581 
4.4 0.8 -0.0509937 0.425964 
4.45 0.8 -0.0693062 0.413183 
4.5 0.8 -0.0851929 0.396516 
4.55 0.8 -0.0981044 0.376309 
4.6 0.8 -0.10759 0.352969 
4.65 0.8 -0.113303 0.32697 
4.7 0.8 -0.11501 0.298875 
4.75 0.8 -0.112595 0.26938 
4.8 0.8 -0.106066 0.23937 
4.85 0.8 -0.0955748 0.209964 
4.9 0.8 -0.0814246 0.182545 
4.95 0.8 -0.0640811 0.158701 
5 0.8 -0.0441672 0.14009 
0 0.85 -0.041489 0.12283 
0.05 0.85 -0.0286393 0.108341 
0.1 0.85 -0.0146362 0.0990701 
0.15 0.85 -4.05083e-05 0.095807 
0.2 0.85 0.0145544 0.0988396 
0.25 0.85 0.0285508 0.107887 
0.3 0.85 0.0413863 0.122157 
0.35 0.85 0.0525684 0.140518 
0.4 0.85 0.0616991 0.161699 
0.45 0.85 0.0684851 0.184469 
0.5 0.85 0.0727367 0.207754 
0.55 0.85 0.0743609 0.230673 
0.6 0.85 0.0733516 0.252528 
0.65 0.85 0.0697815 0.272768 
0.7 0.85 0.0637964 0.290954 
0.75 0.85 0.0556114 0.30672 
0.8 0.85 0.0455082 0.319757 
0.85 0.85 0.0338309 0.329809 
0.9 0.85 0.020979 0.336672 
0.95 0.85 0.00739612 0.340201 
1 0.85 -0.00644537 0.340321 
1.05 0.85 -0.0200626 0.33703 
1.1 0.85 -0.0329815 0.330396 
1.15 0.85 -0.0447557 0.320559 
1.2 0.85 -0.0549815 0.307717 
1.25 0.85 -0.0633097 0.292124 
1.3 0.85 -0.0694531 0.274081 
1.35 0.85 -0.0731904 0.25395 
1.4 0.85 -0.0743693 0.232166 
1.45 0.85 -0.0729099 0.20927 
1.5 0.85 -0.0688107 0.185949 
1.55 0.85 -0.0621567 0.163077 
1.6 0.85 -0.0531293 0.141722 
1.65 0.85 -0.0420146 0.123113 
1.7 0.85 -0.0292055 0.108533 
1.75 0.85 -0.0151935 0.099137 
1.8 0.85 -0.000546798 0.0957465 
1.85 0.85 0.0141231 0.0986725 
1.9 0.85 0.028203 0.107646 
1.95 0.85 0.0411203 0.121879 
2 0.85 0.0523769 0.140234 
2.05 0.85 0.061572 0.161431 
2.1 0.85 0.0684116 0.184232 
2.15 0.85 0.0727066 0.207554 
2.2 0.85 0.0743652 0.23051 
2.25 0.85 0.0733828 0.252401 
2.3 0.85 0.0698334 0.272675 
2.35 0.85 0.0638639 0.29089 
2.4 0.85 0.0556904 0.306683 
2.45 0.85 0.0455951 0.319745 
2.5 0.85 0.0339227 0.32982 
2.55 0.85 0.0210728 0.336704 
2.6 0.85 0.0074892 0.340255 
2.65 0.85 -0.0063557 0.340396 
2.7 0.85 -0.0199789 0.337124 
2.75 0.85 -0.0329064 0.330509 
2.8 0.85 -0.0446915 0.32069 
2.85 0.85 -0.0549303 0.307865 
2.9 0.85 -0.0632736 0.292287 
2.95 0.85 -0.0694336 0.274258 
3 0.85 -0.0731888 0.254138 
3.05 0.85 -0.0743865 0.232362 
3.1 0.85 -0.0729464 0.209469 
3.15 0.85 -0.0688663 0.186147 
3.2 0.85 -0.0622305 0.163265 
3.25 0.85 -0.0532197 0.14189 
3.3 0.85 -0.0421191 0.123252 
3.35 0.85 -0.0293206 0.108632 
3.4 0.85 -0.015315 0.099189 
3.45 0.85 -0.000669976 0.0957463 
3.5 0.85 0.0140032 0.0986204 
3.55 0.85 0.0280914 0.107547 
3.6 0.85 0.0410213 0.121741 
3.65 0.85 0.0522941 0.140068 
3.7 0.85 0.0615084 0.161247 
3.75 0.85 0.0683691 0.18404 
3.8 0.85 0.0726864 0.207362 
3.85 0.85 0.0743676 0.230325 
3.9 0.85 0.0734073 0.252227 
3.95 0.85 0.0698789 0.272516 
4 0.85 0.0639286 0.290749 
4.05 0.85 0.0557718 0.306561 
4.1 0.85 0.0456904 0.319643 
4.15 0.85 0.0340284 0.329738 
4.2 0.85 0.0211854 0.33664 
4.25 0.85 0.00760538 0.340205 
4.3 0.85 -0.00623873 0.340354 
4.35 0.85 -0.0198628 0.337083 
4.4 0.85 -0.0327912 0.33046 
4.45 0.85 -0.0445748 0.320619 
4.5 0.85 -0.0548073 0.30776 
4.55 0.85 -0.0631361 0.292133 
4.6 0.85 -0.0692704 0.274042 
4.65 0.85 -0.0729858 0.253849 
4.7 0.85 -0.0741277 0.231995 
4.75 0.85 -0.072616 0.209028 
4.8 0.85 -0.0684517 0.185649 
4.85 0.85 -0.0617269 0.162743 
4.9 0.85 -0.0526352 0.141391 
4.95 0.85 -0.0414768 0.12283 
5 0.85 -0.0286475 0.108341 
0 0.9 -0.0212427 0.0838317 
0.05 0.9 -0.0146341 0.0740504 
0.1 0.9 -0.00746984 0.0678079 
0.15 0.9 -2.46625e-05 0.0656154 
0.2 0.9 0.0074096 0.0676593 
0.25 0.9 0.0145314 0.0737531 
0.3 0.9 0.021054 0.0833734 
0.35 0.9 0.0267266 0.0957667 
0.4 0.9 0.0313482 0.110083 
0.45 0.9 0.0347723 0.125494 
0.5 0.9 0.0369066 0.141268 
0.55 0.9 0.0377077 0.1568 
0.6 0.9 0.0371759 0.171611 
0.65 0.9 0.0353506 0.185322 
0.7 0.9 0.0323068 0.197629 
0.75 0.9 0.028154 0.208285 
0.8 0.9 0.0230343 0.217087 
0.85 0.9 0.0171213 0.223865 
0.9 0.9 0.0106162 0.228487 
0.95 0.9 0.00374256 0.230863 
1 0.9 -0.0032615 0.230944 
1.05 0.9 -0.0101525 0.228729 
1.1 0.9 -0.0166915 0.22426 
1.15 0.9 -0.0226535 0.217627 
1.2 0.9 -0.0278352 0.208958 
1.25 0.9 -0.0320605 0.198418 
1.3 0.9 -0.0351844 0.186209 
1.35 0.9 -0.0370944 0.172574 
1.4 0.9 -0.0377121 0.15781 
1.45 0.9 -0.0369946 0.142292 
1.5 0.9 -0.0349377 0.126494 
1.55 0.9 -0.0315807 0.111013 
1.6 0.9 -0.0270117 0.096578 
1.65 0.9 -0.0213732 0.0840179 
1.7 0.9 -0.014864 0.0741905 
1.75 0.9 -0.00773494 0.0678646 
1.8 0.9 -0.000278438 0.0655833 
1.85 0.9 0.00719003 0.0675521 
1.9 0.9 0.0143541 0.0735935 
1.95 0.9 0.020919 0.0831862 
2 0.9 0.0266303 0.0955736 
2.05 0.9 0.0312851 0.1099 
2.1 0.9 0.0347367 0.125331 
2.15 0.9 0.0368931 0.14113 
2.2 0.9 0.0377116 0.156689 
2.25 0.9 0.0371932 0.171525 
2.3 0.9 0.035378 0.185258 
2.35 0.9 0.0323419 0.197586 
2.4 0.9 0.0281946 0.208261 
2.45 0.9 0.0230787 0.21708 
2.5 0.9 0.017168 0.223873 
2.55 0.9 0.0106638 0.228511 
2.6 0.9 0.00378974 0.230901 
2.65 0.9 -0.00321608 0.230996 
2.7 0.9 -0.0101101 0.228794 
2.75 0.9 -0.0166535 0.224338 
2.8 0.9 -0.022621 0.217717 
2.85 0.9 -0.0278092 0.20906 
2.9 0.9 -0.032042 0.19853 
2.95 0.9 -0.0351742 0.18633 
3 0.9 -0.0370933 0.172702 
3.05 0.9 -0.0377205 0.157944 
3.1 0.9 -0.0370127 0.142428 
3.15 0.9 -0.0349656 0.126628 
3.2 0.9 -0.0316179 0.11114 
3.25 0.9 -0.0270574 0.0966921 
3.3 0.9 -0.0214262 0.0841119 
3.35 0.9 -0.0149224 0.0742578 
3.4 0.9 -0.00779674 0.0678998 
3.45 0.9 -0.000341123 0.0655833 
3.5 0.9 0.00712903 0.0675172 
3.55 0.9 0.0142973 0.0735268 
3.6 0.9 0.0208687 0.0830932 
3.65 0.9 0.0265882 0.0954614 
3.7 0.9 0.0312528 0.109776 
3.75 0.9 0.0347152 0.125201 
3.8 0.9 0.0368828 0.141 
3.85 0.9 0.0377127 0.156563 
3.9 0.9 0.0372054 0.171406 
3.95 0.9 0.0354007 0.18515 
4 0.9 0.0323741 0.19749 
4.05 0.9 0.0282351 0.208178 
4.1 0.9 0.023126 0.21701 
4.15 0.9 0.0172202 0.223816 
4.2 0.9 0.0107191 0.228465 
4.25 0.9 0.00384633 0.230864 
4.3 0.9 -0.00315965 0.230964 
4.35 0.9 -0.0100548 0.22876 
4.4 0.9 -0.0165992 0.224297 
4.45 0.9 -0.0225666 0.217661 
4.5 0.9 -0.0277522 0.208978 
4.55 0.9 -0.0319782 0.198415 
4.6 0.9 -0.0350977 0.186171 
4.65 0.9 -0.0369966 0.172493 
4.7 0.9 -0.0375952 0.157683 
4.75 0.9 -0.0368509 0.142119 
4.8 0.9 -0.0347614 0.126284 
4.85 0.9 -0.031372 0.110785 
4.9 0.9 -0.0267826 0.0963584 
4.95 0.9 -0.0211541 0.0838317 
5 0.9 -0.0146951 0.0740504 
0 0.95 -0.0062703 0.0425405 
0.05 0.95 -0.00423767 0.0376766 
0.1 0.95 -0.00214852 0.0345876 
0.15 0.95 -7.89194e-06 0.0335049 
0.2 0.95 0.00212241 0.0345171 
0.25 0.95 0.0041604 0.0375346 
0.3 0.95 0.00602407 0.0423047 
0.35 0.95 0.00764148 0.0484612 
0.4 0.95 0.00895558 0.0555878 
0.45 0.95 0.00992568 0.0632744 
0.5 0.95 0.0105268 0.0711554 
0.55 0.95 0.0107481 0.0789259 
0.6 0.95 0.0105907 0.0863412 
0.65 0.95 0.0100664 0.093208 
0.7 0.95 0.00919693 0.0993719 
0.75 0.95 0.00801316 0.104708 
0.8 0.95 0.00655527 0.109113 
0.85 0.95 0.00487223 0.112504 
0.9 0.95 0.00302101 0.114816 
0.95 0.95 0.00106501 0.116003 
1 0.95 -0.000928081 0.116044 
1.05 0.95 -0.00288904 0.114936 
1.1 0.95 -0.00474995 0.112701 
1.15 0.95 -0.00644696 0.109383 
1.2 0.95 -0.00792253 0.105044 
1.25 0.95 -0.00912696 0.099767 
1.3 0.95 -0.0100193 0.0936519 
1.35 0.95 -0.0105677 0.0868225 
1.4 0.95 -0.0107496 0.0794305 
1.45 0.95 -0.0105523 0.0716668 
1.5 0.95 -0.00997337 0.0637729 
1.55 0.95 -0.00902257 0.0560509 
1.6 0.95 -0.0077236 0.0488647 
1.65 0.95 -0.00611596 0.0426252 
1.7 0.95 -0.00425591 0.0377526 
1.75 0.95 -0.00221559 0.0346209 
1.8 0.95 -7.97857e-05 0.0334924 
1.85 0.95 0.0020595 0.0344663 
1.9 0.95 0.00411003 0.037457 
1.95 0.95 0.00598625 0.0422125 
2 0.95 0.00761495 0.0483654 
2.05 0.95 0.00893862 0.0554964 
2.1 0.95 0.00991654 0.0631926 
2.15 0.95 0.0105239 0.0710859 
2.2 0.95 0.0107499 0.0788694 
2.25 0.95 0.0105962 0.0862974 
2.3 0.95 0.0100747 0.0931758 
2.35 0.95 0.00920721 0.0993503 
2.4 0.95 0.00802491 0.104696 
2.45 0.95 0.00656803 0.10911 
2.5 0.95 0.00488559 0.112508 
2.55 0.95 0.00303458 0.114828 
2.6 0.95 0.00107843 0.116023 
2.65 0.95 -0.00091517 0.11607 
2.7 0.95 -0.00287699 0.114969 
2.75 0.95 -0.00473912 0.112741 
2.8 0.95 -0.00643768 0.109429 
2.85 0.95 -0.00791509 0.105096 
2.9 0.95 -0.00912163 0.0998233 
2.95 0.95 -0.0100163 0.0937128 
3 0.95 -0.0105673 0.0868871 
3.05 0.95 -0.0107519 0.0794977 
3.1 0.95 -0.0105573 0.071735 
3.15 0.95 -0.00998119 0.0638401 
3.2 0.95 -0.00903307 0.0561144 
3.25 0.95 -0.00773656 0.0489215 
3.3 0.95 -0.00613104 0.0426719 
3.35 0.95 -0.0042726 0.037786 
3.4 0.95 -0.00223326 0.0346383 
3.45 0.95 -9.7728e-05 0.0334925 
3.5 0.95 0.00204204 0.034449 
3.55 0.95 0.00409378 0.0374239 
3.6 0.95 0.00597187 0.0421664 
3.65 0.95 0.00760296 0.0483096 
3.7 0.95 0.00892944 0.0554344 
3.75 0.95 0.00991043 0.0631278 
3.8 0.95 0.010521 0.0710209 
3.85 0.95 0.0107503 0.0788065 
3.9 0.95 0.0105996 0.0862382 
3.95 0.95 0.0100811 0.0931216 
4 0.95 0.00921629 0.099302 
4.05 0.95 0.00803628 0.104654 
4.1 0.95 0.00658124 0.109074 
4.15 0.95 0.00490012 0.112479 
4.2 0.95 0.00304988 0.114804 
4.25 0.95 0.00109396 0.116003 
4.3 0.95 -0.000899877 0.116052 
4.35 0.95 -0.00286222 0.114951 
4.4 0.95 -0.00472492 0.112718 
4.45 0.95 -0.00642375 0.109398 
4.5 0.95 -0.00790072 0.105052 
4.55 0.95 -0.0091056 0.0997625 
4.6 0.95 -0.00999688 0.0936303 
4.65 0.95 -0.0105422 0.0867798 
4.7 0.95 -0.0107187 0.0793647 
4.75 0.95 -0.0105135 0.071579 
4.8 0.95 -0.009925 0.0636683 
4.85 0.95 -0.00896583 0.0559397 
4.9 0.95 -0.00766792 0.048761 
4.95 0.95 -0.0060942 0.0425405 
5 0.95 -0.00435971 0.0376766 
0 1 0 0 
0.05 1 0 0 
0.1 1 0 0 
0.15 1 0 0 
0.2 1 0 0 
0.25 1 0 0 
0.3 1 0 0 
0.35 1 0 0 
0.4 1 0 0 
0.45 1 0 0 
0.5 1 0 0 
0.55 1 0 0 
0.6 1 0 0 
0.65 1 0 0 
0.7 1 0 0 
0.75 1 0 0 
0.8 1 0 0 
0.85 1 0 0 
0.9 1 0 0 
0.95 1 0 0 
1 1 0 0 
1.05 1 0 0 
1.1 1 0 0 
1.15 1 0 0 
1.2 1 0 0 
1.25 1 0 0 
1.3 1 0 0 
1.35 1 0 0 
1.4 1 0 0 
1.45 1 0 0 
1.5 1 0 0 
1.55 1 0 0 
1.6 1 0 0 
1.65 1 0 0 
1.7 1 0 0 
1.75 1 0 0 
1.8 1 0 0 
1.85 1 0 0 
1.9 1 0 0 
1.95 1 0 0 
2 1 0 0 
2.05 1 0 0 
2.1 1 0 0 
2.15 1 0 0 
2.2 1 0 0 
2.25 1 0 0 
2.3 1 0 0 
2.35 1 0 0 
2.4 1 0 0 
2.45 1 0 0 
2.5 1 0 0 
2.55 1 0 0 
2.6 1 0 0 
2.65 1 0 0 
2.7 1 0 0 
2.75 1 0 0 
2.8 1 0 0 
2.85 1 0 0 
2.9 1 0 0 
2.95 1 0 0 
3 1 0 0 
3.05 1 0 0 
3.1 1 0 0 
3.15 1 0 0 
3.2 1 0 0 
3.25 1 0 0 
3.3 1 0 0 
3.35 1 0 0 
3.4 1 0 0 
3.45 1 0 0 
3.5 1 0 0 
3.55 1 0 0 
3.6 1 0 0 
3.65 1 0 0 
3.7 1 0 0 
3.75 1 0 0 
3.8 1 0 0 
3.85 1 0 0 
3.9 1 0 0 
3.95 1 0 0 
4 1 0 0 
4.05 1 0 0 
4.1 1 0 0 
4.15 1 0 0 
4.2 1 0 0 
4.25 1 0 0 
4.3 1 0 0 
4.35 1 0 0 
4.4 1 0 0 
4.45 1 0 0 
4.5 1 0 0 
4.55 1 0 0 
4.6 1 0 0 
4.65 1 0 0 
4.7 1 0 0 
4.75 1 0 0 
4.8 1 0 0 
4.85 1 0 0 
4.9 1 0 0 
4.95 1 0 0 
5 1 0 0 
