x, y, ksi, T
#iter= 40000
0 0 0 1 
0.05 0 0 1 
0.1 0 0 1 
0.15 0 0 1 
0.2 0 0 1 
0.25 0 0 1 
0.3 0 0 1 
0.35 0 0 1 
0.4 0 0 1 
0.45 0 0 1 
0.5 0 0 1 
0.55 0 0 1 
0.6 0 0 1 
0.65 0 0 1 
0.7 0 0 1 
0.75 0 0 1 
0.8 0 0 1 
0.85 0 0 1 
0.9 0 0 1 
0.95 0 0 1 
1 0 0 1 
1.05 0 0 1 
1.1 0 0 1 
1.15 0 0 1 
1.2 0 0 1 
1.25 0 0 1 
1.3 0 0 1 
1.35 0 0 1 
1.4 0 0 1 
1.45 0 0 1 
1.5 0 0 1 
1.55 0 0 1 
1.6 0 0 1 
1.65 0 0 1 
1.7 0 0 1 
1.75 0 0 1 
1.8 0 0 1 
1.85 0 0 1 
1.9 0 0 1 
1.95 0 0 1 
2 0 0 1 
2.05 0 0 1 
2.1 0 0 1 
2.15 0 0 1 
2.2 0 0 1 
2.25 0 0 1 
2.3 0 0 1 
2.35 0 0 1 
2.4 0 0 1 
2.45 0 0 1 
2.5 0 0 1 
2.55 0 0 1 
2.6 0 0 1 
2.65 0 0 1 
2.7 0 0 1 
2.75 0 0 1 
2.8 0 0 1 
2.85 0 0 1 
2.9 0 0 1 
2.95 0 0 1 
3 0 0 1 
3.05 0 0 1 
3.1 0 0 1 
3.15 0 0 1 
3.2 0 0 1 
3.25 0 0 1 
3.3 0 0 1 
3.35 0 0 1 
3.4 0 0 1 
3.45 0 0 1 
3.5 0 0 1 
3.55 0 0 1 
3.6 0 0 1 
3.65 0 0 1 
3.7 0 0 1 
3.75 0 0 1 
3.8 0 0 1 
3.85 0 0 1 
3.9 0 0 1 
3.95 0 0 1 
4 0 0 1 
4.05 0 0 1 
4.1 0 0 1 
4.15 0 0 1 
4.2 0 0 1 
4.25 0 0 1 
4.3 0 0 1 
4.35 0 0 1 
4.4 0 0 1 
4.45 0 0 1 
4.5 0 0 1 
4.55 0 0 1 
4.6 0 0 1 
4.65 0 0 1 
4.7 0 0 1 
4.75 0 0 1 
4.8 0 0 1 
4.85 0 0 1 
4.9 0 0 1 
4.95 0 0 1 
5 0 0 1 
0 0.05 -0.00608494 0.890703 
0.05 0.05 -0.00420089 0.887679 
0.1 0.05 -0.00223266 0.885846 
0.15 0.05 -0.000233466 0.885189 
0.2 0.05 0.00174562 0.885697 
0.25 0.05 0.00364648 0.887347 
0.3 0.05 0.0054095 0.890101 
0.35 0.05 0.00697812 0.893902 
0.4 0.05 0.00830168 0.898673 
0.45 0.05 0.00933703 0.904323 
0.5 0.05 0.0100494 0.910737 
0.55 0.05 0.0104128 0.917779 
0.6 0.05 0.0104105 0.925277 
0.65 0.05 0.0100355 0.933017 
0.7 0.05 0.009292 0.940731 
0.75 0.05 0.00819655 0.948092 
0.8 0.05 0.00678025 0.954721 
0.85 0.05 0.00508989 0.960212 
0.9 0.05 0.00318797 0.964176 
0.95 0.05 0.00115077 0.966301 
1 0.05 -0.000935817 0.966408 
1.05 0.05 -0.00298223 0.964489 
1.1 0.05 -0.0049019 0.960706 
1.15 0.05 -0.00661736 0.95536 
1.2 0.05 -0.00806458 0.948834 
1.25 0.05 -0.00919518 0.941537 
1.3 0.05 -0.00997661 0.93385 
1.35 0.05 -0.0103909 0.926108 
1.4 0.05 -0.010433 0.918585 
1.45 0.05 -0.0101091 0.9115 
1.5 0.05 -0.00943531 0.905029 
1.55 0.05 -0.00843742 0.899311 
1.6 0.05 -0.00715024 0.894462 
1.65 0.05 -0.00561741 0.890576 
1.7 0.05 -0.00389087 0.887728 
1.75 0.05 -0.00202957 0.885973 
1.8 0.05 -9.77581e-05 0.885346 
1.85 0.05 0.00183748 0.885858 
1.9 0.05 0.00370892 0.887499 
1.95 0.05 0.00545192 0.890238 
2 0.05 0.0070069 0.894021 
2.05 0.05 0.0083212 0.898775 
2.1 0.05 0.00935028 0.904408 
2.15 0.05 0.0100584 0.910809 
2.2 0.05 0.010419 0.917838 
2.25 0.05 0.0104149 0.925325 
2.3 0.05 0.0100388 0.933056 
2.35 0.05 0.00929451 0.940762 
2.4 0.05 0.00819866 0.948117 
2.45 0.05 0.00678217 0.954741 
2.5 0.05 0.00509172 0.960229 
2.55 0.05 0.00318977 0.964191 
2.6 0.05 0.00115251 0.966315 
2.65 0.05 -0.0009342 0.966423 
2.7 0.05 -0.00298086 0.964505 
2.75 0.05 -0.00490093 0.960723 
2.8 0.05 -0.00661697 0.955378 
2.85 0.05 -0.00806497 0.948853 
2.9 0.05 -0.00919655 0.941556 
2.95 0.05 -0.00997916 0.93387 
3 0.05 -0.0103948 0.926127 
3.05 0.05 -0.0104384 0.918603 
3.1 0.05 -0.0101161 0.911516 
3.15 0.05 -0.00944409 0.905041 
3.2 0.05 -0.00844789 0.899319 
3.25 0.05 -0.00716228 0.894466 
3.3 0.05 -0.00563084 0.890574 
3.35 0.05 -0.00390537 0.887719 
3.4 0.05 -0.00204477 0.885956 
3.45 0.05 -0.000113182 0.88532 
3.5 0.05 0.00182235 0.885823 
3.55 0.05 0.00369465 0.887455 
3.6 0.05 0.00543909 0.890184 
3.65 0.05 0.00699609 0.893957 
3.7 0.05 0.00831296 0.898702 
3.75 0.05 0.00934514 0.904326 
3.8 0.05 0.0100569 0.910718 
3.85 0.05 0.0104215 0.917741 
3.9 0.05 0.0104217 0.925223 
3.95 0.05 0.0100502 0.932953 
4 0.05 0.00931072 0.940662 
4.05 0.05 0.00821954 0.948025 
4.1 0.05 0.00680743 0.954664 
4.15 0.05 0.00512083 0.960173 
4.2 0.05 0.0032219 0.964164 
4.25 0.05 0.0011866 0.966323 
4.3 0.05 -0.000899406 0.966469 
4.35 0.05 -0.00294675 0.96459 
4.4 0.05 -0.00486897 0.960847 
4.45 0.05 -0.00658866 0.955539 
4.5 0.05 -0.00804189 0.949046 
4.55 0.05 -0.00918049 0.941777 
4.6 0.05 -0.00997231 0.934114 
4.65 0.05 -0.0104001 0.926391 
4.7 0.05 -0.01046 0.918881 
4.75 0.05 -0.0101599 0.911801 
4.8 0.05 -0.00951898 0.905323 
4.85 0.05 -0.00856748 0.899582 
4.9 0.05 -0.00734801 0.894684 
4.95 0.05 -0.00591559 0.890703 
5 0.05 -0.00431934 0.887679 
0 0.1 -0.0205475 0.782453 
0.05 0.1 -0.0144084 0.776495 
0.1 0.1 -0.0077038 0.772817 
0.15 0.1 -0.00076292 0.771486 
0.2 0.1 0.00615741 0.77249 
0.25 0.1 0.0128223 0.775786 
0.3 0.1 0.0190104 0.781289 
0.35 0.1 0.0245177 0.788884 
0.4 0.1 0.029163 0.798416 
0.45 0.1 0.0327924 0.809701 
0.5 0.1 0.0352825 0.822512 
0.55 0.1 0.0365417 0.836578 
0.6 0.1 0.0365125 0.851563 
0.65 0.1 0.0351732 0.867047 
0.7 0.1 0.0325424 0.882501 
0.75 0.1 0.0286832 0.897274 
0.8 0.1 0.0237091 0.910605 
0.85 0.1 0.0177866 0.921668 
0.9 0.1 0.0111349 0.929668 
0.95 0.1 0.00401811 0.933961 
1 0.1 -0.00326818 0.934178 
1.05 0.1 -0.0104166 0.9303 
1.1 0.1 -0.0171295 0.922664 
1.15 0.1 -0.0231387 0.91189 
1.2 0.1 -0.0282202 0.898764 
1.25 0.1 -0.032202 0.884114 
1.3 0.1 -0.0349657 0.868712 
1.35 0.1 -0.0364434 0.853222 
1.4 0.1 -0.036613 0.838184 
1.45 0.1 -0.0354932 0.824029 
1.5 0.1 -0.0331395 0.811102 
1.55 0.1 -0.029642 0.79968 
1.6 0.1 -0.0251238 0.78999 
1.65 0.1 -0.0197396 0.782222 
1.7 0.1 -0.013673 0.776526 
1.75 0.1 -0.00713219 0.773015 
1.8 0.1 -0.0003433 0.771758 
1.85 0.1 0.00645764 0.772783 
1.9 0.1 0.0130342 0.776067 
1.95 0.1 0.0191587 0.781545 
2 0.1 0.024621 0.789108 
2.05 0.1 0.0292348 0.798609 
2.1 0.1 0.0328425 0.809864 
2.15 0.1 0.0353176 0.822648 
2.2 0.1 0.0365666 0.83669 
2.25 0.1 0.0365305 0.851655 
2.3 0.1 0.0351868 0.867121 
2.35 0.1 0.032553 0.88256 
2.4 0.1 0.0286921 0.897322 
2.45 0.1 0.0237169 0.910644 
2.5 0.1 0.0177939 0.921701 
2.55 0.1 0.0111418 0.929697 
2.6 0.1 0.00402459 0.933989 
2.65 0.1 -0.00326238 0.934207 
2.7 0.1 -0.0104119 0.930331 
2.75 0.1 -0.0171264 0.922697 
2.8 0.1 -0.0231378 0.911925 
2.85 0.1 -0.0282222 0.898801 
2.9 0.1 -0.0322075 0.884153 
2.95 0.1 -0.0349755 0.868751 
3 0.1 -0.036458 0.85326 
3.05 0.1 -0.0366331 0.838219 
3.1 0.1 -0.0355191 0.824061 
3.15 0.1 -0.0331713 0.811128 
3.2 0.1 -0.0296796 0.799698 
3.25 0.1 -0.0251668 0.789998 
3.3 0.1 -0.0197873 0.782218 
3.35 0.1 -0.0137244 0.776508 
3.4 0.1 -0.00718583 0.772981 
3.45 0.1 -0.000397563 0.771708 
3.5 0.1 0.0064046 0.772715 
3.55 0.1 0.0129843 0.77598 
3.6 0.1 0.0191141 0.781438 
3.65 0.1 0.0245837 0.788982 
3.7 0.1 0.0292067 0.798464 
3.75 0.1 0.0328254 0.809701 
3.8 0.1 0.0353133 0.822469 
3.85 0.1 0.0365765 0.836497 
3.9 0.1 0.0365558 0.851452 
3.95 0.1 0.0352282 0.866915 
4 0.1 0.032611 0.88236 
4.05 0.1 0.0287662 0.897137 
4.1 0.1 0.0238061 0.910487 
4.15 0.1 0.0178961 0.921587 
4.2 0.1 0.0112542 0.92964 
4.25 0.1 0.00414345 0.934002 
4.3 0.1 -0.00314135 0.934296 
4.35 0.1 -0.0102935 0.9305 
4.4 0.1 -0.0170156 0.922944 
4.45 0.1 -0.0230399 0.912245 
4.5 0.1 -0.0281427 0.899185 
4.55 0.1 -0.0321525 0.884591 
4.6 0.1 -0.0349523 0.869235 
4.65 0.1 -0.0364762 0.85378 
4.7 0.1 -0.0367053 0.838767 
4.75 0.1 -0.0356626 0.824621 
4.8 0.1 -0.0334093 0.811679 
4.85 0.1 -0.030041 0.800206 
4.9 0.1 -0.0256812 0.790409 
4.95 0.1 -0.0204623 0.782453 
5 0.1 -0.0144663 0.776495 
0 0.15 -0.0400608 0.679321 
0.05 0.15 -0.028075 0.670575 
0.1 0.15 -0.0149817 0.665133 
0.15 0.15 -0.00136843 0.663141 
0.2 0.15 0.0122462 0.664616 
0.25 0.15 0.0253803 0.669494 
0.3 0.15 0.0375841 0.677652 
0.35 0.15 0.0484463 0.688906 
0.4 0.15 0.0576035 0.703021 
0.45 0.15 0.0647487 0.719715 
0.5 0.15 0.0696365 0.738649 
0.55 0.15 0.0720872 0.759423 
0.6 0.15 0.0719898 0.781549 
0.65 0.15 0.0693071 0.804415 
0.7 0.15 0.0640821 0.827251 
0.75 0.15 0.0564466 0.849103 
0.8 0.15 0.0466302 0.868847 
0.85 0.15 0.0349645 0.885254 
0.9 0.15 0.0218804 0.897133 
0.95 0.15 0.00789368 0.903513 
1 0.15 -0.00642179 0.903835 
1.05 0.15 -0.02047 0.898071 
1.1 0.15 -0.033673 0.886731 
1.15 0.15 -0.0455078 0.870748 
1.2 0.15 -0.0555341 0.851304 
1.25 0.15 -0.06341 0.829631 
1.3 0.15 -0.0688962 0.806867 
1.35 0.15 -0.0718518 0.783988 
1.4 0.15 -0.0722263 0.76178 
1.45 0.15 -0.0700509 0.740872 
1.5 0.15 -0.0654314 0.721761 
1.55 0.15 -0.0585442 0.704858 
1.6 0.15 -0.0496324 0.690501 
1.65 0.15 -0.0390025 0.678976 
1.7 0.15 -0.0270188 0.670517 
1.75 0.15 -0.0140944 0.665298 
1.8 0.15 -0.000677972 0.66343 
1.85 0.15 0.0127624 0.664954 
1.9 0.15 0.0257576 0.669836 
1.95 0.15 0.0378563 0.677972 
2 0.15 0.0486412 0.689194 
2.05 0.15 0.0577427 0.703273 
2.1 0.15 0.0648483 0.71993 
2.15 0.15 0.0697083 0.738831 
2.2 0.15 0.0721396 0.759575 
2.25 0.15 0.0720289 0.781674 
2.3 0.15 0.0693371 0.804517 
2.35 0.15 0.0641061 0.827333 
2.4 0.15 0.0564667 0.84917 
2.45 0.15 0.0466479 0.868902 
2.5 0.15 0.0349806 0.885301 
2.55 0.15 0.0218953 0.897175 
2.6 0.15 0.00790728 0.903554 
2.65 0.15 -0.00640992 0.903878 
2.7 0.15 -0.0204606 0.898117 
2.75 0.15 -0.0336671 0.88678 
2.8 0.15 -0.0455065 0.870801 
2.85 0.15 -0.0555388 0.85136 
2.9 0.15 -0.0634219 0.829689 
2.95 0.15 -0.0689167 0.806926 
3 0.15 -0.0718821 0.784045 
3.05 0.15 -0.0722673 0.761835 
3.1 0.15 -0.0701033 0.74092 
3.15 0.15 -0.0654955 0.721802 
3.2 0.15 -0.0586198 0.704887 
3.25 0.15 -0.0497185 0.690516 
3.3 0.15 -0.0390977 0.678974 
3.35 0.15 -0.027121 0.670494 
3.4 0.15 -0.0142008 0.665252 
3.45 0.15 -0.000785319 0.663359 
3.5 0.15 0.0126578 0.664855 
3.55 0.15 0.0256596 0.669709 
3.6 0.15 0.037769 0.677817 
3.65 0.15 0.0485686 0.689009 
3.7 0.15 0.0576886 0.703061 
3.75 0.15 0.0648163 0.719691 
3.8 0.15 0.0697017 0.738568 
3.85 0.15 0.0721611 0.759292 
3.9 0.15 0.0720807 0.781377 
3.95 0.15 0.0694207 0.804215 
4 0.15 0.0642218 0.827037 
4.05 0.15 0.0566138 0.848896 
4.1 0.15 0.0468239 0.868669 
4.15 0.15 0.0351817 0.885131 
4.2 0.15 0.0221158 0.897089 
4.25 0.15 0.00813999 0.90357 
4.3 0.15 -0.00617334 0.904007 
4.35 0.15 -0.0202293 0.898363 
4.4 0.15 -0.0334507 0.88714 
4.45 0.15 -0.045315 0.871267 
4.5 0.15 -0.0553822 0.851918 
4.55 0.15 -0.0633115 0.830324 
4.6 0.15 -0.0688653 0.807625 
4.65 0.15 -0.0719055 0.784793 
4.7 0.15 -0.0723857 0.762616 
4.75 0.15 -0.0703422 0.741714 
4.8 0.15 -0.0658858 0.722576 
4.85 0.15 -0.0591934 0.705593 
4.9 0.15 -0.0504949 0.691084 
4.95 0.15 -0.0400472 0.679321 
5 0.15 -0.0280823 0.670575 
0 0.2 -0.0617839 0.586284 
0.05 0.2 -0.0432098 0.575006 
0.1 0.2 -0.0229712 0.567959 
0.15 0.2 -0.00190444 0.565363 
0.2 0.2 0.0191952 0.567267 
0.25 0.2 0.0395701 0.573603 
0.3 0.2 0.0585089 0.5842 
0.35 0.2 0.0753623 0.598804 
0.4 0.2 0.0895589 0.617091 
0.45 0.2 0.100618 0.638673 
0.5 0.2 0.108158 0.663104 
0.55 0.2 0.111902 0.689862 
0.6 0.2 0.111684 0.718324 
0.65 0.2 0.107455 0.747712 
0.7 0.2 0.0992914 0.77705 
0.75 0.2 0.0874072 0.805127 
0.8 0.2 0.0721665 0.830503 
0.85 0.2 0.0540871 0.851601 
0.9 0.2 0.0338355 0.866883 
0.95 0.2 0.0122037 0.875094 
1 0.2 -0.0099304 0.875509 
1.05 0.2 -0.0316563 0.86809 
1.1 0.2 -0.05209 0.853497 
1.15 0.2 -0.0704287 0.832943 
1.2 0.2 -0.0859921 0.807949 
1.25 0.2 -0.0982469 0.780099 
1.3 0.2 -0.106814 0.75085 
1.35 0.2 -0.111465 0.721441 
1.4 0.2 -0.112112 0.692871 
1.45 0.2 -0.108793 0.665935 
1.5 0.2 -0.101667 0.641269 
1.55 0.2 -0.0910019 0.619404 
1.6 0.2 -0.0771743 0.60079 
1.65 0.2 -0.0606609 0.585814 
1.7 0.2 -0.04203 0.574799 
1.75 0.2 -0.021927 0.567994 
1.8 0.2 -0.00105405 0.565556 
1.85 0.2 0.0198564 0.567545 
1.9 0.2 0.0400701 0.573912 
1.95 0.2 0.058881 0.584509 
2 0.2 0.0756369 0.599094 
2.05 0.2 0.089761 0.617353 
2.1 0.2 0.100767 0.638905 
2.15 0.2 0.108268 0.663305 
2.2 0.2 0.111985 0.690034 
2.25 0.2 0.111748 0.718468 
2.3 0.2 0.107506 0.747831 
2.35 0.2 0.0993325 0.777149 
2.4 0.2 0.0874421 0.805208 
2.45 0.2 0.072197 0.83057 
2.5 0.2 0.0541147 0.85166 
2.55 0.2 0.0338606 0.866937 
2.6 0.2 0.0122262 0.875147 
2.65 0.2 -0.00991112 0.875564 
2.7 0.2 -0.0316413 0.868149 
2.75 0.2 -0.0520809 0.853562 
2.8 0.2 -0.0704272 0.833013 
2.85 0.2 -0.0860002 0.808023 
2.9 0.2 -0.0982665 0.780176 
2.95 0.2 -0.106847 0.750929 
3 0.2 -0.111514 0.721519 
3.05 0.2 -0.112178 0.692945 
3.1 0.2 -0.108877 0.666002 
3.15 0.2 -0.101768 0.641327 
3.2 0.2 -0.0911211 0.619447 
3.25 0.2 -0.0773098 0.600815 
3.3 0.2 -0.0608103 0.585816 
3.35 0.2 -0.0421899 0.574775 
3.4 0.2 -0.0220932 0.567939 
3.45 0.2 -0.00122124 0.565469 
3.5 0.2 0.0196939 0.567422 
3.55 0.2 0.0399184 0.573753 
3.6 0.2 0.0587464 0.584312 
3.65 0.2 0.0755255 0.59886 
3.7 0.2 0.0896788 0.617084 
3.75 0.2 0.100719 0.638601 
3.8 0.2 0.108261 0.662971 
3.85 0.2 0.112021 0.689674 
3.9 0.2 0.111831 0.71809 
3.95 0.2 0.107638 0.747446 
4 0.2 0.0995136 0.776771 
4.05 0.2 0.0876709 0.804858 
4.1 0.2 0.0724699 0.830273 
4.15 0.2 0.0544253 0.851442 
4.2 0.2 0.0342003 0.866826 
4.25 0.2 0.0125841 0.875166 
4.3 0.2 -0.00954758 0.875727 
4.35 0.2 -0.0312859 0.868461 
4.4 0.2 -0.0517477 0.854018 
4.45 0.2 -0.0701306 0.833599 
4.5 0.2 -0.0857547 0.808723 
4.55 0.2 -0.0980872 0.780969 
4.6 0.2 -0.106751 0.751796 
4.65 0.2 -0.111519 0.722441 
4.7 0.2 -0.112308 0.6939 
4.75 0.2 -0.109159 0.666962 
4.8 0.2 -0.102231 0.642255 
4.85 0.2 -0.0917883 0.62029 
4.9 0.2 -0.0781826 0.601505 
4.95 0.2 -0.0618307 0.586284 
5 0.2 -0.0431749 0.575006 
0 0.25 -0.0834822 0.507249 
0.05 0.25 -0.058263 0.493747 
0.1 0.25 -0.0308428 0.485289 
0.15 0.25 -0.00229314 0.482163 
0.2 0.25 0.0263213 0.484457 
0.25 0.25 0.0539655 0.492095 
0.3 0.25 0.0796614 0.504853 
0.35 0.25 0.102516 0.522392 
0.4 0.25 0.121745 0.54428 
0.45 0.25 0.136694 0.570019 
0.5 0.25 0.146845 0.599049 
0.55 0.25 0.15183 0.630742 
0.6 0.25 0.151434 0.664358 
0.65 0.25 0.1456 0.698993 
0.7 0.25 0.134448 0.733514 
0.75 0.25 0.118281 0.766513 
0.8 0.25 0.0976021 0.796316 
0.85 0.25 0.0731166 0.821084 
0.9 0.25 0.0457242 0.83902 
0.95 0.25 0.0164876 0.848656 
1 0.25 -0.0134195 0.849141 
1.05 0.25 -0.0427817 0.840434 
1.1 0.25 -0.0704177 0.823307 
1.15 0.25 -0.0952507 0.799176 
1.2 0.25 -0.116363 0.76982 
1.25 0.25 -0.133028 0.737086 
1.3 0.25 -0.144724 0.70267 
1.35 0.25 -0.151127 0.66801 
1.4 0.25 -0.152103 0.634265 
1.45 0.25 -0.147691 0.602359 
1.5 0.25 -0.138093 0.573045 
1.55 0.25 -0.123668 0.546959 
1.6 0.25 -0.104921 0.524664 
1.65 0.25 -0.0824978 0.506657 
1.7 0.25 -0.0571737 0.49337 
1.75 0.25 -0.0298315 0.48514 
1.8 0.25 -0.00143311 0.482189 
1.85 0.25 0.0270167 0.484598 
1.9 0.25 0.0545109 0.492299 
1.95 0.25 0.0800816 0.505086 
2 0.25 0.102837 0.52263 
2.05 0.25 0.12199 0.54451 
2.1 0.25 0.13688 0.570232 
2.15 0.25 0.146989 0.599242 
2.2 0.25 0.151942 0.630912 
2.25 0.25 0.151522 0.664505 
2.3 0.25 0.145672 0.699119 
2.35 0.25 0.134508 0.73362 
2.4 0.25 0.118333 0.766602 
2.45 0.25 0.0976475 0.796393 
2.5 0.25 0.0731573 0.821153 
2.55 0.25 0.0457609 0.839084 
2.6 0.25 0.0165201 0.84872 
2.65 0.25 -0.013392 0.849209 
2.7 0.25 -0.0427607 0.840507 
2.75 0.25 -0.0704051 0.823386 
2.8 0.25 -0.0952489 0.799262 
2.85 0.25 -0.116375 0.769912 
2.9 0.25 -0.133056 0.737182 
2.95 0.25 -0.14477 0.702768 
3 0.25 -0.151194 0.668108 
3.05 0.25 -0.152193 0.634359 
3.1 0.25 -0.147806 0.602447 
3.15 0.25 -0.138233 0.573121 
3.2 0.25 -0.123832 0.547019 
3.25 0.25 -0.105107 0.524702 
3.3 0.25 -0.0827024 0.506669 
3.35 0.25 -0.0573924 0.49335 
3.4 0.25 -0.0300583 0.485084 
3.45 0.25 -0.00166082 0.482093 
3.5 0.25 0.0267959 0.484458 
3.55 0.25 0.0543053 0.492116 
3.6 0.25 0.0798998 0.504858 
3.65 0.25 0.102687 0.522358 
3.7 0.25 0.12188 0.544195 
3.75 0.25 0.136818 0.569878 
3.8 0.25 0.146981 0.598853 
3.85 0.25 0.151994 0.630494 
3.9 0.25 0.151637 0.664066 
3.95 0.25 0.145853 0.698672 
4 0.25 0.134755 0.733182 
4.05 0.25 0.118643 0.766197 
4.1 0.25 0.0980161 0.796049 
4.15 0.25 0.0735757 0.820901 
4.2 0.25 0.0462174 0.838957 
4.25 0.25 0.0170005 0.848742 
4.3 0.25 -0.0129044 0.849398 
4.35 0.25 -0.0422834 0.840867 
4.4 0.25 -0.0699562 0.823911 
4.45 0.25 -0.0948461 0.799934 
4.5 0.25 -0.116035 0.77071 
4.55 0.25 -0.132797 0.738081 
4.6 0.25 -0.144608 0.703744 
4.65 0.25 -0.151149 0.669136 
4.7 0.25 -0.152284 0.635414 
4.75 0.25 -0.148054 0.603496 
4.8 0.25 -0.138658 0.574128 
4.85 0.25 -0.124443 0.547935 
4.9 0.25 -0.105887 0.525473 
4.95 0.25 -0.0835791 0.507249 
5 0.25 -0.0581936 0.493747 
0 0.3 -0.103422 0.443792 
0.05 0.3 -0.0720452 0.428328 
0.1 0.3 -0.0379788 0.418618 
0.15 0.3 -0.00250807 0.415027 
0.2 0.3 0.0330541 0.417687 
0.25 0.3 0.0674137 0.426502 
0.3 0.3 0.0993412 0.441179 
0.35 0.3 0.127714 0.461261 
0.4 0.3 0.15155 0.486185 
0.45 0.3 0.170033 0.515317 
0.5 0.3 0.182526 0.547979 
0.55 0.3 0.188581 0.583439 
0.6 0.3 0.187946 0.620867 
0.65 0.3 0.18057 0.659272 
0.7 0.3 0.166618 0.697425 
0.75 0.3 0.146484 0.733799 
0.8 0.3 0.120802 0.766582 
0.85 0.3 0.0904522 0.793784 
0.9 0.3 0.056545 0.813459 
0.95 0.3 0.0203843 0.824022 
1 0.3 -0.0165952 0.824553 
1.05 0.3 -0.0529093 0.815007 
1.1 0.3 -0.0871142 0.796219 
1.15 0.3 -0.117889 0.769719 
1.2 0.3 -0.144102 0.73743 
1.25 0.3 -0.164849 0.701352 
1.3 0.3 -0.17947 0.663321 
1.35 0.3 -0.187548 0.624894 
1.4 0.3 -0.188897 0.587329 
1.45 0.3 -0.183547 0.551637 
1.5 0.3 -0.171732 0.51866 
1.55 0.3 -0.153884 0.489134 
1.6 0.3 -0.130623 0.463739 
1.65 0.3 -0.102749 0.443108 
1.7 0.3 -0.0712301 0.427807 
1.75 0.3 -0.0371722 0.418296 
1.8 0.3 -0.00178464 0.414878 
1.85 0.3 0.0336676 0.417669 
1.9 0.3 0.0679168 0.426574 
1.95 0.3 0.0997459 0.441306 
2 0.3 0.128036 0.461419 
2.05 0.3 0.151806 0.486356 
2.1 0.3 0.170237 0.51549 
2.15 0.3 0.18269 0.548145 
2.2 0.3 0.188714 0.583593 
2.25 0.3 0.188055 0.621006 
2.3 0.3 0.180661 0.659396 
2.35 0.3 0.166696 0.697533 
2.4 0.3 0.146552 0.733893 
2.45 0.3 0.120863 0.766665 
2.5 0.3 0.0905067 0.79386 
2.55 0.3 0.0565939 0.813533 
2.6 0.3 0.0204273 0.824096 
2.65 0.3 -0.0165591 0.824632 
2.7 0.3 -0.0528819 0.815093 
2.75 0.3 -0.087098 0.796313 
2.8 0.3 -0.117887 0.76982 
2.85 0.3 -0.144117 0.737539 
2.9 0.3 -0.164885 0.701466 
2.95 0.3 -0.179529 0.663439 
3 0.3 -0.187634 0.625012 
3.05 0.3 -0.189012 0.587445 
3.1 0.3 -0.183692 0.551746 
3.15 0.3 -0.171908 0.518757 
3.2 0.3 -0.15409 0.489214 
3.25 0.3 -0.130856 0.463796 
3.3 0.3 -0.103005 0.443135 
3.35 0.3 -0.0715038 0.427797 
3.4 0.3 -0.0374555 0.418243 
3.45 0.3 -0.00206872 0.414779 
3.5 0.3 0.0333927 0.41752 
3.55 0.3 0.0676616 0.426374 
3.6 0.3 0.0995209 0.441056 
3.65 0.3 0.127852 0.46112 
3.7 0.3 0.151672 0.486011 
3.75 0.3 0.170163 0.515102 
3.8 0.3 0.182683 0.54772 
3.85 0.3 0.188781 0.583137 
3.9 0.3 0.1882 0.620529 
3.95 0.3 0.180887 0.658911 
4 0.3 0.167003 0.697059 
4.05 0.3 0.146936 0.733456 
4.1 0.3 0.121317 0.766295 
4.15 0.3 0.0910212 0.793591 
4.2 0.3 0.0571542 0.813398 
4.25 0.3 0.0210162 0.824123 
4.3 0.3 -0.0159613 0.824839 
4.35 0.3 -0.0522958 0.815483 
4.4 0.3 -0.086544 0.796876 
4.45 0.3 -0.117385 0.770539 
4.5 0.3 -0.143685 0.738387 
4.55 0.3 -0.164538 0.702414 
4.6 0.3 -0.179284 0.664459 
4.65 0.3 -0.187504 0.626077 
4.7 0.3 -0.189009 0.588524 
4.75 0.3 -0.183828 0.552811 
4.8 0.3 -0.172188 0.519772 
4.85 0.3 -0.154507 0.490142 
4.9 0.3 -0.131378 0.4646 
4.95 0.3 -0.103559 0.443792 
5 0.3 -0.0719481 0.428328 
0 0.35 -0.120285 0.39501 
0.05 0.35 -0.0836612 0.377736 
0.1 0.35 -0.0439288 0.366854 
0.15 0.35 -0.00255744 0.362833 
0.2 0.35 0.0389248 0.365854 
0.25 0.35 0.0789974 0.375792 
0.3 0.35 0.116211 0.392249 
0.35 0.35 0.149242 0.414614 
0.4 0.35 0.17694 0.442145 
0.45 0.35 0.198353 0.474043 
0.5 0.35 0.212749 0.509488 
0.55 0.35 0.219621 0.547645 
0.6 0.35 0.218696 0.587613 
0.65 0.35 0.209939 0.628353 
0.7 0.35 0.193565 0.668596 
0.75 0.35 0.17005 0.706784 
0.8 0.35 0.140148 0.741072 
0.85 0.35 0.104883 0.769436 
0.9 0.35 0.0655419 0.789907 
0.95 0.35 0.0236214 0.800881 
1 0.35 -0.0192353 0.801432 
1.05 0.35 -0.0613312 0.791513 
1.1 0.35 -0.101014 0.771967 
1.15 0.35 -0.136765 0.744339 
1.2 0.35 -0.167278 0.710578 
1.25 0.35 -0.191498 0.672712 
1.3 0.35 -0.208643 0.632612 
1.35 0.35 -0.21821 0.591867 
1.4 0.35 -0.219958 0.551772 
1.45 0.35 -0.213898 0.513386 
1.5 0.35 -0.200279 0.477617 
1.55 0.35 -0.179587 0.445303 
1.6 0.35 -0.152531 0.41726 
1.65 0.35 -0.120041 0.394287 
1.7 0.35 -0.0832475 0.37713 
1.75 0.35 -0.0434529 0.36641 
1.8 0.35 -0.00208495 0.362548 
1.85 0.35 0.0393595 0.365703 
1.9 0.35 0.0793803 0.375745 
1.95 0.35 0.11654 0.392276 
2 0.35 0.149522 0.414691 
2.05 0.35 0.177176 0.442254 
2.1 0.35 0.198552 0.474168 
2.15 0.35 0.212918 0.50962 
2.2 0.35 0.219765 0.547776 
2.25 0.35 0.21882 0.587738 
2.3 0.35 0.210047 0.628469 
2.35 0.35 0.193659 0.668702 
2.4 0.35 0.170134 0.70688 
2.45 0.35 0.140223 0.741159 
2.5 0.35 0.104951 0.769519 
2.55 0.35 0.0656026 0.789988 
2.6 0.35 0.0236746 0.800965 
2.65 0.35 -0.0191909 0.801522 
2.7 0.35 -0.0612976 0.791611 
2.75 0.35 -0.100994 0.772074 
2.8 0.35 -0.136762 0.744455 
2.85 0.35 -0.167295 0.710702 
2.9 0.35 -0.191539 0.672843 
2.95 0.35 -0.208712 0.632748 
3 0.35 -0.218311 0.592006 
3.05 0.35 -0.220093 0.55191 
3.1 0.35 -0.214068 0.513518 
3.15 0.35 -0.200486 0.477738 
3.2 0.35 -0.179828 0.445407 
3.25 0.35 -0.152804 0.417339 
3.3 0.35 -0.120342 0.394333 
3.35 0.35 -0.0835685 0.377135 
3.4 0.35 -0.0437849 0.366367 
3.45 0.35 -0.00241741 0.362452 
3.5 0.35 0.0390383 0.365551 
3.55 0.35 0.0790829 0.375536 
3.6 0.35 0.116279 0.392012 
3.65 0.35 0.149309 0.414374 
3.7 0.35 0.177023 0.441889 
3.75 0.35 0.198469 0.47376 
3.8 0.35 0.212913 0.509175 
3.85 0.35 0.219846 0.547301 
3.9 0.35 0.218991 0.587244 
3.95 0.35 0.210311 0.627969 
4 0.35 0.194015 0.668216 
4.05 0.35 0.170578 0.706434 
4.1 0.35 0.140747 0.740784 
4.15 0.35 0.105543 0.769248 
4.2 0.35 0.0662459 0.789856 
4.25 0.35 0.02435 0.800997 
4.3 0.35 -0.018505 0.801736 
4.35 0.35 -0.0606236 0.79201 
4.4 0.35 -0.100353 0.772646 
4.45 0.35 -0.136175 0.74518 
4.5 0.35 -0.166778 0.711552 
4.55 0.35 -0.191106 0.673786 
4.6 0.35 -0.208373 0.633753 
4.65 0.35 -0.218072 0.593043 
4.7 0.35 -0.219956 0.55295 
4.75 0.35 -0.214032 0.514533 
4.8 0.35 -0.20054 0.478699 
4.85 0.35 -0.179951 0.446288 
4.9 0.35 -0.152956 0.41812 
4.95 0.35 -0.120455 0.39501 
5 0.35 -0.0835426 0.377736 
0 0.4 -0.133101 0.35824 
0.05 0.4 -0.0924568 0.339202 
0.1 0.4 -0.0483747 0.327159 
0.15 0.4 -0.00246967 0.322717 
0.2 0.4 0.043558 0.326114 
0.25 0.4 0.0880056 0.337181 
0.3 0.4 0.129247 0.355381 
0.35 0.4 0.165802 0.379903 
0.4 0.4 0.196387 0.409781 
0.45 0.4 0.219952 0.444008 
0.5 0.4 0.235698 0.481599 
0.55 0.4 0.243087 0.521604 
0.6 0.4 0.24184 0.563062 
0.65 0.4 0.231947 0.604916 
0.7 0.4 0.213674 0.645912 
0.75 0.4 0.187571 0.684536 
0.8 0.4 0.154483 0.719009 
0.85 0.4 0.115549 0.747391 
0.9 0.4 0.0721783 0.767804 
0.95 0.4 0.0260062 0.778723 
1 0.4 -0.0211822 0.779271 
1.05 0.4 -0.0675447 0.769402 
1.1 0.4 -0.111285 0.749914 
1.15 0.4 -0.15075 0.722278 
1.2 0.4 -0.184503 0.688349 
1.25 0.4 -0.211376 0.650072 
1.3 0.4 -0.230493 0.609248 
1.35 0.4 -0.241272 0.567422 
1.4 0.4 -0.243421 0.525868 
1.45 0.4 -0.23692 0.485659 
1.5 0.4 -0.22202 0.44776 
1.55 0.4 -0.199232 0.413118 
1.6 0.4 -0.16933 0.38271 
1.65 0.4 -0.133335 0.357541 
1.7 0.4 -0.0925048 0.338582 
1.75 0.4 -0.0482968 0.326664 
1.8 0.4 -0.0023161 0.322357 
1.85 0.4 0.0437508 0.325878 
1.9 0.4 0.0882136 0.337049 
1.95 0.4 0.129456 0.35533 
2 0.4 0.166002 0.379913 
2.05 0.4 0.196575 0.409835 
2.1 0.4 0.220125 0.444091 
2.15 0.4 0.235857 0.481699 
2.2 0.4 0.243231 0.521713 
2.25 0.4 0.24197 0.563173 
2.3 0.4 0.232065 0.605023 
2.35 0.4 0.21378 0.646015 
2.4 0.4 0.187667 0.684633 
2.45 0.4 0.15457 0.719101 
2.5 0.4 0.115628 0.747481 
2.55 0.4 0.0722494 0.767894 
2.6 0.4 0.0260684 0.778817 
2.65 0.4 -0.0211303 0.779371 
2.7 0.4 -0.0675054 0.769511 
2.75 0.4 -0.111262 0.750034 
2.8 0.4 -0.150746 0.722408 
2.85 0.4 -0.184521 0.688489 
2.9 0.4 -0.211421 0.65022 
2.95 0.4 -0.230569 0.609404 
3 0.4 -0.241384 0.567582 
3.05 0.4 -0.24357 0.526029 
3.1 0.4 -0.237109 0.485816 
3.15 0.4 -0.22225 0.447908 
3.2 0.4 -0.199502 0.413249 
3.25 0.4 -0.169635 0.382815 
3.3 0.4 -0.13367 0.35761 
3.35 0.4 -0.0928626 0.338606 
3.4 0.4 -0.0486666 0.326635 
3.45 0.4 -0.00268606 0.322268 
3.5 0.4 0.043394 0.325727 
3.55 0.4 0.0878838 0.336835 
3.6 0.4 0.129167 0.355058 
3.65 0.4 0.165768 0.379586 
3.7 0.4 0.196407 0.409459 
3.75 0.4 0.220035 0.443673 
3.8 0.4 0.235854 0.481247 
3.85 0.4 0.243322 0.521235 
3.9 0.4 0.242161 0.562679 
3.95 0.4 0.232357 0.604529 
4 0.4 0.214173 0.645538 
4.05 0.4 0.188154 0.684199 
4.1 0.4 0.155143 0.718739 
4.15 0.4 0.116273 0.747223 
4.2 0.4 0.0729496 0.767772 
4.25 0.4 0.0268029 0.778855 
4.3 0.4 -0.020384 0.779584 
4.35 0.4 -0.0667702 0.7699 
4.4 0.4 -0.110559 0.750587 
4.45 0.4 -0.150094 0.723103 
4.5 0.4 -0.183935 0.689297 
4.55 0.4 -0.210909 0.651109 
4.6 0.4 -0.230135 0.610341 
4.65 0.4 -0.241025 0.568537 
4.7 0.4 -0.243278 0.526973 
4.75 0.4 -0.236868 0.486725 
4.8 0.4 -0.222035 0.448759 
4.85 0.4 -0.19928 0.414027 
4.9 0.4 -0.169363 0.383513 
4.95 0.4 -0.133293 0.35824 
5 0.4 -0.0923225 0.339202 
0 0.45 -0.141189 0.330063 
0.05 0.45 -0.0979779 0.309284 
0.1 0.45 -0.0511039 0.29608 
0.15 0.45 -0.00228207 0.291222 
0.2 0.45 0.0466671 0.295009 
0.25 0.45 0.0939129 0.307218 
0.3 0.45 0.137707 0.327148 
0.35 0.45 0.17646 0.353751 
0.4 0.45 0.208805 0.385802 
0.45 0.45 0.233634 0.422053 
0.5 0.45 0.250116 0.461329 
0.55 0.45 0.257702 0.502557 
0.6 0.45 0.25613 0.544718 
0.65 0.45 0.24542 0.586754 
0.7 0.45 0.225883 0.62747 
0.75 0.45 0.198127 0.665454 
0.8 0.45 0.163062 0.699075 
0.85 0.45 0.121897 0.726572 
0.9 0.45 0.0761125 0.746251 
0.95 0.45 0.0274161 0.756745 
1 0.45 -0.0223357 0.75727 
1.05 0.45 -0.0712297 0.747786 
1.1 0.45 -0.117399 0.729004 
1.15 0.45 -0.159116 0.702243 
1.2 0.45 -0.194874 0.669175 
1.25 0.45 -0.223434 0.631564 
1.3 0.45 -0.243854 0.591059 
1.35 0.45 -0.255494 0.549094 
1.4 0.45 -0.258011 0.506885 
1.45 0.45 -0.251354 0.465498 
1.5 0.45 -0.235756 0.425949 
1.55 0.45 -0.211733 0.389303 
1.6 0.45 -0.180084 0.356722 
1.65 0.45 -0.141888 0.329448 
1.7 0.45 -0.0984829 0.308715 
1.75 0.45 -0.0514318 0.295597 
1.8 0.45 -0.00246524 0.290841 
1.85 0.45 0.0465945 0.294731 
1.9 0.45 0.0939208 0.307034 
1.95 0.45 0.13777 0.327045 
2 0.45 0.17656 0.353713 
2.05 0.45 0.208927 0.385813 
2.1 0.45 0.233767 0.4221 
2.15 0.45 0.250252 0.461402 
2.2 0.45 0.257836 0.502646 
2.25 0.45 0.256258 0.544815 
2.3 0.45 0.245541 0.586855 
2.35 0.45 0.225996 0.62757 
2.4 0.45 0.198231 0.665552 
2.45 0.45 0.163158 0.699171 
2.5 0.45 0.121985 0.726668 
2.55 0.45 0.0761916 0.746349 
2.6 0.45 0.0274855 0.756849 
2.65 0.45 -0.0222776 0.757381 
2.7 0.45 -0.0711855 0.747906 
2.75 0.45 -0.117371 0.729136 
2.8 0.45 -0.159109 0.702386 
2.85 0.45 -0.194892 0.66933 
2.9 0.45 -0.223481 0.631729 
2.95 0.45 -0.243935 0.591233 
3 0.45 -0.255612 0.549276 
3.05 0.45 -0.25817 0.507071 
3.1 0.45 -0.251555 0.465682 
3.15 0.45 -0.236001 0.426125 
3.2 0.45 -0.21202 0.389463 
3.25 0.45 -0.18041 0.356855 
3.3 0.45 -0.142246 0.329543 
3.35 0.45 -0.0988648 0.30876 
3.4 0.45 -0.0518264 0.295583 
3.45 0.45 -0.00285967 0.290761 
3.5 0.45 0.0462146 0.294582 
3.55 0.45 0.0935702 0.306818 
3.6 0.45 0.137464 0.326765 
3.65 0.45 0.176312 0.353378 
3.7 0.45 0.208751 0.385432 
3.75 0.45 0.233674 0.42168 
3.8 0.45 0.250251 0.460952 
3.85 0.45 0.257935 0.502176 
3.9 0.45 0.256461 0.544336 
3.95 0.45 0.24585 0.58638 
4 0.45 0.226408 0.627117 
4.05 0.45 0.198742 0.665144 
4.1 0.45 0.163757 0.698835 
4.15 0.45 0.122657 0.726433 
4.2 0.45 0.0769199 0.746242 
4.25 0.45 0.0282488 0.756891 
4.3 0.45 -0.0215018 0.757584 
4.35 0.45 -0.0704192 0.74827 
4.4 0.45 -0.116635 0.729647 
4.45 0.45 -0.158418 0.703023 
4.5 0.45 -0.194257 0.670062 
4.55 0.45 -0.222907 0.632525 
4.6 0.45 -0.243417 0.592061 
4.65 0.45 -0.255139 0.550105 
4.7 0.45 -0.257723 0.507874 
4.75 0.45 -0.251107 0.466438 
4.8 0.45 -0.235516 0.426818 
4.85 0.45 -0.211456 0.390086 
4.9 0.45 -0.179723 0.357415 
4.95 0.45 -0.141397 0.330063 
5 0.45 -0.0978336 0.309284 
0 0.5 -0.144131 0.307112 
0.05 0.5 -0.099945 0.284701 
0.1 0.5 -0.0519921 0.270399 
0.15 0.5 -0.00203264 0.26515 
0.2 0.5 0.0480527 0.269319 
0.25 0.5 0.0963678 0.282623 
0.3 0.5 0.141102 0.304186 
0.35 0.5 0.180618 0.332713 
0.4 0.5 0.213514 0.366706 
0.45 0.5 0.238667 0.404667 
0.5 0.5 0.255246 0.445229 
0.55 0.5 0.262721 0.487189 
0.6 0.5 0.260856 0.529469 
0.65 0.5 0.249705 0.571024 
0.7 0.5 0.229616 0.610737 
0.75 0.5 0.201234 0.647339 
0.8 0.5 0.165501 0.679399 
0.85 0.5 0.123649 0.705397 
0.9 0.5 0.0771749 0.723885 
0.95 0.5 0.0277912 0.733706 
1 0.5 -0.0226461 0.734196 
1.05 0.5 -0.0722271 0.725321 
1.1 0.5 -0.119086 0.707683 
1.15 0.5 -0.16149 0.682398 
1.2 0.5 -0.197918 0.650893 
1.25 0.5 -0.227107 0.614689 
1.3 0.5 -0.248084 0.575229 
1.35 0.5 -0.260172 0.533799 
1.4 0.5 -0.26299 0.491528 
1.45 0.5 -0.256451 0.449464 
1.5 0.5 -0.240759 0.408676 
1.55 0.5 -0.216411 0.37035 
1.6 0.5 -0.184202 0.335837 
1.65 0.5 -0.145224 0.306628 
1.7 0.5 -0.100846 0.28423 
1.75 0.5 -0.0526808 0.269972 
1.8 0.5 -0.00252403 0.264787 
1.85 0.5 0.0477296 0.26903 
1.9 0.5 0.0961805 0.28241 
1.95 0.5 0.141019 0.304045 
2 0.5 0.180612 0.332635 
2.05 0.5 0.213563 0.366682 
2.1 0.5 0.238752 0.404686 
2.15 0.5 0.255353 0.445279 
2.2 0.5 0.262839 0.487261 
2.25 0.5 0.260977 0.529555 
2.3 0.5 0.249825 0.571119 
2.35 0.5 0.229732 0.610836 
2.4 0.5 0.201343 0.64744 
2.45 0.5 0.165603 0.6795 
2.5 0.5 0.123743 0.7055 
2.55 0.5 0.0772594 0.723992 
2.6 0.5 0.0278654 0.733819 
2.65 0.5 -0.0225839 0.734317 
2.7 0.5 -0.0721793 0.725453 
2.75 0.5 -0.119055 0.707826 
2.8 0.5 -0.161481 0.682554 
2.85 0.5 -0.197935 0.651062 
2.9 0.5 -0.227154 0.61487 
2.95 0.5 -0.248165 0.575421 
3 0.5 -0.260291 0.534001 
3.05 0.5 -0.263151 0.491736 
3.1 0.5 -0.256656 0.449674 
3.15 0.5 -0.241009 0.40888 
3.2 0.5 -0.216704 0.370538 
3.25 0.5 -0.184536 0.335999 
3.3 0.5 -0.145591 0.306749 
3.35 0.5 -0.101237 0.284297 
3.4 0.5 -0.0530856 0.269974 
3.45 0.5 -0.00292849 0.264717 
3.5 0.5 0.0473404 0.268885 
3.55 0.5 0.0958219 0.282193 
3.6 0.5 0.140707 0.303762 
3.65 0.5 0.180361 0.332296 
3.7 0.5 0.213385 0.366297 
3.75 0.5 0.238658 0.404267 
3.8 0.5 0.255354 0.444837 
3.85 0.5 0.262941 0.486806 
3.9 0.5 0.261184 0.529098 
3.95 0.5 0.250138 0.570672 
4 0.5 0.230148 0.610416 
4.05 0.5 0.201857 0.647067 
4.1 0.5 0.166203 0.679198 
4.15 0.5 0.124415 0.705292 
4.2 0.5 0.0779862 0.723902 
4.25 0.5 0.0286263 0.733862 
4.3 0.5 -0.0218102 0.734503 
4.35 0.5 -0.0714134 0.725778 
4.4 0.5 -0.118315 0.708278 
4.45 0.5 -0.160779 0.68311 
4.5 0.5 -0.197278 0.651694 
4.55 0.5 -0.226542 0.615547 
4.6 0.5 -0.247587 0.576111 
4.65 0.5 -0.259728 0.534674 
4.7 0.5 -0.262575 0.492367 
4.75 0.5 -0.25603 0.450243 
4.8 0.5 -0.24029 0.409377 
4.85 0.5 -0.215846 0.370966 
4.9 0.5 -0.183497 0.336375 
4.95 0.5 -0.144345 0.307112 
5 0.5 -0.0997963 0.284701 
0 0.55 -0.141748 0.286498 
0.05 0.55 -0.0982423 0.262751 
0.1 0.55 -0.0509954 0.247543 
0.15 0.55 -0.0017547 0.241975 
0.2 0.55 0.0476052 0.246475 
0.25 0.55 0.0951915 0.260701 
0.3 0.55 0.139199 0.283617 
0.35 0.55 0.178001 0.313699 
0.4 0.55 0.210217 0.349205 
0.45 0.55 0.234751 0.388411 
0.5 0.55 0.250807 0.429771 
0.55 0.55 0.257891 0.471968 
0.6 0.55 0.255803 0.513871 
0.65 0.55 0.244631 0.554454 
0.7 0.55 0.224746 0.592683 
0.75 0.55 0.196804 0.627447 
0.8 0.55 0.161743 0.657536 
0.85 0.55 0.120773 0.681696 
0.9 0.55 0.0753496 0.698751 
0.95 0.55 0.0271266 0.707767 
1 0.55 -0.022109 0.708215 
1.05 0.55 -0.0705215 0.700069 
1.1 0.55 -0.116315 0.683808 
1.15 0.55 -0.157817 0.660329 
1.2 0.55 -0.193548 0.630791 
1.25 0.55 -0.222271 0.596445 
1.3 0.55 -0.243016 0.55851 
1.35 0.55 -0.255097 0.518106 
1.4 0.55 -0.25811 0.47627 
1.45 0.55 -0.251935 0.434025 
1.5 0.55 -0.236739 0.392487 
1.55 0.55 -0.212981 0.35295 
1.6 0.55 -0.181422 0.316942 
1.65 0.55 -0.143123 0.286175 
1.7 0.55 -0.0994342 0.262405 
1.75 0.55 -0.0519586 0.247197 
1.8 0.55 -0.00248856 0.241652 
1.85 0.55 0.0470786 0.246192 
1.9 0.55 0.0948403 0.260471 
1.95 0.55 0.138989 0.283447 
2 0.55 0.177901 0.313589 
2.05 0.55 0.210198 0.349149 
2.1 0.55 0.234788 0.388402 
2.15 0.55 0.250882 0.4298 
2.2 0.55 0.257988 0.472025 
2.25 0.55 0.255913 0.513948 
2.3 0.55 0.244745 0.554544 
2.35 0.55 0.224859 0.592781 
2.4 0.55 0.196913 0.62755 
2.45 0.55 0.161846 0.657643 
2.5 0.55 0.120868 0.681807 
2.55 0.55 0.0754359 0.698866 
2.6 0.55 0.0272027 0.707889 
2.65 0.55 -0.0220449 0.708347 
2.7 0.55 -0.0704718 0.700211 
2.75 0.55 -0.116283 0.683962 
2.8 0.55 -0.157806 0.660496 
2.85 0.55 -0.193562 0.630972 
2.9 0.55 -0.222314 0.59664 
2.95 0.55 -0.243093 0.558719 
3 0.55 -0.255212 0.518326 
3.05 0.55 -0.258266 0.476499 
3.1 0.55 -0.252135 0.434258 
3.15 0.55 -0.236984 0.392715 
3.2 0.55 -0.213269 0.353165 
3.25 0.55 -0.18175 0.317129 
3.3 0.55 -0.143485 0.286319 
3.35 0.55 -0.0998208 0.262493 
3.4 0.55 -0.0523584 0.247214 
3.45 0.55 -0.00288788 0.241591 
3.5 0.55 0.0466946 0.246051 
3.55 0.55 0.094487 0.260254 
3.6 0.55 0.138682 0.283162 
3.65 0.55 0.177654 0.313248 
3.7 0.55 0.210023 0.348767 
3.75 0.55 0.234697 0.38799 
3.8 0.55 0.250883 0.429371 
3.85 0.55 0.258089 0.471589 
3.9 0.55 0.256114 0.513517 
3.95 0.55 0.245049 0.55413 
4 0.55 0.225262 0.592399 
4.05 0.55 0.197409 0.627216 
4.1 0.55 0.162424 0.657377 
4.15 0.55 0.121514 0.681627 
4.2 0.55 0.0761328 0.698791 
4.25 0.55 0.0279315 0.70793 
4.3 0.55 -0.0213039 0.708508 
4.35 0.55 -0.069737 0.700489 
4.4 0.55 -0.115569 0.684343 
4.45 0.55 -0.157123 0.660959 
4.5 0.55 -0.192914 0.631489 
4.55 0.55 -0.221694 0.597182 
4.6 0.55 -0.242486 0.559254 
4.65 0.55 -0.254594 0.518826 
4.7 0.55 -0.257603 0.476939 
4.75 0.55 -0.251384 0.434621 
4.8 0.55 -0.236097 0.392996 
4.85 0.55 -0.2122 0.353373 
4.9 0.55 -0.180461 0.317297 
4.95 0.55 -0.141961 0.286498 
5 0.55 -0.0980951 0.262751 
0 0.6 -0.134113 0.265944 
0.05 0.6 -0.092921 0.241401 
0.1 0.6 -0.048151 0.225642 
0.15 0.6 -0.0014739 0.219889 
0.2 0.6 0.0453115 0.224612 
0.25 0.6 0.0903872 0.239425 
0.3 0.6 0.132023 0.263168 
0.35 0.6 0.168667 0.294149 
0.4 0.6 0.19901 0.330439 
0.45 0.6 0.222025 0.37015 
0.5 0.6 0.236981 0.411607 
0.55 0.6 0.243436 0.453406 
0.6 0.6 0.241231 0.494385 
0.65 0.6 0.23048 0.533538 
0.7 0.6 0.211561 0.569917 
0.75 0.6 0.185113 0.602562 
0.8 0.6 0.152032 0.630477 
0.85 0.6 0.113461 0.652661 
0.9 0.6 0.0707603 0.668198 
0.95 0.6 0.025468 0.676371 
1 0.6 -0.020761 0.676776 
1.05 0.6 -0.0662286 0.669393 
1.1 0.6 -0.109271 0.654588 
1.15 0.6 -0.148336 0.633047 
1.2 0.6 -0.182039 0.605673 
1.25 0.6 -0.209214 0.573459 
1.3 0.6 -0.228935 0.537406 
1.35 0.6 -0.240535 0.498476 
1.4 0.6 -0.243604 0.457613 
1.45 0.6 -0.237999 0.415814 
1.5 0.6 -0.223846 0.374222 
1.55 0.6 -0.201552 0.334214 
1.6 0.6 -0.171815 0.297443 
1.65 0.6 -0.135629 0.265788 
1.7 0.6 -0.0942728 0.241189 
1.75 0.6 -0.0492759 0.225388 
1.8 0.6 -0.00235944 0.219615 
1.85 0.6 0.0446505 0.224343 
1.9 0.6 0.0899225 0.239185 
1.95 0.6 0.131721 0.262974 
2 0.6 0.168494 0.294009 
2.05 0.6 0.198936 0.330354 
2.1 0.6 0.222022 0.370116 
2.15 0.6 0.237027 0.411616 
2.2 0.6 0.243513 0.453449 
2.25 0.6 0.241327 0.494453 
2.3 0.6 0.230585 0.533624 
2.35 0.6 0.211668 0.570015 
2.4 0.6 0.185217 0.602669 
2.45 0.6 0.152132 0.63059 
2.5 0.6 0.113554 0.65278 
2.55 0.6 0.0708447 0.668322 
2.6 0.6 0.0255427 0.676503 
2.65 0.6 -0.0206978 0.676917 
2.7 0.6 -0.0661791 0.669544 
2.75 0.6 -0.109239 0.654751 
2.8 0.6 -0.148323 0.633224 
2.85 0.6 -0.18205 0.605864 
2.9 0.6 -0.209252 0.573666 
2.95 0.6 -0.229006 0.537628 
3 0.6 -0.240641 0.498711 
3.05 0.6 -0.24375 0.457858 
3.1 0.6 -0.238186 0.416065 
3.15 0.6 -0.224076 0.37447 
3.2 0.6 -0.201824 0.334448 
3.25 0.6 -0.172126 0.297649 
3.3 0.6 -0.135972 0.26595 
3.35 0.6 -0.0946394 0.241292 
3.4 0.6 -0.0496553 0.225417 
3.45 0.6 -0.00273848 0.219563 
3.5 0.6 0.0442861 0.224208 
3.55 0.6 0.0895876 0.238971 
3.6 0.6 0.13143 0.262692 
3.65 0.6 0.16826 0.293673 
3.7 0.6 0.198771 0.329979 
3.75 0.6 0.221937 0.369716 
3.8 0.6 0.237029 0.411203 
3.85 0.6 0.243607 0.453036 
3.9 0.6 0.241516 0.494051 
3.95 0.6 0.230868 0.533244 
4 0.6 0.212043 0.56967 
4.05 0.6 0.185677 0.602373 
4.1 0.6 0.152666 0.630357 
4.15 0.6 0.11415 0.652625 
4.2 0.6 0.0714864 0.668258 
4.25 0.6 0.0262127 0.676536 
4.3 0.6 -0.0200169 0.67705 
4.35 0.6 -0.0655032 0.669771 
4.4 0.6 -0.10858 0.655057 
4.45 0.6 -0.147688 0.633589 
4.5 0.6 -0.181439 0.606262 
4.55 0.6 -0.208656 0.574068 
4.6 0.6 -0.228407 0.538004 
4.65 0.6 -0.240011 0.499034 
4.7 0.6 -0.243051 0.458106 
4.75 0.6 -0.237375 0.416221 
4.8 0.6 -0.223105 0.374535 
4.85 0.6 -0.200648 0.33444 
4.9 0.6 -0.170711 0.297609 
4.95 0.6 -0.134314 0.265944 
5 0.6 -0.0927818 0.241401 
0 0.65 -0.121565 0.243754 
0.05 0.65 -0.0842155 0.21921 
0.1 0.65 -0.0435849 0.203424 
0.15 0.65 -0.0012069 0.197677 
0.2 0.65 0.0412645 0.202458 
0.25 0.65 0.0821579 0.217357 
0.3 0.65 0.119886 0.241152 
0.35 0.65 0.153031 0.272062 
0.4 0.65 0.180407 0.308075 
0.45 0.65 0.201092 0.347223 
0.5 0.65 0.214442 0.387778 
0.55 0.65 0.22008 0.428302 
0.6 0.65 0.217889 0.467632 
0.65 0.65 0.207998 0.504795 
0.7 0.65 0.190769 0.538924 
0.75 0.65 0.166799 0.569196 
0.8 0.65 0.136906 0.5948 
0.85 0.65 0.102122 0.614954 
0.9 0.65 0.0636661 0.628965 
0.95 0.65 0.0229094 0.636301 
1 0.65 -0.0186784 0.636663 
1.05 0.65 -0.0595906 0.630038 
1.1 0.65 -0.0983501 0.616694 
1.15 0.65 -0.133573 0.597139 
1.2 0.65 -0.16402 0.572056 
1.25 0.65 -0.188638 0.542216 
1.3 0.65 -0.206584 0.50843 
1.35 0.65 -0.217235 0.471517 
1.4 0.65 -0.220201 0.432337 
1.45 0.65 -0.215324 0.391848 
1.5 0.65 -0.202694 0.351192 
1.55 0.65 -0.182654 0.311776 
1.6 0.65 -0.155817 0.27531 
1.65 0.65 -0.123075 0.243749 
1.7 0.65 -0.0855856 0.219122 
1.75 0.65 -0.0447478 0.203258 
1.8 0.65 -0.00214224 0.197454 
1.85 0.65 0.0405494 0.202209 
1.9 0.65 0.0816404 0.217114 
1.95 0.65 0.119536 0.24094 
2 0.65 0.152817 0.271898 
2.05 0.65 0.180297 0.307965 
2.1 0.65 0.201061 0.347167 
2.15 0.65 0.214465 0.387768 
2.2 0.65 0.220139 0.428332 
2.25 0.65 0.21797 0.467691 
2.3 0.65 0.20809 0.504876 
2.35 0.65 0.190865 0.539022 
2.4 0.65 0.166894 0.569305 
2.45 0.65 0.136998 0.594917 
2.5 0.65 0.102208 0.615078 
2.55 0.65 0.0637449 0.629096 
2.6 0.65 0.0229794 0.636439 
2.65 0.65 -0.0186188 0.63681 
2.7 0.65 -0.0595435 0.630196 
2.75 0.65 -0.0983179 0.616863 
2.8 0.65 -0.133558 0.597322 
2.85 0.65 -0.164027 0.572253 
2.9 0.65 -0.188671 0.542429 
2.95 0.65 -0.206645 0.508658 
3 0.65 -0.217329 0.471759 
3.05 0.65 -0.220331 0.432591 
3.1 0.65 -0.215492 0.392107 
3.15 0.65 -0.202901 0.351449 
3.2 0.65 -0.182899 0.31202 
3.25 0.65 -0.156098 0.275527 
3.3 0.65 -0.123386 0.243921 
3.35 0.65 -0.0859183 0.219235 
3.4 0.65 -0.0450924 0.203296 
3.45 0.65 -0.0024867 0.19741 
3.5 0.65 0.0402182 0.202081 
3.55 0.65 0.0813361 0.216908 
3.6 0.65 0.119272 0.240667 
3.65 0.65 0.152605 0.271573 
3.7 0.65 0.180148 0.307604 
3.75 0.65 0.200983 0.346785 
3.8 0.65 0.214466 0.387379 
3.85 0.65 0.220223 0.427946 
3.9 0.65 0.218139 0.467321 
3.95 0.65 0.208343 0.504531 
4 0.65 0.191199 0.538713 
4.05 0.65 0.167302 0.569043 
4.1 0.65 0.137471 0.594714 
4.15 0.65 0.102734 0.614944 
4.2 0.65 0.0643099 0.629038 
4.25 0.65 0.0235683 0.636462 
4.3 0.65 -0.018021 0.636913 
4.35 0.65 -0.0589498 0.63037 
4.4 0.65 -0.0977382 0.617095 
4.45 0.65 -0.132997 0.597592 
4.5 0.65 -0.163481 0.572537 
4.55 0.65 -0.18813 0.542699 
4.6 0.65 -0.20609 0.508887 
4.65 0.65 -0.216731 0.471921 
4.7 0.65 -0.219652 0.432664 
4.75 0.65 -0.214692 0.39208 
4.8 0.65 -0.201935 0.351325 
4.85 0.65 -0.181726 0.311824 
4.9 0.65 -0.154691 0.275308 
4.95 0.65 -0.121745 0.243754 
5 0.65 -0.084091 0.21921 
0 0.7 -0.10475 0.218759 
0.05 0.7 -0.0725665 0.195213 
0.1 0.7 -0.0375242 0.180056 
0.15 0.7 -0.000961632 0.174551 
0.2 0.7 0.0356762 0.17918 
0.25 0.7 0.0709302 0.193531 
0.3 0.7 0.103418 0.216394 
0.35 0.7 0.13191 0.246008 
0.4 0.7 0.155386 0.280389 
0.45 0.7 0.173061 0.317606 
0.5 0.7 0.184395 0.35596 
0.55 0.7 0.189084 0.394054 
0.6 0.7 0.187047 0.430762 
0.65 0.7 0.178415 0.465169 
0.7 0.7 0.163518 0.496491 
0.75 0.7 0.142879 0.524023 
0.8 0.7 0.117208 0.547107 
0.85 0.7 0.0873909 0.565138 
0.9 0.7 0.0544655 0.577597 
0.95 0.7 0.0195947 0.584093 
1 0.7 -0.0159783 0.584414 
1.05 0.7 -0.0509804 0.578547 
1.1 0.7 -0.0841627 0.566686 
1.15 0.7 -0.114352 0.549203 
1.2 0.7 -0.140492 0.526606 
1.25 0.7 -0.161682 0.49949 
1.3 0.7 -0.177189 0.468507 
1.35 0.7 -0.186468 0.434358 
1.4 0.7 -0.189165 0.397815 
1.45 0.7 -0.185127 0.359776 
1.5 0.7 -0.174407 0.321343 
1.55 0.7 -0.157282 0.283889 
1.6 0.7 -0.134264 0.24909 
1.65 0.7 -0.106111 0.218867 
1.7 0.7 -0.0738211 0.195224 
1.75 0.7 -0.0386073 0.179965 
1.8 0.7 -0.0018481 0.174378 
1.85 0.7 0.0349863 0.178957 
1.9 0.7 0.0704214 0.193295 
1.95 0.7 0.103066 0.216176 
2 0.7 0.131687 0.24583 
2.05 0.7 0.155264 0.280263 
2.1 0.7 0.173015 0.317532 
2.15 0.7 0.184403 0.355936 
2.2 0.7 0.189128 0.394072 
2.25 0.7 0.187114 0.430813 
2.3 0.7 0.178494 0.465244 
2.35 0.7 0.163602 0.496585 
2.4 0.7 0.142963 0.524131 
2.45 0.7 0.117289 0.547224 
2.5 0.7 0.087467 0.565264 
2.55 0.7 0.0545353 0.577729 
2.6 0.7 0.0196569 0.584234 
2.65 0.7 -0.0159251 0.584563 
2.7 0.7 -0.050938 0.578706 
2.75 0.7 -0.0841331 0.566857 
2.8 0.7 -0.114337 0.549386 
2.85 0.7 -0.140496 0.526802 
2.9 0.7 -0.161707 0.499701 
2.95 0.7 -0.177239 0.468733 
3 0.7 -0.186546 0.434598 
3.05 0.7 -0.189275 0.398065 
3.1 0.7 -0.185269 0.360032 
3.15 0.7 -0.174583 0.321597 
3.2 0.7 -0.157492 0.284131 
3.25 0.7 -0.134505 0.249305 
3.3 0.7 -0.106378 0.21904 
3.35 0.7 -0.0741077 0.195338 
3.4 0.7 -0.0389045 0.180009 
3.45 0.7 -0.00214546 0.174342 
3.5 0.7 0.0347004 0.17884 
3.55 0.7 0.0701586 0.193103 
3.6 0.7 0.102838 0.21592 
3.65 0.7 0.131504 0.245526 
3.7 0.7 0.155136 0.279926 
3.75 0.7 0.172948 0.317178 
3.8 0.7 0.184403 0.355578 
3.85 0.7 0.189199 0.39372 
3.9 0.7 0.187256 0.430478 
3.95 0.7 0.178707 0.464936 
4 0.7 0.163883 0.496312 
4.05 0.7 0.143306 0.523902 
4.1 0.7 0.117687 0.547048 
4.15 0.7 0.0879078 0.565146 
4.2 0.7 0.0550077 0.577676 
4.25 0.7 0.0201483 0.584245 
4.3 0.7 -0.0154271 0.584635 
4.35 0.7 -0.0504439 0.578831 
4.4 0.7 -0.0836502 0.567021 
4.45 0.7 -0.113868 0.549571 
4.5 0.7 -0.140037 0.526986 
4.55 0.7 -0.161247 0.499858 
4.6 0.7 -0.176759 0.468838 
4.65 0.7 -0.186019 0.434627 
4.7 0.7 -0.188668 0.398 
4.75 0.7 -0.184545 0.359864 
4.8 0.7 -0.173704 0.321334 
4.85 0.7 -0.156424 0.2838 
4.9 0.7 -0.133229 0.24896 
4.95 0.7 -0.104898 0.218759 
5 0.7 -0.072464 0.195213 
0 0.75 -0.0846542 0.190264 
0.05 0.75 -0.0586516 0.168822 
0.1 0.75 -0.0303138 0.155017 
0.15 0.75 -0.000738857 0.150014 
0.2 0.75 0.0288905 0.154255 
0.25 0.75 0.057382 0.167357 
0.3 0.75 0.0836083 0.188197 
0.35 0.75 0.106572 0.215149 
0.4 0.75 0.12545 0.246378 
0.45 0.75 0.139616 0.280102 
0.5 0.75 0.148646 0.314754 
0.55 0.75 0.15231 0.349043 
0.6 0.75 0.150559 0.381937 
0.65 0.75 0.143512 0.412607 
0.7 0.75 0.131446 0.440363 
0.75 0.75 0.114791 0.464609 
0.8 0.75 0.0941229 0.484812 
0.85 0.75 0.0701524 0.500506 
0.9 0.75 0.0437105 0.511301 
0.95 0.75 0.0157228 0.516914 
1 0.75 -0.0128226 0.517191 
1.05 0.75 -0.0409146 0.512123 
1.1 0.75 -0.0675609 0.501848 
1.15 0.75 -0.0918268 0.486638 
1.2 0.75 -0.11287 0.466871 
1.25 0.75 -0.129963 0.443005 
1.3 0.75 -0.142517 0.415566 
1.35 0.75 -0.150082 0.385141 
1.4 0.75 -0.152362 0.352407 
1.45 0.75 -0.149219 0.318178 
1.5 0.75 -0.140681 0.283465 
1.55 0.75 -0.126956 0.249534 
1.6 0.75 -0.108445 0.217932 
1.65 0.75 -0.0857517 0.190437 
1.7 0.75 -0.0596817 0.168897 
1.75 0.75 -0.0312207 0.154983 
1.8 0.75 -0.00149452 0.149886 
1.85 0.75 0.0282933 0.154064 
1.9 0.75 0.0569352 0.16714 
1.95 0.75 0.0832948 0.187988 
2 0.75 0.10637 0.214972 
2.05 0.75 0.125336 0.246247 
2.1 0.75 0.139568 0.280021 
2.15 0.75 0.148646 0.314721 
2.2 0.75 0.152343 0.349051 
2.25 0.75 0.150612 0.381979 
2.3 0.75 0.143576 0.412675 
2.35 0.75 0.131514 0.44045 
2.4 0.75 0.11486 0.46471 
2.45 0.75 0.0941896 0.484924 
2.5 0.75 0.0702152 0.500627 
2.55 0.75 0.0437681 0.51143 
2.6 0.75 0.0157743 0.51705 
2.65 0.75 -0.0127783 0.517334 
2.7 0.75 -0.0408789 0.512275 
2.75 0.75 -0.0675353 0.502011 
2.8 0.75 -0.0918134 0.486812 
2.85 0.75 -0.112871 0.467057 
2.9 0.75 -0.129982 0.443205 
2.95 0.75 -0.142555 0.415778 
3 0.75 -0.150142 0.385365 
3.05 0.75 -0.152448 0.352641 
3.1 0.75 -0.149332 0.318417 
3.15 0.75 -0.140821 0.283702 
3.2 0.75 -0.127124 0.249759 
3.25 0.75 -0.108638 0.218133 
3.3 0.75 -0.0859667 0.190599 
3.35 0.75 -0.0599129 0.169005 
3.4 0.75 -0.0314609 0.155027 
3.45 0.75 -0.00173506 0.149857 
3.5 0.75 0.0280618 0.153961 
3.55 0.75 0.0567225 0.166968 
3.6 0.75 0.0831101 0.187759 
3.65 0.75 0.106221 0.2147 
3.7 0.75 0.125231 0.245946 
3.75 0.75 0.139513 0.279706 
3.8 0.75 0.148645 0.314403 
3.85 0.75 0.152398 0.348742 
3.9 0.75 0.150724 0.381687 
3.95 0.75 0.143744 0.412407 
4 0.75 0.131736 0.440215 
4.05 0.75 0.115131 0.464514 
4.1 0.75 0.0945024 0.484773 
4.15 0.75 0.0705616 0.500525 
4.2 0.75 0.0441385 0.511379 
4.25 0.75 0.0161586 0.51705 
4.3 0.75 -0.0123898 0.51738 
4.35 0.75 -0.0404943 0.512359 
4.4 0.75 -0.0671598 0.502119 
4.45 0.75 -0.0914483 0.486929 
4.5 0.75 -0.112512 0.467162 
4.55 0.75 -0.129619 0.443275 
4.6 0.75 -0.142172 0.415792 
4.65 0.75 -0.149717 0.385302 
4.7 0.75 -0.151952 0.352487 
4.75 0.75 -0.148734 0.318166 
4.8 0.75 -0.140093 0.283364 
4.85 0.75 -0.126241 0.249364 
4.9 0.75 -0.10759 0.217732 
4.95 0.75 -0.0847594 0.190264 
5 0.75 -0.0585785 0.168822 
0 0.8 -0.0626595 0.158026 
0.05 0.8 -0.0434183 0.139758 
0.1 0.8 -0.0224349 0.128003 
0.15 0.8 -0.000535233 0.123751 
0.2 0.8 0.0213967 0.127377 
0.25 0.8 0.0424712 0.13855 
0.3 0.8 0.0618487 0.156311 
0.35 0.8 0.078789 0.179267 
0.4 0.8 0.0926855 0.205849 
0.45 0.8 0.103082 0.234526 
0.5 0.8 0.109673 0.263952 
0.55 0.8 0.112301 0.293014 
0.6 0.8 0.110939 0.320824 
0.65 0.8 0.105683 0.346672 
0.7 0.8 0.0967459 0.369981 
0.75 0.8 0.084449 0.390261 
0.8 0.8 0.0692177 0.407095 
0.85 0.8 0.0515748 0.420124 
0.9 0.8 0.0321286 0.42906 
0.95 0.8 0.0115553 0.433697 
1 0.8 -0.00942465 0.433926 
1.05 0.8 -0.0300742 0.429739 
1.1 0.8 -0.0496695 0.421235 
1.15 0.8 -0.0675283 0.408612 
1.2 0.8 -0.0830334 0.392147 
1.25 0.8 -0.0956516 0.372191 
1.3 0.8 -0.104945 0.349156 
1.35 0.8 -0.110581 0.323521 
1.4 0.8 -0.112332 0.295853 
1.45 0.8 -0.110087 0.266846 
1.5 0.8 -0.103858 0.237371 
1.55 0.8 -0.0937858 0.208521 
1.6 0.8 -0.080159 0.181626 
1.65 0.8 -0.0634175 0.158211 
1.7 0.8 -0.044155 0.139862 
1.75 0.8 -0.0231042 0.128007 
1.8 0.8 -0.0011061 0.123664 
1.85 0.8 0.0209381 0.127224 
1.9 0.8 0.0421243 0.138365 
1.95 0.8 0.0616032 0.156126 
2 0.8 0.0786294 0.179107 
2.05 0.8 0.0925946 0.205726 
2.1 0.8 0.103043 0.234448 
2.15 0.8 0.109672 0.263916 
2.2 0.8 0.112325 0.293016 
2.25 0.8 0.110978 0.320857 
2.3 0.8 0.105731 0.34673 
2.35 0.8 0.0967975 0.370057 
2.4 0.8 0.0845009 0.390352 
2.45 0.8 0.0692679 0.407195 
2.5 0.8 0.051622 0.420232 
2.55 0.8 0.032172 0.429175 
2.6 0.8 0.0115941 0.43382 
2.65 0.8 -0.00939105 0.434055 
2.7 0.8 -0.0300468 0.429875 
2.75 0.8 -0.0496495 0.42138 
2.8 0.8 -0.067517 0.408766 
2.85 0.8 -0.0830327 0.392312 
2.9 0.8 -0.0956634 0.372367 
2.95 0.8 -0.104972 0.349343 
3 0.8 -0.110624 0.323717 
3.05 0.8 -0.112393 0.296057 
3.1 0.8 -0.110169 0.267054 
3.15 0.8 -0.10396 0.237577 
3.2 0.8 -0.0939084 0.208716 
3.25 0.8 -0.0803008 0.1818 
3.3 0.8 -0.0635757 0.158352 
3.35 0.8 -0.0443255 0.139957 
3.4 0.8 -0.0232817 0.128046 
3.45 0.8 -0.00128413 0.12364 
3.5 0.8 0.0207667 0.127138 
3.55 0.8 0.0419666 0.138221 
3.6 0.8 0.0614662 0.155933 
3.65 0.8 0.0785193 0.178877 
3.7 0.8 0.0925167 0.205473 
3.75 0.8 0.103001 0.234183 
3.8 0.8 0.10967 0.26365 
3.85 0.8 0.112364 0.292758 
3.9 0.8 0.111059 0.320614 
3.95 0.8 0.105853 0.346509 
4 0.8 0.096958 0.369863 
4.05 0.8 0.0846965 0.39019 
4.1 0.8 0.0694934 0.40707 
4.15 0.8 0.0518713 0.420147 
4.2 0.8 0.0324378 0.42913 
4.25 0.8 0.0118692 0.433812 
4.3 0.8 -0.00911386 0.43408 
4.35 0.8 -0.0297732 0.429927 
4.4 0.8 -0.0493832 0.421446 
4.45 0.8 -0.0672586 0.408832 
4.5 0.8 -0.0827786 0.392361 
4.55 0.8 -0.0954056 0.372381 
4.6 0.8 -0.104697 0.349303 
4.65 0.8 -0.110315 0.323608 
4.7 0.8 -0.11203 0.295867 
4.75 0.8 -0.109728 0.266781 
4.8 0.8 -0.103421 0.237233 
4.85 0.8 -0.0932589 0.208329 
4.9 0.8 -0.0795378 0.181414 
4.95 0.8 -0.0627112 0.158026 
5 0.8 -0.0433822 0.139758 
0 0.85 -0.0405906 0.122218 
0.05 0.85 -0.0281214 0.108007 
0.1 0.85 -0.0145265 0.0988733 
0.15 0.85 -0.000347939 0.0955761 
0.2 0.85 0.0138417 0.0983991 
0.25 0.85 0.0274652 0.107087 
0.3 0.85 0.0399775 0.120898 
0.35 0.85 0.0508991 0.138755 
0.4 0.85 0.0598399 0.159439 
0.45 0.85 0.0665093 0.181758 
0.5 0.85 0.0707171 0.204655 
0.55 0.85 0.0723671 0.227255 
0.6 0.85 0.0714488 0.248857 
0.65 0.85 0.0680296 0.268903 
0.7 0.85 0.0622496 0.286941 
0.75 0.85 0.0543176 0.302601 
0.8 0.85 0.044508 0.315568 
0.85 0.85 0.0331561 0.325583 
0.9 0.85 0.0206516 0.33244 
0.95 0.85 0.00742681 0.335994 
1 0.85 -0.00605782 0.336169 
1.05 0.85 -0.0193314 0.33296 
1.1 0.85 -0.0319314 0.326436 
1.15 0.85 -0.0434214 0.316734 
1.2 0.85 -0.0534065 0.304054 
1.25 0.85 -0.0615443 0.288648 
1.3 0.85 -0.0675531 0.270824 
1.35 0.85 -0.0712159 0.250947 
1.4 0.85 -0.072384 0.229457 
1.45 0.85 -0.0709806 0.206901 
1.5 0.85 -0.067006 0.183966 
1.55 0.85 -0.0605456 0.161512 
1.6 0.85 -0.0517788 0.140584 
1.65 0.85 -0.0409856 0.122372 
1.7 0.85 -0.0285479 0.108108 
1.75 0.85 -0.0149417 0.0988959 
1.8 0.85 -0.000715474 0.0955219 
1.85 0.85 0.0135409 0.0982877 
1.9 0.85 0.0272357 0.106945 
1.95 0.85 0.0398146 0.120752 
2 0.85 0.0507933 0.138626 
2.05 0.85 0.0597799 0.159339 
2.1 0.85 0.0664841 0.181692 
2.15 0.85 0.0707167 0.204624 
2.2 0.85 0.0723833 0.227255 
2.25 0.85 0.0714751 0.248882 
2.3 0.85 0.0680615 0.268948 
2.35 0.85 0.0622838 0.287002 
2.4 0.85 0.0543519 0.302674 
2.45 0.85 0.044541 0.31565 
2.5 0.85 0.0331871 0.325672 
2.55 0.85 0.0206801 0.332534 
2.6 0.85 0.00745235 0.336094 
2.65 0.85 -0.00603564 0.336274 
2.7 0.85 -0.0193131 0.333071 
2.75 0.85 -0.0319177 0.326554 
2.8 0.85 -0.0434133 0.316859 
2.85 0.85 -0.053405 0.304186 
2.9 0.85 -0.0615508 0.288789 
2.95 0.85 -0.0675688 0.270973 
3 0.85 -0.0712423 0.251103 
3.05 0.85 -0.0724223 0.229619 
3.1 0.85 -0.0710317 0.207066 
3.15 0.85 -0.0670706 0.184128 
3.2 0.85 -0.0606237 0.161666 
3.25 0.85 -0.0518695 0.140721 
3.3 0.85 -0.0410871 0.122483 
3.35 0.85 -0.0286578 0.108182 
3.4 0.85 -0.0150562 0.098927 
3.45 0.85 -0.000830584 0.0955047 
3.5 0.85 0.0134299 0.0982216 
3.55 0.85 0.0271335 0.106834 
3.6 0.85 0.0397257 0.120603 
3.65 0.85 0.0507217 0.138448 
3.7 0.85 0.0597291 0.159143 
3.75 0.85 0.0664566 0.181487 
3.8 0.85 0.0707145 0.204418 
3.85 0.85 0.0724075 0.227056 
3.9 0.85 0.0715259 0.248695 
3.95 0.85 0.0681383 0.268778 
4 0.85 0.0623851 0.286854 
4.05 0.85 0.0544754 0.30255 
4.1 0.85 0.0446832 0.315554 
4.15 0.85 0.033344 0.325605 
4.2 0.85 0.020847 0.332496 
4.25 0.85 0.00762452 0.336083 
4.3 0.85 -0.00586281 0.336287 
4.35 0.85 -0.0191434 0.3331 
4.4 0.85 -0.0317533 0.326591 
4.45 0.85 -0.0432545 0.316893 
4.5 0.85 -0.0532493 0.304203 
4.55 0.85 -0.0613927 0.288775 
4.6 0.85 -0.0673997 0.270915 
4.65 0.85 -0.0710504 0.250989 
4.7 0.85 -0.072194 0.229441 
4.75 0.85 -0.0707529 0.206825 
4.8 0.85 -0.0667296 0.183836 
4.85 0.85 -0.0602158 0.161345 
4.9 0.85 -0.0514012 0.140408 
4.95 0.85 -0.0405782 0.122218 
5 0.85 -0.0281297 0.108007 
0 0.9 -0.0207768 0.0833715 
0.05 0.9 -0.0143648 0.0737808 
0.1 0.9 -0.00741121 0.0676322 
0.15 0.9 -0.000180985 0.065417 
0.2 0.9 0.00704468 0.0673195 
0.25 0.9 0.0139749 0.0731699 
0.3 0.9 0.020332 0.0824768 
0.35 0.9 0.025872 0.0945245 
0.4 0.9 0.0303975 0.108497 
0.45 0.9 0.0337636 0.123592 
0.5 0.9 0.035877 0.13909 
0.55 0.9 0.0366927 0.154394 
0.6 0.9 0.0362084 0.16902 
0.65 0.9 0.0344607 0.182585 
0.7 0.9 0.0315217 0.19478 
0.75 0.9 0.0274977 0.205355 
0.8 0.9 0.0225271 0.214101 
0.85 0.9 0.0167791 0.220848 
0.9 0.9 0.0104501 0.225463 
0.95 0.9 0.00375792 0.227853 
1 0.9 -0.00306531 0.227971 
1.05 0.9 -0.00978215 0.225812 
1.1 0.9 -0.0161594 0.221422 
1.15 0.9 -0.0219772 0.214887 
1.2 0.9 -0.0270363 0.206335 
1.25 0.9 -0.0311644 0.195932 
1.3 0.9 -0.034219 0.183883 
1.35 0.9 -0.0360899 0.170432 
1.4 0.9 -0.0367007 0.155882 
1.45 0.9 -0.03601 0.140609 
1.5 0.9 -0.0340149 0.125083 
1.55 0.9 -0.0307553 0.109896 
1.6 0.9 -0.0263183 0.0957581 
1.65 0.9 -0.0208438 0.0834709 
1.7 0.9 -0.0145248 0.0738592 
1.75 0.9 -0.00760433 0.0676586 
1.8 0.9 -0.000364248 0.0653889 
1.85 0.9 0.0068914 0.0672495 
1.9 0.9 0.0138575 0.0730767 
1.95 0.9 0.0202491 0.0823788 
2 0.9 0.0258187 0.0944362 
2.05 0.9 0.030368 0.108428 
2.1 0.9 0.0337519 0.123546 
2.15 0.9 0.035878 0.139068 
2.2 0.9 0.036702 0.154392 
2.25 0.9 0.0362227 0.169036 
2.3 0.9 0.0344776 0.182615 
2.35 0.9 0.0315396 0.194822 
2.4 0.9 0.0275154 0.205406 
2.45 0.9 0.0225441 0.214158 
2.5 0.9 0.0167951 0.22091 
2.55 0.9 0.0104647 0.225528 
2.6 0.9 0.00377104 0.227923 
2.65 0.9 -0.00305384 0.228044 
2.7 0.9 -0.00977259 0.22589 
2.75 0.9 -0.0161521 0.221504 
2.8 0.9 -0.0219726 0.214973 
2.85 0.9 -0.027035 0.206427 
2.9 0.9 -0.031167 0.19603 
2.95 0.9 -0.0342262 0.183985 
3 0.9 -0.0361025 0.17054 
3.05 0.9 -0.0367192 0.155994 
3.1 0.9 -0.0360351 0.140721 
3.15 0.9 -0.034047 0.125194 
3.2 0.9 -0.0307942 0.110001 
3.25 0.9 -0.0263639 0.0958511 
3.3 0.9 -0.020895 0.0835458 
3.35 0.9 -0.0145804 0.0739098 
3.4 0.9 -0.00766249 0.0676798 
3.45 0.9 -0.000422805 0.0653775 
3.5 0.9 0.00683483 0.0672052 
3.55 0.9 0.0138054 0.0730021 
3.6 0.9 0.0202037 0.0822787 
3.65 0.9 0.0257821 0.0943169 
3.7 0.9 0.0303418 0.108296 
3.75 0.9 0.0337376 0.123407 
3.8 0.9 0.0358764 0.138929 
3.85 0.9 0.0367137 0.154258 
3.9 0.9 0.0362478 0.16891 
3.95 0.9 0.0345157 0.182501 
4 0.9 0.03159 0.194722 
4.05 0.9 0.0275768 0.205322 
4.1 0.9 0.0226148 0.214093 
4.15 0.9 0.0168729 0.220864 
4.2 0.9 0.0105474 0.225502 
4.25 0.9 0.00385596 0.227913 
4.3 0.9 -0.00296903 0.228049 
4.35 0.9 -0.00968982 0.225905 
4.4 0.9 -0.0160726 0.221522 
4.45 0.9 -0.0218964 0.214988 
4.5 0.9 -0.0269609 0.206429 
4.55 0.9 -0.031092 0.19601 
4.6 0.9 -0.0341458 0.183935 
4.65 0.9 -0.0360106 0.170451 
4.7 0.9 -0.0366086 0.155862 
4.75 0.9 -0.0358985 0.140549 
4.8 0.9 -0.0338795 0.12499 
4.85 0.9 -0.0305964 0.109783 
4.9 0.9 -0.0261476 0.0956428 
4.95 0.9 -0.0206898 0.0833715 
5 0.9 -0.014425 0.0737808 
0 0.95 -0.00613103 0.0422946 
0.05 0.95 -0.00415821 0.037525 
0.1 0.95 -0.00213078 0.0344818 
0.15 0.95 -5.25859e-05 0.0333877 
0.2 0.95 0.00201727 0.0343301 
0.25 0.95 0.00399988 0.0372275 
0.3 0.95 0.00581593 0.0418425 
0.35 0.95 0.00739544 0.047827 
0.4 0.95 0.00868238 0.0547812 
0.45 0.95 0.00963634 0.0623079 
0.5 0.95 0.0102321 0.0700486 
0.55 0.95 0.010458 0.0777012 
0.6 0.95 0.0103145 0.0850206 
0.65 0.95 0.00981261 0.0918113 
0.7 0.95 0.00897313 0.0979166 
0.75 0.95 0.00782612 0.103209 
0.8 0.95 0.00641072 0.107585 
0.85 0.95 0.00477471 0.110959 
0.9 0.95 0.00297364 0.113265 
0.95 0.95 0.00106934 0.11446 
1 0.95 -0.000872227 0.114519 
1.05 0.95 -0.00278356 0.11344 
1.1 0.95 -0.00459837 0.111245 
1.15 0.95 -0.00625427 0.107977 
1.2 0.95 -0.00769489 0.103699 
1.25 0.95 -0.00887148 0.0984928 
1.3 0.95 -0.00974385 0.0924605 
1.35 0.95 -0.0102808 0.0857269 
1.4 0.95 -0.0104603 0.0784452 
1.45 0.95 -0.0102701 0.0708067 
1.5 0.95 -0.00970826 0.0630517 
1.55 0.95 -0.00878485 0.0554779 
1.6 0.95 -0.0075234 0.0484403 
1.65 0.95 -0.00596269 0.0423364 
1.7 0.95 -0.00415744 0.0375703 
1.75 0.95 -0.00217742 0.0345 
1.8 0.95 -0.000104351 0.0333771 
1.85 0.95 0.00197326 0.0342976 
1.9 0.95 0.00396654 0.0371827 
1.95 0.95 0.00579284 0.0417946 
2 0.95 0.00738102 0.0477833 
2.05 0.95 0.0086748 0.0547465 
2.1 0.95 0.00963381 0.0622845 
2.15 0.95 0.010233 0.0700368 
2.2 0.95 0.0104612 0.0777 
2.25 0.95 0.010319 0.0850285 
2.3 0.95 0.00981773 0.0918266 
2.35 0.95 0.00897842 0.0979376 
2.4 0.95 0.0078313 0.103235 
2.45 0.95 0.00641563 0.107613 
2.5 0.95 0.00477927 0.11099 
2.55 0.95 0.00297782 0.113299 
2.6 0.95 0.0010731 0.114495 
2.65 0.95 -0.000868922 0.114556 
2.7 0.95 -0.00278076 0.113479 
2.75 0.95 -0.00459619 0.111287 
2.8 0.95 -0.00625281 0.108021 
2.85 0.95 -0.00769432 0.103746 
2.9 0.95 -0.00887199 0.098542 
2.95 0.95 -0.00974565 0.0925124 
3 0.95 -0.0102841 0.0857811 
3.05 0.95 -0.0104653 0.0785011 
3.1 0.95 -0.010277 0.0708633 
3.15 0.95 -0.00971713 0.0631073 
3.2 0.95 -0.00879572 0.0555302 
3.25 0.95 -0.0075362 0.0484866 
3.3 0.95 -0.00597718 0.0423736 
3.35 0.95 -0.00417325 0.0375953 
3.4 0.95 -0.00219402 0.0345104 
3.45 0.95 -0.000121104 0.0333713 
3.5 0.95 0.00195704 0.0342756 
3.55 0.95 0.00395157 0.0371457 
3.6 0.95 0.00577977 0.0417448 
3.65 0.95 0.00737046 0.0477239 
3.7 0.95 0.00866722 0.0546808 
3.75 0.95 0.00962958 0.0622156 
3.8 0.95 0.0102324 0.0699676 
3.85 0.95 0.0104643 0.0776329 
3.9 0.95 0.0103259 0.0849656 
3.95 0.95 0.00982833 0.0917694 
4 0.95 0.00899248 0.0978877 
4.05 0.95 0.00784846 0.103193 
4.1 0.95 0.00643539 0.107581 
4.15 0.95 0.00480102 0.110967 
4.2 0.95 0.00300085 0.113285 
4.25 0.95 0.00109667 0.11449 
4.3 0.95 -0.00084552 0.114557 
4.35 0.95 -0.00275813 0.113485 
4.4 0.95 -0.00457468 0.111294 
4.45 0.95 -0.0062325 0.108027 
4.5 0.95 -0.00767485 0.103744 
4.55 0.95 -0.00885252 0.0985298 
4.6 0.95 -0.00972483 0.0924846 
4.65 0.95 -0.0102601 0.0857342 
4.7 0.95 -0.0104359 0.0784333 
4.75 0.95 -0.01024 0.0707758 
4.8 0.95 -0.00967112 0.0630053 
4.85 0.95 -0.00874197 0.0554235 
4.9 0.95 -0.007484 0.0483884 
4.95 0.95 -0.00595869 0.0422946 
5 0.95 -0.00427809 0.037525 
0 1 0 0 
0.05 1 0 0 
0.1 1 0 0 
0.15 1 0 0 
0.2 1 0 0 
0.25 1 0 0 
0.3 1 0 0 
0.35 1 0 0 
0.4 1 0 0 
0.45 1 0 0 
0.5 1 0 0 
0.55 1 0 0 
0.6 1 0 0 
0.65 1 0 0 
0.7 1 0 0 
0.75 1 0 0 
0.8 1 0 0 
0.85 1 0 0 
0.9 1 0 0 
0.95 1 0 0 
1 1 0 0 
1.05 1 0 0 
1.1 1 0 0 
1.15 1 0 0 
1.2 1 0 0 
1.25 1 0 0 
1.3 1 0 0 
1.35 1 0 0 
1.4 1 0 0 
1.45 1 0 0 
1.5 1 0 0 
1.55 1 0 0 
1.6 1 0 0 
1.65 1 0 0 
1.7 1 0 0 
1.75 1 0 0 
1.8 1 0 0 
1.85 1 0 0 
1.9 1 0 0 
1.95 1 0 0 
2 1 0 0 
2.05 1 0 0 
2.1 1 0 0 
2.15 1 0 0 
2.2 1 0 0 
2.25 1 0 0 
2.3 1 0 0 
2.35 1 0 0 
2.4 1 0 0 
2.45 1 0 0 
2.5 1 0 0 
2.55 1 0 0 
2.6 1 0 0 
2.65 1 0 0 
2.7 1 0 0 
2.75 1 0 0 
2.8 1 0 0 
2.85 1 0 0 
2.9 1 0 0 
2.95 1 0 0 
3 1 0 0 
3.05 1 0 0 
3.1 1 0 0 
3.15 1 0 0 
3.2 1 0 0 
3.25 1 0 0 
3.3 1 0 0 
3.35 1 0 0 
3.4 1 0 0 
3.45 1 0 0 
3.5 1 0 0 
3.55 1 0 0 
3.6 1 0 0 
3.65 1 0 0 
3.7 1 0 0 
3.75 1 0 0 
3.8 1 0 0 
3.85 1 0 0 
3.9 1 0 0 
3.95 1 0 0 
4 1 0 0 
4.05 1 0 0 
4.1 1 0 0 
4.15 1 0 0 
4.2 1 0 0 
4.25 1 0 0 
4.3 1 0 0 
4.35 1 0 0 
4.4 1 0 0 
4.45 1 0 0 
4.5 1 0 0 
4.55 1 0 0 
4.6 1 0 0 
4.65 1 0 0 
4.7 1 0 0 
4.75 1 0 0 
4.8 1 0 0 
4.85 1 0 0 
4.9 1 0 0 
4.95 1 0 0 
5 1 0 0 
