x, y, ksi, T
#iter= 420000
0 0 0 1 
0.05 0 0 1 
0.1 0 0 1 
0.15 0 0 1 
0.2 0 0 1 
0.25 0 0 1 
0.3 0 0 1 
0.35 0 0 1 
0.4 0 0 1 
0.45 0 0 1 
0.5 0 0 1 
0.55 0 0 1 
0.6 0 0 1 
0.65 0 0 1 
0.7 0 0 1 
0.75 0 0 1 
0.8 0 0 1 
0.85 0 0 1 
0.9 0 0 1 
0.95 0 0 1 
1 0 0 1 
1.05 0 0 1 
1.1 0 0 1 
1.15 0 0 1 
1.2 0 0 1 
1.25 0 0 1 
1.3 0 0 1 
1.35 0 0 1 
1.4 0 0 1 
1.45 0 0 1 
1.5 0 0 1 
1.55 0 0 1 
1.6 0 0 1 
1.65 0 0 1 
1.7 0 0 1 
1.75 0 0 1 
1.8 0 0 1 
1.85 0 0 1 
1.9 0 0 1 
1.95 0 0 1 
2 0 0 1 
2.05 0 0 1 
2.1 0 0 1 
2.15 0 0 1 
2.2 0 0 1 
2.25 0 0 1 
2.3 0 0 1 
2.35 0 0 1 
2.4 0 0 1 
2.45 0 0 1 
2.5 0 0 1 
2.55 0 0 1 
2.6 0 0 1 
2.65 0 0 1 
2.7 0 0 1 
2.75 0 0 1 
2.8 0 0 1 
2.85 0 0 1 
2.9 0 0 1 
2.95 0 0 1 
3 0 0 1 
3.05 0 0 1 
3.1 0 0 1 
3.15 0 0 1 
3.2 0 0 1 
3.25 0 0 1 
3.3 0 0 1 
3.35 0 0 1 
3.4 0 0 1 
3.45 0 0 1 
3.5 0 0 1 
3.55 0 0 1 
3.6 0 0 1 
3.65 0 0 1 
3.7 0 0 1 
3.75 0 0 1 
3.8 0 0 1 
3.85 0 0 1 
3.9 0 0 1 
3.95 0 0 1 
4 0 0 1 
4.05 0 0 1 
4.1 0 0 1 
4.15 0 0 1 
4.2 0 0 1 
4.25 0 0 1 
4.3 0 0 1 
4.35 0 0 1 
4.4 0 0 1 
4.45 0 0 1 
4.5 0 0 1 
4.55 0 0 1 
4.6 0 0 1 
4.65 0 0 1 
4.7 0 0 1 
4.75 0 0 1 
4.8 0 0 1 
4.85 0 0 1 
4.9 0 0 1 
4.95 0 0 1 
5 0 0 1 
0 0.05 -0.00621216 0.889185 
0.05 0.05 -0.00427606 0.886145 
0.1 0.05 -0.00225383 0.884312 
0.15 0.05 -0.00020104 0.883668 
0.2 0.05 0.00182974 0.884201 
0.25 0.05 0.00377895 0.885888 
0.3 0.05 0.00558562 0.888689 
0.35 0.05 0.007192 0.892547 
0.4 0.05 0.00854642 0.897386 
0.45 0.05 0.00960498 0.903113 
0.5 0.05 0.0103323 0.909618 
0.55 0.05 0.0107018 0.916763 
0.6 0.05 0.0106963 0.924379 
0.65 0.05 0.0103084 0.932251 
0.7 0.05 0.00954181 0.940108 
0.75 0.05 0.0084131 0.947616 
0.8 0.05 0.0069538 0.954387 
0.85 0.05 0.00521183 0.959997 
0.9 0.05 0.00325168 0.964042 
0.95 0.05 0.00115241 0.966196 
1 0.05 -0.000996755 0.966274 
1.05 0.05 -0.00310279 0.964269 
1.1 0.05 -0.00507597 0.960356 
1.15 0.05 -0.00683633 0.95485 
1.2 0.05 -0.00831827 0.948155 
1.25 0.05 -0.00947267 0.940691 
1.3 0.05 -0.010267 0.932854 
1.35 0.05 -0.0106836 0.924982 
1.4 0.05 -0.0107183 0.917349 
1.45 0.05 -0.0103779 0.910176 
1.5 0.05 -0.00967955 0.903633 
1.55 0.05 -0.00864963 0.89786 
1.6 0.05 -0.00732392 0.892971 
1.65 0.05 -0.00574717 0.889057 
1.7 0.05 -0.00397254 0.886193 
1.75 0.05 -0.00206052 0.884434 
1.8 0.05 -7.69759e-05 0.883814 
1.85 0.05 0.00190926 0.884345 
1.9 0.05 0.00382925 0.886016 
1.95 0.05 0.00561678 0.888796 
2 0.05 0.00721091 0.89263 
2.05 0.05 0.00855784 0.897446 
2.1 0.05 0.00961217 0.903154 
2.15 0.05 0.0103375 0.909641 
2.2 0.05 0.0107065 0.916771 
2.25 0.05 0.0107014 0.924374 
2.3 0.05 0.0103146 0.932237 
2.35 0.05 0.00954937 0.940089 
2.4 0.05 0.00842216 0.947595 
2.45 0.05 0.00696429 0.954367 
2.5 0.05 0.00522354 0.959981 
2.55 0.05 0.00326424 0.964034 
2.6 0.05 0.00116536 0.966199 
2.65 0.05 -0.000983952 0.966288 
2.7 0.05 -0.00309068 0.964294 
2.75 0.05 -0.00506507 0.96039 
2.8 0.05 -0.0068271 0.954893 
2.85 0.05 -0.00831108 0.948203 
2.9 0.05 -0.00946781 0.940743 
2.95 0.05 -0.0102646 0.932907 
3 0.05 -0.0106839 0.925033 
3.05 0.05 -0.0107213 0.917398 
3.1 0.05 -0.0103835 0.910221 
3.15 0.05 -0.00968762 0.903673 
3.2 0.05 -0.00866002 0.897894 
3.25 0.05 -0.00733636 0.892998 
3.3 0.05 -0.0057613 0.889077 
3.35 0.05 -0.00398796 0.886205 
3.4 0.05 -0.00207673 0.884437 
3.45 0.05 -9.34351e-05 0.883807 
3.5 0.05 0.00189311 0.884329 
3.55 0.05 0.00381396 0.885991 
3.6 0.05 0.00560291 0.888761 
3.65 0.05 0.00719896 0.892586 
3.7 0.05 0.00854827 0.897395 
3.75 0.05 0.00960538 0.903094 
3.8 0.05 0.0103338 0.909575 
3.85 0.05 0.0107062 0.916699 
3.9 0.05 0.0107048 0.924299 
3.95 0.05 0.0103217 0.932161 
4 0.05 0.00956031 0.940014 
4.05 0.05 0.00843683 0.947526 
4.1 0.05 0.00698246 0.954309 
4.15 0.05 0.00524477 0.95994 
4.2 0.05 0.00328795 0.964014 
4.25 0.05 0.00119076 0.966205 
4.3 0.05 -0.000957772 0.966325 
4.35 0.05 -0.00306474 0.964363 
4.4 0.05 -0.00504046 0.960491 
4.45 0.05 -0.00680498 0.955023 
4.5 0.05 -0.00829271 0.948361 
4.55 0.05 -0.00945471 0.940926 
4.6 0.05 -0.0102588 0.933112 
4.65 0.05 -0.0106882 0.925258 
4.7 0.05 -0.0107397 0.917638 
4.75 0.05 -0.0104223 0.910471 
4.8 0.05 -0.00975589 0.903924 
4.85 0.05 -0.00877197 0.89813 
4.9 0.05 -0.00751434 0.893193 
4.95 0.05 -0.00603936 0.889185 
5 0.05 -0.00439652 0.886145 
0 0.1 -0.0209736 0.77949 
0.05 0.1 -0.0146615 0.773504 
0.1 0.1 -0.00777295 0.769827 
0.15 0.1 -0.000646564 0.768521 
0.2 0.1 0.00645403 0.769576 
0.25 0.1 0.0132881 0.772943 
0.3 0.1 0.0196291 0.778538 
0.35 0.1 0.0252686 0.786243 
0.4 0.1 0.0300219 0.795906 
0.45 0.1 0.0337321 0.807342 
0.5 0.1 0.0362736 0.820327 
0.55 0.1 0.0375529 0.834592 
0.6 0.1 0.0375107 0.849806 
0.65 0.1 0.0361242 0.865548 
0.7 0.1 0.0334107 0.881285 
0.75 0.1 0.029434 0.896352 
0.8 0.1 0.0243091 0.909965 
0.85 0.1 0.0182069 0.921269 
0.9 0.1 0.0113535 0.929434 
0.95 0.1 0.00402241 0.933787 
1 0.1 -0.00347977 0.933945 
1.05 0.1 -0.0108341 0.929894 
1.1 0.1 -0.0177324 0.921992 
1.15 0.1 -0.0238981 0.910897 
1.2 0.1 -0.0291016 0.897431 
1.25 0.1 -0.033168 0.882452 
1.3 0.1 -0.0359785 0.866753 
1.35 0.1 -0.0374664 0.851008 
1.4 0.1 -0.0376116 0.835758 
1.45 0.1 -0.0364354 0.821433 
1.5 0.1 -0.033996 0.808371 
1.55 0.1 -0.0303865 0.796844 
1.6 0.1 -0.0257333 0.787077 
1.65 0.1 -0.0201949 0.779256 
1.7 0.1 -0.0139596 0.773531 
1.75 0.1 -0.00724079 0.770012 
1.8 0.1 -0.000270371 0.768772 
1.85 0.1 0.00670951 0.769834 
1.9 0.1 0.0134564 0.773176 
1.95 0.1 0.0197371 0.778733 
2 0.1 0.0253367 0.786396 
2.05 0.1 0.0300648 0.796017 
2.1 0.1 0.0337605 0.807414 
2.15 0.1 0.0362948 0.820365 
2.2 0.1 0.037572 0.834602 
2.25 0.1 0.037531 0.849794 
2.3 0.1 0.0361478 0.865519 
2.35 0.1 0.0334389 0.881244 
2.4 0.1 0.0294671 0.896307 
2.45 0.1 0.0243469 0.909923 
2.5 0.1 0.0182487 0.921237 
2.55 0.1 0.011398 0.929418 
2.6 0.1 0.00406804 0.933792 
2.65 0.1 -0.00343479 0.933973 
2.7 0.1 -0.0107916 0.929944 
2.75 0.1 -0.0176942 0.922062 
2.8 0.1 -0.0238658 0.910983 
2.85 0.1 -0.0290764 0.897528 
2.9 0.1 -0.033151 0.882556 
2.95 0.1 -0.0359704 0.866858 
3 0.1 -0.0374675 0.851111 
3.05 0.1 -0.0376222 0.835856 
3.1 0.1 -0.0364552 0.821523 
3.15 0.1 -0.0340246 0.808451 
3.2 0.1 -0.0304233 0.796912 
3.25 0.1 -0.0257772 0.787132 
3.3 0.1 -0.0202448 0.779296 
3.35 0.1 -0.014014 0.773554 
3.4 0.1 -0.00729785 0.770018 
3.45 0.1 -0.000328274 0.768759 
3.5 0.1 0.00665274 0.769802 
3.55 0.1 0.0134027 0.773126 
3.6 0.1 0.0196885 0.778665 
3.65 0.1 0.0252949 0.78631 
3.7 0.1 0.0300315 0.795914 
3.75 0.1 0.033737 0.807296 
3.8 0.1 0.0362824 0.820234 
3.85 0.1 0.0375716 0.83446 
3.9 0.1 0.0375435 0.849644 
3.95 0.1 0.0361734 0.865366 
4 0.1 0.0334778 0.881094 
4.05 0.1 0.0295189 0.896169 
4.1 0.1 0.0244107 0.909806 
4.15 0.1 0.018323 0.921152 
4.2 0.1 0.0114807 0.929376 
4.25 0.1 0.00415645 0.933804 
4.3 0.1 -0.00334385 0.934045 
4.35 0.1 -0.0107017 0.930079 
4.4 0.1 -0.017609 0.922261 
4.45 0.1 -0.0237893 0.911241 
4.5 0.1 -0.0290131 0.897841 
4.55 0.1 -0.033106 0.882917 
4.6 0.1 -0.0359503 0.867263 
4.65 0.1 -0.0374814 0.851552 
4.7 0.1 -0.0376828 0.836327 
4.75 0.1 -0.0365802 0.822012 
4.8 0.1 -0.034238 0.808938 
4.85 0.1 -0.0307554 0.797365 
4.9 0.1 -0.0262596 0.787495 
4.95 0.1 -0.0208867 0.77949 
5 0.1 -0.0147203 0.773504 
0 0.15 -0.040885 0.675167 
0.05 0.15 -0.0285609 0.666393 
0.1 0.15 -0.0151091 0.660957 
0.15 0.15 -0.00113298 0.659006 
0.2 0.15 0.0128353 0.660553 
0.25 0.15 0.0263019 0.665532 
0.3 0.15 0.0388063 0.673818 
0.35 0.15 0.0499282 0.685225 
0.4 0.15 0.0592969 0.699519 
0.45 0.15 0.0665996 0.716418 
0.5 0.15 0.0715863 0.735589 
0.55 0.15 0.0740737 0.756639 
0.6 0.15 0.0739477 0.779082 
0.65 0.15 0.0711687 0.802309 
0.7 0.15 0.0657786 0.825545 
0.75 0.15 0.0579103 0.847819 
0.8 0.15 0.0477974 0.867972 
0.85 0.15 0.0357802 0.88473 
0.9 0.15 0.0223031 0.89685 
0.95 0.15 0.00789957 0.903319 
1 0.15 -0.00683533 0.903553 
1.05 0.15 -0.0212839 0.897533 
1.1 0.15 -0.0348483 0.885802 
1.15 0.15 -0.0469893 0.86935 
1.2 0.15 -0.0572557 0.849412 
1.25 0.15 -0.0652998 0.827266 
1.3 0.15 -0.0708807 0.804081 
1.35 0.15 -0.0738593 0.780844 
1.4 0.15 -0.0741887 0.758345 
1.45 0.15 -0.0719045 0.737204 
1.5 0.15 -0.0671181 0.717912 
1.55 0.15 -0.0600114 0.700871 
1.6 0.15 -0.0508342 0.686413 
1.65 0.15 -0.0399007 0.674822 
1.7 0.15 -0.0275843 0.666326 
1.75 0.15 -0.0143087 0.661102 
1.8 0.15 -0.000534045 0.659259 
1.85 0.15 0.0132594 0.660836 
1.9 0.15 0.0265906 0.665801 
1.95 0.15 0.0389971 0.674047 
2 0.15 0.0500521 0.685405 
2.05 0.15 0.059378 0.699648 
2.1 0.15 0.0666555 0.716499 
2.15 0.15 0.07163 0.735628 
2.2 0.15 0.074114 0.75664 
2.25 0.15 0.0739908 0.779053 
2.3 0.15 0.0712183 0.802259 
2.35 0.15 0.0658368 0.825481 
2.4 0.15 0.0579778 0.847749 
2.45 0.15 0.0478737 0.867908 
2.5 0.15 0.0358639 0.884681 
2.55 0.15 0.0223917 0.896826 
2.6 0.15 0.00799012 0.903325 
2.65 0.15 -0.00674632 0.903594 
2.7 0.15 -0.0212 0.897607 
2.75 0.15 -0.0347729 0.885906 
2.8 0.15 -0.0469255 0.869478 
2.85 0.15 -0.0572061 0.849556 
2.9 0.15 -0.0652663 0.827418 
2.95 0.15 -0.0708648 0.804236 
3 0.15 -0.0738618 0.780997 
3.05 0.15 -0.0742097 0.75849 
3.1 0.15 -0.0719439 0.737338 
3.15 0.15 -0.067175 0.718032 
3.2 0.15 -0.0600844 0.700973 
3.25 0.15 -0.0509214 0.686495 
3.3 0.15 -0.0399996 0.674881 
3.35 0.15 -0.027692 0.666362 
3.4 0.15 -0.0144216 0.661111 
3.45 0.15 -0.000648593 0.659241 
3.5 0.15 0.0131472 0.660791 
3.55 0.15 0.0264847 0.665727 
3.6 0.15 0.0389013 0.673946 
3.65 0.15 0.0499699 0.685278 
3.7 0.15 0.0593126 0.699497 
3.75 0.15 0.0666098 0.716326 
3.8 0.15 0.0716062 0.735435 
3.85 0.15 0.0741141 0.756431 
3.9 0.15 0.0740161 0.778833 
3.95 0.15 0.0712696 0.802033 
4 0.15 0.065914 0.82526 
4.05 0.15 0.0580801 0.847545 
4.1 0.15 0.0479993 0.867733 
4.15 0.15 0.0360097 0.884554 
4.2 0.15 0.0225535 0.896763 
4.25 0.15 0.00816279 0.90334 
4.3 0.15 -0.00656893 0.903697 
4.35 0.15 -0.0210246 0.897803 
4.4 0.15 -0.0346065 0.886193 
4.45 0.15 -0.0467757 0.869851 
4.5 0.15 -0.0570808 0.850007 
4.55 0.15 -0.0651748 0.827939 
4.6 0.15 -0.0708185 0.804816 
4.65 0.15 -0.0738756 0.781626 
4.7 0.15 -0.0743035 0.759157 
4.75 0.15 -0.0721438 0.738024 
4.8 0.15 -0.0675131 0.718709 
4.85 0.15 -0.0605948 0.701593 
4.9 0.15 -0.0516261 0.686991 
4.95 0.15 -0.0408712 0.675167 
5 0.15 -0.0285681 0.666393 
0 0.2 -0.0630461 0.581387 
0.05 0.2 -0.0439481 0.570092 
0.1 0.2 -0.0231564 0.563064 
0.15 0.2 -0.0015294 0.560524 
0.2 0.2 0.0201171 0.56252 
0.25 0.2 0.0410064 0.568978 
0.3 0.2 0.0604101 0.579726 
0.35 0.2 0.0776644 0.594507 
0.4 0.2 0.0921864 0.612997 
0.45 0.2 0.103486 0.634812 
0.5 0.2 0.111175 0.659511 
0.55 0.2 0.114971 0.686583 
0.6 0.2 0.114704 0.71541 
0.65 0.2 0.110321 0.745223 
0.7 0.2 0.101898 0.775039 
0.75 0.2 0.0896514 0.803625 
0.8 0.2 0.0739524 0.829502 
0.85 0.2 0.0553325 0.851034 
0.9 0.2 0.0344783 0.866615 
0.95 0.2 0.0122089 0.874934 
1 0.2 -0.0105664 0.875235 
1.05 0.2 -0.0329047 0.867491 
1.1 0.2 -0.0538923 0.852409 
1.15 0.2 -0.0727021 0.831268 
1.2 0.2 -0.088637 0.805664 
1.25 0.2 -0.101154 0.777238 
1.3 0.2 -0.109872 0.747484 
1.35 0.2 -0.114563 0.717655 
1.4 0.2 -0.115145 0.688751 
1.45 0.2 -0.111662 0.661555 
1.5 0.2 -0.10428 0.636693 
1.55 0.2 -0.0932772 0.614682 
1.6 0.2 -0.0790395 0.595964 
1.65 0.2 -0.0620558 0.580921 
1.7 0.2 -0.0429086 0.569874 
1.75 0.2 -0.0222601 0.563071 
1.8 0.2 -0.000830445 0.560668 
1.85 0.2 0.0206286 0.562725 
1.9 0.2 0.0413641 0.569191 
1.95 0.2 0.0606524 0.579915 
2 0.2 0.0778262 0.594657 
2.05 0.2 0.0922961 0.613101 
2.1 0.2 0.103566 0.63487 
2.15 0.2 0.111241 0.659527 
2.2 0.2 0.115035 0.68656 
2.25 0.2 0.114773 0.715357 
2.3 0.2 0.110401 0.745146 
2.35 0.2 0.101991 0.774948 
2.4 0.2 0.0897592 0.803531 
2.45 0.2 0.0740735 0.829416 
2.5 0.2 0.0554643 0.850969 
2.55 0.2 0.0346172 0.866583 
2.6 0.2 0.0123503 0.874942 
2.65 0.2 -0.0104277 0.875288 
2.7 0.2 -0.0327742 0.867587 
2.75 0.2 -0.0537752 0.852543 
2.8 0.2 -0.0726031 0.831433 
2.85 0.2 -0.08856 0.80585 
2.9 0.2 -0.101102 0.777435 
2.95 0.2 -0.109847 0.747685 
3 0.2 -0.114567 0.717853 
3.05 0.2 -0.115177 0.688939 
3.1 0.2 -0.111723 0.661729 
3.15 0.2 -0.104369 0.636849 
3.2 0.2 -0.0933911 0.614816 
3.25 0.2 -0.0791756 0.596072 
3.3 0.2 -0.0622101 0.581001 
3.35 0.2 -0.0430765 0.569922 
3.4 0.2 -0.0224361 0.563084 
3.45 0.2 -0.00100885 0.560647 
3.5 0.2 0.020454 0.562667 
3.55 0.2 0.0411995 0.569097 
3.6 0.2 0.0605037 0.579786 
3.65 0.2 0.0776989 0.594495 
3.7 0.2 0.0921952 0.612908 
3.75 0.2 0.103495 0.634648 
3.8 0.2 0.111205 0.65928 
3.85 0.2 0.115036 0.686294 
3.9 0.2 0.114813 0.715076 
3.95 0.2 0.110481 0.744859 
4 0.2 0.102112 0.774666 
4.05 0.2 0.0899177 0.803269 
4.1 0.2 0.0742673 0.829194 
4.15 0.2 0.0556887 0.850806 
4.2 0.2 0.0348658 0.866501 
4.25 0.2 0.0126151 0.874959 
4.3 0.2 -0.0101558 0.875416 
4.35 0.2 -0.032505 0.867833 
4.4 0.2 -0.0535191 0.852903 
4.45 0.2 -0.0723706 0.8319 
4.5 0.2 -0.0883621 0.806412 
4.55 0.2 -0.100951 0.778079 
4.6 0.2 -0.109757 0.748397 
4.65 0.2 -0.114555 0.718619 
4.7 0.2 -0.115267 0.689742 
4.75 0.2 -0.11194 0.662546 
4.8 0.2 -0.104744 0.637646 
4.85 0.2 -0.0939516 0.615543 
4.9 0.2 -0.0799252 0.596663 
4.95 0.2 -0.0630939 0.581387 
5 0.2 -0.0439125 0.570092 
0 0.25 -0.0851781 0.502154 
0.05 0.25 -0.0592485 0.488653 
0.1 0.25 -0.0310796 0.480232 
0.15 0.25 -0.00177142 0.477179 
0.2 0.25 0.0275837 0.479581 
0.25 0.25 0.0559245 0.487356 
0.3 0.25 0.0822491 0.500278 
0.35 0.25 0.105644 0.518001 
0.4 0.25 0.12531 0.540094 
0.45 0.25 0.140579 0.566062 
0.5 0.25 0.150926 0.595355 
0.55 0.25 0.155973 0.627357 
0.6 0.25 0.155502 0.661341 
0.65 0.25 0.149454 0.696413 
0.7 0.25 0.137946 0.731436 
0.75 0.25 0.121287 0.764982 
0.8 0.25 0.0999892 0.795331 
0.85 0.25 0.0747772 0.820574 
0.9 0.25 0.0465779 0.838839 
0.95 0.25 0.0164892 0.848589 
1 0.25 -0.0142742 0.848941 
1.05 0.25 -0.0444549 0.839864 
1.1 0.25 -0.0728325 0.822183 
1.15 0.25 -0.0982985 0.797397 
1.2 0.25 -0.119913 0.767367 
1.25 0.25 -0.136935 0.734006 
1.3 0.25 -0.148839 0.699053 
1.35 0.25 -0.155303 0.66396 
1.4 0.25 -0.156198 0.629882 
1.45 0.25 -0.15157 0.597728 
1.5 0.25 -0.141633 0.568233 
1.55 0.25 -0.126754 0.542019 
1.6 0.25 -0.107453 0.519636 
1.65 0.25 -0.0843933 0.501576 
1.7 0.25 -0.0583687 0.488268 
1.75 0.25 -0.0302849 0.480051 
1.8 0.25 -0.00112933 0.477146 
1.85 0.25 0.0280666 0.479633 
1.9 0.25 0.0562697 0.487444 
1.95 0.25 0.0824879 0.500367 
2 0.25 0.105808 0.518071 
2.05 0.25 0.125426 0.540135 
2.1 0.25 0.14067 0.566069 
2.15 0.25 0.151007 0.595328 
2.2 0.25 0.156057 0.627298 
2.25 0.25 0.155597 0.661255 
2.3 0.25 0.149565 0.696307 
2.35 0.25 0.138077 0.73132 
2.4 0.25 0.121437 0.764866 
2.45 0.25 0.100157 0.795227 
2.5 0.25 0.0749586 0.820498 
2.55 0.25 0.0467682 0.838801 
2.6 0.25 0.0166823 0.848599 
2.65 0.25 -0.0140853 0.849005 
2.7 0.25 -0.0442773 0.839978 
2.75 0.25 -0.0726733 0.822343 
2.8 0.25 -0.098164 0.797593 
2.85 0.25 -0.119808 0.767587 
2.9 0.25 -0.136865 0.734241 
2.95 0.25 -0.148806 0.699292 
3 0.25 -0.155308 0.664195 
3.05 0.25 -0.156242 0.630107 
3.1 0.25 -0.151654 0.597938 
3.15 0.25 -0.141754 0.568422 
3.2 0.25 -0.126909 0.542183 
3.25 0.25 -0.107639 0.519769 
3.3 0.25 -0.0846037 0.501675 
3.35 0.25 -0.0585975 0.488329 
3.4 0.25 -0.0305249 0.480071 
3.45 0.25 -0.00137233 0.477123 
3.5 0.25 0.0278289 0.479566 
3.55 0.25 0.0560459 0.487334 
3.6 0.25 0.082286 0.500215 
3.65 0.25 0.105636 0.517879 
3.7 0.25 0.12529 0.539906 
3.75 0.25 0.140575 0.565808 
3.8 0.25 0.150959 0.595039 
3.85 0.25 0.15606 0.626986 
3.9 0.25 0.155653 0.660927 
3.95 0.25 0.149674 0.695973 
4 0.25 0.138239 0.730992 
4.05 0.25 0.12165 0.764562 
4.1 0.25 0.100417 0.794969 
4.15 0.25 0.0752595 0.820309 
4.2 0.25 0.047101 0.838706 
4.25 0.25 0.0170365 0.848618 
4.3 0.25 -0.0137216 0.849152 
4.35 0.25 -0.0439165 0.840259 
4.4 0.25 -0.0723282 0.822753 
4.45 0.25 -0.0978471 0.798122 
4.5 0.25 -0.119532 0.76822 
4.55 0.25 -0.136642 0.73496 
4.6 0.25 -0.148651 0.700081 
4.65 0.25 -0.155237 0.665035 
4.7 0.25 -0.156273 0.630976 
4.75 0.25 -0.151808 0.598811 
4.8 0.25 -0.142053 0.569266 
4.85 0.25 -0.127364 0.542953 
4.9 0.25 -0.108237 0.520415 
4.95 0.25 -0.085277 0.502154 
5 0.25 -0.0591778 0.488653 
0 0.3 -0.105516 0.439005 
0.05 0.3 -0.0732552 0.423558 
0.1 0.3 -0.0382584 0.413899 
0.15 0.3 -0.00184462 0.410396 
0.2 0.3 0.0346384 0.413179 
0.25 0.3 0.0698631 0.422148 
0.3 0.3 0.10257 0.436999 
0.35 0.3 0.13161 0.457268 
0.4 0.3 0.155982 0.482388 
0.45 0.3 0.174854 0.511728 
0.5 0.3 0.187579 0.544621 
0.55 0.3 0.193702 0.580351 
0.6 0.3 0.192963 0.618108 
0.65 0.3 0.185312 0.656916 
0.7 0.3 0.170913 0.695545 
0.75 0.3 0.150167 0.73245 
0.8 0.3 0.123721 0.765771 
0.85 0.3 0.092478 0.793445 
0.9 0.3 0.0575822 0.813447 
0.95 0.3 0.0203797 0.824117 
1 0.3 -0.0176461 0.824502 
1.05 0.3 -0.0549609 0.814567 
1.1 0.3 -0.0900744 0.795204 
1.15 0.3 -0.121628 0.768031 
1.2 0.3 -0.148461 0.735061 
1.25 0.3 -0.169654 0.698362 
1.3 0.3 -0.18454 0.659813 
1.35 0.3 -0.192703 0.620984 
1.4 0.3 -0.19396 0.583124 
1.45 0.3 -0.188352 0.547225 
1.5 0.3 -0.176124 0.514105 
1.55 0.3 -0.157719 0.484481 
1.6 0.3 -0.133774 0.45902 
1.65 0.3 -0.105111 0.43835 
1.7 0.3 -0.0727208 0.423038 
1.75 0.3 -0.0377387 0.413546 
1.8 0.3 -0.00140668 0.410184 
1.85 0.3 0.0349762 0.413064 
1.9 0.3 0.0701085 0.422089 
1.95 0.3 0.102742 0.436964 
2 0.3 0.131733 0.457236 
2.05 0.3 0.156076 0.482346 
2.1 0.3 0.174936 0.511669 
2.15 0.3 0.187664 0.544541 
2.2 0.3 0.193799 0.58025 
2.25 0.3 0.19308 0.617989 
2.3 0.3 0.185452 0.656783 
2.35 0.3 0.171078 0.695406 
2.4 0.3 0.150356 0.732316 
2.45 0.3 0.123932 0.765654 
2.5 0.3 0.092706 0.793361 
2.55 0.3 0.0578207 0.813407 
2.6 0.3 0.0206209 0.824131 
2.65 0.3 -0.0174106 0.824574 
2.7 0.3 -0.0547399 0.814696 
2.75 0.3 -0.0898764 0.795383 
2.8 0.3 -0.121461 0.76825 
2.85 0.3 -0.148331 0.735307 
2.9 0.3 -0.169566 0.698624 
2.95 0.3 -0.184498 0.660081 
3 0.3 -0.192709 0.621249 
3.05 0.3 -0.194016 0.58338 
3.1 0.3 -0.188456 0.547465 
3.15 0.3 -0.176274 0.514322 
3.2 0.3 -0.157913 0.484671 
3.25 0.3 -0.134006 0.459177 
3.3 0.3 -0.105374 0.438469 
3.35 0.3 -0.0730065 0.423113 
3.4 0.3 -0.0380383 0.413574 
3.45 0.3 -0.00170987 0.410161 
3.5 0.3 0.0346799 0.41299 
3.55 0.3 0.0698298 0.421965 
3.6 0.3 0.102491 0.436793 
3.65 0.3 0.131519 0.457022 
3.7 0.3 0.155907 0.482091 
3.75 0.3 0.17482 0.511379 
3.8 0.3 0.187606 0.544222 
3.85 0.3 0.193803 0.579907 
3.9 0.3 0.193149 0.61763 
3.95 0.3 0.185588 0.656419 
4 0.3 0.171279 0.69505 
4.05 0.3 0.150619 0.731987 
4.1 0.3 0.124252 0.765376 
4.15 0.3 0.0930744 0.793157 
4.2 0.3 0.0582273 0.813304 
4.25 0.3 0.0210533 0.824152 
4.3 0.3 -0.0169661 0.824732 
4.35 0.3 -0.0542978 0.814995 
4.4 0.3 -0.0894507 0.795818 
4.45 0.3 -0.121064 0.768807 
4.5 0.3 -0.147977 0.735968 
4.55 0.3 -0.169264 0.699369 
4.6 0.3 -0.184259 0.660888 
4.65 0.3 -0.192544 0.622097 
4.7 0.3 -0.193935 0.584245 
4.75 0.3 -0.18847 0.548323 
4.8 0.3 -0.176389 0.515144 
4.85 0.3 -0.158123 0.485425 
4.9 0.3 -0.134286 0.459831 
4.95 0.3 -0.105656 0.439005 
5 0.3 -0.0731564 0.423558 
0 0.35 -0.122718 0.390893 
0.05 0.35 -0.0850616 0.373634 
0.1 0.35 -0.0442417 0.362806 
0.15 0.35 -0.00176773 0.358885 
0.2 0.35 0.040791 0.36205 
0.25 0.35 0.0818735 0.372166 
0.3 0.35 0.119994 0.38882 
0.35 0.35 0.153799 0.411386 
0.4 0.35 0.182114 0.439112 
0.45 0.35 0.20397 0.471197 
0.5 0.35 0.218623 0.506835 
0.55 0.35 0.225559 0.545207 
0.6 0.35 0.224501 0.585441 
0.65 0.35 0.215412 0.626514 
0.7 0.35 0.19851 0.667167 
0.75 0.35 0.174281 0.705825 
0.8 0.35 0.143493 0.740597 
0.85 0.35 0.1072 0.769391 
0.9 0.35 0.0667229 0.790156 
0.95 0.35 0.0236085 0.801219 
1 0.35 -0.0204464 0.801618 
1.05 0.35 -0.0636891 0.791316 
1.1 0.35 -0.104415 0.771215 
1.15 0.35 -0.141064 0.742946 
1.2 0.35 -0.172297 0.708545 
1.25 0.35 -0.197039 0.67011 
1.3 0.35 -0.214501 0.629551 
1.35 0.35 -0.224177 0.588466 
1.4 0.35 -0.225832 0.548135 
1.45 0.35 -0.219484 0.509593 
1.5 0.35 -0.205395 0.47372 
1.55 0.35 -0.184063 0.441331 
1.6 0.35 -0.156216 0.413232 
1.65 0.35 -0.122807 0.390219 
1.7 0.35 -0.0849955 0.373046 
1.75 0.35 -0.0441188 0.362343 
1.8 0.35 -0.00164382 0.358541 
1.85 0.35 0.0408913 0.361798 
1.9 0.35 0.0819459 0.371979 
1.95 0.35 0.120045 0.388671 
2 0.35 0.153839 0.411256 
2.05 0.35 0.182155 0.438989 
2.1 0.35 0.204023 0.471072 
2.15 0.35 0.218697 0.506702 
2.2 0.35 0.22566 0.545065 
2.25 0.35 0.224632 0.58529 
2.3 0.35 0.215575 0.626358 
2.35 0.35 0.198705 0.667012 
2.4 0.35 0.174505 0.70568 
2.45 0.35 0.143742 0.740474 
2.5 0.35 0.107468 0.769304 
2.55 0.35 0.0670028 0.790117 
2.6 0.35 0.0238909 0.801237 
2.65 0.35 -0.0201712 0.801696 
2.7 0.35 -0.0634311 0.791454 
2.75 0.35 -0.104184 0.771405 
2.8 0.35 -0.140869 0.743178 
2.85 0.35 -0.172145 0.708807 
2.9 0.35 -0.196935 0.67039 
2.95 0.35 -0.214451 0.629839 
3 0.35 -0.224184 0.588753 
3.05 0.35 -0.225896 0.548414 
3.1 0.35 -0.219605 0.509857 
3.15 0.35 -0.205571 0.473962 
3.2 0.35 -0.184289 0.441546 
3.25 0.35 -0.156486 0.413412 
3.3 0.35 -0.123114 0.390358 
3.35 0.35 -0.08533 0.373136 
3.4 0.35 -0.0444695 0.36238 
3.45 0.35 -0.00199871 0.358521 
3.5 0.35 0.0405448 0.361721 
3.55 0.35 0.0816203 0.371845 
3.6 0.35 0.119752 0.388485 
3.65 0.35 0.153591 0.411023 
3.7 0.35 0.18196 0.438714 
3.75 0.35 0.203889 0.470762 
3.8 0.35 0.218631 0.506363 
3.85 0.35 0.225666 0.544704 
3.9 0.35 0.224713 0.584915 
3.95 0.35 0.215733 0.62598 
4 0.35 0.198937 0.666645 
4.05 0.35 0.174808 0.705343 
4.1 0.35 0.144109 0.74019 
4.15 0.35 0.10789 0.769098 
4.2 0.35 0.0674673 0.790015 
4.25 0.35 0.0243846 0.801259 
4.3 0.35 -0.0196634 0.801856 
4.35 0.35 -0.0629242 0.791754 
4.4 0.35 -0.103692 0.771838 
4.45 0.35 -0.140404 0.743729 
4.5 0.35 -0.171717 0.709455 
4.55 0.35 -0.196552 0.671112 
4.6 0.35 -0.214117 0.63061 
4.65 0.35 -0.223901 0.58955 
4.7 0.35 -0.225663 0.549215 
4.75 0.35 -0.219419 0.510638 
4.8 0.35 -0.205422 0.474703 
4.85 0.35 -0.184158 0.442226 
4.9 0.35 -0.156339 0.414018 
4.95 0.35 -0.122891 0.390893 
5 0.35 -0.0849411 0.373634 
0 0.4 -0.135798 0.354975 
0.05 0.4 -0.0940055 0.335928 
0.1 0.4 -0.048712 0.323927 
0.15 0.4 -0.00157795 0.319592 
0.2 0.4 0.0456492 0.323157 
0.25 0.4 0.0912202 0.334442 
0.3 0.4 0.133467 0.352884 
0.35 0.4 0.170875 0.377645 
0.4 0.4 0.202135 0.40774 
0.45 0.4 0.226178 0.442154 
0.5 0.4 0.242194 0.47991 
0.55 0.4 0.249637 0.520082 
0.6 0.4 0.248227 0.561735 
0.65 0.4 0.237954 0.60384 
0.7 0.4 0.219088 0.645156 
0.75 0.4 0.192192 0.684159 
0.8 0.4 0.158128 0.71903 
0.85 0.4 0.118066 0.747769 
0.9 0.4 0.0734564 0.768422 
0.95 0.4 0.0259839 0.779402 
1 0.4 -0.0225085 0.779796 
1.05 0.4 -0.0701201 0.769572 
1.1 0.4 -0.115 0.749582 
1.15 0.4 -0.155449 0.721373 
1.2 0.4 -0.189996 0.686884 
1.25 0.4 -0.217452 0.648121 
1.3 0.4 -0.236929 0.606919 
1.35 0.4 -0.247843 0.564824 
1.4 0.4 -0.249903 0.523094 
1.45 0.4 -0.2431 0.482771 
1.5 0.4 -0.227692 0.444788 
1.55 0.4 -0.204206 0.410071 
1.6 0.4 -0.173433 0.379588 
1.65 0.4 -0.13642 0.354351 
1.7 0.4 -0.0944583 0.335347 
1.75 0.4 -0.0490435 0.323428 
1.8 0.4 -0.00182662 0.319179 
1.85 0.4 0.0454581 0.322821 
1.9 0.4 0.0910733 0.334164 
1.95 0.4 0.133359 0.352647 
2 0.4 0.170805 0.377435 
2.05 0.4 0.202104 0.407548 
2.1 0.4 0.226188 0.441971 
2.15 0.4 0.242246 0.479732 
2.2 0.4 0.249731 0.519905 
2.25 0.4 0.248364 0.56156 
2.3 0.4 0.238132 0.603667 
2.35 0.4 0.219305 0.644991 
2.4 0.4 0.192442 0.68401 
2.45 0.4 0.158407 0.718908 
2.5 0.4 0.118366 0.747685 
2.55 0.4 0.0737682 0.768388 
2.6 0.4 0.0262979 0.779425 
2.65 0.4 -0.022203 0.77988 
2.7 0.4 -0.0698339 0.769716 
2.75 0.4 -0.114744 0.749778 
2.8 0.4 -0.155232 0.721613 
2.85 0.4 -0.189827 0.687155 
2.9 0.4 -0.217336 0.648412 
2.95 0.4 -0.236872 0.60722 
3 0.4 -0.247849 0.565127 
3.05 0.4 -0.249973 0.523392 
3.1 0.4 -0.243233 0.483056 
3.15 0.4 -0.227886 0.445054 
3.2 0.4 -0.204457 0.41031 
3.25 0.4 -0.173733 0.379792 
3.3 0.4 -0.136762 0.35451 
3.35 0.4 -0.0948305 0.335453 
3.4 0.4 -0.0494339 0.323475 
3.45 0.4 -0.00222163 0.319162 
3.5 0.4 0.0450727 0.322739 
3.55 0.4 0.0907115 0.334021 
3.6 0.4 0.133034 0.352447 
3.65 0.4 0.170529 0.377186 
3.7 0.4 0.201888 0.407257 
3.75 0.4 0.22604 0.441646 
3.8 0.4 0.242174 0.479381 
3.85 0.4 0.249739 0.519536 
3.9 0.4 0.248454 0.561181 
3.95 0.4 0.238305 0.603289 
4 0.4 0.219559 0.644628 
4.05 0.4 0.192772 0.683679 
4.1 0.4 0.158806 0.718631 
4.15 0.4 0.118823 0.747486 
4.2 0.4 0.074271 0.76829 
4.25 0.4 0.0268318 0.779446 
4.3 0.4 -0.0216532 0.780033 
4.35 0.4 -0.069283 0.77 
4.4 0.4 -0.114205 0.750186 
4.45 0.4 -0.154715 0.722126 
4.5 0.4 -0.189338 0.687752 
4.55 0.4 -0.216879 0.649068 
4.6 0.4 -0.236442 0.607909 
4.65 0.4 -0.247439 0.565824 
4.7 0.4 -0.24957 0.524075 
4.75 0.4 -0.242819 0.483707 
4.8 0.4 -0.227437 0.445659 
4.85 0.4 -0.203943 0.41086 
4.9 0.4 -0.173115 0.38029 
4.95 0.4 -0.135995 0.354975 
5 0.4 -0.093869 0.335928 
0 0.45 -0.144065 0.327684 
0.05 0.45 -0.0996268 0.306846 
0.1 0.45 -0.0514571 0.293657 
0.15 0.45 -0.00131948 0.288905 
0.2 0.45 0.0489132 0.292892 
0.25 0.45 0.097359 0.305375 
0.3 0.45 0.142223 0.325616 
0.35 0.45 0.181879 0.352526 
0.4 0.45 0.214932 0.384846 
0.45 0.45 0.240255 0.421311 
0.5 0.45 0.257005 0.460751 
0.55 0.45 0.264631 0.502116 
0.6 0.45 0.262868 0.544415 
0.65 0.45 0.25174 0.586624 
0.7 0.45 0.231565 0.627565 
0.75 0.45 0.202964 0.665824 
0.8 0.45 0.166869 0.699741 
0.85 0.45 0.124519 0.727504 
0.9 0.45 0.0774383 0.747357 
0.95 0.45 0.0273848 0.757878 
1 0.45 -0.0237269 0.758255 
1.05 0.45 -0.0739246 0.748458 
1.1 0.45 -0.121286 0.729247 
1.15 0.45 -0.164037 0.702006 
1.2 0.45 -0.200636 0.668477 
1.25 0.45 -0.22982 0.630474 
1.3 0.45 -0.250633 0.589673 
1.35 0.45 -0.262431 0.547506 
1.4 0.45 -0.264873 0.505164 
1.45 0.45 -0.257913 0.463679 
1.5 0.45 -0.241791 0.424038 
1.55 0.45 -0.217037 0.387283 
1.6 0.45 -0.184469 0.354575 
1.65 0.45 -0.145192 0.327173 
1.7 0.45 -0.100579 0.306341 
1.75 0.45 -0.0522366 0.293186 
1.8 0.45 -0.00194488 0.288481 
1.85 0.45 0.0484202 0.292515 
1.9 0.45 0.0969795 0.305039 
1.95 0.45 0.141942 0.325315 
2 0.45 0.181685 0.352253 
2.05 0.45 0.214817 0.384596 
2.1 0.45 0.240211 0.421079 
2.15 0.45 0.257027 0.460535 
2.2 0.45 0.264712 0.501911 
2.25 0.45 0.263004 0.544221 
2.3 0.45 0.251925 0.586442 
2.35 0.45 0.231794 0.627398 
2.4 0.45 0.203231 0.665679 
2.45 0.45 0.167167 0.699625 
2.5 0.45 0.124839 0.727428 
2.55 0.45 0.0777706 0.74733 
2.6 0.45 0.0277189 0.757908 
2.65 0.45 -0.0234023 0.758344 
2.7 0.45 -0.0736207 0.748605 
2.75 0.45 -0.121013 0.729445 
2.8 0.45 -0.163807 0.702247 
2.85 0.45 -0.200455 0.66875 
2.9 0.45 -0.229696 0.630769 
2.95 0.45 -0.250572 0.589982 
3 0.45 -0.262436 0.547821 
3.05 0.45 -0.264946 0.505477 
3.1 0.45 -0.258053 0.463983 
3.15 0.45 -0.241996 0.424325 
3.2 0.45 -0.217303 0.387545 
3.25 0.45 -0.184789 0.354802 
3.3 0.45 -0.145556 0.327353 
3.35 0.45 -0.100976 0.306463 
3.4 0.45 -0.052653 0.293243 
3.45 0.45 -0.00236613 0.288467 
3.5 0.45 0.0480094 0.29243 
3.55 0.45 0.0965944 0.304887 
3.6 0.45 0.141597 0.325102 
3.65 0.45 0.181393 0.351989 
3.7 0.45 0.214589 0.384292 
3.75 0.45 0.240056 0.420744 
3.8 0.45 0.256951 0.460178 
3.85 0.45 0.264721 0.501541 
3.9 0.45 0.263099 0.543847 
3.95 0.45 0.252107 0.586073 
4 0.45 0.23206 0.627048 
4.05 0.45 0.203575 0.665364 
4.1 0.45 0.167581 0.699365 
4.15 0.45 0.125312 0.727243 
4.2 0.45 0.0782902 0.747239 
4.25 0.45 0.0282702 0.757927 
4.3 0.45 -0.022834 0.758481 
4.35 0.45 -0.0730493 0.74886 
4.4 0.45 -0.12045 0.729807 
4.45 0.45 -0.163259 0.702697 
4.5 0.45 -0.199925 0.669266 
4.55 0.45 -0.229179 0.631325 
4.6 0.45 -0.250058 0.590551 
4.65 0.45 -0.261907 0.548378 
4.7 0.45 -0.264379 0.506002 
4.75 0.45 -0.257416 0.46446 
4.8 0.45 -0.241255 0.424746 
4.85 0.45 -0.216417 0.387913 
4.9 0.45 -0.183721 0.355134 
4.95 0.45 -0.144277 0.327684 
5 0.45 -0.0994801 0.306846 
0 0.5 -0.147089 0.305555 
0.05 0.5 -0.101641 0.283017 
0.1 0.5 -0.0523525 0.268688 
0.15 0.5 -0.00103529 0.263541 
0.2 0.5 0.050374 0.267946 
0.25 0.5 0.0999245 0.281591 
0.3 0.5 0.145757 0.303552 
0.35 0.5 0.186193 0.332476 
0.4 0.5 0.219804 0.366817 
0.45 0.5 0.245447 0.405051 
0.5 0.5 0.262284 0.445806 
0.55 0.5 0.26978 0.487899 
0.6 0.5 0.267701 0.530286 
0.65 0.5 0.256108 0.571955 
0.7 0.5 0.235358 0.611811 
0.75 0.5 0.20611 0.648591 
0.8 0.5 0.169329 0.680846 
0.85 0.5 0.126279 0.707017 
0.9 0.5 0.0784996 0.72561 
0.95 0.5 0.0277524 0.735424 
1 0.5 -0.0240501 0.735775 
1.05 0.5 -0.0749409 0.726637 
1.1 0.5 -0.123 0.70865 
1.15 0.5 -0.166451 0.682983 
1.2 0.5 -0.203736 0.651117 
1.25 0.5 -0.233568 0.614612 
1.3 0.5 -0.254959 0.574926 
1.35 0.5 -0.267225 0.533338 
1.4 0.5 -0.269986 0.490949 
1.45 0.5 -0.263155 0.448774 
1.5 0.5 -0.246943 0.407851 
1.55 0.5 -0.22186 0.369349 
1.6 0.5 -0.188718 0.334628 
1.65 0.5 -0.148634 0.305205 
1.7 0.5 -0.103014 0.282633 
1.75 0.5 -0.0535173 0.26829 
1.8 0.5 -0.00199197 0.263143 
1.85 0.5 0.0496098 0.267558 
1.9 0.5 0.0993319 0.28122 
1.95 0.5 0.145315 0.303202 
2 0.5 0.185882 0.332151 
2.05 0.5 0.219607 0.366518 
2.1 0.5 0.245349 0.404778 
2.15 0.5 0.262272 0.445557 
2.2 0.5 0.269843 0.487673 
2.25 0.5 0.26783 0.53008 
2.3 0.5 0.256294 0.571769 
2.35 0.5 0.235592 0.611647 
2.4 0.5 0.206384 0.648453 
2.45 0.5 0.169635 0.680741 
2.5 0.5 0.126608 0.706953 
2.55 0.5 0.0788399 0.725594 
2.6 0.5 0.028094 0.735461 
2.65 0.5 -0.0237185 0.735867 
2.7 0.5 -0.0746306 0.726784 
2.75 0.5 -0.122722 0.708847 
2.8 0.5 -0.166215 0.683221 
2.85 0.5 -0.203551 0.651389 
2.9 0.5 -0.233441 0.614907 
2.95 0.5 -0.254896 0.575239 
3 0.5 -0.267229 0.53366 
3.05 0.5 -0.270058 0.491274 
3.1 0.5 -0.263297 0.449095 
3.15 0.5 -0.247152 0.408158 
3.2 0.5 -0.222131 0.369634 
3.25 0.5 -0.189045 0.334877 
3.3 0.5 -0.149007 0.305406 
3.35 0.5 -0.103421 0.282772 
3.4 0.5 -0.0539444 0.268358 
3.45 0.5 -0.00242407 0.263133 
3.5 0.5 0.0491887 0.267469 
3.55 0.5 0.0989375 0.281058 
3.6 0.5 0.144962 0.302977 
3.65 0.5 0.185584 0.331874 
3.7 0.5 0.219375 0.366202 
3.75 0.5 0.245192 0.404435 
3.8 0.5 0.262196 0.445198 
3.85 0.5 0.269853 0.487306 
3.9 0.5 0.267927 0.529715 
3.95 0.5 0.256477 0.571415 
4 0.5 0.235858 0.611316 
4.05 0.5 0.206728 0.64816 
4.1 0.5 0.170047 0.6805 
4.15 0.5 0.127078 0.706783 
4.2 0.5 0.0793548 0.72551 
4.25 0.5 0.0286397 0.735474 
4.3 0.5 -0.0231557 0.735983 
4.35 0.5 -0.074063 0.726998 
4.4 0.5 -0.122159 0.709147 
4.45 0.5 -0.16566 0.68359 
4.5 0.5 -0.203001 0.651802 
4.55 0.5 -0.232887 0.615339 
4.6 0.5 -0.25432 0.575662 
4.65 0.5 -0.266607 0.534049 
4.7 0.5 -0.269356 0.49161 
4.75 0.5 -0.262474 0.449364 
4.8 0.5 -0.246165 0.408359 
4.85 0.5 -0.220936 0.369779 
4.9 0.5 -0.187605 0.334998 
4.95 0.5 -0.147308 0.305555 
5 0.5 -0.10149 0.283017 
0 0.55 -0.144686 0.285651 
0.05 0.55 -0.0999286 0.261698 
0.1 0.55 -0.0513538 0.246415 
0.15 0.55 -0.000761614 0.240943 
0.2 0.55 0.0499158 0.245713 
0.25 0.55 0.0987288 0.26035 
0.3 0.55 0.143822 0.283757 
0.35 0.55 0.18353 0.314338 
0.4 0.55 0.216442 0.350288 
0.45 0.55 0.241446 0.389846 
0.5 0.55 0.257738 0.431455 
0.55 0.55 0.264825 0.473814 
0.6 0.55 0.262509 0.515823 
0.65 0.55 0.250887 0.556488 
0.7 0.55 0.230341 0.594804 
0.75 0.55 0.201543 0.62967 
0.8 0.55 0.165456 0.65987 
0.85 0.55 0.123318 0.684123 
0.9 0.55 0.0766267 0.701221 
0.95 0.55 0.027083 0.710202 
1 0.55 -0.0234742 0.710522 
1.05 0.55 -0.0731558 0.702161 
1.1 0.55 -0.120116 0.685626 
1.15 0.55 -0.162639 0.661854 
1.2 0.55 -0.199213 0.632041 
1.25 0.55 -0.228574 0.597465 
1.3 0.55 -0.249739 0.559349 
1.35 0.55 -0.262012 0.518802 
1.4 0.55 -0.264987 0.476833 
1.45 0.55 -0.258543 0.434433 
1.5 0.55 -0.242851 0.392689 
1.55 0.55 -0.21838 0.352888 
1.6 0.55 -0.185906 0.316571 
1.65 0.55 -0.146517 0.28549 
1.7 0.55 -0.101598 0.261463 
1.75 0.55 -0.0527979 0.246114 
1.8 0.55 -0.0019647 0.240591 
1.85 0.55 0.0489451 0.245329 
1.9 0.55 0.0979707 0.259955 
1.95 0.55 0.143253 0.283367 
2 0.55 0.183124 0.313968 
2.05 0.55 0.216178 0.349947 
2.1 0.55 0.241302 0.389537 
2.15 0.55 0.257696 0.43118 
2.2 0.55 0.264869 0.47357 
2.25 0.55 0.262626 0.515609 
2.3 0.55 0.251065 0.556302 
2.35 0.55 0.23057 0.594647 
2.4 0.55 0.201814 0.629544 
2.45 0.55 0.165758 0.659778 
2.5 0.55 0.123642 0.684072 
2.55 0.55 0.0769621 0.701216 
2.6 0.55 0.0274192 0.710247 
2.65 0.55 -0.0231482 0.710619 
2.7 0.55 -0.0728509 0.702308 
2.75 0.55 -0.119843 0.685819 
2.8 0.55 -0.162407 0.662088 
2.85 0.55 -0.19903 0.632308 
2.9 0.55 -0.228448 0.597758 
2.95 0.55 -0.249675 0.559662 
3 0.55 -0.262014 0.519129 
3.05 0.55 -0.265057 0.477167 
3.1 0.55 -0.258681 0.434766 
3.15 0.55 -0.243055 0.393013 
3.2 0.55 -0.218646 0.353191 
3.25 0.55 -0.186228 0.316838 
3.3 0.55 -0.146884 0.285708 
3.35 0.55 -0.101999 0.261616 
3.4 0.55 -0.0532197 0.24619 
3.45 0.55 -0.00239146 0.240584 
3.5 0.55 0.0485294 0.245238 
3.55 0.55 0.0975818 0.259786 
3.6 0.55 0.142905 0.283132 
3.65 0.55 0.182831 0.313681 
3.7 0.55 0.21595 0.349622 
3.75 0.55 0.241148 0.389189 
3.8 0.55 0.257622 0.430821 
3.85 0.55 0.264878 0.47321 
3.9 0.55 0.26272 0.515256 
3.95 0.55 0.251242 0.555966 
4 0.55 0.230827 0.594338 
4.05 0.55 0.202144 0.629273 
4.1 0.55 0.166152 0.659559 
4.15 0.55 0.12409 0.683917 
4.2 0.55 0.0774519 0.701136 
4.25 0.55 0.0279375 0.71025 
4.3 0.55 -0.0226137 0.710706 
4.35 0.55 -0.0723104 0.702473 
4.4 0.55 -0.119303 0.68605 
4.45 0.55 -0.161869 0.662364 
4.5 0.55 -0.198487 0.632606 
4.55 0.55 -0.227886 0.598052 
4.6 0.55 -0.249072 0.559925 
4.65 0.55 -0.261338 0.519336 
4.7 0.55 -0.264267 0.477298 
4.75 0.55 -0.257733 0.434812 
4.8 0.55 -0.2419 0.392975 
4.85 0.55 -0.217238 0.353093 
4.9 0.55 -0.184535 0.316726 
4.95 0.55 -0.144903 0.285651 
5 0.55 -0.0997787 0.261698 
0 0.6 -0.136925 0.265675 
0.05 0.6 -0.0945383 0.24085 
0.1 0.6 -0.0484972 0.22497 
0.15 0.6 -0.000524818 0.219302 
0.2 0.6 0.0475228 0.224323 
0.25 0.6 0.0937717 0.23961 
0.3 0.6 0.136442 0.26393 
0.35 0.6 0.173943 0.295507 
0.4 0.6 0.20494 0.332338 
0.45 0.6 0.228389 0.372489 
0.5 0.6 0.243554 0.414268 
0.55 0.6 0.249995 0.456281 
0.6 0.6 0.247559 0.497394 
0.65 0.6 0.236368 0.536632 
0.7 0.6 0.216814 0.573075 
0.75 0.6 0.189552 0.605778 
0.8 0.6 0.155502 0.633746 
0.85 0.6 0.115835 0.655967 
0.9 0.6 0.0719479 0.671503 
0.95 0.6 0.0254228 0.679622 
1 0.6 -0.0220388 0.67991 
1.05 0.6 -0.0686912 0.672353 
1.1 0.6 -0.112826 0.657335 
1.15 0.6 -0.152851 0.635569 
1.2 0.6 -0.187351 0.607979 
1.25 0.6 -0.215137 0.575576 
1.3 0.6 -0.235268 0.539358 
1.35 0.6 -0.247064 0.50027 
1.4 0.6 -0.250114 0.459232 
1.45 0.6 -0.244271 0.417211 
1.5 0.6 -0.229662 0.375327 
1.55 0.6 -0.206703 0.334956 
1.6 0.6 -0.176104 0.297772 
1.65 0.6 -0.138882 0.265705 
1.7 0.6 -0.0963514 0.240767 
1.75 0.6 -0.0500868 0.224772 
1.8 0.6 -0.00186345 0.219005 
1.85 0.6 0.0464337 0.223954 
1.9 0.6 0.0929156 0.239199 
1.95 0.6 0.135795 0.263509 
2 0.6 0.173479 0.295099 
2.05 0.6 0.204632 0.33196 
2.1 0.6 0.228214 0.37215 
2.15 0.6 0.24349 0.413971 
2.2 0.6 0.250023 0.456025 
2.25 0.6 0.247663 0.497176 
2.3 0.6 0.236534 0.53645 
2.35 0.6 0.21703 0.572927 
2.4 0.6 0.189809 0.605665 
2.45 0.6 0.155789 0.63367 
2.5 0.6 0.116142 0.655931 
2.55 0.6 0.0722656 0.671511 
2.6 0.6 0.0257409 0.679676 
2.65 0.6 -0.0217307 0.680011 
2.7 0.6 -0.0684032 0.6725 
2.75 0.6 -0.112568 0.657524 
2.8 0.6 -0.152631 0.635796 
2.85 0.6 -0.187178 0.60824 
2.9 0.6 -0.215017 0.575865 
2.95 0.6 -0.235205 0.539668 
3 0.6 -0.247064 0.500597 
3.05 0.6 -0.250178 0.459569 
3.1 0.6 -0.2444 0.417551 
3.15 0.6 -0.229854 0.375661 
3.2 0.6 -0.206954 0.33527 
3.25 0.6 -0.176408 0.298052 
3.3 0.6 -0.13923 0.265934 
3.35 0.6 -0.0967323 0.24093 
3.4 0.6 -0.0504872 0.224855 
3.45 0.6 -0.00226869 0.219 
3.5 0.6 0.0460391 0.223861 
3.55 0.6 0.0925467 0.239026 
3.6 0.6 0.135466 0.263268 
3.65 0.6 0.173202 0.294806 
3.7 0.6 0.204418 0.331633 
3.75 0.6 0.228069 0.371803 
3.8 0.6 0.24342 0.413616 
3.85 0.6 0.250031 0.455674 
3.9 0.6 0.24775 0.496838 
3.95 0.6 0.236699 0.536133 
4 0.6 0.217268 0.57264 
4.05 0.6 0.190113 0.605417 
4.1 0.6 0.156151 0.63347 
4.15 0.6 0.116552 0.655788 
4.2 0.6 0.0727126 0.671432 
4.25 0.6 0.0262129 0.679664 
4.3 0.6 -0.0212444 0.680066 
4.35 0.6 -0.0679107 0.672612 
4.4 0.6 -0.112073 0.65768 
4.45 0.6 -0.152133 0.635977 
4.5 0.6 -0.186668 0.608421 
4.55 0.6 -0.214477 0.57602 
4.6 0.6 -0.234611 0.539771 
4.65 0.6 -0.24638 0.500622 
4.7 0.6 -0.249361 0.459499 
4.75 0.6 -0.243402 0.417377 
4.8 0.6 -0.228626 0.375392 
4.85 0.6 -0.205452 0.334937 
4.9 0.6 -0.174605 0.297714 
4.95 0.6 -0.137131 0.265675 
5 0.6 -0.0943964 0.24085 
0 0.65 -0.124148 0.243928 
0.05 0.65 -0.0857043 0.21904 
0.1 0.65 -0.0439075 0.203094 
0.15 0.65 -0.000339881 0.19742 
0.2 0.65 0.0432906 0.202516 
0.25 0.65 0.0852594 0.217931 
0.3 0.65 0.123933 0.242364 
0.35 0.65 0.157856 0.273946 
0.4 0.65 0.18582 0.31058 
0.45 0.65 0.206891 0.35025 
0.5 0.65 0.220418 0.391202 
0.55 0.65 0.22603 0.432005 
0.6 0.65 0.223615 0.471518 
0.65 0.65 0.213313 0.508796 
0.7 0.65 0.195501 0.542999 
0.75 0.65 0.170789 0.573319 
0.8 0.65 0.140019 0.598952 
0.85 0.65 0.104247 0.619115 
0.9 0.65 0.0647272 0.633104 
0.95 0.65 0.0228661 0.640377 
1 0.65 -0.0198253 0.640635 
1.05 0.65 -0.0617993 0.633866 
1.1 0.65 -0.10154 0.620349 
1.15 0.65 -0.137629 0.60061 
1.2 0.65 -0.1688 0.575341 
1.25 0.65 -0.193978 0.545323 
1.3 0.65 -0.212305 0.511357 
1.35 0.65 -0.223148 0.474249 
1.4 0.65 -0.226111 0.434835 
1.45 0.65 -0.221032 0.394047 
1.5 0.65 -0.208 0.353013 
1.55 0.65 -0.187364 0.313144 
1.6 0.65 -0.159748 0.276176 
1.65 0.65 -0.126063 0.244123 
1.7 0.65 -0.0874993 0.219092 
1.75 0.65 -0.0454987 0.202992 
1.8 0.65 -0.00169251 0.197178 
1.85 0.65 0.0421817 0.202168 
1.9 0.65 0.0843826 0.217516 
1.95 0.65 0.123267 0.241924 
2 0.65 0.157376 0.273513 
2.05 0.65 0.185499 0.310178 
2.1 0.65 0.206703 0.349891 
2.15 0.65 0.220342 0.390891 
2.2 0.65 0.226045 0.431743 
2.25 0.65 0.223704 0.471301 
2.3 0.65 0.213462 0.508621 
2.35 0.65 0.195697 0.542862 
2.4 0.65 0.171023 0.57322 
2.45 0.65 0.14028 0.598891 
2.5 0.65 0.104527 0.619093 
2.55 0.65 0.0650154 0.633123 
2.6 0.65 0.0231542 0.640438 
2.65 0.65 -0.0195465 0.640739 
2.7 0.65 -0.0615387 0.634011 
2.75 0.65 -0.101306 0.620533 
2.8 0.65 -0.137429 0.60083 
2.85 0.65 -0.168642 0.575593 
2.9 0.65 -0.193868 0.545602 
2.95 0.65 -0.212247 0.51166 
3 0.65 -0.223147 0.47457 
3.05 0.65 -0.226167 0.435168 
3.1 0.65 -0.221147 0.394386 
3.15 0.65 -0.208173 0.353347 
3.2 0.65 -0.187591 0.31346 
3.25 0.65 -0.160023 0.27646 
3.3 0.65 -0.126378 0.244356 
3.35 0.65 -0.0878453 0.219258 
3.4 0.65 -0.0458627 0.203077 
3.45 0.65 -0.00206094 0.197176 
3.5 0.65 0.041823 0.202076 
3.55 0.65 0.0840475 0.217344 
3.6 0.65 0.122968 0.241684 
3.65 0.65 0.157125 0.273223 
3.7 0.65 0.185305 0.309855 
3.75 0.65 0.206573 0.349552 
3.8 0.65 0.220279 0.390548 
3.85 0.65 0.226052 0.431408 
3.9 0.65 0.223782 0.470981 
3.95 0.65 0.213608 0.508325 
4 0.65 0.195907 0.542597 
4.05 0.65 0.171291 0.572993 
4.1 0.65 0.140598 0.598708 
4.15 0.65 0.104886 0.618959 
4.2 0.65 0.0654053 0.633042 
4.25 0.65 0.0235648 0.640411 
4.3 0.65 -0.0191243 0.64076 
4.35 0.65 -0.0611112 0.634071 
4.4 0.65 -0.100875 0.620618 
4.45 0.65 -0.136993 0.600919 
4.5 0.65 -0.168189 0.575665 
4.55 0.65 -0.19338 0.54563 
4.6 0.65 -0.211697 0.511618 
4.65 0.65 -0.222501 0.474435 
4.7 0.65 -0.225383 0.434923 
4.75 0.65 -0.220178 0.394024 
4.8 0.65 -0.206972 0.352883 
4.85 0.65 -0.18612 0.312931 
4.9 0.65 -0.158259 0.275933 
4.95 0.65 -0.124332 0.243928 
5 0.65 -0.0855772 0.21904 
0 0.7 -0.107005 0.219239 
0.05 0.7 -0.0738709 0.195313 
0.1 0.7 -0.0378115 0.179971 
0.15 0.7 -0.000210343 0.174527 
0.2 0.7 0.0374392 0.179471 
0.25 0.7 0.0736303 0.194351 
0.3 0.7 0.106939 0.217877 
0.35 0.7 0.136105 0.248199 
0.4 0.7 0.160085 0.283248 
0.45 0.7 0.178085 0.32104 
0.5 0.7 0.189563 0.359852 
0.55 0.7 0.194218 0.398285 
0.6 0.7 0.191978 0.435231 
0.65 0.7 0.182983 0.469798 
0.7 0.7 0.167576 0.501225 
0.75 0.7 0.146295 0.528822 
0.8 0.7 0.119869 0.551941 
0.85 0.7 0.0892049 0.569978 
0.9 0.7 0.0553696 0.582412 
0.95 0.7 0.0195564 0.588851 
1 0.7 -0.0169579 0.589078 
1.05 0.7 -0.0528665 0.583087 
1.1 0.7 -0.0868881 0.571076 
1.15 0.7 -0.117821 0.553426 
1.2 0.7 -0.144586 0.530649 
1.25 0.7 -0.166263 0.503342 
1.3 0.7 -0.182107 0.472151 
1.35 0.7 -0.191562 0.43776 
1.4 0.7 -0.194269 0.400922 
1.45 0.7 -0.190067 0.362518 
1.5 0.7 -0.17901 0.32364 
1.55 0.7 -0.161377 0.285669 
1.6 0.7 -0.137688 0.250311 
1.65 0.7 -0.108719 0.21955 
1.7 0.7 -0.0754957 0.195466 
1.75 0.7 -0.0392681 0.179947 
1.8 0.7 -0.00146062 0.174339 
1.85 0.7 0.0364064 0.179153 
1.9 0.7 0.0728091 0.193949 
1.95 0.7 0.106313 0.217438 
2 0.7 0.135651 0.247761 
2.05 0.7 0.15978 0.28284 
2.1 0.7 0.177905 0.320677 
2.15 0.7 0.189486 0.359541 
2.2 0.7 0.194225 0.398026 
2.25 0.7 0.192052 0.435021 
2.3 0.7 0.183111 0.469633 
2.35 0.7 0.167746 0.501102 
2.4 0.7 0.146497 0.528738 
2.45 0.7 0.120095 0.551894 
2.5 0.7 0.089446 0.569969 
2.55 0.7 0.055618 0.582441 
2.6 0.7 0.0198043 0.588917 
2.65 0.7 -0.0167182 0.589182 
2.7 0.7 -0.0526425 0.583228 
2.75 0.7 -0.086687 0.571252 
2.8 0.7 -0.117649 0.553635 
2.85 0.7 -0.14445 0.530887 
2.9 0.7 -0.166168 0.503607 
2.95 0.7 -0.182056 0.472439 
3 0.7 -0.19156 0.438066 
3.05 0.7 -0.194316 0.401241 
3.1 0.7 -0.190165 0.362844 
3.15 0.7 -0.179157 0.323962 
3.2 0.7 -0.161571 0.285975 
3.25 0.7 -0.137925 0.250586 
3.3 0.7 -0.108991 0.219776 
3.35 0.7 -0.0757941 0.195628 
3.4 0.7 -0.0395823 0.180031 
3.45 0.7 -0.0017788 0.174338 
3.5 0.7 0.0360967 0.179066 
3.55 0.7 0.07252 0.193784 
3.6 0.7 0.106056 0.217209 
3.65 0.7 0.135435 0.247485 
3.7 0.7 0.159613 0.282534 
3.75 0.7 0.177793 0.320356 
3.8 0.7 0.189432 0.359219 
3.85 0.7 0.194231 0.397713 
3.9 0.7 0.192118 0.434726 
3.95 0.7 0.183234 0.469361 
4 0.7 0.167922 0.50086 
4.05 0.7 0.146722 0.528531 
4.1 0.7 0.12036 0.551726 
4.15 0.7 0.0897445 0.569843 
4.2 0.7 0.0559409 0.582357 
4.25 0.7 0.020143 0.588874 
4.3 0.7 -0.0163709 0.589173 
4.35 0.7 -0.0522914 0.583243 
4.4 0.7 -0.0863331 0.571276 
4.45 0.7 -0.117288 0.553648 
4.5 0.7 -0.144072 0.530869 
4.55 0.7 -0.165755 0.503532 
4.6 0.7 -0.181583 0.472283 
4.65 0.7 -0.190994 0.437808 
4.7 0.7 -0.193619 0.400867 
4.75 0.7 -0.189296 0.36235 
4.8 0.7 -0.178076 0.323366 
4.85 0.7 -0.160245 0.285317 
4.9 0.7 -0.136339 0.249939 
4.95 0.7 -0.107157 0.219239 
5 0.7 -0.0737661 0.195313 
0 0.75 -0.0865026 0.190916 
0.05 0.75 -0.059724 0.169091 
0.1 0.75 -0.0305546 0.155095 
0.15 0.75 -0.000129616 0.150141 
0.2 0.75 0.0303276 0.154679 
0.25 0.75 0.0595847 0.168286 
0.3 0.75 0.0864799 0.189768 
0.35 0.75 0.109989 0.217412 
0.4 0.75 0.129273 0.249307 
0.45 0.75 0.143697 0.283617 
0.5 0.75 0.152836 0.318752 
0.55 0.75 0.156466 0.353416 
0.6 0.75 0.154543 0.386589 
0.65 0.75 0.147196 0.417459 
0.7 0.75 0.134713 0.445355 
0.75 0.75 0.117538 0.469693 
0.8 0.75 0.0962592 0.489951 
0.85 0.75 0.0716076 0.505665 
0.9 0.75 0.044435 0.516447 
0.95 0.75 0.0156917 0.522013 
1 0.75 -0.0136082 0.522209 
1.05 0.75 -0.0424272 0.51703 
1.1 0.75 -0.0697479 0.506618 
1.15 0.75 -0.0946134 0.491246 
1.2 0.75 -0.116162 0.471295 
1.25 0.75 -0.133654 0.447223 
1.3 0.75 -0.146485 0.419547 
1.35 0.75 -0.1542 0.388843 
1.4 0.75 -0.156496 0.355776 
1.45 0.75 -0.153229 0.321145 
1.5 0.75 -0.144425 0.285956 
1.55 0.75 -0.130293 0.251487 
1.6 0.75 -0.111241 0.219317 
1.65 0.75 -0.0878859 0.19128 
1.7 0.75 -0.061055 0.169301 
1.75 0.75 -0.0317655 0.155126 
1.8 0.75 -0.00118154 0.150002 
1.85 0.75 0.0294513 0.154401 
1.9 0.75 0.0588841 0.167917 
1.95 0.75 0.0859441 0.189355 
2 0.75 0.109601 0.216996 
2.05 0.75 0.129012 0.248918 
2.1 0.75 0.143542 0.283272 
2.15 0.75 0.15277 0.318458 
2.2 0.75 0.15647 0.353174 
2.25 0.75 0.154603 0.386396 
2.3 0.75 0.147301 0.417311 
2.35 0.75 0.134852 0.445247 
2.4 0.75 0.117702 0.469623 
2.45 0.75 0.0964425 0.489917 
2.5 0.75 0.0718027 0.505665 
2.55 0.75 0.0446357 0.516481 
2.6 0.75 0.0158917 0.52208 
2.65 0.75 -0.013415 0.522309 
2.7 0.75 -0.0422468 0.517162 
2.75 0.75 -0.0695858 0.50678 
2.8 0.75 -0.0944749 0.491437 
2.85 0.75 -0.116052 0.471513 
2.9 0.75 -0.133576 0.447465 
2.95 0.75 -0.146443 0.419809 
3 0.75 -0.154197 0.389123 
3.05 0.75 -0.156533 0.356068 
3.1 0.75 -0.153307 0.321443 
3.15 0.75 -0.144543 0.286251 
3.2 0.75 -0.130449 0.251768 
3.25 0.75 -0.111432 0.21957 
3.3 0.75 -0.0881054 0.191489 
3.35 0.75 -0.0612962 0.169451 
3.4 0.75 -0.0320197 0.155204 
3.45 0.75 -0.00143903 0.150001 
3.5 0.75 0.0292007 0.154322 
3.55 0.75 0.0586503 0.167767 
3.6 0.75 0.0857362 0.189147 
3.65 0.75 0.109427 0.216746 
3.7 0.75 0.128877 0.24864 
3.75 0.75 0.143452 0.282983 
3.8 0.75 0.152726 0.318168 
3.85 0.75 0.156474 0.352893 
3.9 0.75 0.154655 0.386132 
3.95 0.75 0.147397 0.417069 
4 0.75 0.134991 0.445033 
4.05 0.75 0.117879 0.469439 
4.1 0.75 0.0966503 0.489766 
4.15 0.75 0.0720354 0.505548 
4.2 0.75 0.0448862 0.516397 
4.25 0.75 0.0161533 0.522026 
4.3 0.75 -0.0131479 0.522278 
4.35 0.75 -0.0419778 0.517143 
4.4 0.75 -0.0693151 0.506759 
4.45 0.75 -0.0941983 0.491396 
4.5 0.75 -0.11576 0.471432 
4.55 0.75 -0.133254 0.447322 
4.6 0.75 -0.146068 0.419584 
4.65 0.75 -0.153742 0.388796 
4.7 0.75 -0.155966 0.355628 
4.75 0.75 -0.152594 0.32089 
4.8 0.75 -0.143653 0.285604 
4.85 0.75 -0.129359 0.251069 
4.9 0.75 -0.110132 0.218888 
4.95 0.75 -0.0866107 0.190916 
5 0.75 -0.0596491 0.169091 
0 0.8 -0.0640466 0.158724 
0.05 0.8 -0.0442258 0.140106 
0.1 0.8 -0.0226201 0.128175 
0.15 0.8 -8.37691e-05 0.123961 
0.2 0.8 0.022468 0.127844 
0.25 0.8 0.0441148 0.139463 
0.3 0.8 0.0639909 0.157794 
0.35 0.8 0.0813362 0.181371 
0.4 0.8 0.0955316 0.208559 
0.45 0.8 0.106115 0.237781 
0.5 0.8 0.112784 0.267667 
0.55 0.8 0.11538 0.297099 
0.6 0.8 0.113886 0.325196 
0.65 0.8 0.108405 0.351261 
0.7 0.8 0.0991567 0.374728 
0.75 0.8 0.086473 0.39512 
0.8 0.8 0.0707905 0.412025 
0.85 0.8 0.0526453 0.425089 
0.9 0.8 0.0326614 0.434026 
0.95 0.8 0.0115325 0.438631 
1 0.8 -0.010002 0.438793 
1.05 0.8 -0.0311862 0.434509 
1.1 0.8 -0.0512783 0.42588 
1.15 0.8 -0.0695798 0.413103 
1.2 0.8 -0.08546 0.396458 
1.25 0.8 -0.0983747 0.376293 
1.3 0.8 -0.107878 0.353016 
1.35 0.8 -0.113629 0.327096 
1.4 0.8 -0.115397 0.299093 
1.45 0.8 -0.113066 0.269691 
1.5 0.8 -0.106644 0.23976 
1.55 0.8 -0.0962748 0.210404 
1.6 0.8 -0.0822484 0.182984 
1.65 0.8 -0.0650152 0.159076 
1.7 0.8 -0.0451853 0.140328 
1.75 0.8 -0.0235151 0.128236 
1.8 0.8 -0.00087471 0.123864 
1.85 0.8 0.0218023 0.127617 
1.9 0.8 0.0435798 0.139148 
1.95 0.8 0.0635811 0.157435 
2 0.8 0.0810394 0.181006 
2.05 0.8 0.0953326 0.208216 
2.1 0.8 0.105998 0.237477 
2.15 0.8 0.112733 0.267409 
2.2 0.8 0.115384 0.296888 
2.25 0.8 0.113932 0.32503 
2.3 0.8 0.108484 0.351136 
2.35 0.8 0.0992608 0.37464 
2.4 0.8 0.086596 0.395066 
2.45 0.8 0.0709268 0.412002 
2.5 0.8 0.05279 0.425096 
2.55 0.8 0.0328098 0.434061 
2.6 0.8 0.0116801 0.438694 
2.65 0.8 -0.00985953 0.438883 
2.7 0.8 -0.0310532 0.434625 
2.75 0.8 -0.0511588 0.426021 
2.8 0.8 -0.0694775 0.413268 
2.85 0.8 -0.0853785 0.396646 
2.9 0.8 -0.098317 0.376502 
2.95 0.8 -0.107847 0.353242 
3 0.8 -0.113626 0.327337 
3.05 0.8 -0.115423 0.299343 
3.1 0.8 -0.113123 0.269946 
3.15 0.8 -0.106731 0.240013 
3.2 0.8 -0.0963896 0.210645 
3.25 0.8 -0.0823888 0.183201 
3.3 0.8 -0.0651772 0.159255 
3.35 0.8 -0.0453636 0.140456 
3.4 0.8 -0.0237032 0.128303 
3.45 0.8 -0.00106535 0.123864 
3.5 0.8 0.0216167 0.127551 
3.55 0.8 0.0434068 0.139021 
3.6 0.8 0.0634273 0.157258 
3.65 0.8 0.0809106 0.180793 
3.7 0.8 0.0952333 0.20798 
3.75 0.8 0.105932 0.237231 
3.8 0.8 0.112701 0.267163 
3.85 0.8 0.115387 0.296651 
3.9 0.8 0.113969 0.324807 
3.95 0.8 0.108554 0.350932 
4 0.8 0.0993611 0.374459 
4.05 0.8 0.0867228 0.39491 
4.1 0.8 0.0710758 0.411873 
4.15 0.8 0.0529561 0.424993 
4.2 0.8 0.0329878 0.433983 
4.25 0.8 0.011865 0.438636 
4.3 0.8 -0.00967197 0.43884 
4.35 0.8 -0.0308653 0.434587 
4.4 0.8 -0.0509705 0.425974 
4.45 0.8 -0.0692855 0.413198 
4.5 0.8 -0.0851752 0.396535 
4.55 0.8 -0.0980904 0.376332 
4.6 0.8 -0.10758 0.352995 
4.65 0.8 -0.113298 0.326999 
4.7 0.8 -0.115009 0.298906 
4.75 0.8 -0.112598 0.269412 
4.8 0.8 -0.106074 0.239401 
4.85 0.8 -0.0955869 0.209995 
4.9 0.8 -0.0814404 0.182572 
4.95 0.8 -0.0641001 0.158724 
5 0.8 -0.0441887 0.140106 
0 0.85 -0.0415013 0.122848 
0.05 0.85 -0.0286533 0.108354 
0.1 0.85 -0.0146512 0.0990769 
0.15 0.85 -5.59593e-05 0.0958071 
0.2 0.85 0.0145391 0.098833 
0.25 0.85 0.0285365 0.107874 
0.3 0.85 0.0413734 0.122139 
0.35 0.85 0.0525575 0.140497 
0.4 0.85 0.0616906 0.161674 
0.45 0.85 0.0684793 0.184444 
0.5 0.85 0.0727338 0.207729 
0.55 0.85 0.0743609 0.230648 
0.6 0.85 0.0733546 0.252504 
0.65 0.85 0.0697874 0.272747 
0.7 0.85 0.063805 0.290936 
0.75 0.85 0.0556223 0.306704 
0.8 0.85 0.0455212 0.319744 
0.85 0.85 0.0338455 0.3298 
0.9 0.85 0.0209947 0.336667 
0.95 0.85 0.00741244 0.3402 
1 0.85 -0.00642903 0.340325 
1.05 0.85 -0.0200468 0.337037 
1.1 0.85 -0.0329668 0.330407 
1.15 0.85 -0.0447426 0.320574 
1.2 0.85 -0.0549705 0.307736 
1.25 0.85 -0.0633013 0.292145 
1.3 0.85 -0.0694475 0.274106 
1.35 0.85 -0.0731879 0.253977 
1.4 0.85 -0.07437 0.232195 
1.45 0.85 -0.0729139 0.209299 
1.5 0.85 -0.068818 0.185979 
1.55 0.85 -0.0621671 0.163106 
1.6 0.85 -0.0531425 0.141747 
1.65 0.85 -0.0420303 0.123134 
1.7 0.85 -0.0292231 0.108548 
1.75 0.85 -0.0152122 0.0991451 
1.8 0.85 -0.000565937 0.0957465 
1.85 0.85 0.0141043 0.0986644 
1.9 0.85 0.0281854 0.107631 
1.95 0.85 0.0411046 0.121858 
2 0.85 0.0523636 0.140208 
2.05 0.85 0.0615616 0.161402 
2.1 0.85 0.0684044 0.184201 
2.15 0.85 0.0727029 0.207523 
2.2 0.85 0.074365 0.230481 
2.25 0.85 0.073386 0.252373 
2.3 0.85 0.0698399 0.272649 
2.35 0.85 0.0638735 0.290868 
2.4 0.85 0.0557027 0.306664 
2.45 0.85 0.0456097 0.319729 
2.5 0.85 0.0339392 0.329808 
2.55 0.85 0.0210906 0.336697 
2.6 0.85 0.00750763 0.340252 
2.65 0.85 -0.00633725 0.340398 
2.7 0.85 -0.0199611 0.337131 
2.75 0.85 -0.0328898 0.33052 
2.8 0.85 -0.0446767 0.320705 
2.85 0.85 -0.0549178 0.307884 
2.9 0.85 -0.0632638 0.292309 
2.95 0.85 -0.0694269 0.274284 
3 0.85 -0.0731854 0.254166 
3.05 0.85 -0.0743865 0.232392 
3.1 0.85 -0.0729499 0.2095 
3.15 0.85 -0.0688732 0.186178 
3.2 0.85 -0.0622407 0.163294 
3.25 0.85 -0.0532329 0.141917 
3.3 0.85 -0.0421347 0.123274 
3.35 0.85 -0.0293382 0.108649 
3.4 0.85 -0.0153338 0.0991978 
3.45 0.85 -0.00068925 0.095747 
3.5 0.85 0.0139843 0.0986129 
3.55 0.85 0.0280736 0.107532 
3.6 0.85 0.0410053 0.12172 
3.65 0.85 0.0522805 0.140042 
3.7 0.85 0.0614976 0.161218 
3.75 0.85 0.0683615 0.18401 
3.8 0.85 0.0726821 0.207332 
3.85 0.85 0.0743666 0.230296 
3.9 0.85 0.0734095 0.252199 
3.95 0.85 0.0698842 0.272491 
4 0.85 0.0639368 0.290727 
4.05 0.85 0.0557826 0.306542 
4.1 0.85 0.0457033 0.319627 
4.15 0.85 0.034043 0.329726 
4.2 0.85 0.0212013 0.336632 
4.25 0.85 0.0076218 0.340201 
4.3 0.85 -0.00622227 0.340354 
4.35 0.85 -0.0198469 0.337087 
4.4 0.85 -0.0327763 0.330468 
4.45 0.85 -0.0445615 0.320631 
4.5 0.85 -0.054796 0.307775 
4.55 0.85 -0.0631271 0.292151 
4.6 0.85 -0.069264 0.274062 
4.65 0.85 -0.0729822 0.253872 
4.7 0.85 -0.074127 0.232019 
4.75 0.85 -0.0726182 0.209053 
4.8 0.85 -0.0684567 0.185674 
4.85 0.85 -0.0617347 0.162767 
4.9 0.85 -0.0526454 0.141413 
4.95 0.85 -0.041489 0.122848 
5 0.85 -0.0286614 0.108354 
0 0.9 -0.021249 0.0838437 
0.05 0.9 -0.0146411 0.074059 
0.1 0.9 -0.00747748 0.0678125 
0.15 0.9 -3.25366e-05 0.0656154 
0.2 0.9 0.00740183 0.0676549 
0.25 0.9 0.0145241 0.0737444 
0.3 0.9 0.0210475 0.0833612 
0.35 0.9 0.0267211 0.095752 
0.4 0.9 0.0313439 0.110067 
0.45 0.9 0.0347694 0.125477 
0.5 0.9 0.0369052 0.14125 
0.55 0.9 0.0377077 0.156784 
0.6 0.9 0.0371775 0.171595 
0.65 0.9 0.0353536 0.185307 
0.7 0.9 0.0323112 0.197616 
0.75 0.9 0.0281595 0.208275 
0.8 0.9 0.0230409 0.217078 
0.85 0.9 0.0171287 0.223859 
0.9 0.9 0.0106242 0.228484 
0.95 0.9 0.00375081 0.230863 
1 0.9 -0.00325323 0.230946 
1.05 0.9 -0.0101445 0.228733 
1.1 0.9 -0.0166841 0.224268 
1.15 0.9 -0.0226469 0.217637 
1.2 0.9 -0.0278296 0.208971 
1.25 0.9 -0.0320562 0.198433 
1.3 0.9 -0.0351815 0.186226 
1.35 0.9 -0.0370931 0.172592 
1.4 0.9 -0.0377124 0.157829 
1.45 0.9 -0.0369966 0.142312 
1.5 0.9 -0.0349414 0.126514 
1.55 0.9 -0.0315859 0.111032 
1.6 0.9 -0.0270184 0.0965955 
1.65 0.9 -0.0213812 0.0840324 
1.7 0.9 -0.0148729 0.074201 
1.75 0.9 -0.00774446 0.0678701 
1.8 0.9 -0.000288181 0.0655833 
1.85 0.9 0.00718048 0.0675466 
1.9 0.9 0.0143451 0.073583 
1.95 0.9 0.020911 0.0831715 
2 0.9 0.0266235 0.0955559 
2.05 0.9 0.0312798 0.10988 
2.1 0.9 0.0347331 0.12531 
2.15 0.9 0.0368912 0.141109 
2.2 0.9 0.0377115 0.156668 
2.25 0.9 0.0371948 0.171506 
2.3 0.9 0.0353813 0.185241 
2.35 0.9 0.0323468 0.19757 
2.4 0.9 0.0282008 0.208248 
2.45 0.9 0.0230862 0.217069 
2.5 0.9 0.0171764 0.223866 
2.55 0.9 0.0106728 0.228507 
2.6 0.9 0.00379906 0.2309 
2.65 0.9 -0.00320675 0.230998 
2.7 0.9 -0.0101011 0.228798 
2.75 0.9 -0.0166451 0.224346 
2.8 0.9 -0.0226135 0.217728 
2.85 0.9 -0.0278028 0.209073 
2.9 0.9 -0.0320371 0.198545 
2.95 0.9 -0.0351708 0.186347 
3 0.9 -0.0370915 0.172721 
3.05 0.9 -0.0377204 0.157964 
3.1 0.9 -0.0370145 0.142449 
3.15 0.9 -0.0349691 0.126649 
3.2 0.9 -0.031623 0.11116 
3.25 0.9 -0.027064 0.0967102 
3.3 0.9 -0.0214341 0.0841269 
3.35 0.9 -0.0149314 0.0742687 
3.4 0.9 -0.00780631 0.0679057 
3.45 0.9 -0.000350935 0.0655838 
3.5 0.9 0.0071194 0.0675121 
3.55 0.9 0.0142882 0.0735166 
3.6 0.9 0.0208606 0.0830789 
3.65 0.9 0.0265814 0.095444 
3.7 0.9 0.0312474 0.109756 
3.75 0.9 0.0347114 0.125181 
3.8 0.9 0.0368807 0.140979 
3.85 0.9 0.0377122 0.156543 
3.9 0.9 0.0372066 0.171388 
3.95 0.9 0.0354035 0.185133 
4 0.9 0.0323783 0.197474 
4.05 0.9 0.0282406 0.208165 
4.1 0.9 0.0231325 0.216999 
4.15 0.9 0.0172276 0.223808 
4.2 0.9 0.0107271 0.22846 
4.25 0.9 0.00385464 0.230861 
4.3 0.9 -0.00315132 0.230964 
4.35 0.9 -0.0100467 0.228763 
4.4 0.9 -0.0165917 0.224303 
4.45 0.9 -0.0225599 0.217669 
4.5 0.9 -0.0277465 0.208988 
4.55 0.9 -0.0319737 0.198427 
4.6 0.9 -0.0350944 0.186185 
4.65 0.9 -0.0369947 0.172509 
4.7 0.9 -0.0375949 0.157699 
4.75 0.9 -0.036852 0.142136 
4.8 0.9 -0.034764 0.126301 
4.85 0.9 -0.0313759 0.110802 
4.9 0.9 -0.0267878 0.0963728 
4.95 0.9 -0.0211604 0.0838437 
5 0.9 -0.0147022 0.074059 
0 0.95 -0.00627215 0.0425465 
0.05 0.95 -0.00423971 0.0376809 
0.1 0.95 -0.00215072 0.0345898 
0.15 0.95 -1.015e-05 0.0335049 
0.2 0.95 0.00212018 0.0345149 
0.25 0.95 0.0041583 0.0375303 
0.3 0.95 0.00602219 0.0422987 
0.35 0.95 0.0076399 0.0484539 
0.4 0.95 0.00895436 0.0555796 
0.45 0.95 0.00992485 0.0632658 
0.5 0.95 0.0105264 0.0711467 
0.55 0.95 0.0107481 0.0789175 
0.6 0.95 0.0105911 0.0863334 
0.65 0.95 0.0100673 0.0932008 
0.7 0.95 0.00919815 0.0993656 
0.75 0.95 0.00801473 0.104703 
0.8 0.95 0.00655713 0.109109 
0.85 0.95 0.00487433 0.112501 
0.9 0.95 0.00302327 0.114814 
0.95 0.95 0.00106736 0.116003 
1 0.95 -0.000925726 0.116045 
1.05 0.95 -0.00288676 0.114938 
1.1 0.95 -0.00474783 0.112705 
1.15 0.95 -0.00644507 0.109388 
1.2 0.95 -0.00792094 0.105051 
1.25 0.95 -0.00912572 0.0997744 
1.3 0.95 -0.0100185 0.0936603 
1.35 0.95 -0.0105673 0.0868316 
1.4 0.95 -0.0107497 0.0794403 
1.45 0.95 -0.0105529 0.0716769 
1.5 0.95 -0.0099744 0.063783 
1.55 0.95 -0.00902406 0.0560605 
1.6 0.95 -0.0077255 0.0488734 
1.65 0.95 -0.00611823 0.0426323 
1.7 0.95 -0.00425846 0.0377578 
1.75 0.95 -0.00221831 0.0346236 
1.8 0.95 -8.25763e-05 0.0334924 
1.85 0.95 0.00205677 0.0344636 
1.9 0.95 0.00410747 0.0374518 
1.95 0.95 0.00598397 0.0422053 
2 0.95 0.00761303 0.0483565 
2.05 0.95 0.00893713 0.0554865 
2.1 0.95 0.00991552 0.0631823 
2.15 0.95 0.0105234 0.0710756 
2.2 0.95 0.0107499 0.0788594 
2.25 0.95 0.0105967 0.0862879 
2.3 0.95 0.0100756 0.0931672 
2.35 0.95 0.0092086 0.0993427 
2.4 0.95 0.00802669 0.104689 
2.45 0.95 0.00657014 0.109104 
2.5 0.95 0.00488796 0.112505 
2.55 0.95 0.00303714 0.114825 
2.6 0.95 0.00108109 0.116022 
2.65 0.95 -0.000912516 0.116071 
2.7 0.95 -0.00287443 0.114971 
2.75 0.95 -0.00473673 0.112745 
2.8 0.95 -0.00643554 0.109434 
2.85 0.95 -0.00791328 0.105102 
2.9 0.95 -0.00912022 0.0998309 
2.95 0.95 -0.0100153 0.0937214 
3 0.95 -0.0105668 0.0868965 
3.05 0.95 -0.0107519 0.0795078 
3.1 0.95 -0.0105578 0.0717454 
3.15 0.95 -0.00998218 0.0638504 
3.2 0.95 -0.00903454 0.0561243 
3.25 0.95 -0.00773846 0.0489305 
3.3 0.95 -0.00613331 0.0426793 
3.35 0.95 -0.00427516 0.0377914 
3.4 0.95 -0.002236 0.0346413 
3.45 0.95 -0.000100538 0.0334927 
3.5 0.95 0.00203929 0.0344465 
3.55 0.95 0.0040912 0.0374189 
3.6 0.95 0.00596955 0.0421593 
3.65 0.95 0.007601 0.0483009 
3.7 0.95 0.0089279 0.0554248 
3.75 0.95 0.00990934 0.0631176 
3.8 0.95 0.0105204 0.0710107 
3.85 0.95 0.0107501 0.0787966 
3.9 0.95 0.0106 0.0862289 
3.95 0.95 0.0100819 0.0931131 
4 0.95 0.00921749 0.0992944 
4.05 0.95 0.00803785 0.104647 
4.1 0.95 0.00658311 0.109069 
4.15 0.95 0.00490223 0.112475 
4.2 0.95 0.00305215 0.114801 
4.25 0.95 0.00109632 0.116002 
4.3 0.95 -0.000897509 0.116053 
4.35 0.95 -0.00285993 0.114952 
4.4 0.95 -0.00472278 0.112721 
4.45 0.95 -0.00642184 0.109402 
4.5 0.95 -0.0078991 0.105057 
4.55 0.95 -0.00910431 0.0997685 
4.6 0.95 -0.00999596 0.0936372 
4.65 0.95 -0.0105417 0.0867874 
4.7 0.95 -0.0107186 0.0793728 
4.75 0.95 -0.0105138 0.0715873 
4.8 0.95 -0.00992573 0.0636766 
4.85 0.95 -0.00896695 0.0559477 
4.9 0.95 -0.0076694 0.0487682 
4.95 0.95 -0.006096 0.0425465 
5 0.95 -0.00436181 0.0376809 
0 1 0 0 
0.05 1 0 0 
0.1 1 0 0 
0.15 1 0 0 
0.2 1 0 0 
0.25 1 0 0 
0.3 1 0 0 
0.35 1 0 0 
0.4 1 0 0 
0.45 1 0 0 
0.5 1 0 0 
0.55 1 0 0 
0.6 1 0 0 
0.65 1 0 0 
0.7 1 0 0 
0.75 1 0 0 
0.8 1 0 0 
0.85 1 0 0 
0.9 1 0 0 
0.95 1 0 0 
1 1 0 0 
1.05 1 0 0 
1.1 1 0 0 
1.15 1 0 0 
1.2 1 0 0 
1.25 1 0 0 
1.3 1 0 0 
1.35 1 0 0 
1.4 1 0 0 
1.45 1 0 0 
1.5 1 0 0 
1.55 1 0 0 
1.6 1 0 0 
1.65 1 0 0 
1.7 1 0 0 
1.75 1 0 0 
1.8 1 0 0 
1.85 1 0 0 
1.9 1 0 0 
1.95 1 0 0 
2 1 0 0 
2.05 1 0 0 
2.1 1 0 0 
2.15 1 0 0 
2.2 1 0 0 
2.25 1 0 0 
2.3 1 0 0 
2.35 1 0 0 
2.4 1 0 0 
2.45 1 0 0 
2.5 1 0 0 
2.55 1 0 0 
2.6 1 0 0 
2.65 1 0 0 
2.7 1 0 0 
2.75 1 0 0 
2.8 1 0 0 
2.85 1 0 0 
2.9 1 0 0 
2.95 1 0 0 
3 1 0 0 
3.05 1 0 0 
3.1 1 0 0 
3.15 1 0 0 
3.2 1 0 0 
3.25 1 0 0 
3.3 1 0 0 
3.35 1 0 0 
3.4 1 0 0 
3.45 1 0 0 
3.5 1 0 0 
3.55 1 0 0 
3.6 1 0 0 
3.65 1 0 0 
3.7 1 0 0 
3.75 1 0 0 
3.8 1 0 0 
3.85 1 0 0 
3.9 1 0 0 
3.95 1 0 0 
4 1 0 0 
4.05 1 0 0 
4.1 1 0 0 
4.15 1 0 0 
4.2 1 0 0 
4.25 1 0 0 
4.3 1 0 0 
4.35 1 0 0 
4.4 1 0 0 
4.45 1 0 0 
4.5 1 0 0 
4.55 1 0 0 
4.6 1 0 0 
4.65 1 0 0 
4.7 1 0 0 
4.75 1 0 0 
4.8 1 0 0 
4.85 1 0 0 
4.9 1 0 0 
4.95 1 0 0 
5 1 0 0 
