x, y, ksi, T
#iter= 440000
0 0 0 1 
0.05 0 0 1 
0.1 0 0 1 
0.15 0 0 1 
0.2 0 0 1 
0.25 0 0 1 
0.3 0 0 1 
0.35 0 0 1 
0.4 0 0 1 
0.45 0 0 1 
0.5 0 0 1 
0.55 0 0 1 
0.6 0 0 1 
0.65 0 0 1 
0.7 0 0 1 
0.75 0 0 1 
0.8 0 0 1 
0.85 0 0 1 
0.9 0 0 1 
0.95 0 0 1 
1 0 0 1 
1.05 0 0 1 
1.1 0 0 1 
1.15 0 0 1 
1.2 0 0 1 
1.25 0 0 1 
1.3 0 0 1 
1.35 0 0 1 
1.4 0 0 1 
1.45 0 0 1 
1.5 0 0 1 
1.55 0 0 1 
1.6 0 0 1 
1.65 0 0 1 
1.7 0 0 1 
1.75 0 0 1 
1.8 0 0 1 
1.85 0 0 1 
1.9 0 0 1 
1.95 0 0 1 
2 0 0 1 
2.05 0 0 1 
2.1 0 0 1 
2.15 0 0 1 
2.2 0 0 1 
2.25 0 0 1 
2.3 0 0 1 
2.35 0 0 1 
2.4 0 0 1 
2.45 0 0 1 
2.5 0 0 1 
2.55 0 0 1 
2.6 0 0 1 
2.65 0 0 1 
2.7 0 0 1 
2.75 0 0 1 
2.8 0 0 1 
2.85 0 0 1 
2.9 0 0 1 
2.95 0 0 1 
3 0 0 1 
3.05 0 0 1 
3.1 0 0 1 
3.15 0 0 1 
3.2 0 0 1 
3.25 0 0 1 
3.3 0 0 1 
3.35 0 0 1 
3.4 0 0 1 
3.45 0 0 1 
3.5 0 0 1 
3.55 0 0 1 
3.6 0 0 1 
3.65 0 0 1 
3.7 0 0 1 
3.75 0 0 1 
3.8 0 0 1 
3.85 0 0 1 
3.9 0 0 1 
3.95 0 0 1 
4 0 0 1 
4.05 0 0 1 
4.1 0 0 1 
4.15 0 0 1 
4.2 0 0 1 
4.25 0 0 1 
4.3 0 0 1 
4.35 0 0 1 
4.4 0 0 1 
4.45 0 0 1 
4.5 0 0 1 
4.55 0 0 1 
4.6 0 0 1 
4.65 0 0 1 
4.7 0 0 1 
4.75 0 0 1 
4.8 0 0 1 
4.85 0 0 1 
4.9 0 0 1 
4.95 0 0 1 
5 0 0 1 
0 0.05 -0.00621292 0.889187 
0.05 0.05 -0.00427687 0.886146 
0.1 0.05 -0.0022547 0.884312 
0.15 0.05 -0.000201933 0.883668 
0.2 0.05 0.00182886 0.8842 
0.25 0.05 0.00377811 0.885887 
0.3 0.05 0.00558484 0.888688 
0.35 0.05 0.00719132 0.892545 
0.4 0.05 0.00854587 0.897383 
0.45 0.05 0.00960457 0.903111 
0.5 0.05 0.010332 0.909615 
0.55 0.05 0.0107017 0.91676 
0.6 0.05 0.0106964 0.924375 
0.65 0.05 0.0103087 0.932247 
0.7 0.05 0.00954228 0.940104 
0.75 0.05 0.00841374 0.947613 
0.8 0.05 0.0069546 0.954383 
0.85 0.05 0.00521275 0.959994 
0.9 0.05 0.0032527 0.96404 
0.95 0.05 0.00115348 0.966195 
1 0.05 -0.000995685 0.966275 
1.05 0.05 -0.00310176 0.964271 
1.1 0.05 -0.00507503 0.960358 
1.15 0.05 -0.00683552 0.954853 
1.2 0.05 -0.00831761 0.948158 
1.25 0.05 -0.00947219 0.940695 
1.3 0.05 -0.0102667 0.932858 
1.35 0.05 -0.0106836 0.924986 
1.4 0.05 -0.0107184 0.917353 
1.45 0.05 -0.0103783 0.910179 
1.5 0.05 -0.00968003 0.903636 
1.55 0.05 -0.00865028 0.897863 
1.6 0.05 -0.00732472 0.892973 
1.65 0.05 -0.00574809 0.889059 
1.7 0.05 -0.00397356 0.886194 
1.75 0.05 -0.00206159 0.884435 
1.8 0.05 -7.80673e-05 0.883814 
1.85 0.05 0.00190819 0.884344 
1.9 0.05 0.00382823 0.886015 
1.95 0.05 0.00561585 0.888794 
2 0.05 0.0072101 0.892627 
2.05 0.05 0.00855718 0.897443 
2.1 0.05 0.00961168 0.90315 
2.15 0.05 0.0103372 0.909637 
2.2 0.05 0.0107064 0.916767 
2.25 0.05 0.0107016 0.92437 
2.3 0.05 0.0103149 0.932233 
2.35 0.05 0.00954991 0.940084 
2.4 0.05 0.0084229 0.947591 
2.45 0.05 0.00696521 0.954363 
2.5 0.05 0.00522459 0.959979 
2.55 0.05 0.0032654 0.964032 
2.6 0.05 0.00116657 0.966198 
2.65 0.05 -0.000982737 0.966289 
2.7 0.05 -0.00308951 0.964296 
2.75 0.05 -0.005064 0.960393 
2.8 0.05 -0.00682617 0.954896 
2.85 0.05 -0.00831032 0.948207 
2.9 0.05 -0.00946725 0.940747 
2.95 0.05 -0.0102643 0.932911 
3 0.05 -0.0106838 0.925038 
3.05 0.05 -0.0107213 0.917403 
3.1 0.05 -0.0103838 0.910225 
3.15 0.05 -0.00968809 0.903677 
3.2 0.05 -0.00866066 0.897897 
3.25 0.05 -0.00733716 0.893001 
3.3 0.05 -0.00576223 0.889079 
3.35 0.05 -0.00398898 0.886206 
3.4 0.05 -0.0020778 0.884438 
3.45 0.05 -9.45332e-05 0.883807 
3.5 0.05 0.00189203 0.884328 
3.55 0.05 0.00381293 0.88599 
3.6 0.05 0.00560197 0.888759 
3.65 0.05 0.00719814 0.892584 
3.7 0.05 0.0085476 0.897392 
3.75 0.05 0.00960487 0.903091 
3.8 0.05 0.0103335 0.909571 
3.85 0.05 0.0107061 0.916696 
3.9 0.05 0.0107049 0.924295 
3.95 0.05 0.010322 0.932157 
4 0.05 0.00956078 0.94001 
4.05 0.05 0.00843748 0.947523 
4.1 0.05 0.00698326 0.954305 
4.15 0.05 0.00524571 0.959937 
4.2 0.05 0.00328898 0.964013 
4.25 0.05 0.00119184 0.966205 
4.3 0.05 -0.000956689 0.966325 
4.35 0.05 -0.0030637 0.964364 
4.4 0.05 -0.00503951 0.960493 
4.45 0.05 -0.00680415 0.955026 
4.5 0.05 -0.00829203 0.948364 
4.55 0.05 -0.0094542 0.94093 
4.6 0.05 -0.0102584 0.933116 
4.65 0.05 -0.010688 0.925262 
4.7 0.05 -0.0107397 0.917642 
4.75 0.05 -0.0104225 0.910474 
4.8 0.05 -0.00975625 0.903927 
4.85 0.05 -0.00877247 0.898133 
4.9 0.05 -0.00751497 0.893195 
4.95 0.05 -0.0060401 0.889187 
5 0.05 -0.00439736 0.886146 
0 0.1 -0.0209761 0.779493 
0.05 0.1 -0.0146644 0.773506 
0.1 0.1 -0.007776 0.769829 
0.15 0.1 -0.000649696 0.768522 
0.2 0.1 0.00645092 0.769576 
0.25 0.1 0.0132851 0.772941 
0.3 0.1 0.0196264 0.778535 
0.35 0.1 0.0252663 0.78624 
0.4 0.1 0.0300199 0.795902 
0.45 0.1 0.0337307 0.807336 
0.5 0.1 0.0362727 0.82032 
0.55 0.1 0.0375527 0.834585 
0.6 0.1 0.0375111 0.849799 
0.65 0.1 0.0361252 0.865541 
0.7 0.1 0.0334124 0.881277 
0.75 0.1 0.0294362 0.896345 
0.8 0.1 0.0243119 0.909959 
0.85 0.1 0.0182102 0.921264 
0.9 0.1 0.0113571 0.929431 
0.95 0.1 0.00402613 0.933786 
1 0.1 -0.00347604 0.933946 
1.05 0.1 -0.0108305 0.929897 
1.1 0.1 -0.0177292 0.921997 
1.15 0.1 -0.0238953 0.910903 
1.2 0.1 -0.0290993 0.897438 
1.25 0.1 -0.0331663 0.88246 
1.3 0.1 -0.0359775 0.866762 
1.35 0.1 -0.037466 0.851016 
1.4 0.1 -0.037612 0.835766 
1.45 0.1 -0.0364365 0.82144 
1.5 0.1 -0.0339977 0.808377 
1.55 0.1 -0.0303888 0.796849 
1.6 0.1 -0.0257361 0.787081 
1.65 0.1 -0.0201982 0.779259 
1.7 0.1 -0.0139632 0.773533 
1.75 0.1 -0.00724455 0.770013 
1.8 0.1 -0.000274208 0.768772 
1.85 0.1 0.00670573 0.769832 
1.9 0.1 0.0134528 0.773174 
1.95 0.1 0.0197339 0.778729 
2 0.1 0.0253339 0.786391 
2.05 0.1 0.0300625 0.796011 
2.1 0.1 0.0337588 0.807407 
2.15 0.1 0.0362937 0.820357 
2.2 0.1 0.0375717 0.834594 
2.25 0.1 0.0375315 0.849785 
2.3 0.1 0.036149 0.86551 
2.35 0.1 0.0334408 0.881235 
2.4 0.1 0.0294697 0.896299 
2.45 0.1 0.0243501 0.909916 
2.5 0.1 0.0182524 0.921232 
2.55 0.1 0.011402 0.929414 
2.6 0.1 0.00407227 0.933791 
2.65 0.1 -0.00343054 0.933974 
2.7 0.1 -0.0107876 0.929947 
2.75 0.1 -0.0176905 0.922068 
2.8 0.1 -0.0238625 0.91099 
2.85 0.1 -0.0290738 0.897536 
2.9 0.1 -0.0331491 0.882564 
2.95 0.1 -0.0359691 0.866867 
3 0.1 -0.037467 0.851119 
3.05 0.1 -0.0376224 0.835864 
3.1 0.1 -0.0364562 0.821531 
3.15 0.1 -0.0340263 0.808458 
3.2 0.1 -0.0304255 0.796918 
3.25 0.1 -0.02578 0.787137 
3.3 0.1 -0.0202481 0.779299 
3.35 0.1 -0.0140176 0.773556 
3.4 0.1 -0.00730164 0.770019 
3.45 0.1 -0.000332135 0.768759 
3.5 0.1 0.00664894 0.769801 
3.55 0.1 0.0133991 0.773124 
3.6 0.1 0.0196852 0.778661 
3.65 0.1 0.025292 0.786305 
3.7 0.1 0.0300291 0.795909 
3.75 0.1 0.0337352 0.80729 
3.8 0.1 0.0362812 0.820227 
3.85 0.1 0.0375712 0.834452 
3.9 0.1 0.0375437 0.849636 
3.95 0.1 0.0361744 0.865357 
4 0.1 0.0334795 0.881086 
4.05 0.1 0.0295212 0.896161 
4.1 0.1 0.0244135 0.909799 
4.15 0.1 0.0183263 0.921147 
4.2 0.1 0.0114843 0.929373 
4.25 0.1 0.00416022 0.933802 
4.3 0.1 -0.00334007 0.934045 
4.35 0.1 -0.0106981 0.930082 
4.4 0.1 -0.0176057 0.922265 
4.45 0.1 -0.0237864 0.911247 
4.5 0.1 -0.0290107 0.897848 
4.55 0.1 -0.0331042 0.882925 
4.6 0.1 -0.0359491 0.867271 
4.65 0.1 -0.0374809 0.85156 
4.7 0.1 -0.0376828 0.836334 
4.75 0.1 -0.0365809 0.822019 
4.8 0.1 -0.0342393 0.808944 
4.85 0.1 -0.0307571 0.79737 
4.9 0.1 -0.0262618 0.787499 
4.95 0.1 -0.0208892 0.779493 
5 0.1 -0.0147231 0.773506 
0 0.15 -0.04089 0.675172 
0.05 0.15 -0.0285665 0.666397 
0.1 0.15 -0.0151151 0.660959 
0.15 0.15 -0.00113917 0.659006 
0.2 0.15 0.0128291 0.660551 
0.25 0.15 0.026296 0.66553 
0.3 0.15 0.038801 0.673813 
0.35 0.15 0.0499235 0.685219 
0.4 0.15 0.0592931 0.699512 
0.45 0.15 0.0665968 0.716409 
0.5 0.15 0.0715847 0.73558 
0.55 0.15 0.0740732 0.756628 
0.6 0.15 0.0739485 0.779071 
0.65 0.15 0.0711708 0.802298 
0.7 0.15 0.065782 0.825534 
0.75 0.15 0.0579148 0.847808 
0.8 0.15 0.0478029 0.867963 
0.85 0.15 0.0357866 0.884723 
0.9 0.15 0.0223101 0.896846 
0.95 0.15 0.00790689 0.903317 
1 0.15 -0.006828 0.903555 
1.05 0.15 -0.0212769 0.897537 
1.1 0.15 -0.0348418 0.885809 
1.15 0.15 -0.0469837 0.86936 
1.2 0.15 -0.0572511 0.849423 
1.25 0.15 -0.0652964 0.827277 
1.3 0.15 -0.0708787 0.804093 
1.35 0.15 -0.0738587 0.780856 
1.4 0.15 -0.0741894 0.758356 
1.45 0.15 -0.0719066 0.737214 
1.5 0.15 -0.0671215 0.717922 
1.55 0.15 -0.060016 0.700879 
1.6 0.15 -0.0508397 0.68642 
1.65 0.15 -0.0399071 0.674827 
1.7 0.15 -0.0275914 0.66633 
1.75 0.15 -0.0143161 0.661104 
1.8 0.15 -0.00054163 0.659259 
1.85 0.15 0.0132519 0.660834 
1.9 0.15 0.0265835 0.665797 
1.95 0.15 0.0389907 0.674041 
2 0.15 0.0500466 0.685397 
2.05 0.15 0.0593734 0.699639 
2.1 0.15 0.0666522 0.716489 
2.15 0.15 0.071628 0.735616 
2.2 0.15 0.0741135 0.756628 
2.25 0.15 0.0739917 0.77904 
2.3 0.15 0.0712207 0.802245 
2.35 0.15 0.0658406 0.825468 
2.4 0.15 0.0579829 0.847737 
2.45 0.15 0.0478801 0.867897 
2.5 0.15 0.0358712 0.884673 
2.55 0.15 0.0223996 0.896821 
2.6 0.15 0.00799844 0.903323 
2.65 0.15 -0.00673798 0.903596 
2.7 0.15 -0.021192 0.897612 
2.75 0.15 -0.0347655 0.885914 
2.8 0.15 -0.0469191 0.869488 
2.85 0.15 -0.0572009 0.849568 
2.9 0.15 -0.0652624 0.827431 
2.95 0.15 -0.0708623 0.80425 
3 0.15 -0.0738607 0.78101 
3.05 0.15 -0.0742102 0.758502 
3.1 0.15 -0.0719458 0.737349 
3.15 0.15 -0.0671782 0.718042 
3.2 0.15 -0.0600889 0.700982 
3.25 0.15 -0.0509269 0.686503 
3.3 0.15 -0.040006 0.674887 
3.35 0.15 -0.0276991 0.666366 
3.4 0.15 -0.0144291 0.661113 
3.45 0.15 -0.000656226 0.659241 
3.5 0.15 0.0131396 0.660789 
3.55 0.15 0.0264775 0.665724 
3.6 0.15 0.0388948 0.673941 
3.65 0.15 0.0499643 0.685271 
3.7 0.15 0.0593079 0.699489 
3.75 0.15 0.0666063 0.716316 
3.8 0.15 0.071604 0.735424 
3.85 0.15 0.0741132 0.75642 
3.9 0.15 0.0740166 0.778821 
3.95 0.15 0.0712715 0.802021 
4 0.15 0.0659173 0.825248 
4.05 0.15 0.0580846 0.847534 
4.1 0.15 0.0480049 0.867724 
4.15 0.15 0.0360161 0.884547 
4.2 0.15 0.0225606 0.896758 
4.25 0.15 0.00817019 0.903338 
4.3 0.15 -0.0065615 0.903698 
4.35 0.15 -0.0210174 0.897807 
4.4 0.15 -0.0345999 0.8862 
4.45 0.15 -0.0467699 0.86986 
4.5 0.15 -0.057076 0.850018 
4.55 0.15 -0.0651712 0.82795 
4.6 0.15 -0.0708161 0.804828 
4.65 0.15 -0.0738744 0.781637 
4.7 0.15 -0.0743036 0.759168 
4.75 0.15 -0.0721451 0.738034 
4.8 0.15 -0.0675155 0.718718 
4.85 0.15 -0.0605983 0.701601 
4.9 0.15 -0.0516304 0.686997 
4.95 0.15 -0.0408762 0.675172 
5 0.15 -0.0285737 0.666397 
0 0.2 -0.0630539 0.581394 
0.05 0.2 -0.0439569 0.570096 
0.1 0.2 -0.0231658 0.563067 
0.15 0.2 -0.00153901 0.560525 
0.2 0.2 0.0201076 0.562518 
0.25 0.2 0.0409973 0.568974 
0.3 0.2 0.0604017 0.57972 
0.35 0.2 0.0776572 0.5945 
0.4 0.2 0.0921805 0.612988 
0.45 0.2 0.103482 0.634801 
0.5 0.2 0.111172 0.659499 
0.55 0.2 0.11497 0.686569 
0.6 0.2 0.114705 0.715396 
0.65 0.2 0.110324 0.745208 
0.7 0.2 0.101903 0.775025 
0.75 0.2 0.0896584 0.803612 
0.8 0.2 0.073961 0.82949 
0.85 0.2 0.0553424 0.851025 
0.9 0.2 0.0344891 0.866609 
0.95 0.2 0.0122202 0.874932 
1 0.2 -0.0105551 0.875237 
1.05 0.2 -0.0328938 0.867497 
1.1 0.2 -0.0538824 0.852418 
1.15 0.2 -0.0726935 0.831281 
1.2 0.2 -0.0886299 0.805678 
1.25 0.2 -0.101149 0.777253 
1.3 0.2 -0.109869 0.747499 
1.35 0.2 -0.114562 0.71767 
1.4 0.2 -0.115146 0.688765 
1.45 0.2 -0.111665 0.661568 
1.5 0.2 -0.104285 0.636705 
1.55 0.2 -0.0932842 0.614692 
1.6 0.2 -0.0790482 0.595973 
1.65 0.2 -0.0620658 0.580928 
1.7 0.2 -0.0429196 0.569879 
1.75 0.2 -0.0222717 0.563073 
1.8 0.2 -0.000842251 0.560668 
1.85 0.2 0.020617 0.562722 
1.9 0.2 0.0413531 0.569186 
1.95 0.2 0.0606424 0.579908 
2 0.2 0.0778176 0.594648 
2.05 0.2 0.0922891 0.61309 
2.1 0.2 0.103561 0.634857 
2.15 0.2 0.111238 0.659512 
2.2 0.2 0.115034 0.686545 
2.25 0.2 0.114775 0.71534 
2.3 0.2 0.110405 0.745129 
2.35 0.2 0.101997 0.774931 
2.4 0.2 0.0897672 0.803515 
2.45 0.2 0.0740833 0.829403 
2.5 0.2 0.0554756 0.850959 
2.55 0.2 0.0346295 0.866576 
2.6 0.2 0.0123632 0.87494 
2.65 0.2 -0.0104148 0.87529 
2.7 0.2 -0.0327618 0.867594 
2.75 0.2 -0.0537638 0.852554 
2.8 0.2 -0.0725932 0.831447 
2.85 0.2 -0.0885518 0.805866 
2.9 0.2 -0.101096 0.777452 
2.95 0.2 -0.109843 0.747702 
3 0.2 -0.114565 0.717869 
3.05 0.2 -0.115178 0.688955 
3.1 0.2 -0.111726 0.661744 
3.15 0.2 -0.104374 0.636862 
3.2 0.2 -0.093398 0.614828 
3.25 0.2 -0.0791842 0.596082 
3.3 0.2 -0.0622201 0.581009 
3.35 0.2 -0.0430875 0.569928 
3.4 0.2 -0.0224478 0.563087 
3.45 0.2 -0.00102073 0.560647 
3.5 0.2 0.0204423 0.562665 
3.55 0.2 0.0411884 0.569092 
3.6 0.2 0.0604936 0.57978 
3.65 0.2 0.0776901 0.594486 
3.7 0.2 0.0921879 0.612897 
3.75 0.2 0.10349 0.634636 
3.8 0.2 0.111201 0.659266 
3.85 0.2 0.115034 0.686279 
3.9 0.2 0.114814 0.71506 
3.95 0.2 0.110484 0.744843 
4 0.2 0.102117 0.774651 
4.05 0.2 0.0899246 0.803255 
4.1 0.2 0.0742759 0.829181 
4.15 0.2 0.0556986 0.850797 
4.2 0.2 0.0348767 0.866494 
4.25 0.2 0.0126266 0.874957 
4.3 0.2 -0.0101443 0.875418 
4.35 0.2 -0.032494 0.867838 
4.4 0.2 -0.0535089 0.852912 
4.45 0.2 -0.0723616 0.831912 
4.5 0.2 -0.0883546 0.806425 
4.55 0.2 -0.100945 0.778093 
4.6 0.2 -0.109753 0.748412 
4.65 0.2 -0.114554 0.718633 
4.7 0.2 -0.115267 0.689756 
4.75 0.2 -0.111942 0.662559 
4.8 0.2 -0.104748 0.637657 
4.85 0.2 -0.0939569 0.615553 
4.9 0.2 -0.0799319 0.596671 
4.95 0.2 -0.0631017 0.581394 
5 0.2 -0.0439212 0.570096 
0 0.25 -0.0851888 0.502162 
0.05 0.25 -0.0592604 0.488658 
0.1 0.25 -0.0310924 0.480235 
0.15 0.25 -0.00178448 0.477179 
0.2 0.25 0.0275708 0.479579 
0.25 0.25 0.0559121 0.487352 
0.3 0.25 0.0822378 0.500271 
0.35 0.25 0.105635 0.517992 
0.4 0.25 0.125303 0.540083 
0.45 0.25 0.140574 0.566049 
0.5 0.25 0.150922 0.595341 
0.55 0.25 0.155973 0.627341 
0.6 0.25 0.155504 0.661324 
0.65 0.25 0.149458 0.696396 
0.7 0.25 0.137953 0.73142 
0.75 0.25 0.121296 0.764967 
0.8 0.25 0.100001 0.795317 
0.85 0.25 0.0747906 0.820564 
0.9 0.25 0.0465925 0.838832 
0.95 0.25 0.0165045 0.848587 
1 0.25 -0.0142589 0.848944 
1.05 0.25 -0.0444402 0.839871 
1.1 0.25 -0.072819 0.822194 
1.15 0.25 -0.0982868 0.797411 
1.2 0.25 -0.119903 0.767383 
1.25 0.25 -0.136928 0.734024 
1.3 0.25 -0.148835 0.699072 
1.35 0.25 -0.155302 0.663978 
1.4 0.25 -0.156199 0.629899 
1.45 0.25 -0.151574 0.597744 
1.5 0.25 -0.14164 0.568248 
1.55 0.25 -0.126764 0.542032 
1.6 0.25 -0.107465 0.519646 
1.65 0.25 -0.0844069 0.501584 
1.7 0.25 -0.0583836 0.488273 
1.75 0.25 -0.0303007 0.480054 
1.8 0.25 -0.0011454 0.477145 
1.85 0.25 0.0280508 0.47963 
1.9 0.25 0.0562547 0.487438 
1.95 0.25 0.0824743 0.500358 
2 0.25 0.105796 0.51806 
2.05 0.25 0.125417 0.540121 
2.1 0.25 0.140663 0.566053 
2.15 0.25 0.151003 0.595311 
2.2 0.25 0.156056 0.627279 
2.25 0.25 0.155599 0.661236 
2.3 0.25 0.14957 0.696287 
2.35 0.25 0.138085 0.7313 
2.4 0.25 0.121448 0.764848 
2.45 0.25 0.10017 0.795211 
2.5 0.25 0.0749738 0.820485 
2.55 0.25 0.0467849 0.838793 
2.6 0.25 0.0166997 0.848597 
2.65 0.25 -0.0140679 0.849007 
2.7 0.25 -0.0442606 0.839986 
2.75 0.25 -0.0726579 0.822355 
2.8 0.25 -0.0981505 0.797608 
2.85 0.25 -0.119797 0.767605 
2.9 0.25 -0.136856 0.73426 
2.95 0.25 -0.1488 0.699312 
3 0.25 -0.155306 0.664215 
3.05 0.25 -0.156243 0.630126 
3.1 0.25 -0.151658 0.597955 
3.15 0.25 -0.14176 0.568438 
3.2 0.25 -0.126919 0.542196 
3.25 0.25 -0.10765 0.519781 
3.3 0.25 -0.0846173 0.501684 
3.35 0.25 -0.0586125 0.488336 
3.4 0.25 -0.0305407 0.480074 
3.45 0.25 -0.0013885 0.477123 
3.5 0.25 0.027813 0.479564 
3.55 0.25 0.0560308 0.487328 
3.6 0.25 0.0822722 0.500207 
3.65 0.25 0.105624 0.517869 
3.7 0.25 0.12528 0.539894 
3.75 0.25 0.140568 0.565793 
3.8 0.25 0.150954 0.595023 
3.85 0.25 0.156058 0.626969 
3.9 0.25 0.155654 0.660909 
3.95 0.25 0.149679 0.695955 
4 0.25 0.138246 0.730974 
4.05 0.25 0.12166 0.764546 
4.1 0.25 0.100429 0.794954 
4.15 0.25 0.075273 0.820297 
4.2 0.25 0.0471157 0.838698 
4.25 0.25 0.0170519 0.848615 
4.3 0.25 -0.013706 0.849153 
4.35 0.25 -0.0439016 0.840265 
4.4 0.25 -0.0723144 0.822764 
4.45 0.25 -0.097835 0.798135 
4.5 0.25 -0.119522 0.768236 
4.55 0.25 -0.136634 0.734977 
4.6 0.25 -0.148645 0.700098 
4.65 0.25 -0.155234 0.665052 
4.7 0.25 -0.156273 0.630992 
4.75 0.25 -0.151811 0.598826 
4.8 0.25 -0.142058 0.569279 
4.85 0.25 -0.127372 0.542965 
4.9 0.25 -0.108246 0.520425 
4.95 0.25 -0.0852877 0.502162 
5 0.25 -0.0591897 0.488658 
0 0.3 -0.105529 0.439014 
0.05 0.3 -0.07327 0.423564 
0.1 0.3 -0.0382742 0.413902 
0.15 0.3 -0.00186088 0.410397 
0.2 0.3 0.0346223 0.413177 
0.25 0.3 0.0698478 0.422143 
0.3 0.3 0.102556 0.436991 
0.35 0.3 0.131598 0.457258 
0.4 0.3 0.155973 0.482375 
0.45 0.3 0.174847 0.511713 
0.5 0.3 0.187575 0.544605 
0.55 0.3 0.193701 0.580333 
0.6 0.3 0.192966 0.61809 
0.65 0.3 0.185318 0.656897 
0.7 0.3 0.170922 0.695527 
0.75 0.3 0.150179 0.732432 
0.8 0.3 0.123735 0.765756 
0.85 0.3 0.0924946 0.793434 
0.9 0.3 0.0576003 0.81344 
0.95 0.3 0.0203986 0.824115 
1 0.3 -0.0176272 0.824505 
1.05 0.3 -0.0549427 0.814575 
1.1 0.3 -0.0900577 0.795216 
1.15 0.3 -0.121613 0.768047 
1.2 0.3 -0.14845 0.735079 
1.25 0.3 -0.169646 0.698381 
1.3 0.3 -0.184535 0.659833 
1.35 0.3 -0.192701 0.621004 
1.4 0.3 -0.193962 0.583144 
1.45 0.3 -0.188358 0.547243 
1.5 0.3 -0.176133 0.514121 
1.55 0.3 -0.157731 0.484495 
1.6 0.3 -0.133789 0.459032 
1.65 0.3 -0.105128 0.43836 
1.7 0.3 -0.0727394 0.423044 
1.75 0.3 -0.0377584 0.413549 
1.8 0.3 -0.00142671 0.410183 
1.85 0.3 0.0349565 0.41306 
1.9 0.3 0.0700899 0.422081 
1.95 0.3 0.102725 0.436954 
2 0.3 0.131718 0.457223 
2.05 0.3 0.156064 0.48233 
2.1 0.3 0.174928 0.511651 
2.15 0.3 0.187659 0.544521 
2.2 0.3 0.193797 0.580229 
2.25 0.3 0.193082 0.617967 
2.3 0.3 0.185458 0.656761 
2.35 0.3 0.171088 0.695384 
2.4 0.3 0.15037 0.732295 
2.45 0.3 0.123948 0.765637 
2.5 0.3 0.0927249 0.793347 
2.55 0.3 0.0578413 0.813398 
2.6 0.3 0.0206424 0.824128 
2.65 0.3 -0.017389 0.824577 
2.7 0.3 -0.0547192 0.814704 
2.75 0.3 -0.0898573 0.795396 
2.8 0.3 -0.121444 0.768267 
2.85 0.3 -0.148317 0.735327 
2.9 0.3 -0.169556 0.698645 
2.95 0.3 -0.184491 0.660103 
3 0.3 -0.192706 0.621271 
3.05 0.3 -0.194017 0.583401 
3.1 0.3 -0.188461 0.547484 
3.15 0.3 -0.176283 0.51434 
3.2 0.3 -0.157924 0.484687 
3.25 0.3 -0.13402 0.45919 
3.3 0.3 -0.105391 0.438479 
3.35 0.3 -0.0730252 0.42312 
3.4 0.3 -0.038058 0.413578 
3.45 0.3 -0.00173003 0.410162 
3.5 0.3 0.0346601 0.412988 
3.55 0.3 0.069811 0.421959 
3.6 0.3 0.102474 0.436784 
3.65 0.3 0.131504 0.45701 
3.7 0.3 0.155895 0.482077 
3.75 0.3 0.174811 0.511363 
3.8 0.3 0.1876 0.544204 
3.85 0.3 0.193801 0.579888 
3.9 0.3 0.193151 0.61761 
3.95 0.3 0.185593 0.656398 
4 0.3 0.171288 0.695031 
4.05 0.3 0.150631 0.731969 
4.1 0.3 0.124266 0.765359 
4.15 0.3 0.0930911 0.793145 
4.2 0.3 0.0582455 0.813296 
4.25 0.3 0.0210724 0.824148 
4.3 0.3 -0.016947 0.824734 
4.35 0.3 -0.0542793 0.815001 
4.4 0.3 -0.0894336 0.795829 
4.45 0.3 -0.121049 0.768822 
4.5 0.3 -0.147964 0.735986 
4.55 0.3 -0.169255 0.699387 
4.6 0.3 -0.184253 0.660907 
4.65 0.3 -0.19254 0.622115 
4.7 0.3 -0.193935 0.584263 
4.75 0.3 -0.188473 0.548339 
4.8 0.3 -0.176395 0.51516 
4.85 0.3 -0.158132 0.485438 
4.9 0.3 -0.134298 0.459843 
4.95 0.3 -0.105669 0.439014 
5 0.3 -0.0731712 0.423564 
0 0.35 -0.122734 0.390902 
0.05 0.35 -0.0850789 0.373641 
0.1 0.35 -0.0442602 0.36281 
0.15 0.35 -0.00178672 0.358886 
0.2 0.35 0.0407722 0.362047 
0.25 0.35 0.0818556 0.37216 
0.3 0.35 0.119978 0.388811 
0.35 0.35 0.153785 0.411374 
0.4 0.35 0.182102 0.439098 
0.45 0.35 0.203962 0.471181 
0.5 0.35 0.218618 0.506817 
0.55 0.35 0.225558 0.545189 
0.6 0.35 0.224504 0.585421 
0.65 0.35 0.215419 0.626495 
0.7 0.35 0.198521 0.667148 
0.75 0.35 0.174295 0.705807 
0.8 0.35 0.14351 0.740581 
0.85 0.35 0.107219 0.769379 
0.9 0.35 0.0667439 0.790149 
0.95 0.35 0.0236304 0.801217 
1 0.35 -0.0204245 0.801621 
1.05 0.35 -0.063668 0.791324 
1.1 0.35 -0.104396 0.771228 
1.15 0.35 -0.141047 0.742962 
1.2 0.35 -0.172283 0.708564 
1.25 0.35 -0.197028 0.670131 
1.3 0.35 -0.214495 0.629572 
1.35 0.35 -0.224175 0.588487 
1.4 0.35 -0.225834 0.548156 
1.45 0.35 -0.21949 0.509613 
1.5 0.35 -0.205405 0.473738 
1.55 0.35 -0.184076 0.441347 
1.6 0.35 -0.156233 0.413245 
1.65 0.35 -0.122826 0.39023 
1.7 0.35 -0.0850173 0.373053 
1.75 0.35 -0.0441418 0.362347 
1.8 0.35 -0.00166726 0.35854 
1.85 0.35 0.0408683 0.361794 
1.9 0.35 0.0819241 0.371971 
1.95 0.35 0.120025 0.38866 
2 0.35 0.153822 0.411242 
2.05 0.35 0.182142 0.438972 
2.1 0.35 0.204014 0.471052 
2.15 0.35 0.218691 0.506681 
2.2 0.35 0.225658 0.545043 
2.25 0.35 0.224635 0.585267 
2.3 0.35 0.215583 0.626335 
2.35 0.35 0.198717 0.666989 
2.4 0.35 0.174521 0.705659 
2.45 0.35 0.143762 0.740456 
2.5 0.35 0.10749 0.769289 
2.55 0.35 0.0670266 0.790108 
2.6 0.35 0.0239158 0.801234 
2.65 0.35 -0.0201463 0.801699 
2.7 0.35 -0.0634071 0.791463 
2.75 0.35 -0.104162 0.771419 
2.8 0.35 -0.140849 0.743196 
2.85 0.35 -0.172128 0.708828 
2.9 0.35 -0.196923 0.670413 
2.95 0.35 -0.214443 0.629862 
3 0.35 -0.22418 0.588776 
3.05 0.35 -0.225897 0.548437 
3.1 0.35 -0.219611 0.509878 
3.15 0.35 -0.20558 0.473982 
3.2 0.35 -0.184302 0.441563 
3.25 0.35 -0.156503 0.413427 
3.3 0.35 -0.123134 0.390369 
3.35 0.35 -0.0853518 0.373144 
3.4 0.35 -0.0444926 0.362384 
3.45 0.35 -0.0020223 0.358521 
3.5 0.35 0.0405216 0.361717 
3.55 0.35 0.0815982 0.371838 
3.6 0.35 0.119732 0.388475 
3.65 0.35 0.153573 0.41101 
3.7 0.35 0.181946 0.438698 
3.75 0.35 0.203879 0.470744 
3.8 0.35 0.218624 0.506343 
3.85 0.35 0.225664 0.544684 
3.9 0.35 0.224715 0.584893 
3.95 0.35 0.215739 0.625958 
4 0.35 0.198947 0.666624 
4.05 0.35 0.174822 0.705324 
4.1 0.35 0.144126 0.740173 
4.15 0.35 0.107909 0.769085 
4.2 0.35 0.0674884 0.790006 
4.25 0.35 0.0244067 0.801255 
4.3 0.35 -0.0196411 0.801858 
4.35 0.35 -0.0629027 0.791761 
4.4 0.35 -0.103672 0.77185 
4.45 0.35 -0.140387 0.743745 
4.5 0.35 -0.171703 0.709473 
4.55 0.35 -0.196541 0.671131 
4.6 0.35 -0.214109 0.63063 
4.65 0.35 -0.223897 0.58957 
4.7 0.35 -0.225663 0.549234 
4.75 0.35 -0.219423 0.510656 
4.8 0.35 -0.205429 0.474719 
4.85 0.35 -0.184169 0.442241 
4.9 0.35 -0.156352 0.414031 
4.95 0.35 -0.122906 0.390902 
5 0.35 -0.0849583 0.373641 
0 0.4 -0.135815 0.354986 
0.05 0.4 -0.0940247 0.335935 
0.1 0.4 -0.0487325 0.323932 
0.15 0.4 -0.00159904 0.319592 
0.2 0.4 0.0456283 0.323154 
0.25 0.4 0.0912004 0.334435 
0.3 0.4 0.133449 0.352874 
0.35 0.4 0.17086 0.377633 
0.4 0.4 0.202123 0.407725 
0.45 0.4 0.226169 0.442137 
0.5 0.4 0.242189 0.479892 
0.55 0.4 0.249636 0.520062 
0.6 0.4 0.24823 0.561715 
0.65 0.4 0.237962 0.60382 
0.7 0.4 0.2191 0.645137 
0.75 0.4 0.192207 0.684141 
0.8 0.4 0.158147 0.719014 
0.85 0.4 0.118088 0.747757 
0.9 0.4 0.0734796 0.768415 
0.95 0.4 0.026008 0.779399 
1 0.4 -0.0224844 0.779799 
1.05 0.4 -0.0700969 0.769581 
1.1 0.4 -0.114979 0.749595 
1.15 0.4 -0.15543 0.72139 
1.2 0.4 -0.189981 0.686903 
1.25 0.4 -0.21744 0.648142 
1.3 0.4 -0.236921 0.606941 
1.35 0.4 -0.24784 0.564846 
1.4 0.4 -0.249906 0.523116 
1.45 0.4 -0.243107 0.482791 
1.5 0.4 -0.227703 0.444808 
1.55 0.4 -0.204221 0.410088 
1.6 0.4 -0.173452 0.379603 
1.65 0.4 -0.136442 0.354363 
1.7 0.4 -0.0944824 0.335355 
1.75 0.4 -0.0490691 0.323432 
1.8 0.4 -0.00185268 0.319179 
1.85 0.4 0.0454325 0.322816 
1.9 0.4 0.0910491 0.334155 
1.95 0.4 0.133337 0.352635 
2 0.4 0.170786 0.37742 
2.05 0.4 0.202089 0.407529 
2.1 0.4 0.226177 0.44195 
2.15 0.4 0.24224 0.47971 
2.2 0.4 0.24973 0.519882 
2.25 0.4 0.248367 0.561536 
2.3 0.4 0.238141 0.603644 
2.35 0.4 0.219318 0.644969 
2.4 0.4 0.19246 0.683989 
2.45 0.4 0.158428 0.718889 
2.5 0.4 0.11839 0.747671 
2.55 0.4 0.0737945 0.768379 
2.6 0.4 0.0263253 0.779421 
2.65 0.4 -0.0221756 0.779883 
2.7 0.4 -0.0698075 0.769725 
2.75 0.4 -0.114719 0.749792 
2.8 0.4 -0.15521 0.721631 
2.85 0.4 -0.189809 0.687176 
2.9 0.4 -0.217323 0.648435 
2.95 0.4 -0.236864 0.607244 
3 0.4 -0.247845 0.565151 
3.05 0.4 -0.249974 0.523415 
3.1 0.4 -0.243239 0.483078 
3.15 0.4 -0.227897 0.445075 
3.2 0.4 -0.204472 0.410329 
3.25 0.4 -0.173752 0.379808 
3.3 0.4 -0.136784 0.354523 
3.35 0.4 -0.0948547 0.335462 
3.4 0.4 -0.0494596 0.32348 
3.45 0.4 -0.00224786 0.319163 
3.5 0.4 0.0450469 0.322736 
3.55 0.4 0.0906871 0.334013 
3.6 0.4 0.133012 0.352436 
3.65 0.4 0.17051 0.377172 
3.7 0.4 0.201872 0.40724 
3.75 0.4 0.226029 0.441627 
3.8 0.4 0.242166 0.479361 
3.85 0.4 0.249737 0.519514 
3.9 0.4 0.248456 0.561159 
3.95 0.4 0.238312 0.603267 
4 0.4 0.21957 0.644607 
4.05 0.4 0.192787 0.683659 
4.1 0.4 0.158824 0.718614 
4.15 0.4 0.118844 0.747473 
4.2 0.4 0.0742943 0.768281 
4.25 0.4 0.0268562 0.779443 
4.3 0.4 -0.0216287 0.780035 
4.35 0.4 -0.0692594 0.770007 
4.4 0.4 -0.114183 0.750197 
4.45 0.4 -0.154696 0.722141 
4.5 0.4 -0.189322 0.68777 
4.55 0.4 -0.216866 0.649087 
4.6 0.4 -0.236434 0.607929 
4.65 0.4 -0.247434 0.565845 
4.7 0.4 -0.24957 0.524095 
4.75 0.4 -0.242823 0.483726 
4.8 0.4 -0.227445 0.445676 
4.85 0.4 -0.203954 0.410876 
4.9 0.4 -0.17313 0.380303 
4.95 0.4 -0.136012 0.354986 
5 0.4 -0.0938882 0.335935 
0 0.45 -0.144083 0.327696 
0.05 0.45 -0.0996472 0.306855 
0.1 0.45 -0.0514789 0.293661 
0.15 0.45 -0.00134193 0.288905 
0.2 0.45 0.048891 0.292889 
0.25 0.45 0.097338 0.305368 
0.3 0.45 0.142204 0.325606 
0.35 0.45 0.181863 0.352512 
0.4 0.45 0.214919 0.38483 
0.45 0.45 0.240246 0.421293 
0.5 0.45 0.257 0.460732 
0.55 0.45 0.26463 0.502096 
0.6 0.45 0.262871 0.544395 
0.65 0.45 0.251748 0.586604 
0.7 0.45 0.231577 0.627546 
0.75 0.45 0.20298 0.665807 
0.8 0.45 0.166889 0.699727 
0.85 0.45 0.124542 0.727493 
0.9 0.45 0.0774627 0.74735 
0.95 0.45 0.0274102 0.757876 
1 0.45 -0.0237015 0.758258 
1.05 0.45 -0.0739001 0.748466 
1.1 0.45 -0.121263 0.72926 
1.15 0.45 -0.164017 0.702022 
1.2 0.45 -0.20062 0.668495 
1.25 0.45 -0.229807 0.630495 
1.3 0.45 -0.250625 0.589695 
1.35 0.45 -0.262428 0.547529 
1.4 0.45 -0.264876 0.505187 
1.45 0.45 -0.25792 0.463701 
1.5 0.45 -0.241802 0.424058 
1.55 0.45 -0.217053 0.387301 
1.6 0.45 -0.184489 0.354591 
1.65 0.45 -0.145216 0.327186 
1.7 0.45 -0.100605 0.30635 
1.75 0.45 -0.0522638 0.29319 
1.8 0.45 -0.00197265 0.28848 
1.85 0.45 0.0483929 0.29251 
1.9 0.45 0.0969537 0.30503 
1.95 0.45 0.141919 0.325302 
2 0.45 0.181665 0.352236 
2.05 0.45 0.214801 0.384576 
2.1 0.45 0.2402 0.421058 
2.15 0.45 0.25702 0.460512 
2.2 0.45 0.264711 0.501888 
2.25 0.45 0.263008 0.544198 
2.3 0.45 0.251934 0.586418 
2.35 0.45 0.231808 0.627376 
2.4 0.45 0.20325 0.665658 
2.45 0.45 0.167189 0.699608 
2.5 0.45 0.124864 0.727415 
2.55 0.45 0.0777983 0.747322 
2.6 0.45 0.0277477 0.757904 
2.65 0.45 -0.0233734 0.758347 
2.7 0.45 -0.0735928 0.748613 
2.75 0.45 -0.120988 0.729458 
2.8 0.45 -0.163784 0.702264 
2.85 0.45 -0.200436 0.66877 
2.9 0.45 -0.229682 0.630792 
2.95 0.45 -0.250563 0.590006 
3 0.45 -0.262432 0.547845 
3.05 0.45 -0.264947 0.505501 
3.1 0.45 -0.258059 0.464006 
3.15 0.45 -0.242007 0.424347 
3.2 0.45 -0.217318 0.387565 
3.25 0.45 -0.184809 0.354819 
3.3 0.45 -0.145579 0.327367 
3.35 0.45 -0.101002 0.306473 
3.4 0.45 -0.0526803 0.293248 
3.45 0.45 -0.00239408 0.288468 
3.5 0.45 0.0479819 0.292426 
3.55 0.45 0.0965683 0.304878 
3.6 0.45 0.141573 0.32509 
3.65 0.45 0.181373 0.351974 
3.7 0.45 0.214572 0.384273 
3.75 0.45 0.240044 0.420724 
3.8 0.45 0.256944 0.460156 
3.85 0.45 0.264719 0.501519 
3.9 0.45 0.263102 0.543824 
3.95 0.45 0.252114 0.586051 
4 0.45 0.232072 0.627027 
4.05 0.45 0.203591 0.665344 
4.1 0.45 0.1676 0.699348 
4.15 0.45 0.125335 0.72723 
4.2 0.45 0.0783148 0.747231 
4.25 0.45 0.0282959 0.757923 
4.3 0.45 -0.0228082 0.758483 
4.35 0.45 -0.0730244 0.748866 
4.4 0.45 -0.120427 0.729818 
4.45 0.45 -0.163238 0.702712 
4.5 0.45 -0.199908 0.669283 
4.55 0.45 -0.229166 0.631344 
4.6 0.45 -0.250048 0.590571 
4.65 0.45 -0.261903 0.548398 
4.7 0.45 -0.264378 0.506022 
4.75 0.45 -0.25742 0.46448 
4.8 0.45 -0.241263 0.424764 
4.85 0.45 -0.216429 0.38793 
4.9 0.45 -0.183737 0.355148 
4.95 0.45 -0.144295 0.327696 
5 0.45 -0.0995004 0.306855 
0 0.5 -0.147107 0.305567 
0.05 0.5 -0.101662 0.283025 
0.1 0.5 -0.0523748 0.268693 
0.15 0.5 -0.00105827 0.263542 
0.2 0.5 0.0503513 0.267942 
0.25 0.5 0.099903 0.281583 
0.3 0.5 0.145737 0.303541 
0.35 0.5 0.186176 0.332461 
0.4 0.5 0.21979 0.3668 
0.45 0.5 0.245437 0.405032 
0.5 0.5 0.262279 0.445786 
0.55 0.5 0.269779 0.487879 
0.6 0.5 0.267705 0.530266 
0.65 0.5 0.256116 0.571936 
0.7 0.5 0.235371 0.611793 
0.75 0.5 0.206126 0.648575 
0.8 0.5 0.169349 0.680832 
0.85 0.5 0.126302 0.707006 
0.9 0.5 0.0785244 0.725604 
0.95 0.5 0.0277782 0.735422 
1 0.5 -0.0240243 0.735777 
1.05 0.5 -0.0749161 0.726645 
1.1 0.5 -0.122977 0.708662 
1.15 0.5 -0.166431 0.682999 
1.2 0.5 -0.203719 0.651135 
1.25 0.5 -0.233556 0.614632 
1.3 0.5 -0.254951 0.574948 
1.35 0.5 -0.267222 0.53336 
1.4 0.5 -0.269988 0.490972 
1.45 0.5 -0.263162 0.448796 
1.5 0.5 -0.246955 0.407872 
1.55 0.5 -0.221876 0.369369 
1.6 0.5 -0.188738 0.334645 
1.65 0.5 -0.148658 0.305219 
1.7 0.5 -0.10304 0.282643 
1.75 0.5 -0.0535453 0.268295 
1.8 0.5 -0.00202043 0.263143 
1.85 0.5 0.0495819 0.267552 
1.9 0.5 0.0993055 0.281209 
1.95 0.5 0.145291 0.303188 
2 0.5 0.185862 0.332133 
2.05 0.5 0.21959 0.366498 
2.1 0.5 0.245337 0.404756 
2.15 0.5 0.262265 0.445534 
2.2 0.5 0.269842 0.487649 
2.25 0.5 0.267834 0.530057 
2.3 0.5 0.256303 0.571746 
2.35 0.5 0.235606 0.611625 
2.4 0.5 0.206403 0.648434 
2.45 0.5 0.169658 0.680724 
2.5 0.5 0.126633 0.70694 
2.55 0.5 0.078868 0.725585 
2.6 0.5 0.0281233 0.735458 
2.65 0.5 -0.0236892 0.73587 
2.7 0.5 -0.0746024 0.726792 
2.75 0.5 -0.122696 0.708859 
2.8 0.5 -0.166192 0.683238 
2.85 0.5 -0.203532 0.651408 
2.9 0.5 -0.233426 0.614929 
2.95 0.5 -0.254886 0.575262 
3 0.5 -0.267224 0.533683 
3.05 0.5 -0.270059 0.491298 
3.1 0.5 -0.263303 0.449118 
3.15 0.5 -0.247163 0.408181 
3.2 0.5 -0.222147 0.369654 
3.25 0.5 -0.189065 0.334895 
3.3 0.5 -0.14903 0.305421 
3.35 0.5 -0.103447 0.282783 
3.4 0.5 -0.0539725 0.268363 
3.45 0.5 -0.00245272 0.263134 
3.5 0.5 0.0491605 0.267465 
3.55 0.5 0.0989108 0.281049 
3.6 0.5 0.144937 0.302963 
3.65 0.5 0.185563 0.331857 
3.7 0.5 0.219358 0.366183 
3.75 0.5 0.245179 0.404414 
3.8 0.5 0.262188 0.445176 
3.85 0.5 0.26985 0.487283 
3.9 0.5 0.267929 0.529693 
3.95 0.5 0.256484 0.571394 
4 0.5 0.23587 0.611296 
4.05 0.5 0.206744 0.648141 
4.1 0.5 0.170067 0.680485 
4.15 0.5 0.1271 0.70677 
4.2 0.5 0.0793797 0.725501 
4.25 0.5 0.0286657 0.735471 
4.3 0.5 -0.0231296 0.735984 
4.35 0.5 -0.0740377 0.727004 
4.4 0.5 -0.122135 0.709158 
4.45 0.5 -0.165639 0.683604 
4.5 0.5 -0.202983 0.651818 
4.55 0.5 -0.232874 0.615357 
4.6 0.5 -0.254311 0.575681 
4.65 0.5 -0.266602 0.534069 
4.7 0.5 -0.269355 0.49163 
4.75 0.5 -0.262478 0.449384 
4.8 0.5 -0.246173 0.408378 
4.85 0.5 -0.220948 0.369796 
4.9 0.5 -0.187621 0.335013 
4.95 0.5 -0.147326 0.305567 
5 0.5 -0.101511 0.283025 
0 0.55 -0.144704 0.285664 
0.05 0.55 -0.0999491 0.261707 
0.1 0.55 -0.0513758 0.24642 
0.15 0.55 -0.000784272 0.240943 
0.2 0.55 0.0498934 0.245708 
0.25 0.55 0.0987076 0.260341 
0.3 0.55 0.143803 0.283744 
0.35 0.55 0.183513 0.314323 
0.4 0.55 0.216429 0.350271 
0.45 0.55 0.241436 0.389827 
0.5 0.55 0.257733 0.431436 
0.55 0.55 0.264824 0.473794 
0.6 0.55 0.262513 0.515803 
0.65 0.55 0.250895 0.556469 
0.7 0.55 0.230353 0.594787 
0.75 0.55 0.20156 0.629655 
0.8 0.55 0.165475 0.659857 
0.85 0.55 0.123341 0.684113 
0.9 0.55 0.076651 0.701215 
0.95 0.55 0.0271082 0.7102 
1 0.55 -0.023449 0.710525 
1.05 0.55 -0.0731315 0.702168 
1.1 0.55 -0.120094 0.685637 
1.15 0.55 -0.16262 0.661869 
1.2 0.55 -0.199196 0.632058 
1.25 0.55 -0.228562 0.597484 
1.3 0.55 -0.249731 0.55937 
1.35 0.55 -0.262009 0.518824 
1.4 0.55 -0.264989 0.476856 
1.45 0.55 -0.258549 0.434456 
1.5 0.55 -0.242862 0.392711 
1.55 0.55 -0.218396 0.352909 
1.6 0.55 -0.185926 0.316589 
1.65 0.55 -0.14654 0.285505 
1.7 0.55 -0.101624 0.261473 
1.75 0.55 -0.0528254 0.246119 
1.8 0.55 -0.00199279 0.240591 
1.85 0.55 0.0489175 0.245324 
1.9 0.55 0.0979448 0.259944 
1.95 0.55 0.143229 0.283352 
2 0.55 0.183104 0.313949 
2.05 0.55 0.216162 0.349925 
2.1 0.55 0.24129 0.389514 
2.15 0.55 0.25769 0.431156 
2.2 0.55 0.264868 0.473546 
2.25 0.55 0.262631 0.515586 
2.3 0.55 0.251075 0.55628 
2.35 0.55 0.230584 0.594626 
2.4 0.55 0.201833 0.629525 
2.45 0.55 0.16578 0.659763 
2.5 0.55 0.123667 0.68406 
2.55 0.55 0.0769896 0.701208 
2.6 0.55 0.0274477 0.710244 
2.65 0.55 -0.0231196 0.710621 
2.7 0.55 -0.0728233 0.702315 
2.75 0.55 -0.119817 0.685831 
2.8 0.55 -0.162385 0.662103 
2.85 0.55 -0.199011 0.632326 
2.9 0.55 -0.228433 0.597778 
2.95 0.55 -0.249665 0.559684 
3 0.55 -0.26201 0.519152 
3.05 0.55 -0.265057 0.477191 
3.1 0.55 -0.258687 0.43479 
3.15 0.55 -0.243066 0.393036 
3.2 0.55 -0.218662 0.353212 
3.25 0.55 -0.186248 0.316858 
3.3 0.55 -0.146908 0.285724 
3.35 0.55 -0.102025 0.261627 
3.4 0.55 -0.0532473 0.246197 
3.45 0.55 -0.00241974 0.240585 
3.5 0.55 0.0485015 0.245233 
3.55 0.55 0.0975555 0.259775 
3.6 0.55 0.142881 0.283117 
3.65 0.55 0.182811 0.313663 
3.7 0.55 0.215933 0.349602 
3.75 0.55 0.241136 0.389167 
3.8 0.55 0.257615 0.430798 
3.85 0.55 0.264876 0.473187 
3.9 0.55 0.262723 0.515234 
3.95 0.55 0.25125 0.555945 
4 0.55 0.230839 0.594318 
4.05 0.55 0.20216 0.629256 
4.1 0.55 0.166172 0.659544 
4.15 0.55 0.124113 0.683906 
4.2 0.55 0.0774763 0.701129 
4.25 0.55 0.0279629 0.710247 
4.3 0.55 -0.0225882 0.710707 
4.35 0.55 -0.0722858 0.702478 
4.4 0.55 -0.11928 0.686059 
4.45 0.55 -0.161848 0.662376 
4.5 0.55 -0.19847 0.632621 
4.55 0.55 -0.227872 0.598069 
4.6 0.55 -0.249062 0.559943 
4.65 0.55 -0.261333 0.519355 
4.7 0.55 -0.264267 0.477318 
4.75 0.55 -0.257737 0.434831 
4.8 0.55 -0.241908 0.392994 
4.85 0.55 -0.21725 0.353111 
4.9 0.55 -0.18455 0.316742 
4.95 0.55 -0.144921 0.285664 
5 0.55 -0.0997992 0.261707 
0 0.6 -0.136942 0.265688 
0.05 0.6 -0.0945577 0.240859 
0.1 0.6 -0.0485181 0.224975 
0.15 0.6 -0.000546306 0.219303 
0.2 0.6 0.0475016 0.224319 
0.25 0.6 0.0937517 0.2396 
0.3 0.6 0.136424 0.263917 
0.35 0.6 0.173928 0.295491 
0.4 0.6 0.204928 0.33232 
0.45 0.6 0.228381 0.37247 
0.5 0.6 0.24355 0.414248 
0.55 0.6 0.249995 0.456262 
0.6 0.6 0.247563 0.497375 
0.65 0.6 0.236376 0.536614 
0.7 0.6 0.216826 0.573058 
0.75 0.6 0.189567 0.605764 
0.8 0.6 0.15552 0.633734 
0.85 0.6 0.115856 0.655958 
0.9 0.6 0.0719706 0.671498 
0.95 0.6 0.0254465 0.679621 
1 0.6 -0.0220152 0.679913 
1.05 0.6 -0.0686684 0.67236 
1.1 0.6 -0.112805 0.657345 
1.15 0.6 -0.152832 0.635582 
1.2 0.6 -0.187336 0.607996 
1.25 0.6 -0.215125 0.575595 
1.3 0.6 -0.23526 0.539378 
1.35 0.6 -0.247061 0.500291 
1.4 0.6 -0.250116 0.459254 
1.45 0.6 -0.244277 0.417233 
1.5 0.6 -0.229673 0.375349 
1.55 0.6 -0.206718 0.334977 
1.6 0.6 -0.176123 0.29779 
1.65 0.6 -0.138904 0.26572 
1.7 0.6 -0.096376 0.240778 
1.75 0.6 -0.0501129 0.224778 
1.8 0.6 -0.0018901 0.219005 
1.85 0.6 0.0464076 0.223948 
1.9 0.6 0.092891 0.239188 
1.95 0.6 0.135773 0.263493 
2 0.6 0.17346 0.295079 
2.05 0.6 0.204617 0.331938 
2.1 0.6 0.228204 0.372127 
2.15 0.6 0.243484 0.413947 
2.2 0.6 0.250022 0.456001 
2.25 0.6 0.247667 0.497153 
2.3 0.6 0.236543 0.536428 
2.35 0.6 0.217044 0.572907 
2.4 0.6 0.189826 0.605648 
2.45 0.6 0.15581 0.633656 
2.5 0.6 0.116166 0.65592 
2.55 0.6 0.0722913 0.671504 
2.6 0.6 0.0257676 0.679673 
2.65 0.6 -0.0217039 0.680013 
2.7 0.6 -0.0683773 0.672506 
2.75 0.6 -0.112544 0.657535 
2.8 0.6 -0.15261 0.63581 
2.85 0.6 -0.18716 0.608257 
2.9 0.6 -0.215003 0.575884 
2.95 0.6 -0.235196 0.539689 
3 0.6 -0.24706 0.50062 
3.05 0.6 -0.250179 0.459593 
3.1 0.6 -0.244405 0.417575 
3.15 0.6 -0.229865 0.375684 
3.2 0.6 -0.206969 0.335292 
3.25 0.6 -0.176426 0.298072 
3.3 0.6 -0.139252 0.265951 
3.35 0.6 -0.0967569 0.240942 
3.4 0.6 -0.0505135 0.224861 
3.45 0.6 -0.00229553 0.219001 
3.5 0.6 0.0460127 0.223856 
3.55 0.6 0.0925218 0.239015 
3.6 0.6 0.135444 0.263253 
3.65 0.6 0.173183 0.294787 
3.7 0.6 0.204402 0.331612 
3.75 0.6 0.228058 0.371781 
3.8 0.6 0.243414 0.413594 
3.85 0.6 0.250029 0.455652 
3.9 0.6 0.247753 0.496816 
3.95 0.6 0.236706 0.536112 
4 0.6 0.217279 0.572621 
4.05 0.6 0.190128 0.6054 
4.1 0.6 0.156169 0.633456 
4.15 0.6 0.116573 0.655777 
4.2 0.6 0.0727355 0.671425 
4.25 0.6 0.0262367 0.679661 
4.3 0.6 -0.0212205 0.680066 
4.35 0.6 -0.0678876 0.672617 
4.4 0.6 -0.112052 0.657689 
4.45 0.6 -0.152114 0.635988 
4.5 0.6 -0.186651 0.608435 
4.55 0.6 -0.214464 0.576036 
4.6 0.6 -0.234602 0.539788 
4.65 0.6 -0.246375 0.500641 
4.7 0.6 -0.24936 0.459519 
4.75 0.6 -0.243405 0.417397 
4.8 0.6 -0.228634 0.375411 
4.85 0.6 -0.205463 0.334955 
4.9 0.6 -0.174619 0.29773 
4.95 0.6 -0.137148 0.265688 
5 0.6 -0.0944158 0.240859 
0 0.65 -0.124163 0.243941 
0.05 0.65 -0.0857219 0.219049 
0.1 0.65 -0.0439265 0.203099 
0.15 0.65 -0.000359399 0.19742 
0.2 0.65 0.0432713 0.202511 
0.25 0.65 0.0852412 0.217922 
0.3 0.65 0.123916 0.242351 
0.35 0.65 0.157842 0.27393 
0.4 0.65 0.185809 0.310562 
0.45 0.65 0.206883 0.350231 
0.5 0.65 0.220414 0.391182 
0.55 0.65 0.22603 0.431987 
0.6 0.65 0.223619 0.4715 
0.65 0.65 0.213321 0.508779 
0.7 0.65 0.195511 0.542984 
0.75 0.65 0.170803 0.573306 
0.8 0.65 0.140035 0.598942 
0.85 0.65 0.104266 0.619107 
0.9 0.65 0.0647477 0.633099 
0.95 0.65 0.0228874 0.640376 
1 0.65 -0.0198041 0.640638 
1.05 0.65 -0.0617788 0.633872 
1.1 0.65 -0.101521 0.620358 
1.15 0.65 -0.137612 0.600622 
1.2 0.65 -0.168786 0.575356 
1.25 0.65 -0.193967 0.54534 
1.3 0.65 -0.212298 0.511376 
1.35 0.65 -0.223145 0.47427 
1.4 0.65 -0.226112 0.434856 
1.45 0.65 -0.221038 0.394069 
1.5 0.65 -0.20801 0.353035 
1.55 0.65 -0.187377 0.313165 
1.6 0.65 -0.159765 0.276195 
1.65 0.65 -0.126083 0.244138 
1.7 0.65 -0.0875216 0.219103 
1.75 0.65 -0.0455224 0.202997 
1.8 0.65 -0.00171673 0.197178 
1.85 0.65 0.042158 0.202162 
1.9 0.65 0.0843602 0.217505 
1.95 0.65 0.123247 0.241908 
2 0.65 0.157359 0.273493 
2.05 0.65 0.185486 0.310156 
2.1 0.65 0.206694 0.349868 
2.15 0.65 0.220337 0.390868 
2.2 0.65 0.226044 0.43172 
2.25 0.65 0.223708 0.471279 
2.3 0.65 0.21347 0.5086 
2.35 0.65 0.195709 0.542844 
2.4 0.65 0.171038 0.573205 
2.45 0.65 0.140299 0.598879 
2.5 0.65 0.104548 0.619084 
2.55 0.65 0.0650386 0.633117 
2.6 0.65 0.0231783 0.640436 
2.65 0.65 -0.0195224 0.64074 
2.7 0.65 -0.0615154 0.634016 
2.75 0.65 -0.101284 0.620542 
2.8 0.65 -0.13741 0.600842 
2.85 0.65 -0.168626 0.575609 
2.9 0.65 -0.193855 0.54562 
2.95 0.65 -0.212239 0.51168 
3 0.65 -0.223143 0.474592 
3.05 0.65 -0.226168 0.435191 
3.1 0.65 -0.221152 0.394409 
3.15 0.65 -0.208182 0.35337 
3.2 0.65 -0.187604 0.313482 
3.25 0.65 -0.16004 0.276479 
3.3 0.65 -0.126398 0.244372 
3.35 0.65 -0.0878676 0.21927 
3.4 0.65 -0.0458865 0.203084 
3.45 0.65 -0.00208532 0.197176 
3.5 0.65 0.0417991 0.202071 
3.55 0.65 0.0840249 0.217333 
3.6 0.65 0.122948 0.241669 
3.65 0.65 0.157108 0.273204 
3.7 0.65 0.185291 0.309834 
3.75 0.65 0.206563 0.34953 
3.8 0.65 0.220273 0.390526 
3.85 0.65 0.22605 0.431386 
3.9 0.65 0.223785 0.470961 
3.95 0.65 0.213615 0.508305 
4 0.65 0.195917 0.542579 
4.05 0.65 0.171304 0.572977 
4.1 0.65 0.140615 0.598695 
4.15 0.65 0.104905 0.61895 
4.2 0.65 0.0654259 0.633036 
4.25 0.65 0.0235862 0.640408 
4.3 0.65 -0.0191028 0.64076 
4.35 0.65 -0.0610903 0.634075 
4.4 0.65 -0.100856 0.620625 
4.45 0.65 -0.136975 0.60093 
4.5 0.65 -0.168174 0.575678 
4.55 0.65 -0.193368 0.545645 
4.6 0.65 -0.211689 0.511634 
4.65 0.65 -0.222496 0.474453 
4.7 0.65 -0.225382 0.434941 
4.75 0.65 -0.220181 0.394043 
4.8 0.65 -0.206979 0.352901 
4.85 0.65 -0.18613 0.312949 
4.9 0.65 -0.158273 0.275949 
4.95 0.65 -0.124347 0.243941 
5 0.65 -0.0855948 0.219049 
0 0.7 -0.107019 0.219251 
0.05 0.7 -0.0738861 0.195322 
0.1 0.7 -0.0378279 0.179976 
0.15 0.7 -0.00022719 0.174527 
0.2 0.7 0.0374226 0.179467 
0.25 0.7 0.0736146 0.194342 
0.3 0.7 0.106925 0.217865 
0.35 0.7 0.136093 0.248183 
0.4 0.7 0.160075 0.283231 
0.45 0.7 0.178078 0.321022 
0.5 0.7 0.189559 0.359834 
0.55 0.7 0.194218 0.398267 
0.6 0.7 0.191981 0.435214 
0.65 0.7 0.182989 0.469782 
0.7 0.7 0.167585 0.501211 
0.75 0.7 0.146307 0.52881 
0.8 0.7 0.119883 0.551931 
0.85 0.7 0.0892212 0.569971 
0.9 0.7 0.0553872 0.582408 
0.95 0.7 0.0195746 0.58885 
1 0.7 -0.0169397 0.589081 
1.05 0.7 -0.0528489 0.583092 
1.1 0.7 -0.0868718 0.571085 
1.15 0.7 -0.117806 0.553437 
1.2 0.7 -0.144574 0.530663 
1.25 0.7 -0.166254 0.503358 
1.3 0.7 -0.182101 0.472169 
1.35 0.7 -0.19156 0.437779 
1.4 0.7 -0.19427 0.400942 
1.45 0.7 -0.190072 0.362539 
1.5 0.7 -0.179018 0.323661 
1.55 0.7 -0.161388 0.285689 
1.6 0.7 -0.137703 0.250329 
1.65 0.7 -0.108737 0.219564 
1.7 0.7 -0.075515 0.195476 
1.75 0.7 -0.0392886 0.179953 
1.8 0.7 -0.00148153 0.174339 
1.85 0.7 0.0363859 0.179147 
1.9 0.7 0.0727898 0.193938 
1.95 0.7 0.106296 0.217423 
2 0.7 0.135637 0.247742 
2.05 0.7 0.159769 0.282819 
2.1 0.7 0.177897 0.320655 
2.15 0.7 0.189482 0.359519 
2.2 0.7 0.194224 0.398005 
2.25 0.7 0.192056 0.435001 
2.3 0.7 0.183118 0.469615 
2.35 0.7 0.167757 0.501085 
2.4 0.7 0.146511 0.528724 
2.45 0.7 0.120111 0.551883 
2.5 0.7 0.0894644 0.56996 
2.55 0.7 0.0556378 0.582435 
2.6 0.7 0.0198249 0.588915 
2.65 0.7 -0.0166976 0.589184 
2.7 0.7 -0.0526226 0.583233 
2.75 0.7 -0.0866685 0.571261 
2.8 0.7 -0.117633 0.553646 
2.85 0.7 -0.144436 0.530902 
2.9 0.7 -0.166157 0.503624 
2.95 0.7 -0.182049 0.472457 
3 0.7 -0.191556 0.438086 
3.05 0.7 -0.194316 0.401263 
3.1 0.7 -0.190169 0.362865 
3.15 0.7 -0.179165 0.323984 
3.2 0.7 -0.161582 0.285995 
3.25 0.7 -0.137939 0.250605 
3.3 0.7 -0.109009 0.219792 
3.35 0.7 -0.0758134 0.195639 
3.4 0.7 -0.0396029 0.180038 
3.45 0.7 -0.00179985 0.174338 
3.5 0.7 0.036076 0.179061 
3.55 0.7 0.0725005 0.193774 
3.6 0.7 0.106038 0.217194 
3.65 0.7 0.13542 0.247467 
3.7 0.7 0.159601 0.282514 
3.75 0.7 0.177784 0.320335 
3.8 0.7 0.189427 0.359198 
3.85 0.7 0.194229 0.397692 
3.9 0.7 0.19212 0.434706 
3.95 0.7 0.18324 0.469343 
4 0.7 0.167931 0.500843 
4.05 0.7 0.146734 0.528517 
4.1 0.7 0.120375 0.551715 
4.15 0.7 0.0897608 0.569834 
4.2 0.7 0.0559585 0.582351 
4.25 0.7 0.0201614 0.588871 
4.3 0.7 -0.0163525 0.589174 
4.35 0.7 -0.0522736 0.583246 
4.4 0.7 -0.0863165 0.571282 
4.45 0.7 -0.117274 0.553657 
4.5 0.7 -0.14406 0.53088 
4.55 0.7 -0.165745 0.503546 
4.6 0.7 -0.181576 0.472298 
4.65 0.7 -0.19099 0.437825 
4.7 0.7 -0.193618 0.400884 
4.75 0.7 -0.189298 0.362368 
4.8 0.7 -0.178082 0.323383 
4.85 0.7 -0.160254 0.285334 
4.9 0.7 -0.13635 0.249954 
4.95 0.7 -0.10717 0.219251 
5 0.7 -0.0737813 0.195322 
0 0.75 -0.0865135 0.190927 
0.05 0.75 -0.0597363 0.169099 
0.1 0.75 -0.0305678 0.1551 
0.15 0.75 -0.000143249 0.150141 
0.2 0.75 0.0303142 0.154674 
0.25 0.75 0.059572 0.168278 
0.3 0.75 0.0864685 0.189757 
0.35 0.75 0.10998 0.217398 
0.4 0.75 0.129265 0.249291 
0.45 0.75 0.143692 0.283601 
0.5 0.75 0.152834 0.318735 
0.55 0.75 0.156466 0.3534 
0.6 0.75 0.154546 0.386574 
0.65 0.75 0.147201 0.417445 
0.7 0.75 0.134721 0.445342 
0.75 0.75 0.117547 0.469682 
0.8 0.75 0.0962707 0.489942 
0.85 0.75 0.0716206 0.505659 
0.9 0.75 0.0444491 0.516443 
0.95 0.75 0.0157063 0.522012 
1 0.75 -0.0135935 0.522211 
1.05 0.75 -0.0424131 0.517035 
1.1 0.75 -0.0697348 0.506625 
1.15 0.75 -0.0946017 0.491256 
1.2 0.75 -0.116152 0.471307 
1.25 0.75 -0.133646 0.447237 
1.3 0.75 -0.14648 0.419562 
1.35 0.75 -0.154198 0.388861 
1.4 0.75 -0.156496 0.355794 
1.45 0.75 -0.153232 0.321164 
1.5 0.75 -0.144432 0.285975 
1.55 0.75 -0.130303 0.251505 
1.6 0.75 -0.111253 0.219334 
1.65 0.75 -0.0878999 0.191294 
1.7 0.75 -0.0610706 0.169311 
1.75 0.75 -0.0317821 0.155131 
1.8 0.75 -0.00119845 0.150002 
1.85 0.75 0.0294347 0.154396 
1.9 0.75 0.0588686 0.167907 
1.95 0.75 0.0859301 0.189341 
2 0.75 0.109589 0.216979 
2.05 0.75 0.129002 0.248899 
2.1 0.75 0.143536 0.283253 
2.15 0.75 0.152766 0.318438 
2.2 0.75 0.15647 0.353155 
2.25 0.75 0.154606 0.386378 
2.3 0.75 0.147306 0.417294 
2.35 0.75 0.134861 0.445233 
2.4 0.75 0.117713 0.469611 
2.45 0.75 0.0964556 0.489907 
2.5 0.75 0.0718175 0.505658 
2.55 0.75 0.0446516 0.516476 
2.6 0.75 0.0159082 0.522079 
2.65 0.75 -0.0133984 0.522311 
2.7 0.75 -0.0422308 0.517167 
2.75 0.75 -0.0695709 0.506787 
2.8 0.75 -0.0944616 0.491447 
2.85 0.75 -0.116041 0.471525 
2.9 0.75 -0.133567 0.447479 
2.95 0.75 -0.146437 0.419826 
3 0.75 -0.154194 0.389141 
3.05 0.75 -0.156533 0.356087 
3.1 0.75 -0.15331 0.321463 
3.15 0.75 -0.144549 0.286271 
3.2 0.75 -0.130459 0.251786 
3.25 0.75 -0.111443 0.219587 
3.3 0.75 -0.0881193 0.191503 
3.35 0.75 -0.0613118 0.169461 
3.4 0.75 -0.0320364 0.15521 
3.45 0.75 -0.00145606 0.150002 
3.5 0.75 0.029184 0.154318 
3.55 0.75 0.0586346 0.167758 
3.6 0.75 0.085722 0.189134 
3.65 0.75 0.109414 0.216729 
3.7 0.75 0.128867 0.248622 
3.75 0.75 0.143445 0.282963 
3.8 0.75 0.152722 0.318149 
3.85 0.75 0.156473 0.352874 
3.9 0.75 0.154657 0.386114 
3.95 0.75 0.147402 0.417053 
4 0.75 0.134998 0.445018 
4.05 0.75 0.117888 0.469427 
4.1 0.75 0.0966618 0.489756 
4.15 0.75 0.0720485 0.505541 
4.2 0.75 0.0449003 0.516392 
4.25 0.75 0.016168 0.522024 
4.3 0.75 -0.0131332 0.522278 
4.35 0.75 -0.0419635 0.517146 
4.4 0.75 -0.0693017 0.506764 
4.45 0.75 -0.0941864 0.491404 
4.5 0.75 -0.11575 0.471442 
4.55 0.75 -0.133246 0.447334 
4.6 0.75 -0.146063 0.419597 
4.65 0.75 -0.153739 0.38881 
4.7 0.75 -0.155965 0.355643 
4.75 0.75 -0.152596 0.320906 
4.8 0.75 -0.143657 0.28562 
4.85 0.75 -0.129366 0.251084 
4.9 0.75 -0.110141 0.218902 
4.95 0.75 -0.0866216 0.190927 
5 0.75 -0.0596614 0.169099 
0 0.8 -0.0640547 0.158733 
0.05 0.8 -0.0442349 0.140113 
0.1 0.8 -0.0226299 0.128178 
0.15 0.8 -9.38679e-05 0.123961 
0.2 0.8 0.022458 0.12784 
0.25 0.8 0.0441054 0.139456 
0.3 0.8 0.0639825 0.157784 
0.35 0.8 0.081329 0.181359 
0.4 0.8 0.095526 0.208546 
0.45 0.8 0.106112 0.237767 
0.5 0.8 0.112782 0.267653 
0.55 0.8 0.11538 0.297086 
0.6 0.8 0.113888 0.325184 
0.65 0.8 0.108409 0.35125 
0.7 0.8 0.0991623 0.374718 
0.75 0.8 0.0864802 0.395112 
0.8 0.8 0.070799 0.412018 
0.85 0.8 0.0526549 0.425084 
0.9 0.8 0.0326717 0.434023 
0.95 0.8 0.0115433 0.43863 
1 0.8 -0.00999126 0.438795 
1.05 0.8 -0.0311758 0.434513 
1.1 0.8 -0.0512687 0.425886 
1.15 0.8 -0.0695712 0.413111 
1.2 0.8 -0.0854528 0.396468 
1.25 0.8 -0.0983692 0.376305 
1.3 0.8 -0.107874 0.353029 
1.35 0.8 -0.113627 0.327111 
1.4 0.8 -0.115397 0.299108 
1.45 0.8 -0.113069 0.269707 
1.5 0.8 -0.106649 0.239776 
1.55 0.8 -0.0962817 0.21042 
1.6 0.8 -0.0822572 0.182999 
1.65 0.8 -0.0650255 0.159087 
1.7 0.8 -0.0451968 0.140336 
1.75 0.8 -0.0235273 0.12824 
1.8 0.8 -0.00088723 0.123864 
1.85 0.8 0.02179 0.127613 
1.9 0.8 0.0435683 0.139139 
1.95 0.8 0.0635708 0.157423 
2 0.8 0.0810306 0.180992 
2.05 0.8 0.0953258 0.2082 
2.1 0.8 0.105994 0.23746 
2.15 0.8 0.112731 0.267392 
2.2 0.8 0.115384 0.296872 
2.25 0.8 0.113934 0.325015 
2.3 0.8 0.108488 0.351122 
2.35 0.8 0.0992671 0.374628 
2.4 0.8 0.0866041 0.395055 
2.45 0.8 0.0709364 0.411993 
2.5 0.8 0.0528008 0.425089 
2.55 0.8 0.0328215 0.434057 
2.6 0.8 0.0116923 0.438692 
2.65 0.8 -0.00984738 0.438884 
2.7 0.8 -0.0310414 0.434629 
2.75 0.8 -0.0511478 0.426027 
2.8 0.8 -0.0694678 0.413276 
2.85 0.8 -0.0853703 0.396656 
2.9 0.8 -0.0983106 0.376514 
2.95 0.8 -0.107842 0.353256 
3 0.8 -0.113624 0.327352 
3.05 0.8 -0.115423 0.299359 
3.1 0.8 -0.113125 0.269963 
3.15 0.8 -0.106735 0.24003 
3.2 0.8 -0.0963963 0.210661 
3.25 0.8 -0.0823975 0.183215 
3.3 0.8 -0.0651875 0.159267 
3.35 0.8 -0.0453751 0.140465 
3.4 0.8 -0.0237155 0.128308 
3.45 0.8 -0.00107796 0.123864 
3.5 0.8 0.0216043 0.127547 
3.55 0.8 0.0433952 0.139012 
3.6 0.8 0.0634169 0.157246 
3.65 0.8 0.0809017 0.180779 
3.7 0.8 0.0952262 0.207965 
3.75 0.8 0.105927 0.237215 
3.8 0.8 0.112698 0.267147 
3.85 0.8 0.115386 0.296635 
3.9 0.8 0.11397 0.324792 
3.95 0.8 0.108557 0.350918 
4 0.8 0.0993664 0.374447 
4.05 0.8 0.0867299 0.394899 
4.1 0.8 0.0710843 0.411864 
4.15 0.8 0.0529657 0.424987 
4.2 0.8 0.0329982 0.433979 
4.25 0.8 0.0118758 0.438634 
4.3 0.8 -0.00966113 0.43884 
4.35 0.8 -0.0308548 0.434589 
4.4 0.8 -0.0509607 0.425979 
4.45 0.8 -0.0692767 0.413204 
4.5 0.8 -0.0851678 0.396543 
4.55 0.8 -0.0980845 0.376342 
4.6 0.8 -0.107576 0.353007 
4.65 0.8 -0.113295 0.327011 
4.7 0.8 -0.115009 0.298919 
4.75 0.8 -0.1126 0.269426 
4.8 0.8 -0.106077 0.239415 
4.85 0.8 -0.0955919 0.210008 
4.9 0.8 -0.0814471 0.182584 
4.95 0.8 -0.0641081 0.158733 
5 0.8 -0.0441977 0.140113 
0 0.85 -0.0415065 0.122856 
0.05 0.85 -0.0286591 0.108359 
0.1 0.85 -0.0146575 0.0990798 
0.15 0.85 -6.24978e-05 0.0958071 
0.2 0.85 0.0145327 0.0988301 
0.25 0.85 0.0285304 0.107868 
0.3 0.85 0.0413679 0.122132 
0.35 0.85 0.0525529 0.140487 
0.4 0.85 0.0616871 0.161664 
0.45 0.85 0.0684769 0.184433 
0.5 0.85 0.0727326 0.207718 
0.55 0.85 0.074361 0.230638 
0.6 0.85 0.0733559 0.252494 
0.65 0.85 0.0697899 0.272738 
0.7 0.85 0.0638086 0.290928 
0.75 0.85 0.055627 0.306697 
0.8 0.85 0.0455266 0.319739 
0.85 0.85 0.0338517 0.329796 
0.9 0.85 0.0210014 0.336664 
0.95 0.85 0.00741934 0.3402 
1 0.85 -0.00642212 0.340326 
1.05 0.85 -0.0200401 0.33704 
1.1 0.85 -0.0329606 0.330412 
1.15 0.85 -0.0447371 0.32058 
1.2 0.85 -0.0549659 0.307743 
1.25 0.85 -0.0632977 0.292154 
1.3 0.85 -0.0694451 0.274116 
1.35 0.85 -0.0731868 0.253989 
1.4 0.85 -0.0743703 0.232207 
1.45 0.85 -0.0729156 0.209312 
1.5 0.85 -0.0688211 0.185992 
1.55 0.85 -0.0621715 0.163118 
1.6 0.85 -0.0531481 0.141758 
1.65 0.85 -0.0420369 0.123144 
1.7 0.85 -0.0292305 0.108555 
1.75 0.85 -0.0152201 0.0991486 
1.8 0.85 -0.000574036 0.0957465 
1.85 0.85 0.0140964 0.098661 
1.9 0.85 0.028178 0.107624 
1.95 0.85 0.0410979 0.121849 
2 0.85 0.0523579 0.140197 
2.05 0.85 0.0615572 0.161389 
2.1 0.85 0.0684014 0.184188 
2.15 0.85 0.0727013 0.20751 
2.2 0.85 0.0743649 0.230468 
2.25 0.85 0.0733873 0.252361 
2.3 0.85 0.0698426 0.272639 
2.35 0.85 0.0638775 0.290858 
2.4 0.85 0.0557079 0.306656 
2.45 0.85 0.0456159 0.319723 
2.5 0.85 0.0339461 0.329804 
2.55 0.85 0.0210981 0.336694 
2.6 0.85 0.00751542 0.340251 
2.65 0.85 -0.00632944 0.340399 
2.7 0.85 -0.0199535 0.337133 
2.75 0.85 -0.0328828 0.330525 
2.8 0.85 -0.0446704 0.320711 
2.85 0.85 -0.0549125 0.307892 
2.9 0.85 -0.0632596 0.292319 
2.95 0.85 -0.069424 0.274294 
3 0.85 -0.0731839 0.254178 
3.05 0.85 -0.0743865 0.232404 
3.1 0.85 -0.0729513 0.209513 
3.15 0.85 -0.0688762 0.186191 
3.2 0.85 -0.062245 0.163306 
3.25 0.85 -0.0532384 0.141928 
3.3 0.85 -0.0421413 0.123284 
3.35 0.85 -0.0293457 0.108655 
3.4 0.85 -0.0153418 0.0992015 
3.45 0.85 -0.000697406 0.0957473 
3.5 0.85 0.0139763 0.0986097 
3.55 0.85 0.0280661 0.107526 
3.6 0.85 0.0409985 0.121711 
3.65 0.85 0.0522748 0.140031 
3.7 0.85 0.0614931 0.161206 
3.75 0.85 0.0683582 0.183997 
3.8 0.85 0.0726802 0.207319 
3.85 0.85 0.0743661 0.230283 
3.9 0.85 0.0734105 0.252188 
3.95 0.85 0.0698865 0.27248 
4 0.85 0.0639403 0.290717 
4.05 0.85 0.0557872 0.306534 
4.1 0.85 0.0457088 0.319621 
4.15 0.85 0.0340492 0.329721 
4.2 0.85 0.0212079 0.336629 
4.25 0.85 0.00762875 0.340199 
4.3 0.85 -0.0062153 0.340355 
4.35 0.85 -0.0198401 0.337089 
4.4 0.85 -0.03277 0.330471 
4.45 0.85 -0.0445559 0.320636 
4.5 0.85 -0.0547912 0.307781 
4.55 0.85 -0.0631233 0.292158 
4.6 0.85 -0.0692613 0.274071 
4.65 0.85 -0.0729807 0.253881 
4.7 0.85 -0.0741267 0.232029 
4.75 0.85 -0.0726191 0.209064 
4.8 0.85 -0.0684589 0.185685 
4.85 0.85 -0.0617379 0.162777 
4.9 0.85 -0.0526497 0.141422 
4.95 0.85 -0.0414942 0.122856 
5 0.85 -0.0286673 0.108359 
0 0.9 -0.0212517 0.0838488 
0.05 0.9 -0.0146441 0.0740627 
0.1 0.9 -0.00748071 0.0678144 
0.15 0.9 -3.58687e-05 0.0656155 
0.2 0.9 0.00739855 0.067653 
0.25 0.9 0.014521 0.0737408 
0.3 0.9 0.0210447 0.0833561 
0.35 0.9 0.0267188 0.0957458 
0.4 0.9 0.0313421 0.11006 
0.45 0.9 0.0347682 0.125469 
0.5 0.9 0.0369045 0.141243 
0.55 0.9 0.0377078 0.156776 
0.6 0.9 0.0371781 0.171589 
0.65 0.9 0.0353548 0.185301 
0.7 0.9 0.032313 0.197611 
0.75 0.9 0.0281618 0.20827 
0.8 0.9 0.0230436 0.217075 
0.85 0.9 0.0171318 0.223856 
0.9 0.9 0.0106275 0.228483 
0.95 0.9 0.0037543 0.230862 
1 0.9 -0.00324973 0.230947 
1.05 0.9 -0.0101411 0.228735 
1.1 0.9 -0.0166809 0.224271 
1.15 0.9 -0.0226441 0.217642 
1.2 0.9 -0.0278273 0.208976 
1.25 0.9 -0.0320544 0.198439 
1.3 0.9 -0.0351803 0.186233 
1.35 0.9 -0.0370925 0.172599 
1.4 0.9 -0.0377125 0.157838 
1.45 0.9 -0.0369974 0.142321 
1.5 0.9 -0.0349429 0.126522 
1.55 0.9 -0.0315881 0.111041 
1.6 0.9 -0.0270212 0.0966029 
1.65 0.9 -0.0213845 0.0840385 
1.7 0.9 -0.0148766 0.0742054 
1.75 0.9 -0.00774849 0.0678724 
1.8 0.9 -0.000292304 0.0655833 
1.85 0.9 0.00717644 0.0675443 
1.9 0.9 0.0143413 0.0735786 
1.95 0.9 0.0209076 0.0831653 
2 0.9 0.0266207 0.0955484 
2.05 0.9 0.0312776 0.109872 
2.1 0.9 0.0347316 0.125302 
2.15 0.9 0.0368904 0.1411 
2.2 0.9 0.0377114 0.15666 
2.25 0.9 0.0371955 0.171498 
2.3 0.9 0.0353827 0.185233 
2.35 0.9 0.0323488 0.197564 
2.4 0.9 0.0282035 0.208243 
2.45 0.9 0.0230893 0.217065 
2.5 0.9 0.0171799 0.223863 
2.55 0.9 0.0106766 0.228505 
2.6 0.9 0.003803 0.230899 
2.65 0.9 -0.0032028 0.230998 
2.7 0.9 -0.0100973 0.2288 
2.75 0.9 -0.0166415 0.224349 
2.8 0.9 -0.0226103 0.217732 
2.85 0.9 -0.0278001 0.209078 
2.9 0.9 -0.0320349 0.198552 
2.95 0.9 -0.0351694 0.186354 
3 0.9 -0.0370908 0.172729 
3.05 0.9 -0.0377204 0.157972 
3.1 0.9 -0.0370152 0.142458 
3.15 0.9 -0.0349706 0.126658 
3.2 0.9 -0.0316252 0.111169 
3.25 0.9 -0.0270669 0.0967178 
3.3 0.9 -0.0214375 0.0841333 
3.35 0.9 -0.0149351 0.0742734 
3.4 0.9 -0.00781037 0.0679082 
3.45 0.9 -0.000355087 0.0655839 
3.5 0.9 0.00711532 0.0675099 
3.55 0.9 0.0142844 0.0735124 
3.6 0.9 0.0208571 0.0830729 
3.65 0.9 0.0265784 0.0954366 
3.7 0.9 0.0312451 0.109748 
3.75 0.9 0.0347097 0.125172 
3.8 0.9 0.0368798 0.140971 
3.85 0.9 0.037712 0.156535 
3.9 0.9 0.0372071 0.17138 
3.95 0.9 0.0354047 0.185126 
4 0.9 0.0323801 0.197468 
4.05 0.9 0.0282429 0.208159 
4.1 0.9 0.0231353 0.216995 
4.15 0.9 0.0172308 0.223805 
4.2 0.9 0.0107305 0.228458 
4.25 0.9 0.00385815 0.23086 
4.3 0.9 -0.0031478 0.230964 
4.35 0.9 -0.0100433 0.228764 
4.4 0.9 -0.0165885 0.224305 
4.45 0.9 -0.022557 0.217672 
4.5 0.9 -0.0277441 0.208993 
4.55 0.9 -0.0319717 0.198432 
4.6 0.9 -0.0350931 0.186191 
4.65 0.9 -0.0369939 0.172515 
4.7 0.9 -0.0375947 0.157706 
4.75 0.9 -0.0368524 0.142143 
4.8 0.9 -0.0347651 0.126308 
4.85 0.9 -0.0313776 0.110808 
4.9 0.9 -0.02679 0.096379 
4.95 0.9 -0.021163 0.0838488 
5 0.9 -0.0147053 0.0740627 
0 0.95 -0.00627293 0.042549 
0.05 0.95 -0.00424058 0.0376827 
0.1 0.95 -0.00215164 0.0345908 
0.15 0.95 -1.11056e-05 0.0335049 
0.2 0.95 0.00211924 0.0345139 
0.25 0.95 0.00415742 0.0375285 
0.3 0.95 0.0060214 0.0422961 
0.35 0.95 0.00763923 0.0484508 
0.4 0.95 0.00895384 0.0555761 
0.45 0.95 0.0099245 0.0632621 
0.5 0.95 0.0105262 0.0711431 
0.55 0.95 0.0107481 0.0789139 
0.6 0.95 0.0105913 0.08633 
0.65 0.95 0.0100676 0.0931978 
0.7 0.95 0.00919867 0.0993629 
0.75 0.95 0.00801539 0.1047 
0.8 0.95 0.00655792 0.109107 
0.85 0.95 0.00487522 0.1125 
0.9 0.95 0.00302423 0.114813 
0.95 0.95 0.00106836 0.116003 
1 0.95 -0.000924729 0.116045 
1.05 0.95 -0.00288579 0.114939 
1.1 0.95 -0.00474693 0.112707 
1.15 0.95 -0.00644428 0.10939 
1.2 0.95 -0.00792027 0.105053 
1.25 0.95 -0.0091252 0.0997775 
1.3 0.95 -0.0100181 0.0936638 
1.35 0.95 -0.0105671 0.0868355 
1.4 0.95 -0.0107498 0.0794444 
1.45 0.95 -0.0105531 0.0716812 
1.5 0.95 -0.00997483 0.0637872 
1.55 0.95 -0.00902469 0.0560645 
1.6 0.95 -0.00772631 0.0488771 
1.65 0.95 -0.00611919 0.0426354 
1.7 0.95 -0.00425954 0.03776 
1.75 0.95 -0.00221947 0.0346247 
1.8 0.95 -8.37571e-05 0.0334924 
1.85 0.95 0.00205561 0.0344624 
1.9 0.95 0.00410639 0.0374496 
1.95 0.95 0.005983 0.0422022 
2 0.95 0.00761221 0.0483528 
2.05 0.95 0.0089365 0.0554824 
2.1 0.95 0.00991509 0.0631779 
2.15 0.95 0.0105231 0.0710712 
2.2 0.95 0.0107499 0.0788551 
2.25 0.95 0.0105969 0.0862839 
2.3 0.95 0.010076 0.0931635 
2.35 0.95 0.00920918 0.0993395 
2.4 0.95 0.00802744 0.104687 
2.45 0.95 0.00657103 0.109102 
2.5 0.95 0.00488896 0.112503 
2.55 0.95 0.00303822 0.114824 
2.6 0.95 0.00108221 0.116022 
2.65 0.95 -0.000911393 0.116071 
2.7 0.95 -0.00287334 0.114972 
2.75 0.95 -0.00473571 0.112746 
2.8 0.95 -0.00643464 0.109436 
2.85 0.95 -0.00791252 0.105105 
2.9 0.95 -0.00911962 0.0998341 
2.95 0.95 -0.0100149 0.0937251 
3 0.95 -0.0105665 0.0869005 
3.05 0.95 -0.0107519 0.079512 
3.1 0.95 -0.010558 0.0717498 
3.15 0.95 -0.0099826 0.0638548 
3.2 0.95 -0.00903515 0.0561285 
3.25 0.95 -0.00773927 0.0489343 
3.3 0.95 -0.00613427 0.0426825 
3.35 0.95 -0.00427624 0.0377937 
3.4 0.95 -0.00223716 0.0346425 
3.45 0.95 -0.000101727 0.0334928 
3.5 0.95 0.00203812 0.0344455 
3.55 0.95 0.0040901 0.0374168 
3.6 0.95 0.00596858 0.0421563 
3.65 0.95 0.00760018 0.0482973 
3.7 0.95 0.00892725 0.0554207 
3.75 0.95 0.00990889 0.0631133 
3.8 0.95 0.0105201 0.0710064 
3.85 0.95 0.0107501 0.0787924 
3.9 0.95 0.0106001 0.086225 
3.95 0.95 0.0100822 0.0931095 
4 0.95 0.00921799 0.0992912 
4.05 0.95 0.00803851 0.104645 
4.1 0.95 0.0065839 0.109067 
4.15 0.95 0.00490312 0.112473 
4.2 0.95 0.00305312 0.1148 
4.25 0.95 0.00109732 0.116001 
4.3 0.95 -0.000896507 0.116053 
4.35 0.95 -0.00285896 0.114953 
4.4 0.95 -0.00472188 0.112722 
4.45 0.95 -0.00642103 0.109404 
4.5 0.95 -0.00789841 0.105059 
4.55 0.95 -0.00910376 0.099771 
4.6 0.95 -0.00999558 0.0936401 
4.65 0.95 -0.0105415 0.0867906 
4.7 0.95 -0.0107185 0.0793762 
4.75 0.95 -0.0105139 0.0715909 
4.8 0.95 -0.00992603 0.0636802 
4.85 0.95 -0.00896742 0.0559511 
4.9 0.95 -0.00767003 0.0487712 
4.95 0.95 -0.00609676 0.042549 
5 0.95 -0.0043627 0.0376827 
0 1 0 0 
0.05 1 0 0 
0.1 1 0 0 
0.15 1 0 0 
0.2 1 0 0 
0.25 1 0 0 
0.3 1 0 0 
0.35 1 0 0 
0.4 1 0 0 
0.45 1 0 0 
0.5 1 0 0 
0.55 1 0 0 
0.6 1 0 0 
0.65 1 0 0 
0.7 1 0 0 
0.75 1 0 0 
0.8 1 0 0 
0.85 1 0 0 
0.9 1 0 0 
0.95 1 0 0 
1 1 0 0 
1.05 1 0 0 
1.1 1 0 0 
1.15 1 0 0 
1.2 1 0 0 
1.25 1 0 0 
1.3 1 0 0 
1.35 1 0 0 
1.4 1 0 0 
1.45 1 0 0 
1.5 1 0 0 
1.55 1 0 0 
1.6 1 0 0 
1.65 1 0 0 
1.7 1 0 0 
1.75 1 0 0 
1.8 1 0 0 
1.85 1 0 0 
1.9 1 0 0 
1.95 1 0 0 
2 1 0 0 
2.05 1 0 0 
2.1 1 0 0 
2.15 1 0 0 
2.2 1 0 0 
2.25 1 0 0 
2.3 1 0 0 
2.35 1 0 0 
2.4 1 0 0 
2.45 1 0 0 
2.5 1 0 0 
2.55 1 0 0 
2.6 1 0 0 
2.65 1 0 0 
2.7 1 0 0 
2.75 1 0 0 
2.8 1 0 0 
2.85 1 0 0 
2.9 1 0 0 
2.95 1 0 0 
3 1 0 0 
3.05 1 0 0 
3.1 1 0 0 
3.15 1 0 0 
3.2 1 0 0 
3.25 1 0 0 
3.3 1 0 0 
3.35 1 0 0 
3.4 1 0 0 
3.45 1 0 0 
3.5 1 0 0 
3.55 1 0 0 
3.6 1 0 0 
3.65 1 0 0 
3.7 1 0 0 
3.75 1 0 0 
3.8 1 0 0 
3.85 1 0 0 
3.9 1 0 0 
3.95 1 0 0 
4 1 0 0 
4.05 1 0 0 
4.1 1 0 0 
4.15 1 0 0 
4.2 1 0 0 
4.25 1 0 0 
4.3 1 0 0 
4.35 1 0 0 
4.4 1 0 0 
4.45 1 0 0 
4.5 1 0 0 
4.55 1 0 0 
4.6 1 0 0 
4.65 1 0 0 
4.7 1 0 0 
4.75 1 0 0 
4.8 1 0 0 
4.85 1 0 0 
4.9 1 0 0 
4.95 1 0 0 
5 1 0 0 
