x, y, ksi, T
#iter= 450000
0 0 0 1 
0.05 0 0 1 
0.1 0 0 1 
0.15 0 0 1 
0.2 0 0 1 
0.25 0 0 1 
0.3 0 0 1 
0.35 0 0 1 
0.4 0 0 1 
0.45 0 0 1 
0.5 0 0 1 
0.55 0 0 1 
0.6 0 0 1 
0.65 0 0 1 
0.7 0 0 1 
0.75 0 0 1 
0.8 0 0 1 
0.85 0 0 1 
0.9 0 0 1 
0.95 0 0 1 
1 0 0 1 
1.05 0 0 1 
1.1 0 0 1 
1.15 0 0 1 
1.2 0 0 1 
1.25 0 0 1 
1.3 0 0 1 
1.35 0 0 1 
1.4 0 0 1 
1.45 0 0 1 
1.5 0 0 1 
1.55 0 0 1 
1.6 0 0 1 
1.65 0 0 1 
1.7 0 0 1 
1.75 0 0 1 
1.8 0 0 1 
1.85 0 0 1 
1.9 0 0 1 
1.95 0 0 1 
2 0 0 1 
2.05 0 0 1 
2.1 0 0 1 
2.15 0 0 1 
2.2 0 0 1 
2.25 0 0 1 
2.3 0 0 1 
2.35 0 0 1 
2.4 0 0 1 
2.45 0 0 1 
2.5 0 0 1 
2.55 0 0 1 
2.6 0 0 1 
2.65 0 0 1 
2.7 0 0 1 
2.75 0 0 1 
2.8 0 0 1 
2.85 0 0 1 
2.9 0 0 1 
2.95 0 0 1 
3 0 0 1 
3.05 0 0 1 
3.1 0 0 1 
3.15 0 0 1 
3.2 0 0 1 
3.25 0 0 1 
3.3 0 0 1 
3.35 0 0 1 
3.4 0 0 1 
3.45 0 0 1 
3.5 0 0 1 
3.55 0 0 1 
3.6 0 0 1 
3.65 0 0 1 
3.7 0 0 1 
3.75 0 0 1 
3.8 0 0 1 
3.85 0 0 1 
3.9 0 0 1 
3.95 0 0 1 
4 0 0 1 
4.05 0 0 1 
4.1 0 0 1 
4.15 0 0 1 
4.2 0 0 1 
4.25 0 0 1 
4.3 0 0 1 
4.35 0 0 1 
4.4 0 0 1 
4.45 0 0 1 
4.5 0 0 1 
4.55 0 0 1 
4.6 0 0 1 
4.65 0 0 1 
4.7 0 0 1 
4.75 0 0 1 
4.8 0 0 1 
4.85 0 0 1 
4.9 0 0 1 
4.95 0 0 1 
5 0 0 1 
0 0.05 -0.00621327 0.889188 
0.05 0.05 -0.00427725 0.886147 
0.1 0.05 -0.0022551 0.884313 
0.15 0.05 -0.000202343 0.883668 
0.2 0.05 0.00182845 0.8842 
0.25 0.05 0.00377772 0.885887 
0.3 0.05 0.00558449 0.888687 
0.35 0.05 0.007191 0.892544 
0.4 0.05 0.00854561 0.897382 
0.45 0.05 0.00960438 0.903109 
0.5 0.05 0.0103319 0.909614 
0.55 0.05 0.0107017 0.916758 
0.6 0.05 0.0106965 0.924373 
0.65 0.05 0.0103088 0.932245 
0.7 0.05 0.0095425 0.940102 
0.75 0.05 0.00841404 0.947611 
0.8 0.05 0.00695497 0.954382 
0.85 0.05 0.00521318 0.959993 
0.9 0.05 0.00325317 0.964039 
0.95 0.05 0.00115397 0.966195 
1 0.05 -0.000995193 0.966275 
1.05 0.05 -0.00310129 0.964272 
1.1 0.05 -0.0050746 0.960359 
1.15 0.05 -0.00683515 0.954855 
1.2 0.05 -0.00831731 0.94816 
1.25 0.05 -0.00947197 0.940697 
1.3 0.05 -0.0102665 0.93286 
1.35 0.05 -0.0106835 0.924988 
1.4 0.05 -0.0107185 0.917355 
1.45 0.05 -0.0103784 0.910181 
1.5 0.05 -0.00968026 0.903638 
1.55 0.05 -0.00865058 0.897864 
1.6 0.05 -0.00732509 0.892974 
1.65 0.05 -0.00574851 0.88906 
1.7 0.05 -0.00397403 0.886195 
1.75 0.05 -0.00206208 0.884435 
1.8 0.05 -7.85695e-05 0.883814 
1.85 0.05 0.00190769 0.884344 
1.9 0.05 0.00382776 0.886014 
1.95 0.05 0.00561542 0.888793 
2 0.05 0.00720973 0.892626 
2.05 0.05 0.00855688 0.897442 
2.1 0.05 0.00961146 0.903149 
2.15 0.05 0.010337 0.909635 
2.2 0.05 0.0107063 0.916765 
2.25 0.05 0.0107016 0.924368 
2.3 0.05 0.0103151 0.932231 
2.35 0.05 0.00955016 0.940082 
2.4 0.05 0.00842324 0.947589 
2.45 0.05 0.00696563 0.954361 
2.5 0.05 0.00522508 0.959977 
2.55 0.05 0.00326593 0.964032 
2.6 0.05 0.00116713 0.966198 
2.65 0.05 -0.000982178 0.966289 
2.7 0.05 -0.00308897 0.964297 
2.75 0.05 -0.00506351 0.960394 
2.8 0.05 -0.00682575 0.954898 
2.85 0.05 -0.00830998 0.948209 
2.9 0.05 -0.00946699 0.940749 
2.95 0.05 -0.0102641 0.932913 
3 0.05 -0.0106837 0.92504 
3.05 0.05 -0.0107214 0.917404 
3.1 0.05 -0.0103839 0.910226 
3.15 0.05 -0.00968831 0.903678 
3.2 0.05 -0.00866096 0.897899 
3.25 0.05 -0.00733753 0.893002 
3.3 0.05 -0.00576266 0.88908 
3.35 0.05 -0.00398945 0.886207 
3.4 0.05 -0.0020783 0.884438 
3.45 0.05 -9.50385e-05 0.883808 
3.5 0.05 0.00189153 0.884328 
3.55 0.05 0.00381246 0.885989 
3.6 0.05 0.00560154 0.888759 
3.65 0.05 0.00719776 0.892583 
3.7 0.05 0.00854729 0.897391 
3.75 0.05 0.00960464 0.90309 
3.8 0.05 0.0103333 0.90957 
3.85 0.05 0.010706 0.916694 
3.9 0.05 0.0107049 0.924293 
3.95 0.05 0.0103221 0.932155 
4 0.05 0.00956099 0.940008 
4.05 0.05 0.00843778 0.947521 
4.1 0.05 0.00698363 0.954304 
4.15 0.05 0.00524614 0.959936 
4.2 0.05 0.00328945 0.964012 
4.25 0.05 0.00119234 0.966204 
4.3 0.05 -0.000956191 0.966325 
4.35 0.05 -0.00306322 0.964365 
4.4 0.05 -0.00503907 0.960494 
4.45 0.05 -0.00680377 0.955028 
4.5 0.05 -0.00829171 0.948366 
4.55 0.05 -0.00945396 0.940931 
4.6 0.05 -0.0102583 0.933118 
4.65 0.05 -0.0106879 0.925263 
4.7 0.05 -0.0107397 0.917644 
4.75 0.05 -0.0104225 0.910475 
4.8 0.05 -0.00975641 0.903928 
4.85 0.05 -0.0087727 0.898134 
4.9 0.05 -0.00751526 0.893196 
4.95 0.05 -0.00604044 0.889188 
5 0.05 -0.00439775 0.886147 
0 0.1 -0.0209773 0.779495 
0.05 0.1 -0.0146657 0.773508 
0.1 0.1 -0.0077774 0.769829 
0.15 0.1 -0.000651138 0.768522 
0.2 0.1 0.00644949 0.769575 
0.25 0.1 0.0132837 0.77294 
0.3 0.1 0.0196251 0.778534 
0.35 0.1 0.0252652 0.786238 
0.4 0.1 0.030019 0.795899 
0.45 0.1 0.03373 0.807333 
0.5 0.1 0.0362723 0.820317 
0.55 0.1 0.0375525 0.834582 
0.6 0.1 0.0375113 0.849795 
0.65 0.1 0.0361257 0.865537 
0.7 0.1 0.0334132 0.881274 
0.75 0.1 0.0294373 0.896341 
0.8 0.1 0.0243132 0.909956 
0.85 0.1 0.0182117 0.921262 
0.9 0.1 0.0113587 0.929429 
0.95 0.1 0.00402785 0.933786 
1 0.1 -0.00347432 0.933947 
1.05 0.1 -0.0108289 0.929898 
1.1 0.1 -0.0177276 0.922 
1.15 0.1 -0.023894 0.910906 
1.2 0.1 -0.0290982 0.897442 
1.25 0.1 -0.0331655 0.882464 
1.3 0.1 -0.035977 0.866765 
1.35 0.1 -0.0374659 0.851019 
1.4 0.1 -0.0376122 0.835769 
1.45 0.1 -0.036437 0.821443 
1.5 0.1 -0.0339985 0.80838 
1.55 0.1 -0.0303898 0.796852 
1.6 0.1 -0.0257374 0.787084 
1.65 0.1 -0.0201997 0.779261 
1.7 0.1 -0.0139649 0.773534 
1.75 0.1 -0.00724629 0.770014 
1.8 0.1 -0.000275973 0.768772 
1.85 0.1 0.006704 0.769831 
1.9 0.1 0.0134512 0.773172 
1.95 0.1 0.0197324 0.778728 
2 0.1 0.0253326 0.786389 
2.05 0.1 0.0300614 0.796008 
2.1 0.1 0.033758 0.807404 
2.15 0.1 0.0362933 0.820354 
2.2 0.1 0.0375715 0.83459 
2.25 0.1 0.0375317 0.849781 
2.3 0.1 0.0361496 0.865506 
2.35 0.1 0.0334417 0.881231 
2.4 0.1 0.0294709 0.896295 
2.45 0.1 0.0243516 0.909913 
2.5 0.1 0.0182541 0.921229 
2.55 0.1 0.0114039 0.929413 
2.6 0.1 0.00407422 0.93379 
2.65 0.1 -0.00342859 0.933974 
2.7 0.1 -0.0107857 0.929949 
2.75 0.1 -0.0176888 0.92207 
2.8 0.1 -0.023861 0.910993 
2.85 0.1 -0.0290726 0.89754 
2.9 0.1 -0.0331481 0.882568 
2.95 0.1 -0.0359685 0.866872 
3 0.1 -0.0374668 0.851123 
3.05 0.1 -0.0376225 0.835868 
3.1 0.1 -0.0364566 0.821535 
3.15 0.1 -0.0340271 0.808461 
3.2 0.1 -0.0304266 0.796921 
3.25 0.1 -0.0257813 0.787139 
3.3 0.1 -0.0202496 0.779301 
3.35 0.1 -0.0140192 0.773558 
3.4 0.1 -0.00730338 0.77002 
3.45 0.1 -0.000333911 0.768759 
3.5 0.1 0.00664719 0.769801 
3.55 0.1 0.0133975 0.773123 
3.6 0.1 0.0196837 0.77866 
3.65 0.1 0.0252907 0.786303 
3.7 0.1 0.030028 0.795906 
3.75 0.1 0.0337344 0.807287 
3.8 0.1 0.0362807 0.820223 
3.85 0.1 0.037571 0.834449 
3.9 0.1 0.0375438 0.849632 
3.95 0.1 0.0361748 0.865354 
4 0.1 0.0334802 0.881083 
4.05 0.1 0.0295222 0.896158 
4.1 0.1 0.0244148 0.909796 
4.15 0.1 0.0183278 0.921144 
4.2 0.1 0.011486 0.929371 
4.25 0.1 0.00416196 0.933802 
4.3 0.1 -0.00333833 0.934046 
4.35 0.1 -0.0106964 0.930083 
4.4 0.1 -0.0176042 0.922267 
4.45 0.1 -0.0237851 0.91125 
4.5 0.1 -0.0290096 0.897851 
4.55 0.1 -0.0331033 0.882928 
4.6 0.1 -0.0359485 0.867274 
4.65 0.1 -0.0374806 0.851564 
4.7 0.1 -0.0376829 0.836338 
4.75 0.1 -0.0365812 0.822022 
4.8 0.1 -0.0342398 0.808947 
4.85 0.1 -0.0307579 0.797372 
4.9 0.1 -0.0262628 0.787501 
4.95 0.1 -0.0208904 0.779495 
5 0.1 -0.0147245 0.773508 
0 0.15 -0.0408924 0.675174 
0.05 0.15 -0.0285691 0.666398 
0.1 0.15 -0.0151179 0.66096 
0.15 0.15 -0.00114201 0.659007 
0.2 0.15 0.0128263 0.660551 
0.25 0.15 0.0262933 0.665528 
0.3 0.15 0.0387985 0.673811 
0.35 0.15 0.0499214 0.685216 
0.4 0.15 0.0592914 0.699508 
0.45 0.15 0.0665955 0.716405 
0.5 0.15 0.0715839 0.735576 
0.55 0.15 0.074073 0.756624 
0.6 0.15 0.0739489 0.779066 
0.65 0.15 0.0711718 0.802293 
0.7 0.15 0.0657835 0.825529 
0.75 0.15 0.0579169 0.847804 
0.8 0.15 0.0478055 0.867958 
0.85 0.15 0.0357895 0.88472 
0.9 0.15 0.0223133 0.896844 
0.95 0.15 0.00791026 0.903317 
1 0.15 -0.00682463 0.903556 
1.05 0.15 -0.0212736 0.897539 
1.1 0.15 -0.0348388 0.885813 
1.15 0.15 -0.0469811 0.869364 
1.2 0.15 -0.0572491 0.849428 
1.25 0.15 -0.0652949 0.827283 
1.3 0.15 -0.0708778 0.804098 
1.35 0.15 -0.0738584 0.780861 
1.4 0.15 -0.0741898 0.758361 
1.45 0.15 -0.0719076 0.737219 
1.5 0.15 -0.0671231 0.717926 
1.55 0.15 -0.0600181 0.700883 
1.6 0.15 -0.0508423 0.686423 
1.65 0.15 -0.03991 0.674829 
1.7 0.15 -0.0275946 0.666331 
1.75 0.15 -0.0143195 0.661104 
1.8 0.15 -0.000545121 0.659259 
1.85 0.15 0.0132485 0.660833 
1.9 0.15 0.0265802 0.665795 
1.95 0.15 0.0389877 0.674038 
2 0.15 0.050044 0.685394 
2.05 0.15 0.0593713 0.699635 
2.1 0.15 0.0666507 0.716484 
2.15 0.15 0.0716271 0.735611 
2.2 0.15 0.0741132 0.756622 
2.25 0.15 0.0739921 0.779034 
2.3 0.15 0.0712218 0.802239 
2.35 0.15 0.0658424 0.825462 
2.4 0.15 0.0579853 0.847732 
2.45 0.15 0.047883 0.867892 
2.5 0.15 0.0358745 0.884669 
2.55 0.15 0.0224033 0.896818 
2.6 0.15 0.00800227 0.903322 
2.65 0.15 -0.00673415 0.903596 
2.7 0.15 -0.0211883 0.897614 
2.75 0.15 -0.0347622 0.885918 
2.8 0.15 -0.0469162 0.869493 
2.85 0.15 -0.0571984 0.849573 
2.9 0.15 -0.0652606 0.827437 
2.95 0.15 -0.0708612 0.804256 
3 0.15 -0.0738603 0.781016 
3.05 0.15 -0.0742104 0.758508 
3.1 0.15 -0.0719467 0.737355 
3.15 0.15 -0.0671797 0.718047 
3.2 0.15 -0.060091 0.700986 
3.25 0.15 -0.0509295 0.686506 
3.3 0.15 -0.040009 0.67489 
3.35 0.15 -0.0277023 0.666368 
3.4 0.15 -0.0144326 0.661115 
3.45 0.15 -0.000659738 0.659241 
3.5 0.15 0.0131362 0.660788 
3.55 0.15 0.0264742 0.665722 
3.6 0.15 0.0388918 0.673939 
3.65 0.15 0.0499616 0.685268 
3.7 0.15 0.0593058 0.699485 
3.75 0.15 0.0666047 0.716312 
3.8 0.15 0.071603 0.735419 
3.85 0.15 0.0741128 0.756414 
3.9 0.15 0.0740168 0.778815 
3.95 0.15 0.0712724 0.802016 
4 0.15 0.0659188 0.825242 
4.05 0.15 0.0580867 0.847528 
4.1 0.15 0.0480074 0.867719 
4.15 0.15 0.0360191 0.884543 
4.2 0.15 0.0225639 0.896755 
4.25 0.15 0.0081736 0.903337 
4.3 0.15 -0.00655808 0.903699 
4.35 0.15 -0.0210141 0.897809 
4.4 0.15 -0.0345969 0.886204 
4.45 0.15 -0.0467672 0.869864 
4.5 0.15 -0.0570738 0.850023 
4.55 0.15 -0.0651695 0.827955 
4.6 0.15 -0.070815 0.804833 
4.65 0.15 -0.0738739 0.781643 
4.7 0.15 -0.0743037 0.759173 
4.75 0.15 -0.0721457 0.738039 
4.8 0.15 -0.0675166 0.718722 
4.85 0.15 -0.0605998 0.701605 
4.9 0.15 -0.0516324 0.687 
4.95 0.15 -0.0408786 0.675174 
5 0.15 -0.0285763 0.666398 
0 0.2 -0.0630575 0.581397 
0.05 0.2 -0.0439609 0.570099 
0.1 0.2 -0.0231701 0.563068 
0.15 0.2 -0.00154344 0.560525 
0.2 0.2 0.0201032 0.562518 
0.25 0.2 0.0409931 0.568973 
0.3 0.2 0.0603979 0.579718 
0.35 0.2 0.0776539 0.594496 
0.4 0.2 0.0921778 0.612984 
0.45 0.2 0.10348 0.634796 
0.5 0.2 0.111171 0.659493 
0.55 0.2 0.11497 0.686563 
0.6 0.2 0.114706 0.71539 
0.65 0.2 0.110326 0.745202 
0.7 0.2 0.101905 0.775018 
0.75 0.2 0.0896617 0.803606 
0.8 0.2 0.073965 0.829485 
0.85 0.2 0.0553469 0.85102 
0.9 0.2 0.0344941 0.866607 
0.95 0.2 0.0122254 0.874931 
1 0.2 -0.0105499 0.875238 
1.05 0.2 -0.0328888 0.8675 
1.1 0.2 -0.0538778 0.852422 
1.15 0.2 -0.0726895 0.831286 
1.2 0.2 -0.0886267 0.805685 
1.25 0.2 -0.101146 0.77726 
1.3 0.2 -0.109867 0.747506 
1.35 0.2 -0.114562 0.717677 
1.4 0.2 -0.115146 0.688772 
1.45 0.2 -0.111666 0.661574 
1.5 0.2 -0.104288 0.63671 
1.55 0.2 -0.0932875 0.614697 
1.6 0.2 -0.0790522 0.595977 
1.65 0.2 -0.0620704 0.580931 
1.7 0.2 -0.0429246 0.569881 
1.75 0.2 -0.022277 0.563074 
1.8 0.2 -0.000847684 0.560668 
1.85 0.2 0.0206116 0.562721 
1.9 0.2 0.041348 0.569183 
1.95 0.2 0.0606378 0.579904 
2 0.2 0.0778136 0.594643 
2.05 0.2 0.0922858 0.613085 
2.1 0.2 0.103558 0.634851 
2.15 0.2 0.111236 0.659505 
2.2 0.2 0.115033 0.686537 
2.25 0.2 0.114775 0.715332 
2.3 0.2 0.110407 0.745121 
2.35 0.2 0.102 0.774924 
2.4 0.2 0.0897709 0.803508 
2.45 0.2 0.0740878 0.829397 
2.5 0.2 0.0554808 0.850954 
2.55 0.2 0.0346352 0.866573 
2.6 0.2 0.0123691 0.874939 
2.65 0.2 -0.0104089 0.875291 
2.7 0.2 -0.0327561 0.867597 
2.75 0.2 -0.0537586 0.852559 
2.8 0.2 -0.0725886 0.831453 
2.85 0.2 -0.0885481 0.805873 
2.9 0.2 -0.101093 0.77746 
2.95 0.2 -0.109841 0.74771 
3 0.2 -0.114565 0.717877 
3.05 0.2 -0.115178 0.688962 
3.1 0.2 -0.111727 0.661751 
3.15 0.2 -0.104376 0.636868 
3.2 0.2 -0.0934012 0.614833 
3.25 0.2 -0.0791882 0.596087 
3.3 0.2 -0.0622247 0.581012 
3.35 0.2 -0.0430926 0.56993 
3.4 0.2 -0.0224532 0.563089 
3.45 0.2 -0.0010262 0.560647 
3.5 0.2 0.0204369 0.562664 
3.55 0.2 0.0411832 0.569091 
3.6 0.2 0.0604889 0.579777 
3.65 0.2 0.077686 0.594482 
3.7 0.2 0.0921846 0.612893 
3.75 0.2 0.103487 0.634631 
3.8 0.2 0.1112 0.65926 
3.85 0.2 0.115034 0.686272 
3.9 0.2 0.114815 0.715053 
3.95 0.2 0.110486 0.744836 
4 0.2 0.102119 0.774644 
4.05 0.2 0.0899278 0.803249 
4.1 0.2 0.0742799 0.829176 
4.15 0.2 0.0557032 0.850792 
4.2 0.2 0.0348817 0.866491 
4.25 0.2 0.0126318 0.874955 
4.3 0.2 -0.010139 0.875419 
4.35 0.2 -0.0324889 0.867841 
4.4 0.2 -0.0535042 0.852916 
4.45 0.2 -0.0723575 0.831917 
4.5 0.2 -0.0883512 0.806431 
4.55 0.2 -0.100943 0.7781 
4.6 0.2 -0.109751 0.748418 
4.65 0.2 -0.114553 0.71864 
4.7 0.2 -0.115267 0.689762 
4.75 0.2 -0.111943 0.662565 
4.8 0.2 -0.10475 0.637663 
4.85 0.2 -0.0939594 0.615557 
4.9 0.2 -0.079935 0.596675 
4.95 0.2 -0.0631053 0.581397 
5 0.2 -0.0439253 0.570099 
0 0.25 -0.0851937 0.502166 
0.05 0.25 -0.0592658 0.488661 
0.1 0.25 -0.0310982 0.480236 
0.15 0.25 -0.00179049 0.47718 
0.2 0.25 0.0275648 0.479578 
0.25 0.25 0.0559065 0.48735 
0.3 0.25 0.0822326 0.500268 
0.35 0.25 0.10563 0.517987 
0.4 0.25 0.125299 0.540077 
0.45 0.25 0.140571 0.566043 
0.5 0.25 0.150921 0.595334 
0.55 0.25 0.155972 0.627334 
0.6 0.25 0.155505 0.661317 
0.65 0.25 0.14946 0.696388 
0.7 0.25 0.137956 0.731412 
0.75 0.25 0.121301 0.76496 
0.8 0.25 0.100006 0.795311 
0.85 0.25 0.0747968 0.820559 
0.9 0.25 0.0465993 0.838829 
0.95 0.25 0.0165116 0.848586 
1 0.25 -0.0142519 0.848945 
1.05 0.25 -0.0444334 0.839874 
1.1 0.25 -0.0728128 0.822199 
1.15 0.25 -0.0982813 0.797418 
1.2 0.25 -0.119899 0.767391 
1.25 0.25 -0.136925 0.734032 
1.3 0.25 -0.148833 0.69908 
1.35 0.25 -0.155301 0.663986 
1.4 0.25 -0.1562 0.629907 
1.45 0.25 -0.151576 0.597752 
1.5 0.25 -0.141643 0.568255 
1.55 0.25 -0.126768 0.542038 
1.6 0.25 -0.10747 0.519651 
1.65 0.25 -0.0844131 0.501588 
1.7 0.25 -0.0583905 0.488276 
1.75 0.25 -0.0303079 0.480055 
1.8 0.25 -0.00115279 0.477145 
1.85 0.25 0.0280435 0.479628 
1.9 0.25 0.0562478 0.487435 
1.95 0.25 0.082468 0.500354 
2 0.25 0.105791 0.518054 
2.05 0.25 0.125413 0.540114 
2.1 0.25 0.140659 0.566046 
2.15 0.25 0.151001 0.595303 
2.2 0.25 0.156056 0.627271 
2.25 0.25 0.1556 0.661227 
2.3 0.25 0.149573 0.696278 
2.35 0.25 0.138088 0.731291 
2.4 0.25 0.121453 0.764839 
2.45 0.25 0.100176 0.795204 
2.5 0.25 0.0749808 0.820479 
2.55 0.25 0.0467925 0.838789 
2.6 0.25 0.0167077 0.848595 
2.65 0.25 -0.0140599 0.849008 
2.7 0.25 -0.0442529 0.83999 
2.75 0.25 -0.0726508 0.822361 
2.8 0.25 -0.0981443 0.797616 
2.85 0.25 -0.119792 0.767614 
2.9 0.25 -0.136853 0.734269 
2.95 0.25 -0.148798 0.699321 
3 0.25 -0.155305 0.664224 
3.05 0.25 -0.156244 0.630135 
3.1 0.25 -0.151659 0.597963 
3.15 0.25 -0.141763 0.568445 
3.2 0.25 -0.126923 0.542203 
3.25 0.25 -0.107656 0.519786 
3.3 0.25 -0.0846235 0.501688 
3.35 0.25 -0.0586194 0.488339 
3.4 0.25 -0.030548 0.480076 
3.45 0.25 -0.00139595 0.477124 
3.5 0.25 0.0278057 0.479563 
3.55 0.25 0.0560238 0.487326 
3.6 0.25 0.0822658 0.500203 
3.65 0.25 0.105618 0.517864 
3.7 0.25 0.125276 0.539888 
3.75 0.25 0.140564 0.565787 
3.8 0.25 0.150952 0.595016 
3.85 0.25 0.156057 0.626961 
3.9 0.25 0.155654 0.660901 
3.95 0.25 0.14968 0.695946 
4 0.25 0.138249 0.730966 
4.05 0.25 0.121664 0.764538 
4.1 0.25 0.100434 0.794948 
4.15 0.25 0.0752792 0.820292 
4.2 0.25 0.0471225 0.838694 
4.25 0.25 0.017059 0.848614 
4.3 0.25 -0.0136989 0.849154 
4.35 0.25 -0.0438947 0.840268 
4.4 0.25 -0.072308 0.822769 
4.45 0.25 -0.0978294 0.798142 
4.5 0.25 -0.119517 0.768243 
4.55 0.25 -0.136631 0.734985 
4.6 0.25 -0.148643 0.700106 
4.65 0.25 -0.155233 0.665059 
4.7 0.25 -0.156273 0.631 
4.75 0.25 -0.151812 0.598833 
4.8 0.25 -0.14206 0.569286 
4.85 0.25 -0.127375 0.54297 
4.9 0.25 -0.10825 0.520429 
4.95 0.25 -0.0852926 0.502166 
5 0.25 -0.0591952 0.488661 
0 0.3 -0.105535 0.439018 
0.05 0.3 -0.0732768 0.423567 
0.1 0.3 -0.0382814 0.413904 
0.15 0.3 -0.00186836 0.410397 
0.2 0.3 0.0346149 0.413176 
0.25 0.3 0.0698407 0.422141 
0.3 0.3 0.102549 0.436987 
0.35 0.3 0.131593 0.457253 
0.4 0.3 0.155968 0.482369 
0.45 0.3 0.174844 0.511707 
0.5 0.3 0.187573 0.544597 
0.55 0.3 0.1937 0.580325 
0.6 0.3 0.192967 0.618081 
0.65 0.3 0.18532 0.656889 
0.7 0.3 0.170926 0.695518 
0.75 0.3 0.150184 0.732425 
0.8 0.3 0.123742 0.765749 
0.85 0.3 0.0925023 0.793428 
0.9 0.3 0.0576087 0.813436 
0.95 0.3 0.0204073 0.824114 
1 0.3 -0.0176185 0.824507 
1.05 0.3 -0.0549343 0.814579 
1.1 0.3 -0.0900501 0.795222 
1.15 0.3 -0.121607 0.768054 
1.2 0.3 -0.148444 0.735087 
1.25 0.3 -0.169642 0.69839 
1.3 0.3 -0.184532 0.659843 
1.35 0.3 -0.1927 0.621013 
1.4 0.3 -0.193963 0.583152 
1.45 0.3 -0.18836 0.547252 
1.5 0.3 -0.176137 0.514129 
1.55 0.3 -0.157736 0.484502 
1.6 0.3 -0.133796 0.459038 
1.65 0.3 -0.105136 0.438364 
1.7 0.3 -0.072748 0.423047 
1.75 0.3 -0.0377674 0.413551 
1.8 0.3 -0.00143593 0.410183 
1.85 0.3 0.0349474 0.413058 
1.9 0.3 0.0700813 0.422078 
1.95 0.3 0.102718 0.436949 
2 0.3 0.131711 0.457217 
2.05 0.3 0.156058 0.482323 
2.1 0.3 0.174924 0.511643 
2.15 0.3 0.187656 0.544512 
2.2 0.3 0.193797 0.580219 
2.25 0.3 0.193084 0.617957 
2.3 0.3 0.185461 0.656751 
2.35 0.3 0.171093 0.695375 
2.4 0.3 0.150376 0.732286 
2.45 0.3 0.123956 0.765629 
2.5 0.3 0.0927336 0.793341 
2.55 0.3 0.0578507 0.813394 
2.6 0.3 0.0206523 0.824126 
2.65 0.3 -0.0173791 0.824578 
2.7 0.3 -0.0547096 0.814708 
2.75 0.3 -0.0898485 0.795402 
2.8 0.3 -0.121436 0.768275 
2.85 0.3 -0.148311 0.735336 
2.9 0.3 -0.169551 0.698655 
2.95 0.3 -0.184488 0.660113 
3 0.3 -0.192705 0.621281 
3.05 0.3 -0.194017 0.58341 
3.1 0.3 -0.188463 0.547493 
3.15 0.3 -0.176287 0.514348 
3.2 0.3 -0.15793 0.484694 
3.25 0.3 -0.134027 0.459197 
3.3 0.3 -0.105398 0.438484 
3.35 0.3 -0.0730337 0.423124 
3.4 0.3 -0.0380671 0.41358 
3.45 0.3 -0.00173931 0.410162 
3.5 0.3 0.034651 0.412986 
3.55 0.3 0.0698023 0.421957 
3.6 0.3 0.102466 0.43678 
3.65 0.3 0.131497 0.457004 
3.7 0.3 0.155889 0.482071 
3.75 0.3 0.174807 0.511355 
3.8 0.3 0.187597 0.544195 
3.85 0.3 0.1938 0.579879 
3.9 0.3 0.193151 0.6176 
3.95 0.3 0.185595 0.656389 
4 0.3 0.171292 0.695021 
4.05 0.3 0.150636 0.73196 
4.1 0.3 0.124273 0.765352 
4.15 0.3 0.0930987 0.793139 
4.2 0.3 0.0582539 0.813292 
4.25 0.3 0.0210812 0.824147 
4.3 0.3 -0.0169381 0.824734 
4.35 0.3 -0.0542707 0.815005 
4.4 0.3 -0.0894257 0.795834 
4.45 0.3 -0.121042 0.768829 
4.5 0.3 -0.147958 0.735993 
4.55 0.3 -0.16925 0.699396 
4.6 0.3 -0.18425 0.660916 
4.65 0.3 -0.192539 0.622124 
4.7 0.3 -0.193935 0.584271 
4.75 0.3 -0.188475 0.548347 
4.8 0.3 -0.176398 0.515167 
4.85 0.3 -0.158136 0.485444 
4.9 0.3 -0.134303 0.459848 
4.95 0.3 -0.105675 0.439018 
5 0.3 -0.073178 0.423567 
0 0.35 -0.122741 0.390907 
0.05 0.35 -0.0850868 0.373644 
0.1 0.35 -0.0442687 0.362812 
0.15 0.35 -0.00179546 0.358886 
0.2 0.35 0.0407635 0.362046 
0.25 0.35 0.0818474 0.372157 
0.3 0.35 0.11997 0.388807 
0.35 0.35 0.153779 0.411369 
0.4 0.35 0.182097 0.439091 
0.45 0.35 0.203958 0.471174 
0.5 0.35 0.218616 0.506809 
0.55 0.35 0.225558 0.54518 
0.6 0.35 0.224505 0.585412 
0.65 0.35 0.215422 0.626486 
0.7 0.35 0.198526 0.667139 
0.75 0.35 0.174302 0.705799 
0.8 0.35 0.143518 0.740574 
0.85 0.35 0.107228 0.769373 
0.9 0.35 0.0667536 0.790145 
0.95 0.35 0.0236405 0.801216 
1 0.35 -0.0204144 0.801622 
1.05 0.35 -0.0636583 0.791328 
1.1 0.35 -0.104387 0.771233 
1.15 0.35 -0.14104 0.74297 
1.2 0.35 -0.172277 0.708573 
1.25 0.35 -0.197024 0.67014 
1.3 0.35 -0.214492 0.629582 
1.35 0.35 -0.224174 0.588497 
1.4 0.35 -0.225835 0.548166 
1.45 0.35 -0.219493 0.509622 
1.5 0.35 -0.20541 0.473746 
1.55 0.35 -0.184083 0.441354 
1.6 0.35 -0.15624 0.413251 
1.65 0.35 -0.122835 0.390235 
1.7 0.35 -0.0850273 0.373056 
1.75 0.35 -0.0441524 0.362348 
1.8 0.35 -0.00167804 0.35854 
1.85 0.35 0.0408577 0.361792 
1.9 0.35 0.0819141 0.371967 
1.95 0.35 0.120016 0.388655 
2 0.35 0.153815 0.411235 
2.05 0.35 0.182135 0.438964 
2.1 0.35 0.204009 0.471044 
2.15 0.35 0.218688 0.506671 
2.2 0.35 0.225658 0.545033 
2.25 0.35 0.224636 0.585256 
2.3 0.35 0.215586 0.626324 
2.35 0.35 0.198722 0.666979 
2.4 0.35 0.174528 0.705649 
2.45 0.35 0.14377 0.740447 
2.5 0.35 0.1075 0.769283 
2.55 0.35 0.0670376 0.790104 
2.6 0.35 0.0239273 0.801232 
2.65 0.35 -0.0201348 0.801701 
2.7 0.35 -0.0633961 0.791467 
2.75 0.35 -0.104152 0.771426 
2.8 0.35 -0.14084 0.743205 
2.85 0.35 -0.172121 0.708838 
2.9 0.35 -0.196918 0.670423 
2.95 0.35 -0.21444 0.629873 
3 0.35 -0.224179 0.588787 
3.05 0.35 -0.225898 0.548447 
3.1 0.35 -0.219613 0.509888 
3.15 0.35 -0.205585 0.473991 
3.2 0.35 -0.184308 0.441571 
3.25 0.35 -0.156511 0.413433 
3.3 0.35 -0.123143 0.390375 
3.35 0.35 -0.0853618 0.373148 
3.4 0.35 -0.0445033 0.362386 
3.45 0.35 -0.00203315 0.358522 
3.5 0.35 0.0405109 0.361716 
3.55 0.35 0.0815881 0.371835 
3.6 0.35 0.119723 0.38847 
3.65 0.35 0.153565 0.411004 
3.7 0.35 0.181939 0.438691 
3.75 0.35 0.203874 0.470736 
3.8 0.35 0.218621 0.506334 
3.85 0.35 0.225662 0.544674 
3.9 0.35 0.224716 0.584884 
3.95 0.35 0.215741 0.625949 
4 0.35 0.198952 0.666615 
4.05 0.35 0.174828 0.705315 
4.1 0.35 0.144134 0.740165 
4.15 0.35 0.107918 0.769078 
4.2 0.35 0.0674982 0.790002 
4.25 0.35 0.0244169 0.801254 
4.3 0.35 -0.0196309 0.801858 
4.35 0.35 -0.0628928 0.791765 
4.4 0.35 -0.103663 0.771856 
4.45 0.35 -0.140379 0.743752 
4.5 0.35 -0.171696 0.709481 
4.55 0.35 -0.196536 0.67114 
4.6 0.35 -0.214106 0.630639 
4.65 0.35 -0.223895 0.589579 
4.7 0.35 -0.225663 0.549243 
4.75 0.35 -0.219424 0.510665 
4.8 0.35 -0.205432 0.474727 
4.85 0.35 -0.184173 0.442248 
4.9 0.35 -0.156358 0.414036 
4.95 0.35 -0.122914 0.390907 
5 0.35 -0.0849663 0.373644 
0 0.4 -0.135823 0.354991 
0.05 0.4 -0.0940335 0.335939 
0.1 0.4 -0.048742 0.323933 
0.15 0.4 -0.00160874 0.319592 
0.2 0.4 0.0456187 0.323153 
0.25 0.4 0.0911913 0.334432 
0.3 0.4 0.133441 0.35287 
0.35 0.4 0.170853 0.377627 
0.4 0.4 0.202117 0.407718 
0.45 0.4 0.226165 0.442129 
0.5 0.4 0.242187 0.479883 
0.55 0.4 0.249635 0.520053 
0.6 0.4 0.248232 0.561706 
0.65 0.4 0.237965 0.603811 
0.7 0.4 0.219106 0.645128 
0.75 0.4 0.192214 0.684133 
0.8 0.4 0.158156 0.719007 
0.85 0.4 0.118098 0.747752 
0.9 0.4 0.0734902 0.768411 
0.95 0.4 0.0260191 0.779398 
1 0.4 -0.0224733 0.7798 
1.05 0.4 -0.0700862 0.769584 
1.1 0.4 -0.114969 0.7496 
1.15 0.4 -0.155422 0.721397 
1.2 0.4 -0.189974 0.686912 
1.25 0.4 -0.217435 0.648152 
1.3 0.4 -0.236918 0.606951 
1.35 0.4 -0.247839 0.564856 
1.4 0.4 -0.249907 0.523126 
1.45 0.4 -0.24311 0.482801 
1.5 0.4 -0.227708 0.444816 
1.55 0.4 -0.204228 0.410096 
1.6 0.4 -0.17346 0.37961 
1.65 0.4 -0.136452 0.354368 
1.7 0.4 -0.0944936 0.335359 
1.75 0.4 -0.0490809 0.323434 
1.8 0.4 -0.00186467 0.319179 
1.85 0.4 0.0454208 0.322814 
1.9 0.4 0.091038 0.334151 
1.95 0.4 0.133327 0.352629 
2 0.4 0.170777 0.377413 
2.05 0.4 0.202082 0.407521 
2.1 0.4 0.226172 0.441941 
2.15 0.4 0.242237 0.479699 
2.2 0.4 0.249729 0.519871 
2.25 0.4 0.248369 0.561525 
2.3 0.4 0.238145 0.603633 
2.35 0.4 0.219324 0.644958 
2.4 0.4 0.192468 0.683979 
2.45 0.4 0.158438 0.718881 
2.5 0.4 0.118401 0.747664 
2.55 0.4 0.0738066 0.768374 
2.6 0.4 0.0263379 0.77942 
2.65 0.4 -0.0221629 0.779885 
2.7 0.4 -0.0697954 0.769729 
2.75 0.4 -0.114708 0.749799 
2.8 0.4 -0.155201 0.721639 
2.85 0.4 -0.189801 0.687185 
2.9 0.4 -0.217317 0.648445 
2.95 0.4 -0.236859 0.607255 
3 0.4 -0.247843 0.565162 
3.05 0.4 -0.249975 0.523426 
3.1 0.4 -0.243242 0.483088 
3.15 0.4 -0.227902 0.445085 
3.2 0.4 -0.204479 0.410337 
3.25 0.4 -0.173761 0.379815 
3.3 0.4 -0.136794 0.354529 
3.35 0.4 -0.0948659 0.335467 
3.4 0.4 -0.0494714 0.323482 
3.45 0.4 -0.00225993 0.319163 
3.5 0.4 0.045035 0.322734 
3.55 0.4 0.0906758 0.334009 
3.6 0.4 0.133002 0.352431 
3.65 0.4 0.170501 0.377165 
3.7 0.4 0.201865 0.407232 
3.75 0.4 0.226023 0.441618 
3.8 0.4 0.242163 0.479351 
3.85 0.4 0.249736 0.519504 
3.9 0.4 0.248457 0.561148 
3.95 0.4 0.238315 0.603257 
4 0.4 0.219575 0.644597 
4.05 0.4 0.192794 0.68365 
4.1 0.4 0.158833 0.718606 
4.15 0.4 0.118854 0.747466 
4.2 0.4 0.074305 0.768277 
4.25 0.4 0.0268674 0.779441 
4.3 0.4 -0.0216174 0.780035 
4.35 0.4 -0.0692485 0.770011 
4.4 0.4 -0.114173 0.750203 
4.45 0.4 -0.154687 0.722148 
4.5 0.4 -0.189315 0.687778 
4.55 0.4 -0.21686 0.649096 
4.6 0.4 -0.23643 0.607938 
4.65 0.4 -0.247432 0.565854 
4.7 0.4 -0.24957 0.524104 
4.75 0.4 -0.242825 0.483735 
4.8 0.4 -0.227449 0.445684 
4.85 0.4 -0.203959 0.410883 
4.9 0.4 -0.173136 0.380309 
4.95 0.4 -0.13602 0.354991 
5 0.4 -0.093897 0.335939 
0 0.45 -0.144091 0.327701 
0.05 0.45 -0.0996566 0.306858 
0.1 0.45 -0.051489 0.293663 
0.15 0.45 -0.00135226 0.288905 
0.2 0.45 0.0488808 0.292887 
0.25 0.45 0.0973283 0.305364 
0.3 0.45 0.142195 0.3256 
0.35 0.45 0.181855 0.352506 
0.4 0.45 0.214913 0.384822 
0.45 0.45 0.240241 0.421285 
0.5 0.45 0.256998 0.460724 
0.55 0.45 0.26463 0.502087 
0.6 0.45 0.262873 0.544386 
0.65 0.45 0.251752 0.586595 
0.7 0.45 0.231583 0.627537 
0.75 0.45 0.202988 0.665799 
0.8 0.45 0.166898 0.69972 
0.85 0.45 0.124552 0.727488 
0.9 0.45 0.077474 0.747347 
0.95 0.45 0.0274219 0.757875 
1 0.45 -0.0236898 0.758259 
1.05 0.45 -0.0738888 0.74847 
1.1 0.45 -0.121253 0.729265 
1.15 0.45 -0.164008 0.70203 
1.2 0.45 -0.200612 0.668504 
1.25 0.45 -0.229802 0.630504 
1.3 0.45 -0.250622 0.589705 
1.35 0.45 -0.262427 0.547539 
1.4 0.45 -0.264876 0.505197 
1.45 0.45 -0.257923 0.463711 
1.5 0.45 -0.241808 0.424067 
1.55 0.45 -0.21706 0.38731 
1.6 0.45 -0.184498 0.354598 
1.65 0.45 -0.145226 0.327192 
1.7 0.45 -0.100617 0.306354 
1.75 0.45 -0.0522763 0.293192 
1.8 0.45 -0.00198543 0.28848 
1.85 0.45 0.0483804 0.292508 
1.9 0.45 0.0969419 0.305025 
1.95 0.45 0.141908 0.325295 
2 0.45 0.181656 0.352229 
2.05 0.45 0.214794 0.384567 
2.1 0.45 0.240194 0.421048 
2.15 0.45 0.257017 0.460502 
2.2 0.45 0.26471 0.501877 
2.25 0.45 0.26301 0.544187 
2.3 0.45 0.251939 0.586408 
2.35 0.45 0.231815 0.627365 
2.4 0.45 0.203258 0.665649 
2.45 0.45 0.167199 0.6996 
2.5 0.45 0.124876 0.727408 
2.55 0.45 0.0778111 0.747318 
2.6 0.45 0.027761 0.757903 
2.65 0.45 -0.0233601 0.758348 
2.7 0.45 -0.07358 0.748617 
2.75 0.45 -0.120976 0.729465 
2.8 0.45 -0.163773 0.702272 
2.85 0.45 -0.200428 0.668779 
2.9 0.45 -0.229675 0.630802 
2.95 0.45 -0.250558 0.590017 
3 0.45 -0.26243 0.547856 
3.05 0.45 -0.264948 0.505512 
3.1 0.45 -0.258062 0.464017 
3.15 0.45 -0.242012 0.424357 
3.2 0.45 -0.217326 0.387574 
3.25 0.45 -0.184818 0.354827 
3.3 0.45 -0.14559 0.327373 
3.35 0.45 -0.101014 0.306478 
3.4 0.45 -0.0526929 0.293251 
3.45 0.45 -0.00240695 0.288468 
3.5 0.45 0.0479693 0.292424 
3.55 0.45 0.0965563 0.304874 
3.6 0.45 0.141562 0.325084 
3.65 0.45 0.181363 0.351966 
3.7 0.45 0.214565 0.384265 
3.75 0.45 0.240038 0.420715 
3.8 0.45 0.25694 0.460147 
3.85 0.45 0.264717 0.501509 
3.9 0.45 0.263103 0.543814 
3.95 0.45 0.252118 0.586041 
4 0.45 0.232077 0.627017 
4.05 0.45 0.203598 0.665335 
4.1 0.45 0.167609 0.699341 
4.15 0.45 0.125345 0.727224 
4.2 0.45 0.0783261 0.747227 
4.25 0.45 0.0283077 0.757922 
4.3 0.45 -0.0227963 0.758484 
4.35 0.45 -0.0730129 0.748869 
4.4 0.45 -0.120416 0.729823 
4.45 0.45 -0.163229 0.702719 
4.5 0.45 -0.1999 0.669291 
4.55 0.45 -0.229159 0.631353 
4.6 0.45 -0.250044 0.59058 
4.65 0.45 -0.2619 0.548408 
4.7 0.45 -0.264378 0.506031 
4.75 0.45 -0.257422 0.464489 
4.8 0.45 -0.241267 0.424773 
4.85 0.45 -0.216435 0.387937 
4.9 0.45 -0.183744 0.355155 
4.95 0.45 -0.144304 0.327701 
5 0.45 -0.0995098 0.306858 
0 0.5 -0.147116 0.305573 
0.05 0.5 -0.101672 0.283029 
0.1 0.5 -0.0523851 0.268695 
0.15 0.5 -0.00106884 0.263542 
0.2 0.5 0.0503409 0.26794 
0.25 0.5 0.099893 0.281579 
0.3 0.5 0.145728 0.303535 
0.35 0.5 0.186168 0.332454 
0.4 0.5 0.219784 0.366792 
0.45 0.5 0.245433 0.405023 
0.5 0.5 0.262276 0.445777 
0.55 0.5 0.269779 0.48787 
0.6 0.5 0.267707 0.530257 
0.65 0.5 0.25612 0.571927 
0.7 0.5 0.235376 0.611785 
0.75 0.5 0.206134 0.648567 
0.8 0.5 0.169358 0.680825 
0.85 0.5 0.126313 0.707002 
0.9 0.5 0.0785358 0.725601 
0.95 0.5 0.02779 0.735421 
1 0.5 -0.0240124 0.735779 
1.05 0.5 -0.0749046 0.726648 
1.1 0.5 -0.122967 0.708667 
1.15 0.5 -0.166422 0.683006 
1.2 0.5 -0.203712 0.651144 
1.25 0.5 -0.23355 0.614641 
1.3 0.5 -0.254948 0.574958 
1.35 0.5 -0.267221 0.53337 
1.4 0.5 -0.269988 0.490982 
1.45 0.5 -0.263165 0.448807 
1.5 0.5 -0.246961 0.407882 
1.55 0.5 -0.221884 0.369378 
1.6 0.5 -0.188748 0.334653 
1.65 0.5 -0.148669 0.305226 
1.7 0.5 -0.103053 0.282648 
1.75 0.5 -0.0535581 0.268297 
1.8 0.5 -0.00203353 0.263143 
1.85 0.5 0.049569 0.26755 
1.9 0.5 0.0992934 0.281205 
1.95 0.5 0.14528 0.303181 
2 0.5 0.185852 0.332125 
2.05 0.5 0.219583 0.366488 
2.1 0.5 0.245332 0.404745 
2.15 0.5 0.262262 0.445523 
2.2 0.5 0.269842 0.487638 
2.25 0.5 0.267836 0.530046 
2.3 0.5 0.256307 0.571735 
2.35 0.5 0.235613 0.611615 
2.4 0.5 0.206412 0.648425 
2.45 0.5 0.169668 0.680716 
2.5 0.5 0.126645 0.706934 
2.55 0.5 0.0788809 0.725582 
2.6 0.5 0.0281367 0.735457 
2.65 0.5 -0.0236757 0.735871 
2.7 0.5 -0.0745894 0.726796 
2.75 0.5 -0.122684 0.708865 
2.8 0.5 -0.166182 0.683245 
2.85 0.5 -0.203523 0.651417 
2.9 0.5 -0.23342 0.614939 
2.95 0.5 -0.254881 0.575272 
3 0.5 -0.267222 0.533694 
3.05 0.5 -0.27006 0.491309 
3.1 0.5 -0.263306 0.449129 
3.15 0.5 -0.247168 0.408191 
3.2 0.5 -0.222155 0.369664 
3.25 0.5 -0.189074 0.334904 
3.3 0.5 -0.149041 0.305428 
3.35 0.5 -0.103459 0.282788 
3.4 0.5 -0.0539854 0.268366 
3.45 0.5 -0.0024659 0.263134 
3.5 0.5 0.0491475 0.267463 
3.55 0.5 0.0988985 0.281044 
3.6 0.5 0.144926 0.302957 
3.65 0.5 0.185553 0.331849 
3.7 0.5 0.21935 0.366174 
3.75 0.5 0.245173 0.404404 
3.8 0.5 0.262185 0.445165 
3.85 0.5 0.269849 0.487273 
3.9 0.5 0.267931 0.529682 
3.95 0.5 0.256488 0.571383 
4 0.5 0.235876 0.611286 
4.05 0.5 0.206751 0.648133 
4.1 0.5 0.170076 0.680477 
4.15 0.5 0.127111 0.706765 
4.2 0.5 0.0793912 0.725498 
4.25 0.5 0.0286777 0.735469 
4.3 0.5 -0.0231176 0.735985 
4.35 0.5 -0.0740261 0.727007 
4.4 0.5 -0.122124 0.709162 
4.45 0.5 -0.165629 0.68361 
4.5 0.5 -0.202975 0.651826 
4.55 0.5 -0.232867 0.615365 
4.6 0.5 -0.254307 0.57569 
4.65 0.5 -0.2666 0.534078 
4.7 0.5 -0.269355 0.491639 
4.75 0.5 -0.26248 0.449393 
4.8 0.5 -0.246177 0.408387 
4.85 0.5 -0.220954 0.369804 
4.9 0.5 -0.187628 0.33502 
4.95 0.5 -0.147335 0.305573 
5 0.5 -0.10152 0.283029 
0 0.55 -0.144712 0.28567 
0.05 0.55 -0.0999586 0.261711 
0.1 0.55 -0.051386 0.246422 
0.15 0.55 -0.000794699 0.240943 
0.2 0.55 0.0498831 0.245706 
0.25 0.55 0.0986979 0.260337 
0.3 0.55 0.143794 0.283739 
0.35 0.55 0.183506 0.314316 
0.4 0.55 0.216423 0.350262 
0.45 0.55 0.241432 0.389818 
0.5 0.55 0.257731 0.431426 
0.55 0.55 0.264824 0.473785 
0.6 0.55 0.262515 0.515794 
0.65 0.55 0.250899 0.556461 
0.7 0.55 0.230359 0.594779 
0.75 0.55 0.201567 0.629648 
0.8 0.55 0.165484 0.659851 
0.85 0.55 0.123351 0.684108 
0.9 0.55 0.0766621 0.701212 
0.95 0.55 0.0271197 0.710199 
1 0.55 -0.0234374 0.710526 
1.05 0.55 -0.0731203 0.702171 
1.1 0.55 -0.120083 0.685642 
1.15 0.55 -0.162611 0.661875 
1.2 0.55 -0.199189 0.632066 
1.25 0.55 -0.228556 0.597493 
1.3 0.55 -0.249728 0.55938 
1.35 0.55 -0.262008 0.518834 
1.4 0.55 -0.264989 0.476866 
1.45 0.55 -0.258553 0.434466 
1.5 0.55 -0.242868 0.392721 
1.55 0.55 -0.218403 0.352918 
1.6 0.55 -0.185936 0.316597 
1.65 0.55 -0.146551 0.285512 
1.7 0.55 -0.101636 0.261478 
1.75 0.55 -0.0528381 0.246122 
1.8 0.55 -0.00200571 0.240591 
1.85 0.55 0.0489049 0.245321 
1.9 0.55 0.0979328 0.259939 
1.95 0.55 0.143219 0.283345 
2 0.55 0.183095 0.313941 
2.05 0.55 0.216154 0.349915 
2.1 0.55 0.241285 0.389504 
2.15 0.55 0.257687 0.431145 
2.2 0.55 0.264867 0.473535 
2.25 0.55 0.262633 0.515575 
2.3 0.55 0.251079 0.55627 
2.35 0.55 0.230591 0.594616 
2.4 0.55 0.201841 0.629517 
2.45 0.55 0.16579 0.659756 
2.5 0.55 0.123679 0.684055 
2.55 0.55 0.0770022 0.701205 
2.6 0.55 0.0274608 0.710243 
2.65 0.55 -0.0231064 0.710622 
2.7 0.55 -0.0728106 0.702318 
2.75 0.55 -0.119805 0.685836 
2.8 0.55 -0.162374 0.66211 
2.85 0.55 -0.199003 0.632335 
2.9 0.55 -0.228427 0.597788 
2.95 0.55 -0.249661 0.559695 
3 0.55 -0.262007 0.519163 
3.05 0.55 -0.265058 0.477202 
3.1 0.55 -0.258689 0.434801 
3.15 0.55 -0.243071 0.393047 
3.2 0.55 -0.218669 0.353222 
3.25 0.55 -0.186257 0.316866 
3.3 0.55 -0.146918 0.285731 
3.35 0.55 -0.102037 0.261633 
3.4 0.55 -0.0532601 0.246199 
3.45 0.55 -0.00243275 0.240585 
3.5 0.55 0.0484887 0.245231 
3.55 0.55 0.0975434 0.259771 
3.6 0.55 0.14287 0.283111 
3.65 0.55 0.182801 0.313654 
3.7 0.55 0.215926 0.349592 
3.75 0.55 0.24113 0.389157 
3.8 0.55 0.257612 0.430788 
3.85 0.55 0.264875 0.473176 
3.9 0.55 0.262724 0.515224 
3.95 0.55 0.251253 0.555935 
4 0.55 0.230844 0.594309 
4.05 0.55 0.202167 0.629248 
4.1 0.55 0.166181 0.659537 
4.15 0.55 0.124123 0.6839 
4.2 0.55 0.0774875 0.701125 
4.25 0.55 0.0279746 0.710245 
4.3 0.55 -0.0225764 0.710707 
4.35 0.55 -0.0722744 0.702481 
4.4 0.55 -0.119269 0.686063 
4.45 0.55 -0.161839 0.662382 
4.5 0.55 -0.198462 0.632628 
4.55 0.55 -0.227866 0.598077 
4.6 0.55 -0.249058 0.559952 
4.65 0.55 -0.26133 0.519364 
4.7 0.55 -0.264266 0.477327 
4.75 0.55 -0.257738 0.43484 
4.8 0.55 -0.241911 0.393003 
4.85 0.55 -0.217256 0.353119 
4.9 0.55 -0.184557 0.316749 
4.95 0.55 -0.14493 0.28567 
5 0.55 -0.0998086 0.261711 
0 0.6 -0.13695 0.265694 
0.05 0.6 -0.0945667 0.240864 
0.1 0.6 -0.0485277 0.224977 
0.15 0.6 -0.000556194 0.219303 
0.2 0.6 0.0474918 0.224317 
0.25 0.6 0.0937424 0.239596 
0.3 0.6 0.136416 0.263911 
0.35 0.6 0.173921 0.295483 
0.4 0.6 0.204922 0.332312 
0.45 0.6 0.228377 0.372461 
0.5 0.6 0.243548 0.414239 
0.55 0.6 0.249995 0.456253 
0.6 0.6 0.247565 0.497366 
0.65 0.6 0.23638 0.536606 
0.7 0.6 0.216831 0.573051 
0.75 0.6 0.189574 0.605757 
0.8 0.6 0.155529 0.633729 
0.85 0.6 0.115865 0.655954 
0.9 0.6 0.0719811 0.671496 
0.95 0.6 0.0254574 0.67962 
1 0.6 -0.0220043 0.679914 
1.05 0.6 -0.0686579 0.672363 
1.1 0.6 -0.112795 0.65735 
1.15 0.6 -0.152824 0.635588 
1.2 0.6 -0.187329 0.608003 
1.25 0.6 -0.21512 0.575603 
1.3 0.6 -0.235256 0.539387 
1.35 0.6 -0.24706 0.500301 
1.4 0.6 -0.250116 0.459265 
1.45 0.6 -0.24428 0.417244 
1.5 0.6 -0.229678 0.37536 
1.55 0.6 -0.206725 0.334986 
1.6 0.6 -0.176131 0.297799 
1.65 0.6 -0.138915 0.265727 
1.7 0.6 -0.0963873 0.240783 
1.75 0.6 -0.0501249 0.22478 
1.8 0.6 -0.00190236 0.219005 
1.85 0.6 0.0463955 0.223945 
1.9 0.6 0.0928797 0.239183 
1.95 0.6 0.135763 0.263486 
2 0.6 0.173452 0.29507 
2.05 0.6 0.20461 0.331928 
2.1 0.6 0.228199 0.372117 
2.15 0.6 0.243481 0.413936 
2.2 0.6 0.250021 0.455991 
2.25 0.6 0.247669 0.497143 
2.3 0.6 0.236547 0.536418 
2.35 0.6 0.21705 0.572898 
2.4 0.6 0.189834 0.60564 
2.45 0.6 0.155819 0.633649 
2.5 0.6 0.116177 0.655915 
2.55 0.6 0.0723032 0.671501 
2.6 0.6 0.02578 0.679672 
2.65 0.6 -0.0216916 0.680014 
2.7 0.6 -0.0683654 0.672509 
2.75 0.6 -0.112533 0.657539 
2.8 0.6 -0.1526 0.635817 
2.85 0.6 -0.187152 0.608265 
2.9 0.6 -0.214996 0.575893 
2.95 0.6 -0.235192 0.539699 
3 0.6 -0.247058 0.50063 
3.05 0.6 -0.250179 0.459604 
3.1 0.6 -0.244408 0.417586 
3.15 0.6 -0.229869 0.375695 
3.2 0.6 -0.206975 0.335302 
3.25 0.6 -0.176435 0.298081 
3.3 0.6 -0.139263 0.265958 
3.35 0.6 -0.0967683 0.240947 
3.4 0.6 -0.0505256 0.224864 
3.45 0.6 -0.00230788 0.219001 
3.5 0.6 0.0460005 0.223854 
3.55 0.6 0.0925103 0.23901 
3.6 0.6 0.135433 0.263246 
3.65 0.6 0.173174 0.294779 
3.7 0.6 0.204395 0.331602 
3.75 0.6 0.228053 0.37177 
3.8 0.6 0.24341 0.413583 
3.85 0.6 0.250028 0.455641 
3.9 0.6 0.247754 0.496806 
3.95 0.6 0.236709 0.536103 
4 0.6 0.217284 0.572612 
4.05 0.6 0.190135 0.605393 
4.1 0.6 0.156178 0.63345 
4.15 0.6 0.116583 0.655772 
4.2 0.6 0.072746 0.671422 
4.25 0.6 0.0262477 0.67966 
4.3 0.6 -0.0212095 0.680067 
4.35 0.6 -0.0678769 0.672619 
4.4 0.6 -0.112042 0.657692 
4.45 0.6 -0.152105 0.635993 
4.5 0.6 -0.186644 0.608441 
4.55 0.6 -0.214458 0.576043 
4.6 0.6 -0.234598 0.539796 
4.65 0.6 -0.246373 0.50065 
4.7 0.6 -0.24936 0.459528 
4.75 0.6 -0.243407 0.417406 
4.8 0.6 -0.228637 0.37542 
4.85 0.6 -0.205468 0.334963 
4.9 0.6 -0.174626 0.297737 
4.95 0.6 -0.137156 0.265694 
5 0.6 -0.0944247 0.240864 
0 0.65 -0.12417 0.243947 
0.05 0.65 -0.08573 0.219054 
0.1 0.65 -0.0439352 0.203101 
0.15 0.65 -0.00036838 0.19742 
0.2 0.65 0.0432624 0.202509 
0.25 0.65 0.0852328 0.217917 
0.3 0.65 0.123909 0.242345 
0.35 0.65 0.157836 0.273923 
0.4 0.65 0.185804 0.310554 
0.45 0.65 0.20688 0.350222 
0.5 0.65 0.220412 0.391174 
0.55 0.65 0.226029 0.431978 
0.6 0.65 0.223621 0.471492 
0.65 0.65 0.213324 0.508772 
0.7 0.65 0.195516 0.542977 
0.75 0.65 0.170809 0.5733 
0.8 0.65 0.140043 0.598937 
0.85 0.65 0.104275 0.619104 
0.9 0.65 0.0647571 0.633097 
0.95 0.65 0.0228972 0.640376 
1 0.65 -0.0197943 0.640639 
1.05 0.65 -0.0617693 0.633874 
1.1 0.65 -0.101512 0.620362 
1.15 0.65 -0.137604 0.600628 
1.2 0.65 -0.168779 0.575363 
1.25 0.65 -0.193962 0.545348 
1.3 0.65 -0.212294 0.511385 
1.35 0.65 -0.223144 0.474279 
1.4 0.65 -0.226112 0.434866 
1.45 0.65 -0.22104 0.394079 
1.5 0.65 -0.208014 0.353045 
1.55 0.65 -0.187384 0.313174 
1.6 0.65 -0.159773 0.276203 
1.65 0.65 -0.126092 0.244145 
1.7 0.65 -0.0875319 0.219108 
1.75 0.65 -0.0455333 0.203 
1.8 0.65 -0.00172787 0.197178 
1.85 0.65 0.0421471 0.202159 
1.9 0.65 0.0843499 0.2175 
1.95 0.65 0.123237 0.241901 
2 0.65 0.157351 0.273485 
2.05 0.65 0.185479 0.310146 
2.1 0.65 0.20669 0.349858 
2.15 0.65 0.220334 0.390858 
2.2 0.65 0.226044 0.43171 
2.25 0.65 0.22371 0.471269 
2.3 0.65 0.213474 0.508591 
2.35 0.65 0.195715 0.542836 
2.4 0.65 0.171046 0.573197 
2.45 0.65 0.140307 0.598873 
2.5 0.65 0.104558 0.619079 
2.55 0.65 0.0650492 0.633114 
2.6 0.65 0.0231894 0.640435 
2.65 0.65 -0.0195113 0.640741 
2.7 0.65 -0.0615047 0.634019 
2.75 0.65 -0.101274 0.620547 
2.8 0.65 -0.137401 0.600848 
2.85 0.65 -0.168618 0.575616 
2.9 0.65 -0.19385 0.545629 
2.95 0.65 -0.212235 0.511689 
3 0.65 -0.223141 0.474602 
3.05 0.65 -0.226168 0.435201 
3.1 0.65 -0.221154 0.394419 
3.15 0.65 -0.208186 0.35338 
3.2 0.65 -0.18761 0.313492 
3.25 0.65 -0.160048 0.276488 
3.3 0.65 -0.126407 0.24438 
3.35 0.65 -0.0878779 0.219276 
3.4 0.65 -0.0458975 0.203087 
3.45 0.65 -0.00209654 0.197176 
3.5 0.65 0.041788 0.202068 
3.55 0.65 0.0840145 0.217328 
3.6 0.65 0.122938 0.241662 
3.65 0.65 0.1571 0.273196 
3.7 0.65 0.185285 0.309825 
3.75 0.65 0.206558 0.34952 
3.8 0.65 0.22027 0.390516 
3.85 0.65 0.226049 0.431376 
3.9 0.65 0.223786 0.470951 
3.95 0.65 0.213618 0.508296 
4 0.65 0.195922 0.542571 
4.05 0.65 0.171311 0.57297 
4.1 0.65 0.140622 0.598689 
4.15 0.65 0.104913 0.618945 
4.2 0.65 0.0654354 0.633033 
4.25 0.65 0.0235961 0.640407 
4.3 0.65 -0.0190929 0.640761 
4.35 0.65 -0.0610807 0.634077 
4.4 0.65 -0.100847 0.620628 
4.45 0.65 -0.136967 0.600934 
4.5 0.65 -0.168167 0.575683 
4.55 0.65 -0.193363 0.545652 
4.6 0.65 -0.211686 0.511642 
4.65 0.65 -0.222494 0.474461 
4.7 0.65 -0.225382 0.43495 
4.75 0.65 -0.220182 0.394052 
4.8 0.65 -0.206982 0.35291 
4.85 0.65 -0.186134 0.312957 
4.9 0.65 -0.158279 0.275957 
4.95 0.65 -0.124354 0.243947 
5 0.65 -0.0856029 0.219054 
0 0.7 -0.107025 0.219257 
0.05 0.7 -0.0738931 0.195326 
0.1 0.7 -0.0378354 0.179978 
0.15 0.7 -0.000234943 0.174527 
0.2 0.7 0.0374149 0.179465 
0.25 0.7 0.0736074 0.194338 
0.3 0.7 0.106918 0.217859 
0.35 0.7 0.136087 0.248176 
0.4 0.7 0.160071 0.283223 
0.45 0.7 0.178075 0.321014 
0.5 0.7 0.189558 0.359825 
0.55 0.7 0.194218 0.398259 
0.6 0.7 0.191983 0.435207 
0.65 0.7 0.182992 0.469775 
0.7 0.7 0.16759 0.501205 
0.75 0.7 0.146313 0.528805 
0.8 0.7 0.11989 0.551927 
0.85 0.7 0.0892286 0.569968 
0.9 0.7 0.0553952 0.582406 
0.95 0.7 0.019583 0.588849 
1 0.7 -0.0169313 0.589082 
1.05 0.7 -0.0528408 0.583095 
1.1 0.7 -0.0868643 0.571088 
1.15 0.7 -0.1178 0.553442 
1.2 0.7 -0.144569 0.530669 
1.25 0.7 -0.16625 0.503366 
1.3 0.7 -0.182098 0.472177 
1.35 0.7 -0.191559 0.437788 
1.4 0.7 -0.19427 0.400952 
1.45 0.7 -0.190074 0.362549 
1.5 0.7 -0.179022 0.323671 
1.55 0.7 -0.161394 0.285698 
1.6 0.7 -0.13771 0.250338 
1.65 0.7 -0.108745 0.219571 
1.7 0.7 -0.0755238 0.195481 
1.75 0.7 -0.039298 0.179955 
1.8 0.7 -0.00149115 0.174339 
1.85 0.7 0.0363765 0.179145 
1.9 0.7 0.072781 0.193933 
1.95 0.7 0.106288 0.217416 
2 0.7 0.13563 0.247734 
2.05 0.7 0.159763 0.28281 
2.1 0.7 0.177894 0.320645 
2.15 0.7 0.18948 0.359509 
2.2 0.7 0.194224 0.397995 
2.25 0.7 0.192057 0.434992 
2.3 0.7 0.183122 0.469606 
2.35 0.7 0.167761 0.501077 
2.4 0.7 0.146517 0.528717 
2.45 0.7 0.120118 0.551877 
2.5 0.7 0.0894728 0.569956 
2.55 0.7 0.055647 0.582433 
2.6 0.7 0.0198344 0.588914 
2.65 0.7 -0.0166881 0.589185 
2.7 0.7 -0.0526134 0.583235 
2.75 0.7 -0.0866599 0.571264 
2.8 0.7 -0.117625 0.553651 
2.85 0.7 -0.14443 0.530908 
2.9 0.7 -0.166152 0.503632 
2.95 0.7 -0.182046 0.472466 
3 0.7 -0.191554 0.438096 
3.05 0.7 -0.194316 0.401272 
3.1 0.7 -0.190171 0.362875 
3.15 0.7 -0.179169 0.323994 
3.2 0.7 -0.161588 0.286005 
3.25 0.7 -0.137946 0.250613 
3.3 0.7 -0.109016 0.219799 
3.35 0.7 -0.0758223 0.195645 
3.4 0.7 -0.0396123 0.18004 
3.45 0.7 -0.00180953 0.174338 
3.5 0.7 0.0360665 0.179058 
3.55 0.7 0.0724915 0.193769 
3.6 0.7 0.10603 0.217187 
3.65 0.7 0.135413 0.247459 
3.7 0.7 0.159596 0.282504 
3.75 0.7 0.17778 0.320326 
3.8 0.7 0.189425 0.359188 
3.85 0.7 0.194229 0.397683 
3.9 0.7 0.192121 0.434697 
3.95 0.7 0.183242 0.469335 
4 0.7 0.167936 0.500836 
4.05 0.7 0.146739 0.52851 
4.1 0.7 0.120381 0.551709 
4.15 0.7 0.0897683 0.56983 
4.2 0.7 0.0559666 0.582349 
4.25 0.7 0.0201698 0.58887 
4.3 0.7 -0.0163441 0.589174 
4.35 0.7 -0.0522654 0.583248 
4.4 0.7 -0.0863089 0.571285 
4.45 0.7 -0.117267 0.553661 
4.5 0.7 -0.144054 0.530885 
4.55 0.7 -0.16574 0.503552 
4.6 0.7 -0.181573 0.472305 
4.65 0.7 -0.190988 0.437832 
4.7 0.7 -0.193618 0.400892 
4.75 0.7 -0.189299 0.362376 
4.8 0.7 -0.178084 0.323391 
4.85 0.7 -0.160258 0.285342 
4.9 0.7 -0.136355 0.249961 
4.95 0.7 -0.107177 0.219257 
5 0.7 -0.0737883 0.195326 
0 0.75 -0.0865185 0.190933 
0.05 0.75 -0.0597419 0.169103 
0.1 0.75 -0.0305739 0.155102 
0.15 0.75 -0.000149523 0.150141 
0.2 0.75 0.030308 0.154673 
0.25 0.75 0.0595662 0.168274 
0.3 0.75 0.0864633 0.189751 
0.35 0.75 0.109975 0.217392 
0.4 0.75 0.129262 0.249284 
0.45 0.75 0.143689 0.283594 
0.5 0.75 0.152833 0.318728 
0.55 0.75 0.156466 0.353393 
0.6 0.75 0.154547 0.386567 
0.65 0.75 0.147204 0.417439 
0.7 0.75 0.134724 0.445337 
0.75 0.75 0.117552 0.469678 
0.8 0.75 0.0962761 0.489939 
0.85 0.75 0.0716266 0.505656 
0.9 0.75 0.0444556 0.516442 
0.95 0.75 0.0157131 0.522012 
1 0.75 -0.0135868 0.522212 
1.05 0.75 -0.0424066 0.517037 
1.1 0.75 -0.0697288 0.506628 
1.15 0.75 -0.0945964 0.49126 
1.2 0.75 -0.116148 0.471313 
1.25 0.75 -0.133643 0.447243 
1.3 0.75 -0.146478 0.41957 
1.35 0.75 -0.154197 0.388868 
1.4 0.75 -0.156497 0.355803 
1.45 0.75 -0.153234 0.321173 
1.5 0.75 -0.144435 0.285984 
1.55 0.75 -0.130307 0.251514 
1.6 0.75 -0.111258 0.219341 
1.65 0.75 -0.0879063 0.1913 
1.7 0.75 -0.0610777 0.169315 
1.75 0.75 -0.0317897 0.155134 
1.8 0.75 -0.00120624 0.150002 
1.85 0.75 0.0294271 0.154393 
1.9 0.75 0.0588614 0.167902 
1.95 0.75 0.0859237 0.189335 
2 0.75 0.109584 0.216972 
2.05 0.75 0.128998 0.24889 
2.1 0.75 0.143533 0.283244 
2.15 0.75 0.152765 0.318429 
2.2 0.75 0.156469 0.353146 
2.25 0.75 0.154607 0.38637 
2.3 0.75 0.147309 0.417287 
2.35 0.75 0.134865 0.445226 
2.4 0.75 0.117718 0.469605 
2.45 0.75 0.0964616 0.489902 
2.5 0.75 0.0718243 0.505654 
2.55 0.75 0.0446589 0.516474 
2.6 0.75 0.0159158 0.522078 
2.65 0.75 -0.0133908 0.522311 
2.7 0.75 -0.0422234 0.517169 
2.75 0.75 -0.0695641 0.506791 
2.8 0.75 -0.0944556 0.491452 
2.85 0.75 -0.116036 0.471531 
2.9 0.75 -0.133563 0.447486 
2.95 0.75 -0.146435 0.419833 
3 0.75 -0.154192 0.389149 
3.05 0.75 -0.156533 0.356096 
3.1 0.75 -0.153311 0.321472 
3.15 0.75 -0.144552 0.28628 
3.2 0.75 -0.130463 0.251795 
3.25 0.75 -0.111449 0.219595 
3.3 0.75 -0.0881257 0.19151 
3.35 0.75 -0.0613189 0.169466 
3.4 0.75 -0.032044 0.155213 
3.45 0.75 -0.0014639 0.150002 
3.5 0.75 0.0291763 0.154315 
3.55 0.75 0.0586273 0.167753 
3.6 0.75 0.0857155 0.189127 
3.65 0.75 0.109409 0.216722 
3.7 0.75 0.128863 0.248614 
3.75 0.75 0.143442 0.282955 
3.8 0.75 0.15272 0.31814 
3.85 0.75 0.156473 0.352866 
3.9 0.75 0.154658 0.386106 
3.95 0.75 0.147404 0.417046 
4 0.75 0.135002 0.445012 
4.05 0.75 0.117893 0.469421 
4.1 0.75 0.0966671 0.489751 
4.15 0.75 0.0720545 0.505537 
4.2 0.75 0.0449069 0.51639 
4.25 0.75 0.0161748 0.522023 
4.3 0.75 -0.0131264 0.522278 
4.35 0.75 -0.0419569 0.517147 
4.4 0.75 -0.0692956 0.506767 
4.45 0.75 -0.0941809 0.491407 
4.5 0.75 -0.115745 0.471446 
4.55 0.75 -0.133242 0.447339 
4.6 0.75 -0.14606 0.419603 
4.65 0.75 -0.153737 0.388817 
4.7 0.75 -0.155965 0.35565 
4.75 0.75 -0.152597 0.320913 
4.8 0.75 -0.143659 0.285627 
4.85 0.75 -0.129369 0.251091 
4.9 0.75 -0.110145 0.218908 
4.95 0.75 -0.0866266 0.190933 
5 0.75 -0.059667 0.169103 
0 0.8 -0.0640584 0.158738 
0.05 0.8 -0.0442391 0.140117 
0.1 0.8 -0.0226344 0.12818 
0.15 0.8 -9.8515e-05 0.123961 
0.2 0.8 0.0224534 0.127839 
0.25 0.8 0.0441011 0.139453 
0.3 0.8 0.0639786 0.157779 
0.35 0.8 0.0813258 0.181354 
0.4 0.8 0.0955235 0.20854 
0.45 0.8 0.10611 0.237761 
0.5 0.8 0.112781 0.267647 
0.55 0.8 0.11538 0.29708 
0.6 0.8 0.113889 0.325178 
0.65 0.8 0.10841 0.351244 
0.7 0.8 0.0991649 0.374713 
0.75 0.8 0.0864835 0.395108 
0.8 0.8 0.0708029 0.412015 
0.85 0.8 0.0526593 0.425082 
0.9 0.8 0.0326765 0.434022 
0.95 0.8 0.0115482 0.43863 
1 0.8 -0.00998631 0.438795 
1.05 0.8 -0.0311711 0.434515 
1.1 0.8 -0.0512642 0.425888 
1.15 0.8 -0.0695672 0.413114 
1.2 0.8 -0.0854495 0.396473 
1.25 0.8 -0.0983667 0.376311 
1.3 0.8 -0.107873 0.353035 
1.35 0.8 -0.113627 0.327118 
1.4 0.8 -0.115398 0.299115 
1.45 0.8 -0.11307 0.269714 
1.5 0.8 -0.106652 0.239783 
1.55 0.8 -0.0962849 0.210427 
1.6 0.8 -0.0822612 0.183005 
1.65 0.8 -0.0650302 0.159093 
1.7 0.8 -0.0452021 0.14034 
1.75 0.8 -0.023533 0.128242 
1.8 0.8 -0.00089299 0.123864 
1.85 0.8 0.0217843 0.127611 
1.9 0.8 0.043563 0.139135 
1.95 0.8 0.063566 0.157417 
2 0.8 0.0810266 0.180986 
2.05 0.8 0.0953226 0.208193 
2.1 0.8 0.105991 0.237453 
2.15 0.8 0.11273 0.267384 
2.2 0.8 0.115384 0.296865 
2.25 0.8 0.113935 0.325008 
2.3 0.8 0.10849 0.351115 
2.35 0.8 0.09927 0.374622 
2.4 0.8 0.0866078 0.39505 
2.45 0.8 0.0709408 0.411989 
2.5 0.8 0.0528058 0.425087 
2.55 0.8 0.0328269 0.434056 
2.6 0.8 0.0116979 0.438692 
2.65 0.8 -0.00984179 0.438885 
2.7 0.8 -0.031036 0.434631 
2.75 0.8 -0.0511428 0.42603 
2.8 0.8 -0.0694633 0.41328 
2.85 0.8 -0.0853665 0.396661 
2.9 0.8 -0.0983076 0.376519 
2.95 0.8 -0.10784 0.353262 
3 0.8 -0.113623 0.327359 
3.05 0.8 -0.115423 0.299367 
3.1 0.8 -0.113126 0.269971 
3.15 0.8 -0.106738 0.240037 
3.2 0.8 -0.0963994 0.210668 
3.25 0.8 -0.0824015 0.183222 
3.3 0.8 -0.0651922 0.159272 
3.35 0.8 -0.0453804 0.140469 
3.4 0.8 -0.0237212 0.12831 
3.45 0.8 -0.00108376 0.123865 
3.5 0.8 0.0215986 0.127545 
3.55 0.8 0.0433898 0.139009 
3.6 0.8 0.063412 0.157241 
3.65 0.8 0.0808976 0.180773 
3.7 0.8 0.095223 0.207958 
3.75 0.8 0.105924 0.237207 
3.8 0.8 0.112697 0.267139 
3.85 0.8 0.115386 0.296627 
3.9 0.8 0.113971 0.324785 
3.95 0.8 0.108559 0.350912 
4 0.8 0.0993689 0.374441 
4.05 0.8 0.0867331 0.394895 
4.1 0.8 0.0710882 0.41186 
4.15 0.8 0.0529701 0.424984 
4.2 0.8 0.033003 0.433977 
4.25 0.8 0.0118808 0.438633 
4.3 0.8 -0.00965614 0.43884 
4.35 0.8 -0.03085 0.43459 
4.4 0.8 -0.0509562 0.425981 
4.45 0.8 -0.0692727 0.413207 
4.5 0.8 -0.0851643 0.396547 
4.55 0.8 -0.0980817 0.376346 
4.6 0.8 -0.107574 0.353012 
4.65 0.8 -0.113294 0.327017 
4.7 0.8 -0.115009 0.298925 
4.75 0.8 -0.1126 0.269432 
4.8 0.8 -0.106079 0.239421 
4.85 0.8 -0.0955943 0.210014 
4.9 0.8 -0.0814502 0.182589 
4.95 0.8 -0.0641118 0.158738 
5 0.8 -0.0442019 0.140117 
0 0.85 -0.0415089 0.122859 
0.05 0.85 -0.0286619 0.108362 
0.1 0.85 -0.0146605 0.0990811 
0.15 0.85 -6.55066e-05 0.0958071 
0.2 0.85 0.0145297 0.0988289 
0.25 0.85 0.0285276 0.107866 
0.3 0.85 0.0413654 0.122128 
0.35 0.85 0.0525507 0.140483 
0.4 0.85 0.0616854 0.161659 
0.45 0.85 0.0684757 0.184428 
0.5 0.85 0.072732 0.207713 
0.55 0.85 0.074361 0.230633 
0.6 0.85 0.0733564 0.25249 
0.65 0.85 0.069791 0.272734 
0.7 0.85 0.0638102 0.290924 
0.75 0.85 0.0556291 0.306694 
0.8 0.85 0.0455292 0.319737 
0.85 0.85 0.0338545 0.329795 
0.9 0.85 0.0210044 0.336663 
0.95 0.85 0.00742252 0.340199 
1 0.85 -0.00641894 0.340326 
1.05 0.85 -0.020037 0.337041 
1.1 0.85 -0.0329578 0.330414 
1.15 0.85 -0.0447346 0.320583 
1.2 0.85 -0.0549637 0.307747 
1.25 0.85 -0.063296 0.292159 
1.3 0.85 -0.069444 0.274121 
1.35 0.85 -0.0731863 0.253994 
1.4 0.85 -0.0743704 0.232212 
1.45 0.85 -0.0729164 0.209318 
1.5 0.85 -0.0688225 0.185998 
1.55 0.85 -0.0621735 0.163123 
1.6 0.85 -0.0531507 0.141763 
1.65 0.85 -0.0420399 0.123148 
1.7 0.85 -0.0292339 0.108558 
1.75 0.85 -0.0152238 0.0991502 
1.8 0.85 -0.000577763 0.0957465 
1.85 0.85 0.0140927 0.0986594 
1.9 0.85 0.0281746 0.107621 
1.95 0.85 0.0410949 0.121844 
2 0.85 0.0523554 0.140192 
2.05 0.85 0.0615552 0.161384 
2.1 0.85 0.0684 0.184182 
2.15 0.85 0.0727006 0.207504 
2.2 0.85 0.0743648 0.230462 
2.25 0.85 0.073388 0.252356 
2.3 0.85 0.0698439 0.272634 
2.35 0.85 0.0638794 0.290854 
2.4 0.85 0.0557103 0.306652 
2.45 0.85 0.0456188 0.31972 
2.5 0.85 0.0339494 0.329802 
2.55 0.85 0.0211016 0.336693 
2.6 0.85 0.00751901 0.340251 
2.65 0.85 -0.00632585 0.340399 
2.7 0.85 -0.0199501 0.337135 
2.75 0.85 -0.0328795 0.330527 
2.8 0.85 -0.0446675 0.320714 
2.85 0.85 -0.0549101 0.307896 
2.9 0.85 -0.0632577 0.292323 
2.95 0.85 -0.0694227 0.274299 
3 0.85 -0.0731832 0.254184 
3.05 0.85 -0.0743865 0.23241 
3.1 0.85 -0.072952 0.209519 
3.15 0.85 -0.0688775 0.186197 
3.2 0.85 -0.062247 0.163312 
3.25 0.85 -0.053241 0.141933 
3.3 0.85 -0.0421444 0.123288 
3.35 0.85 -0.0293491 0.108659 
3.4 0.85 -0.0153454 0.0992033 
3.45 0.85 -0.000701159 0.0957474 
3.5 0.85 0.0139726 0.0986082 
3.55 0.85 0.0280626 0.107523 
3.6 0.85 0.0409954 0.121707 
3.65 0.85 0.0522721 0.140026 
3.7 0.85 0.061491 0.161201 
3.75 0.85 0.0683568 0.183991 
3.8 0.85 0.0726794 0.207313 
3.85 0.85 0.0743659 0.230278 
3.9 0.85 0.0734109 0.252183 
3.95 0.85 0.0698875 0.272475 
4 0.85 0.0639419 0.290713 
4.05 0.85 0.0557892 0.30653 
4.1 0.85 0.0457113 0.319618 
4.15 0.85 0.0340521 0.329718 
4.2 0.85 0.021211 0.336627 
4.25 0.85 0.00763195 0.340199 
4.3 0.85 -0.0062121 0.340355 
4.35 0.85 -0.019837 0.33709 
4.4 0.85 -0.0327671 0.330473 
4.45 0.85 -0.0445533 0.320638 
4.5 0.85 -0.054789 0.307784 
4.55 0.85 -0.0631215 0.292162 
4.6 0.85 -0.0692601 0.274075 
4.65 0.85 -0.07298 0.253886 
4.7 0.85 -0.0741266 0.232034 
4.75 0.85 -0.0726196 0.209068 
4.8 0.85 -0.0684599 0.185689 
4.85 0.85 -0.0617395 0.162782 
4.9 0.85 -0.0526517 0.141426 
4.95 0.85 -0.0414966 0.122859 
5 0.85 -0.02867 0.108362 
0 0.9 -0.0212529 0.0838511 
0.05 0.9 -0.0146455 0.0740644 
0.1 0.9 -0.0074822 0.0678153 
0.15 0.9 -3.7402e-05 0.0656155 
0.2 0.9 0.00739704 0.0676521 
0.25 0.9 0.0145196 0.0737391 
0.3 0.9 0.0210434 0.0833538 
0.35 0.9 0.0267177 0.0957429 
0.4 0.9 0.0313412 0.110057 
0.45 0.9 0.0347676 0.125466 
0.5 0.9 0.0369042 0.14124 
0.55 0.9 0.0377078 0.156773 
0.6 0.9 0.0371784 0.171586 
0.65 0.9 0.0353554 0.185298 
0.7 0.9 0.0323138 0.197608 
0.75 0.9 0.0281629 0.208268 
0.8 0.9 0.0230449 0.217073 
0.85 0.9 0.0171332 0.223855 
0.9 0.9 0.0106291 0.228482 
0.95 0.9 0.00375591 0.230862 
1 0.9 -0.00324812 0.230948 
1.05 0.9 -0.0101396 0.228736 
1.1 0.9 -0.0166795 0.224272 
1.15 0.9 -0.0226428 0.217644 
1.2 0.9 -0.0278262 0.208979 
1.25 0.9 -0.0320535 0.198442 
1.3 0.9 -0.0351797 0.186236 
1.35 0.9 -0.0370922 0.172603 
1.4 0.9 -0.0377126 0.157842 
1.45 0.9 -0.0369978 0.142325 
1.5 0.9 -0.0349437 0.126526 
1.55 0.9 -0.0315892 0.111044 
1.6 0.9 -0.0270225 0.0966063 
1.65 0.9 -0.0213861 0.0840413 
1.7 0.9 -0.0148784 0.0742074 
1.75 0.9 -0.00775035 0.0678735 
1.8 0.9 -0.000294201 0.0655833 
1.85 0.9 0.00717458 0.0675433 
1.9 0.9 0.0143396 0.0735765 
1.95 0.9 0.0209061 0.0831625 
2 0.9 0.0266194 0.0955449 
2.05 0.9 0.0312766 0.109868 
2.1 0.9 0.0347309 0.125298 
2.15 0.9 0.0368901 0.141096 
2.2 0.9 0.0377114 0.156656 
2.25 0.9 0.0371958 0.171494 
2.3 0.9 0.0353834 0.18523 
2.35 0.9 0.0323498 0.197561 
2.4 0.9 0.0282047 0.20824 
2.45 0.9 0.0230907 0.217063 
2.5 0.9 0.0171815 0.223861 
2.55 0.9 0.0106784 0.228504 
2.6 0.9 0.00380482 0.230899 
2.65 0.9 -0.00320099 0.230999 
2.7 0.9 -0.0100955 0.228801 
2.75 0.9 -0.0166399 0.22435 
2.8 0.9 -0.0226088 0.217734 
2.85 0.9 -0.0277989 0.209081 
2.9 0.9 -0.032034 0.198555 
2.95 0.9 -0.0351687 0.186358 
3 0.9 -0.0370904 0.172732 
3.05 0.9 -0.0377204 0.157976 
3.1 0.9 -0.0370156 0.142462 
3.15 0.9 -0.0349713 0.126662 
3.2 0.9 -0.0316262 0.111173 
3.25 0.9 -0.0270682 0.0967213 
3.3 0.9 -0.021439 0.0841362 
3.35 0.9 -0.0149369 0.0742755 
3.4 0.9 -0.00781223 0.0679094 
3.45 0.9 -0.000356997 0.065584 
3.5 0.9 0.00711345 0.0675089 
3.55 0.9 0.0142826 0.0735104 
3.6 0.9 0.0208555 0.0830701 
3.65 0.9 0.0265771 0.0954332 
3.7 0.9 0.031244 0.109744 
3.75 0.9 0.034709 0.125168 
3.8 0.9 0.0368793 0.140967 
3.85 0.9 0.0377119 0.156531 
3.9 0.9 0.0372073 0.171376 
3.95 0.9 0.0354052 0.185122 
4 0.9 0.0323809 0.197465 
4.05 0.9 0.028244 0.208157 
4.1 0.9 0.0231366 0.216993 
4.15 0.9 0.0172322 0.223803 
4.2 0.9 0.010732 0.228457 
4.25 0.9 0.00385977 0.23086 
4.3 0.9 -0.00314618 0.230964 
4.35 0.9 -0.0100417 0.228765 
4.4 0.9 -0.016587 0.224306 
4.45 0.9 -0.0225557 0.217673 
4.5 0.9 -0.0277429 0.208995 
4.55 0.9 -0.0319709 0.198434 
4.6 0.9 -0.0350924 0.186193 
4.65 0.9 -0.0369936 0.172518 
4.7 0.9 -0.0375946 0.157709 
4.75 0.9 -0.0368527 0.142146 
4.8 0.9 -0.0347656 0.126311 
4.85 0.9 -0.0313783 0.110811 
4.9 0.9 -0.026791 0.0963818 
4.95 0.9 -0.0211642 0.0838511 
5 0.9 -0.0147066 0.0740644 
0 0.95 -0.00627329 0.0425502 
0.05 0.95 -0.00424097 0.0376835 
0.1 0.95 -0.00215207 0.0345912 
0.15 0.95 -1.15453e-05 0.0335049 
0.2 0.95 0.00211881 0.0345135 
0.25 0.95 0.00415701 0.0375277 
0.3 0.95 0.00602104 0.0422949 
0.35 0.95 0.00763893 0.0484494 
0.4 0.95 0.0089536 0.0555745 
0.45 0.95 0.00992434 0.0632604 
0.5 0.95 0.0105262 0.0711414 
0.55 0.95 0.0107481 0.0789123 
0.6 0.95 0.0105914 0.0863285 
0.65 0.95 0.0100678 0.0931964 
0.7 0.95 0.00919891 0.0993617 
0.75 0.95 0.0080157 0.104699 
0.8 0.95 0.00655828 0.109106 
0.85 0.95 0.00487563 0.112499 
0.9 0.95 0.00302467 0.114813 
0.95 0.95 0.00106881 0.116003 
1 0.95 -0.000924271 0.116046 
1.05 0.95 -0.00288535 0.11494 
1.1 0.95 -0.00474652 0.112708 
1.15 0.95 -0.00644391 0.109391 
1.2 0.95 -0.00791996 0.105055 
1.25 0.95 -0.00912496 0.0997789 
1.3 0.95 -0.0100179 0.0936654 
1.35 0.95 -0.0105671 0.0868373 
1.4 0.95 -0.0107498 0.0794463 
1.45 0.95 -0.0105532 0.0716831 
1.5 0.95 -0.00997503 0.0637892 
1.55 0.95 -0.00902498 0.0560664 
1.6 0.95 -0.00772668 0.0488788 
1.65 0.95 -0.00611963 0.0426368 
1.7 0.95 -0.00426003 0.037761 
1.75 0.95 -0.00222 0.0346253 
1.8 0.95 -8.43005e-05 0.0334924 
1.85 0.95 0.00205508 0.0344619 
1.9 0.95 0.00410589 0.0374486 
1.95 0.95 0.00598256 0.0422008 
2 0.95 0.00761184 0.0483511 
2.05 0.95 0.00893621 0.0554805 
2.1 0.95 0.00991489 0.0631759 
2.15 0.95 0.010523 0.0710692 
2.2 0.95 0.0107499 0.0788532 
2.25 0.95 0.010597 0.0862821 
2.3 0.95 0.0100762 0.0931619 
2.35 0.95 0.00920945 0.099338 
2.4 0.95 0.00802779 0.104685 
2.45 0.95 0.00657144 0.109101 
2.5 0.95 0.00488942 0.112502 
2.55 0.95 0.00303871 0.114824 
2.6 0.95 0.00108272 0.116021 
2.65 0.95 -0.000910876 0.116071 
2.7 0.95 -0.00287284 0.114973 
2.75 0.95 -0.00473525 0.112747 
2.8 0.95 -0.00643422 0.109437 
2.85 0.95 -0.00791217 0.105106 
2.9 0.95 -0.00911934 0.0998356 
2.95 0.95 -0.0100147 0.0937267 
3 0.95 -0.0105664 0.0869023 
3.05 0.95 -0.0107519 0.079514 
3.1 0.95 -0.0105581 0.0717519 
3.15 0.95 -0.00998279 0.0638569 
3.2 0.95 -0.00903544 0.0561305 
3.25 0.95 -0.00773963 0.0489361 
3.3 0.95 -0.00613471 0.042684 
3.35 0.95 -0.00427674 0.0377948 
3.4 0.95 -0.00223769 0.0346431 
3.45 0.95 -0.000102274 0.0334928 
3.5 0.95 0.00203758 0.034445 
3.55 0.95 0.0040896 0.0374158 
3.6 0.95 0.00596812 0.0421549 
3.65 0.95 0.00759979 0.0482956 
3.7 0.95 0.00892695 0.0554188 
3.75 0.95 0.00990868 0.0631114 
3.8 0.95 0.01052 0.0710044 
3.85 0.95 0.0107501 0.0787905 
3.9 0.95 0.0106002 0.0862231 
3.95 0.95 0.0100824 0.0931079 
4 0.95 0.00921823 0.0992897 
4.05 0.95 0.00803881 0.104643 
4.1 0.95 0.00658426 0.109066 
4.15 0.95 0.00490353 0.112473 
4.2 0.95 0.00305356 0.1148 
4.25 0.95 0.00109778 0.116001 
4.3 0.95 -0.000896046 0.116053 
4.35 0.95 -0.00285852 0.114953 
4.4 0.95 -0.00472146 0.112723 
4.45 0.95 -0.00642066 0.109404 
4.5 0.95 -0.00789809 0.10506 
4.55 0.95 -0.00910351 0.0997722 
4.6 0.95 -0.0099954 0.0936414 
4.65 0.95 -0.0105414 0.086792 
4.7 0.95 -0.0107185 0.0793778 
4.75 0.95 -0.010514 0.0715925 
4.8 0.95 -0.00992618 0.0636818 
4.85 0.95 -0.00896764 0.0559526 
4.9 0.95 -0.00767031 0.0487726 
4.95 0.95 -0.00609711 0.0425502 
5 0.95 -0.00436311 0.0376835 
0 1 0 0 
0.05 1 0 0 
0.1 1 0 0 
0.15 1 0 0 
0.2 1 0 0 
0.25 1 0 0 
0.3 1 0 0 
0.35 1 0 0 
0.4 1 0 0 
0.45 1 0 0 
0.5 1 0 0 
0.55 1 0 0 
0.6 1 0 0 
0.65 1 0 0 
0.7 1 0 0 
0.75 1 0 0 
0.8 1 0 0 
0.85 1 0 0 
0.9 1 0 0 
0.95 1 0 0 
1 1 0 0 
1.05 1 0 0 
1.1 1 0 0 
1.15 1 0 0 
1.2 1 0 0 
1.25 1 0 0 
1.3 1 0 0 
1.35 1 0 0 
1.4 1 0 0 
1.45 1 0 0 
1.5 1 0 0 
1.55 1 0 0 
1.6 1 0 0 
1.65 1 0 0 
1.7 1 0 0 
1.75 1 0 0 
1.8 1 0 0 
1.85 1 0 0 
1.9 1 0 0 
1.95 1 0 0 
2 1 0 0 
2.05 1 0 0 
2.1 1 0 0 
2.15 1 0 0 
2.2 1 0 0 
2.25 1 0 0 
2.3 1 0 0 
2.35 1 0 0 
2.4 1 0 0 
2.45 1 0 0 
2.5 1 0 0 
2.55 1 0 0 
2.6 1 0 0 
2.65 1 0 0 
2.7 1 0 0 
2.75 1 0 0 
2.8 1 0 0 
2.85 1 0 0 
2.9 1 0 0 
2.95 1 0 0 
3 1 0 0 
3.05 1 0 0 
3.1 1 0 0 
3.15 1 0 0 
3.2 1 0 0 
3.25 1 0 0 
3.3 1 0 0 
3.35 1 0 0 
3.4 1 0 0 
3.45 1 0 0 
3.5 1 0 0 
3.55 1 0 0 
3.6 1 0 0 
3.65 1 0 0 
3.7 1 0 0 
3.75 1 0 0 
3.8 1 0 0 
3.85 1 0 0 
3.9 1 0 0 
3.95 1 0 0 
4 1 0 0 
4.05 1 0 0 
4.1 1 0 0 
4.15 1 0 0 
4.2 1 0 0 
4.25 1 0 0 
4.3 1 0 0 
4.35 1 0 0 
4.4 1 0 0 
4.45 1 0 0 
4.5 1 0 0 
4.55 1 0 0 
4.6 1 0 0 
4.65 1 0 0 
4.7 1 0 0 
4.75 1 0 0 
4.8 1 0 0 
4.85 1 0 0 
4.9 1 0 0 
4.95 1 0 0 
5 1 0 0 
