x, y, ksi, T
#iter= 470000
0 0 0 1 
0.05 0 0 1 
0.1 0 0 1 
0.15 0 0 1 
0.2 0 0 1 
0.25 0 0 1 
0.3 0 0 1 
0.35 0 0 1 
0.4 0 0 1 
0.45 0 0 1 
0.5 0 0 1 
0.55 0 0 1 
0.6 0 0 1 
0.65 0 0 1 
0.7 0 0 1 
0.75 0 0 1 
0.8 0 0 1 
0.85 0 0 1 
0.9 0 0 1 
0.95 0 0 1 
1 0 0 1 
1.05 0 0 1 
1.1 0 0 1 
1.15 0 0 1 
1.2 0 0 1 
1.25 0 0 1 
1.3 0 0 1 
1.35 0 0 1 
1.4 0 0 1 
1.45 0 0 1 
1.5 0 0 1 
1.55 0 0 1 
1.6 0 0 1 
1.65 0 0 1 
1.7 0 0 1 
1.75 0 0 1 
1.8 0 0 1 
1.85 0 0 1 
1.9 0 0 1 
1.95 0 0 1 
2 0 0 1 
2.05 0 0 1 
2.1 0 0 1 
2.15 0 0 1 
2.2 0 0 1 
2.25 0 0 1 
2.3 0 0 1 
2.35 0 0 1 
2.4 0 0 1 
2.45 0 0 1 
2.5 0 0 1 
2.55 0 0 1 
2.6 0 0 1 
2.65 0 0 1 
2.7 0 0 1 
2.75 0 0 1 
2.8 0 0 1 
2.85 0 0 1 
2.9 0 0 1 
2.95 0 0 1 
3 0 0 1 
3.05 0 0 1 
3.1 0 0 1 
3.15 0 0 1 
3.2 0 0 1 
3.25 0 0 1 
3.3 0 0 1 
3.35 0 0 1 
3.4 0 0 1 
3.45 0 0 1 
3.5 0 0 1 
3.55 0 0 1 
3.6 0 0 1 
3.65 0 0 1 
3.7 0 0 1 
3.75 0 0 1 
3.8 0 0 1 
3.85 0 0 1 
3.9 0 0 1 
3.95 0 0 1 
4 0 0 1 
4.05 0 0 1 
4.1 0 0 1 
4.15 0 0 1 
4.2 0 0 1 
4.25 0 0 1 
4.3 0 0 1 
4.35 0 0 1 
4.4 0 0 1 
4.45 0 0 1 
4.5 0 0 1 
4.55 0 0 1 
4.6 0 0 1 
4.65 0 0 1 
4.7 0 0 1 
4.75 0 0 1 
4.8 0 0 1 
4.85 0 0 1 
4.9 0 0 1 
4.95 0 0 1 
5 0 0 1 
0 0.05 -0.00621391 0.889189 
0.05 0.05 -0.00427794 0.886148 
0.1 0.05 -0.00225583 0.884313 
0.15 0.05 -0.0002031 0.883668 
0.2 0.05 0.0018277 0.8842 
0.25 0.05 0.003777 0.885886 
0.3 0.05 0.00558383 0.888686 
0.35 0.05 0.00719043 0.892542 
0.4 0.05 0.00854514 0.89738 
0.45 0.05 0.00960403 0.903107 
0.5 0.05 0.0103317 0.909611 
0.55 0.05 0.0107016 0.916755 
0.6 0.05 0.0106966 0.92437 
0.65 0.05 0.0103091 0.932242 
0.7 0.05 0.0095429 0.940099 
0.75 0.05 0.00841459 0.947608 
0.8 0.05 0.00695564 0.95438 
0.85 0.05 0.00521397 0.959991 
0.9 0.05 0.00325403 0.964038 
0.95 0.05 0.00115487 0.966195 
1 0.05 -0.000994286 0.966275 
1.05 0.05 -0.00310042 0.964273 
1.1 0.05 -0.0050738 0.960361 
1.15 0.05 -0.00683446 0.954857 
1.2 0.05 -0.00831675 0.948163 
1.25 0.05 -0.00947156 0.9407 
1.3 0.05 -0.0102663 0.932864 
1.35 0.05 -0.0106834 0.924991 
1.4 0.05 -0.0107186 0.917358 
1.45 0.05 -0.0103786 0.910184 
1.5 0.05 -0.00968067 0.90364 
1.55 0.05 -0.00865114 0.897867 
1.6 0.05 -0.00732577 0.892976 
1.65 0.05 -0.00574929 0.889061 
1.7 0.05 -0.00397488 0.886196 
1.75 0.05 -0.00206299 0.884435 
1.8 0.05 -7.94946e-05 0.883814 
1.85 0.05 0.00190678 0.884343 
1.9 0.05 0.00382689 0.886013 
1.95 0.05 0.00561463 0.888791 
2 0.05 0.00720904 0.892624 
2.05 0.05 0.00855632 0.897439 
2.1 0.05 0.00961105 0.903146 
2.15 0.05 0.0103368 0.909632 
2.2 0.05 0.0107063 0.916761 
2.25 0.05 0.0107017 0.924364 
2.3 0.05 0.0103154 0.932227 
2.35 0.05 0.00955062 0.940079 
2.4 0.05 0.00842387 0.947586 
2.45 0.05 0.0069664 0.954358 
2.5 0.05 0.00522597 0.959975 
2.55 0.05 0.00326691 0.96403 
2.6 0.05 0.00116816 0.966197 
2.65 0.05 -0.000981148 0.966289 
2.7 0.05 -0.00308799 0.964298 
2.75 0.05 -0.0050626 0.960397 
2.8 0.05 -0.00682496 0.954901 
2.85 0.05 -0.00830934 0.948212 
2.9 0.05 -0.00946652 0.940753 
2.95 0.05 -0.0102638 0.932917 
3 0.05 -0.0106836 0.925043 
3.05 0.05 -0.0107214 0.917408 
3.1 0.05 -0.0103842 0.91023 
3.15 0.05 -0.00968871 0.903681 
3.2 0.05 -0.00866151 0.897901 
3.25 0.05 -0.00733821 0.893004 
3.3 0.05 -0.00576344 0.889081 
3.35 0.05 -0.00399031 0.886208 
3.4 0.05 -0.00207921 0.884439 
3.45 0.05 -9.59693e-05 0.883808 
3.5 0.05 0.00189061 0.884328 
3.55 0.05 0.00381159 0.885988 
3.6 0.05 0.00560074 0.888757 
3.65 0.05 0.00719707 0.892581 
3.7 0.05 0.00854672 0.897388 
3.75 0.05 0.00960421 0.903087 
3.8 0.05 0.010333 0.909567 
3.85 0.05 0.0107059 0.916691 
3.9 0.05 0.010705 0.92429 
3.95 0.05 0.0103224 0.932151 
4 0.05 0.00956139 0.940005 
4.05 0.05 0.00843832 0.947518 
4.1 0.05 0.00698432 0.954301 
4.15 0.05 0.00524693 0.959934 
4.2 0.05 0.00329032 0.96401 
4.25 0.05 0.00119325 0.966204 
4.3 0.05 -0.000955273 0.966326 
4.35 0.05 -0.00306234 0.964366 
4.4 0.05 -0.00503826 0.960496 
4.45 0.05 -0.00680306 0.95503 
4.5 0.05 -0.00829113 0.948369 
4.55 0.05 -0.00945352 0.940935 
4.6 0.05 -0.010258 0.933121 
4.65 0.05 -0.0106878 0.925267 
4.7 0.05 -0.0107398 0.917647 
4.75 0.05 -0.0104227 0.910478 
4.8 0.05 -0.00975671 0.903931 
4.85 0.05 -0.00877313 0.898136 
4.9 0.05 -0.00751579 0.893198 
4.95 0.05 -0.00604106 0.889189 
5 0.05 -0.00439846 0.886148 
0 0.1 -0.0209795 0.779498 
0.05 0.1 -0.0146681 0.77351 
0.1 0.1 -0.00777998 0.76983 
0.15 0.1 -0.000653793 0.768522 
0.2 0.1 0.00644685 0.769575 
0.25 0.1 0.0132812 0.772939 
0.3 0.1 0.0196228 0.778532 
0.35 0.1 0.0252631 0.786234 
0.4 0.1 0.0300174 0.795895 
0.45 0.1 0.0337288 0.807329 
0.5 0.1 0.0362716 0.820312 
0.55 0.1 0.0375523 0.834576 
0.6 0.1 0.0375117 0.849789 
0.65 0.1 0.0361266 0.865531 
0.7 0.1 0.0334146 0.881267 
0.75 0.1 0.0294392 0.896335 
0.8 0.1 0.0243156 0.909951 
0.85 0.1 0.0182144 0.921258 
0.9 0.1 0.0113617 0.929427 
0.95 0.1 0.00403101 0.933785 
1 0.1 -0.00347116 0.933948 
1.05 0.1 -0.0108259 0.929901 
1.1 0.1 -0.0177249 0.922004 
1.15 0.1 -0.0238916 0.910912 
1.2 0.1 -0.0290963 0.897448 
1.25 0.1 -0.0331641 0.882471 
1.3 0.1 -0.0359761 0.866772 
1.35 0.1 -0.0374656 0.851026 
1.4 0.1 -0.0376125 0.835776 
1.45 0.1 -0.0364379 0.821449 
1.5 0.1 -0.034 0.808385 
1.55 0.1 -0.0303918 0.796856 
1.6 0.1 -0.0257398 0.787087 
1.65 0.1 -0.0202024 0.779264 
1.7 0.1 -0.0139679 0.773536 
1.75 0.1 -0.00724948 0.770015 
1.8 0.1 -0.000279226 0.768771 
1.85 0.1 0.0067008 0.76983 
1.9 0.1 0.0134481 0.77317 
1.95 0.1 0.0197296 0.778724 
2 0.1 0.0253302 0.786384 
2.05 0.1 0.0300595 0.796003 
2.1 0.1 0.0337566 0.807398 
2.15 0.1 0.0362924 0.820347 
2.2 0.1 0.0375713 0.834583 
2.25 0.1 0.0375321 0.849773 
2.3 0.1 0.0361506 0.865498 
2.35 0.1 0.0334433 0.881224 
2.4 0.1 0.0294731 0.896288 
2.45 0.1 0.0243543 0.909907 
2.5 0.1 0.0182572 0.921224 
2.55 0.1 0.0114073 0.92941 
2.6 0.1 0.00407781 0.933789 
2.65 0.1 -0.00342499 0.933975 
2.7 0.1 -0.0107822 0.929952 
2.75 0.1 -0.0176856 0.922075 
2.8 0.1 -0.0238583 0.910999 
2.85 0.1 -0.0290703 0.897547 
2.9 0.1 -0.0331465 0.882576 
2.95 0.1 -0.0359675 0.866879 
3 0.1 -0.0374664 0.851131 
3.05 0.1 -0.0376227 0.835875 
3.1 0.1 -0.0364574 0.821541 
3.15 0.1 -0.0340285 0.808467 
3.2 0.1 -0.0304285 0.796926 
3.25 0.1 -0.0257837 0.787144 
3.3 0.1 -0.0202523 0.779305 
3.35 0.1 -0.0140223 0.77356 
3.4 0.1 -0.00730659 0.770021 
3.45 0.1 -0.000337183 0.76876 
3.5 0.1 0.00664397 0.7698 
3.55 0.1 0.0133944 0.773121 
3.6 0.1 0.0196809 0.778657 
3.65 0.1 0.0252883 0.786299 
3.7 0.1 0.030026 0.795902 
3.75 0.1 0.0337329 0.807281 
3.8 0.1 0.0362798 0.820217 
3.85 0.1 0.0375706 0.834442 
3.9 0.1 0.037544 0.849625 
3.95 0.1 0.0361757 0.865347 
4 0.1 0.0334816 0.881076 
4.05 0.1 0.0295241 0.896151 
4.1 0.1 0.0244172 0.909791 
4.15 0.1 0.0183306 0.92114 
4.2 0.1 0.011489 0.929368 
4.25 0.1 0.00416515 0.933801 
4.3 0.1 -0.00333513 0.934046 
4.35 0.1 -0.0106933 0.930085 
4.4 0.1 -0.0176013 0.922271 
4.45 0.1 -0.0237826 0.911255 
4.5 0.1 -0.0290075 0.897857 
4.55 0.1 -0.0331018 0.882935 
4.6 0.1 -0.0359475 0.867281 
4.65 0.1 -0.0374801 0.85157 
4.7 0.1 -0.0376829 0.836344 
4.75 0.1 -0.0365817 0.822028 
4.8 0.1 -0.0342409 0.808952 
4.85 0.1 -0.0307594 0.797377 
4.9 0.1 -0.0262647 0.787505 
4.95 0.1 -0.0208926 0.779498 
5 0.1 -0.0147269 0.77351 
0 0.15 -0.0408967 0.675179 
0.05 0.15 -0.0285739 0.666401 
0.1 0.15 -0.015123 0.660962 
0.15 0.15 -0.00114726 0.659007 
0.2 0.15 0.0128211 0.66055 
0.25 0.15 0.0262884 0.665526 
0.3 0.15 0.0387939 0.673808 
0.35 0.15 0.0499174 0.685211 
0.4 0.15 0.0592882 0.699502 
0.45 0.15 0.0665932 0.716398 
0.5 0.15 0.0715825 0.735568 
0.55 0.15 0.0740727 0.756615 
0.6 0.15 0.0739496 0.779056 
0.65 0.15 0.0711736 0.802283 
0.7 0.15 0.0657863 0.82552 
0.75 0.15 0.0579207 0.847795 
0.8 0.15 0.0478102 0.867951 
0.85 0.15 0.035795 0.884714 
0.9 0.15 0.0223192 0.89684 
0.95 0.15 0.00791646 0.903315 
1 0.15 -0.00681841 0.903557 
1.05 0.15 -0.0212677 0.897543 
1.1 0.15 -0.0348334 0.885819 
1.15 0.15 -0.0469764 0.869372 
1.2 0.15 -0.0572452 0.849437 
1.25 0.15 -0.0652921 0.827293 
1.3 0.15 -0.070876 0.804109 
1.35 0.15 -0.0738578 0.780871 
1.4 0.15 -0.0741904 0.758371 
1.45 0.15 -0.0719094 0.737228 
1.5 0.15 -0.0671259 0.717934 
1.55 0.15 -0.0600219 0.700889 
1.6 0.15 -0.050847 0.686429 
1.65 0.15 -0.0399155 0.674833 
1.7 0.15 -0.0276006 0.666334 
1.75 0.15 -0.0143258 0.661106 
1.8 0.15 -0.00055155 0.659258 
1.85 0.15 0.0132421 0.660832 
1.9 0.15 0.0265742 0.665792 
1.95 0.15 0.0389822 0.674034 
2 0.15 0.0500392 0.685388 
2.05 0.15 0.0593675 0.699627 
2.1 0.15 0.0666479 0.716475 
2.15 0.15 0.0716254 0.735601 
2.2 0.15 0.0741127 0.756612 
2.25 0.15 0.0739929 0.779023 
2.3 0.15 0.0712238 0.802228 
2.35 0.15 0.0658456 0.825451 
2.4 0.15 0.0579897 0.847721 
2.45 0.15 0.0478883 0.867883 
2.5 0.15 0.0358807 0.884662 
2.55 0.15 0.0224101 0.896814 
2.6 0.15 0.00800932 0.903321 
2.65 0.15 -0.00672708 0.903598 
2.7 0.15 -0.0211815 0.897619 
2.75 0.15 -0.0347559 0.885925 
2.8 0.15 -0.0469107 0.869502 
2.85 0.15 -0.057194 0.849584 
2.9 0.15 -0.0652573 0.827448 
2.95 0.15 -0.070859 0.804267 
3 0.15 -0.0738594 0.781027 
3.05 0.15 -0.0742108 0.758519 
3.1 0.15 -0.0719483 0.737364 
3.15 0.15 -0.0671825 0.718056 
3.2 0.15 -0.0600948 0.700994 
3.25 0.15 -0.0509342 0.686513 
3.3 0.15 -0.0400144 0.674895 
3.35 0.15 -0.0277083 0.666371 
3.4 0.15 -0.0144389 0.661117 
3.45 0.15 -0.000666208 0.659242 
3.5 0.15 0.0131298 0.660787 
3.55 0.15 0.0264682 0.66572 
3.6 0.15 0.0388862 0.673935 
3.65 0.15 0.0499568 0.685263 
3.7 0.15 0.0593018 0.699478 
3.75 0.15 0.0666017 0.716304 
3.8 0.15 0.0716011 0.73541 
3.85 0.15 0.0741121 0.756405 
3.9 0.15 0.0740173 0.778805 
3.95 0.15 0.071274 0.802005 
4 0.15 0.0659215 0.825232 
4.05 0.15 0.0580905 0.847519 
4.1 0.15 0.0480121 0.867711 
4.15 0.15 0.0360245 0.884537 
4.2 0.15 0.0225698 0.896751 
4.25 0.15 0.00817987 0.903335 
4.3 0.15 -0.00655178 0.9037 
4.35 0.15 -0.0210081 0.897813 
4.4 0.15 -0.0345913 0.886209 
4.45 0.15 -0.0467623 0.869872 
4.5 0.15 -0.0570698 0.850031 
4.55 0.15 -0.0651664 0.827965 
4.6 0.15 -0.0708129 0.804843 
4.65 0.15 -0.0738729 0.781652 
4.7 0.15 -0.0743038 0.759182 
4.75 0.15 -0.0721468 0.738047 
4.8 0.15 -0.0675187 0.718729 
4.85 0.15 -0.0606028 0.701611 
4.9 0.15 -0.0516361 0.687006 
4.95 0.15 -0.0408829 0.675179 
5 0.15 -0.0285811 0.666401 
0 0.2 -0.0630642 0.581403 
0.05 0.2 -0.0439683 0.570103 
0.1 0.2 -0.023178 0.563071 
0.15 0.2 -0.00155158 0.560526 
0.2 0.2 0.0200951 0.562516 
0.25 0.2 0.0409854 0.56897 
0.3 0.2 0.0603909 0.579713 
0.35 0.2 0.0776478 0.59449 
0.4 0.2 0.0921729 0.612976 
0.45 0.2 0.103476 0.634787 
0.5 0.2 0.111169 0.659483 
0.55 0.2 0.114969 0.686552 
0.6 0.2 0.114707 0.715378 
0.65 0.2 0.110329 0.74519 
0.7 0.2 0.10191 0.775006 
0.75 0.2 0.0896676 0.803594 
0.8 0.2 0.0739723 0.829475 
0.85 0.2 0.0553553 0.851013 
0.9 0.2 0.0345032 0.866602 
0.95 0.2 0.012235 0.87493 
1 0.2 -0.0105403 0.87524 
1.05 0.2 -0.0328796 0.867505 
1.1 0.2 -0.0538693 0.852431 
1.15 0.2 -0.0726821 0.831297 
1.2 0.2 -0.0886207 0.805697 
1.25 0.2 -0.101142 0.777273 
1.3 0.2 -0.109864 0.74752 
1.35 0.2 -0.114561 0.71769 
1.4 0.2 -0.115147 0.688784 
1.45 0.2 -0.111669 0.661586 
1.5 0.2 -0.104292 0.636721 
1.55 0.2 -0.0932935 0.614706 
1.6 0.2 -0.0790595 0.595984 
1.65 0.2 -0.0620788 0.580937 
1.7 0.2 -0.0429339 0.569885 
1.75 0.2 -0.0222868 0.563075 
1.8 0.2 -0.000857691 0.560667 
1.85 0.2 0.0206018 0.562718 
1.9 0.2 0.0413387 0.569179 
1.95 0.2 0.0606293 0.579898 
2 0.2 0.0778062 0.594635 
2.05 0.2 0.0922799 0.613075 
2.1 0.2 0.103554 0.63484 
2.15 0.2 0.111234 0.659493 
2.2 0.2 0.115033 0.686524 
2.25 0.2 0.114777 0.715318 
2.3 0.2 0.11041 0.745107 
2.35 0.2 0.102005 0.77491 
2.4 0.2 0.0897777 0.803495 
2.45 0.2 0.0740961 0.829385 
2.5 0.2 0.0554903 0.850945 
2.55 0.2 0.0346456 0.866567 
2.6 0.2 0.01238 0.874937 
2.65 0.2 -0.010398 0.875293 
2.7 0.2 -0.0327456 0.867603 
2.75 0.2 -0.053749 0.852567 
2.8 0.2 -0.0725802 0.831464 
2.85 0.2 -0.0885411 0.805886 
2.9 0.2 -0.101088 0.777474 
2.95 0.2 -0.109838 0.747724 
3 0.2 -0.114563 0.717891 
3.05 0.2 -0.115179 0.688976 
3.1 0.2 -0.11173 0.661763 
3.15 0.2 -0.10438 0.63688 
3.2 0.2 -0.0934071 0.614843 
3.25 0.2 -0.0791955 0.596095 
3.3 0.2 -0.0622331 0.581019 
3.35 0.2 -0.0431019 0.569935 
3.4 0.2 -0.022463 0.563091 
3.45 0.2 -0.00103627 0.560648 
3.5 0.2 0.020427 0.562662 
3.55 0.2 0.0411738 0.569087 
3.6 0.2 0.0604803 0.579771 
3.65 0.2 0.0776785 0.594475 
3.7 0.2 0.0921784 0.612884 
3.75 0.2 0.103483 0.63462 
3.8 0.2 0.111197 0.659249 
3.85 0.2 0.115033 0.68626 
3.9 0.2 0.114815 0.71504 
3.95 0.2 0.110488 0.744823 
4 0.2 0.102123 0.774631 
4.05 0.2 0.0899337 0.803236 
4.1 0.2 0.0742872 0.829165 
4.15 0.2 0.0557117 0.850784 
4.2 0.2 0.034891 0.866486 
4.25 0.2 0.0126415 0.874953 
4.3 0.2 -0.0101293 0.87542 
4.35 0.2 -0.0324795 0.867845 
4.4 0.2 -0.0534955 0.852924 
4.45 0.2 -0.0723499 0.831927 
4.5 0.2 -0.0883449 0.806443 
4.55 0.2 -0.100938 0.778112 
4.6 0.2 -0.109748 0.748431 
4.65 0.2 -0.114551 0.718652 
4.7 0.2 -0.115267 0.689774 
4.75 0.2 -0.111945 0.662576 
4.8 0.2 -0.104753 0.637672 
4.85 0.2 -0.0939639 0.615566 
4.9 0.2 -0.0799407 0.596682 
4.95 0.2 -0.063112 0.581403 
5 0.2 -0.0439327 0.570103 
0 0.25 -0.0852028 0.502173 
0.05 0.25 -0.0592759 0.488666 
0.1 0.25 -0.031109 0.480239 
0.15 0.25 -0.00180156 0.47718 
0.2 0.25 0.0275539 0.479577 
0.25 0.25 0.055896 0.487346 
0.3 0.25 0.0822231 0.500262 
0.35 0.25 0.105622 0.51798 
0.4 0.25 0.125292 0.540068 
0.45 0.25 0.140566 0.566032 
0.5 0.25 0.150918 0.595322 
0.55 0.25 0.155972 0.62732 
0.6 0.25 0.155506 0.661303 
0.65 0.25 0.149464 0.696374 
0.7 0.25 0.137962 0.731398 
0.75 0.25 0.121309 0.764946 
0.8 0.25 0.100016 0.795299 
0.85 0.25 0.0748082 0.82055 
0.9 0.25 0.0466117 0.838823 
0.95 0.25 0.0165245 0.848584 
1 0.25 -0.0142389 0.848947 
1.05 0.25 -0.0444209 0.83988 
1.1 0.25 -0.0728013 0.822209 
1.15 0.25 -0.0982714 0.79743 
1.2 0.25 -0.11989 0.767405 
1.25 0.25 -0.136919 0.734047 
1.3 0.25 -0.148829 0.699095 
1.35 0.25 -0.1553 0.664001 
1.4 0.25 -0.156201 0.629921 
1.45 0.25 -0.15158 0.597765 
1.5 0.25 -0.141649 0.568267 
1.55 0.25 -0.126776 0.542048 
1.6 0.25 -0.10748 0.51966 
1.65 0.25 -0.0844246 0.501594 
1.7 0.25 -0.0584031 0.488281 
1.75 0.25 -0.0303213 0.480057 
1.8 0.25 -0.00116641 0.477145 
1.85 0.25 0.0280301 0.479626 
1.9 0.25 0.0562351 0.48743 
1.95 0.25 0.0824565 0.500346 
2 0.25 0.105781 0.518045 
2.05 0.25 0.125404 0.540103 
2.1 0.25 0.140653 0.566032 
2.15 0.25 0.150997 0.595288 
2.2 0.25 0.156055 0.627255 
2.25 0.25 0.155602 0.66121 
2.3 0.25 0.149577 0.696261 
2.35 0.25 0.138095 0.731275 
2.4 0.25 0.121462 0.764824 
2.45 0.25 0.100187 0.79519 
2.5 0.25 0.0749938 0.820469 
2.55 0.25 0.0468066 0.838782 
2.6 0.25 0.0167224 0.848593 
2.65 0.25 -0.0140451 0.84901 
2.7 0.25 -0.0442387 0.839996 
2.75 0.25 -0.0726378 0.822371 
2.8 0.25 -0.0981328 0.797629 
2.85 0.25 -0.119782 0.767629 
2.9 0.25 -0.136845 0.734286 
2.95 0.25 -0.148793 0.699338 
3 0.25 -0.155303 0.664241 
3.05 0.25 -0.156244 0.630151 
3.1 0.25 -0.151663 0.597978 
3.15 0.25 -0.141769 0.568459 
3.2 0.25 -0.126931 0.542215 
3.25 0.25 -0.107666 0.519796 
3.3 0.25 -0.084635 0.501696 
3.35 0.25 -0.0586321 0.488344 
3.4 0.25 -0.0305614 0.480079 
3.45 0.25 -0.00140965 0.477124 
3.5 0.25 0.0277922 0.479561 
3.55 0.25 0.056011 0.487322 
3.6 0.25 0.0822541 0.500196 
3.65 0.25 0.105608 0.517855 
3.7 0.25 0.125267 0.539878 
3.75 0.25 0.140558 0.565775 
3.8 0.25 0.150948 0.595002 
3.85 0.25 0.156056 0.626946 
3.9 0.25 0.155655 0.660886 
3.95 0.25 0.149684 0.695931 
4 0.25 0.138255 0.730951 
4.05 0.25 0.121672 0.764524 
4.1 0.25 0.100444 0.794935 
4.15 0.25 0.0752906 0.820282 
4.2 0.25 0.047135 0.838688 
4.25 0.25 0.0170722 0.848611 
4.3 0.25 -0.0136857 0.849156 
4.35 0.25 -0.043882 0.840274 
4.4 0.25 -0.0722963 0.822777 
4.45 0.25 -0.0978191 0.798153 
4.5 0.25 -0.119509 0.768256 
4.55 0.25 -0.136624 0.734999 
4.6 0.25 -0.148639 0.700121 
4.65 0.25 -0.155231 0.665074 
4.7 0.25 -0.156273 0.631013 
4.75 0.25 -0.151814 0.598846 
4.8 0.25 -0.142064 0.569297 
4.85 0.25 -0.127381 0.54298 
4.9 0.25 -0.108258 0.520438 
4.95 0.25 -0.0853016 0.502173 
5 0.25 -0.0592052 0.488666 
0 0.3 -0.105546 0.439026 
0.05 0.3 -0.0732893 0.423572 
0.1 0.3 -0.0382949 0.413907 
0.15 0.3 -0.00188215 0.410397 
0.2 0.3 0.0346013 0.413174 
0.25 0.3 0.0698278 0.422136 
0.3 0.3 0.102538 0.43698 
0.35 0.3 0.131582 0.457244 
0.4 0.3 0.15596 0.482358 
0.45 0.3 0.174838 0.511694 
0.5 0.3 0.18757 0.544584 
0.55 0.3 0.193699 0.580311 
0.6 0.3 0.192969 0.618066 
0.65 0.3 0.185325 0.656873 
0.7 0.3 0.170934 0.695503 
0.75 0.3 0.150194 0.73241 
0.8 0.3 0.123754 0.765736 
0.85 0.3 0.0925164 0.793419 
0.9 0.3 0.057624 0.81343 
0.95 0.3 0.0204233 0.824112 
1 0.3 -0.0176024 0.824509 
1.05 0.3 -0.0549189 0.814585 
1.1 0.3 -0.0900359 0.795233 
1.15 0.3 -0.121594 0.768068 
1.2 0.3 -0.148434 0.735103 
1.25 0.3 -0.169634 0.698407 
1.3 0.3 -0.184528 0.65986 
1.35 0.3 -0.192698 0.62103 
1.4 0.3 -0.193964 0.583169 
1.45 0.3 -0.188365 0.547267 
1.5 0.3 -0.176144 0.514143 
1.55 0.3 -0.157746 0.484514 
1.6 0.3 -0.133808 0.459048 
1.65 0.3 -0.10515 0.438372 
1.7 0.3 -0.0727638 0.423053 
1.75 0.3 -0.0377841 0.413553 
1.8 0.3 -0.00145291 0.410183 
1.85 0.3 0.0349307 0.413055 
1.9 0.3 0.0700655 0.422072 
1.95 0.3 0.102703 0.43694 
2 0.3 0.131699 0.457206 
2.05 0.3 0.156048 0.48231 
2.1 0.3 0.174917 0.511628 
2.15 0.3 0.187652 0.544496 
2.2 0.3 0.193796 0.580202 
2.25 0.3 0.193086 0.617938 
2.3 0.3 0.185467 0.656732 
2.35 0.3 0.171102 0.695356 
2.4 0.3 0.150387 0.732269 
2.45 0.3 0.12397 0.765614 
2.5 0.3 0.0927496 0.793329 
2.55 0.3 0.0578682 0.813386 
2.6 0.3 0.0206705 0.824124 
2.65 0.3 -0.0173609 0.824581 
2.7 0.3 -0.0546921 0.814715 
2.75 0.3 -0.0898324 0.795414 
2.8 0.3 -0.121422 0.768289 
2.85 0.3 -0.148299 0.735353 
2.9 0.3 -0.169542 0.698673 
2.95 0.3 -0.184483 0.660132 
3 0.3 -0.192702 0.621299 
3.05 0.3 -0.194018 0.583428 
3.1 0.3 -0.188467 0.54751 
3.15 0.3 -0.176294 0.514364 
3.2 0.3 -0.157939 0.484707 
3.25 0.3 -0.134039 0.459208 
3.3 0.3 -0.105413 0.438493 
3.35 0.3 -0.0730495 0.42313 
3.4 0.3 -0.0380838 0.413583 
3.45 0.3 -0.0017564 0.410163 
3.5 0.3 0.0346341 0.412984 
3.55 0.3 0.0697863 0.421951 
3.6 0.3 0.102452 0.436772 
3.65 0.3 0.131484 0.456994 
3.7 0.3 0.155879 0.482059 
3.75 0.3 0.174799 0.511341 
3.8 0.3 0.187593 0.54418 
3.85 0.3 0.193798 0.579862 
3.9 0.3 0.193153 0.617583 
3.95 0.3 0.185599 0.656372 
4 0.3 0.171299 0.695005 
4.05 0.3 0.150646 0.731944 
4.1 0.3 0.124285 0.765338 
4.15 0.3 0.0931129 0.793128 
4.2 0.3 0.0582694 0.813285 
4.25 0.3 0.0210974 0.824144 
4.3 0.3 -0.0169219 0.824736 
4.35 0.3 -0.0542551 0.815011 
4.4 0.3 -0.0894112 0.795844 
4.45 0.3 -0.12103 0.768841 
4.5 0.3 -0.147948 0.736008 
4.55 0.3 -0.169242 0.699412 
4.6 0.3 -0.184244 0.660932 
4.65 0.3 -0.192536 0.62214 
4.7 0.3 -0.193935 0.584286 
4.75 0.3 -0.188477 0.548361 
4.8 0.3 -0.176403 0.515179 
4.85 0.3 -0.158144 0.485456 
4.9 0.3 -0.134312 0.459857 
4.95 0.3 -0.105687 0.439026 
5 0.3 -0.0731905 0.423572 
0 0.35 -0.122754 0.390915 
0.05 0.35 -0.0851014 0.37365 
0.1 0.35 -0.0442844 0.362815 
0.15 0.35 -0.00181155 0.358886 
0.2 0.35 0.0407476 0.362043 
0.25 0.35 0.0818323 0.372152 
0.3 0.35 0.119956 0.388799 
0.35 0.35 0.153767 0.411359 
0.4 0.35 0.182088 0.43908 
0.45 0.35 0.203951 0.47116 
0.5 0.35 0.218612 0.506794 
0.55 0.35 0.225557 0.545164 
0.6 0.35 0.224508 0.585396 
0.65 0.35 0.215428 0.626469 
0.7 0.35 0.198535 0.667123 
0.75 0.35 0.174313 0.705784 
0.8 0.35 0.143532 0.740561 
0.85 0.35 0.107244 0.769363 
0.9 0.35 0.0667714 0.790139 
0.95 0.35 0.0236591 0.801214 
1 0.35 -0.0203958 0.801625 
1.05 0.35 -0.0636405 0.791335 
1.1 0.35 -0.10437 0.771244 
1.15 0.35 -0.141025 0.742984 
1.2 0.35 -0.172265 0.708589 
1.25 0.35 -0.197015 0.670158 
1.3 0.35 -0.214486 0.6296 
1.35 0.35 -0.224172 0.588515 
1.4 0.35 -0.225837 0.548183 
1.45 0.35 -0.219498 0.509638 
1.5 0.35 -0.205419 0.473761 
1.55 0.35 -0.184094 0.441368 
1.6 0.35 -0.156255 0.413263 
1.65 0.35 -0.122852 0.390243 
1.7 0.35 -0.0850457 0.373062 
1.75 0.35 -0.0441719 0.362351 
1.8 0.35 -0.0016979 0.35854 
1.85 0.35 0.0408382 0.361789 
1.9 0.35 0.0818956 0.37196 
1.95 0.35 0.119999 0.388645 
2 0.35 0.1538 0.411223 
2.05 0.35 0.182124 0.438949 
2.1 0.35 0.204001 0.471027 
2.15 0.35 0.218683 0.506653 
2.2 0.35 0.225657 0.545014 
2.25 0.35 0.224639 0.585236 
2.3 0.35 0.215593 0.626304 
2.35 0.35 0.198732 0.66696 
2.4 0.35 0.174542 0.705632 
2.45 0.35 0.143787 0.740432 
2.5 0.35 0.107519 0.769271 
2.55 0.35 0.0670579 0.790096 
2.6 0.35 0.0239484 0.801229 
2.65 0.35 -0.0201137 0.801703 
2.7 0.35 -0.0633757 0.791475 
2.75 0.35 -0.104133 0.771437 
2.8 0.35 -0.140824 0.74322 
2.85 0.35 -0.172107 0.708855 
2.9 0.35 -0.196907 0.670442 
2.95 0.35 -0.214433 0.629893 
3 0.35 -0.224176 0.588806 
3.05 0.35 -0.225899 0.548466 
3.1 0.35 -0.219618 0.509906 
3.15 0.35 -0.205593 0.474007 
3.2 0.35 -0.18432 0.441586 
3.25 0.35 -0.156525 0.413446 
3.3 0.35 -0.123159 0.390384 
3.35 0.35 -0.0853803 0.373155 
3.4 0.35 -0.0445228 0.36239 
3.45 0.35 -0.00205314 0.358522 
3.5 0.35 0.0404912 0.361713 
3.55 0.35 0.0815694 0.371829 
3.6 0.35 0.119706 0.388462 
3.65 0.35 0.15355 0.410993 
3.7 0.35 0.181927 0.438678 
3.75 0.35 0.203865 0.470721 
3.8 0.35 0.218615 0.506318 
3.85 0.35 0.22566 0.544657 
3.9 0.35 0.224718 0.584865 
3.95 0.35 0.215746 0.62593 
4 0.35 0.19896 0.666597 
4.05 0.35 0.174839 0.705298 
4.1 0.35 0.144148 0.740151 
4.15 0.35 0.107934 0.769067 
4.2 0.35 0.0675161 0.789994 
4.25 0.35 0.0244357 0.801251 
4.3 0.35 -0.0196121 0.80186 
4.35 0.35 -0.0628747 0.791771 
4.4 0.35 -0.103646 0.771865 
4.45 0.35 -0.140364 0.743765 
4.5 0.35 -0.171683 0.709496 
4.55 0.35 -0.196526 0.671157 
4.6 0.35 -0.214099 0.630656 
4.65 0.35 -0.223892 0.589596 
4.7 0.35 -0.225663 0.549259 
4.75 0.35 -0.219427 0.51068 
4.8 0.35 -0.205438 0.474741 
4.85 0.35 -0.184182 0.44226 
4.9 0.35 -0.156369 0.414047 
4.95 0.35 -0.122927 0.390915 
5 0.35 -0.0849809 0.37365 
0 0.4 -0.135838 0.355 
0.05 0.4 -0.0940497 0.335945 
0.1 0.4 -0.0487594 0.323937 
0.15 0.4 -0.00162662 0.319593 
0.2 0.4 0.045601 0.32315 
0.25 0.4 0.0911745 0.334427 
0.3 0.4 0.133426 0.352861 
0.35 0.4 0.17084 0.377616 
0.4 0.4 0.202106 0.407706 
0.45 0.4 0.226157 0.442115 
0.5 0.4 0.242182 0.479868 
0.55 0.4 0.249635 0.520037 
0.6 0.4 0.248234 0.561689 
0.65 0.4 0.237972 0.603794 
0.7 0.4 0.219115 0.645112 
0.75 0.4 0.192227 0.684117 
0.8 0.4 0.158172 0.718994 
0.85 0.4 0.118116 0.747741 
0.9 0.4 0.0735099 0.768405 
0.95 0.4 0.0260396 0.779396 
1 0.4 -0.0224528 0.779803 
1.05 0.4 -0.0700665 0.769591 
1.1 0.4 -0.114951 0.749611 
1.15 0.4 -0.155406 0.721411 
1.2 0.4 -0.189961 0.686929 
1.25 0.4 -0.217425 0.648169 
1.3 0.4 -0.236912 0.606969 
1.35 0.4 -0.247837 0.564875 
1.4 0.4 -0.249908 0.523144 
1.45 0.4 -0.243115 0.482818 
1.5 0.4 -0.227718 0.444833 
1.55 0.4 -0.204241 0.410111 
1.6 0.4 -0.173476 0.379622 
1.65 0.4 -0.136471 0.354378 
1.7 0.4 -0.094514 0.335366 
1.75 0.4 -0.0491025 0.323437 
1.8 0.4 -0.00188676 0.319179 
1.85 0.4 0.0453991 0.32281 
1.9 0.4 0.0910175 0.334144 
1.95 0.4 0.133309 0.352618 
2 0.4 0.170761 0.377399 
2.05 0.4 0.202069 0.407505 
2.1 0.4 0.226162 0.441923 
2.15 0.4 0.242231 0.479681 
2.2 0.4 0.249728 0.519851 
2.25 0.4 0.248372 0.561505 
2.3 0.4 0.238152 0.603613 
2.35 0.4 0.219335 0.644939 
2.4 0.4 0.192482 0.683961 
2.45 0.4 0.158456 0.718866 
2.5 0.4 0.118422 0.747652 
2.55 0.4 0.0738289 0.768367 
2.6 0.4 0.0263611 0.779417 
2.65 0.4 -0.0221397 0.779887 
2.7 0.4 -0.069773 0.769736 
2.75 0.4 -0.114688 0.74981 
2.8 0.4 -0.155182 0.721654 
2.85 0.4 -0.189786 0.687203 
2.9 0.4 -0.217305 0.648465 
2.95 0.4 -0.236852 0.607275 
3 0.4 -0.24784 0.565182 
3.05 0.4 -0.249976 0.523446 
3.1 0.4 -0.243247 0.483107 
3.15 0.4 -0.227911 0.445102 
3.2 0.4 -0.204491 0.410353 
3.25 0.4 -0.173776 0.379828 
3.3 0.4 -0.136812 0.354539 
3.35 0.4 -0.0948864 0.335474 
3.4 0.4 -0.0494932 0.323486 
3.45 0.4 -0.00228216 0.319164 
3.5 0.4 0.0450131 0.322731 
3.55 0.4 0.090655 0.334003 
3.6 0.4 0.132983 0.352421 
3.65 0.4 0.170485 0.377153 
3.7 0.4 0.201852 0.407217 
3.75 0.4 0.226013 0.441602 
3.8 0.4 0.242157 0.479334 
3.85 0.4 0.249733 0.519486 
3.9 0.4 0.248459 0.56113 
3.95 0.4 0.238321 0.603238 
4 0.4 0.219585 0.644579 
4.05 0.4 0.192807 0.683634 
4.1 0.4 0.158849 0.718592 
4.15 0.4 0.118872 0.747455 
4.2 0.4 0.0743247 0.768269 
4.25 0.4 0.026888 0.779438 
4.3 0.4 -0.0215967 0.780037 
4.35 0.4 -0.0692285 0.770017 
4.4 0.4 -0.114154 0.750213 
4.45 0.4 -0.154671 0.722161 
4.5 0.4 -0.189301 0.687793 
4.55 0.4 -0.21685 0.649113 
4.6 0.4 -0.236422 0.607955 
4.65 0.4 -0.247428 0.565871 
4.7 0.4 -0.249569 0.524121 
4.75 0.4 -0.242828 0.48375 
4.8 0.4 -0.227455 0.445699 
4.85 0.4 -0.203969 0.410896 
4.9 0.4 -0.173149 0.380321 
4.95 0.4 -0.136034 0.355 
5 0.4 -0.0939132 0.335945 
0 0.45 -0.144107 0.327711 
0.05 0.45 -0.0996738 0.306865 
0.1 0.45 -0.0515075 0.293667 
0.15 0.45 -0.00137128 0.288906 
0.2 0.45 0.048862 0.292884 
0.25 0.45 0.0973104 0.305358 
0.3 0.45 0.142179 0.325591 
0.35 0.45 0.181841 0.352494 
0.4 0.45 0.214902 0.384809 
0.45 0.45 0.240233 0.42127 
0.5 0.45 0.256993 0.460707 
0.55 0.45 0.264629 0.50207 
0.6 0.45 0.262876 0.544369 
0.65 0.45 0.251759 0.586578 
0.7 0.45 0.231593 0.627521 
0.75 0.45 0.203002 0.665784 
0.8 0.45 0.166914 0.699707 
0.85 0.45 0.124571 0.727478 
0.9 0.45 0.0774947 0.747341 
0.95 0.45 0.0274435 0.757873 
1 0.45 -0.0236682 0.758262 
1.05 0.45 -0.0738681 0.748477 
1.1 0.45 -0.121234 0.729276 
1.15 0.45 -0.163992 0.702043 
1.2 0.45 -0.200598 0.66852 
1.25 0.45 -0.229791 0.630522 
1.3 0.45 -0.250615 0.589724 
1.35 0.45 -0.262425 0.547558 
1.4 0.45 -0.264878 0.505215 
1.45 0.45 -0.257929 0.463729 
1.5 0.45 -0.241818 0.424084 
1.55 0.45 -0.217074 0.387326 
1.6 0.45 -0.184515 0.354612 
1.65 0.45 -0.145246 0.327203 
1.7 0.45 -0.100639 0.306361 
1.75 0.45 -0.0522994 0.293196 
1.8 0.45 -0.00200897 0.28848 
1.85 0.45 0.0483573 0.292503 
1.9 0.45 0.0969201 0.305017 
1.95 0.45 0.141888 0.325284 
2 0.45 0.181639 0.352214 
2.05 0.45 0.21478 0.384551 
2.1 0.45 0.240185 0.42103 
2.15 0.45 0.257012 0.460482 
2.2 0.45 0.264709 0.501857 
2.25 0.45 0.263013 0.544166 
2.3 0.45 0.251946 0.586388 
2.35 0.45 0.231827 0.627346 
2.4 0.45 0.203274 0.665631 
2.45 0.45 0.167218 0.699585 
2.5 0.45 0.124898 0.727397 
2.55 0.45 0.0778346 0.74731 
2.6 0.45 0.0277855 0.7579 
2.65 0.45 -0.0233355 0.75835 
2.7 0.45 -0.0735564 0.748624 
2.75 0.45 -0.120954 0.729476 
2.8 0.45 -0.163754 0.702287 
2.85 0.45 -0.200412 0.668797 
2.9 0.45 -0.229663 0.630821 
2.95 0.45 -0.25055 0.590037 
3 0.45 -0.262426 0.547876 
3.05 0.45 -0.264948 0.505532 
3.1 0.45 -0.258067 0.464037 
3.15 0.45 -0.242022 0.424375 
3.2 0.45 -0.217339 0.387591 
3.25 0.45 -0.184834 0.354841 
3.3 0.45 -0.14561 0.327385 
3.35 0.45 -0.101036 0.306486 
3.4 0.45 -0.0527161 0.293256 
3.45 0.45 -0.00243064 0.288468 
3.5 0.45 0.0479459 0.29242 
3.55 0.45 0.0965342 0.304867 
3.6 0.45 0.141542 0.325073 
3.65 0.45 0.181346 0.351953 
3.7 0.45 0.21455 0.384249 
3.75 0.45 0.240028 0.420697 
3.8 0.45 0.256934 0.460128 
3.85 0.45 0.264715 0.50149 
3.9 0.45 0.263105 0.543795 
3.95 0.45 0.252124 0.586022 
4 0.45 0.232087 0.626999 
4.05 0.45 0.203612 0.665319 
4.1 0.45 0.167626 0.699327 
4.15 0.45 0.125364 0.727213 
4.2 0.45 0.0783469 0.74722 
4.25 0.45 0.0283295 0.757919 
4.3 0.45 -0.0227745 0.758485 
4.35 0.45 -0.0729918 0.748875 
4.4 0.45 -0.120397 0.729832 
4.45 0.45 -0.163211 0.702731 
4.5 0.45 -0.199885 0.669306 
4.55 0.45 -0.229148 0.631369 
4.6 0.45 -0.250036 0.590597 
4.65 0.45 -0.261896 0.548425 
4.7 0.45 -0.264378 0.506048 
4.75 0.45 -0.257425 0.464505 
4.8 0.45 -0.241273 0.424788 
4.85 0.45 -0.216445 0.387951 
4.9 0.45 -0.183757 0.355167 
4.95 0.45 -0.144319 0.327711 
5 0.45 -0.099527 0.306865 
0 0.5 -0.147131 0.305583 
0.05 0.5 -0.101689 0.283037 
0.1 0.5 -0.0524041 0.268699 
0.15 0.5 -0.00108832 0.263542 
0.2 0.5 0.0503216 0.267937 
0.25 0.5 0.0998748 0.281572 
0.3 0.5 0.145712 0.303525 
0.35 0.5 0.186154 0.332442 
0.4 0.5 0.219773 0.366778 
0.45 0.5 0.245425 0.405008 
0.5 0.5 0.262272 0.445761 
0.55 0.5 0.269779 0.487853 
0.6 0.5 0.26771 0.53024 
0.65 0.5 0.256128 0.57191 
0.7 0.5 0.235387 0.611769 
0.75 0.5 0.206148 0.648553 
0.8 0.5 0.169375 0.680814 
0.85 0.5 0.126332 0.706993 
0.9 0.5 0.0785568 0.725595 
0.95 0.5 0.0278119 0.735419 
1 0.5 -0.0239905 0.735781 
1.05 0.5 -0.0748836 0.726655 
1.1 0.5 -0.122947 0.708677 
1.15 0.5 -0.166405 0.683019 
1.2 0.5 -0.203698 0.651159 
1.25 0.5 -0.233539 0.614658 
1.3 0.5 -0.254941 0.574976 
1.35 0.5 -0.267218 0.533389 
1.4 0.5 -0.26999 0.491001 
1.45 0.5 -0.263171 0.448825 
1.5 0.5 -0.246971 0.4079 
1.55 0.5 -0.221898 0.369395 
1.6 0.5 -0.188765 0.334668 
1.65 0.5 -0.148689 0.305238 
1.7 0.5 -0.103075 0.282656 
1.75 0.5 -0.0535818 0.268302 
1.8 0.5 -0.00205765 0.263143 
1.85 0.5 0.0495453 0.267545 
1.9 0.5 0.0992711 0.281196 
1.95 0.5 0.14526 0.303169 
2 0.5 0.185835 0.332109 
2.05 0.5 0.219569 0.366471 
2.1 0.5 0.245322 0.404727 
2.15 0.5 0.262257 0.445503 
2.2 0.5 0.269841 0.487618 
2.25 0.5 0.26784 0.530025 
2.3 0.5 0.256315 0.571716 
2.35 0.5 0.235625 0.611597 
2.4 0.5 0.206428 0.648408 
2.45 0.5 0.169687 0.680702 
2.5 0.5 0.126667 0.706923 
2.55 0.5 0.0789048 0.725575 
2.6 0.5 0.0281615 0.735454 
2.65 0.5 -0.0236509 0.735873 
2.7 0.5 -0.0745655 0.726802 
2.75 0.5 -0.122662 0.708875 
2.8 0.5 -0.166162 0.683259 
2.85 0.5 -0.203507 0.651433 
2.9 0.5 -0.233407 0.614957 
2.95 0.5 -0.254873 0.575292 
3 0.5 -0.267218 0.533715 
3.05 0.5 -0.27006 0.491329 
3.1 0.5 -0.263311 0.449149 
3.15 0.5 -0.247178 0.40821 
3.2 0.5 -0.222168 0.369682 
3.25 0.5 -0.189091 0.334919 
3.3 0.5 -0.149061 0.30544 
3.35 0.5 -0.103482 0.282797 
3.4 0.5 -0.0540091 0.268371 
3.45 0.5 -0.00249019 0.263134 
3.5 0.5 0.0491236 0.267459 
3.55 0.5 0.0988759 0.281036 
3.6 0.5 0.144906 0.302946 
3.65 0.5 0.185536 0.331835 
3.7 0.5 0.219335 0.366157 
3.75 0.5 0.245163 0.404386 
3.8 0.5 0.262179 0.445146 
3.85 0.5 0.269847 0.487254 
3.9 0.5 0.267933 0.529663 
3.95 0.5 0.256494 0.571365 
4 0.5 0.235886 0.611269 
4.05 0.5 0.206765 0.648117 
4.1 0.5 0.170093 0.680464 
4.15 0.5 0.12713 0.706754 
4.2 0.5 0.0794123 0.725491 
4.25 0.5 0.0286998 0.735466 
4.3 0.5 -0.0230954 0.735986 
4.35 0.5 -0.0740047 0.727012 
4.4 0.5 -0.122104 0.709171 
4.45 0.5 -0.165612 0.683622 
4.5 0.5 -0.20296 0.65184 
4.55 0.5 -0.232856 0.615381 
4.6 0.5 -0.254298 0.575706 
4.65 0.5 -0.266595 0.534095 
4.7 0.5 -0.269355 0.491656 
4.75 0.5 -0.262483 0.449409 
4.8 0.5 -0.246184 0.408402 
4.85 0.5 -0.220964 0.369819 
4.9 0.5 -0.187641 0.335033 
4.95 0.5 -0.14735 0.305583 
5 0.5 -0.101538 0.283037 
0 0.55 -0.144728 0.285681 
0.05 0.55 -0.0999759 0.261719 
0.1 0.55 -0.0514046 0.246427 
0.15 0.55 -0.000813906 0.240944 
0.2 0.55 0.0498641 0.245703 
0.25 0.55 0.0986799 0.26033 
0.3 0.55 0.143778 0.283728 
0.35 0.55 0.183492 0.314303 
0.4 0.55 0.216412 0.350247 
0.45 0.55 0.241425 0.389802 
0.5 0.55 0.257727 0.43141 
0.55 0.55 0.264823 0.473768 
0.6 0.55 0.262518 0.515778 
0.65 0.55 0.250906 0.556445 
0.7 0.55 0.23037 0.594764 
0.75 0.55 0.201581 0.629635 
0.8 0.55 0.165501 0.65984 
0.85 0.55 0.12337 0.6841 
0.9 0.55 0.0766826 0.701207 
0.95 0.55 0.0271411 0.710198 
1 0.55 -0.023416 0.710528 
1.05 0.55 -0.0730998 0.702177 
1.1 0.55 -0.120064 0.685652 
1.15 0.55 -0.162594 0.661887 
1.2 0.55 -0.199175 0.632081 
1.25 0.55 -0.228546 0.597509 
1.3 0.55 -0.249721 0.559397 
1.35 0.55 -0.262005 0.518853 
1.4 0.55 -0.264991 0.476885 
1.45 0.55 -0.258558 0.434485 
1.5 0.55 -0.242878 0.39274 
1.55 0.55 -0.218417 0.352936 
1.6 0.55 -0.185953 0.316612 
1.65 0.55 -0.146571 0.285525 
1.7 0.55 -0.101658 0.261487 
1.75 0.55 -0.0528614 0.246126 
1.8 0.55 -0.00202952 0.240591 
1.85 0.55 0.0488815 0.245316 
1.9 0.55 0.0979108 0.259929 
1.95 0.55 0.143199 0.283332 
2 0.55 0.183078 0.313925 
2.05 0.55 0.216141 0.349897 
2.1 0.55 0.241276 0.389484 
2.15 0.55 0.257682 0.431125 
2.2 0.55 0.264867 0.473515 
2.25 0.55 0.262636 0.515555 
2.3 0.55 0.251087 0.556251 
2.35 0.55 0.230603 0.594599 
2.4 0.55 0.201857 0.629501 
2.45 0.55 0.165809 0.659743 
2.5 0.55 0.123701 0.684045 
2.55 0.55 0.0770255 0.701199 
2.6 0.55 0.027485 0.710241 
2.65 0.55 -0.0230822 0.710624 
2.7 0.55 -0.0727873 0.702324 
2.75 0.55 -0.119784 0.685846 
2.8 0.55 -0.162355 0.662123 
2.85 0.55 -0.198986 0.63235 
2.9 0.55 -0.228414 0.597805 
2.95 0.55 -0.249653 0.559714 
3 0.55 -0.262004 0.519183 
3.05 0.55 -0.265058 0.477222 
3.1 0.55 -0.258694 0.434821 
3.15 0.55 -0.24308 0.393066 
3.2 0.55 -0.218682 0.353241 
3.25 0.55 -0.186274 0.316883 
3.3 0.55 -0.146938 0.285745 
3.35 0.55 -0.102059 0.261642 
3.4 0.55 -0.0532835 0.246205 
3.45 0.55 -0.00245672 0.240585 
3.5 0.55 0.0484652 0.245227 
3.55 0.55 0.097521 0.259762 
3.6 0.55 0.14285 0.283098 
3.65 0.55 0.182784 0.313639 
3.7 0.55 0.215912 0.349575 
3.75 0.55 0.24112 0.389139 
3.8 0.55 0.257605 0.430768 
3.85 0.55 0.264873 0.473157 
3.9 0.55 0.262726 0.515205 
3.95 0.55 0.25126 0.555917 
4 0.55 0.230855 0.594292 
4.05 0.55 0.202181 0.629233 
4.1 0.55 0.166197 0.659525 
4.15 0.55 0.124142 0.683891 
4.2 0.55 0.0775081 0.701119 
4.25 0.55 0.0279961 0.710242 
4.3 0.55 -0.0225548 0.710708 
4.35 0.55 -0.0722535 0.702485 
4.4 0.55 -0.11925 0.686071 
4.45 0.55 -0.161821 0.662393 
4.5 0.55 -0.198447 0.632641 
4.55 0.55 -0.227855 0.598091 
4.6 0.55 -0.24905 0.559968 
4.65 0.55 -0.261326 0.519381 
4.7 0.55 -0.264266 0.477344 
4.75 0.55 -0.257741 0.434857 
4.8 0.55 -0.241918 0.393019 
4.85 0.55 -0.217266 0.353134 
4.9 0.55 -0.18457 0.316763 
4.95 0.55 -0.144945 0.285681 
5 0.55 -0.099826 0.261719 
0 0.6 -0.136965 0.265706 
0.05 0.6 -0.0945832 0.240872 
0.1 0.6 -0.0485454 0.224982 
0.15 0.6 -0.000574409 0.219303 
0.2 0.6 0.0474738 0.224313 
0.25 0.6 0.0937254 0.239588 
0.3 0.6 0.1364 0.2639 
0.35 0.6 0.173908 0.29547 
0.4 0.6 0.204912 0.332297 
0.45 0.6 0.22837 0.372445 
0.5 0.6 0.243544 0.414222 
0.55 0.6 0.249994 0.456236 
0.6 0.6 0.247568 0.49735 
0.65 0.6 0.236387 0.536591 
0.7 0.6 0.216841 0.573037 
0.75 0.6 0.189588 0.605745 
0.8 0.6 0.155545 0.633719 
0.85 0.6 0.115883 0.655946 
0.9 0.6 0.0720004 0.671491 
0.95 0.6 0.0254774 0.679619 
1 0.6 -0.0219842 0.679916 
1.05 0.6 -0.0686386 0.672368 
1.1 0.6 -0.112778 0.657358 
1.15 0.6 -0.152808 0.6356 
1.2 0.6 -0.187316 0.608017 
1.25 0.6 -0.21511 0.575619 
1.3 0.6 -0.23525 0.539404 
1.35 0.6 -0.247057 0.50032 
1.4 0.6 -0.250118 0.459283 
1.45 0.6 -0.244285 0.417263 
1.5 0.6 -0.229687 0.375378 
1.55 0.6 -0.206738 0.335004 
1.6 0.6 -0.176147 0.297815 
1.65 0.6 -0.138933 0.26574 
1.7 0.6 -0.0964081 0.240792 
1.75 0.6 -0.0501471 0.224785 
1.8 0.6 -0.00192496 0.219005 
1.85 0.6 0.0463734 0.22394 
1.9 0.6 0.0928588 0.239173 
1.95 0.6 0.135744 0.263472 
2 0.6 0.173436 0.295054 
2.05 0.6 0.204598 0.33191 
2.1 0.6 0.22819 0.372097 
2.15 0.6 0.243477 0.413916 
2.2 0.6 0.250021 0.455971 
2.25 0.6 0.247672 0.497124 
2.3 0.6 0.236555 0.5364 
2.35 0.6 0.217061 0.572882 
2.4 0.6 0.189849 0.605626 
2.45 0.6 0.155837 0.633637 
2.5 0.6 0.116197 0.655906 
2.55 0.6 0.072325 0.671495 
2.6 0.6 0.0258027 0.67967 
2.65 0.6 -0.0216688 0.680016 
2.7 0.6 -0.0683434 0.672515 
2.75 0.6 -0.112512 0.657548 
2.8 0.6 -0.152582 0.635829 
2.85 0.6 -0.187137 0.608279 
2.9 0.6 -0.214985 0.575909 
2.95 0.6 -0.235184 0.539717 
3 0.6 -0.247054 0.500649 
3.05 0.6 -0.250179 0.459623 
3.1 0.6 -0.244412 0.417606 
3.15 0.6 -0.229878 0.375714 
3.2 0.6 -0.206988 0.335321 
3.25 0.6 -0.176451 0.298098 
3.3 0.6 -0.139281 0.265972 
3.35 0.6 -0.0967891 0.240957 
3.4 0.6 -0.0505478 0.22487 
3.45 0.6 -0.00233062 0.219002 
3.5 0.6 0.0459782 0.223849 
3.55 0.6 0.0924892 0.239001 
3.6 0.6 0.135414 0.263233 
3.65 0.6 0.173157 0.294763 
3.7 0.6 0.204382 0.331584 
3.75 0.6 0.228043 0.371751 
3.8 0.6 0.243405 0.413564 
3.85 0.6 0.250026 0.455622 
3.9 0.6 0.247756 0.496788 
3.95 0.6 0.236715 0.536086 
4 0.6 0.217294 0.572596 
4.05 0.6 0.190148 0.605379 
4.1 0.6 0.156194 0.633438 
4.15 0.6 0.116601 0.655763 
4.2 0.6 0.0727654 0.671416 
4.25 0.6 0.0262679 0.679657 
4.3 0.6 -0.0211892 0.680068 
4.35 0.6 -0.0678573 0.672623 
4.4 0.6 -0.112024 0.657699 
4.45 0.6 -0.152089 0.636003 
4.5 0.6 -0.18663 0.608453 
4.55 0.6 -0.214448 0.576057 
4.6 0.6 -0.23459 0.539811 
4.65 0.6 -0.246368 0.500666 
4.7 0.6 -0.249359 0.459544 
4.75 0.6 -0.243409 0.417422 
4.8 0.6 -0.228643 0.375436 
4.85 0.6 -0.205478 0.334979 
4.9 0.6 -0.174638 0.29775 
4.95 0.6 -0.13717 0.265706 
5 0.6 -0.0944411 0.240872 
0 0.65 -0.124184 0.243958 
0.05 0.65 -0.085745 0.219062 
0.1 0.65 -0.0439513 0.203105 
0.15 0.65 -0.000384925 0.19742 
0.2 0.65 0.0432461 0.202505 
0.25 0.65 0.0852174 0.21791 
0.3 0.65 0.123895 0.242334 
0.35 0.65 0.157824 0.273909 
0.4 0.65 0.185795 0.310539 
0.45 0.65 0.206873 0.350206 
0.5 0.65 0.220409 0.391157 
0.55 0.65 0.226029 0.431962 
0.6 0.65 0.223624 0.471477 
0.65 0.65 0.21333 0.508757 
0.7 0.65 0.195526 0.542964 
0.75 0.65 0.170821 0.573289 
0.8 0.65 0.140057 0.598928 
0.85 0.65 0.104291 0.619097 
0.9 0.65 0.0647745 0.633093 
0.95 0.65 0.0229152 0.640375 
1 0.65 -0.0197762 0.640641 
1.05 0.65 -0.0617519 0.633879 
1.1 0.65 -0.101496 0.62037 
1.15 0.65 -0.13759 0.600638 
1.2 0.65 -0.168767 0.575376 
1.25 0.65 -0.193953 0.545363 
1.3 0.65 -0.212289 0.511401 
1.35 0.65 -0.223141 0.474297 
1.4 0.65 -0.226114 0.434885 
1.45 0.65 -0.221045 0.394098 
1.5 0.65 -0.208023 0.353064 
1.55 0.65 -0.187395 0.313192 
1.6 0.65 -0.159787 0.276219 
1.65 0.65 -0.126109 0.244158 
1.7 0.65 -0.0875508 0.219117 
1.75 0.65 -0.0455534 0.203005 
1.8 0.65 -0.0017484 0.197178 
1.85 0.65 0.0421269 0.202154 
1.9 0.65 0.084331 0.21749 
1.95 0.65 0.12322 0.241887 
2 0.65 0.157337 0.273468 
2.05 0.65 0.185468 0.310128 
2.1 0.65 0.206682 0.349839 
2.15 0.65 0.22033 0.390838 
2.2 0.65 0.226043 0.431691 
2.25 0.65 0.223713 0.471251 
2.3 0.65 0.213481 0.508574 
2.35 0.65 0.195725 0.54282 
2.4 0.65 0.171059 0.573184 
2.45 0.65 0.140323 0.598862 
2.5 0.65 0.104576 0.619071 
2.55 0.65 0.0650689 0.633109 
2.6 0.65 0.0232098 0.640434 
2.65 0.65 -0.0194909 0.640743 
2.7 0.65 -0.061485 0.634024 
2.75 0.65 -0.101256 0.620555 
2.8 0.65 -0.137385 0.600859 
2.85 0.65 -0.168605 0.575629 
2.9 0.65 -0.193839 0.545644 
2.95 0.65 -0.212227 0.511706 
3 0.65 -0.223137 0.47462 
3.05 0.65 -0.226168 0.43522 
3.1 0.65 -0.221158 0.394439 
3.15 0.65 -0.208194 0.3534 
3.2 0.65 -0.187621 0.31351 
3.25 0.65 -0.160062 0.276505 
3.3 0.65 -0.126424 0.244394 
3.35 0.65 -0.0878968 0.219286 
3.4 0.65 -0.0459177 0.203092 
3.45 0.65 -0.00211721 0.197177 
3.5 0.65 0.0417677 0.202064 
3.55 0.65 0.0839953 0.217319 
3.6 0.65 0.122921 0.241649 
3.65 0.65 0.157085 0.27318 
3.7 0.65 0.185273 0.309807 
3.75 0.65 0.206549 0.349501 
3.8 0.65 0.220265 0.390497 
3.85 0.65 0.226048 0.431357 
3.9 0.65 0.223788 0.470933 
3.95 0.65 0.213623 0.50828 
4 0.65 0.195931 0.542556 
4.05 0.65 0.171322 0.572957 
4.1 0.65 0.140636 0.598679 
4.15 0.65 0.10493 0.618937 
4.2 0.65 0.0654528 0.633027 
4.25 0.65 0.0236143 0.640404 
4.3 0.65 -0.0190746 0.640761 
4.35 0.65 -0.0610631 0.63408 
4.4 0.65 -0.100831 0.620635 
4.45 0.65 -0.136953 0.600943 
4.5 0.65 -0.168155 0.575694 
4.55 0.65 -0.193353 0.545664 
4.6 0.65 -0.211679 0.511655 
4.65 0.65 -0.22249 0.474476 
4.7 0.65 -0.225381 0.434965 
4.75 0.65 -0.220185 0.394068 
4.8 0.65 -0.206988 0.352926 
4.85 0.65 -0.186143 0.312972 
4.9 0.65 -0.15829 0.27597 
4.95 0.65 -0.124368 0.243958 
5 0.65 -0.0856179 0.219062 
0 0.7 -0.107036 0.219268 
0.05 0.7 -0.073906 0.195333 
0.1 0.7 -0.0378493 0.179982 
0.15 0.7 -0.000249224 0.174528 
0.2 0.7 0.0374008 0.179461 
0.25 0.7 0.0735941 0.194331 
0.3 0.7 0.106906 0.217848 
0.35 0.7 0.136077 0.248163 
0.4 0.7 0.160063 0.283209 
0.45 0.7 0.17807 0.320998 
0.5 0.7 0.189555 0.35981 
0.55 0.7 0.194218 0.398244 
0.6 0.7 0.191985 0.435192 
0.65 0.7 0.182998 0.469762 
0.7 0.7 0.167598 0.501193 
0.75 0.7 0.146323 0.528795 
0.8 0.7 0.119902 0.551919 
0.85 0.7 0.0892424 0.569962 
0.9 0.7 0.0554101 0.582403 
0.95 0.7 0.0195985 0.588849 
1 0.7 -0.0169159 0.589084 
1.05 0.7 -0.0528259 0.583099 
1.1 0.7 -0.0868505 0.571095 
1.15 0.7 -0.117787 0.553451 
1.2 0.7 -0.144559 0.53068 
1.25 0.7 -0.166242 0.503379 
1.3 0.7 -0.182093 0.472192 
1.35 0.7 -0.191556 0.437804 
1.4 0.7 -0.194271 0.400969 
1.45 0.7 -0.190078 0.362567 
1.5 0.7 -0.179029 0.323688 
1.55 0.7 -0.161403 0.285715 
1.6 0.7 -0.137722 0.250353 
1.65 0.7 -0.108759 0.219584 
1.7 0.7 -0.0755401 0.19549 
1.75 0.7 -0.0393153 0.17996 
1.8 0.7 -0.00150886 0.174339 
1.85 0.7 0.0363591 0.17914 
1.9 0.7 0.0727646 0.193924 
1.95 0.7 0.106273 0.217403 
2 0.7 0.135617 0.247718 
2.05 0.7 0.159754 0.282792 
2.1 0.7 0.177887 0.320627 
2.15 0.7 0.189476 0.359491 
2.2 0.7 0.194224 0.397977 
2.25 0.7 0.19206 0.434975 
2.3 0.7 0.183128 0.46959 
2.35 0.7 0.16777 0.501063 
2.4 0.7 0.146529 0.528705 
2.45 0.7 0.120132 0.551867 
2.5 0.7 0.0894884 0.569949 
2.55 0.7 0.0556638 0.582428 
2.6 0.7 0.0198519 0.588913 
2.65 0.7 -0.0166706 0.589186 
2.7 0.7 -0.0525965 0.58324 
2.75 0.7 -0.0866442 0.571272 
2.8 0.7 -0.117611 0.553661 
2.85 0.7 -0.144418 0.53092 
2.9 0.7 -0.166143 0.503645 
2.95 0.7 -0.18204 0.472481 
3 0.7 -0.191551 0.438113 
3.05 0.7 -0.194316 0.40129 
3.1 0.7 -0.190174 0.362894 
3.15 0.7 -0.179175 0.324012 
3.2 0.7 -0.161597 0.286022 
3.25 0.7 -0.137958 0.250629 
3.3 0.7 -0.109031 0.219812 
3.35 0.7 -0.0758386 0.195654 
3.4 0.7 -0.0396298 0.180046 
3.45 0.7 -0.00182737 0.174339 
3.5 0.7 0.036049 0.179054 
3.55 0.7 0.072475 0.19376 
3.6 0.7 0.106015 0.217175 
3.65 0.7 0.135401 0.247443 
3.7 0.7 0.159586 0.282487 
3.75 0.7 0.177773 0.320308 
3.8 0.7 0.18942 0.35917 
3.85 0.7 0.194228 0.397665 
3.9 0.7 0.192123 0.434681 
3.95 0.7 0.183247 0.46932 
4 0.7 0.167943 0.500822 
4.05 0.7 0.146749 0.528498 
4.1 0.7 0.120393 0.5517 
4.15 0.7 0.0897821 0.569823 
4.2 0.7 0.0559815 0.582344 
4.25 0.7 0.0201854 0.588868 
4.3 0.7 -0.0163285 0.589174 
4.35 0.7 -0.0522503 0.583251 
4.4 0.7 -0.0862948 0.571291 
4.45 0.7 -0.117254 0.553669 
4.5 0.7 -0.144043 0.530895 
4.55 0.7 -0.165732 0.503563 
4.6 0.7 -0.181567 0.472318 
4.65 0.7 -0.190985 0.437846 
4.7 0.7 -0.193618 0.400907 
4.75 0.7 -0.189302 0.362391 
4.8 0.7 -0.178089 0.323406 
4.85 0.7 -0.160265 0.285356 
4.9 0.7 -0.136365 0.249974 
4.95 0.7 -0.107188 0.219268 
5 0.7 -0.0738011 0.195333 
0 0.75 -0.0865277 0.190942 
0.05 0.75 -0.0597523 0.16911 
0.1 0.75 -0.0305851 0.155105 
0.15 0.75 -0.00016108 0.150142 
0.2 0.75 0.0302966 0.154669 
0.25 0.75 0.0595554 0.168267 
0.3 0.75 0.0864536 0.189742 
0.35 0.75 0.109967 0.21738 
0.4 0.75 0.129255 0.249271 
0.45 0.75 0.143685 0.28358 
0.5 0.75 0.15283 0.318714 
0.55 0.75 0.156466 0.353379 
0.6 0.75 0.154549 0.386554 
0.65 0.75 0.147208 0.417427 
0.7 0.75 0.134731 0.445326 
0.75 0.75 0.11756 0.469669 
0.8 0.75 0.0962859 0.489932 
0.85 0.75 0.0716377 0.505651 
0.9 0.75 0.0444675 0.516439 
0.95 0.75 0.0157254 0.522011 
1 0.75 -0.0135744 0.522214 
1.05 0.75 -0.0423947 0.517041 
1.1 0.75 -0.0697177 0.506634 
1.15 0.75 -0.0945865 0.491268 
1.2 0.75 -0.11614 0.471323 
1.25 0.75 -0.133636 0.447255 
1.3 0.75 -0.146474 0.419583 
1.35 0.75 -0.154195 0.388883 
1.4 0.75 -0.156497 0.355818 
1.45 0.75 -0.153237 0.321189 
1.5 0.75 -0.14444 0.286 
1.55 0.75 -0.130315 0.251529 
1.6 0.75 -0.111268 0.219355 
1.65 0.75 -0.0879181 0.191312 
1.7 0.75 -0.0610909 0.169324 
1.75 0.75 -0.0318038 0.155138 
1.8 0.75 -0.00122057 0.150002 
1.85 0.75 0.029413 0.154389 
1.9 0.75 0.0588482 0.167894 
1.95 0.75 0.0859119 0.189323 
2 0.75 0.109574 0.216958 
2.05 0.75 0.12899 0.248875 
2.1 0.75 0.143527 0.283227 
2.15 0.75 0.152762 0.318412 
2.2 0.75 0.156469 0.35313 
2.25 0.75 0.15461 0.386354 
2.3 0.75 0.147314 0.417273 
2.35 0.75 0.134872 0.445214 
2.4 0.75 0.117728 0.469594 
2.45 0.75 0.0964727 0.489893 
2.5 0.75 0.0718368 0.505648 
2.55 0.75 0.0446724 0.51647 
2.6 0.75 0.0159298 0.522076 
2.65 0.75 -0.0133768 0.522313 
2.7 0.75 -0.0422099 0.517172 
2.75 0.75 -0.0695515 0.506797 
2.8 0.75 -0.0944443 0.49146 
2.85 0.75 -0.116026 0.471541 
2.9 0.75 -0.133556 0.447498 
2.95 0.75 -0.14643 0.419847 
3 0.75 -0.15419 0.389164 
3.05 0.75 -0.156533 0.356112 
3.1 0.75 -0.153314 0.321488 
3.15 0.75 -0.144557 0.286296 
3.2 0.75 -0.13047 0.251811 
3.25 0.75 -0.111459 0.219609 
3.3 0.75 -0.0881375 0.191522 
3.35 0.75 -0.0613321 0.169474 
3.4 0.75 -0.0320581 0.155217 
3.45 0.75 -0.00147833 0.150002 
3.5 0.75 0.0291621 0.154311 
3.55 0.75 0.0586139 0.167745 
3.6 0.75 0.0857034 0.189116 
3.65 0.75 0.109399 0.216708 
3.7 0.75 0.128855 0.248598 
3.75 0.75 0.143436 0.282938 
3.8 0.75 0.152717 0.318124 
3.85 0.75 0.156472 0.35285 
3.9 0.75 0.154659 0.386091 
3.95 0.75 0.147408 0.417032 
4 0.75 0.135008 0.445 
4.05 0.75 0.117901 0.469411 
4.1 0.75 0.0966769 0.489743 
4.15 0.75 0.0720656 0.505531 
4.2 0.75 0.0449188 0.516386 
4.25 0.75 0.0161873 0.522021 
4.3 0.75 -0.0131139 0.522279 
4.35 0.75 -0.0419448 0.51715 
4.4 0.75 -0.0692843 0.506771 
4.45 0.75 -0.0941708 0.491414 
4.5 0.75 -0.115737 0.471455 
4.55 0.75 -0.133235 0.447349 
4.6 0.75 -0.146055 0.419614 
4.65 0.75 -0.153734 0.388829 
4.7 0.75 -0.155964 0.355663 
4.75 0.75 -0.152598 0.320927 
4.8 0.75 -0.143663 0.285641 
4.85 0.75 -0.129375 0.251104 
4.9 0.75 -0.110153 0.21892 
4.95 0.75 -0.0866358 0.190942 
5 0.75 -0.0596775 0.16911 
0 0.8 -0.0640652 0.158746 
0.05 0.8 -0.0442468 0.140123 
0.1 0.8 -0.0226427 0.128183 
0.15 0.8 -0.000107075 0.123961 
0.2 0.8 0.022445 0.127836 
0.25 0.8 0.0440932 0.139447 
0.3 0.8 0.0639715 0.157771 
0.35 0.8 0.0813197 0.181344 
0.4 0.8 0.0955187 0.208529 
0.45 0.8 0.106107 0.237749 
0.5 0.8 0.112779 0.267635 
0.55 0.8 0.11538 0.297068 
0.6 0.8 0.113891 0.325167 
0.65 0.8 0.108414 0.351235 
0.7 0.8 0.0991696 0.374705 
0.75 0.8 0.0864896 0.3951 
0.8 0.8 0.0708102 0.412009 
0.85 0.8 0.0526675 0.425078 
0.9 0.8 0.0326853 0.43402 
0.95 0.8 0.0115573 0.438629 
1 0.8 -0.00997719 0.438797 
1.05 0.8 -0.0311623 0.434518 
1.1 0.8 -0.051256 0.425894 
1.15 0.8 -0.06956 0.413121 
1.2 0.8 -0.0854434 0.396481 
1.25 0.8 -0.098362 0.376321 
1.3 0.8 -0.10787 0.353047 
1.35 0.8 -0.113625 0.32713 
1.4 0.8 -0.115398 0.299128 
1.45 0.8 -0.113072 0.269728 
1.5 0.8 -0.106656 0.239797 
1.55 0.8 -0.0962907 0.21044 
1.6 0.8 -0.0822685 0.183017 
1.65 0.8 -0.0650389 0.159103 
1.7 0.8 -0.0452118 0.140347 
1.75 0.8 -0.0235433 0.128246 
1.8 0.8 -0.000903602 0.123864 
1.85 0.8 0.0217739 0.127607 
1.9 0.8 0.0435532 0.139128 
1.95 0.8 0.0635573 0.157407 
2 0.8 0.0810192 0.180973 
2.05 0.8 0.0953168 0.208179 
2.1 0.8 0.105987 0.237439 
2.15 0.8 0.112728 0.26737 
2.2 0.8 0.115383 0.296851 
2.25 0.8 0.113937 0.324995 
2.3 0.8 0.108493 0.351104 
2.35 0.8 0.0992753 0.374611 
2.4 0.8 0.0866146 0.395042 
2.45 0.8 0.070949 0.411982 
2.5 0.8 0.052815 0.425081 
2.55 0.8 0.0328368 0.434052 
2.6 0.8 0.0117081 0.43869 
2.65 0.8 -0.00983149 0.438886 
2.7 0.8 -0.0310261 0.434634 
2.75 0.8 -0.0511335 0.426035 
2.8 0.8 -0.069455 0.413287 
2.85 0.8 -0.0853595 0.39667 
2.9 0.8 -0.0983022 0.37653 
2.95 0.8 -0.107836 0.353274 
3 0.8 -0.113621 0.327372 
3.05 0.8 -0.115423 0.299381 
3.1 0.8 -0.113128 0.269985 
3.15 0.8 -0.106741 0.240051 
3.2 0.8 -0.0964051 0.210682 
3.25 0.8 -0.0824088 0.183234 
3.3 0.8 -0.0652009 0.159283 
3.35 0.8 -0.0453902 0.140477 
3.4 0.8 -0.0237316 0.128314 
3.45 0.8 -0.00109444 0.123865 
3.5 0.8 0.0215881 0.127541 
3.55 0.8 0.0433799 0.139002 
3.6 0.8 0.0634031 0.157231 
3.65 0.8 0.08089 0.180761 
3.7 0.8 0.0952169 0.207944 
3.75 0.8 0.10592 0.237193 
3.8 0.8 0.112694 0.267125 
3.85 0.8 0.115385 0.296614 
3.9 0.8 0.113972 0.324772 
3.95 0.8 0.108562 0.3509 
4 0.8 0.0993735 0.374431 
4.05 0.8 0.0867391 0.394886 
4.1 0.8 0.0710954 0.411853 
4.15 0.8 0.0529783 0.424978 
4.2 0.8 0.0330118 0.433973 
4.25 0.8 0.0118899 0.438632 
4.3 0.8 -0.00964695 0.43884 
4.35 0.8 -0.0308411 0.434592 
4.4 0.8 -0.0509479 0.425985 
4.45 0.8 -0.0692653 0.413213 
4.5 0.8 -0.085158 0.396554 
4.55 0.8 -0.0980767 0.376355 
4.6 0.8 -0.10757 0.353021 
4.65 0.8 -0.113292 0.327027 
4.7 0.8 -0.115008 0.298936 
4.75 0.8 -0.112601 0.269443 
4.8 0.8 -0.106082 0.239432 
4.85 0.8 -0.0955986 0.210025 
4.9 0.8 -0.0814558 0.182599 
4.95 0.8 -0.0641186 0.158746 
5 0.8 -0.0442096 0.140123 
0 0.85 -0.0415133 0.122866 
0.05 0.85 -0.0286668 0.108366 
0.1 0.85 -0.0146658 0.0990835 
0.15 0.85 -7.1049e-05 0.0958072 
0.2 0.85 0.0145243 0.0988265 
0.25 0.85 0.0285225 0.107861 
0.3 0.85 0.0413608 0.122122 
0.35 0.85 0.0525468 0.140475 
0.4 0.85 0.0616824 0.161651 
0.45 0.85 0.0684737 0.184419 
0.5 0.85 0.072731 0.207704 
0.55 0.85 0.074361 0.230624 
0.6 0.85 0.0733575 0.252482 
0.65 0.85 0.0697931 0.272727 
0.7 0.85 0.0638133 0.290917 
0.75 0.85 0.055633 0.306689 
0.8 0.85 0.0455338 0.319732 
0.85 0.85 0.0338597 0.329791 
0.9 0.85 0.0210101 0.336662 
0.95 0.85 0.00742837 0.340199 
1 0.85 -0.00641308 0.340328 
1.05 0.85 -0.0200314 0.337044 
1.1 0.85 -0.0329525 0.330418 
1.15 0.85 -0.0447299 0.320588 
1.2 0.85 -0.0549598 0.307754 
1.25 0.85 -0.063293 0.292166 
1.3 0.85 -0.069442 0.27413 
1.35 0.85 -0.0731854 0.254004 
1.4 0.85 -0.0743706 0.232223 
1.45 0.85 -0.0729178 0.209328 
1.5 0.85 -0.0688251 0.186008 
1.55 0.85 -0.0621773 0.163133 
1.6 0.85 -0.0531555 0.141773 
1.65 0.85 -0.0420456 0.123155 
1.7 0.85 -0.0292402 0.108563 
1.75 0.85 -0.0152305 0.0991531 
1.8 0.85 -0.000584628 0.0957465 
1.85 0.85 0.014086 0.0986565 
1.9 0.85 0.0281683 0.107615 
1.95 0.85 0.0410892 0.121836 
2 0.85 0.0523506 0.140182 
2.05 0.85 0.0615515 0.161373 
2.1 0.85 0.0683975 0.184171 
2.15 0.85 0.0726993 0.207493 
2.2 0.85 0.0743648 0.230452 
2.25 0.85 0.0733891 0.252346 
2.3 0.85 0.0698462 0.272625 
2.35 0.85 0.0638828 0.290846 
2.4 0.85 0.0557147 0.306645 
2.45 0.85 0.045624 0.319714 
2.5 0.85 0.0339553 0.329797 
2.55 0.85 0.0211079 0.336691 
2.6 0.85 0.00752562 0.34025 
2.65 0.85 -0.00631923 0.3404 
2.7 0.85 -0.0199437 0.337137 
2.75 0.85 -0.0328736 0.330531 
2.8 0.85 -0.0446622 0.32072 
2.85 0.85 -0.0549056 0.307902 
2.9 0.85 -0.0632542 0.292331 
2.95 0.85 -0.0694203 0.274308 
3 0.85 -0.073182 0.254193 
3.05 0.85 -0.0743865 0.232421 
3.1 0.85 -0.0729533 0.20953 
3.15 0.85 -0.06888 0.186208 
3.2 0.85 -0.0622507 0.163323 
3.25 0.85 -0.0532457 0.141943 
3.3 0.85 -0.04215 0.123296 
3.35 0.85 -0.0293554 0.108664 
3.4 0.85 -0.0153522 0.0992064 
3.45 0.85 -0.000708072 0.0957476 
3.5 0.85 0.0139658 0.0986055 
3.55 0.85 0.0280562 0.107517 
3.6 0.85 0.0409897 0.1217 
3.65 0.85 0.0522672 0.140017 
3.7 0.85 0.0614871 0.16119 
3.75 0.85 0.068354 0.183981 
3.8 0.85 0.0726778 0.207302 
3.85 0.85 0.0743656 0.230267 
3.9 0.85 0.0734117 0.252173 
3.95 0.85 0.0698895 0.272466 
4 0.85 0.0639448 0.290705 
4.05 0.85 0.0557931 0.306523 
4.1 0.85 0.0457159 0.319612 
4.15 0.85 0.0340573 0.329714 
4.2 0.85 0.0212167 0.336624 
4.25 0.85 0.00763784 0.340197 
4.3 0.85 -0.00620619 0.340355 
4.35 0.85 -0.0198313 0.337092 
4.4 0.85 -0.0327618 0.330475 
4.45 0.85 -0.0445485 0.320642 
4.5 0.85 -0.0547849 0.307789 
4.55 0.85 -0.0631183 0.292168 
4.6 0.85 -0.0692578 0.274082 
4.65 0.85 -0.0729787 0.253894 
4.7 0.85 -0.0741263 0.232042 
4.75 0.85 -0.0726204 0.209077 
4.8 0.85 -0.0684617 0.185698 
4.85 0.85 -0.0617422 0.16279 
4.9 0.85 -0.0526554 0.141434 
4.95 0.85 -0.041501 0.122866 
5 0.85 -0.028675 0.108366 
0 0.9 -0.0212552 0.0838554 
0.05 0.9 -0.0146481 0.0740675 
0.1 0.9 -0.00748494 0.0678169 
0.15 0.9 -4.02265e-05 0.0656155 
0.2 0.9 0.00739425 0.0676505 
0.25 0.9 0.014517 0.073736 
0.3 0.9 0.0210411 0.0833494 
0.35 0.9 0.0267157 0.0957376 
0.4 0.9 0.0313397 0.110051 
0.45 0.9 0.0347666 0.12546 
0.5 0.9 0.0369037 0.141233 
0.55 0.9 0.0377078 0.156767 
0.6 0.9 0.037179 0.17158 
0.65 0.9 0.0353565 0.185293 
0.7 0.9 0.0323154 0.197604 
0.75 0.9 0.0281649 0.208264 
0.8 0.9 0.0230473 0.21707 
0.85 0.9 0.0171359 0.223853 
0.9 0.9 0.0106319 0.228481 
0.95 0.9 0.00375887 0.230862 
1 0.9 -0.00324515 0.230949 
1.05 0.9 -0.0101367 0.228738 
1.1 0.9 -0.0166768 0.224275 
1.15 0.9 -0.0226404 0.217647 
1.2 0.9 -0.0278242 0.208983 
1.25 0.9 -0.032052 0.198447 
1.3 0.9 -0.0351787 0.186242 
1.35 0.9 -0.0370918 0.17261 
1.4 0.9 -0.0377127 0.157848 
1.45 0.9 -0.0369985 0.142332 
1.5 0.9 -0.034945 0.126533 
1.55 0.9 -0.0315911 0.111051 
1.6 0.9 -0.0270249 0.0966125 
1.65 0.9 -0.0213889 0.0840465 
1.7 0.9 -0.0148816 0.0742111 
1.75 0.9 -0.00775377 0.0678754 
1.8 0.9 -0.000297696 0.0655833 
1.85 0.9 0.00717116 0.0675413 
1.9 0.9 0.0143364 0.0735728 
1.95 0.9 0.0209032 0.0831572 
2 0.9 0.0266169 0.0955385 
2.05 0.9 0.0312747 0.109861 
2.1 0.9 0.0347296 0.12529 
2.15 0.9 0.0368894 0.141089 
2.2 0.9 0.0377114 0.156649 
2.25 0.9 0.0371964 0.171487 
2.3 0.9 0.0353846 0.185224 
2.35 0.9 0.0323515 0.197556 
2.4 0.9 0.0282069 0.208236 
2.45 0.9 0.0230934 0.217059 
2.5 0.9 0.0171845 0.223858 
2.55 0.9 0.0106816 0.228502 
2.6 0.9 0.00380816 0.230898 
2.65 0.9 -0.00319764 0.230999 
2.7 0.9 -0.0100923 0.228803 
2.75 0.9 -0.0166369 0.224353 
2.8 0.9 -0.0226061 0.217738 
2.85 0.9 -0.0277966 0.209085 
2.9 0.9 -0.0320322 0.19856 
2.95 0.9 -0.0351675 0.186364 
3 0.9 -0.0370898 0.172739 
3.05 0.9 -0.0377204 0.157984 
3.1 0.9 -0.0370162 0.142469 
3.15 0.9 -0.0349725 0.126669 
3.2 0.9 -0.031628 0.11118 
3.25 0.9 -0.0270705 0.0967278 
3.3 0.9 -0.0214419 0.0841416 
3.35 0.9 -0.0149401 0.0742794 
3.4 0.9 -0.00781567 0.0679115 
3.45 0.9 -0.000360516 0.0655842 
3.5 0.9 0.00711 0.0675071 
3.55 0.9 0.0142794 0.0735068 
3.6 0.9 0.0208526 0.083065 
3.65 0.9 0.0265746 0.095427 
3.7 0.9 0.0312421 0.109738 
3.75 0.9 0.0347076 0.125161 
3.8 0.9 0.0368786 0.140959 
3.85 0.9 0.0377117 0.156524 
3.9 0.9 0.0372077 0.17137 
3.95 0.9 0.0354062 0.185116 
4 0.9 0.0323824 0.19746 
4.05 0.9 0.0282459 0.208152 
4.1 0.9 0.0231389 0.216989 
4.15 0.9 0.0172349 0.2238 
4.2 0.9 0.0107349 0.228455 
4.25 0.9 0.00386275 0.230859 
4.3 0.9 -0.00314319 0.230964 
4.35 0.9 -0.0100388 0.228766 
4.4 0.9 -0.0165843 0.224308 
4.45 0.9 -0.0225533 0.217676 
4.5 0.9 -0.0277409 0.208998 
4.55 0.9 -0.0319692 0.198438 
4.6 0.9 -0.0350913 0.186198 
4.65 0.9 -0.0369929 0.172523 
4.7 0.9 -0.0375945 0.157715 
4.75 0.9 -0.0368531 0.142152 
4.8 0.9 -0.0347665 0.126317 
4.85 0.9 -0.0313798 0.110817 
4.9 0.9 -0.0267929 0.096387 
4.95 0.9 -0.0211665 0.0838554 
5 0.9 -0.0147092 0.0740675 
0 0.95 -0.00627396 0.0425523 
0.05 0.95 -0.00424171 0.037685 
0.1 0.95 -0.00215286 0.034592 
0.15 0.95 -1.23553e-05 0.0335049 
0.2 0.95 0.00211801 0.0345127 
0.25 0.95 0.00415626 0.0375261 
0.3 0.95 0.00602036 0.0422928 
0.35 0.95 0.00763836 0.0484467 
0.4 0.95 0.00895316 0.0555716 
0.45 0.95 0.00992404 0.0632574 
0.5 0.95 0.010526 0.0711383 
0.55 0.95 0.0107481 0.0789093 
0.6 0.95 0.0105915 0.0863256 
0.65 0.95 0.0100681 0.0931938 
0.7 0.95 0.00919935 0.0993594 
0.75 0.95 0.00801626 0.104697 
0.8 0.95 0.00655895 0.109105 
0.85 0.95 0.00487638 0.112498 
0.9 0.95 0.00302548 0.114812 
0.95 0.95 0.00106966 0.116003 
1 0.95 -0.000923426 0.116046 
1.05 0.95 -0.00288453 0.114941 
1.1 0.95 -0.00474575 0.112709 
1.15 0.95 -0.00644323 0.109393 
1.2 0.95 -0.00791939 0.105057 
1.25 0.95 -0.00912452 0.0997815 
1.3 0.95 -0.0100176 0.0936684 
1.35 0.95 -0.0105669 0.0868405 
1.4 0.95 -0.0107498 0.0794498 
1.45 0.95 -0.0105534 0.0716867 
1.5 0.95 -0.0099754 0.0637928 
1.55 0.95 -0.00902551 0.0560699 
1.6 0.95 -0.00772737 0.0488819 
1.65 0.95 -0.00612044 0.0426394 
1.7 0.95 -0.00426095 0.0377628 
1.75 0.95 -0.00222098 0.0346262 
1.8 0.95 -8.53014e-05 0.0334924 
1.85 0.95 0.0020541 0.0344609 
1.9 0.95 0.00410497 0.0374467 
1.95 0.95 0.00598174 0.0421982 
2 0.95 0.00761115 0.0483479 
2.05 0.95 0.00893567 0.0554769 
2.1 0.95 0.00991452 0.0631722 
2.15 0.95 0.0105228 0.0710654 
2.2 0.95 0.0107499 0.0788495 
2.25 0.95 0.0105971 0.0862787 
2.3 0.95 0.0100765 0.0931588 
2.35 0.95 0.00920995 0.0993352 
2.4 0.95 0.00802842 0.104683 
2.45 0.95 0.00657219 0.109099 
2.5 0.95 0.00489028 0.112501 
2.55 0.95 0.00303963 0.114823 
2.6 0.95 0.00108367 0.116021 
2.65 0.95 -0.000909924 0.116072 
2.7 0.95 -0.00287192 0.114973 
2.75 0.95 -0.00473439 0.112748 
2.8 0.95 -0.00643346 0.109439 
2.85 0.95 -0.00791152 0.105108 
2.9 0.95 -0.00911883 0.0998383 
2.95 0.95 -0.0100144 0.0937298 
3 0.95 -0.0105663 0.0869057 
3.05 0.95 -0.0107519 0.0795176 
3.1 0.95 -0.0105583 0.0717556 
3.15 0.95 -0.00998314 0.0638606 
3.2 0.95 -0.00903596 0.056134 
3.25 0.95 -0.00774032 0.0489393 
3.3 0.95 -0.00613552 0.0426866 
3.35 0.95 -0.00427765 0.0377967 
3.4 0.95 -0.00223868 0.0346441 
3.45 0.95 -0.000103282 0.0334929 
3.5 0.95 0.00203659 0.0344441 
3.55 0.95 0.00408867 0.037414 
3.6 0.95 0.00596729 0.0421524 
3.65 0.95 0.00759909 0.0482925 
3.7 0.95 0.0089264 0.0554153 
3.75 0.95 0.00990829 0.0631077 
3.8 0.95 0.0105198 0.0710008 
3.85 0.95 0.01075 0.0787869 
3.9 0.95 0.0106003 0.0862198 
3.95 0.95 0.0100826 0.0931048 
4 0.95 0.00921866 0.099287 
4.05 0.95 0.00803937 0.104641 
4.1 0.95 0.00658493 0.109064 
4.15 0.95 0.00490429 0.112471 
4.2 0.95 0.00305438 0.114799 
4.25 0.95 0.00109863 0.116 
4.3 0.95 -0.000895197 0.116053 
4.35 0.95 -0.0028577 0.114953 
4.4 0.95 -0.0047207 0.112724 
4.45 0.95 -0.00641998 0.109406 
4.5 0.95 -0.00789751 0.105062 
4.55 0.95 -0.00910305 0.0997744 
4.6 0.95 -0.00999507 0.0936439 
4.65 0.95 -0.0105412 0.0867948 
4.7 0.95 -0.0107185 0.0793807 
4.75 0.95 -0.0105141 0.0715955 
4.8 0.95 -0.00992644 0.0636848 
4.85 0.95 -0.00896804 0.0559555 
4.9 0.95 -0.00767084 0.0487752 
4.95 0.95 -0.00609776 0.0425523 
5 0.95 -0.00436387 0.037685 
0 1 0 0 
0.05 1 0 0 
0.1 1 0 0 
0.15 1 0 0 
0.2 1 0 0 
0.25 1 0 0 
0.3 1 0 0 
0.35 1 0 0 
0.4 1 0 0 
0.45 1 0 0 
0.5 1 0 0 
0.55 1 0 0 
0.6 1 0 0 
0.65 1 0 0 
0.7 1 0 0 
0.75 1 0 0 
0.8 1 0 0 
0.85 1 0 0 
0.9 1 0 0 
0.95 1 0 0 
1 1 0 0 
1.05 1 0 0 
1.1 1 0 0 
1.15 1 0 0 
1.2 1 0 0 
1.25 1 0 0 
1.3 1 0 0 
1.35 1 0 0 
1.4 1 0 0 
1.45 1 0 0 
1.5 1 0 0 
1.55 1 0 0 
1.6 1 0 0 
1.65 1 0 0 
1.7 1 0 0 
1.75 1 0 0 
1.8 1 0 0 
1.85 1 0 0 
1.9 1 0 0 
1.95 1 0 0 
2 1 0 0 
2.05 1 0 0 
2.1 1 0 0 
2.15 1 0 0 
2.2 1 0 0 
2.25 1 0 0 
2.3 1 0 0 
2.35 1 0 0 
2.4 1 0 0 
2.45 1 0 0 
2.5 1 0 0 
2.55 1 0 0 
2.6 1 0 0 
2.65 1 0 0 
2.7 1 0 0 
2.75 1 0 0 
2.8 1 0 0 
2.85 1 0 0 
2.9 1 0 0 
2.95 1 0 0 
3 1 0 0 
3.05 1 0 0 
3.1 1 0 0 
3.15 1 0 0 
3.2 1 0 0 
3.25 1 0 0 
3.3 1 0 0 
3.35 1 0 0 
3.4 1 0 0 
3.45 1 0 0 
3.5 1 0 0 
3.55 1 0 0 
3.6 1 0 0 
3.65 1 0 0 
3.7 1 0 0 
3.75 1 0 0 
3.8 1 0 0 
3.85 1 0 0 
3.9 1 0 0 
3.95 1 0 0 
4 1 0 0 
4.05 1 0 0 
4.1 1 0 0 
4.15 1 0 0 
4.2 1 0 0 
4.25 1 0 0 
4.3 1 0 0 
4.35 1 0 0 
4.4 1 0 0 
4.45 1 0 0 
4.5 1 0 0 
4.55 1 0 0 
4.6 1 0 0 
4.65 1 0 0 
4.7 1 0 0 
4.75 1 0 0 
4.8 1 0 0 
4.85 1 0 0 
4.9 1 0 0 
4.95 1 0 0 
5 1 0 0 
