x, y, ksi, T
#iter= 490000
0 0 0 1 
0.05 0 0 1 
0.1 0 0 1 
0.15 0 0 1 
0.2 0 0 1 
0.25 0 0 1 
0.3 0 0 1 
0.35 0 0 1 
0.4 0 0 1 
0.45 0 0 1 
0.5 0 0 1 
0.55 0 0 1 
0.6 0 0 1 
0.65 0 0 1 
0.7 0 0 1 
0.75 0 0 1 
0.8 0 0 1 
0.85 0 0 1 
0.9 0 0 1 
0.95 0 0 1 
1 0 0 1 
1.05 0 0 1 
1.1 0 0 1 
1.15 0 0 1 
1.2 0 0 1 
1.25 0 0 1 
1.3 0 0 1 
1.35 0 0 1 
1.4 0 0 1 
1.45 0 0 1 
1.5 0 0 1 
1.55 0 0 1 
1.6 0 0 1 
1.65 0 0 1 
1.7 0 0 1 
1.75 0 0 1 
1.8 0 0 1 
1.85 0 0 1 
1.9 0 0 1 
1.95 0 0 1 
2 0 0 1 
2.05 0 0 1 
2.1 0 0 1 
2.15 0 0 1 
2.2 0 0 1 
2.25 0 0 1 
2.3 0 0 1 
2.35 0 0 1 
2.4 0 0 1 
2.45 0 0 1 
2.5 0 0 1 
2.55 0 0 1 
2.6 0 0 1 
2.65 0 0 1 
2.7 0 0 1 
2.75 0 0 1 
2.8 0 0 1 
2.85 0 0 1 
2.9 0 0 1 
2.95 0 0 1 
3 0 0 1 
3.05 0 0 1 
3.1 0 0 1 
3.15 0 0 1 
3.2 0 0 1 
3.25 0 0 1 
3.3 0 0 1 
3.35 0 0 1 
3.4 0 0 1 
3.45 0 0 1 
3.5 0 0 1 
3.55 0 0 1 
3.6 0 0 1 
3.65 0 0 1 
3.7 0 0 1 
3.75 0 0 1 
3.8 0 0 1 
3.85 0 0 1 
3.9 0 0 1 
3.95 0 0 1 
4 0 0 1 
4.05 0 0 1 
4.1 0 0 1 
4.15 0 0 1 
4.2 0 0 1 
4.25 0 0 1 
4.3 0 0 1 
4.35 0 0 1 
4.4 0 0 1 
4.45 0 0 1 
4.5 0 0 1 
4.55 0 0 1 
4.6 0 0 1 
4.65 0 0 1 
4.7 0 0 1 
4.75 0 0 1 
4.8 0 0 1 
4.85 0 0 1 
4.9 0 0 1 
4.95 0 0 1 
5 0 0 1 
0 0.05 -0.00621449 0.889191 
0.05 0.05 -0.00427856 0.886149 
0.1 0.05 -0.00225649 0.884314 
0.15 0.05 -0.000203777 0.883668 
0.2 0.05 0.00182702 0.8842 
0.25 0.05 0.00377636 0.885885 
0.3 0.05 0.00558324 0.888685 
0.35 0.05 0.00718991 0.892541 
0.4 0.05 0.00854472 0.897378 
0.45 0.05 0.00960372 0.903105 
0.5 0.05 0.0103315 0.909608 
0.55 0.05 0.0107016 0.916753 
0.6 0.05 0.0106967 0.924368 
0.65 0.05 0.0103093 0.932239 
0.7 0.05 0.00954326 0.940096 
0.75 0.05 0.00841508 0.947606 
0.8 0.05 0.00695625 0.954377 
0.85 0.05 0.00521467 0.959989 
0.9 0.05 0.0032548 0.964037 
0.95 0.05 0.00115568 0.966194 
1 0.05 -0.000993474 0.966276 
1.05 0.05 -0.00309964 0.964274 
1.1 0.05 -0.00507309 0.960363 
1.15 0.05 -0.00683384 0.95486 
1.2 0.05 -0.00831625 0.948166 
1.25 0.05 -0.0094712 0.940703 
1.3 0.05 -0.0102661 0.932867 
1.35 0.05 -0.0106834 0.924994 
1.4 0.05 -0.0107187 0.917361 
1.45 0.05 -0.0103789 0.910186 
1.5 0.05 -0.00968104 0.903643 
1.55 0.05 -0.00865163 0.897869 
1.6 0.05 -0.00732638 0.892978 
1.65 0.05 -0.00574999 0.889062 
1.7 0.05 -0.00397565 0.886197 
1.75 0.05 -0.0020638 0.884436 
1.8 0.05 -8.03232e-05 0.883814 
1.85 0.05 0.00190597 0.884343 
1.9 0.05 0.00382612 0.886012 
1.95 0.05 0.00561393 0.88879 
2 0.05 0.00720843 0.892622 
2.05 0.05 0.00855582 0.897437 
2.1 0.05 0.00961068 0.903143 
2.15 0.05 0.0103366 0.909629 
2.2 0.05 0.0107062 0.916758 
2.25 0.05 0.0107018 0.924361 
2.3 0.05 0.0103156 0.932223 
2.35 0.05 0.00955104 0.940075 
2.4 0.05 0.00842443 0.947583 
2.45 0.05 0.0069671 0.954356 
2.5 0.05 0.00522678 0.959973 
2.55 0.05 0.00326779 0.964029 
2.6 0.05 0.00116908 0.966197 
2.65 0.05 -0.000980225 0.96629 
2.7 0.05 -0.0030871 0.9643 
2.75 0.05 -0.00506179 0.960399 
2.8 0.05 -0.00682426 0.954904 
2.85 0.05 -0.00830876 0.948215 
2.9 0.05 -0.00946609 0.940756 
2.95 0.05 -0.0102635 0.93292 
3 0.05 -0.0106835 0.925047 
3.05 0.05 -0.0107215 0.917411 
3.1 0.05 -0.0103844 0.910233 
3.15 0.05 -0.00968907 0.903684 
3.2 0.05 -0.008662 0.897904 
3.25 0.05 -0.00733881 0.893006 
3.3 0.05 -0.00576414 0.889083 
3.35 0.05 -0.00399109 0.886209 
3.4 0.05 -0.00208003 0.884439 
3.45 0.05 -9.68029e-05 0.883808 
3.5 0.05 0.00188979 0.884327 
3.55 0.05 0.00381081 0.885987 
3.6 0.05 0.00560003 0.888756 
3.65 0.05 0.00719645 0.89258 
3.7 0.05 0.00854621 0.897386 
3.75 0.05 0.00960383 0.903085 
3.8 0.05 0.0103328 0.909564 
3.85 0.05 0.0107058 0.916688 
3.9 0.05 0.010705 0.924287 
3.95 0.05 0.0103226 0.932148 
4 0.05 0.00956174 0.940002 
4.05 0.05 0.00843881 0.947515 
4.1 0.05 0.00698493 0.954299 
4.15 0.05 0.00524764 0.959932 
4.2 0.05 0.00329111 0.964009 
4.25 0.05 0.00119407 0.966203 
4.3 0.05 -0.000954451 0.966326 
4.35 0.05 -0.00306155 0.964367 
4.4 0.05 -0.00503754 0.960498 
4.45 0.05 -0.00680243 0.955032 
4.5 0.05 -0.00829061 0.948372 
4.55 0.05 -0.00945313 0.940937 
4.6 0.05 -0.0102578 0.933124 
4.65 0.05 -0.0106877 0.92527 
4.7 0.05 -0.0107398 0.91765 
4.75 0.05 -0.0104229 0.910481 
4.8 0.05 -0.00975698 0.903933 
4.85 0.05 -0.00877351 0.898138 
4.9 0.05 -0.00751627 0.8932 
4.95 0.05 -0.00604162 0.889191 
5 0.05 -0.0043991 0.886149 
0 0.1 -0.0209815 0.7795 
0.05 0.1 -0.0146703 0.773512 
0.1 0.1 -0.00778229 0.769831 
0.15 0.1 -0.000656172 0.768522 
0.2 0.1 0.00644449 0.769574 
0.25 0.1 0.013279 0.772937 
0.3 0.1 0.0196207 0.778529 
0.35 0.1 0.0252613 0.786232 
0.4 0.1 0.0300159 0.795892 
0.45 0.1 0.0337278 0.807324 
0.5 0.1 0.036271 0.820307 
0.55 0.1 0.0375522 0.834571 
0.6 0.1 0.037512 0.849784 
0.65 0.1 0.0361274 0.865525 
0.7 0.1 0.0334159 0.881262 
0.75 0.1 0.029441 0.89633 
0.8 0.1 0.0243177 0.909946 
0.85 0.1 0.0182169 0.921254 
0.9 0.1 0.0113644 0.929424 
0.95 0.1 0.00403383 0.933784 
1 0.1 -0.00346832 0.933949 
1.05 0.1 -0.0108231 0.929903 
1.1 0.1 -0.0177224 0.922008 
1.15 0.1 -0.0238894 0.910917 
1.2 0.1 -0.0290945 0.897454 
1.25 0.1 -0.0331628 0.882477 
1.3 0.1 -0.0359754 0.866778 
1.35 0.1 -0.0374654 0.851032 
1.4 0.1 -0.0376128 0.835781 
1.45 0.1 -0.0364387 0.821455 
1.5 0.1 -0.0340013 0.80839 
1.55 0.1 -0.0303935 0.796861 
1.6 0.1 -0.0257419 0.787091 
1.65 0.1 -0.0202049 0.779266 
1.7 0.1 -0.0139706 0.773537 
1.75 0.1 -0.00725234 0.770016 
1.8 0.1 -0.000282139 0.768771 
1.85 0.1 0.00669793 0.769829 
1.9 0.1 0.0134454 0.773168 
1.95 0.1 0.0197271 0.778721 
2 0.1 0.025328 0.78638 
2.05 0.1 0.0300577 0.795998 
2.1 0.1 0.0337553 0.807392 
2.15 0.1 0.0362916 0.820341 
2.2 0.1 0.037571 0.834577 
2.25 0.1 0.0375324 0.849767 
2.3 0.1 0.0361515 0.865491 
2.35 0.1 0.0334448 0.881217 
2.4 0.1 0.0294751 0.896282 
2.45 0.1 0.0243567 0.909901 
2.5 0.1 0.01826 0.92122 
2.55 0.1 0.0114104 0.929407 
2.6 0.1 0.00408103 0.933788 
2.65 0.1 -0.00342177 0.933976 
2.7 0.1 -0.0107792 0.929954 
2.75 0.1 -0.0176828 0.922079 
2.8 0.1 -0.0238558 0.911005 
2.85 0.1 -0.0290683 0.897553 
2.9 0.1 -0.033145 0.882583 
2.95 0.1 -0.0359665 0.866886 
3 0.1 -0.037466 0.851138 
3.05 0.1 -0.0376229 0.835882 
3.1 0.1 -0.0364582 0.821547 
3.15 0.1 -0.0340297 0.808473 
3.2 0.1 -0.0304302 0.796931 
3.25 0.1 -0.0257858 0.787147 
3.3 0.1 -0.0202548 0.779308 
3.35 0.1 -0.014025 0.773562 
3.4 0.1 -0.00730947 0.770023 
3.45 0.1 -0.000340114 0.76876 
3.5 0.1 0.00664108 0.769799 
3.55 0.1 0.0133917 0.773119 
3.6 0.1 0.0196784 0.778654 
3.65 0.1 0.0252861 0.786296 
3.7 0.1 0.0300242 0.795898 
3.75 0.1 0.0337316 0.807276 
3.8 0.1 0.0362789 0.820212 
3.85 0.1 0.0375702 0.834437 
3.9 0.1 0.0375442 0.849619 
3.95 0.1 0.0361764 0.86534 
4 0.1 0.0334828 0.88107 
4.05 0.1 0.0295258 0.896146 
4.1 0.1 0.0244194 0.909786 
4.15 0.1 0.0183331 0.921136 
4.2 0.1 0.0114918 0.929366 
4.25 0.1 0.00416801 0.9338 
4.3 0.1 -0.00333226 0.934047 
4.35 0.1 -0.0106906 0.930088 
4.4 0.1 -0.0175988 0.922275 
4.45 0.1 -0.0237804 0.911259 
4.5 0.1 -0.0290057 0.897862 
4.55 0.1 -0.0331004 0.88294 
4.6 0.1 -0.0359466 0.867287 
4.65 0.1 -0.0374797 0.851576 
4.7 0.1 -0.037683 0.836349 
4.75 0.1 -0.0365823 0.822033 
4.8 0.1 -0.0342418 0.808957 
4.85 0.1 -0.0307608 0.797381 
4.9 0.1 -0.0262663 0.787508 
4.95 0.1 -0.0208946 0.7795 
5 0.1 -0.0147291 0.773512 
0 0.15 -0.0409005 0.675183 
0.05 0.15 -0.0285782 0.666404 
0.1 0.15 -0.0151276 0.660964 
0.15 0.15 -0.00115195 0.659007 
0.2 0.15 0.0128165 0.660549 
0.25 0.15 0.0262839 0.665524 
0.3 0.15 0.0387899 0.673804 
0.35 0.15 0.0499139 0.685207 
0.4 0.15 0.0592853 0.699497 
0.45 0.15 0.066591 0.716392 
0.5 0.15 0.0715813 0.73556 
0.55 0.15 0.0740723 0.756607 
0.6 0.15 0.0739502 0.779048 
0.65 0.15 0.0711752 0.802275 
0.7 0.15 0.0657889 0.825511 
0.75 0.15 0.0579241 0.847787 
0.8 0.15 0.0478144 0.867944 
0.85 0.15 0.0357998 0.884709 
0.9 0.15 0.0223245 0.896837 
0.95 0.15 0.00792202 0.903314 
1 0.15 -0.00681284 0.903558 
1.05 0.15 -0.0212623 0.897547 
1.1 0.15 -0.0348285 0.885825 
1.15 0.15 -0.0469721 0.869379 
1.2 0.15 -0.0572417 0.849446 
1.25 0.15 -0.0652895 0.827302 
1.3 0.15 -0.0708745 0.804118 
1.35 0.15 -0.0738573 0.78088 
1.4 0.15 -0.0741909 0.758379 
1.45 0.15 -0.0719109 0.737236 
1.5 0.15 -0.0671285 0.717941 
1.55 0.15 -0.0600254 0.700896 
1.6 0.15 -0.0508513 0.686434 
1.65 0.15 -0.0399203 0.674837 
1.7 0.15 -0.0276059 0.666337 
1.75 0.15 -0.0143315 0.661107 
1.8 0.15 -0.000557309 0.659258 
1.85 0.15 0.0132365 0.66083 
1.9 0.15 0.0265689 0.665789 
1.95 0.15 0.0389774 0.674029 
2 0.15 0.050035 0.685382 
2.05 0.15 0.059364 0.699621 
2.1 0.15 0.0666453 0.716467 
2.15 0.15 0.0716239 0.735593 
2.2 0.15 0.0741123 0.756602 
2.25 0.15 0.0739935 0.779013 
2.3 0.15 0.0712256 0.802218 
2.35 0.15 0.0658485 0.825441 
2.4 0.15 0.0579936 0.847712 
2.45 0.15 0.0478931 0.867875 
2.5 0.15 0.0358862 0.884656 
2.55 0.15 0.0224161 0.89681 
2.6 0.15 0.00801563 0.903319 
2.65 0.15 -0.00672075 0.903599 
2.7 0.15 -0.0211755 0.897623 
2.75 0.15 -0.0347504 0.885931 
2.8 0.15 -0.0469059 0.86951 
2.85 0.15 -0.05719 0.849593 
2.9 0.15 -0.0652543 0.827458 
2.95 0.15 -0.0708571 0.804277 
3 0.15 -0.0738586 0.781037 
3.05 0.15 -0.0742111 0.758528 
3.1 0.15 -0.0719497 0.737373 
3.15 0.15 -0.067185 0.718064 
3.2 0.15 -0.0600982 0.701001 
3.25 0.15 -0.0509384 0.686519 
3.3 0.15 -0.0400193 0.674899 
3.35 0.15 -0.0277137 0.666374 
3.4 0.15 -0.0144446 0.661118 
3.45 0.15 -0.000672003 0.659242 
3.5 0.15 0.0131241 0.660786 
3.55 0.15 0.0264628 0.665717 
3.6 0.15 0.0388813 0.673931 
3.65 0.15 0.0499525 0.685258 
3.7 0.15 0.0592983 0.699472 
3.75 0.15 0.0665991 0.716297 
3.8 0.15 0.0715994 0.735403 
3.85 0.15 0.0741114 0.756396 
3.9 0.15 0.0740177 0.778796 
3.95 0.15 0.0712754 0.801996 
4 0.15 0.065924 0.825223 
4.05 0.15 0.0580939 0.847511 
4.1 0.15 0.0480164 0.867704 
4.15 0.15 0.0360294 0.884531 
4.2 0.15 0.0225752 0.896747 
4.25 0.15 0.00818549 0.903334 
4.3 0.15 -0.00654614 0.903701 
4.35 0.15 -0.0210027 0.897816 
4.4 0.15 -0.0345863 0.886215 
4.45 0.15 -0.0467579 0.869879 
4.5 0.15 -0.0570662 0.850039 
4.55 0.15 -0.0651637 0.827973 
4.6 0.15 -0.0708111 0.804851 
4.65 0.15 -0.073872 0.781661 
4.7 0.15 -0.0743038 0.75919 
4.75 0.15 -0.0721478 0.738055 
4.8 0.15 -0.0675205 0.718736 
4.85 0.15 -0.0606054 0.701617 
4.9 0.15 -0.0516394 0.687011 
4.95 0.15 -0.0408867 0.675183 
5 0.15 -0.0285854 0.666404 
0 0.2 -0.0630702 0.581408 
0.05 0.2 -0.043975 0.570106 
0.1 0.2 -0.0231851 0.563073 
0.15 0.2 -0.00155888 0.560526 
0.2 0.2 0.0200879 0.562515 
0.25 0.2 0.0409785 0.568967 
0.3 0.2 0.0603846 0.579709 
0.35 0.2 0.0776423 0.594484 
0.4 0.2 0.0921684 0.612969 
0.45 0.2 0.103473 0.634779 
0.5 0.2 0.111167 0.659474 
0.55 0.2 0.114969 0.686542 
0.6 0.2 0.114708 0.715367 
0.65 0.2 0.110331 0.745179 
0.7 0.2 0.101914 0.774995 
0.75 0.2 0.089673 0.803584 
0.8 0.2 0.0739789 0.829466 
0.85 0.2 0.0553628 0.851006 
0.9 0.2 0.0345115 0.866598 
0.95 0.2 0.0122436 0.874928 
1 0.2 -0.0105317 0.875242 
1.05 0.2 -0.0328714 0.86751 
1.1 0.2 -0.0538617 0.852438 
1.15 0.2 -0.0726755 0.831306 
1.2 0.2 -0.0886153 0.805707 
1.25 0.2 -0.101138 0.777284 
1.3 0.2 -0.109862 0.747531 
1.35 0.2 -0.11456 0.717702 
1.4 0.2 -0.115148 0.688795 
1.45 0.2 -0.111672 0.661596 
1.5 0.2 -0.104296 0.63673 
1.55 0.2 -0.0932988 0.614714 
1.6 0.2 -0.0790661 0.595991 
1.65 0.2 -0.0620864 0.580942 
1.7 0.2 -0.0429423 0.569888 
1.75 0.2 -0.0222956 0.563077 
1.8 0.2 -0.000866654 0.560667 
1.85 0.2 0.020593 0.562716 
1.9 0.2 0.0413303 0.569175 
1.95 0.2 0.0606217 0.579892 
2 0.2 0.0777996 0.594628 
2.05 0.2 0.0922745 0.613066 
2.1 0.2 0.10355 0.63483 
2.15 0.2 0.111231 0.659481 
2.2 0.2 0.115032 0.686512 
2.25 0.2 0.114778 0.715306 
2.3 0.2 0.110413 0.745094 
2.35 0.2 0.10201 0.774897 
2.4 0.2 0.0897838 0.803483 
2.45 0.2 0.0741036 0.829375 
2.5 0.2 0.0554989 0.850937 
2.55 0.2 0.034655 0.866562 
2.6 0.2 0.0123897 0.874935 
2.65 0.2 -0.0103882 0.875294 
2.7 0.2 -0.0327362 0.867607 
2.75 0.2 -0.0537403 0.852575 
2.8 0.2 -0.0725726 0.831475 
2.85 0.2 -0.0885349 0.805898 
2.9 0.2 -0.101083 0.777486 
2.95 0.2 -0.109835 0.747737 
3 0.2 -0.114562 0.717904 
3.05 0.2 -0.11518 0.688988 
3.1 0.2 -0.111732 0.661775 
3.15 0.2 -0.104384 0.63689 
3.2 0.2 -0.0934124 0.614852 
3.25 0.2 -0.079202 0.596102 
3.3 0.2 -0.0622407 0.581024 
3.35 0.2 -0.0431103 0.569939 
3.4 0.2 -0.0224719 0.563094 
3.45 0.2 -0.00104529 0.560648 
3.5 0.2 0.0204181 0.562661 
3.55 0.2 0.0411654 0.569084 
3.6 0.2 0.0604726 0.579766 
3.65 0.2 0.0776718 0.594468 
3.7 0.2 0.0921729 0.612876 
3.75 0.2 0.103479 0.634611 
3.8 0.2 0.111194 0.659238 
3.85 0.2 0.115032 0.686249 
3.9 0.2 0.114816 0.715029 
3.95 0.2 0.11049 0.744811 
4 0.2 0.102127 0.774619 
4.05 0.2 0.089939 0.803226 
4.1 0.2 0.0742937 0.829156 
4.15 0.2 0.0557192 0.850776 
4.2 0.2 0.0348993 0.866481 
4.25 0.2 0.0126502 0.874951 
4.3 0.2 -0.0101205 0.875421 
4.35 0.2 -0.0324711 0.86785 
4.4 0.2 -0.0534878 0.852931 
4.45 0.2 -0.0723431 0.831936 
4.5 0.2 -0.0883393 0.806453 
4.55 0.2 -0.100934 0.778123 
4.6 0.2 -0.109745 0.748442 
4.65 0.2 -0.11455 0.718663 
4.7 0.2 -0.115267 0.689785 
4.75 0.2 -0.111947 0.662585 
4.8 0.2 -0.104756 0.637681 
4.85 0.2 -0.0939679 0.615573 
4.9 0.2 -0.0799458 0.596688 
4.95 0.2 -0.063118 0.581408 
5 0.2 -0.0439393 0.570106 
0 0.25 -0.0852108 0.502179 
0.05 0.25 -0.0592849 0.48867 
0.1 0.25 -0.0311186 0.480242 
0.15 0.25 -0.00181148 0.477181 
0.2 0.25 0.027544 0.479575 
0.25 0.25 0.0558866 0.487343 
0.3 0.25 0.0822145 0.500257 
0.35 0.25 0.105614 0.517973 
0.4 0.25 0.125286 0.54006 
0.45 0.25 0.140562 0.566022 
0.5 0.25 0.150915 0.595311 
0.55 0.25 0.155971 0.627309 
0.6 0.25 0.155508 0.66129 
0.65 0.25 0.149468 0.696361 
0.7 0.25 0.137968 0.731385 
0.75 0.25 0.121316 0.764935 
0.8 0.25 0.100025 0.795289 
0.85 0.25 0.0748184 0.820542 
0.9 0.25 0.0466228 0.838818 
0.95 0.25 0.0165361 0.848582 
1 0.25 -0.0142273 0.848949 
1.05 0.25 -0.0444098 0.839886 
1.1 0.25 -0.0727911 0.822217 
1.15 0.25 -0.0982625 0.797441 
1.2 0.25 -0.119883 0.767417 
1.25 0.25 -0.136914 0.734061 
1.3 0.25 -0.148826 0.699109 
1.35 0.25 -0.155299 0.664015 
1.4 0.25 -0.156202 0.629935 
1.45 0.25 -0.151583 0.597777 
1.5 0.25 -0.141654 0.568278 
1.55 0.25 -0.126783 0.542058 
1.6 0.25 -0.107489 0.519668 
1.65 0.25 -0.0844349 0.501601 
1.7 0.25 -0.0584145 0.488285 
1.75 0.25 -0.0303333 0.480059 
1.8 0.25 -0.00117861 0.477145 
1.85 0.25 0.0280181 0.479623 
1.9 0.25 0.0562238 0.487425 
1.95 0.25 0.0824461 0.500339 
2 0.25 0.105772 0.518036 
2.05 0.25 0.125397 0.540092 
2.1 0.25 0.140648 0.56602 
2.15 0.25 0.150994 0.595275 
2.2 0.25 0.156054 0.62724 
2.25 0.25 0.155603 0.661195 
2.3 0.25 0.149581 0.696246 
2.35 0.25 0.138101 0.73126 
2.4 0.25 0.12147 0.76481 
2.45 0.25 0.100197 0.795178 
2.5 0.25 0.0750054 0.820459 
2.55 0.25 0.0468193 0.838776 
2.6 0.25 0.0167356 0.848591 
2.65 0.25 -0.0140319 0.849012 
2.7 0.25 -0.044226 0.840002 
2.75 0.25 -0.0726261 0.82238 
2.8 0.25 -0.0981226 0.797641 
2.85 0.25 -0.119774 0.767643 
2.9 0.25 -0.136839 0.7343 
2.95 0.25 -0.148789 0.699353 
3 0.25 -0.155301 0.664256 
3.05 0.25 -0.156245 0.630165 
3.1 0.25 -0.151666 0.597992 
3.15 0.25 -0.141774 0.568471 
3.2 0.25 -0.126938 0.542225 
3.25 0.25 -0.107675 0.519805 
3.3 0.25 -0.0846453 0.501703 
3.35 0.25 -0.0586434 0.488349 
3.4 0.25 -0.0305735 0.480082 
3.45 0.25 -0.00142193 0.477125 
3.5 0.25 0.0277801 0.479559 
3.55 0.25 0.0559995 0.487318 
3.6 0.25 0.0822437 0.50019 
3.65 0.25 0.105599 0.517848 
3.7 0.25 0.12526 0.539868 
3.75 0.25 0.140553 0.565764 
3.8 0.25 0.150945 0.59499 
3.85 0.25 0.156055 0.626933 
3.9 0.25 0.155656 0.660872 
3.95 0.25 0.149687 0.695917 
4 0.25 0.13826 0.730937 
4.05 0.25 0.121679 0.764511 
4.1 0.25 0.100453 0.794924 
4.15 0.25 0.0753008 0.820273 
4.2 0.25 0.0471462 0.838682 
4.25 0.25 0.0170839 0.848609 
4.3 0.25 -0.013674 0.849157 
4.35 0.25 -0.0438707 0.840279 
4.4 0.25 -0.0722858 0.822785 
4.45 0.25 -0.0978098 0.798163 
4.5 0.25 -0.119501 0.768268 
4.55 0.25 -0.136618 0.735012 
4.6 0.25 -0.148635 0.700134 
4.65 0.25 -0.155229 0.665087 
4.7 0.25 -0.156273 0.631026 
4.75 0.25 -0.151816 0.598857 
4.8 0.25 -0.142068 0.569307 
4.85 0.25 -0.127387 0.542989 
4.9 0.25 -0.108265 0.520445 
4.95 0.25 -0.0853098 0.502179 
5 0.25 -0.0592142 0.48867 
0 0.3 -0.105556 0.439033 
0.05 0.3 -0.0733006 0.423577 
0.1 0.3 -0.0383069 0.41391 
0.15 0.3 -0.00189449 0.410398 
0.2 0.3 0.034589 0.413172 
0.25 0.3 0.0698161 0.422132 
0.3 0.3 0.102527 0.436974 
0.35 0.3 0.131573 0.457236 
0.4 0.3 0.155952 0.482349 
0.45 0.3 0.174833 0.511683 
0.5 0.3 0.187567 0.544571 
0.55 0.3 0.193699 0.580297 
0.6 0.3 0.192971 0.618052 
0.65 0.3 0.185329 0.656859 
0.7 0.3 0.170941 0.695489 
0.75 0.3 0.150203 0.732397 
0.8 0.3 0.123765 0.765725 
0.85 0.3 0.092529 0.79341 
0.9 0.3 0.0576378 0.813425 
0.95 0.3 0.0204377 0.82411 
1 0.3 -0.017588 0.824511 
1.05 0.3 -0.0549051 0.814591 
1.1 0.3 -0.0900232 0.795242 
1.15 0.3 -0.121583 0.76808 
1.2 0.3 -0.148425 0.735117 
1.25 0.3 -0.169627 0.698422 
1.3 0.3 -0.184524 0.659875 
1.35 0.3 -0.192697 0.621045 
1.4 0.3 -0.193966 0.583183 
1.45 0.3 -0.188369 0.547281 
1.5 0.3 -0.176151 0.514155 
1.55 0.3 -0.157755 0.484525 
1.6 0.3 -0.133819 0.459057 
1.65 0.3 -0.105163 0.438379 
1.7 0.3 -0.0727779 0.423057 
1.75 0.3 -0.037799 0.413556 
1.8 0.3 -0.00146812 0.410183 
1.85 0.3 0.0349158 0.413052 
1.9 0.3 0.0700514 0.422067 
1.95 0.3 0.10269 0.436933 
2 0.3 0.131688 0.457197 
2.05 0.3 0.156039 0.482298 
2.1 0.3 0.17491 0.511614 
2.15 0.3 0.187648 0.544481 
2.2 0.3 0.193795 0.580186 
2.25 0.3 0.193088 0.617922 
2.3 0.3 0.185472 0.656715 
2.35 0.3 0.171109 0.69534 
2.4 0.3 0.150398 0.732254 
2.45 0.3 0.123982 0.765601 
2.5 0.3 0.0927639 0.793319 
2.55 0.3 0.0578838 0.81338 
2.6 0.3 0.0206868 0.824121 
2.65 0.3 -0.0173446 0.824583 
2.7 0.3 -0.0546764 0.814722 
2.75 0.3 -0.0898179 0.795424 
2.8 0.3 -0.121409 0.768302 
2.85 0.3 -0.148289 0.735368 
2.9 0.3 -0.169534 0.69869 
2.95 0.3 -0.184478 0.660149 
3 0.3 -0.1927 0.621316 
3.05 0.3 -0.194019 0.583444 
3.1 0.3 -0.188471 0.547525 
3.15 0.3 -0.1763 0.514377 
3.2 0.3 -0.157948 0.484719 
3.25 0.3 -0.13405 0.459218 
3.3 0.3 -0.105426 0.438501 
3.35 0.3 -0.0730637 0.423136 
3.4 0.3 -0.0380988 0.413586 
3.45 0.3 -0.00177171 0.410163 
3.5 0.3 0.034619 0.412982 
3.55 0.3 0.069772 0.421947 
3.6 0.3 0.102439 0.436765 
3.65 0.3 0.131473 0.456985 
3.7 0.3 0.155869 0.482048 
3.75 0.3 0.174792 0.511329 
3.8 0.3 0.187588 0.544166 
3.85 0.3 0.193796 0.579848 
3.9 0.3 0.193154 0.617568 
3.95 0.3 0.185603 0.656356 
4 0.3 0.171305 0.69499 
4.05 0.3 0.150655 0.73193 
4.1 0.3 0.124296 0.765326 
4.15 0.3 0.0931255 0.793118 
4.2 0.3 0.0582833 0.813279 
4.25 0.3 0.0211119 0.824141 
4.3 0.3 -0.0169073 0.824738 
4.35 0.3 -0.054241 0.815016 
4.4 0.3 -0.0893982 0.795852 
4.45 0.3 -0.121018 0.768852 
4.5 0.3 -0.147938 0.736021 
4.55 0.3 -0.169235 0.699426 
4.6 0.3 -0.184239 0.660946 
4.65 0.3 -0.192534 0.622154 
4.7 0.3 -0.193935 0.5843 
4.75 0.3 -0.18848 0.548374 
4.8 0.3 -0.176408 0.515191 
4.85 0.3 -0.158151 0.485466 
4.9 0.3 -0.134321 0.459866 
4.95 0.3 -0.105697 0.439033 
5 0.3 -0.0732018 0.423577 
0 0.35 -0.122766 0.390923 
0.05 0.35 -0.0851146 0.373655 
0.1 0.35 -0.0442984 0.362818 
0.15 0.35 -0.00182597 0.358887 
0.2 0.35 0.0407333 0.362041 
0.25 0.35 0.0818187 0.372148 
0.3 0.35 0.119944 0.388793 
0.35 0.35 0.153756 0.41135 
0.4 0.35 0.182079 0.439069 
0.45 0.35 0.203945 0.471148 
0.5 0.35 0.218608 0.506781 
0.55 0.35 0.225556 0.54515 
0.6 0.35 0.22451 0.585381 
0.65 0.35 0.215433 0.626454 
0.7 0.35 0.198542 0.667109 
0.75 0.35 0.174324 0.70577 
0.8 0.35 0.143545 0.740549 
0.85 0.35 0.107259 0.769354 
0.9 0.35 0.0667874 0.790133 
0.95 0.35 0.0236757 0.801212 
1 0.35 -0.0203792 0.801627 
1.05 0.35 -0.0636245 0.791341 
1.1 0.35 -0.104356 0.771254 
1.15 0.35 -0.141012 0.742996 
1.2 0.35 -0.172254 0.708603 
1.25 0.35 -0.197007 0.670173 
1.3 0.35 -0.214481 0.629616 
1.35 0.35 -0.224171 0.588531 
1.4 0.35 -0.225838 0.548199 
1.45 0.35 -0.219503 0.509653 
1.5 0.35 -0.205426 0.473775 
1.55 0.35 -0.184105 0.44138 
1.6 0.35 -0.156268 0.413273 
1.65 0.35 -0.122867 0.390251 
1.7 0.35 -0.0850622 0.373067 
1.75 0.35 -0.0441894 0.362354 
1.8 0.35 -0.00171569 0.35854 
1.85 0.35 0.0408207 0.361785 
1.9 0.35 0.0818791 0.371954 
1.95 0.35 0.119984 0.388636 
2 0.35 0.153787 0.411212 
2.05 0.35 0.182113 0.438936 
2.1 0.35 0.203993 0.471013 
2.15 0.35 0.218679 0.506637 
2.2 0.35 0.225655 0.544997 
2.25 0.35 0.224641 0.585219 
2.3 0.35 0.215598 0.626287 
2.35 0.35 0.198741 0.666943 
2.4 0.35 0.174554 0.705616 
2.45 0.35 0.143801 0.740418 
2.5 0.35 0.107535 0.76926 
2.55 0.35 0.067076 0.790089 
2.6 0.35 0.0239673 0.801227 
2.65 0.35 -0.0200947 0.801705 
2.7 0.35 -0.0633575 0.791481 
2.75 0.35 -0.104116 0.771448 
2.8 0.35 -0.140809 0.743233 
2.85 0.35 -0.172095 0.708871 
2.9 0.35 -0.196898 0.670459 
2.95 0.35 -0.214427 0.62991 
3 0.35 -0.224173 0.588824 
3.05 0.35 -0.225899 0.548483 
3.1 0.35 -0.219622 0.509922 
3.15 0.35 -0.2056 0.474022 
3.2 0.35 -0.18433 0.441599 
3.25 0.35 -0.156538 0.413457 
3.3 0.35 -0.123174 0.390393 
3.35 0.35 -0.0853968 0.373161 
3.4 0.35 -0.0445404 0.362393 
3.45 0.35 -0.00207105 0.358523 
3.5 0.35 0.0404736 0.361711 
3.55 0.35 0.0815527 0.371824 
3.6 0.35 0.11969 0.388454 
3.65 0.35 0.153537 0.410983 
3.7 0.35 0.181916 0.438666 
3.75 0.35 0.203857 0.470707 
3.8 0.35 0.21861 0.506303 
3.85 0.35 0.225659 0.544641 
3.9 0.35 0.224719 0.584849 
3.95 0.35 0.215751 0.625914 
4 0.35 0.198968 0.666581 
4.05 0.35 0.17485 0.705284 
4.1 0.35 0.144161 0.740138 
4.15 0.35 0.107949 0.769057 
4.2 0.35 0.0675322 0.789988 
4.25 0.35 0.0244525 0.801248 
4.3 0.35 -0.0195952 0.801862 
4.35 0.35 -0.0628584 0.791776 
4.4 0.35 -0.103631 0.771874 
4.45 0.35 -0.14035 0.743776 
4.5 0.35 -0.171672 0.70951 
4.55 0.35 -0.196518 0.671171 
4.6 0.35 -0.214093 0.630671 
4.65 0.35 -0.223889 0.589611 
4.7 0.35 -0.225663 0.549273 
4.75 0.35 -0.21943 0.510693 
4.8 0.35 -0.205444 0.474753 
4.85 0.35 -0.18419 0.442271 
4.9 0.35 -0.156379 0.414056 
4.95 0.35 -0.122938 0.390923 
5 0.35 -0.084994 0.373655 
0 0.4 -0.135851 0.355008 
0.05 0.4 -0.0940642 0.335951 
0.1 0.4 -0.0487749 0.32394 
0.15 0.4 -0.00164263 0.319593 
0.2 0.4 0.0455852 0.323148 
0.25 0.4 0.0911594 0.334422 
0.3 0.4 0.133412 0.352854 
0.35 0.4 0.170828 0.377606 
0.4 0.4 0.202097 0.407694 
0.45 0.4 0.226151 0.442102 
0.5 0.4 0.242179 0.479854 
0.55 0.4 0.249634 0.520022 
0.6 0.4 0.248237 0.561674 
0.65 0.4 0.237977 0.603779 
0.7 0.4 0.219124 0.645097 
0.75 0.4 0.192239 0.684104 
0.8 0.4 0.158186 0.718983 
0.85 0.4 0.118132 0.747732 
0.9 0.4 0.0735275 0.768399 
0.95 0.4 0.0260579 0.779394 
1 0.4 -0.0224345 0.779805 
1.05 0.4 -0.0700489 0.769598 
1.1 0.4 -0.114935 0.749621 
1.15 0.4 -0.155391 0.721424 
1.2 0.4 -0.189949 0.686943 
1.25 0.4 -0.217417 0.648185 
1.3 0.4 -0.236907 0.606986 
1.35 0.4 -0.247835 0.564892 
1.4 0.4 -0.24991 0.52316 
1.45 0.4 -0.243121 0.482834 
1.5 0.4 -0.227726 0.444847 
1.55 0.4 -0.204253 0.410124 
1.6 0.4 -0.173491 0.379633 
1.65 0.4 -0.136487 0.354387 
1.7 0.4 -0.0945324 0.335372 
1.75 0.4 -0.0491219 0.32344 
1.8 0.4 -0.00190655 0.319178 
1.85 0.4 0.0453796 0.322807 
1.9 0.4 0.0909991 0.334137 
1.95 0.4 0.133292 0.352609 
2 0.4 0.170747 0.377387 
2.05 0.4 0.202057 0.407491 
2.1 0.4 0.226154 0.441908 
2.15 0.4 0.242227 0.479664 
2.2 0.4 0.249727 0.519834 
2.25 0.4 0.248375 0.561487 
2.3 0.4 0.238158 0.603595 
2.35 0.4 0.219345 0.644921 
2.4 0.4 0.192496 0.683945 
2.45 0.4 0.158472 0.718852 
2.5 0.4 0.11844 0.747641 
2.55 0.4 0.0738488 0.76836 
2.6 0.4 0.0263819 0.779415 
2.65 0.4 -0.0221189 0.779889 
2.7 0.4 -0.0697529 0.769743 
2.75 0.4 -0.114669 0.749821 
2.8 0.4 -0.155166 0.721668 
2.85 0.4 -0.189772 0.687219 
2.9 0.4 -0.217295 0.648482 
2.95 0.4 -0.236845 0.607293 
3 0.4 -0.247837 0.5652 
3.05 0.4 -0.249976 0.523463 
3.1 0.4 -0.243251 0.483124 
3.15 0.4 -0.227919 0.445118 
3.2 0.4 -0.204502 0.410367 
3.25 0.4 -0.173791 0.379841 
3.3 0.4 -0.136829 0.354549 
3.35 0.4 -0.0949047 0.335481 
3.4 0.4 -0.0495127 0.32349 
3.45 0.4 -0.00230208 0.319164 
3.5 0.4 0.0449935 0.322728 
3.55 0.4 0.0906364 0.333997 
3.6 0.4 0.132966 0.352412 
3.65 0.4 0.17047 0.377142 
3.7 0.4 0.20184 0.407204 
3.75 0.4 0.226005 0.441588 
3.8 0.4 0.242152 0.479318 
3.85 0.4 0.249731 0.519469 
3.9 0.4 0.248461 0.561113 
3.95 0.4 0.238326 0.603222 
4 0.4 0.219593 0.644563 
4.05 0.4 0.192819 0.683619 
4.1 0.4 0.158863 0.718579 
4.15 0.4 0.118889 0.747445 
4.2 0.4 0.0743424 0.768263 
4.25 0.4 0.0269065 0.779435 
4.3 0.4 -0.0215781 0.780038 
4.35 0.4 -0.0692106 0.770022 
4.4 0.4 -0.114138 0.750221 
4.45 0.4 -0.154656 0.722173 
4.5 0.4 -0.189289 0.687807 
4.55 0.4 -0.21684 0.649127 
4.6 0.4 -0.236416 0.60797 
4.65 0.4 -0.247425 0.565886 
4.7 0.4 -0.249569 0.524136 
4.75 0.4 -0.242831 0.483765 
4.8 0.4 -0.227461 0.445712 
4.85 0.4 -0.203978 0.410908 
4.9 0.4 -0.17316 0.380331 
4.95 0.4 -0.136047 0.355008 
5 0.4 -0.0939277 0.335951 
0 0.45 -0.144121 0.327719 
0.05 0.45 -0.0996893 0.306872 
0.1 0.45 -0.051524 0.29367 
0.15 0.45 -0.00138832 0.288906 
0.2 0.45 0.0488452 0.292881 
0.25 0.45 0.0972944 0.305352 
0.3 0.45 0.142164 0.325583 
0.35 0.45 0.181829 0.352484 
0.4 0.45 0.214892 0.384797 
0.45 0.45 0.240226 0.421256 
0.5 0.45 0.256989 0.460693 
0.55 0.45 0.264629 0.502055 
0.6 0.45 0.262879 0.544353 
0.65 0.45 0.251765 0.586563 
0.7 0.45 0.231603 0.627507 
0.75 0.45 0.203014 0.665771 
0.8 0.45 0.166929 0.699696 
0.85 0.45 0.124588 0.72747 
0.9 0.45 0.0775132 0.747335 
0.95 0.45 0.0274628 0.757871 
1 0.45 -0.0236489 0.758264 
1.05 0.45 -0.0738495 0.748483 
1.1 0.45 -0.121216 0.729285 
1.15 0.45 -0.163977 0.702055 
1.2 0.45 -0.200586 0.668534 
1.25 0.45 -0.229782 0.630538 
1.3 0.45 -0.250609 0.58974 
1.35 0.45 -0.262423 0.547575 
1.4 0.45 -0.26488 0.505232 
1.45 0.45 -0.257934 0.463745 
1.5 0.45 -0.241827 0.4241 
1.55 0.45 -0.217086 0.38734 
1.6 0.45 -0.184531 0.354624 
1.65 0.45 -0.145264 0.327212 
1.7 0.45 -0.100658 0.306368 
1.75 0.45 -0.0523201 0.2932 
1.8 0.45 -0.00203005 0.28848 
1.85 0.45 0.0483366 0.292499 
1.9 0.45 0.0969005 0.30501 
1.95 0.45 0.141871 0.325274 
2 0.45 0.181624 0.352201 
2.05 0.45 0.214768 0.384536 
2.1 0.45 0.240176 0.421013 
2.15 0.45 0.257007 0.460465 
2.2 0.45 0.264708 0.501839 
2.25 0.45 0.263016 0.544148 
2.3 0.45 0.251953 0.58637 
2.35 0.45 0.231837 0.627329 
2.4 0.45 0.203288 0.665615 
2.45 0.45 0.167235 0.699571 
2.5 0.45 0.124917 0.727387 
2.55 0.45 0.0778556 0.747304 
2.6 0.45 0.0278074 0.757898 
2.65 0.45 -0.0233136 0.758352 
2.7 0.45 -0.0735353 0.74863 
2.75 0.45 -0.120934 0.729486 
2.8 0.45 -0.163737 0.7023 
2.85 0.45 -0.200397 0.668812 
2.9 0.45 -0.229652 0.630838 
2.95 0.45 -0.250543 0.590054 
3 0.45 -0.262423 0.547894 
3.05 0.45 -0.264949 0.50555 
3.1 0.45 -0.258072 0.464054 
3.15 0.45 -0.24203 0.424392 
3.2 0.45 -0.217351 0.387606 
3.25 0.45 -0.184849 0.354854 
3.3 0.45 -0.145627 0.327396 
3.35 0.45 -0.101055 0.306494 
3.4 0.45 -0.0527369 0.29326 
3.45 0.45 -0.00245186 0.288469 
3.5 0.45 0.047925 0.292417 
3.55 0.45 0.0965144 0.30486 
3.6 0.45 0.141524 0.325064 
3.65 0.45 0.18133 0.351941 
3.7 0.45 0.214538 0.384235 
3.75 0.45 0.240018 0.420682 
3.8 0.45 0.256928 0.460112 
3.85 0.45 0.264713 0.501473 
3.9 0.45 0.263107 0.543778 
3.95 0.45 0.252129 0.586006 
4 0.45 0.232096 0.626983 
4.05 0.45 0.203624 0.665304 
4.1 0.45 0.167641 0.699314 
4.15 0.45 0.125381 0.727203 
4.2 0.45 0.0783656 0.747213 
4.25 0.45 0.028349 0.757916 
4.3 0.45 -0.0227549 0.758486 
4.35 0.45 -0.0729729 0.74888 
4.4 0.45 -0.120379 0.729841 
4.45 0.45 -0.163196 0.702742 
4.5 0.45 -0.199872 0.669319 
4.55 0.45 -0.229138 0.631383 
4.6 0.45 -0.250029 0.590612 
4.65 0.45 -0.261893 0.54844 
4.7 0.45 -0.264377 0.506063 
4.75 0.45 -0.257428 0.46452 
4.8 0.45 -0.24128 0.424802 
4.85 0.45 -0.216454 0.387964 
4.9 0.45 -0.183768 0.355178 
4.95 0.45 -0.144333 0.327719 
5 0.45 -0.0995424 0.306872 
0 0.5 -0.147145 0.305592 
0.05 0.5 -0.101705 0.283043 
0.1 0.5 -0.052421 0.268703 
0.15 0.5 -0.00110577 0.263543 
0.2 0.5 0.0503044 0.267934 
0.25 0.5 0.0998584 0.281566 
0.3 0.5 0.145697 0.303516 
0.35 0.5 0.186142 0.332431 
0.4 0.5 0.219763 0.366765 
0.45 0.5 0.245418 0.404994 
0.5 0.5 0.262268 0.445746 
0.55 0.5 0.269778 0.487838 
0.6 0.5 0.267713 0.530225 
0.65 0.5 0.256134 0.571896 
0.7 0.5 0.235397 0.611755 
0.75 0.5 0.206161 0.648541 
0.8 0.5 0.169391 0.680803 
0.85 0.5 0.12635 0.706985 
0.9 0.5 0.0785756 0.72559 
0.95 0.5 0.0278315 0.735418 
1 0.5 -0.0239709 0.735783 
1.05 0.5 -0.0748647 0.72666 
1.1 0.5 -0.12293 0.708686 
1.15 0.5 -0.166389 0.68303 
1.2 0.5 -0.203685 0.651173 
1.25 0.5 -0.23353 0.614673 
1.3 0.5 -0.254935 0.574992 
1.35 0.5 -0.267216 0.533406 
1.4 0.5 -0.269992 0.491018 
1.45 0.5 -0.263176 0.448842 
1.5 0.5 -0.24698 0.407916 
1.55 0.5 -0.22191 0.36941 
1.6 0.5 -0.18878 0.334681 
1.65 0.5 -0.148707 0.305248 
1.7 0.5 -0.103095 0.282663 
1.75 0.5 -0.0536029 0.268306 
1.8 0.5 -0.00207926 0.263143 
1.85 0.5 0.0495241 0.267541 
1.9 0.5 0.099251 0.281188 
1.95 0.5 0.145242 0.303158 
2 0.5 0.185819 0.332096 
2.05 0.5 0.219557 0.366455 
2.1 0.5 0.245313 0.40471 
2.15 0.5 0.262252 0.445486 
2.2 0.5 0.26984 0.4876 
2.25 0.5 0.267843 0.530007 
2.3 0.5 0.256322 0.571698 
2.35 0.5 0.235636 0.61158 
2.4 0.5 0.206442 0.648393 
2.45 0.5 0.169705 0.68069 
2.5 0.5 0.126687 0.706913 
2.55 0.5 0.0789261 0.725569 
2.6 0.5 0.0281837 0.735452 
2.65 0.5 -0.0236286 0.735875 
2.7 0.5 -0.074544 0.726808 
2.75 0.5 -0.122642 0.708885 
2.8 0.5 -0.166145 0.683272 
2.85 0.5 -0.203492 0.651448 
2.9 0.5 -0.233396 0.614974 
2.95 0.5 -0.254865 0.575309 
3 0.5 -0.267215 0.533733 
3.05 0.5 -0.270061 0.491348 
3.1 0.5 -0.263315 0.449167 
3.15 0.5 -0.247187 0.408227 
3.2 0.5 -0.22218 0.369697 
3.25 0.5 -0.189106 0.334933 
3.3 0.5 -0.149079 0.305452 
3.35 0.5 -0.103502 0.282805 
3.4 0.5 -0.0540304 0.268376 
3.45 0.5 -0.00251194 0.263135 
3.5 0.5 0.0491022 0.267455 
3.55 0.5 0.0988556 0.281029 
3.6 0.5 0.144887 0.302935 
3.65 0.5 0.18552 0.331822 
3.7 0.5 0.219323 0.366142 
3.75 0.5 0.245154 0.40437 
3.8 0.5 0.262173 0.44513 
3.85 0.5 0.269845 0.487237 
3.9 0.5 0.267935 0.529646 
3.95 0.5 0.2565 0.571348 
4 0.5 0.235895 0.611254 
4.05 0.5 0.206778 0.648103 
4.1 0.5 0.170108 0.680452 
4.15 0.5 0.127148 0.706745 
4.2 0.5 0.0794312 0.725485 
4.25 0.5 0.0287195 0.735464 
4.3 0.5 -0.0230756 0.735987 
4.35 0.5 -0.0739855 0.727017 
4.4 0.5 -0.122087 0.709179 
4.45 0.5 -0.165596 0.683632 
4.5 0.5 -0.202947 0.651852 
4.55 0.5 -0.232845 0.615395 
4.6 0.5 -0.254291 0.575721 
4.65 0.5 -0.266591 0.53411 
4.7 0.5 -0.269354 0.491672 
4.75 0.5 -0.262486 0.449424 
4.8 0.5 -0.24619 0.408417 
4.85 0.5 -0.220973 0.369832 
4.9 0.5 -0.187653 0.335045 
4.95 0.5 -0.147365 0.305592 
5 0.5 -0.101554 0.283043 
0 0.55 -0.144742 0.28569 
0.05 0.55 -0.0999915 0.261726 
0.1 0.55 -0.0514213 0.24643 
0.15 0.55 -0.000831109 0.240944 
0.2 0.55 0.0498471 0.245699 
0.25 0.55 0.0986638 0.260323 
0.3 0.55 0.143763 0.283719 
0.35 0.55 0.183479 0.314291 
0.4 0.55 0.216402 0.350234 
0.45 0.55 0.241418 0.389787 
0.5 0.55 0.257723 0.431395 
0.55 0.55 0.264823 0.473753 
0.6 0.55 0.262521 0.515763 
0.65 0.55 0.250913 0.556431 
0.7 0.55 0.23038 0.594751 
0.75 0.55 0.201594 0.629623 
0.8 0.55 0.165516 0.65983 
0.85 0.55 0.123387 0.684093 
0.9 0.55 0.076701 0.701203 
0.95 0.55 0.0271602 0.710197 
1 0.55 -0.0233969 0.71053 
1.05 0.55 -0.0730813 0.702182 
1.1 0.55 -0.120047 0.68566 
1.15 0.55 -0.162579 0.661898 
1.2 0.55 -0.199163 0.632094 
1.25 0.55 -0.228536 0.597524 
1.3 0.55 -0.249715 0.559413 
1.35 0.55 -0.262003 0.51887 
1.4 0.55 -0.264992 0.476902 
1.45 0.55 -0.258563 0.434502 
1.5 0.55 -0.242886 0.392756 
1.55 0.55 -0.218429 0.352951 
1.6 0.55 -0.185968 0.316626 
1.65 0.55 -0.146589 0.285536 
1.7 0.55 -0.101677 0.261495 
1.75 0.55 -0.0528823 0.246131 
1.8 0.55 -0.00205084 0.240591 
1.85 0.55 0.0488606 0.245312 
1.9 0.55 0.0978911 0.259921 
1.95 0.55 0.143181 0.28332 
2 0.55 0.183063 0.31391 
2.05 0.55 0.216129 0.349881 
2.1 0.55 0.241267 0.389467 
2.15 0.55 0.257677 0.431107 
2.2 0.55 0.264866 0.473497 
2.25 0.55 0.262639 0.515537 
2.3 0.55 0.251094 0.556234 
2.35 0.55 0.230614 0.594583 
2.4 0.55 0.201871 0.629487 
2.45 0.55 0.165826 0.659731 
2.5 0.55 0.12372 0.684036 
2.55 0.55 0.0770463 0.701193 
2.6 0.55 0.0275067 0.710239 
2.65 0.55 -0.0230605 0.710626 
2.7 0.55 -0.0727663 0.702329 
2.75 0.55 -0.119764 0.685855 
2.8 0.55 -0.162338 0.662134 
2.85 0.55 -0.198972 0.632364 
2.9 0.55 -0.228403 0.597821 
2.95 0.55 -0.249645 0.559731 
3 0.55 -0.262 0.5192 
3.05 0.55 -0.265059 0.47724 
3.1 0.55 -0.258699 0.434839 
3.15 0.55 -0.243089 0.393084 
3.2 0.55 -0.218694 0.353257 
3.25 0.55 -0.186289 0.316897 
3.3 0.55 -0.146956 0.285757 
3.35 0.55 -0.102079 0.261651 
3.4 0.55 -0.0533045 0.246209 
3.45 0.55 -0.00247819 0.240586 
3.5 0.55 0.048444 0.245223 
3.55 0.55 0.0975011 0.259754 
3.6 0.55 0.142832 0.283087 
3.65 0.55 0.182768 0.313625 
3.7 0.55 0.215899 0.349559 
3.75 0.55 0.241111 0.389122 
3.8 0.55 0.2576 0.430751 
3.85 0.55 0.264871 0.47314 
3.9 0.55 0.262728 0.515188 
3.95 0.55 0.251265 0.555901 
4 0.55 0.230864 0.594277 
4.05 0.55 0.202193 0.629219 
4.1 0.55 0.166212 0.659514 
4.15 0.55 0.124159 0.683882 
4.2 0.55 0.0775266 0.701113 
4.25 0.55 0.0280154 0.71024 
4.3 0.55 -0.0225355 0.710709 
4.35 0.55 -0.0722348 0.702489 
4.4 0.55 -0.119232 0.686078 
4.45 0.55 -0.161806 0.662402 
4.5 0.55 -0.198434 0.632653 
4.55 0.55 -0.227845 0.598104 
4.6 0.55 -0.249043 0.559982 
4.65 0.55 -0.261322 0.519395 
4.7 0.55 -0.264265 0.477359 
4.75 0.55 -0.257744 0.434872 
4.8 0.55 -0.241924 0.393034 
4.85 0.55 -0.217275 0.353148 
4.9 0.55 -0.184582 0.316775 
4.95 0.55 -0.144959 0.28569 
5 0.55 -0.0998415 0.261726 
0 0.6 -0.136978 0.265716 
0.05 0.6 -0.0945979 0.240879 
0.1 0.6 -0.0485612 0.224986 
0.15 0.6 -0.000590724 0.219303 
0.2 0.6 0.0474577 0.224309 
0.25 0.6 0.0937101 0.239581 
0.3 0.6 0.136387 0.26389 
0.35 0.6 0.173896 0.295458 
0.4 0.6 0.204902 0.332283 
0.45 0.6 0.228363 0.37243 
0.5 0.6 0.24354 0.414207 
0.55 0.6 0.249994 0.456221 
0.6 0.6 0.247571 0.497336 
0.65 0.6 0.236393 0.536577 
0.7 0.6 0.21685 0.573025 
0.75 0.6 0.189599 0.605734 
0.8 0.6 0.155559 0.63371 
0.85 0.6 0.115899 0.65594 
0.9 0.6 0.0720177 0.671487 
0.95 0.6 0.0254954 0.679618 
1 0.6 -0.0219663 0.679918 
1.05 0.6 -0.0686213 0.672373 
1.1 0.6 -0.112762 0.657366 
1.15 0.6 -0.152794 0.63561 
1.2 0.6 -0.187304 0.608029 
1.25 0.6 -0.215101 0.575633 
1.3 0.6 -0.235244 0.539419 
1.35 0.6 -0.247055 0.500336 
1.4 0.6 -0.250119 0.4593 
1.45 0.6 -0.24429 0.41728 
1.5 0.6 -0.229695 0.375395 
1.55 0.6 -0.206749 0.33502 
1.6 0.6 -0.176162 0.297829 
1.65 0.6 -0.13895 0.265752 
1.7 0.6 -0.0964268 0.240801 
1.75 0.6 -0.0501669 0.22479 
1.8 0.6 -0.00194519 0.219005 
1.85 0.6 0.0463535 0.223936 
1.9 0.6 0.0928401 0.239164 
1.95 0.6 0.135727 0.26346 
2 0.6 0.173421 0.295039 
2.05 0.6 0.204586 0.331894 
2.1 0.6 0.228182 0.372079 
2.15 0.6 0.243472 0.413898 
2.2 0.6 0.25002 0.455953 
2.25 0.6 0.247675 0.497107 
2.3 0.6 0.236562 0.536384 
2.35 0.6 0.217072 0.572867 
2.4 0.6 0.189862 0.605612 
2.45 0.6 0.155853 0.633627 
2.5 0.6 0.116215 0.655898 
2.55 0.6 0.0723446 0.67149 
2.6 0.6 0.025823 0.679668 
2.65 0.6 -0.0216485 0.680017 
2.7 0.6 -0.0683238 0.67252 
2.75 0.6 -0.112494 0.657556 
2.8 0.6 -0.152566 0.635839 
2.85 0.6 -0.187123 0.608292 
2.9 0.6 -0.214974 0.575924 
2.95 0.6 -0.235177 0.539733 
3 0.6 -0.247051 0.500666 
3.05 0.6 -0.25018 0.459641 
3.1 0.6 -0.244416 0.417624 
3.15 0.6 -0.229886 0.375732 
3.2 0.6 -0.206999 0.335338 
3.25 0.6 -0.176465 0.298112 
3.3 0.6 -0.139298 0.265984 
3.35 0.6 -0.0968078 0.240966 
3.4 0.6 -0.0505677 0.224875 
3.45 0.6 -0.002351 0.219002 
3.5 0.6 0.0459581 0.223845 
3.55 0.6 0.0924702 0.238993 
3.6 0.6 0.135397 0.263221 
3.65 0.6 0.173143 0.294749 
3.7 0.6 0.20437 0.331568 
3.75 0.6 0.228035 0.371735 
3.8 0.6 0.2434 0.413547 
3.85 0.6 0.250025 0.455605 
3.9 0.6 0.247758 0.496772 
3.95 0.6 0.236721 0.53607 
4 0.6 0.217303 0.572582 
4.05 0.6 0.190159 0.605366 
4.1 0.6 0.156208 0.633428 
4.15 0.6 0.116617 0.655755 
4.2 0.6 0.0727827 0.671411 
4.25 0.6 0.026286 0.679655 
4.3 0.6 -0.021171 0.680068 
4.35 0.6 -0.0678397 0.672627 
4.4 0.6 -0.112007 0.657706 
4.45 0.6 -0.152074 0.636012 
4.5 0.6 -0.186618 0.608464 
4.55 0.6 -0.214438 0.576069 
4.6 0.6 -0.234583 0.539824 
4.65 0.6 -0.246365 0.50068 
4.7 0.6 -0.249359 0.459559 
4.75 0.6 -0.243412 0.417437 
4.8 0.6 -0.228649 0.37545 
4.85 0.6 -0.205486 0.334992 
4.9 0.6 -0.174649 0.297763 
4.95 0.6 -0.137183 0.265716 
5 0.6 -0.0944558 0.240879 
0 0.65 -0.124195 0.243968 
0.05 0.65 -0.0857584 0.219069 
0.1 0.65 -0.0439657 0.203109 
0.15 0.65 -0.000399743 0.19742 
0.2 0.65 0.0432315 0.202501 
0.25 0.65 0.0852035 0.217902 
0.3 0.65 0.123882 0.242324 
0.35 0.65 0.157814 0.273897 
0.4 0.65 0.185787 0.310525 
0.45 0.65 0.206867 0.350192 
0.5 0.65 0.220406 0.391143 
0.55 0.65 0.226029 0.431948 
0.6 0.65 0.223627 0.471463 
0.65 0.65 0.213336 0.508745 
0.7 0.65 0.195534 0.542952 
0.75 0.65 0.170832 0.573279 
0.8 0.65 0.14007 0.59892 
0.85 0.65 0.104306 0.619091 
0.9 0.65 0.06479 0.63309 
0.95 0.65 0.0229314 0.640374 
1 0.65 -0.01976 0.640642 
1.05 0.65 -0.0617363 0.633884 
1.1 0.65 -0.101482 0.620377 
1.15 0.65 -0.137577 0.600647 
1.2 0.65 -0.168757 0.575387 
1.25 0.65 -0.193945 0.545376 
1.3 0.65 -0.212283 0.511415 
1.35 0.65 -0.223139 0.474312 
1.4 0.65 -0.226115 0.434901 
1.45 0.65 -0.221049 0.394115 
1.5 0.65 -0.20803 0.35308 
1.55 0.65 -0.187405 0.313208 
1.6 0.65 -0.1598 0.276234 
1.65 0.65 -0.126124 0.24417 
1.7 0.65 -0.0875678 0.219126 
1.75 0.65 -0.0455715 0.203009 
1.8 0.65 -0.00176678 0.197178 
1.85 0.65 0.0421089 0.202149 
1.9 0.65 0.084314 0.217482 
1.95 0.65 0.123205 0.241875 
2 0.65 0.157324 0.273454 
2.05 0.65 0.185458 0.310112 
2.1 0.65 0.206674 0.349821 
2.15 0.65 0.220326 0.390821 
2.2 0.65 0.226043 0.431674 
2.25 0.65 0.223716 0.471235 
2.3 0.65 0.213487 0.508559 
2.35 0.65 0.195735 0.542807 
2.4 0.65 0.171071 0.573172 
2.45 0.65 0.140338 0.598852 
2.5 0.65 0.104592 0.619064 
2.55 0.65 0.0650865 0.633104 
2.6 0.65 0.023228 0.640432 
2.65 0.65 -0.0194726 0.640744 
2.7 0.65 -0.0614673 0.634028 
2.75 0.65 -0.10124 0.620562 
2.8 0.65 -0.137371 0.600869 
2.85 0.65 -0.168592 0.575641 
2.9 0.65 -0.19383 0.545658 
2.95 0.65 -0.212221 0.511721 
3 0.65 -0.223134 0.474636 
3.05 0.65 -0.226168 0.435238 
3.1 0.65 -0.221162 0.394456 
3.15 0.65 -0.208201 0.353417 
3.2 0.65 -0.187631 0.313527 
3.25 0.65 -0.160075 0.27652 
3.3 0.65 -0.12644 0.244406 
3.35 0.65 -0.0879138 0.219295 
3.4 0.65 -0.0459358 0.203097 
3.45 0.65 -0.00213573 0.197177 
3.5 0.65 0.0417495 0.20206 
3.55 0.65 0.0839781 0.217311 
3.6 0.65 0.122905 0.241637 
3.65 0.65 0.157071 0.273166 
3.7 0.65 0.185262 0.309791 
3.75 0.65 0.206542 0.349484 
3.8 0.65 0.220261 0.39048 
3.85 0.65 0.226047 0.43134 
3.9 0.65 0.22379 0.470917 
3.95 0.65 0.213628 0.508265 
4 0.65 0.195939 0.542543 
4.05 0.65 0.171333 0.572946 
4.1 0.65 0.140649 0.598669 
4.15 0.65 0.104944 0.61893 
4.2 0.65 0.0654685 0.633022 
4.25 0.65 0.0236305 0.640402 
4.3 0.65 -0.0190583 0.640762 
4.35 0.65 -0.0610473 0.634084 
4.4 0.65 -0.100816 0.62064 
4.45 0.65 -0.136939 0.600951 
4.5 0.65 -0.168144 0.575704 
4.55 0.65 -0.193344 0.545675 
4.6 0.65 -0.211672 0.511668 
4.65 0.65 -0.222487 0.474489 
4.7 0.65 -0.22538 0.434979 
4.75 0.65 -0.220187 0.394082 
4.8 0.65 -0.206993 0.35294 
4.85 0.65 -0.18615 0.312985 
4.9 0.65 -0.1583 0.275982 
4.95 0.65 -0.12438 0.243968 
5 0.65 -0.0856312 0.219069 
0 0.7 -0.107047 0.219277 
0.05 0.7 -0.0739175 0.19534 
0.1 0.7 -0.0378617 0.179986 
0.15 0.7 -0.000262015 0.174528 
0.2 0.7 0.0373882 0.179457 
0.25 0.7 0.0735822 0.194324 
0.3 0.7 0.106896 0.217839 
0.35 0.7 0.136068 0.248152 
0.4 0.7 0.160056 0.283196 
0.45 0.7 0.178065 0.320985 
0.5 0.7 0.189552 0.359796 
0.55 0.7 0.194218 0.39823 
0.6 0.7 0.191988 0.43518 
0.65 0.7 0.183003 0.46975 
0.7 0.7 0.167605 0.501182 
0.75 0.7 0.146332 0.528786 
0.8 0.7 0.119913 0.551912 
0.85 0.7 0.0892547 0.569957 
0.9 0.7 0.0554234 0.5824 
0.95 0.7 0.0196123 0.588848 
1 0.7 -0.016902 0.589085 
1.05 0.7 -0.0528126 0.583103 
1.1 0.7 -0.0868381 0.571102 
1.15 0.7 -0.117776 0.55346 
1.2 0.7 -0.144549 0.530691 
1.25 0.7 -0.166235 0.503391 
1.3 0.7 -0.182089 0.472205 
1.35 0.7 -0.191554 0.437819 
1.4 0.7 -0.194272 0.400984 
1.45 0.7 -0.190081 0.362583 
1.5 0.7 -0.179035 0.323704 
1.55 0.7 -0.161412 0.28573 
1.6 0.7 -0.137733 0.250366 
1.65 0.7 -0.108772 0.219595 
1.7 0.7 -0.0755547 0.195499 
1.75 0.7 -0.0393309 0.179964 
1.8 0.7 -0.00152473 0.174339 
1.85 0.7 0.0363435 0.179135 
1.9 0.7 0.07275 0.193916 
1.95 0.7 0.10626 0.217391 
2 0.7 0.135606 0.247704 
2.05 0.7 0.159745 0.282777 
2.1 0.7 0.177881 0.320611 
2.15 0.7 0.189473 0.359474 
2.2 0.7 0.194223 0.397961 
2.25 0.7 0.192063 0.43496 
2.3 0.7 0.183133 0.469576 
2.35 0.7 0.167778 0.501051 
2.4 0.7 0.146539 0.528694 
2.45 0.7 0.120145 0.551859 
2.5 0.7 0.0895023 0.569943 
2.55 0.7 0.0556788 0.582424 
2.6 0.7 0.0198675 0.588911 
2.65 0.7 -0.016655 0.589187 
2.7 0.7 -0.0525814 0.583244 
2.75 0.7 -0.0866302 0.571278 
2.8 0.7 -0.117599 0.55367 
2.85 0.7 -0.144408 0.530931 
2.9 0.7 -0.166135 0.503658 
2.95 0.7 -0.182034 0.472495 
3 0.7 -0.191549 0.438128 
3.05 0.7 -0.194317 0.401306 
3.1 0.7 -0.190177 0.36291 
3.15 0.7 -0.179181 0.324028 
3.2 0.7 -0.161606 0.286038 
3.25 0.7 -0.137969 0.250643 
3.3 0.7 -0.109044 0.219824 
3.35 0.7 -0.0758532 0.195663 
3.4 0.7 -0.0396454 0.18005 
3.45 0.7 -0.00184336 0.174339 
3.5 0.7 0.0360332 0.17905 
3.55 0.7 0.0724602 0.193752 
3.6 0.7 0.106002 0.217164 
3.65 0.7 0.135389 0.24743 
3.7 0.7 0.159576 0.282472 
3.75 0.7 0.177767 0.320292 
3.8 0.7 0.189416 0.359154 
3.85 0.7 0.194226 0.39765 
3.9 0.7 0.192125 0.434666 
3.95 0.7 0.183252 0.469306 
4 0.7 0.16795 0.50081 
4.05 0.7 0.146758 0.528488 
4.1 0.7 0.120404 0.551691 
4.15 0.7 0.0897944 0.569816 
4.2 0.7 0.0559949 0.58234 
4.25 0.7 0.0201993 0.588866 
4.3 0.7 -0.0163145 0.589175 
4.35 0.7 -0.0522368 0.583253 
4.4 0.7 -0.0862822 0.571296 
4.45 0.7 -0.117243 0.553676 
4.5 0.7 -0.144033 0.530904 
4.55 0.7 -0.165724 0.503573 
4.6 0.7 -0.181562 0.472329 
4.65 0.7 -0.190982 0.437859 
4.7 0.7 -0.193617 0.40092 
4.75 0.7 -0.189304 0.362404 
4.8 0.7 -0.178094 0.323419 
4.85 0.7 -0.160272 0.285369 
4.9 0.7 -0.136373 0.249986 
4.95 0.7 -0.107198 0.219277 
5 0.7 -0.0738127 0.19534 
0 0.75 -0.0865359 0.190951 
0.05 0.75 -0.0597617 0.169116 
0.1 0.75 -0.0305952 0.155109 
0.15 0.75 -0.000171431 0.150142 
0.2 0.75 0.0302864 0.154666 
0.25 0.75 0.0595458 0.168261 
0.3 0.75 0.0864449 0.189733 
0.35 0.75 0.10996 0.217369 
0.4 0.75 0.129249 0.249259 
0.45 0.75 0.143681 0.283568 
0.5 0.75 0.152828 0.318702 
0.55 0.75 0.156466 0.353367 
0.6 0.75 0.154551 0.386543 
0.65 0.75 0.147212 0.417417 
0.7 0.75 0.134737 0.445317 
0.75 0.75 0.117567 0.469661 
0.8 0.75 0.0962947 0.489925 
0.85 0.75 0.0716476 0.505646 
0.9 0.75 0.0444782 0.516436 
0.95 0.75 0.0157365 0.52201 
1 0.75 -0.0135633 0.522215 
1.05 0.75 -0.0423839 0.517045 
1.1 0.75 -0.0697077 0.50664 
1.15 0.75 -0.0945777 0.491276 
1.2 0.75 -0.116132 0.471332 
1.25 0.75 -0.133631 0.447266 
1.3 0.75 -0.14647 0.419595 
1.35 0.75 -0.154193 0.388896 
1.4 0.75 -0.156498 0.355832 
1.45 0.75 -0.15324 0.321203 
1.5 0.75 -0.144445 0.286014 
1.55 0.75 -0.130322 0.251543 
1.6 0.75 -0.111277 0.219368 
1.65 0.75 -0.0879287 0.191322 
1.7 0.75 -0.0611027 0.169331 
1.75 0.75 -0.0318163 0.155142 
1.8 0.75 -0.00123341 0.150002 
1.85 0.75 0.0294004 0.154385 
1.9 0.75 0.0588364 0.167886 
1.95 0.75 0.0859013 0.189313 
2 0.75 0.109565 0.216945 
2.05 0.75 0.128983 0.248861 
2.1 0.75 0.143522 0.283212 
2.15 0.75 0.152759 0.318398 
2.2 0.75 0.156469 0.353115 
2.25 0.75 0.154612 0.386341 
2.3 0.75 0.147318 0.41726 
2.35 0.75 0.134878 0.445202 
2.4 0.75 0.117736 0.469585 
2.45 0.75 0.0964826 0.489886 
2.5 0.75 0.071848 0.505642 
2.55 0.75 0.0446845 0.516467 
2.6 0.75 0.0159424 0.522075 
2.65 0.75 -0.0133642 0.522314 
2.7 0.75 -0.0421977 0.517176 
2.75 0.75 -0.0695402 0.506802 
2.8 0.75 -0.0944343 0.491468 
2.85 0.75 -0.116018 0.471551 
2.9 0.75 -0.133549 0.447509 
2.95 0.75 -0.146425 0.41986 
3 0.75 -0.154188 0.389178 
3.05 0.75 -0.156533 0.356127 
3.1 0.75 -0.153316 0.321503 
3.15 0.75 -0.144562 0.286311 
3.2 0.75 -0.130477 0.251825 
3.25 0.75 -0.111468 0.219622 
3.3 0.75 -0.088148 0.191532 
3.35 0.75 -0.061344 0.169482 
3.4 0.75 -0.0320708 0.155222 
3.45 0.75 -0.00149126 0.150003 
3.5 0.75 0.0291494 0.154308 
3.55 0.75 0.058602 0.167738 
3.6 0.75 0.0856926 0.189106 
3.65 0.75 0.109389 0.216695 
3.7 0.75 0.128847 0.248584 
3.75 0.75 0.143431 0.282924 
3.8 0.75 0.152714 0.318109 
3.85 0.75 0.156471 0.352836 
3.9 0.75 0.154661 0.386078 
3.95 0.75 0.147412 0.41702 
4 0.75 0.135013 0.444989 
4.05 0.75 0.117908 0.469401 
4.1 0.75 0.0966856 0.489735 
4.15 0.75 0.0720755 0.505525 
4.2 0.75 0.0449296 0.516382 
4.25 0.75 0.0161984 0.522019 
4.3 0.75 -0.0131027 0.522279 
4.35 0.75 -0.0419339 0.517152 
4.4 0.75 -0.0692742 0.506775 
4.45 0.75 -0.0941618 0.49142 
4.5 0.75 -0.115729 0.471462 
4.55 0.75 -0.133229 0.447358 
4.6 0.75 -0.146051 0.419624 
4.65 0.75 -0.153732 0.38884 
4.7 0.75 -0.155964 0.355675 
4.75 0.75 -0.1526 0.320939 
4.8 0.75 -0.143667 0.285653 
4.85 0.75 -0.12938 0.251116 
4.9 0.75 -0.11016 0.21893 
4.95 0.75 -0.0866441 0.190951 
5 0.75 -0.0596868 0.169116 
0 0.8 -0.0640713 0.158753 
0.05 0.8 -0.0442537 0.140128 
0.1 0.8 -0.0226501 0.128186 
0.15 0.8 -0.000114743 0.123961 
0.2 0.8 0.0224374 0.127833 
0.25 0.8 0.044086 0.139441 
0.3 0.8 0.063965 0.157764 
0.35 0.8 0.0813143 0.181335 
0.4 0.8 0.0955145 0.208519 
0.45 0.8 0.106104 0.237739 
0.5 0.8 0.112778 0.267625 
0.55 0.8 0.11538 0.297058 
0.6 0.8 0.113892 0.325157 
0.65 0.8 0.108416 0.351226 
0.7 0.8 0.0991739 0.374697 
0.75 0.8 0.086495 0.395094 
0.8 0.8 0.0708166 0.412004 
0.85 0.8 0.0526747 0.425074 
0.9 0.8 0.0326931 0.434018 
0.95 0.8 0.0115655 0.438629 
1 0.8 -0.00996903 0.438798 
1.05 0.8 -0.0311544 0.434521 
1.1 0.8 -0.0512487 0.425898 
1.15 0.8 -0.0695535 0.413128 
1.2 0.8 -0.085438 0.396489 
1.25 0.8 -0.0983578 0.37633 
1.3 0.8 -0.107867 0.353057 
1.35 0.8 -0.113624 0.327141 
1.4 0.8 -0.115398 0.29914 
1.45 0.8 -0.113074 0.26974 
1.5 0.8 -0.106659 0.239809 
1.55 0.8 -0.0962959 0.210452 
1.6 0.8 -0.0822752 0.183027 
1.65 0.8 -0.0650468 0.159112 
1.7 0.8 -0.0452205 0.140354 
1.75 0.8 -0.0235526 0.128249 
1.8 0.8 -0.000913107 0.123864 
1.85 0.8 0.0217646 0.127604 
1.9 0.8 0.0435445 0.139122 
1.95 0.8 0.0635494 0.157398 
2 0.8 0.0810126 0.180963 
2.05 0.8 0.0953116 0.208167 
2.1 0.8 0.105984 0.237426 
2.15 0.8 0.112726 0.267358 
2.2 0.8 0.115383 0.296839 
2.25 0.8 0.113938 0.324983 
2.3 0.8 0.108497 0.351093 
2.35 0.8 0.0992801 0.374602 
2.4 0.8 0.0866208 0.395034 
2.45 0.8 0.0709563 0.411976 
2.5 0.8 0.0528232 0.425077 
2.55 0.8 0.0328457 0.43405 
2.6 0.8 0.0117174 0.438689 
2.65 0.8 -0.00982226 0.438887 
2.7 0.8 -0.0310171 0.434637 
2.75 0.8 -0.0511252 0.42604 
2.8 0.8 -0.0694476 0.413294 
2.85 0.8 -0.0853533 0.396678 
2.9 0.8 -0.0982973 0.376539 
2.95 0.8 -0.107833 0.353284 
3 0.8 -0.113619 0.327383 
3.05 0.8 -0.115423 0.299393 
3.1 0.8 -0.11313 0.269998 
3.15 0.8 -0.106745 0.240064 
3.2 0.8 -0.0964102 0.210694 
3.25 0.8 -0.0824153 0.183245 
3.3 0.8 -0.0652087 0.159292 
3.35 0.8 -0.0453989 0.140483 
3.4 0.8 -0.023741 0.128318 
3.45 0.8 -0.00110402 0.123865 
3.5 0.8 0.0215787 0.127538 
3.55 0.8 0.0433711 0.138995 
3.6 0.8 0.0633952 0.157222 
3.65 0.8 0.0808832 0.18075 
3.7 0.8 0.0952116 0.207933 
3.75 0.8 0.105916 0.237181 
3.8 0.8 0.112692 0.267113 
3.85 0.8 0.115384 0.296602 
3.9 0.8 0.113973 0.324761 
3.95 0.8 0.108564 0.35089 
4 0.8 0.0993776 0.374422 
4.05 0.8 0.0867445 0.394878 
4.1 0.8 0.0711018 0.411846 
4.15 0.8 0.0529856 0.424973 
4.2 0.8 0.0330197 0.43397 
4.25 0.8 0.0118981 0.43863 
4.3 0.8 -0.00963872 0.43884 
4.35 0.8 -0.0308331 0.434594 
4.4 0.8 -0.0509405 0.425988 
4.45 0.8 -0.0692586 0.413218 
4.5 0.8 -0.0851523 0.39656 
4.55 0.8 -0.0980722 0.376362 
4.6 0.8 -0.107567 0.35303 
4.65 0.8 -0.11329 0.327036 
4.7 0.8 -0.115008 0.298946 
4.75 0.8 -0.112603 0.269454 
4.8 0.8 -0.106084 0.239443 
4.85 0.8 -0.0956025 0.210034 
4.9 0.8 -0.0814609 0.182608 
4.95 0.8 -0.0641247 0.158753 
5 0.8 -0.0442165 0.140128 
0 0.85 -0.0415172 0.122871 
0.05 0.85 -0.0286713 0.10837 
0.1 0.85 -0.0146707 0.0990857 
0.15 0.85 -7.60133e-05 0.0958072 
0.2 0.85 0.0145194 0.0988243 
0.25 0.85 0.0285178 0.107857 
0.3 0.85 0.0413567 0.122116 
0.35 0.85 0.0525433 0.140468 
0.4 0.85 0.0616796 0.161643 
0.45 0.85 0.0684718 0.184411 
0.5 0.85 0.07273 0.207696 
0.55 0.85 0.074361 0.230616 
0.6 0.85 0.0733585 0.252474 
0.65 0.85 0.069795 0.27272 
0.7 0.85 0.063816 0.290911 
0.75 0.85 0.0556365 0.306683 
0.8 0.85 0.045538 0.319728 
0.85 0.85 0.0338644 0.329789 
0.9 0.85 0.0210151 0.33666 
0.95 0.85 0.00743361 0.340199 
1 0.85 -0.00640782 0.340329 
1.05 0.85 -0.0200263 0.337046 
1.1 0.85 -0.0329478 0.330422 
1.15 0.85 -0.0447257 0.320593 
1.2 0.85 -0.0549563 0.30776 
1.25 0.85 -0.0632903 0.292173 
1.3 0.85 -0.0694402 0.274138 
1.35 0.85 -0.0731845 0.254012 
1.4 0.85 -0.0743709 0.232232 
1.45 0.85 -0.0729191 0.209338 
1.5 0.85 -0.0688274 0.186018 
1.55 0.85 -0.0621806 0.163143 
1.6 0.85 -0.0531597 0.141781 
1.65 0.85 -0.0420506 0.123162 
1.7 0.85 -0.0292458 0.108568 
1.75 0.85 -0.0152365 0.0991557 
1.8 0.85 -0.000590776 0.0957465 
1.85 0.85 0.01408 0.0986539 
1.9 0.85 0.0281626 0.10761 
1.95 0.85 0.0410842 0.12183 
2 0.85 0.0523463 0.140174 
2.05 0.85 0.0615481 0.161364 
2.1 0.85 0.0683952 0.184162 
2.15 0.85 0.0726981 0.207483 
2.2 0.85 0.0743647 0.230442 
2.25 0.85 0.0733901 0.252337 
2.3 0.85 0.0698483 0.272616 
2.35 0.85 0.0638859 0.290839 
2.4 0.85 0.0557186 0.306639 
2.45 0.85 0.0456287 0.319709 
2.5 0.85 0.0339606 0.329794 
2.55 0.85 0.0211136 0.336688 
2.6 0.85 0.00753153 0.340249 
2.65 0.85 -0.00631331 0.340401 
2.7 0.85 -0.0199379 0.337139 
2.75 0.85 -0.0328682 0.330534 
2.8 0.85 -0.0446574 0.320725 
2.85 0.85 -0.0549016 0.307909 
2.9 0.85 -0.0632511 0.292338 
2.95 0.85 -0.0694181 0.274316 
3 0.85 -0.0731809 0.254202 
3.05 0.85 -0.0743865 0.23243 
3.1 0.85 -0.0729544 0.20954 
3.15 0.85 -0.0688822 0.186217 
3.2 0.85 -0.0622539 0.163332 
3.25 0.85 -0.0532499 0.141951 
3.3 0.85 -0.042155 0.123303 
3.35 0.85 -0.029361 0.10867 
3.4 0.85 -0.0153582 0.0992093 
3.45 0.85 -0.000714264 0.0957478 
3.5 0.85 0.0139597 0.0986031 
3.55 0.85 0.0280505 0.107512 
3.6 0.85 0.0409845 0.121693 
3.65 0.85 0.0522629 0.140009 
3.7 0.85 0.0614836 0.161181 
3.75 0.85 0.0683516 0.183971 
3.8 0.85 0.0726764 0.207293 
3.85 0.85 0.0743652 0.230258 
3.9 0.85 0.0734124 0.252164 
3.95 0.85 0.0698912 0.272458 
4 0.85 0.0639475 0.290698 
4.05 0.85 0.0557966 0.306517 
4.1 0.85 0.0457201 0.319607 
4.15 0.85 0.034062 0.32971 
4.2 0.85 0.0212218 0.336622 
4.25 0.85 0.00764311 0.340196 
4.3 0.85 -0.0062009 0.340355 
4.35 0.85 -0.0198262 0.337093 
4.4 0.85 -0.032757 0.330478 
4.45 0.85 -0.0445442 0.320646 
4.5 0.85 -0.0547813 0.307794 
4.55 0.85 -0.0631154 0.292174 
4.6 0.85 -0.0692557 0.274089 
4.65 0.85 -0.0729775 0.253901 
4.7 0.85 -0.0741261 0.23205 
4.75 0.85 -0.0726211 0.209085 
4.8 0.85 -0.0684633 0.185706 
4.85 0.85 -0.0617447 0.162798 
4.9 0.85 -0.0526586 0.141441 
4.95 0.85 -0.041505 0.122871 
5 0.85 -0.0286794 0.10837 
0 0.9 -0.0212572 0.0838593 
0.05 0.9 -0.0146503 0.0740702 
0.1 0.9 -0.0074874 0.0678184 
0.15 0.9 -4.27564e-05 0.0656155 
0.2 0.9 0.00739176 0.067649 
0.25 0.9 0.0145146 0.0737332 
0.3 0.9 0.021039 0.0833455 
0.35 0.9 0.0267139 0.0957329 
0.4 0.9 0.0313383 0.110045 
0.45 0.9 0.0347656 0.125454 
0.5 0.9 0.0369033 0.141228 
0.55 0.9 0.0377078 0.156762 
0.6 0.9 0.0371795 0.171575 
0.65 0.9 0.0353574 0.185289 
0.7 0.9 0.0323167 0.1976 
0.75 0.9 0.0281667 0.208261 
0.8 0.9 0.0230494 0.217067 
0.85 0.9 0.0171383 0.223851 
0.9 0.9 0.0106345 0.22848 
0.95 0.9 0.00376153 0.230862 
1 0.9 -0.0032425 0.230949 
1.05 0.9 -0.0101341 0.22874 
1.1 0.9 -0.0166744 0.224277 
1.15 0.9 -0.0226383 0.21765 
1.2 0.9 -0.0278224 0.208987 
1.25 0.9 -0.0320506 0.198452 
1.3 0.9 -0.0351778 0.186247 
1.35 0.9 -0.0370913 0.172615 
1.4 0.9 -0.0377128 0.157855 
1.45 0.9 -0.0369992 0.142338 
1.5 0.9 -0.0349461 0.12654 
1.55 0.9 -0.0315927 0.111058 
1.6 0.9 -0.0270271 0.0966181 
1.65 0.9 -0.0213915 0.0840512 
1.7 0.9 -0.0148844 0.0742145 
1.75 0.9 -0.00775683 0.0678772 
1.8 0.9 -0.000300826 0.0655833 
1.85 0.9 0.00716809 0.0675396 
1.9 0.9 0.0143335 0.0735694 
1.95 0.9 0.0209006 0.0831525 
2 0.9 0.0266148 0.0955328 
2.05 0.9 0.031273 0.109855 
2.1 0.9 0.0347284 0.125284 
2.15 0.9 0.0368888 0.141082 
2.2 0.9 0.0377113 0.156642 
2.25 0.9 0.037197 0.171481 
2.3 0.9 0.0353856 0.185218 
2.35 0.9 0.0323531 0.197551 
2.4 0.9 0.0282089 0.208231 
2.45 0.9 0.0230958 0.217056 
2.5 0.9 0.0171872 0.223856 
2.55 0.9 0.0106845 0.2285 
2.6 0.9 0.00381115 0.230898 
2.65 0.9 -0.00319464 0.231 
2.7 0.9 -0.0100894 0.228804 
2.75 0.9 -0.0166342 0.224355 
2.8 0.9 -0.0226037 0.217741 
2.85 0.9 -0.0277946 0.209089 
2.9 0.9 -0.0320306 0.198565 
2.95 0.9 -0.0351664 0.186369 
3 0.9 -0.0370892 0.172745 
3.05 0.9 -0.0377204 0.15799 
3.1 0.9 -0.0370167 0.142476 
3.15 0.9 -0.0349736 0.126676 
3.2 0.9 -0.0316297 0.111186 
3.25 0.9 -0.0270727 0.0967336 
3.3 0.9 -0.0214444 0.0841465 
3.35 0.9 -0.014943 0.0742829 
3.4 0.9 -0.00781874 0.0679134 
3.45 0.9 -0.000363668 0.0655843 
3.5 0.9 0.0071069 0.0675055 
3.55 0.9 0.0142765 0.0735035 
3.6 0.9 0.02085 0.0830604 
3.65 0.9 0.0265724 0.0954214 
3.7 0.9 0.0312403 0.109731 
3.75 0.9 0.0347064 0.125154 
3.8 0.9 0.0368779 0.140953 
3.85 0.9 0.0377116 0.156517 
3.9 0.9 0.0372081 0.171364 
3.95 0.9 0.0354071 0.185111 
4 0.9 0.0323838 0.197455 
4.05 0.9 0.0282477 0.208148 
4.1 0.9 0.023141 0.216985 
4.15 0.9 0.0172372 0.223798 
4.2 0.9 0.0107375 0.228453 
4.25 0.9 0.00386542 0.230858 
4.3 0.9 -0.00314052 0.230964 
4.35 0.9 -0.0100362 0.228767 
4.4 0.9 -0.0165819 0.22431 
4.45 0.9 -0.0225511 0.217679 
4.5 0.9 -0.027739 0.209002 
4.55 0.9 -0.0319678 0.198442 
4.6 0.9 -0.0350902 0.186203 
4.65 0.9 -0.0369923 0.172528 
4.7 0.9 -0.0375944 0.15772 
4.75 0.9 -0.0368534 0.142157 
4.8 0.9 -0.0347673 0.126322 
4.85 0.9 -0.031381 0.110822 
4.9 0.9 -0.0267945 0.0963916 
4.95 0.9 -0.0211685 0.0838593 
5 0.9 -0.0147115 0.0740702 
0 0.95 -0.00627455 0.0425542 
0.05 0.95 -0.00424236 0.0376864 
0.1 0.95 -0.00215356 0.0345927 
0.15 0.95 -1.30808e-05 0.0335049 
0.2 0.95 0.00211729 0.034512 
0.25 0.95 0.00415558 0.0375247 
0.3 0.95 0.00601976 0.0422909 
0.35 0.95 0.00763785 0.0484444 
0.4 0.95 0.00895276 0.055569 
0.45 0.95 0.00992377 0.0632546 
0.5 0.95 0.0105259 0.0711355 
0.55 0.95 0.0107481 0.0789066 
0.6 0.95 0.0105917 0.0863231 
0.65 0.95 0.0100684 0.0931915 
0.7 0.95 0.00919975 0.0993574 
0.75 0.95 0.00801677 0.104696 
0.8 0.95 0.00655955 0.109103 
0.85 0.95 0.00487706 0.112497 
0.9 0.95 0.00302621 0.114812 
0.95 0.95 0.00107041 0.116003 
1 0.95 -0.00092267 0.116046 
1.05 0.95 -0.0028838 0.114942 
1.1 0.95 -0.00474507 0.11271 
1.15 0.95 -0.00644262 0.109395 
1.2 0.95 -0.00791888 0.105059 
1.25 0.95 -0.00912412 0.0997839 
1.3 0.95 -0.0100174 0.0936711 
1.35 0.95 -0.0105668 0.0868435 
1.4 0.95 -0.0107498 0.0794529 
1.45 0.95 -0.0105536 0.07169 
1.5 0.95 -0.00997573 0.063796 
1.55 0.95 -0.00902599 0.056073 
1.6 0.95 -0.00772798 0.0488847 
1.65 0.95 -0.00612117 0.0426417 
1.7 0.95 -0.00426177 0.0377645 
1.75 0.95 -0.00222185 0.0346271 
1.8 0.95 -8.61979e-05 0.0334924 
1.85 0.95 0.00205322 0.0344601 
1.9 0.95 0.00410415 0.037445 
1.95 0.95 0.00598101 0.0421958 
2 0.95 0.00761053 0.0483451 
2.05 0.95 0.00893519 0.0554738 
2.1 0.95 0.0099142 0.0631689 
2.15 0.95 0.0105227 0.0710621 
2.2 0.95 0.0107499 0.0788463 
2.25 0.95 0.0105973 0.0862757 
2.3 0.95 0.0100768 0.093156 
2.35 0.95 0.00921039 0.0993328 
2.4 0.95 0.00802899 0.104681 
2.45 0.95 0.00657287 0.109098 
2.5 0.95 0.00489104 0.1125 
2.55 0.95 0.00304045 0.114822 
2.6 0.95 0.00108452 0.116021 
2.65 0.95 -0.000909071 0.116072 
2.7 0.95 -0.00287109 0.114974 
2.75 0.95 -0.00473362 0.112749 
2.8 0.95 -0.00643277 0.10944 
2.85 0.95 -0.00791094 0.10511 
2.9 0.95 -0.00911838 0.0998407 
2.95 0.95 -0.0100141 0.0937326 
3 0.95 -0.0105661 0.0869088 
3.05 0.95 -0.0107519 0.0795208 
3.1 0.95 -0.0105585 0.0717589 
3.15 0.95 -0.00998346 0.0638639 
3.2 0.95 -0.00903643 0.0561372 
3.25 0.95 -0.00774093 0.0489422 
3.3 0.95 -0.00613625 0.042689 
3.35 0.95 -0.00427848 0.0377985 
3.4 0.95 -0.00223956 0.0346451 
3.45 0.95 -0.000104185 0.033493 
3.5 0.95 0.00203571 0.0344433 
3.55 0.95 0.00408784 0.0374124 
3.6 0.95 0.00596655 0.0421501 
3.65 0.95 0.00759846 0.0482897 
3.7 0.95 0.0089259 0.0554122 
3.75 0.95 0.00990794 0.0631045 
3.8 0.95 0.0105196 0.0709975 
3.85 0.95 0.01075 0.0787837 
3.9 0.95 0.0106004 0.0862168 
3.95 0.95 0.0100829 0.0931021 
4 0.95 0.00921904 0.0992846 
4.05 0.95 0.00803988 0.104639 
4.1 0.95 0.00658554 0.109062 
4.15 0.95 0.00490497 0.11247 
4.2 0.95 0.00305511 0.114798 
4.25 0.95 0.00109939 0.116 
4.3 0.95 -0.000894436 0.116053 
4.35 0.95 -0.00285696 0.114954 
4.4 0.95 -0.00472001 0.112724 
4.45 0.95 -0.00641936 0.109407 
4.5 0.95 -0.00789698 0.105064 
4.55 0.95 -0.00910263 0.0997763 
4.6 0.95 -0.00999477 0.0936461 
4.65 0.95 -0.010541 0.0867972 
4.7 0.95 -0.0107185 0.0793833 
4.75 0.95 -0.0105142 0.0715982 
4.8 0.95 -0.00992667 0.0636875 
4.85 0.95 -0.0089684 0.055958 
4.9 0.95 -0.00767132 0.0487775 
4.95 0.95 -0.00609833 0.0425542 
5 0.95 -0.00436454 0.0376864 
0 1 0 0 
0.05 1 0 0 
0.1 1 0 0 
0.15 1 0 0 
0.2 1 0 0 
0.25 1 0 0 
0.3 1 0 0 
0.35 1 0 0 
0.4 1 0 0 
0.45 1 0 0 
0.5 1 0 0 
0.55 1 0 0 
0.6 1 0 0 
0.65 1 0 0 
0.7 1 0 0 
0.75 1 0 0 
0.8 1 0 0 
0.85 1 0 0 
0.9 1 0 0 
0.95 1 0 0 
1 1 0 0 
1.05 1 0 0 
1.1 1 0 0 
1.15 1 0 0 
1.2 1 0 0 
1.25 1 0 0 
1.3 1 0 0 
1.35 1 0 0 
1.4 1 0 0 
1.45 1 0 0 
1.5 1 0 0 
1.55 1 0 0 
1.6 1 0 0 
1.65 1 0 0 
1.7 1 0 0 
1.75 1 0 0 
1.8 1 0 0 
1.85 1 0 0 
1.9 1 0 0 
1.95 1 0 0 
2 1 0 0 
2.05 1 0 0 
2.1 1 0 0 
2.15 1 0 0 
2.2 1 0 0 
2.25 1 0 0 
2.3 1 0 0 
2.35 1 0 0 
2.4 1 0 0 
2.45 1 0 0 
2.5 1 0 0 
2.55 1 0 0 
2.6 1 0 0 
2.65 1 0 0 
2.7 1 0 0 
2.75 1 0 0 
2.8 1 0 0 
2.85 1 0 0 
2.9 1 0 0 
2.95 1 0 0 
3 1 0 0 
3.05 1 0 0 
3.1 1 0 0 
3.15 1 0 0 
3.2 1 0 0 
3.25 1 0 0 
3.3 1 0 0 
3.35 1 0 0 
3.4 1 0 0 
3.45 1 0 0 
3.5 1 0 0 
3.55 1 0 0 
3.6 1 0 0 
3.65 1 0 0 
3.7 1 0 0 
3.75 1 0 0 
3.8 1 0 0 
3.85 1 0 0 
3.9 1 0 0 
3.95 1 0 0 
4 1 0 0 
4.05 1 0 0 
4.1 1 0 0 
4.15 1 0 0 
4.2 1 0 0 
4.25 1 0 0 
4.3 1 0 0 
4.35 1 0 0 
4.4 1 0 0 
4.45 1 0 0 
4.5 1 0 0 
4.55 1 0 0 
4.6 1 0 0 
4.65 1 0 0 
4.7 1 0 0 
4.75 1 0 0 
4.8 1 0 0 
4.85 1 0 0 
4.9 1 0 0 
4.95 1 0 0 
5 1 0 0 
