x, y, ksi, T
#iter= 510000
0 0 0 1 
0.05 0 0 1 
0.1 0 0 1 
0.15 0 0 1 
0.2 0 0 1 
0.25 0 0 1 
0.3 0 0 1 
0.35 0 0 1 
0.4 0 0 1 
0.45 0 0 1 
0.5 0 0 1 
0.55 0 0 1 
0.6 0 0 1 
0.65 0 0 1 
0.7 0 0 1 
0.75 0 0 1 
0.8 0 0 1 
0.85 0 0 1 
0.9 0 0 1 
0.95 0 0 1 
1 0 0 1 
1.05 0 0 1 
1.1 0 0 1 
1.15 0 0 1 
1.2 0 0 1 
1.25 0 0 1 
1.3 0 0 1 
1.35 0 0 1 
1.4 0 0 1 
1.45 0 0 1 
1.5 0 0 1 
1.55 0 0 1 
1.6 0 0 1 
1.65 0 0 1 
1.7 0 0 1 
1.75 0 0 1 
1.8 0 0 1 
1.85 0 0 1 
1.9 0 0 1 
1.95 0 0 1 
2 0 0 1 
2.05 0 0 1 
2.1 0 0 1 
2.15 0 0 1 
2.2 0 0 1 
2.25 0 0 1 
2.3 0 0 1 
2.35 0 0 1 
2.4 0 0 1 
2.45 0 0 1 
2.5 0 0 1 
2.55 0 0 1 
2.6 0 0 1 
2.65 0 0 1 
2.7 0 0 1 
2.75 0 0 1 
2.8 0 0 1 
2.85 0 0 1 
2.9 0 0 1 
2.95 0 0 1 
3 0 0 1 
3.05 0 0 1 
3.1 0 0 1 
3.15 0 0 1 
3.2 0 0 1 
3.25 0 0 1 
3.3 0 0 1 
3.35 0 0 1 
3.4 0 0 1 
3.45 0 0 1 
3.5 0 0 1 
3.55 0 0 1 
3.6 0 0 1 
3.65 0 0 1 
3.7 0 0 1 
3.75 0 0 1 
3.8 0 0 1 
3.85 0 0 1 
3.9 0 0 1 
3.95 0 0 1 
4 0 0 1 
4.05 0 0 1 
4.1 0 0 1 
4.15 0 0 1 
4.2 0 0 1 
4.25 0 0 1 
4.3 0 0 1 
4.35 0 0 1 
4.4 0 0 1 
4.45 0 0 1 
4.5 0 0 1 
4.55 0 0 1 
4.6 0 0 1 
4.65 0 0 1 
4.7 0 0 1 
4.75 0 0 1 
4.8 0 0 1 
4.85 0 0 1 
4.9 0 0 1 
4.95 0 0 1 
5 0 0 1 
0 0.05 -0.006215 0.889192 
0.05 0.05 -0.00427912 0.88615 
0.1 0.05 -0.00225708 0.884314 
0.15 0.05 -0.000204384 0.883668 
0.2 0.05 0.00182642 0.884199 
0.25 0.05 0.00377578 0.885885 
0.3 0.05 0.00558271 0.888684 
0.35 0.05 0.00718945 0.892539 
0.4 0.05 0.00854434 0.897377 
0.45 0.05 0.00960344 0.903103 
0.5 0.05 0.0103313 0.909606 
0.55 0.05 0.0107015 0.91675 
0.6 0.05 0.0106967 0.924365 
0.65 0.05 0.0103095 0.932236 
0.7 0.05 0.00954359 0.940094 
0.75 0.05 0.00841552 0.947603 
0.8 0.05 0.0069568 0.954375 
0.85 0.05 0.0052153 0.959988 
0.9 0.05 0.00325549 0.964036 
0.95 0.05 0.00115641 0.966194 
1 0.05 -0.000992747 0.966276 
1.05 0.05 -0.00309895 0.964275 
1.1 0.05 -0.00507245 0.960365 
1.15 0.05 -0.00683329 0.954862 
1.2 0.05 -0.0083158 0.948168 
1.25 0.05 -0.00947087 0.940706 
1.3 0.05 -0.0102659 0.932869 
1.35 0.05 -0.0106833 0.924997 
1.4 0.05 -0.0107187 0.917364 
1.45 0.05 -0.0103791 0.910189 
1.5 0.05 -0.00968137 0.903645 
1.55 0.05 -0.00865208 0.897871 
1.6 0.05 -0.00732692 0.892979 
1.65 0.05 -0.00575062 0.889063 
1.7 0.05 -0.00397634 0.886198 
1.75 0.05 -0.00206453 0.884436 
1.8 0.05 -8.10653e-05 0.883814 
1.85 0.05 0.00190523 0.884342 
1.9 0.05 0.00382543 0.886011 
1.95 0.05 0.0056133 0.888788 
2 0.05 0.00720788 0.89262 
2.05 0.05 0.00855538 0.897435 
2.1 0.05 0.00961035 0.903141 
2.15 0.05 0.0103364 0.909626 
2.2 0.05 0.0107061 0.916755 
2.25 0.05 0.0107019 0.924358 
2.3 0.05 0.0103158 0.93222 
2.35 0.05 0.0095514 0.940072 
2.4 0.05 0.00842493 0.94758 
2.45 0.05 0.00696772 0.954353 
2.5 0.05 0.00522749 0.959971 
2.55 0.05 0.00326858 0.964028 
2.6 0.05 0.0011699 0.966196 
2.65 0.05 -0.000979399 0.96629 
2.7 0.05 -0.00308631 0.964301 
2.75 0.05 -0.00506107 0.960401 
2.8 0.05 -0.00682363 0.954906 
2.85 0.05 -0.00830825 0.948218 
2.9 0.05 -0.00946571 0.940759 
2.95 0.05 -0.0102633 0.932923 
3 0.05 -0.0106834 0.92505 
3.05 0.05 -0.0107215 0.917414 
3.1 0.05 -0.0103846 0.910235 
3.15 0.05 -0.00968939 0.903686 
3.2 0.05 -0.00866244 0.897906 
3.25 0.05 -0.00733936 0.893008 
3.3 0.05 -0.00576477 0.889084 
3.35 0.05 -0.00399178 0.88621 
3.4 0.05 -0.00208076 0.88444 
3.45 0.05 -9.75496e-05 0.883808 
3.5 0.05 0.00188906 0.884327 
3.55 0.05 0.00381011 0.885987 
3.6 0.05 0.00559939 0.888755 
3.65 0.05 0.00719589 0.892578 
3.7 0.05 0.00854575 0.897384 
3.75 0.05 0.00960348 0.903083 
3.8 0.05 0.0103326 0.909561 
3.85 0.05 0.0107057 0.916685 
3.9 0.05 0.0107051 0.924284 
3.95 0.05 0.0103227 0.932145 
4 0.05 0.00956206 0.939999 
4.05 0.05 0.00843925 0.947512 
4.1 0.05 0.00698548 0.954296 
4.15 0.05 0.00524828 0.95993 
4.2 0.05 0.00329181 0.964008 
4.25 0.05 0.00119481 0.966203 
4.3 0.05 -0.000953715 0.966326 
4.35 0.05 -0.00306085 0.964368 
4.4 0.05 -0.00503689 0.960499 
4.45 0.05 -0.00680186 0.955034 
4.5 0.05 -0.00829015 0.948374 
4.55 0.05 -0.00945278 0.94094 
4.6 0.05 -0.0102575 0.933127 
4.65 0.05 -0.0106876 0.925272 
4.7 0.05 -0.0107398 0.917652 
4.75 0.05 -0.010423 0.910483 
4.8 0.05 -0.00975723 0.903935 
4.85 0.05 -0.00877385 0.89814 
4.9 0.05 -0.00751669 0.893201 
4.95 0.05 -0.00604212 0.889192 
5 0.05 -0.00439967 0.88615 
0 0.1 -0.0209832 0.779503 
0.05 0.1 -0.0146722 0.773513 
0.1 0.1 -0.00778437 0.769832 
0.15 0.1 -0.000658302 0.768523 
0.2 0.1 0.00644238 0.769573 
0.25 0.1 0.0132769 0.772936 
0.3 0.1 0.0196189 0.778527 
0.35 0.1 0.0252597 0.786229 
0.4 0.1 0.0300146 0.795888 
0.45 0.1 0.0337268 0.80732 
0.5 0.1 0.0362704 0.820303 
0.55 0.1 0.037552 0.834566 
0.6 0.1 0.0375122 0.849779 
0.65 0.1 0.0361281 0.86552 
0.7 0.1 0.033417 0.881257 
0.75 0.1 0.0294425 0.896325 
0.8 0.1 0.0243196 0.909942 
0.85 0.1 0.0182191 0.921251 
0.9 0.1 0.0113668 0.929422 
0.95 0.1 0.00403637 0.933784 
1 0.1 -0.00346578 0.933949 
1.05 0.1 -0.0108207 0.929905 
1.1 0.1 -0.0177201 0.922011 
1.15 0.1 -0.0238875 0.910921 
1.2 0.1 -0.029093 0.897459 
1.25 0.1 -0.0331617 0.882482 
1.3 0.1 -0.0359747 0.866784 
1.35 0.1 -0.0374652 0.851038 
1.4 0.1 -0.037613 0.835787 
1.45 0.1 -0.0364394 0.821459 
1.5 0.1 -0.0340024 0.808394 
1.55 0.1 -0.0303951 0.796864 
1.6 0.1 -0.0257438 0.787094 
1.65 0.1 -0.0202071 0.779269 
1.7 0.1 -0.013973 0.773539 
1.75 0.1 -0.0072549 0.770016 
1.8 0.1 -0.000284748 0.768771 
1.85 0.1 0.00669536 0.769828 
1.9 0.1 0.013443 0.773166 
1.95 0.1 0.0197249 0.778719 
2 0.1 0.0253261 0.786377 
2.05 0.1 0.0300562 0.795994 
2.1 0.1 0.0337541 0.807388 
2.15 0.1 0.0362909 0.820336 
2.2 0.1 0.0375708 0.834571 
2.25 0.1 0.0375327 0.849761 
2.3 0.1 0.0361523 0.865485 
2.35 0.1 0.0334461 0.881211 
2.4 0.1 0.0294768 0.896276 
2.45 0.1 0.0243589 0.909897 
2.5 0.1 0.0182626 0.921216 
2.55 0.1 0.0114132 0.929404 
2.6 0.1 0.00408391 0.933787 
2.65 0.1 -0.00341889 0.933977 
2.7 0.1 -0.0107764 0.929957 
2.75 0.1 -0.0176802 0.922083 
2.8 0.1 -0.0238536 0.911009 
2.85 0.1 -0.0290665 0.897559 
2.9 0.1 -0.0331436 0.882589 
2.95 0.1 -0.0359657 0.866892 
3 0.1 -0.0374656 0.851144 
3.05 0.1 -0.0376231 0.835888 
3.1 0.1 -0.0364588 0.821552 
3.15 0.1 -0.0340308 0.808477 
3.2 0.1 -0.0304318 0.796935 
3.25 0.1 -0.0257878 0.787151 
3.3 0.1 -0.020257 0.77931 
3.35 0.1 -0.0140274 0.773564 
3.4 0.1 -0.00731204 0.770024 
3.45 0.1 -0.00034274 0.76876 
3.5 0.1 0.0066385 0.769798 
3.55 0.1 0.0133892 0.773118 
3.6 0.1 0.0196762 0.778652 
3.65 0.1 0.0252841 0.786293 
3.7 0.1 0.0300226 0.795894 
3.75 0.1 0.0337304 0.807272 
3.8 0.1 0.0362781 0.820207 
3.85 0.1 0.0375699 0.834431 
3.9 0.1 0.0375444 0.849613 
3.95 0.1 0.036177 0.865335 
4 0.1 0.033484 0.881064 
4.05 0.1 0.0295274 0.89614 
4.1 0.1 0.0244213 0.909781 
4.15 0.1 0.0183353 0.921133 
4.2 0.1 0.0114942 0.929364 
4.25 0.1 0.00417057 0.933799 
4.3 0.1 -0.00332968 0.934048 
4.35 0.1 -0.0106881 0.93009 
4.4 0.1 -0.0175965 0.922278 
4.45 0.1 -0.0237784 0.911264 
4.5 0.1 -0.029004 0.897867 
4.55 0.1 -0.0330991 0.882946 
4.6 0.1 -0.0359458 0.867292 
4.65 0.1 -0.0374793 0.851581 
4.7 0.1 -0.037683 0.836354 
4.75 0.1 -0.0365827 0.822037 
4.8 0.1 -0.0342427 0.808961 
4.85 0.1 -0.0307619 0.797384 
4.9 0.1 -0.0262678 0.787511 
4.95 0.1 -0.0208963 0.779503 
5 0.1 -0.014731 0.773513 
0 0.15 -0.040904 0.675186 
0.05 0.15 -0.028582 0.666406 
0.1 0.15 -0.0151317 0.660965 
0.15 0.15 -0.00115616 0.659008 
0.2 0.15 0.0128123 0.660548 
0.25 0.15 0.0262799 0.665522 
0.3 0.15 0.0387862 0.673802 
0.35 0.15 0.0499107 0.685203 
0.4 0.15 0.0592827 0.699492 
0.45 0.15 0.0665892 0.716386 
0.5 0.15 0.0715801 0.735554 
0.55 0.15 0.074072 0.7566 
0.6 0.15 0.0739508 0.779041 
0.65 0.15 0.0711766 0.802267 
0.7 0.15 0.0657912 0.825504 
0.75 0.15 0.0579272 0.84778 
0.8 0.15 0.0478182 0.867938 
0.85 0.15 0.0358042 0.884704 
0.9 0.15 0.0223293 0.896834 
0.95 0.15 0.007927 0.903313 
1 0.15 -0.00680786 0.903559 
1.05 0.15 -0.0212576 0.89755 
1.1 0.15 -0.0348241 0.88583 
1.15 0.15 -0.0469683 0.869386 
1.2 0.15 -0.0572387 0.849453 
1.25 0.15 -0.0652873 0.82731 
1.3 0.15 -0.0708731 0.804126 
1.35 0.15 -0.0738569 0.780888 
1.4 0.15 -0.0741914 0.758387 
1.45 0.15 -0.0719124 0.737243 
1.5 0.15 -0.0671308 0.717947 
1.55 0.15 -0.0600284 0.700901 
1.6 0.15 -0.050855 0.686438 
1.65 0.15 -0.0399247 0.674841 
1.7 0.15 -0.0276107 0.666339 
1.75 0.15 -0.0143366 0.661108 
1.8 0.15 -0.000562467 0.659258 
1.85 0.15 0.0132314 0.660828 
1.9 0.15 0.0265641 0.665786 
1.95 0.15 0.038973 0.674025 
2 0.15 0.0500312 0.685377 
2.05 0.15 0.0593609 0.699615 
2.1 0.15 0.0666431 0.71646 
2.15 0.15 0.0716225 0.735585 
2.2 0.15 0.0741119 0.756594 
2.25 0.15 0.0739942 0.779005 
2.3 0.15 0.0712272 0.802209 
2.35 0.15 0.0658511 0.825432 
2.4 0.15 0.0579971 0.847704 
2.45 0.15 0.0478974 0.867868 
2.5 0.15 0.0358912 0.88465 
2.55 0.15 0.0224215 0.896806 
2.6 0.15 0.00802129 0.903318 
2.65 0.15 -0.00671509 0.9036 
2.7 0.15 -0.02117 0.897626 
2.75 0.15 -0.0347454 0.885936 
2.8 0.15 -0.0469015 0.869517 
2.85 0.15 -0.0571864 0.849601 
2.9 0.15 -0.0652516 0.827467 
2.95 0.15 -0.0708554 0.804286 
3 0.15 -0.0738579 0.781045 
3.05 0.15 -0.0742114 0.758537 
3.1 0.15 -0.071951 0.737381 
3.15 0.15 -0.0671872 0.718071 
3.2 0.15 -0.0601012 0.701007 
3.25 0.15 -0.0509422 0.686524 
3.3 0.15 -0.0400237 0.674903 
3.35 0.15 -0.0277185 0.666377 
3.4 0.15 -0.0144497 0.66112 
3.45 0.15 -0.000677193 0.659242 
3.5 0.15 0.013119 0.660785 
3.55 0.15 0.0264579 0.665715 
3.6 0.15 0.0388768 0.673927 
3.65 0.15 0.0499486 0.685253 
3.7 0.15 0.0592951 0.699467 
3.75 0.15 0.0665967 0.71629 
3.8 0.15 0.0715979 0.735395 
3.85 0.15 0.0741109 0.756389 
3.9 0.15 0.074018 0.778788 
3.95 0.15 0.0712767 0.801988 
4 0.15 0.0659262 0.825215 
4.05 0.15 0.0580969 0.847503 
4.1 0.15 0.0480201 0.867697 
4.15 0.15 0.0360338 0.884526 
4.2 0.15 0.02258 0.896744 
4.25 0.15 0.00819053 0.903332 
4.3 0.15 -0.00654108 0.903701 
4.35 0.15 -0.0209978 0.897819 
4.4 0.15 -0.0345818 0.886219 
4.45 0.15 -0.046754 0.869885 
4.5 0.15 -0.0570629 0.850046 
4.55 0.15 -0.0651612 0.827981 
4.6 0.15 -0.0708095 0.804859 
4.65 0.15 -0.0738713 0.781668 
4.7 0.15 -0.0743039 0.759197 
4.75 0.15 -0.0721487 0.738061 
4.8 0.15 -0.0675222 0.718742 
4.85 0.15 -0.0606077 0.701623 
4.9 0.15 -0.0516423 0.687015 
4.95 0.15 -0.0408902 0.675186 
5 0.15 -0.0285892 0.666406 
0 0.2 -0.0630755 0.581412 
0.05 0.2 -0.0439809 0.570109 
0.1 0.2 -0.0231914 0.563074 
0.15 0.2 -0.00156542 0.560527 
0.2 0.2 0.0200814 0.562514 
0.25 0.2 0.0409723 0.568965 
0.3 0.2 0.0603789 0.579705 
0.35 0.2 0.0776374 0.594479 
0.4 0.2 0.0921644 0.612962 
0.45 0.2 0.10347 0.634771 
0.5 0.2 0.111165 0.659465 
0.55 0.2 0.114969 0.686533 
0.6 0.2 0.114709 0.715358 
0.65 0.2 0.110333 0.745169 
0.7 0.2 0.101917 0.774986 
0.75 0.2 0.0896777 0.803575 
0.8 0.2 0.0739847 0.829458 
0.85 0.2 0.0553696 0.851 
0.9 0.2 0.0345188 0.866594 
0.95 0.2 0.0122513 0.874927 
1 0.2 -0.0105239 0.875243 
1.05 0.2 -0.032864 0.867514 
1.1 0.2 -0.053855 0.852444 
1.15 0.2 -0.0726696 0.831314 
1.2 0.2 -0.0886105 0.805717 
1.25 0.2 -0.101135 0.777294 
1.3 0.2 -0.10986 0.747542 
1.35 0.2 -0.114559 0.717712 
1.4 0.2 -0.115149 0.688805 
1.45 0.2 -0.111674 0.661605 
1.5 0.2 -0.1043 0.636738 
1.55 0.2 -0.0933036 0.614721 
1.6 0.2 -0.079072 0.595996 
1.65 0.2 -0.0620932 0.580946 
1.7 0.2 -0.0429497 0.569891 
1.75 0.2 -0.0223035 0.563078 
1.8 0.2 -0.000874682 0.560667 
1.85 0.2 0.0205851 0.562714 
1.9 0.2 0.0413228 0.569171 
1.95 0.2 0.0606149 0.579887 
2 0.2 0.0777937 0.594621 
2.05 0.2 0.0922697 0.613058 
2.1 0.2 0.103546 0.634821 
2.15 0.2 0.111229 0.659471 
2.2 0.2 0.115031 0.686501 
2.25 0.2 0.114779 0.715294 
2.3 0.2 0.110415 0.745082 
2.35 0.2 0.102014 0.774886 
2.4 0.2 0.0897892 0.803472 
2.45 0.2 0.0741102 0.829365 
2.5 0.2 0.0555065 0.850929 
2.55 0.2 0.0346633 0.866557 
2.6 0.2 0.0123985 0.874933 
2.65 0.2 -0.0103794 0.875296 
2.7 0.2 -0.0327278 0.867612 
2.75 0.2 -0.0537326 0.852582 
2.8 0.2 -0.0725658 0.831484 
2.85 0.2 -0.0885294 0.805908 
2.9 0.2 -0.101079 0.777498 
2.95 0.2 -0.109832 0.747749 
3 0.2 -0.114561 0.717915 
3.05 0.2 -0.11518 0.688999 
3.1 0.2 -0.111734 0.661785 
3.15 0.2 -0.104387 0.636899 
3.2 0.2 -0.0934171 0.61486 
3.25 0.2 -0.0792079 0.596109 
3.3 0.2 -0.0622475 0.58103 
3.35 0.2 -0.0431177 0.569942 
3.4 0.2 -0.0224798 0.563096 
3.45 0.2 -0.00105337 0.560649 
3.5 0.2 0.0204101 0.56266 
3.55 0.2 0.0411578 0.569081 
3.6 0.2 0.0604657 0.579762 
3.65 0.2 0.0776658 0.594463 
3.7 0.2 0.092168 0.612869 
3.75 0.2 0.103475 0.634603 
3.8 0.2 0.111192 0.659229 
3.85 0.2 0.115031 0.686239 
3.9 0.2 0.114817 0.715018 
3.95 0.2 0.110492 0.744801 
4 0.2 0.10213 0.774609 
4.05 0.2 0.0899437 0.803216 
4.1 0.2 0.0742995 0.829147 
4.15 0.2 0.055726 0.850769 
4.2 0.2 0.0349067 0.866476 
4.25 0.2 0.012658 0.87495 
4.3 0.2 -0.0101127 0.875422 
4.35 0.2 -0.0324636 0.867853 
4.4 0.2 -0.0534808 0.852937 
4.45 0.2 -0.072337 0.831943 
4.5 0.2 -0.0883342 0.806462 
4.55 0.2 -0.10093 0.778133 
4.6 0.2 -0.109743 0.748452 
4.65 0.2 -0.114549 0.718673 
4.7 0.2 -0.115267 0.689794 
4.75 0.2 -0.111948 0.662594 
4.8 0.2 -0.104758 0.637689 
4.85 0.2 -0.0939715 0.61558 
4.9 0.2 -0.0799503 0.596694 
4.95 0.2 -0.0631233 0.581412 
5 0.2 -0.0439453 0.570109 
0 0.25 -0.0852181 0.502184 
0.05 0.25 -0.059293 0.488674 
0.1 0.25 -0.0311273 0.480244 
0.15 0.25 -0.00182036 0.477181 
0.2 0.25 0.0275352 0.479574 
0.25 0.25 0.0558783 0.48734 
0.3 0.25 0.0822068 0.500252 
0.35 0.25 0.105608 0.517967 
0.4 0.25 0.125281 0.540052 
0.45 0.25 0.140558 0.566013 
0.5 0.25 0.150913 0.595301 
0.55 0.25 0.15597 0.627298 
0.6 0.25 0.155509 0.661279 
0.65 0.25 0.149471 0.696349 
0.7 0.25 0.137973 0.731374 
0.75 0.25 0.121323 0.764924 
0.8 0.25 0.100033 0.79528 
0.85 0.25 0.0748275 0.820535 
0.9 0.25 0.0466327 0.838814 
0.95 0.25 0.0165465 0.848581 
1 0.25 -0.0142168 0.848951 
1.05 0.25 -0.0443998 0.839891 
1.1 0.25 -0.0727819 0.822225 
1.15 0.25 -0.0982545 0.797451 
1.2 0.25 -0.119877 0.767429 
1.25 0.25 -0.136909 0.734073 
1.3 0.25 -0.148823 0.699122 
1.35 0.25 -0.155298 0.664027 
1.4 0.25 -0.156203 0.629946 
1.45 0.25 -0.151586 0.597788 
1.5 0.25 -0.141659 0.568288 
1.55 0.25 -0.12679 0.542066 
1.6 0.25 -0.107497 0.519675 
1.65 0.25 -0.0844442 0.501606 
1.7 0.25 -0.0584246 0.488288 
1.75 0.25 -0.030344 0.480061 
1.8 0.25 -0.00118954 0.477144 
1.85 0.25 0.0280074 0.479621 
1.9 0.25 0.0562136 0.487421 
1.95 0.25 0.0824369 0.500333 
2 0.25 0.105764 0.518028 
2.05 0.25 0.125391 0.540083 
2.1 0.25 0.140643 0.56601 
2.15 0.25 0.150991 0.595263 
2.2 0.25 0.156053 0.627228 
2.25 0.25 0.155605 0.661182 
2.3 0.25 0.149584 0.696232 
2.35 0.25 0.138107 0.731247 
2.4 0.25 0.121477 0.764797 
2.45 0.25 0.100206 0.795167 
2.5 0.25 0.0750157 0.820451 
2.55 0.25 0.0468306 0.838771 
2.6 0.25 0.0167475 0.848589 
2.65 0.25 -0.0140201 0.849014 
2.7 0.25 -0.0442146 0.840007 
2.75 0.25 -0.0726156 0.822389 
2.8 0.25 -0.0981134 0.797652 
2.85 0.25 -0.119766 0.767655 
2.9 0.25 -0.136833 0.734314 
2.95 0.25 -0.148786 0.699367 
3 0.25 -0.1553 0.664269 
3.05 0.25 -0.156245 0.630178 
3.1 0.25 -0.151668 0.598004 
3.15 0.25 -0.141779 0.568482 
3.2 0.25 -0.126944 0.542235 
3.25 0.25 -0.107682 0.519813 
3.3 0.25 -0.0846545 0.501709 
3.35 0.25 -0.0586536 0.488353 
3.4 0.25 -0.0305842 0.480084 
3.45 0.25 -0.00143293 0.477125 
3.5 0.25 0.0277693 0.479558 
3.55 0.25 0.0559892 0.487314 
3.6 0.25 0.0822343 0.500185 
3.65 0.25 0.105591 0.517841 
3.7 0.25 0.125253 0.53986 
3.75 0.25 0.140548 0.565754 
3.8 0.25 0.150942 0.594979 
3.85 0.25 0.156053 0.626921 
3.9 0.25 0.155657 0.66086 
3.95 0.25 0.14969 0.695904 
4 0.25 0.138265 0.730925 
4.05 0.25 0.121686 0.764499 
4.1 0.25 0.100461 0.794914 
4.15 0.25 0.07531 0.820265 
4.2 0.25 0.0471563 0.838677 
4.25 0.25 0.0170944 0.848607 
4.3 0.25 -0.0136634 0.849158 
4.35 0.25 -0.0438605 0.840283 
4.4 0.25 -0.0722764 0.822792 
4.45 0.25 -0.0978016 0.798173 
4.5 0.25 -0.119494 0.768279 
4.55 0.25 -0.136613 0.735023 
4.6 0.25 -0.148631 0.700145 
4.65 0.25 -0.155227 0.665098 
4.7 0.25 -0.156274 0.631037 
4.75 0.25 -0.151818 0.598867 
4.8 0.25 -0.142071 0.569317 
4.85 0.25 -0.127391 0.542997 
4.9 0.25 -0.108271 0.520452 
4.95 0.25 -0.085317 0.502184 
5 0.25 -0.0592223 0.488674 
0 0.3 -0.105565 0.439039 
0.05 0.3 -0.0733106 0.423581 
0.1 0.3 -0.0383176 0.413912 
0.15 0.3 -0.00190555 0.410398 
0.2 0.3 0.0345781 0.41317 
0.25 0.3 0.0698057 0.422129 
0.3 0.3 0.102517 0.436969 
0.35 0.3 0.131565 0.457229 
0.4 0.3 0.155946 0.48234 
0.45 0.3 0.174828 0.511673 
0.5 0.3 0.187564 0.54456 
0.55 0.3 0.193698 0.580285 
0.6 0.3 0.192972 0.61804 
0.65 0.3 0.185333 0.656846 
0.7 0.3 0.170947 0.695476 
0.75 0.3 0.150211 0.732386 
0.8 0.3 0.123775 0.765715 
0.85 0.3 0.0925403 0.793402 
0.9 0.3 0.0576501 0.81342 
0.95 0.3 0.0204505 0.824109 
1 0.3 -0.0175752 0.824513 
1.05 0.3 -0.0548928 0.814597 
1.1 0.3 -0.0900119 0.79525 
1.15 0.3 -0.121573 0.76809 
1.2 0.3 -0.148417 0.735129 
1.25 0.3 -0.169621 0.698435 
1.3 0.3 -0.18452 0.659889 
1.35 0.3 -0.192696 0.621059 
1.4 0.3 -0.193967 0.583196 
1.45 0.3 -0.188372 0.547293 
1.5 0.3 -0.176157 0.514166 
1.55 0.3 -0.157764 0.484535 
1.6 0.3 -0.133829 0.459065 
1.65 0.3 -0.105175 0.438385 
1.7 0.3 -0.0727905 0.423062 
1.75 0.3 -0.0378124 0.413558 
1.8 0.3 -0.00148175 0.410182 
1.85 0.3 0.0349024 0.41305 
1.9 0.3 0.0700387 0.422062 
1.95 0.3 0.102679 0.436926 
2 0.3 0.131678 0.457188 
2.05 0.3 0.156031 0.482288 
2.1 0.3 0.174904 0.511602 
2.15 0.3 0.187645 0.544468 
2.2 0.3 0.193794 0.580172 
2.25 0.3 0.193089 0.617907 
2.3 0.3 0.185476 0.6567 
2.35 0.3 0.171116 0.695325 
2.4 0.3 0.150407 0.73224 
2.45 0.3 0.123994 0.765589 
2.5 0.3 0.0927768 0.793309 
2.55 0.3 0.0578978 0.813374 
2.6 0.3 0.0207014 0.824119 
2.65 0.3 -0.0173299 0.824584 
2.7 0.3 -0.0546623 0.814727 
2.75 0.3 -0.0898049 0.795433 
2.8 0.3 -0.121398 0.768314 
2.85 0.3 -0.14828 0.735381 
2.9 0.3 -0.169527 0.698704 
2.95 0.3 -0.184473 0.660164 
3 0.3 -0.192698 0.621331 
3.05 0.3 -0.194019 0.583458 
3.1 0.3 -0.188474 0.547538 
3.15 0.3 -0.176306 0.514389 
3.2 0.3 -0.157956 0.48473 
3.25 0.3 -0.13406 0.459227 
3.3 0.3 -0.105437 0.438508 
3.35 0.3 -0.0730764 0.423141 
3.4 0.3 -0.0381123 0.413589 
3.45 0.3 -0.00178542 0.410164 
3.5 0.3 0.0346055 0.41298 
3.55 0.3 0.0697592 0.421943 
3.6 0.3 0.102427 0.436759 
3.65 0.3 0.131463 0.456977 
3.7 0.3 0.155861 0.482038 
3.75 0.3 0.174786 0.511318 
3.8 0.3 0.187584 0.544154 
3.85 0.3 0.193795 0.579835 
3.9 0.3 0.193155 0.617555 
3.95 0.3 0.185607 0.656342 
4 0.3 0.171311 0.694976 
4.05 0.3 0.150663 0.731918 
4.1 0.3 0.124306 0.765315 
4.15 0.3 0.0931369 0.79311 
4.2 0.3 0.0582957 0.813273 
4.25 0.3 0.0211249 0.824139 
4.3 0.3 -0.0168942 0.824739 
4.35 0.3 -0.0542284 0.815021 
4.4 0.3 -0.0893866 0.79586 
4.45 0.3 -0.121008 0.768862 
4.5 0.3 -0.14793 0.736033 
4.55 0.3 -0.169228 0.699438 
4.6 0.3 -0.184235 0.660959 
4.65 0.3 -0.192531 0.622167 
4.7 0.3 -0.193935 0.584312 
4.75 0.3 -0.188482 0.548386 
4.8 0.3 -0.176412 0.515201 
4.85 0.3 -0.158157 0.485475 
4.9 0.3 -0.134329 0.459874 
4.95 0.3 -0.105706 0.439039 
5 0.3 -0.0732118 0.423581 
0 0.35 -0.122776 0.390929 
0.05 0.35 -0.0851263 0.37366 
0.1 0.35 -0.0443109 0.36282 
0.15 0.35 -0.00183889 0.358887 
0.2 0.35 0.0407206 0.362039 
0.25 0.35 0.0818065 0.372144 
0.3 0.35 0.119933 0.388787 
0.35 0.35 0.153746 0.411342 
0.4 0.35 0.182071 0.43906 
0.45 0.35 0.203939 0.471138 
0.5 0.35 0.218605 0.506769 
0.55 0.35 0.225556 0.545137 
0.6 0.35 0.224512 0.585368 
0.65 0.35 0.215438 0.626441 
0.7 0.35 0.19855 0.667096 
0.75 0.35 0.174333 0.705758 
0.8 0.35 0.143557 0.740539 
0.85 0.35 0.107272 0.769346 
0.9 0.35 0.0668017 0.790128 
0.95 0.35 0.0236906 0.80121 
1 0.35 -0.0203642 0.801629 
1.05 0.35 -0.0636101 0.791347 
1.1 0.35 -0.104342 0.771263 
1.15 0.35 -0.141001 0.743008 
1.2 0.35 -0.172245 0.708616 
1.25 0.35 -0.197 0.670187 
1.3 0.35 -0.214477 0.629631 
1.35 0.35 -0.224169 0.588545 
1.4 0.35 -0.22584 0.548213 
1.45 0.35 -0.219507 0.509666 
1.5 0.35 -0.205433 0.473787 
1.55 0.35 -0.184114 0.441391 
1.6 0.35 -0.156279 0.413282 
1.65 0.35 -0.122881 0.390259 
1.7 0.35 -0.085077 0.373072 
1.75 0.35 -0.044205 0.362356 
1.8 0.35 -0.00173162 0.35854 
1.85 0.35 0.0408051 0.361783 
1.9 0.35 0.0818643 0.371949 
1.95 0.35 0.119971 0.388629 
2 0.35 0.153776 0.411202 
2.05 0.35 0.182104 0.438925 
2.1 0.35 0.203986 0.471 
2.15 0.35 0.218675 0.506623 
2.2 0.35 0.225655 0.544982 
2.25 0.35 0.224644 0.585203 
2.3 0.35 0.215603 0.626271 
2.35 0.35 0.198749 0.666927 
2.4 0.35 0.174564 0.705601 
2.45 0.35 0.143814 0.740406 
2.5 0.35 0.10755 0.76925 
2.55 0.35 0.0670922 0.790083 
2.6 0.35 0.0239842 0.801225 
2.65 0.35 -0.0200778 0.801707 
2.7 0.35 -0.0633412 0.791487 
2.75 0.35 -0.104101 0.771457 
2.8 0.35 -0.140796 0.743246 
2.85 0.35 -0.172084 0.708885 
2.9 0.35 -0.19689 0.670475 
2.95 0.35 -0.214421 0.629926 
3 0.35 -0.224171 0.58884 
3.05 0.35 -0.2259 0.548498 
3.1 0.35 -0.219625 0.509937 
3.15 0.35 -0.205607 0.474035 
3.2 0.35 -0.184339 0.441611 
3.25 0.35 -0.156549 0.413467 
3.3 0.35 -0.123188 0.390401 
3.35 0.35 -0.0854116 0.373166 
3.4 0.35 -0.0445561 0.362396 
3.45 0.35 -0.00208709 0.358523 
3.5 0.35 0.0404578 0.361709 
3.55 0.35 0.0815377 0.371819 
3.6 0.35 0.119677 0.388447 
3.65 0.35 0.153525 0.410974 
3.7 0.35 0.181907 0.438655 
3.75 0.35 0.20385 0.470695 
3.8 0.35 0.218606 0.50629 
3.85 0.35 0.225657 0.544627 
3.9 0.35 0.22472 0.584835 
3.95 0.35 0.215755 0.625899 
4 0.35 0.198974 0.666567 
4.05 0.35 0.174859 0.70527 
4.1 0.35 0.144172 0.740127 
4.15 0.35 0.107962 0.769048 
4.2 0.35 0.0675466 0.789982 
4.25 0.35 0.0244675 0.801245 
4.3 0.35 -0.0195801 0.801863 
4.35 0.35 -0.0628438 0.791781 
4.4 0.35 -0.103618 0.771882 
4.45 0.35 -0.140339 0.743787 
4.5 0.35 -0.171662 0.709522 
4.55 0.35 -0.19651 0.671184 
4.6 0.35 -0.214088 0.630685 
4.65 0.35 -0.223886 0.589624 
4.7 0.35 -0.225663 0.549286 
4.75 0.35 -0.219432 0.510706 
4.8 0.35 -0.205448 0.474765 
4.85 0.35 -0.184197 0.442281 
4.9 0.35 -0.156388 0.414065 
4.95 0.35 -0.122949 0.390929 
5 0.35 -0.0850057 0.37366 
0 0.4 -0.135862 0.355015 
0.05 0.4 -0.0940773 0.335956 
0.1 0.4 -0.0487889 0.323943 
0.15 0.4 -0.00165697 0.319594 
0.2 0.4 0.045571 0.323145 
0.25 0.4 0.091146 0.334417 
0.3 0.4 0.1334 0.352847 
0.35 0.4 0.170817 0.377598 
0.4 0.4 0.202088 0.407684 
0.45 0.4 0.226145 0.44209 
0.5 0.4 0.242175 0.479841 
0.55 0.4 0.249633 0.520009 
0.6 0.4 0.248239 0.56166 
0.65 0.4 0.237983 0.603765 
0.7 0.4 0.219132 0.645084 
0.75 0.4 0.19225 0.684092 
0.8 0.4 0.158198 0.718972 
0.85 0.4 0.118146 0.747724 
0.9 0.4 0.0735432 0.768394 
0.95 0.4 0.0260743 0.779393 
1 0.4 -0.0224181 0.779807 
1.05 0.4 -0.0700331 0.769603 
1.1 0.4 -0.11492 0.74963 
1.15 0.4 -0.155379 0.721435 
1.2 0.4 -0.189938 0.686956 
1.25 0.4 -0.217409 0.6482 
1.3 0.4 -0.236902 0.607001 
1.35 0.4 -0.247833 0.564907 
1.4 0.4 -0.249911 0.523175 
1.45 0.4 -0.243125 0.482848 
1.5 0.4 -0.227734 0.44486 
1.55 0.4 -0.204263 0.410136 
1.6 0.4 -0.173504 0.379643 
1.65 0.4 -0.136502 0.354395 
1.7 0.4 -0.0945488 0.335377 
1.75 0.4 -0.0491393 0.323443 
1.8 0.4 -0.00192427 0.319178 
1.85 0.4 0.0453622 0.322804 
1.9 0.4 0.0909826 0.334131 
1.95 0.4 0.133277 0.3526 
2 0.4 0.170734 0.377377 
2.05 0.4 0.202047 0.407479 
2.1 0.4 0.226147 0.441894 
2.15 0.4 0.242222 0.479649 
2.2 0.4 0.249726 0.519818 
2.25 0.4 0.248377 0.561471 
2.3 0.4 0.238164 0.603579 
2.35 0.4 0.219354 0.644906 
2.4 0.4 0.192508 0.683931 
2.45 0.4 0.158486 0.718839 
2.5 0.4 0.118457 0.747632 
2.55 0.4 0.0738667 0.768354 
2.6 0.4 0.0264005 0.779412 
2.65 0.4 -0.0221002 0.779891 
2.7 0.4 -0.0697349 0.769749 
2.75 0.4 -0.114652 0.74983 
2.8 0.4 -0.155151 0.72168 
2.85 0.4 -0.18976 0.687233 
2.9 0.4 -0.217286 0.648497 
2.95 0.4 -0.236839 0.607309 
3 0.4 -0.247834 0.565217 
3.05 0.4 -0.249977 0.523479 
3.1 0.4 -0.243255 0.483139 
3.15 0.4 -0.227926 0.445132 
3.2 0.4 -0.204513 0.41038 
3.25 0.4 -0.173803 0.379851 
3.3 0.4 -0.136844 0.354558 
3.35 0.4 -0.0949212 0.335487 
3.4 0.4 -0.0495302 0.323493 
3.45 0.4 -0.00231992 0.319165 
3.5 0.4 0.0449759 0.322726 
3.55 0.4 0.0906198 0.333992 
3.6 0.4 0.132951 0.352405 
3.65 0.4 0.170457 0.377132 
3.7 0.4 0.201829 0.407193 
3.75 0.4 0.225997 0.441575 
3.8 0.4 0.242147 0.479304 
3.85 0.4 0.24973 0.519455 
3.9 0.4 0.248462 0.561098 
3.95 0.4 0.238331 0.603207 
4 0.4 0.219601 0.644548 
4.05 0.4 0.192829 0.683605 
4.1 0.4 0.158875 0.718567 
4.15 0.4 0.118903 0.747436 
4.2 0.4 0.0743583 0.768257 
4.25 0.4 0.0269231 0.779433 
4.3 0.4 -0.0215615 0.78004 
4.35 0.4 -0.0691945 0.770027 
4.4 0.4 -0.114123 0.750229 
4.45 0.4 -0.154643 0.722183 
4.5 0.4 -0.189278 0.687819 
4.55 0.4 -0.216832 0.64914 
4.6 0.4 -0.23641 0.607984 
4.65 0.4 -0.247422 0.5659 
4.7 0.4 -0.249569 0.524149 
4.75 0.4 -0.242833 0.483778 
4.8 0.4 -0.227467 0.445724 
4.85 0.4 -0.203985 0.410918 
4.9 0.4 -0.17317 0.38034 
4.95 0.4 -0.136059 0.355015 
5 0.4 -0.0939407 0.335956 
0 0.45 -0.144133 0.327727 
0.05 0.45 -0.0997031 0.306877 
0.1 0.45 -0.0515389 0.293673 
0.15 0.45 -0.00140359 0.288906 
0.2 0.45 0.0488301 0.292878 
0.25 0.45 0.0972801 0.305347 
0.3 0.45 0.142151 0.325576 
0.35 0.45 0.181818 0.352475 
0.4 0.45 0.214883 0.384786 
0.45 0.45 0.24022 0.421244 
0.5 0.45 0.256986 0.46068 
0.55 0.45 0.264628 0.502041 
0.6 0.45 0.262882 0.54434 
0.65 0.45 0.25177 0.58655 
0.7 0.45 0.231611 0.627494 
0.75 0.45 0.203025 0.665759 
0.8 0.45 0.166943 0.699686 
0.85 0.45 0.124603 0.727462 
0.9 0.45 0.0775298 0.747331 
0.95 0.45 0.0274801 0.75787 
1 0.45 -0.0236315 0.758266 
1.05 0.45 -0.0738328 0.748488 
1.1 0.45 -0.121201 0.729294 
1.15 0.45 -0.163963 0.702066 
1.2 0.45 -0.200575 0.668547 
1.25 0.45 -0.229774 0.630552 
1.3 0.45 -0.250604 0.589755 
1.35 0.45 -0.262421 0.54759 
1.4 0.45 -0.264881 0.505247 
1.45 0.45 -0.257939 0.46376 
1.5 0.45 -0.241835 0.424113 
1.55 0.45 -0.217097 0.387352 
1.6 0.45 -0.184544 0.354635 
1.65 0.45 -0.145279 0.327221 
1.7 0.45 -0.100676 0.306374 
1.75 0.45 -0.0523386 0.293203 
1.8 0.45 -0.00204893 0.28848 
1.85 0.45 0.048318 0.292496 
1.9 0.45 0.096883 0.305004 
1.95 0.45 0.141855 0.325264 
2 0.45 0.18161 0.35219 
2.05 0.45 0.214757 0.384523 
2.1 0.45 0.240168 0.420999 
2.15 0.45 0.257002 0.460449 
2.2 0.45 0.264707 0.501823 
2.25 0.45 0.263019 0.544132 
2.3 0.45 0.251959 0.586354 
2.35 0.45 0.231847 0.627314 
2.4 0.45 0.203301 0.665602 
2.45 0.45 0.167251 0.69956 
2.5 0.45 0.124935 0.727377 
2.55 0.45 0.0778745 0.747298 
2.6 0.45 0.027827 0.757896 
2.65 0.45 -0.0232939 0.758354 
2.7 0.45 -0.0735163 0.748636 
2.75 0.45 -0.120917 0.729495 
2.8 0.45 -0.163721 0.702312 
2.85 0.45 -0.200385 0.668826 
2.9 0.45 -0.229642 0.630853 
2.95 0.45 -0.250536 0.590071 
3 0.45 -0.26242 0.547911 
3.05 0.45 -0.26495 0.505566 
3.1 0.45 -0.258076 0.46407 
3.15 0.45 -0.242038 0.424407 
3.2 0.45 -0.217362 0.387619 
3.25 0.45 -0.184863 0.354866 
3.3 0.45 -0.145643 0.327405 
3.35 0.45 -0.101073 0.306501 
3.4 0.45 -0.0527555 0.293263 
3.45 0.45 -0.00247087 0.288469 
3.5 0.45 0.0479063 0.292414 
3.55 0.45 0.0964967 0.304855 
3.6 0.45 0.141508 0.325055 
3.65 0.45 0.181316 0.35193 
3.7 0.45 0.214526 0.384223 
3.75 0.45 0.24001 0.420668 
3.8 0.45 0.256923 0.460097 
3.85 0.45 0.264712 0.501458 
3.9 0.45 0.263108 0.543763 
3.95 0.45 0.252134 0.58599 
4 0.45 0.232104 0.626969 
4.05 0.45 0.203635 0.665291 
4.1 0.45 0.167654 0.699303 
4.15 0.45 0.125397 0.727194 
4.2 0.45 0.0783823 0.747207 
4.25 0.45 0.0283664 0.757913 
4.3 0.45 -0.0227374 0.758488 
4.35 0.45 -0.0729559 0.748884 
4.4 0.45 -0.120363 0.729848 
4.45 0.45 -0.163182 0.702752 
4.5 0.45 -0.19986 0.66933 
4.55 0.45 -0.229129 0.631396 
4.6 0.45 -0.250023 0.590626 
4.65 0.45 -0.261889 0.548454 
4.7 0.45 -0.264377 0.506077 
4.75 0.45 -0.257431 0.464533 
4.8 0.45 -0.241285 0.424814 
4.85 0.45 -0.216462 0.387975 
4.9 0.45 -0.183779 0.355187 
4.95 0.45 -0.144345 0.327727 
5 0.45 -0.0995562 0.306877 
0 0.5 -0.147158 0.305601 
0.05 0.5 -0.101719 0.283049 
0.1 0.5 -0.0524362 0.268706 
0.15 0.5 -0.00112139 0.263543 
0.2 0.5 0.0502889 0.267931 
0.25 0.5 0.0998438 0.281561 
0.3 0.5 0.145684 0.303508 
0.35 0.5 0.18613 0.332421 
0.4 0.5 0.219754 0.366753 
0.45 0.5 0.245412 0.404981 
0.5 0.5 0.262264 0.445732 
0.55 0.5 0.269778 0.487824 
0.6 0.5 0.267716 0.530211 
0.65 0.5 0.25614 0.571882 
0.7 0.5 0.235406 0.611743 
0.75 0.5 0.206172 0.648529 
0.8 0.5 0.169404 0.680794 
0.85 0.5 0.126365 0.706977 
0.9 0.5 0.0785924 0.725586 
0.95 0.5 0.027849 0.735416 
1 0.5 -0.0239534 0.735785 
1.05 0.5 -0.0748478 0.726666 
1.1 0.5 -0.122914 0.708694 
1.15 0.5 -0.166376 0.683041 
1.2 0.5 -0.203674 0.651185 
1.25 0.5 -0.233521 0.614687 
1.3 0.5 -0.254929 0.575007 
1.35 0.5 -0.267214 0.533421 
1.4 0.5 -0.269993 0.491033 
1.45 0.5 -0.263181 0.448857 
1.5 0.5 -0.246988 0.40793 
1.55 0.5 -0.221921 0.369423 
1.6 0.5 -0.188794 0.334693 
1.65 0.5 -0.148723 0.305258 
1.7 0.5 -0.103113 0.28267 
1.75 0.5 -0.0536219 0.268309 
1.8 0.5 -0.00209861 0.263143 
1.85 0.5 0.0495051 0.267537 
1.9 0.5 0.0992331 0.281181 
1.95 0.5 0.145225 0.303148 
2 0.5 0.185806 0.332084 
2.05 0.5 0.219546 0.366441 
2.1 0.5 0.245306 0.404694 
2.15 0.5 0.262248 0.44547 
2.2 0.5 0.269839 0.487584 
2.25 0.5 0.267846 0.529991 
2.3 0.5 0.256329 0.571683 
2.35 0.5 0.235646 0.611566 
2.4 0.5 0.206455 0.64838 
2.45 0.5 0.16972 0.680678 
2.5 0.5 0.126705 0.706905 
2.55 0.5 0.0789452 0.725563 
2.6 0.5 0.0282036 0.73545 
2.65 0.5 -0.0236087 0.735877 
2.7 0.5 -0.0745248 0.726813 
2.75 0.5 -0.122624 0.708893 
2.8 0.5 -0.166129 0.683283 
2.85 0.5 -0.203479 0.651461 
2.9 0.5 -0.233386 0.614988 
2.95 0.5 -0.254859 0.575325 
3 0.5 -0.267212 0.533749 
3.05 0.5 -0.270061 0.491364 
3.1 0.5 -0.26332 0.449183 
3.15 0.5 -0.247194 0.408243 
3.2 0.5 -0.222191 0.369712 
3.25 0.5 -0.18912 0.334946 
3.3 0.5 -0.149095 0.305462 
3.35 0.5 -0.10352 0.282813 
3.4 0.5 -0.0540495 0.26838 
3.45 0.5 -0.00253143 0.263135 
3.5 0.5 0.049083 0.267452 
3.55 0.5 0.0988375 0.281023 
3.6 0.5 0.144871 0.302926 
3.65 0.5 0.185505 0.33181 
3.7 0.5 0.219311 0.366129 
3.75 0.5 0.245145 0.404355 
3.8 0.5 0.262168 0.445114 
3.85 0.5 0.269844 0.487221 
3.9 0.5 0.267936 0.529631 
3.95 0.5 0.256505 0.571334 
4 0.5 0.235904 0.61124 
4.05 0.5 0.206789 0.64809 
4.1 0.5 0.170122 0.680441 
4.15 0.5 0.127163 0.706737 
4.2 0.5 0.0794482 0.725479 
4.25 0.5 0.0287372 0.735461 
4.3 0.5 -0.0230578 0.735988 
4.35 0.5 -0.0739683 0.727021 
4.4 0.5 -0.122071 0.709186 
4.45 0.5 -0.165582 0.683642 
4.5 0.5 -0.202935 0.651863 
4.55 0.5 -0.232836 0.615407 
4.6 0.5 -0.254285 0.575734 
4.65 0.5 -0.266588 0.534124 
4.7 0.5 -0.269354 0.491685 
4.75 0.5 -0.262489 0.449438 
4.8 0.5 -0.246196 0.408429 
4.85 0.5 -0.220982 0.369843 
4.9 0.5 -0.187664 0.335055 
4.95 0.5 -0.147377 0.305601 
5 0.5 -0.101568 0.283049 
0 0.55 -0.144754 0.285699 
0.05 0.55 -0.100005 0.261732 
0.1 0.55 -0.0514363 0.246434 
0.15 0.55 -0.000846517 0.240944 
0.2 0.55 0.0498319 0.245696 
0.25 0.55 0.0986494 0.260317 
0.3 0.55 0.14375 0.28371 
0.35 0.55 0.183468 0.31428 
0.4 0.55 0.216393 0.350222 
0.45 0.55 0.241411 0.389774 
0.5 0.55 0.25772 0.431381 
0.55 0.55 0.264823 0.473739 
0.6 0.55 0.262524 0.515749 
0.65 0.55 0.250918 0.556418 
0.7 0.55 0.230388 0.594739 
0.75 0.55 0.201605 0.629612 
0.8 0.55 0.16553 0.659821 
0.85 0.55 0.123402 0.684086 
0.9 0.55 0.0767175 0.701199 
0.95 0.55 0.0271773 0.710195 
1 0.55 -0.0233798 0.710532 
1.05 0.55 -0.0730648 0.702187 
1.1 0.55 -0.120032 0.685667 
1.15 0.55 -0.162565 0.661908 
1.2 0.55 -0.199152 0.632105 
1.25 0.55 -0.228528 0.597537 
1.3 0.55 -0.24971 0.559428 
1.35 0.55 -0.262001 0.518885 
1.4 0.55 -0.264994 0.476918 
1.45 0.55 -0.258568 0.434518 
1.5 0.55 -0.242894 0.392771 
1.55 0.55 -0.21844 0.352965 
1.6 0.55 -0.185982 0.316639 
1.65 0.55 -0.146605 0.285546 
1.7 0.55 -0.101695 0.261502 
1.75 0.55 -0.0529011 0.246134 
1.8 0.55 -0.00206994 0.240591 
1.85 0.55 0.0488418 0.245308 
1.9 0.55 0.0978734 0.259914 
1.95 0.55 0.143165 0.28331 
2 0.55 0.183049 0.313898 
2.05 0.55 0.216118 0.349867 
2.1 0.55 0.241259 0.389451 
2.15 0.55 0.257673 0.431091 
2.2 0.55 0.264865 0.473481 
2.25 0.55 0.262642 0.515522 
2.3 0.55 0.2511 0.556219 
2.35 0.55 0.230623 0.594569 
2.4 0.55 0.201884 0.629475 
2.45 0.55 0.165841 0.65972 
2.5 0.55 0.123737 0.684028 
2.55 0.55 0.0770649 0.701188 
2.6 0.55 0.0275261 0.710237 
2.65 0.55 -0.0230411 0.710627 
2.7 0.55 -0.0727476 0.702334 
2.75 0.55 -0.119747 0.685862 
2.8 0.55 -0.162322 0.662145 
2.85 0.55 -0.198959 0.632376 
2.9 0.55 -0.228393 0.597835 
2.95 0.55 -0.249639 0.559746 
3 0.55 -0.261997 0.519216 
3.05 0.55 -0.265059 0.477256 
3.1 0.55 -0.258703 0.434856 
3.15 0.55 -0.243096 0.393099 
3.2 0.55 -0.218705 0.353272 
3.25 0.55 -0.186302 0.31691 
3.3 0.55 -0.146972 0.285767 
3.35 0.55 -0.102097 0.261659 
3.4 0.55 -0.0533233 0.246214 
3.45 0.55 -0.00249742 0.240586 
3.5 0.55 0.0484251 0.245219 
3.55 0.55 0.0974832 0.259747 
3.6 0.55 0.142816 0.283077 
3.65 0.55 0.182754 0.313613 
3.7 0.55 0.215888 0.349545 
3.75 0.55 0.241102 0.389107 
3.8 0.55 0.257595 0.430736 
3.85 0.55 0.26487 0.473124 
3.9 0.55 0.26273 0.515173 
3.95 0.55 0.25127 0.555887 
4 0.55 0.230872 0.594264 
4.05 0.55 0.202204 0.629207 
4.1 0.55 0.166226 0.659504 
4.15 0.55 0.124174 0.683874 
4.2 0.55 0.0775432 0.701108 
4.25 0.55 0.0280327 0.710238 
4.3 0.55 -0.0225181 0.71071 
4.35 0.55 -0.072218 0.702493 
4.4 0.55 -0.119217 0.686084 
4.45 0.55 -0.161792 0.662411 
4.5 0.55 -0.198422 0.632663 
4.55 0.55 -0.227835 0.598116 
4.6 0.55 -0.249036 0.559994 
4.65 0.55 -0.261319 0.519408 
4.7 0.55 -0.264265 0.477372 
4.75 0.55 -0.257747 0.434885 
4.8 0.55 -0.24193 0.393047 
4.85 0.55 -0.217283 0.35316 
4.9 0.55 -0.184592 0.316785 
4.95 0.55 -0.144971 0.285699 
5 0.55 -0.0998554 0.261732 
0 0.6 -0.136989 0.265725 
0.05 0.6 -0.0946111 0.240886 
0.1 0.6 -0.0485754 0.224989 
0.15 0.6 -0.000605336 0.219303 
0.2 0.6 0.0474433 0.224306 
0.25 0.6 0.0936965 0.239575 
0.3 0.6 0.136374 0.263881 
0.35 0.6 0.173885 0.295447 
0.4 0.6 0.204894 0.332271 
0.45 0.6 0.228358 0.372417 
0.5 0.6 0.243537 0.414194 
0.55 0.6 0.249994 0.456208 
0.6 0.6 0.247574 0.497323 
0.65 0.6 0.236398 0.536565 
0.7 0.6 0.216859 0.573013 
0.75 0.6 0.18961 0.605724 
0.8 0.6 0.155571 0.633702 
0.85 0.6 0.115913 0.655934 
0.9 0.6 0.0720331 0.671484 
0.95 0.6 0.0255114 0.679617 
1 0.6 -0.0219502 0.67992 
1.05 0.6 -0.0686058 0.672378 
1.1 0.6 -0.112747 0.657373 
1.15 0.6 -0.152781 0.635619 
1.2 0.6 -0.187293 0.60804 
1.25 0.6 -0.215093 0.575645 
1.3 0.6 -0.235239 0.539433 
1.35 0.6 -0.247053 0.50035 
1.4 0.6 -0.25012 0.459315 
1.45 0.6 -0.244294 0.417295 
1.5 0.6 -0.229703 0.37541 
1.55 0.6 -0.206759 0.335034 
1.6 0.6 -0.176175 0.297842 
1.65 0.6 -0.138965 0.265762 
1.7 0.6 -0.0964435 0.240808 
1.75 0.6 -0.0501847 0.224794 
1.8 0.6 -0.00196331 0.219005 
1.85 0.6 0.0463358 0.223932 
1.9 0.6 0.0928234 0.239157 
1.95 0.6 0.135712 0.263449 
2 0.6 0.173408 0.295026 
2.05 0.6 0.204576 0.331879 
2.1 0.6 0.228175 0.372064 
2.15 0.6 0.243468 0.413882 
2.2 0.6 0.250019 0.455937 
2.25 0.6 0.247678 0.497091 
2.3 0.6 0.236568 0.53637 
2.35 0.6 0.217081 0.572854 
2.4 0.6 0.189874 0.605601 
2.45 0.6 0.155867 0.633617 
2.5 0.6 0.116231 0.655891 
2.55 0.6 0.0723621 0.671486 
2.6 0.6 0.0258412 0.679667 
2.65 0.6 -0.0216302 0.680019 
2.7 0.6 -0.0683061 0.672524 
2.75 0.6 -0.112478 0.657563 
2.8 0.6 -0.152551 0.635849 
2.85 0.6 -0.187111 0.608304 
2.9 0.6 -0.214965 0.575937 
2.95 0.6 -0.235171 0.539748 
3 0.6 -0.247048 0.500682 
3.05 0.6 -0.25018 0.459657 
3.1 0.6 -0.24442 0.41764 
3.15 0.6 -0.229893 0.375748 
3.2 0.6 -0.207009 0.335352 
3.25 0.6 -0.176478 0.298126 
3.3 0.6 -0.139313 0.265995 
3.35 0.6 -0.0968245 0.240974 
3.4 0.6 -0.0505855 0.224879 
3.45 0.6 -0.00236925 0.219003 
3.5 0.6 0.0459402 0.223842 
3.55 0.6 0.0924533 0.238986 
3.6 0.6 0.135382 0.263211 
3.65 0.6 0.173129 0.294736 
3.7 0.6 0.204359 0.331554 
3.75 0.6 0.228027 0.371719 
3.8 0.6 0.243395 0.413531 
3.85 0.6 0.250024 0.45559 
3.9 0.6 0.24776 0.496757 
3.95 0.6 0.236725 0.536056 
4 0.6 0.21731 0.572569 
4.05 0.6 0.19017 0.605355 
4.1 0.6 0.15622 0.633418 
4.15 0.6 0.116631 0.655748 
4.2 0.6 0.0727983 0.671406 
4.25 0.6 0.0263022 0.679653 
4.3 0.6 -0.0211547 0.680069 
4.35 0.6 -0.067824 0.67263 
4.4 0.6 -0.111993 0.657711 
4.45 0.6 -0.152061 0.636019 
4.5 0.6 -0.186607 0.608473 
4.55 0.6 -0.214429 0.57608 
4.6 0.6 -0.234577 0.539836 
4.65 0.6 -0.246361 0.500692 
4.7 0.6 -0.249358 0.459572 
4.75 0.6 -0.243414 0.41745 
4.8 0.6 -0.228654 0.375463 
4.85 0.6 -0.205494 0.335004 
4.9 0.6 -0.174659 0.297774 
4.95 0.6 -0.137195 0.265725 
5 0.6 -0.094469 0.240886 
0 0.65 -0.124206 0.243977 
0.05 0.65 -0.0857703 0.219075 
0.1 0.65 -0.0439786 0.203113 
0.15 0.65 -0.000413016 0.19742 
0.2 0.65 0.0432184 0.202498 
0.25 0.65 0.0851911 0.217896 
0.3 0.65 0.123871 0.242316 
0.35 0.65 0.157804 0.273886 
0.4 0.65 0.185779 0.310513 
0.45 0.65 0.206862 0.350179 
0.5 0.65 0.220403 0.39113 
0.55 0.65 0.226029 0.431935 
0.6 0.65 0.223629 0.471451 
0.65 0.65 0.213341 0.508733 
0.7 0.65 0.195541 0.542942 
0.75 0.65 0.170842 0.57327 
0.8 0.65 0.140082 0.598912 
0.85 0.65 0.104318 0.619086 
0.9 0.65 0.064804 0.633086 
0.95 0.65 0.0229458 0.640373 
1 0.65 -0.0197456 0.640644 
1.05 0.65 -0.0617224 0.633888 
1.1 0.65 -0.101469 0.620383 
1.15 0.65 -0.137566 0.600656 
1.2 0.65 -0.168747 0.575397 
1.25 0.65 -0.193938 0.545387 
1.3 0.65 -0.212279 0.511428 
1.35 0.65 -0.223137 0.474326 
1.4 0.65 -0.226115 0.434916 
1.45 0.65 -0.221053 0.39413 
1.5 0.65 -0.208037 0.353095 
1.55 0.65 -0.187415 0.313222 
1.6 0.65 -0.159812 0.276246 
1.65 0.65 -0.126138 0.244181 
1.7 0.65 -0.0875829 0.219133 
1.75 0.65 -0.0455876 0.203013 
1.8 0.65 -0.00178325 0.197178 
1.85 0.65 0.0420927 0.202145 
1.9 0.65 0.0842988 0.217474 
1.95 0.65 0.123191 0.241865 
2 0.65 0.157312 0.273441 
2.05 0.65 0.185449 0.310097 
2.1 0.65 0.206668 0.349806 
2.15 0.65 0.220323 0.390805 
2.2 0.65 0.226042 0.431658 
2.25 0.65 0.223719 0.47122 
2.3 0.65 0.213493 0.508545 
2.35 0.65 0.195743 0.542794 
2.4 0.65 0.171082 0.573161 
2.45 0.65 0.140351 0.598843 
2.5 0.65 0.104607 0.619057 
2.55 0.65 0.0651022 0.6331 
2.6 0.65 0.0232444 0.64043 
2.65 0.65 -0.0194562 0.640746 
2.7 0.65 -0.0614514 0.634032 
2.75 0.65 -0.101225 0.620568 
2.8 0.65 -0.137357 0.600877 
2.85 0.65 -0.168582 0.575652 
2.9 0.65 -0.193821 0.54567 
2.95 0.65 -0.212215 0.511735 
3 0.65 -0.223131 0.474651 
3.05 0.65 -0.226168 0.435253 
3.1 0.65 -0.221165 0.394472 
3.15 0.65 -0.208207 0.353433 
3.2 0.65 -0.18764 0.313542 
3.25 0.65 -0.160086 0.276533 
3.3 0.65 -0.126453 0.244417 
3.35 0.65 -0.087929 0.219303 
3.4 0.65 -0.045952 0.203102 
3.45 0.65 -0.00215231 0.197178 
3.5 0.65 0.0417332 0.202056 
3.55 0.65 0.0839627 0.217304 
3.6 0.65 0.122891 0.241627 
3.65 0.65 0.157059 0.273153 
3.7 0.65 0.185252 0.309777 
3.75 0.65 0.206535 0.349469 
3.8 0.65 0.220256 0.390465 
3.85 0.65 0.226045 0.431326 
3.9 0.65 0.223791 0.470903 
3.95 0.65 0.213633 0.508252 
4 0.65 0.195946 0.542531 
4.05 0.65 0.171342 0.572935 
4.1 0.65 0.14066 0.59866 
4.15 0.65 0.104957 0.618923 
4.2 0.65 0.0654825 0.633018 
4.25 0.65 0.0236451 0.6404 
4.3 0.65 -0.0190436 0.640762 
4.35 0.65 -0.0610331 0.634086 
4.4 0.65 -0.100803 0.620645 
4.45 0.65 -0.136928 0.600958 
4.5 0.65 -0.168134 0.575712 
4.55 0.65 -0.193336 0.545685 
4.6 0.65 -0.211667 0.511679 
4.65 0.65 -0.222484 0.474501 
4.7 0.65 -0.22538 0.434992 
4.75 0.65 -0.220189 0.394095 
4.8 0.65 -0.206997 0.352952 
4.85 0.65 -0.186157 0.312997 
4.9 0.65 -0.158308 0.275993 
4.95 0.65 -0.12439 0.243977 
5 0.65 -0.0856432 0.219075 
0 0.7 -0.107056 0.219286 
0.05 0.7 -0.0739278 0.195347 
0.1 0.7 -0.0378728 0.179989 
0.15 0.7 -0.000273472 0.174528 
0.2 0.7 0.0373769 0.179454 
0.25 0.7 0.0735715 0.194318 
0.3 0.7 0.106886 0.21783 
0.35 0.7 0.13606 0.248141 
0.4 0.7 0.160049 0.283184 
0.45 0.7 0.178061 0.320972 
0.5 0.7 0.18955 0.359784 
0.55 0.7 0.194218 0.398218 
0.6 0.7 0.19199 0.435168 
0.65 0.7 0.183007 0.46974 
0.7 0.7 0.167611 0.501173 
0.75 0.7 0.14634 0.528778 
0.8 0.7 0.119923 0.551905 
0.85 0.7 0.0892658 0.569952 
0.9 0.7 0.0554353 0.582397 
0.95 0.7 0.0196246 0.588847 
1 0.7 -0.0168897 0.589087 
1.05 0.7 -0.0528006 0.583107 
1.1 0.7 -0.086827 0.571107 
1.15 0.7 -0.117767 0.553467 
1.2 0.7 -0.144541 0.5307 
1.25 0.7 -0.166229 0.503402 
1.3 0.7 -0.182084 0.472217 
1.35 0.7 -0.191553 0.437832 
1.4 0.7 -0.194272 0.400998 
1.45 0.7 -0.190084 0.362597 
1.5 0.7 -0.179041 0.323718 
1.55 0.7 -0.16142 0.285743 
1.6 0.7 -0.137743 0.250379 
1.65 0.7 -0.108784 0.219606 
1.7 0.7 -0.0755678 0.195506 
1.75 0.7 -0.0393448 0.179968 
1.8 0.7 -0.00153895 0.174339 
1.85 0.7 0.0363296 0.179132 
1.9 0.7 0.0727369 0.193908 
1.95 0.7 0.106248 0.217381 
2 0.7 0.135596 0.247692 
2.05 0.7 0.159737 0.282763 
2.1 0.7 0.177875 0.320596 
2.15 0.7 0.18947 0.359459 
2.2 0.7 0.194223 0.397947 
2.25 0.7 0.192065 0.434946 
2.3 0.7 0.183138 0.469564 
2.35 0.7 0.167786 0.501039 
2.4 0.7 0.146548 0.528684 
2.45 0.7 0.120156 0.551851 
2.5 0.7 0.0895148 0.569937 
2.55 0.7 0.0556923 0.582421 
2.6 0.7 0.0198815 0.58891 
2.65 0.7 -0.0166409 0.589189 
2.7 0.7 -0.0525678 0.583247 
2.75 0.7 -0.0866176 0.571284 
2.8 0.7 -0.117587 0.553677 
2.85 0.7 -0.144398 0.53094 
2.9 0.7 -0.166127 0.503669 
2.95 0.7 -0.182029 0.472508 
3 0.7 -0.191546 0.438141 
3.05 0.7 -0.194317 0.401321 
3.1 0.7 -0.19018 0.362925 
3.15 0.7 -0.179187 0.324043 
3.2 0.7 -0.161614 0.286052 
3.25 0.7 -0.137979 0.250656 
3.3 0.7 -0.109056 0.219835 
3.35 0.7 -0.0758663 0.195671 
3.4 0.7 -0.0396594 0.180055 
3.45 0.7 -0.00185767 0.174339 
3.5 0.7 0.0360192 0.179046 
3.55 0.7 0.0724469 0.193745 
3.6 0.7 0.10599 0.217154 
3.65 0.7 0.135379 0.247417 
3.7 0.7 0.159568 0.282459 
3.75 0.7 0.177761 0.320278 
3.8 0.7 0.189413 0.35914 
3.85 0.7 0.194226 0.397636 
3.9 0.7 0.192126 0.434652 
3.95 0.7 0.183255 0.469294 
4 0.7 0.167956 0.500799 
4.05 0.7 0.146766 0.528478 
4.1 0.7 0.120414 0.551683 
4.15 0.7 0.0898055 0.56981 
4.2 0.7 0.0560069 0.582336 
4.25 0.7 0.0202118 0.588864 
4.3 0.7 -0.016302 0.589175 
4.35 0.7 -0.0522247 0.583256 
4.4 0.7 -0.0862709 0.5713 
4.45 0.7 -0.117233 0.553682 
4.5 0.7 -0.144025 0.530912 
4.55 0.7 -0.165717 0.503583 
4.6 0.7 -0.181557 0.47234 
4.65 0.7 -0.190979 0.43787 
4.7 0.7 -0.193617 0.400931 
4.75 0.7 -0.189305 0.362416 
4.8 0.7 -0.178097 0.323431 
4.85 0.7 -0.160278 0.28538 
4.9 0.7 -0.136381 0.249996 
4.95 0.7 -0.107207 0.219286 
5 0.7 -0.073823 0.195346 
0 0.75 -0.0865433 0.190959 
0.05 0.75 -0.05977 0.169122 
0.1 0.75 -0.0306042 0.155112 
0.15 0.75 -0.000180702 0.150142 
0.2 0.75 0.0302772 0.154663 
0.25 0.75 0.0595371 0.168256 
0.3 0.75 0.0864371 0.189725 
0.35 0.75 0.109953 0.21736 
0.4 0.75 0.129244 0.249249 
0.45 0.75 0.143677 0.283556 
0.5 0.75 0.152827 0.31869 
0.55 0.75 0.156466 0.353356 
0.6 0.75 0.154553 0.386533 
0.65 0.75 0.147215 0.417407 
0.7 0.75 0.134742 0.445309 
0.75 0.75 0.117574 0.469654 
0.8 0.75 0.0963026 0.48992 
0.85 0.75 0.0716564 0.505642 
0.9 0.75 0.0444877 0.516434 
0.95 0.75 0.0157465 0.52201 
1 0.75 -0.0135534 0.522217 
1.05 0.75 -0.0423743 0.517048 
1.1 0.75 -0.0696988 0.506645 
1.15 0.75 -0.0945698 0.491282 
1.2 0.75 -0.116126 0.47134 
1.25 0.75 -0.133626 0.447275 
1.3 0.75 -0.146467 0.419606 
1.35 0.75 -0.154192 0.388908 
1.4 0.75 -0.156498 0.355845 
1.45 0.75 -0.153243 0.321216 
1.5 0.75 -0.14445 0.286027 
1.55 0.75 -0.130328 0.251555 
1.6 0.75 -0.111285 0.219379 
1.65 0.75 -0.0879381 0.191331 
1.7 0.75 -0.0611133 0.169338 
1.75 0.75 -0.0318276 0.155146 
1.8 0.75 -0.00124491 0.150002 
1.85 0.75 0.0293892 0.154382 
1.9 0.75 0.0588258 0.16788 
1.95 0.75 0.0858918 0.189303 
2 0.75 0.109557 0.216933 
2.05 0.75 0.128977 0.248848 
2.1 0.75 0.143518 0.283199 
2.15 0.75 0.152757 0.318384 
2.2 0.75 0.156469 0.353102 
2.25 0.75 0.154614 0.386328 
2.3 0.75 0.147322 0.417249 
2.35 0.75 0.134884 0.445192 
2.4 0.75 0.117743 0.469576 
2.45 0.75 0.0964915 0.489879 
2.5 0.75 0.071858 0.505637 
2.55 0.75 0.0446953 0.516464 
2.6 0.75 0.0159536 0.522074 
2.65 0.75 -0.013353 0.522315 
2.7 0.75 -0.0421869 0.517179 
2.75 0.75 -0.0695301 0.506807 
2.8 0.75 -0.0944253 0.491474 
2.85 0.75 -0.11601 0.471559 
2.9 0.75 -0.133543 0.447519 
2.95 0.75 -0.146421 0.419871 
3 0.75 -0.154186 0.38919 
3.05 0.75 -0.156533 0.356139 
3.1 0.75 -0.153319 0.321517 
3.15 0.75 -0.144566 0.286325 
3.2 0.75 -0.130484 0.251838 
3.25 0.75 -0.111476 0.219634 
3.3 0.75 -0.0881575 0.191542 
3.35 0.75 -0.0613545 0.169489 
3.4 0.75 -0.0320821 0.155226 
3.45 0.75 -0.00150284 0.150003 
3.5 0.75 0.029138 0.154304 
3.55 0.75 0.0585912 0.167731 
3.6 0.75 0.085683 0.189097 
3.65 0.75 0.109381 0.216684 
3.7 0.75 0.128841 0.248572 
3.75 0.75 0.143426 0.282911 
3.8 0.75 0.152711 0.318096 
3.85 0.75 0.15647 0.352823 
3.9 0.75 0.154662 0.386066 
3.95 0.75 0.147415 0.417009 
4 0.75 0.135018 0.444979 
4.05 0.75 0.117914 0.469393 
4.1 0.75 0.0966934 0.489728 
4.15 0.75 0.0720844 0.50552 
4.2 0.75 0.0449392 0.516378 
4.25 0.75 0.0162084 0.522017 
4.3 0.75 -0.0130926 0.522279 
4.35 0.75 -0.0419242 0.517154 
4.4 0.75 -0.0692651 0.506779 
4.45 0.75 -0.0941536 0.491425 
4.5 0.75 -0.115722 0.471469 
4.55 0.75 -0.133223 0.447366 
4.6 0.75 -0.146047 0.419633 
4.65 0.75 -0.15373 0.38885 
4.7 0.75 -0.155963 0.355686 
4.75 0.75 -0.152601 0.32095 
4.8 0.75 -0.14367 0.285664 
4.85 0.75 -0.129385 0.251126 
4.9 0.75 -0.110166 0.21894 
4.95 0.75 -0.0866514 0.190959 
5 0.75 -0.0596951 0.169122 
0 0.8 -0.0640767 0.15876 
0.05 0.8 -0.0442599 0.140133 
0.1 0.8 -0.0226568 0.128189 
0.15 0.8 -0.000121611 0.123961 
0.2 0.8 0.0224306 0.127831 
0.25 0.8 0.0440796 0.139437 
0.3 0.8 0.0639593 0.157757 
0.35 0.8 0.0813094 0.181327 
0.4 0.8 0.0955107 0.20851 
0.45 0.8 0.106101 0.237729 
0.5 0.8 0.112776 0.267615 
0.55 0.8 0.11538 0.297049 
0.6 0.8 0.113893 0.325149 
0.65 0.8 0.108419 0.351218 
0.7 0.8 0.0991777 0.37469 
0.75 0.8 0.0864999 0.395088 
0.8 0.8 0.0708224 0.411999 
0.85 0.8 0.0526813 0.425071 
0.9 0.8 0.0327002 0.434016 
0.95 0.8 0.0115728 0.438628 
1 0.8 -0.00996171 0.438799 
1.05 0.8 -0.0311473 0.434524 
1.1 0.8 -0.0512421 0.425902 
1.15 0.8 -0.0695476 0.413133 
1.2 0.8 -0.0854331 0.396496 
1.25 0.8 -0.098354 0.376338 
1.3 0.8 -0.107864 0.353066 
1.35 0.8 -0.113623 0.327151 
1.4 0.8 -0.115399 0.299151 
1.45 0.8 -0.113076 0.269751 
1.5 0.8 -0.106663 0.23982 
1.55 0.8 -0.0963006 0.210462 
1.6 0.8 -0.0822811 0.183037 
1.65 0.8 -0.0650537 0.159119 
1.7 0.8 -0.0452283 0.140359 
1.75 0.8 -0.023561 0.128252 
1.8 0.8 -0.00092162 0.123864 
1.85 0.8 0.0217563 0.127601 
1.9 0.8 0.0435367 0.139116 
1.95 0.8 0.0635424 0.15739 
2 0.8 0.0810067 0.180953 
2.05 0.8 0.095307 0.208157 
2.1 0.8 0.105981 0.237415 
2.15 0.8 0.112724 0.267346 
2.2 0.8 0.115383 0.296828 
2.25 0.8 0.11394 0.324973 
2.3 0.8 0.108499 0.351084 
2.35 0.8 0.0992843 0.374594 
2.4 0.8 0.0866263 0.395026 
2.45 0.8 0.0709629 0.41197 
2.5 0.8 0.0528306 0.425072 
2.55 0.8 0.0328536 0.434047 
2.6 0.8 0.0117256 0.438689 
2.65 0.8 -0.009814 0.438887 
2.7 0.8 -0.0310092 0.434639 
2.75 0.8 -0.0511178 0.426044 
2.8 0.8 -0.069441 0.413299 
2.85 0.8 -0.0853477 0.396685 
2.9 0.8 -0.0982929 0.376547 
2.95 0.8 -0.10783 0.353294 
3 0.8 -0.113618 0.327393 
3.05 0.8 -0.115424 0.299404 
3.1 0.8 -0.113131 0.270009 
3.15 0.8 -0.106748 0.240075 
3.2 0.8 -0.0964147 0.210705 
3.25 0.8 -0.0824212 0.183255 
3.3 0.8 -0.0652157 0.1593 
3.35 0.8 -0.0454067 0.140489 
3.4 0.8 -0.0237493 0.128321 
3.45 0.8 -0.00111259 0.123865 
3.5 0.8 0.0215703 0.127535 
3.55 0.8 0.0433631 0.13899 
3.6 0.8 0.063388 0.157215 
3.65 0.8 0.0808771 0.180741 
3.7 0.8 0.0952067 0.207922 
3.75 0.8 0.105913 0.23717 
3.8 0.8 0.11269 0.267102 
3.85 0.8 0.115384 0.296591 
3.9 0.8 0.113974 0.324751 
3.95 0.8 0.108567 0.350881 
4 0.8 0.0993812 0.374413 
4.05 0.8 0.0867493 0.394871 
4.1 0.8 0.0711076 0.411841 
4.15 0.8 0.0529921 0.424969 
4.2 0.8 0.0330267 0.433967 
4.25 0.8 0.0119055 0.438629 
4.3 0.8 -0.00963134 0.438841 
4.35 0.8 -0.030826 0.434595 
4.4 0.8 -0.0509338 0.425991 
4.45 0.8 -0.0692527 0.413222 
4.5 0.8 -0.0851473 0.396566 
4.55 0.8 -0.0980682 0.376369 
4.6 0.8 -0.107564 0.353037 
4.65 0.8 -0.113289 0.327045 
4.7 0.8 -0.115008 0.298955 
4.75 0.8 -0.112604 0.269463 
4.8 0.8 -0.106086 0.239452 
4.85 0.8 -0.0956059 0.210043 
4.9 0.8 -0.0814655 0.182616 
4.95 0.8 -0.0641302 0.15876 
5 0.8 -0.0442227 0.140133 
0 0.85 -0.0415207 0.122876 
0.05 0.85 -0.0286753 0.108374 
0.1 0.85 -0.014675 0.0990877 
0.15 0.85 -8.04598e-05 0.0958072 
0.2 0.85 0.014515 0.0988224 
0.25 0.85 0.0285137 0.107853 
0.3 0.85 0.0413529 0.122111 
0.35 0.85 0.0525402 0.140462 
0.4 0.85 0.0616772 0.161636 
0.45 0.85 0.0684701 0.184403 
0.5 0.85 0.0727292 0.207688 
0.55 0.85 0.074361 0.230609 
0.6 0.85 0.0733593 0.252467 
0.65 0.85 0.0697967 0.272714 
0.7 0.85 0.0638185 0.290906 
0.75 0.85 0.0556396 0.306679 
0.8 0.85 0.0455417 0.319725 
0.85 0.85 0.0338686 0.329786 
0.9 0.85 0.0210197 0.336659 
0.95 0.85 0.0074383 0.340198 
1 0.85 -0.00640312 0.340329 
1.05 0.85 -0.0200217 0.337048 
1.1 0.85 -0.0329435 0.330425 
1.15 0.85 -0.0447219 0.320597 
1.2 0.85 -0.0549531 0.307765 
1.25 0.85 -0.0632879 0.29218 
1.3 0.85 -0.0694386 0.274145 
1.35 0.85 -0.0731838 0.25402 
1.4 0.85 -0.0743711 0.23224 
1.45 0.85 -0.0729203 0.209346 
1.5 0.85 -0.0688295 0.186026 
1.55 0.85 -0.0621836 0.163151 
1.6 0.85 -0.0531635 0.141788 
1.65 0.85 -0.0420551 0.123168 
1.7 0.85 -0.0292509 0.108573 
1.75 0.85 -0.0152419 0.099158 
1.8 0.85 -0.000596283 0.0957465 
1.85 0.85 0.0140746 0.0986515 
1.9 0.85 0.0281575 0.107606 
1.95 0.85 0.0410796 0.121823 
2 0.85 0.0523425 0.140166 
2.05 0.85 0.0615451 0.161355 
2.1 0.85 0.0683931 0.184153 
2.15 0.85 0.072697 0.207475 
2.2 0.85 0.0743646 0.230434 
2.25 0.85 0.0733911 0.252329 
2.3 0.85 0.0698502 0.272609 
2.35 0.85 0.0638886 0.290832 
2.4 0.85 0.0557222 0.306633 
2.45 0.85 0.045633 0.319705 
2.5 0.85 0.0339653 0.329791 
2.55 0.85 0.0211187 0.336686 
2.6 0.85 0.00753683 0.340249 
2.65 0.85 -0.006308 0.340401 
2.7 0.85 -0.0199328 0.337141 
2.75 0.85 -0.0328635 0.330538 
2.8 0.85 -0.0446532 0.320729 
2.85 0.85 -0.054898 0.307914 
2.9 0.85 -0.0632482 0.292345 
2.95 0.85 -0.0694161 0.274324 
3 0.85 -0.0731799 0.25421 
3.05 0.85 -0.0743865 0.232439 
3.1 0.85 -0.0729554 0.209549 
3.15 0.85 -0.0688842 0.186226 
3.2 0.85 -0.0622569 0.163341 
3.25 0.85 -0.0532537 0.141959 
3.3 0.85 -0.0421595 0.12331 
3.35 0.85 -0.0293661 0.108674 
3.4 0.85 -0.0153637 0.0992118 
3.45 0.85 -0.00071981 0.095748 
3.5 0.85 0.0139543 0.0986009 
3.55 0.85 0.0280454 0.107508 
3.6 0.85 0.0409799 0.121687 
3.65 0.85 0.0522589 0.140001 
3.7 0.85 0.0614805 0.161173 
3.75 0.85 0.0683494 0.183962 
3.8 0.85 0.0726752 0.207284 
3.85 0.85 0.074365 0.23025 
3.9 0.85 0.0734131 0.252156 
3.95 0.85 0.0698927 0.272451 
4 0.85 0.0639499 0.290691 
4.05 0.85 0.0557997 0.306511 
4.1 0.85 0.0457238 0.319603 
4.15 0.85 0.0340662 0.329707 
4.2 0.85 0.0212263 0.33662 
4.25 0.85 0.00764784 0.340195 
4.3 0.85 -0.00619617 0.340355 
4.35 0.85 -0.0198216 0.337094 
4.4 0.85 -0.0327527 0.33048 
4.45 0.85 -0.0445404 0.320649 
4.5 0.85 -0.054778 0.307798 
4.55 0.85 -0.0631128 0.292179 
4.6 0.85 -0.0692539 0.274095 
4.65 0.85 -0.0729765 0.253907 
4.7 0.85 -0.0741259 0.232057 
4.75 0.85 -0.0726217 0.209092 
4.8 0.85 -0.0684648 0.185713 
4.85 0.85 -0.061747 0.162804 
4.9 0.85 -0.0526616 0.141447 
4.95 0.85 -0.0415085 0.122876 
5 0.85 -0.0286835 0.108374 
0 0.9 -0.021259 0.0838627 
0.05 0.9 -0.0146524 0.0740727 
0.1 0.9 -0.00748959 0.0678197 
0.15 0.9 -4.50224e-05 0.0656155 
0.2 0.9 0.00738952 0.0676478 
0.25 0.9 0.0145125 0.0737307 
0.3 0.9 0.0210371 0.083342 
0.35 0.9 0.0267123 0.0957287 
0.4 0.9 0.0313371 0.110041 
0.45 0.9 0.0347648 0.125449 
0.5 0.9 0.0369028 0.141223 
0.55 0.9 0.0377078 0.156757 
0.6 0.9 0.0371799 0.17157 
0.65 0.9 0.0353583 0.185284 
0.7 0.9 0.032318 0.197596 
0.75 0.9 0.0281683 0.208258 
0.8 0.9 0.0230513 0.217065 
0.85 0.9 0.0171404 0.223849 
0.9 0.9 0.0106368 0.228479 
0.95 0.9 0.0037639 0.230862 
1 0.9 -0.00324012 0.23095 
1.05 0.9 -0.0101318 0.228741 
1.1 0.9 -0.0166723 0.22428 
1.15 0.9 -0.0226364 0.217653 
1.2 0.9 -0.0278208 0.208991 
1.25 0.9 -0.0320494 0.198456 
1.3 0.9 -0.0351769 0.186252 
1.35 0.9 -0.0370909 0.172621 
1.4 0.9 -0.0377129 0.15786 
1.45 0.9 -0.0369997 0.142344 
1.5 0.9 -0.0349472 0.126546 
1.55 0.9 -0.0315942 0.111063 
1.6 0.9 -0.027029 0.0966232 
1.65 0.9 -0.0213938 0.0840553 
1.7 0.9 -0.014887 0.0742175 
1.75 0.9 -0.00775957 0.0678788 
1.8 0.9 -0.000303629 0.0655833 
1.85 0.9 0.00716534 0.067538 
1.9 0.9 0.0143309 0.0735664 
1.95 0.9 0.0208983 0.0831483 
2 0.9 0.0266128 0.0955277 
2.05 0.9 0.0312715 0.109849 
2.1 0.9 0.0347274 0.125278 
2.15 0.9 0.0368883 0.141076 
2.2 0.9 0.0377113 0.156637 
2.25 0.9 0.0371974 0.171476 
2.3 0.9 0.0353866 0.185213 
2.35 0.9 0.0323544 0.197546 
2.4 0.9 0.0282107 0.208228 
2.45 0.9 0.0230979 0.217053 
2.5 0.9 0.0171896 0.223854 
2.55 0.9 0.0106871 0.228499 
2.6 0.9 0.00381383 0.230897 
2.65 0.9 -0.00319196 0.231 
2.7 0.9 -0.0100868 0.228805 
2.75 0.9 -0.0166317 0.224357 
2.8 0.9 -0.0226016 0.217744 
2.85 0.9 -0.0277928 0.209093 
2.9 0.9 -0.0320292 0.198569 
2.95 0.9 -0.0351654 0.186374 
3 0.9 -0.0370887 0.172751 
3.05 0.9 -0.0377204 0.157996 
3.1 0.9 -0.0370172 0.142482 
3.15 0.9 -0.0349746 0.126682 
3.2 0.9 -0.0316312 0.111192 
3.25 0.9 -0.0270746 0.0967388 
3.3 0.9 -0.0214467 0.0841508 
3.35 0.9 -0.0149455 0.0742861 
3.4 0.9 -0.0078215 0.0679151 
3.45 0.9 -0.000366492 0.0655845 
3.5 0.9 0.00710413 0.067504 
3.55 0.9 0.0142739 0.0735006 
3.6 0.9 0.0208477 0.0830562 
3.65 0.9 0.0265704 0.0954164 
3.7 0.9 0.0312388 0.109726 
3.75 0.9 0.0347053 0.125149 
3.8 0.9 0.0368772 0.140947 
3.85 0.9 0.0377114 0.156512 
3.9 0.9 0.0372084 0.171358 
3.95 0.9 0.0354078 0.185106 
4 0.9 0.032385 0.197451 
4.05 0.9 0.0282493 0.208144 
4.1 0.9 0.0231429 0.216982 
4.15 0.9 0.0172394 0.223795 
4.2 0.9 0.0107398 0.228451 
4.25 0.9 0.00386781 0.230857 
4.3 0.9 -0.00313812 0.230964 
4.35 0.9 -0.0100339 0.228768 
4.4 0.9 -0.0165797 0.224311 
4.45 0.9 -0.0225492 0.217681 
4.5 0.9 -0.0277374 0.209004 
4.55 0.9 -0.0319664 0.198446 
4.6 0.9 -0.0350893 0.186207 
4.65 0.9 -0.0369918 0.172533 
4.7 0.9 -0.0375943 0.157725 
4.75 0.9 -0.0368537 0.142162 
4.8 0.9 -0.034768 0.126327 
4.85 0.9 -0.0313821 0.110827 
4.9 0.9 -0.026796 0.0963958 
4.95 0.9 -0.0211703 0.0838627 
5 0.9 -0.0147135 0.0740727 
0 0.95 -0.00627509 0.0425559 
0.05 0.95 -0.00424295 0.0376876 
0.1 0.95 -0.00215419 0.0345934 
0.15 0.95 -1.37306e-05 0.0335049 
0.2 0.95 0.00211665 0.0345114 
0.25 0.95 0.00415498 0.0375235 
0.3 0.95 0.00601922 0.0422891 
0.35 0.95 0.0076374 0.0484423 
0.4 0.95 0.00895241 0.0555666 
0.45 0.95 0.00992353 0.0632521 
0.5 0.95 0.0105258 0.071133 
0.55 0.95 0.0107481 0.0789042 
0.6 0.95 0.0105918 0.0863208 
0.65 0.95 0.0100686 0.0931894 
0.7 0.95 0.0092001 0.0993556 
0.75 0.95 0.00801722 0.104694 
0.8 0.95 0.00656009 0.109102 
0.85 0.95 0.00487766 0.112496 
0.9 0.95 0.00302686 0.114811 
0.95 0.95 0.00107109 0.116003 
1 0.95 -0.000921992 0.116047 
1.05 0.95 -0.00288315 0.114942 
1.1 0.95 -0.00474446 0.112711 
1.15 0.95 -0.00644208 0.109396 
1.2 0.95 -0.00791842 0.105061 
1.25 0.95 -0.00912377 0.099786 
1.3 0.95 -0.0100171 0.0936735 
1.35 0.95 -0.0105667 0.0868461 
1.4 0.95 -0.0107498 0.0794557 
1.45 0.95 -0.0105537 0.0716929 
1.5 0.95 -0.00997603 0.0637989 
1.55 0.95 -0.00902641 0.0560757 
1.6 0.95 -0.00772853 0.0488872 
1.65 0.95 -0.00612183 0.0426437 
1.7 0.95 -0.0042625 0.037766 
1.75 0.95 -0.00222264 0.0346279 
1.8 0.95 -8.70009e-05 0.0334924 
1.85 0.95 0.00205244 0.0344593 
1.9 0.95 0.00410341 0.0374435 
1.95 0.95 0.00598035 0.0421937 
2 0.95 0.00760998 0.0483426 
2.05 0.95 0.00893476 0.055471 
2.1 0.95 0.0099139 0.0631659 
2.15 0.95 0.0105225 0.0710591 
2.2 0.95 0.0107499 0.0788434 
2.25 0.95 0.0105974 0.0862729 
2.3 0.95 0.0100771 0.0931535 
2.35 0.95 0.00921079 0.0993306 
2.4 0.95 0.0080295 0.104679 
2.45 0.95 0.00657348 0.109096 
2.5 0.95 0.00489172 0.112499 
2.55 0.95 0.00304119 0.114822 
2.6 0.95 0.00108529 0.116021 
2.65 0.95 -0.000908308 0.116072 
2.7 0.95 -0.00287036 0.114975 
2.75 0.95 -0.00473293 0.11275 
2.8 0.95 -0.00643216 0.109442 
2.85 0.95 -0.00791042 0.105112 
2.9 0.95 -0.00911797 0.0998429 
2.95 0.95 -0.0100138 0.0937351 
3 0.95 -0.0105659 0.0869115 
3.05 0.95 -0.0107519 0.0795237 
3.1 0.95 -0.0105586 0.0717619 
3.15 0.95 -0.00998374 0.0638669 
3.2 0.95 -0.00903685 0.0561401 
3.25 0.95 -0.00774147 0.0489448 
3.3 0.95 -0.00613691 0.0426912 
3.35 0.95 -0.00427921 0.0378 
3.4 0.95 -0.00224035 0.0346459 
3.45 0.95 -0.000104994 0.033493 
3.5 0.95 0.00203492 0.0344425 
3.55 0.95 0.0040871 0.037411 
3.6 0.95 0.00596588 0.0421481 
3.65 0.95 0.0075979 0.0482872 
3.7 0.95 0.00892546 0.0554095 
3.75 0.95 0.00990763 0.0631015 
3.8 0.95 0.0105194 0.0709946 
3.85 0.95 0.0107499 0.0787809 
3.9 0.95 0.0106005 0.0862141 
3.95 0.95 0.0100831 0.0930996 
4 0.95 0.00921939 0.0992824 
4.05 0.95 0.00804033 0.104637 
4.1 0.95 0.00658607 0.10906 
4.15 0.95 0.00490558 0.112469 
4.2 0.95 0.00305576 0.114797 
4.25 0.95 0.00110007 0.116 
4.3 0.95 -0.000893755 0.116053 
4.35 0.95 -0.0028563 0.114954 
4.4 0.95 -0.0047194 0.112725 
4.45 0.95 -0.00641881 0.109408 
4.5 0.95 -0.00789652 0.105065 
4.55 0.95 -0.00910226 0.099778 
4.6 0.95 -0.00999451 0.0936481 
4.65 0.95 -0.0105409 0.0867994 
4.7 0.95 -0.0107184 0.0793857 
4.75 0.95 -0.0105143 0.0716006 
4.8 0.95 -0.00992688 0.0636899 
4.85 0.95 -0.00896872 0.0559603 
4.9 0.95 -0.00767174 0.0487796 
4.95 0.95 -0.00609885 0.0425559 
5 0.95 -0.00436515 0.0376876 
0 1 0 0 
0.05 1 0 0 
0.1 1 0 0 
0.15 1 0 0 
0.2 1 0 0 
0.25 1 0 0 
0.3 1 0 0 
0.35 1 0 0 
0.4 1 0 0 
0.45 1 0 0 
0.5 1 0 0 
0.55 1 0 0 
0.6 1 0 0 
0.65 1 0 0 
0.7 1 0 0 
0.75 1 0 0 
0.8 1 0 0 
0.85 1 0 0 
0.9 1 0 0 
0.95 1 0 0 
1 1 0 0 
1.05 1 0 0 
1.1 1 0 0 
1.15 1 0 0 
1.2 1 0 0 
1.25 1 0 0 
1.3 1 0 0 
1.35 1 0 0 
1.4 1 0 0 
1.45 1 0 0 
1.5 1 0 0 
1.55 1 0 0 
1.6 1 0 0 
1.65 1 0 0 
1.7 1 0 0 
1.75 1 0 0 
1.8 1 0 0 
1.85 1 0 0 
1.9 1 0 0 
1.95 1 0 0 
2 1 0 0 
2.05 1 0 0 
2.1 1 0 0 
2.15 1 0 0 
2.2 1 0 0 
2.25 1 0 0 
2.3 1 0 0 
2.35 1 0 0 
2.4 1 0 0 
2.45 1 0 0 
2.5 1 0 0 
2.55 1 0 0 
2.6 1 0 0 
2.65 1 0 0 
2.7 1 0 0 
2.75 1 0 0 
2.8 1 0 0 
2.85 1 0 0 
2.9 1 0 0 
2.95 1 0 0 
3 1 0 0 
3.05 1 0 0 
3.1 1 0 0 
3.15 1 0 0 
3.2 1 0 0 
3.25 1 0 0 
3.3 1 0 0 
3.35 1 0 0 
3.4 1 0 0 
3.45 1 0 0 
3.5 1 0 0 
3.55 1 0 0 
3.6 1 0 0 
3.65 1 0 0 
3.7 1 0 0 
3.75 1 0 0 
3.8 1 0 0 
3.85 1 0 0 
3.9 1 0 0 
3.95 1 0 0 
4 1 0 0 
4.05 1 0 0 
4.1 1 0 0 
4.15 1 0 0 
4.2 1 0 0 
4.25 1 0 0 
4.3 1 0 0 
4.35 1 0 0 
4.4 1 0 0 
4.45 1 0 0 
4.5 1 0 0 
4.55 1 0 0 
4.6 1 0 0 
4.65 1 0 0 
4.7 1 0 0 
4.75 1 0 0 
4.8 1 0 0 
4.85 1 0 0 
4.9 1 0 0 
4.95 1 0 0 
5 1 0 0 
