x, y, ksi, T
#iter= 540000
0 0 0 1 
0.05 0 0 1 
0.1 0 0 1 
0.15 0 0 1 
0.2 0 0 1 
0.25 0 0 1 
0.3 0 0 1 
0.35 0 0 1 
0.4 0 0 1 
0.45 0 0 1 
0.5 0 0 1 
0.55 0 0 1 
0.6 0 0 1 
0.65 0 0 1 
0.7 0 0 1 
0.75 0 0 1 
0.8 0 0 1 
0.85 0 0 1 
0.9 0 0 1 
0.95 0 0 1 
1 0 0 1 
1.05 0 0 1 
1.1 0 0 1 
1.15 0 0 1 
1.2 0 0 1 
1.25 0 0 1 
1.3 0 0 1 
1.35 0 0 1 
1.4 0 0 1 
1.45 0 0 1 
1.5 0 0 1 
1.55 0 0 1 
1.6 0 0 1 
1.65 0 0 1 
1.7 0 0 1 
1.75 0 0 1 
1.8 0 0 1 
1.85 0 0 1 
1.9 0 0 1 
1.95 0 0 1 
2 0 0 1 
2.05 0 0 1 
2.1 0 0 1 
2.15 0 0 1 
2.2 0 0 1 
2.25 0 0 1 
2.3 0 0 1 
2.35 0 0 1 
2.4 0 0 1 
2.45 0 0 1 
2.5 0 0 1 
2.55 0 0 1 
2.6 0 0 1 
2.65 0 0 1 
2.7 0 0 1 
2.75 0 0 1 
2.8 0 0 1 
2.85 0 0 1 
2.9 0 0 1 
2.95 0 0 1 
3 0 0 1 
3.05 0 0 1 
3.1 0 0 1 
3.15 0 0 1 
3.2 0 0 1 
3.25 0 0 1 
3.3 0 0 1 
3.35 0 0 1 
3.4 0 0 1 
3.45 0 0 1 
3.5 0 0 1 
3.55 0 0 1 
3.6 0 0 1 
3.65 0 0 1 
3.7 0 0 1 
3.75 0 0 1 
3.8 0 0 1 
3.85 0 0 1 
3.9 0 0 1 
3.95 0 0 1 
4 0 0 1 
4.05 0 0 1 
4.1 0 0 1 
4.15 0 0 1 
4.2 0 0 1 
4.25 0 0 1 
4.3 0 0 1 
4.35 0 0 1 
4.4 0 0 1 
4.45 0 0 1 
4.5 0 0 1 
4.55 0 0 1 
4.6 0 0 1 
4.65 0 0 1 
4.7 0 0 1 
4.75 0 0 1 
4.8 0 0 1 
4.85 0 0 1 
4.9 0 0 1 
4.95 0 0 1 
5 0 0 1 
0 0.05 -0.00621568 0.889193 
0.05 0.05 -0.00427984 0.886151 
0.1 0.05 -0.00225785 0.884315 
0.15 0.05 -0.000205178 0.883668 
0.2 0.05 0.00182563 0.884199 
0.25 0.05 0.00377503 0.885884 
0.3 0.05 0.00558202 0.888682 
0.35 0.05 0.00718885 0.892538 
0.4 0.05 0.00854385 0.897374 
0.45 0.05 0.00960308 0.9031 
0.5 0.05 0.0103311 0.909603 
0.55 0.05 0.0107015 0.916747 
0.6 0.05 0.0106968 0.924362 
0.65 0.05 0.0103098 0.932233 
0.7 0.05 0.00954401 0.94009 
0.75 0.05 0.0084161 0.9476 
0.8 0.05 0.00695751 0.954373 
0.85 0.05 0.00521613 0.959986 
0.9 0.05 0.0032564 0.964035 
0.95 0.05 0.00115736 0.966194 
1 0.05 -0.000991795 0.966277 
1.05 0.05 -0.00309803 0.964277 
1.1 0.05 -0.00507162 0.960367 
1.15 0.05 -0.00683257 0.954865 
1.2 0.05 -0.00831522 0.948172 
1.25 0.05 -0.00947045 0.94071 
1.3 0.05 -0.0102656 0.932873 
1.35 0.05 -0.0106832 0.925 
1.4 0.05 -0.0107188 0.917367 
1.45 0.05 -0.0103794 0.910192 
1.5 0.05 -0.0096818 0.903648 
1.55 0.05 -0.00865266 0.897873 
1.6 0.05 -0.00732763 0.892981 
1.65 0.05 -0.00575144 0.889065 
1.7 0.05 -0.00397724 0.886199 
1.75 0.05 -0.00206549 0.884437 
1.8 0.05 -8.20359e-05 0.883814 
1.85 0.05 0.00190428 0.884341 
1.9 0.05 0.00382452 0.88601 
1.95 0.05 0.00561247 0.888787 
2 0.05 0.00720716 0.892618 
2.05 0.05 0.00855479 0.897432 
2.1 0.05 0.00960992 0.903137 
2.15 0.05 0.0103361 0.909623 
2.2 0.05 0.0107061 0.916751 
2.25 0.05 0.010702 0.924354 
2.3 0.05 0.0103161 0.932216 
2.35 0.05 0.00955189 0.940068 
2.4 0.05 0.00842559 0.947576 
2.45 0.05 0.00696853 0.95435 
2.5 0.05 0.00522843 0.959968 
2.55 0.05 0.00326961 0.964026 
2.6 0.05 0.00117098 0.966196 
2.65 0.05 -0.000978319 0.966291 
2.7 0.05 -0.00308527 0.964302 
2.75 0.05 -0.00506012 0.960403 
2.8 0.05 -0.0068228 0.954909 
2.85 0.05 -0.00830758 0.948222 
2.9 0.05 -0.00946521 0.940763 
2.95 0.05 -0.010263 0.932927 
3 0.05 -0.0106833 0.925054 
3.05 0.05 -0.0107216 0.917418 
3.1 0.05 -0.0103848 0.910239 
3.15 0.05 -0.00968981 0.903689 
3.2 0.05 -0.00866302 0.897909 
3.25 0.05 -0.00734007 0.89301 
3.3 0.05 -0.0057656 0.889086 
3.35 0.05 -0.00399268 0.886211 
3.4 0.05 -0.00208172 0.88444 
3.45 0.05 -9.85262e-05 0.883808 
3.5 0.05 0.00188809 0.884327 
3.55 0.05 0.0038092 0.885986 
3.6 0.05 0.00559856 0.888753 
3.65 0.05 0.00719516 0.892576 
3.7 0.05 0.00854515 0.897382 
3.75 0.05 0.00960303 0.90308 
3.8 0.05 0.0103323 0.909558 
3.85 0.05 0.0107056 0.916682 
3.9 0.05 0.0107051 0.924281 
3.95 0.05 0.010323 0.932142 
4 0.05 0.00956247 0.939995 
4.05 0.05 0.00843983 0.947509 
4.1 0.05 0.00698619 0.954293 
4.15 0.05 0.00524911 0.959928 
4.2 0.05 0.00329272 0.964006 
4.25 0.05 0.00119577 0.966202 
4.3 0.05 -0.000952752 0.966327 
4.35 0.05 -0.00305992 0.96437 
4.4 0.05 -0.00503604 0.960501 
4.45 0.05 -0.00680112 0.955037 
4.5 0.05 -0.00828954 0.948377 
4.55 0.05 -0.00945232 0.940943 
4.6 0.05 -0.0102572 0.93313 
4.65 0.05 -0.0106874 0.925276 
4.7 0.05 -0.0107398 0.917655 
4.75 0.05 -0.0104232 0.910486 
4.8 0.05 -0.00975754 0.903938 
4.85 0.05 -0.00877429 0.898142 
4.9 0.05 -0.00751725 0.893203 
4.95 0.05 -0.00604277 0.889193 
5 0.05 -0.00440042 0.886151 
0 0.1 -0.0209855 0.779506 
0.05 0.1 -0.0146748 0.773515 
0.1 0.1 -0.00778707 0.769834 
0.15 0.1 -0.000661088 0.768523 
0.2 0.1 0.00643962 0.769573 
0.25 0.1 0.0132743 0.772935 
0.3 0.1 0.0196165 0.778525 
0.35 0.1 0.0252576 0.786225 
0.4 0.1 0.0300129 0.795884 
0.45 0.1 0.0337255 0.807315 
0.5 0.1 0.0362696 0.820297 
0.55 0.1 0.0375518 0.83456 
0.6 0.1 0.0375126 0.849772 
0.65 0.1 0.036129 0.865513 
0.7 0.1 0.0334185 0.88125 
0.75 0.1 0.0294445 0.896319 
0.8 0.1 0.0243221 0.909937 
0.85 0.1 0.018222 0.921247 
0.9 0.1 0.01137 0.92942 
0.95 0.1 0.00403968 0.933783 
1 0.1 -0.00346246 0.93395 
1.05 0.1 -0.0108175 0.929908 
1.1 0.1 -0.0177172 0.922015 
1.15 0.1 -0.0238849 0.910927 
1.2 0.1 -0.0290909 0.897465 
1.25 0.1 -0.0331602 0.882489 
1.3 0.1 -0.0359738 0.866791 
1.35 0.1 -0.0374649 0.851045 
1.4 0.1 -0.0376134 0.835793 
1.45 0.1 -0.0364403 0.821466 
1.5 0.1 -0.0340039 0.8084 
1.55 0.1 -0.0303971 0.796869 
1.6 0.1 -0.0257463 0.787098 
1.65 0.1 -0.02021 0.779272 
1.7 0.1 -0.0139762 0.773541 
1.75 0.1 -0.00725825 0.770017 
1.8 0.1 -0.00028816 0.768771 
1.85 0.1 0.00669201 0.769827 
1.9 0.1 0.0134398 0.773164 
1.95 0.1 0.019722 0.778715 
2 0.1 0.0253236 0.786373 
2.05 0.1 0.0300541 0.795989 
2.1 0.1 0.0337526 0.807382 
2.15 0.1 0.03629 0.820329 
2.2 0.1 0.0375706 0.834564 
2.25 0.1 0.0375331 0.849753 
2.3 0.1 0.0361533 0.865477 
2.35 0.1 0.0334478 0.881203 
2.4 0.1 0.0294791 0.896269 
2.45 0.1 0.0243618 0.90989 
2.5 0.1 0.0182659 0.921211 
2.55 0.1 0.0114168 0.929401 
2.6 0.1 0.00408767 0.933786 
2.65 0.1 -0.00341511 0.933978 
2.7 0.1 -0.0107728 0.92996 
2.75 0.1 -0.0176769 0.922088 
2.8 0.1 -0.0238507 0.911016 
2.85 0.1 -0.0290641 0.897566 
2.9 0.1 -0.0331418 0.882596 
2.95 0.1 -0.0359646 0.8669 
3 0.1 -0.0374652 0.851152 
3.05 0.1 -0.0376233 0.835895 
3.1 0.1 -0.0364597 0.821559 
3.15 0.1 -0.0340323 0.808484 
3.2 0.1 -0.0304338 0.796941 
3.25 0.1 -0.0257903 0.787155 
3.3 0.1 -0.0202599 0.779314 
3.35 0.1 -0.0140306 0.773566 
3.4 0.1 -0.00731541 0.770025 
3.45 0.1 -0.000346173 0.76876 
3.5 0.1 0.00663512 0.769798 
3.55 0.1 0.013386 0.773116 
3.6 0.1 0.0196732 0.778649 
3.65 0.1 0.0252816 0.786289 
3.7 0.1 0.0300205 0.795889 
3.75 0.1 0.0337288 0.807267 
3.8 0.1 0.0362771 0.820201 
3.85 0.1 0.0375695 0.834425 
3.9 0.1 0.0375446 0.849606 
3.95 0.1 0.0361779 0.865328 
4 0.1 0.0334854 0.881057 
4.05 0.1 0.0295294 0.896134 
4.1 0.1 0.0244238 0.909776 
4.15 0.1 0.0183382 0.921128 
4.2 0.1 0.0114974 0.92936 
4.25 0.1 0.00417393 0.933797 
4.3 0.1 -0.00332632 0.934048 
4.35 0.1 -0.0106848 0.930092 
4.4 0.1 -0.0175935 0.922282 
4.45 0.1 -0.0237758 0.911269 
4.5 0.1 -0.0290019 0.897873 
4.55 0.1 -0.0330975 0.882952 
4.6 0.1 -0.0359447 0.867299 
4.65 0.1 -0.0374788 0.851588 
4.7 0.1 -0.0376831 0.836361 
4.75 0.1 -0.0365833 0.822043 
4.8 0.1 -0.0342438 0.808966 
4.85 0.1 -0.0307635 0.797389 
4.9 0.1 -0.0262698 0.787515 
4.95 0.1 -0.0208986 0.779506 
5 0.1 -0.0147336 0.773515 
0 0.15 -0.0409085 0.675191 
0.05 0.15 -0.028587 0.66641 
0.1 0.15 -0.015137 0.660967 
0.15 0.15 -0.00116166 0.659008 
0.2 0.15 0.0128068 0.660547 
0.25 0.15 0.0262747 0.66552 
0.3 0.15 0.0387815 0.673798 
0.35 0.15 0.0499066 0.685198 
0.4 0.15 0.0592793 0.699486 
0.45 0.15 0.0665867 0.716379 
0.5 0.15 0.0715786 0.735546 
0.55 0.15 0.0740716 0.756591 
0.6 0.15 0.0739515 0.779031 
0.65 0.15 0.0711785 0.802257 
0.7 0.15 0.0657941 0.825494 
0.75 0.15 0.0579312 0.847771 
0.8 0.15 0.0478231 0.86793 
0.85 0.15 0.0358099 0.884698 
0.9 0.15 0.0223355 0.89683 
0.95 0.15 0.00793351 0.903312 
1 0.15 -0.00680134 0.903561 
1.05 0.15 -0.0212513 0.897555 
1.1 0.15 -0.0348184 0.885836 
1.15 0.15 -0.0469633 0.869394 
1.2 0.15 -0.0572346 0.849463 
1.25 0.15 -0.0652843 0.82732 
1.3 0.15 -0.0708713 0.804137 
1.35 0.15 -0.0738563 0.780899 
1.4 0.15 -0.0741921 0.758397 
1.45 0.15 -0.0719142 0.737252 
1.5 0.15 -0.0671338 0.717956 
1.55 0.15 -0.0600325 0.700908 
1.6 0.15 -0.05086 0.686444 
1.65 0.15 -0.0399304 0.674845 
1.7 0.15 -0.027617 0.666342 
1.75 0.15 -0.0143432 0.661109 
1.8 0.15 -0.000569213 0.659258 
1.85 0.15 0.0132248 0.660827 
1.9 0.15 0.0265578 0.665782 
1.95 0.15 0.0389672 0.67402 
2 0.15 0.0500262 0.68537 
2.05 0.15 0.0593569 0.699607 
2.1 0.15 0.0666401 0.716451 
2.15 0.15 0.0716208 0.735575 
2.2 0.15 0.0741114 0.756583 
2.25 0.15 0.073995 0.778993 
2.3 0.15 0.0712294 0.802197 
2.35 0.15 0.0658545 0.82542 
2.4 0.15 0.0580017 0.847693 
2.45 0.15 0.0479031 0.867858 
2.5 0.15 0.0358976 0.884643 
2.55 0.15 0.0224286 0.896801 
2.6 0.15 0.00802869 0.903316 
2.65 0.15 -0.00670767 0.903602 
2.7 0.15 -0.0211629 0.897631 
2.75 0.15 -0.0347388 0.885944 
2.8 0.15 -0.0468958 0.869526 
2.85 0.15 -0.0571818 0.849612 
2.9 0.15 -0.0652481 0.827479 
2.95 0.15 -0.0708532 0.804298 
3 0.15 -0.073857 0.781057 
3.05 0.15 -0.0742118 0.758548 
3.1 0.15 -0.0719527 0.737391 
3.15 0.15 -0.06719 0.71808 
3.2 0.15 -0.0601052 0.701015 
3.25 0.15 -0.0509471 0.68653 
3.3 0.15 -0.0400294 0.674909 
3.35 0.15 -0.0277248 0.666381 
3.4 0.15 -0.0144563 0.661122 
3.45 0.15 -0.000683981 0.659243 
3.5 0.15 0.0131123 0.660784 
3.55 0.15 0.0264515 0.665712 
3.6 0.15 0.038871 0.673923 
3.65 0.15 0.0499436 0.685247 
3.7 0.15 0.0592909 0.699459 
3.75 0.15 0.0665935 0.716282 
3.8 0.15 0.0715959 0.735386 
3.85 0.15 0.0741101 0.756378 
3.9 0.15 0.0740185 0.778778 
3.95 0.15 0.0712784 0.801977 
4 0.15 0.0659291 0.825205 
4.05 0.15 0.0581009 0.847493 
4.1 0.15 0.0480251 0.867688 
4.15 0.15 0.0360395 0.884519 
4.2 0.15 0.0225863 0.896739 
4.25 0.15 0.00819711 0.903331 
4.3 0.15 -0.00653447 0.903702 
4.35 0.15 -0.0209914 0.897822 
4.4 0.15 -0.034576 0.886225 
4.45 0.15 -0.0467489 0.869893 
4.5 0.15 -0.0570587 0.850056 
4.55 0.15 -0.065158 0.827991 
4.6 0.15 -0.0708073 0.804869 
4.65 0.15 -0.0738702 0.781678 
4.7 0.15 -0.074304 0.759207 
4.75 0.15 -0.0721498 0.73807 
4.8 0.15 -0.0675243 0.71875 
4.85 0.15 -0.0606108 0.701629 
4.9 0.15 -0.0516462 0.687021 
4.95 0.15 -0.0408947 0.675191 
5 0.15 -0.0285942 0.66641 
0 0.2 -0.0630825 0.581418 
0.05 0.2 -0.0439887 0.570113 
0.1 0.2 -0.0231998 0.563077 
0.15 0.2 -0.00157397 0.560527 
0.2 0.2 0.020073 0.562513 
0.25 0.2 0.0409642 0.568961 
0.3 0.2 0.0603715 0.5797 
0.35 0.2 0.0776309 0.594473 
0.4 0.2 0.0921592 0.612954 
0.45 0.2 0.103466 0.634762 
0.5 0.2 0.111163 0.659455 
0.55 0.2 0.114968 0.686521 
0.6 0.2 0.11471 0.715345 
0.65 0.2 0.110336 0.745156 
0.7 0.2 0.101922 0.774973 
0.75 0.2 0.089684 0.803563 
0.8 0.2 0.0739924 0.829448 
0.85 0.2 0.0553784 0.850992 
0.9 0.2 0.0345285 0.866589 
0.95 0.2 0.0122613 0.874925 
1 0.2 -0.0105139 0.875245 
1.05 0.2 -0.0328543 0.867519 
1.1 0.2 -0.0538461 0.852453 
1.15 0.2 -0.0726619 0.831325 
1.2 0.2 -0.0886043 0.80573 
1.25 0.2 -0.10113 0.777308 
1.3 0.2 -0.109857 0.747556 
1.35 0.2 -0.114558 0.717726 
1.4 0.2 -0.11515 0.688818 
1.45 0.2 -0.111677 0.661617 
1.5 0.2 -0.104304 0.636749 
1.55 0.2 -0.0933099 0.614731 
1.6 0.2 -0.0790797 0.596004 
1.65 0.2 -0.062102 0.580952 
1.7 0.2 -0.0429595 0.569895 
1.75 0.2 -0.0223138 0.56308 
1.8 0.2 -0.000885181 0.560667 
1.85 0.2 0.0205747 0.562712 
1.9 0.2 0.0413131 0.569167 
1.95 0.2 0.060606 0.579881 
2 0.2 0.077786 0.594613 
2.05 0.2 0.0922635 0.613048 
2.1 0.2 0.103542 0.634809 
2.15 0.2 0.111226 0.659458 
2.2 0.2 0.115031 0.686487 
2.25 0.2 0.11478 0.71528 
2.3 0.2 0.110418 0.745067 
2.35 0.2 0.102019 0.774871 
2.4 0.2 0.0897963 0.803459 
2.45 0.2 0.074119 0.829353 
2.5 0.2 0.0555166 0.85092 
2.55 0.2 0.0346743 0.866551 
2.6 0.2 0.0124099 0.874931 
2.65 0.2 -0.010368 0.875298 
2.7 0.2 -0.0327168 0.867618 
2.75 0.2 -0.0537225 0.852592 
2.8 0.2 -0.072557 0.831496 
2.85 0.2 -0.0885221 0.805922 
2.9 0.2 -0.101074 0.777512 
2.95 0.2 -0.109829 0.747764 
3 0.2 -0.11456 0.71793 
3.05 0.2 -0.115181 0.689013 
3.1 0.2 -0.111737 0.661798 
3.15 0.2 -0.104392 0.636911 
3.2 0.2 -0.0934232 0.61487 
3.25 0.2 -0.0792155 0.596118 
3.3 0.2 -0.0622564 0.581036 
3.35 0.2 -0.0431275 0.569947 
3.4 0.2 -0.0224901 0.563098 
3.45 0.2 -0.00106393 0.560649 
3.5 0.2 0.0203997 0.562658 
3.55 0.2 0.0411479 0.569077 
3.6 0.2 0.0604566 0.579756 
3.65 0.2 0.0776579 0.594455 
3.7 0.2 0.0921615 0.612859 
3.75 0.2 0.10347 0.634592 
3.8 0.2 0.111189 0.659217 
3.85 0.2 0.11503 0.686226 
3.9 0.2 0.114817 0.715005 
3.95 0.2 0.110495 0.744787 
4 0.2 0.102135 0.774596 
4.05 0.2 0.0899499 0.803203 
4.1 0.2 0.0743072 0.829136 
4.15 0.2 0.0557349 0.850761 
4.2 0.2 0.0349164 0.866471 
4.25 0.2 0.0126682 0.874947 
4.3 0.2 -0.0101025 0.875424 
4.35 0.2 -0.0324537 0.867858 
4.4 0.2 -0.0534718 0.852945 
4.45 0.2 -0.072329 0.831954 
4.5 0.2 -0.0883276 0.806474 
4.55 0.2 -0.100925 0.778145 
4.6 0.2 -0.109739 0.748465 
4.65 0.2 -0.114547 0.718686 
4.7 0.2 -0.115267 0.689806 
4.75 0.2 -0.11195 0.662605 
4.8 0.2 -0.104762 0.637699 
4.85 0.2 -0.0939763 0.615589 
4.9 0.2 -0.0799563 0.596702 
4.95 0.2 -0.0631303 0.581418 
5 0.2 -0.0439531 0.570113 
0 0.25 -0.0852276 0.502191 
0.05 0.25 -0.0593036 0.488679 
0.1 0.25 -0.0311386 0.480246 
0.15 0.25 -0.00183198 0.477182 
0.2 0.25 0.0275237 0.479572 
0.25 0.25 0.0558673 0.487336 
0.3 0.25 0.0821968 0.500246 
0.35 0.25 0.105599 0.517959 
0.4 0.25 0.125274 0.540042 
0.45 0.25 0.140553 0.566002 
0.5 0.25 0.15091 0.595288 
0.55 0.25 0.15597 0.627284 
0.6 0.25 0.155511 0.661264 
0.65 0.25 0.149475 0.696334 
0.7 0.25 0.137979 0.731359 
0.75 0.25 0.121331 0.76491 
0.8 0.25 0.100043 0.795268 
0.85 0.25 0.0748394 0.820525 
0.9 0.25 0.0466458 0.838808 
0.95 0.25 0.0165601 0.848579 
1 0.25 -0.0142032 0.848953 
1.05 0.25 -0.0443867 0.839897 
1.1 0.25 -0.0727699 0.822235 
1.15 0.25 -0.098244 0.797463 
1.2 0.25 -0.119868 0.767443 
1.25 0.25 -0.136903 0.734089 
1.3 0.25 -0.148819 0.699138 
1.35 0.25 -0.155297 0.664043 
1.4 0.25 -0.156204 0.629962 
1.45 0.25 -0.15159 0.597802 
1.5 0.25 -0.141665 0.568301 
1.55 0.25 -0.126798 0.542078 
1.6 0.25 -0.107508 0.519684 
1.65 0.25 -0.0844562 0.501613 
1.7 0.25 -0.0584379 0.488293 
1.75 0.25 -0.030358 0.480063 
1.8 0.25 -0.00120383 0.477144 
1.85 0.25 0.0279933 0.479618 
1.9 0.25 0.0562003 0.487415 
1.95 0.25 0.0824248 0.500326 
2 0.25 0.105753 0.518018 
2.05 0.25 0.125382 0.540071 
2.1 0.25 0.140637 0.565996 
2.15 0.25 0.150988 0.595247 
2.2 0.25 0.156052 0.627211 
2.25 0.25 0.155606 0.661164 
2.3 0.25 0.149589 0.696215 
2.35 0.25 0.138114 0.731229 
2.4 0.25 0.121487 0.764781 
2.45 0.25 0.100218 0.795153 
2.5 0.25 0.0750293 0.82044 
2.55 0.25 0.0468454 0.838763 
2.6 0.25 0.0167629 0.848586 
2.65 0.25 -0.0140046 0.849016 
2.7 0.25 -0.0441998 0.840014 
2.75 0.25 -0.0726019 0.8224 
2.8 0.25 -0.0981015 0.797665 
2.85 0.25 -0.119756 0.767671 
2.9 0.25 -0.136826 0.734331 
2.95 0.25 -0.148781 0.699385 
3 0.25 -0.155298 0.664287 
3.05 0.25 -0.156246 0.630195 
3.1 0.25 -0.151672 0.598019 
3.15 0.25 -0.141785 0.568496 
3.2 0.25 -0.126953 0.542247 
3.25 0.25 -0.107693 0.519823 
3.3 0.25 -0.0846666 0.501718 
3.35 0.25 -0.0586669 0.488359 
3.4 0.25 -0.0305983 0.480087 
3.45 0.25 -0.00144731 0.477126 
3.5 0.25 0.0277551 0.479555 
3.55 0.25 0.0559757 0.48731 
3.6 0.25 0.082222 0.500178 
3.65 0.25 0.10558 0.517831 
3.7 0.25 0.125245 0.539848 
3.75 0.25 0.140541 0.565741 
3.8 0.25 0.150937 0.594965 
3.85 0.25 0.156052 0.626906 
3.9 0.25 0.155658 0.660844 
3.95 0.25 0.149693 0.695888 
4 0.25 0.138271 0.730909 
4.05 0.25 0.121694 0.764484 
4.1 0.25 0.100471 0.794901 
4.15 0.25 0.075322 0.820255 
4.2 0.25 0.0471694 0.83867 
4.25 0.25 0.0171081 0.848604 
4.3 0.25 -0.0136496 0.84916 
4.35 0.25 -0.0438472 0.840289 
4.4 0.25 -0.0722641 0.822801 
4.45 0.25 -0.0977907 0.798185 
4.5 0.25 -0.119485 0.768293 
4.55 0.25 -0.136606 0.735038 
4.6 0.25 -0.148627 0.700161 
4.65 0.25 -0.155225 0.665113 
4.7 0.25 -0.156274 0.631051 
4.75 0.25 -0.151821 0.598881 
4.8 0.25 -0.142076 0.569329 
4.85 0.25 -0.127398 0.543008 
4.9 0.25 -0.108279 0.520461 
4.95 0.25 -0.0853265 0.502191 
5 0.25 -0.0592329 0.488679 
0 0.3 -0.105577 0.439047 
0.05 0.3 -0.0733238 0.423587 
0.1 0.3 -0.0383317 0.413915 
0.15 0.3 -0.00192001 0.410399 
0.2 0.3 0.0345638 0.413168 
0.25 0.3 0.069792 0.422124 
0.3 0.3 0.102505 0.436962 
0.35 0.3 0.131554 0.45722 
0.4 0.3 0.155937 0.482329 
0.45 0.3 0.174822 0.51166 
0.5 0.3 0.18756 0.544546 
0.55 0.3 0.193697 0.58027 
0.6 0.3 0.192974 0.618023 
0.65 0.3 0.185338 0.65683 
0.7 0.3 0.170955 0.69546 
0.75 0.3 0.150222 0.73237 
0.8 0.3 0.123788 0.765702 
0.85 0.3 0.0925551 0.793392 
0.9 0.3 0.0576662 0.813413 
0.95 0.3 0.0204673 0.824106 
1 0.3 -0.0175583 0.824516 
1.05 0.3 -0.0548766 0.814604 
1.1 0.3 -0.089997 0.795261 
1.15 0.3 -0.12156 0.768104 
1.2 0.3 -0.148406 0.735145 
1.25 0.3 -0.169614 0.698453 
1.3 0.3 -0.184515 0.659907 
1.35 0.3 -0.192694 0.621077 
1.4 0.3 -0.193969 0.583213 
1.45 0.3 -0.188377 0.547309 
1.5 0.3 -0.176164 0.514181 
1.55 0.3 -0.157774 0.484547 
1.6 0.3 -0.133842 0.459076 
1.65 0.3 -0.10519 0.438393 
1.7 0.3 -0.0728071 0.423067 
1.75 0.3 -0.0378299 0.41356 
1.8 0.3 -0.00149956 0.410182 
1.85 0.3 0.0348849 0.413046 
1.9 0.3 0.0700221 0.422056 
1.95 0.3 0.102664 0.436917 
2 0.3 0.131665 0.457176 
2.05 0.3 0.156021 0.482274 
2.1 0.3 0.174897 0.511587 
2.15 0.3 0.18764 0.544451 
2.2 0.3 0.193793 0.580153 
2.25 0.3 0.193092 0.617888 
2.3 0.3 0.185482 0.656681 
2.35 0.3 0.171125 0.695306 
2.4 0.3 0.150419 0.732222 
2.45 0.3 0.124008 0.765573 
2.5 0.3 0.0927936 0.793297 
2.55 0.3 0.0579161 0.813366 
2.6 0.3 0.0207205 0.824116 
2.65 0.3 -0.0173108 0.824587 
2.7 0.3 -0.0546439 0.814735 
2.75 0.3 -0.089788 0.795445 
2.8 0.3 -0.121383 0.76833 
2.85 0.3 -0.148267 0.735399 
2.9 0.3 -0.169518 0.698723 
2.95 0.3 -0.184467 0.660183 
3 0.3 -0.192695 0.62135 
3.05 0.3 -0.19402 0.583477 
3.1 0.3 -0.188478 0.547556 
3.15 0.3 -0.176313 0.514405 
3.2 0.3 -0.157966 0.484744 
3.25 0.3 -0.134073 0.459239 
3.3 0.3 -0.105452 0.438517 
3.35 0.3 -0.0730929 0.423147 
3.4 0.3 -0.0381298 0.413593 
3.45 0.3 -0.00180335 0.410164 
3.5 0.3 0.0345879 0.412978 
3.55 0.3 0.0697424 0.421937 
3.6 0.3 0.102412 0.436751 
3.65 0.3 0.131449 0.456967 
3.7 0.3 0.15585 0.482025 
3.75 0.3 0.174778 0.511303 
3.8 0.3 0.187579 0.544138 
3.85 0.3 0.193793 0.579817 
3.9 0.3 0.193156 0.617537 
3.95 0.3 0.185611 0.656324 
4 0.3 0.171319 0.694958 
4.05 0.3 0.150674 0.731901 
4.1 0.3 0.124319 0.765301 
4.15 0.3 0.0931517 0.793098 
4.2 0.3 0.0583119 0.813266 
4.25 0.3 0.0211419 0.824136 
4.3 0.3 -0.0168772 0.824741 
4.35 0.3 -0.054212 0.815027 
4.4 0.3 -0.0893713 0.79587 
4.45 0.3 -0.120994 0.768875 
4.5 0.3 -0.147918 0.736048 
4.55 0.3 -0.16922 0.699455 
4.6 0.3 -0.184229 0.660976 
4.65 0.3 -0.192529 0.622184 
4.7 0.3 -0.193935 0.584328 
4.75 0.3 -0.188485 0.5484 
4.8 0.3 -0.176417 0.515215 
4.85 0.3 -0.158165 0.485487 
4.9 0.3 -0.134339 0.459884 
4.95 0.3 -0.105717 0.439047 
5 0.3 -0.0732249 0.423587 
0 0.35 -0.12279 0.390938 
0.05 0.35 -0.0851416 0.373666 
0.1 0.35 -0.0443274 0.362824 
0.15 0.35 -0.00185578 0.358888 
0.2 0.35 0.0407038 0.362037 
0.25 0.35 0.0817906 0.372138 
0.3 0.35 0.119918 0.388779 
0.35 0.35 0.153734 0.411332 
0.4 0.35 0.182061 0.439047 
0.45 0.35 0.203932 0.471123 
0.5 0.35 0.218601 0.506753 
0.55 0.35 0.225555 0.545121 
0.6 0.35 0.224515 0.58535 
0.65 0.35 0.215444 0.626423 
0.7 0.35 0.198559 0.667079 
0.75 0.35 0.174346 0.705742 
0.8 0.35 0.143572 0.740525 
0.85 0.35 0.107289 0.769335 
0.9 0.35 0.0668204 0.790121 
0.95 0.35 0.0237101 0.801208 
1 0.35 -0.0203447 0.801632 
1.05 0.35 -0.0635914 0.791354 
1.1 0.35 -0.104325 0.771274 
1.15 0.35 -0.140986 0.743022 
1.2 0.35 -0.172233 0.708633 
1.25 0.35 -0.196991 0.670206 
1.3 0.35 -0.214471 0.62965 
1.35 0.35 -0.224167 0.588564 
1.4 0.35 -0.225841 0.548231 
1.45 0.35 -0.219513 0.509684 
1.5 0.35 -0.205442 0.473803 
1.55 0.35 -0.184127 0.441405 
1.6 0.35 -0.156295 0.413294 
1.65 0.35 -0.122898 0.390268 
1.7 0.35 -0.0850963 0.373079 
1.75 0.35 -0.0442254 0.362359 
1.8 0.35 -0.00175246 0.358539 
1.85 0.35 0.0407846 0.361779 
1.9 0.35 0.0818449 0.371942 
1.95 0.35 0.119953 0.388619 
2 0.35 0.15376 0.41119 
2.05 0.35 0.182092 0.43891 
2.1 0.35 0.203977 0.470983 
2.15 0.35 0.21867 0.506605 
2.2 0.35 0.225653 0.544962 
2.25 0.35 0.224646 0.585183 
2.3 0.35 0.21561 0.62625 
2.35 0.35 0.19876 0.666907 
2.4 0.35 0.174578 0.705583 
2.45 0.35 0.143831 0.74039 
2.5 0.35 0.10757 0.769238 
2.55 0.35 0.0671134 0.790075 
2.6 0.35 0.0240063 0.801222 
2.65 0.35 -0.0200556 0.80171 
2.7 0.35 -0.0633199 0.791495 
2.75 0.35 -0.104081 0.77147 
2.8 0.35 -0.140779 0.743262 
2.85 0.35 -0.17207 0.708904 
2.9 0.35 -0.196879 0.670495 
2.95 0.35 -0.214414 0.629947 
3 0.35 -0.224168 0.58886 
3.05 0.35 -0.225901 0.548518 
3.1 0.35 -0.21963 0.509955 
3.15 0.35 -0.205615 0.474053 
3.2 0.35 -0.184351 0.441626 
3.25 0.35 -0.156564 0.41348 
3.3 0.35 -0.123205 0.390412 
3.35 0.35 -0.085431 0.373174 
3.4 0.35 -0.0445766 0.3624 
3.45 0.35 -0.00210806 0.358524 
3.5 0.35 0.0404372 0.361706 
3.55 0.35 0.0815181 0.371813 
3.6 0.35 0.119659 0.388438 
3.65 0.35 0.15351 0.410962 
3.7 0.35 0.181894 0.438641 
3.75 0.35 0.20384 0.470679 
3.8 0.35 0.2186 0.506272 
3.85 0.35 0.225655 0.544608 
3.9 0.35 0.224722 0.584816 
3.95 0.35 0.21576 0.62588 
4 0.35 0.198983 0.666548 
4.05 0.35 0.174871 0.705253 
4.1 0.35 0.144187 0.740112 
4.15 0.35 0.107979 0.769036 
4.2 0.35 0.0675654 0.789974 
4.25 0.35 0.0244872 0.801242 
4.3 0.35 -0.0195603 0.801864 
4.35 0.35 -0.0628247 0.791787 
4.4 0.35 -0.1036 0.771893 
4.45 0.35 -0.140323 0.7438 
4.5 0.35 -0.171649 0.709538 
4.55 0.35 -0.1965 0.671202 
4.6 0.35 -0.214081 0.630702 
4.65 0.35 -0.223883 0.589642 
4.7 0.35 -0.225663 0.549303 
4.75 0.35 -0.219436 0.510722 
4.8 0.35 -0.205455 0.474779 
4.85 0.35 -0.184206 0.442294 
4.9 0.35 -0.1564 0.414076 
4.95 0.35 -0.122963 0.390938 
5 0.35 -0.085021 0.373666 
0 0.4 -0.135878 0.355024 
0.05 0.4 -0.0940943 0.335963 
0.1 0.4 -0.0488071 0.323947 
0.15 0.4 -0.00167573 0.319594 
0.2 0.4 0.0455524 0.323143 
0.25 0.4 0.0911283 0.334411 
0.3 0.4 0.133384 0.352838 
0.35 0.4 0.170803 0.377586 
0.4 0.4 0.202077 0.407671 
0.45 0.4 0.226137 0.442075 
0.5 0.4 0.242171 0.479825 
0.55 0.4 0.249633 0.519991 
0.6 0.4 0.248242 0.561643 
0.65 0.4 0.237989 0.603747 
0.7 0.4 0.219143 0.645066 
0.75 0.4 0.192263 0.684076 
0.8 0.4 0.158215 0.718959 
0.85 0.4 0.118165 0.747714 
0.9 0.4 0.0735638 0.768388 
0.95 0.4 0.0260957 0.779391 
1 0.4 -0.0223966 0.77981 
1.05 0.4 -0.0700124 0.76961 
1.1 0.4 -0.114901 0.749641 
1.15 0.4 -0.155362 0.72145 
1.2 0.4 -0.189925 0.686973 
1.25 0.4 -0.217399 0.648218 
1.3 0.4 -0.236896 0.60702 
1.35 0.4 -0.247831 0.564926 
1.4 0.4 -0.249913 0.523194 
1.45 0.4 -0.243131 0.482866 
1.5 0.4 -0.227744 0.444877 
1.55 0.4 -0.204277 0.410151 
1.6 0.4 -0.17352 0.379656 
1.65 0.4 -0.136522 0.354405 
1.7 0.4 -0.0945703 0.335385 
1.75 0.4 -0.0491621 0.323446 
1.8 0.4 -0.00194744 0.319178 
1.85 0.4 0.0453395 0.322799 
1.9 0.4 0.0909611 0.334123 
1.95 0.4 0.133257 0.352589 
2 0.4 0.170717 0.377363 
2.05 0.4 0.202033 0.407463 
2.1 0.4 0.226137 0.441876 
2.15 0.4 0.242217 0.479629 
2.2 0.4 0.249725 0.519797 
2.25 0.4 0.248381 0.56145 
2.3 0.4 0.238172 0.603558 
2.35 0.4 0.219366 0.644886 
2.4 0.4 0.192523 0.683912 
2.45 0.4 0.158505 0.718823 
2.5 0.4 0.118478 0.747619 
2.55 0.4 0.07389 0.768345 
2.6 0.4 0.0264249 0.779409 
2.65 0.4 -0.0220758 0.779893 
2.7 0.4 -0.0697114 0.769756 
2.75 0.4 -0.114631 0.749842 
2.8 0.4 -0.155132 0.721696 
2.85 0.4 -0.189744 0.687252 
2.9 0.4 -0.217274 0.648518 
2.95 0.4 -0.236831 0.60733 
3 0.4 -0.247831 0.565238 
3.05 0.4 -0.249978 0.5235 
3.1 0.4 -0.243261 0.483159 
3.15 0.4 -0.227935 0.44515 
3.2 0.4 -0.204526 0.410396 
3.25 0.4 -0.17382 0.379866 
3.3 0.4 -0.136863 0.354569 
3.35 0.4 -0.0949427 0.335495 
3.4 0.4 -0.049553 0.323498 
3.45 0.4 -0.00234325 0.319165 
3.5 0.4 0.044953 0.322722 
3.55 0.4 0.090598 0.333985 
3.6 0.4 0.132931 0.352394 
3.65 0.4 0.17044 0.377119 
3.7 0.4 0.201815 0.407177 
3.75 0.4 0.225986 0.441558 
3.8 0.4 0.24214 0.479285 
3.85 0.4 0.249727 0.519435 
3.9 0.4 0.248464 0.561078 
3.95 0.4 0.238337 0.603187 
4 0.4 0.219611 0.644529 
4.05 0.4 0.192842 0.683588 
4.1 0.4 0.158892 0.718552 
4.15 0.4 0.118922 0.747424 
4.2 0.4 0.074379 0.768249 
4.25 0.4 0.0269448 0.77943 
4.3 0.4 -0.0215397 0.780041 
4.35 0.4 -0.0691735 0.770033 
4.4 0.4 -0.114103 0.750239 
4.45 0.4 -0.154625 0.722197 
4.5 0.4 -0.189263 0.687835 
4.55 0.4 -0.21682 0.649158 
4.6 0.4 -0.236402 0.608002 
4.65 0.4 -0.247418 0.565918 
4.7 0.4 -0.249569 0.524167 
4.75 0.4 -0.242837 0.483794 
4.8 0.4 -0.227473 0.445739 
4.85 0.4 -0.203995 0.410932 
4.9 0.4 -0.173182 0.380352 
4.95 0.4 -0.136074 0.355024 
5 0.4 -0.0939577 0.335963 
0 0.45 -0.144149 0.327737 
0.05 0.45 -0.0997212 0.306884 
0.1 0.45 -0.0515583 0.293677 
0.15 0.45 -0.00142355 0.288907 
0.2 0.45 0.0488103 0.292875 
0.25 0.45 0.0972614 0.305341 
0.3 0.45 0.142134 0.325566 
0.35 0.45 0.181803 0.352462 
0.4 0.45 0.214871 0.384771 
0.45 0.45 0.240212 0.421228 
0.5 0.45 0.256981 0.460663 
0.55 0.45 0.264627 0.502024 
0.6 0.45 0.262885 0.544322 
0.65 0.45 0.251778 0.586532 
0.7 0.45 0.231622 0.627477 
0.75 0.45 0.20304 0.665744 
0.8 0.45 0.16696 0.699673 
0.85 0.45 0.124623 0.727452 
0.9 0.45 0.0775516 0.747324 
0.95 0.45 0.0275027 0.757868 
1 0.45 -0.0236089 0.758269 
1.05 0.45 -0.073811 0.748495 
1.1 0.45 -0.121181 0.729305 
1.15 0.45 -0.163945 0.702081 
1.2 0.45 -0.20056 0.668564 
1.25 0.45 -0.229763 0.63057 
1.3 0.45 -0.250597 0.589775 
1.35 0.45 -0.262418 0.54761 
1.4 0.45 -0.264883 0.505267 
1.45 0.45 -0.257945 0.463779 
1.5 0.45 -0.241845 0.424132 
1.55 0.45 -0.217111 0.387369 
1.6 0.45 -0.184562 0.354649 
1.65 0.45 -0.1453 0.327232 
1.7 0.45 -0.100698 0.306382 
1.75 0.45 -0.0523629 0.293207 
1.8 0.45 -0.00207362 0.288479 
1.85 0.45 0.0482938 0.292492 
1.9 0.45 0.0968601 0.304995 
1.95 0.45 0.141834 0.325252 
2 0.45 0.181593 0.352175 
2.05 0.45 0.214743 0.384505 
2.1 0.45 0.240158 0.42098 
2.15 0.45 0.256997 0.460429 
2.2 0.45 0.264706 0.501802 
2.25 0.45 0.263022 0.544111 
2.3 0.45 0.251968 0.586333 
2.35 0.45 0.231859 0.627294 
2.4 0.45 0.203317 0.665583 
2.45 0.45 0.167271 0.699544 
2.5 0.45 0.124957 0.727365 
2.55 0.45 0.0778991 0.74729 
2.6 0.45 0.0278527 0.757893 
2.65 0.45 -0.0232682 0.758356 
2.7 0.45 -0.0734915 0.748643 
2.75 0.45 -0.120894 0.729507 
2.8 0.45 -0.163701 0.702327 
2.85 0.45 -0.200368 0.668844 
2.9 0.45 -0.229629 0.630873 
2.95 0.45 -0.250528 0.590091 
3 0.45 -0.262416 0.547932 
3.05 0.45 -0.264951 0.505587 
3.1 0.45 -0.258081 0.46409 
3.15 0.45 -0.242048 0.424426 
3.2 0.45 -0.217375 0.387637 
3.25 0.45 -0.184881 0.354881 
3.3 0.45 -0.145664 0.327417 
3.35 0.45 -0.101095 0.306509 
3.4 0.45 -0.0527798 0.293268 
3.45 0.45 -0.00249573 0.28847 
3.5 0.45 0.0478819 0.292411 
3.55 0.45 0.0964735 0.304847 
3.6 0.45 0.141487 0.325044 
3.65 0.45 0.181298 0.351916 
3.7 0.45 0.214512 0.384206 
3.75 0.45 0.239999 0.42065 
3.8 0.45 0.256916 0.460078 
3.85 0.45 0.264709 0.501438 
3.9 0.45 0.26311 0.543743 
3.95 0.45 0.252141 0.585971 
4 0.45 0.232115 0.62695 
4.05 0.45 0.203649 0.665274 
4.1 0.45 0.167672 0.699288 
4.15 0.45 0.125417 0.727183 
4.2 0.45 0.0784042 0.7472 
4.25 0.45 0.0283893 0.75791 
4.3 0.45 -0.0227144 0.758489 
4.35 0.45 -0.0729337 0.74889 
4.4 0.45 -0.120343 0.729858 
4.45 0.45 -0.163163 0.702765 
4.5 0.45 -0.199845 0.669346 
4.55 0.45 -0.229117 0.631413 
4.6 0.45 -0.250015 0.590644 
4.65 0.45 -0.261885 0.548472 
4.7 0.45 -0.264377 0.506095 
4.75 0.45 -0.257435 0.46455 
4.8 0.45 -0.241292 0.42483 
4.85 0.45 -0.216473 0.387989 
4.9 0.45 -0.183793 0.3552 
4.95 0.45 -0.144361 0.327737 
5 0.45 -0.0995743 0.306884 
0 0.5 -0.147174 0.305612 
0.05 0.5 -0.101738 0.283057 
0.1 0.5 -0.0524561 0.26871 
0.15 0.5 -0.00114183 0.263543 
0.2 0.5 0.0502687 0.267927 
0.25 0.5 0.0998246 0.281553 
0.3 0.5 0.145666 0.303498 
0.35 0.5 0.186115 0.332407 
0.4 0.5 0.219742 0.366738 
0.45 0.5 0.245403 0.404965 
0.5 0.5 0.26226 0.445715 
0.55 0.5 0.269777 0.487807 
0.6 0.5 0.26772 0.530194 
0.65 0.5 0.256147 0.571865 
0.7 0.5 0.235417 0.611726 
0.75 0.5 0.206187 0.648515 
0.8 0.5 0.169422 0.680781 
0.85 0.5 0.126385 0.706968 
0.9 0.5 0.0786145 0.72558 
0.95 0.5 0.0278719 0.735415 
1 0.5 -0.0239304 0.735788 
1.05 0.5 -0.0748257 0.726672 
1.1 0.5 -0.122894 0.708705 
1.15 0.5 -0.166358 0.683054 
1.2 0.5 -0.203659 0.651201 
1.25 0.5 -0.23351 0.614705 
1.3 0.5 -0.254922 0.575026 
1.35 0.5 -0.267211 0.533441 
1.4 0.5 -0.269995 0.491053 
1.45 0.5 -0.263187 0.448877 
1.5 0.5 -0.246998 0.407949 
1.55 0.5 -0.221936 0.36944 
1.6 0.5 -0.188813 0.334708 
1.65 0.5 -0.148744 0.30527 
1.7 0.5 -0.103136 0.282679 
1.75 0.5 -0.0536467 0.268313 
1.8 0.5 -0.00212392 0.263142 
1.85 0.5 0.0494803 0.267533 
1.9 0.5 0.0992097 0.281172 
1.95 0.5 0.145204 0.303135 
2 0.5 0.185787 0.332068 
2.05 0.5 0.219531 0.366423 
2.1 0.5 0.245295 0.404675 
2.15 0.5 0.262242 0.445449 
2.2 0.5 0.269838 0.487562 
2.25 0.5 0.267849 0.52997 
2.3 0.5 0.256337 0.571662 
2.35 0.5 0.235658 0.611546 
2.4 0.5 0.206472 0.648362 
2.45 0.5 0.16974 0.680664 
2.5 0.5 0.126728 0.706893 
2.55 0.5 0.0789702 0.725556 
2.6 0.5 0.0282296 0.735447 
2.65 0.5 -0.0235826 0.735879 
2.7 0.5 -0.0744997 0.72682 
2.75 0.5 -0.122601 0.708904 
2.8 0.5 -0.166108 0.683297 
2.85 0.5 -0.203462 0.651479 
2.9 0.5 -0.233373 0.615008 
2.95 0.5 -0.25485 0.575346 
3 0.5 -0.267208 0.53377 
3.05 0.5 -0.270062 0.491385 
3.1 0.5 -0.263325 0.449204 
3.15 0.5 -0.247204 0.408263 
3.2 0.5 -0.222205 0.36973 
3.25 0.5 -0.189138 0.334962 
3.3 0.5 -0.149116 0.305475 
3.35 0.5 -0.103543 0.282822 
3.4 0.5 -0.0540744 0.268385 
3.45 0.5 -0.00255691 0.263136 
3.5 0.5 0.049058 0.267448 
3.55 0.5 0.0988137 0.281014 
3.6 0.5 0.144849 0.302914 
3.65 0.5 0.185487 0.331795 
3.7 0.5 0.219296 0.366112 
3.75 0.5 0.245134 0.404336 
3.8 0.5 0.262161 0.445095 
3.85 0.5 0.269841 0.487201 
3.9 0.5 0.267939 0.529611 
3.95 0.5 0.256511 0.571314 
4 0.5 0.235914 0.611221 
4.05 0.5 0.206803 0.648074 
4.1 0.5 0.17014 0.680427 
4.15 0.5 0.127184 0.706726 
4.2 0.5 0.0794703 0.725472 
4.25 0.5 0.0287604 0.735458 
4.3 0.5 -0.0230346 0.735989 
4.35 0.5 -0.0739459 0.727026 
4.4 0.5 -0.12205 0.709195 
4.45 0.5 -0.165563 0.683654 
4.5 0.5 -0.20292 0.651878 
4.55 0.5 -0.232824 0.615423 
4.6 0.5 -0.254276 0.575751 
4.65 0.5 -0.266584 0.534142 
4.7 0.5 -0.269353 0.491703 
4.75 0.5 -0.262492 0.449455 
4.8 0.5 -0.246203 0.408446 
4.85 0.5 -0.220992 0.369859 
4.9 0.5 -0.187678 0.335068 
4.95 0.5 -0.147394 0.305612 
5 0.5 -0.101586 0.283057 
0 0.55 -0.14477 0.285711 
0.05 0.55 -0.100024 0.26174 
0.1 0.55 -0.0514559 0.246438 
0.15 0.55 -0.000866671 0.240944 
0.2 0.55 0.049812 0.245692 
0.25 0.55 0.0986305 0.260309 
0.3 0.55 0.143733 0.283699 
0.35 0.55 0.183454 0.314266 
0.4 0.55 0.216382 0.350206 
0.45 0.55 0.241403 0.389757 
0.5 0.55 0.257715 0.431364 
0.55 0.55 0.264822 0.473721 
0.6 0.55 0.262528 0.515732 
0.65 0.55 0.250926 0.556401 
0.7 0.55 0.230399 0.594723 
0.75 0.55 0.20162 0.629599 
0.8 0.55 0.165547 0.65981 
0.85 0.55 0.123422 0.684078 
0.9 0.55 0.076739 0.701193 
0.95 0.55 0.0271997 0.710194 
1 0.55 -0.0233573 0.710534 
1.05 0.55 -0.0730433 0.702193 
1.1 0.55 -0.120012 0.685677 
1.15 0.55 -0.162548 0.661921 
1.2 0.55 -0.199137 0.632121 
1.25 0.55 -0.228517 0.597554 
1.3 0.55 -0.249703 0.559446 
1.35 0.55 -0.261998 0.518904 
1.4 0.55 -0.264995 0.476938 
1.45 0.55 -0.258574 0.434538 
1.5 0.55 -0.242904 0.392791 
1.55 0.55 -0.218454 0.352983 
1.6 0.55 -0.185999 0.316655 
1.65 0.55 -0.146625 0.285559 
1.7 0.55 -0.101718 0.261512 
1.75 0.55 -0.0529256 0.246139 
1.8 0.55 -0.00209492 0.240591 
1.85 0.55 0.0488173 0.245303 
1.9 0.55 0.0978503 0.259904 
1.95 0.55 0.143144 0.283296 
2 0.55 0.183032 0.313881 
2.05 0.55 0.216104 0.349848 
2.1 0.55 0.241249 0.389431 
2.15 0.55 0.257667 0.43107 
2.2 0.55 0.264864 0.47346 
2.25 0.55 0.262646 0.515501 
2.3 0.55 0.251109 0.556199 
2.35 0.55 0.230636 0.594551 
2.4 0.55 0.2019 0.629458 
2.45 0.55 0.165861 0.659707 
2.5 0.55 0.12376 0.684017 
2.55 0.55 0.0770893 0.701181 
2.6 0.55 0.0275515 0.710235 
2.65 0.55 -0.0230157 0.710629 
2.7 0.55 -0.072723 0.702341 
2.75 0.55 -0.119724 0.685873 
2.8 0.55 -0.162302 0.662158 
2.85 0.55 -0.198942 0.632393 
2.9 0.55 -0.22838 0.597853 
2.95 0.55 -0.24963 0.559765 
3 0.55 -0.261993 0.519237 
3.05 0.55 -0.26506 0.477277 
3.1 0.55 -0.258708 0.434877 
3.15 0.55 -0.243106 0.39312 
3.2 0.55 -0.218719 0.353291 
3.25 0.55 -0.18632 0.316927 
3.3 0.55 -0.146992 0.285781 
3.35 0.55 -0.10212 0.261669 
3.4 0.55 -0.0533479 0.246219 
3.45 0.55 -0.00252257 0.240587 
3.5 0.55 0.0484004 0.245215 
3.55 0.55 0.0974598 0.259738 
3.6 0.55 0.142795 0.283064 
3.65 0.55 0.182736 0.313597 
3.7 0.55 0.215873 0.349527 
3.75 0.55 0.241092 0.389087 
3.8 0.55 0.257588 0.430716 
3.85 0.55 0.264868 0.473104 
3.9 0.55 0.262733 0.515153 
3.95 0.55 0.251277 0.555868 
4 0.55 0.230883 0.594246 
4.05 0.55 0.202219 0.629192 
4.1 0.55 0.166243 0.65949 
4.15 0.55 0.124194 0.683864 
4.2 0.55 0.0775648 0.701101 
4.25 0.55 0.0280553 0.710235 
4.3 0.55 -0.0224954 0.710711 
4.35 0.55 -0.0721961 0.702498 
4.4 0.55 -0.119196 0.686093 
4.45 0.55 -0.161774 0.662422 
4.5 0.55 -0.198407 0.632677 
4.55 0.55 -0.227823 0.598131 
4.6 0.55 -0.249028 0.560011 
4.65 0.55 -0.261314 0.519426 
4.7 0.55 -0.264264 0.47739 
4.75 0.55 -0.25775 0.434903 
4.8 0.55 -0.241937 0.393064 
4.85 0.55 -0.217293 0.353175 
4.9 0.55 -0.184606 0.316799 
4.95 0.55 -0.144988 0.285711 
5 0.55 -0.0998736 0.26174 
0 0.6 -0.137005 0.265736 
0.05 0.6 -0.0946284 0.240894 
0.1 0.6 -0.048594 0.224994 
0.15 0.6 -0.000624449 0.219303 
0.2 0.6 0.0474244 0.224302 
0.25 0.6 0.0936786 0.239567 
0.3 0.6 0.136358 0.26387 
0.35 0.6 0.173872 0.295433 
0.4 0.6 0.204883 0.332255 
0.45 0.6 0.22835 0.3724 
0.5 0.6 0.243533 0.414176 
0.55 0.6 0.249994 0.45619 
0.6 0.6 0.247577 0.497306 
0.65 0.6 0.236406 0.536549 
0.7 0.6 0.216869 0.572999 
0.75 0.6 0.189624 0.605712 
0.8 0.6 0.155588 0.633692 
0.85 0.6 0.115932 0.655926 
0.9 0.6 0.0720534 0.671479 
0.95 0.6 0.0255325 0.679615 
1 0.6 -0.0219291 0.679922 
1.05 0.6 -0.0685855 0.672383 
1.1 0.6 -0.112728 0.657382 
1.15 0.6 -0.152765 0.635631 
1.2 0.6 -0.18728 0.608054 
1.25 0.6 -0.215083 0.575662 
1.3 0.6 -0.235233 0.539451 
1.35 0.6 -0.24705 0.500369 
1.4 0.6 -0.250121 0.459335 
1.45 0.6 -0.2443 0.417315 
1.5 0.6 -0.229712 0.37543 
1.55 0.6 -0.206773 0.335053 
1.6 0.6 -0.176191 0.297859 
1.65 0.6 -0.138985 0.265776 
1.7 0.6 -0.0964654 0.240818 
1.75 0.6 -0.0502079 0.224799 
1.8 0.6 -0.00198702 0.219005 
1.85 0.6 0.0463125 0.223926 
1.9 0.6 0.0928015 0.239147 
1.95 0.6 0.135693 0.263435 
2 0.6 0.173392 0.295009 
2.05 0.6 0.204563 0.33186 
2.1 0.6 0.228165 0.372043 
2.15 0.6 0.243463 0.413861 
2.2 0.6 0.250019 0.455916 
2.25 0.6 0.247682 0.497071 
2.3 0.6 0.236576 0.536351 
2.35 0.6 0.217093 0.572836 
2.4 0.6 0.18989 0.605586 
2.45 0.6 0.155886 0.633604 
2.5 0.6 0.116252 0.655881 
2.55 0.6 0.072385 0.67148 
2.6 0.6 0.025865 0.679664 
2.65 0.6 -0.0216064 0.680021 
2.7 0.6 -0.0682831 0.67253 
2.75 0.6 -0.112456 0.657573 
2.8 0.6 -0.152532 0.635861 
2.85 0.6 -0.187095 0.608319 
2.9 0.6 -0.214953 0.575955 
2.95 0.6 -0.235162 0.539767 
3 0.6 -0.247044 0.500702 
3.05 0.6 -0.250181 0.459678 
3.1 0.6 -0.244425 0.417661 
3.15 0.6 -0.229902 0.375768 
3.2 0.6 -0.207022 0.335372 
3.25 0.6 -0.176494 0.298143 
3.3 0.6 -0.139333 0.26601 
3.35 0.6 -0.0968464 0.240985 
3.4 0.6 -0.0506089 0.224885 
3.45 0.6 -0.00239311 0.219003 
3.5 0.6 0.0459167 0.223837 
3.55 0.6 0.0924311 0.238976 
3.6 0.6 0.135362 0.263197 
3.65 0.6 0.173112 0.294719 
3.7 0.6 0.204345 0.331535 
3.75 0.6 0.228017 0.3717 
3.8 0.6 0.243389 0.413511 
3.85 0.6 0.250022 0.45557 
3.9 0.6 0.247762 0.496737 
3.95 0.6 0.236732 0.536038 
4 0.6 0.217321 0.572553 
4.05 0.6 0.190183 0.60534 
4.1 0.6 0.156237 0.633406 
4.15 0.6 0.11665 0.655739 
4.2 0.6 0.0728186 0.6714 
4.25 0.6 0.0263234 0.67965 
4.3 0.6 -0.0211334 0.68007 
4.35 0.6 -0.0678034 0.672634 
4.4 0.6 -0.111974 0.657719 
4.45 0.6 -0.152044 0.636029 
4.5 0.6 -0.186592 0.608486 
4.55 0.6 -0.214418 0.576094 
4.6 0.6 -0.234569 0.539852 
4.65 0.6 -0.246357 0.500709 
4.7 0.6 -0.249358 0.459589 
4.75 0.6 -0.243417 0.417468 
4.8 0.6 -0.228661 0.37548 
4.85 0.6 -0.205504 0.33502 
4.9 0.6 -0.174672 0.297788 
4.95 0.6 -0.13721 0.265736 
5 0.6 -0.0944863 0.240894 
0 0.65 -0.12422 0.243989 
0.05 0.65 -0.085786 0.219084 
0.1 0.65 -0.0439954 0.203117 
0.15 0.65 -0.000430376 0.197421 
0.2 0.65 0.0432012 0.202494 
0.25 0.65 0.0851749 0.217888 
0.3 0.65 0.123856 0.242304 
0.35 0.65 0.157792 0.273872 
0.4 0.65 0.185769 0.310497 
0.45 0.65 0.206855 0.350162 
0.5 0.65 0.2204 0.391113 
0.55 0.65 0.226029 0.431918 
0.6 0.65 0.223632 0.471434 
0.65 0.65 0.213347 0.508718 
0.7 0.65 0.195551 0.542929 
0.75 0.65 0.170854 0.573258 
0.8 0.65 0.140096 0.598903 
0.85 0.65 0.104335 0.619079 
0.9 0.65 0.0648222 0.633082 
0.95 0.65 0.0229648 0.640372 
1 0.65 -0.0197266 0.640646 
1.05 0.65 -0.0617041 0.633893 
1.1 0.65 -0.101452 0.620392 
1.15 0.65 -0.137551 0.600667 
1.2 0.65 -0.168735 0.575411 
1.25 0.65 -0.193928 0.545403 
1.3 0.65 -0.212272 0.511445 
1.35 0.65 -0.223135 0.474345 
1.4 0.65 -0.226117 0.434935 
1.45 0.65 -0.221058 0.394149 
1.5 0.65 -0.208045 0.353115 
1.55 0.65 -0.187427 0.31324 
1.6 0.65 -0.159827 0.276263 
1.65 0.65 -0.126156 0.244194 
1.7 0.65 -0.0876028 0.219143 
1.75 0.65 -0.0456087 0.203019 
1.8 0.65 -0.00180479 0.197178 
1.85 0.65 0.0420716 0.20214 
1.9 0.65 0.0842789 0.217464 
1.95 0.65 0.123174 0.24185 
2 0.65 0.157297 0.273423 
2.05 0.65 0.185437 0.310078 
2.1 0.65 0.20666 0.349786 
2.15 0.65 0.220318 0.390785 
2.2 0.65 0.226042 0.431638 
2.25 0.65 0.223722 0.471201 
2.3 0.65 0.2135 0.508527 
2.35 0.65 0.195754 0.542778 
2.4 0.65 0.171096 0.573147 
2.45 0.65 0.140368 0.598831 
2.5 0.65 0.104626 0.619049 
2.55 0.65 0.0651229 0.633095 
2.6 0.65 0.0232658 0.640429 
2.65 0.65 -0.0194347 0.640747 
2.7 0.65 -0.0614307 0.634037 
2.75 0.65 -0.101206 0.620577 
2.8 0.65 -0.13734 0.600889 
2.85 0.65 -0.168567 0.575666 
2.9 0.65 -0.19381 0.545686 
2.95 0.65 -0.212208 0.511753 
3 0.65 -0.223127 0.47467 
3.05 0.65 -0.226169 0.435273 
3.1 0.65 -0.22117 0.394493 
3.15 0.65 -0.208215 0.353453 
3.2 0.65 -0.187652 0.313561 
3.25 0.65 -0.160101 0.27655 
3.3 0.65 -0.126471 0.244431 
3.35 0.65 -0.0879488 0.219313 
3.4 0.65 -0.0459731 0.203107 
3.45 0.65 -0.00217399 0.197178 
3.5 0.65 0.0417119 0.202051 
3.55 0.65 0.0839426 0.217294 
3.6 0.65 0.122873 0.241613 
3.65 0.65 0.157044 0.273136 
3.7 0.65 0.18524 0.309759 
3.75 0.65 0.206526 0.34945 
3.8 0.65 0.220251 0.390445 
3.85 0.65 0.226044 0.431306 
3.9 0.65 0.223794 0.470885 
3.95 0.65 0.213638 0.508234 
4 0.65 0.195955 0.542515 
4.05 0.65 0.171354 0.572921 
4.1 0.65 0.140675 0.598649 
4.15 0.65 0.104974 0.618914 
4.2 0.65 0.0655008 0.633012 
4.25 0.65 0.0236642 0.640397 
4.3 0.65 -0.0190245 0.640763 
4.35 0.65 -0.0610146 0.63409 
4.4 0.65 -0.100785 0.620652 
4.45 0.65 -0.136912 0.600967 
4.5 0.65 -0.16812 0.575724 
4.55 0.65 -0.193326 0.545699 
4.6 0.65 -0.21166 0.511694 
4.65 0.65 -0.22248 0.474517 
4.7 0.65 -0.225379 0.435008 
4.75 0.65 -0.220192 0.394112 
4.8 0.65 -0.207003 0.352969 
4.85 0.65 -0.186166 0.313013 
4.9 0.65 -0.15832 0.276007 
4.95 0.65 -0.124404 0.243989 
5 0.65 -0.0856588 0.219084 
0 0.7 -0.107068 0.219297 
0.05 0.7 -0.0739413 0.195355 
0.1 0.7 -0.0378874 0.179993 
0.15 0.7 -0.000288456 0.174528 
0.2 0.7 0.0373621 0.17945 
0.25 0.7 0.0735575 0.19431 
0.3 0.7 0.106874 0.217819 
0.35 0.7 0.136049 0.248128 
0.4 0.7 0.160041 0.283169 
0.45 0.7 0.178055 0.320957 
0.5 0.7 0.189547 0.359768 
0.55 0.7 0.194217 0.398203 
0.6 0.7 0.191993 0.435153 
0.65 0.7 0.183013 0.469726 
0.7 0.7 0.167619 0.501161 
0.75 0.7 0.146351 0.528767 
0.8 0.7 0.119936 0.551897 
0.85 0.7 0.0892802 0.569946 
0.9 0.7 0.0554509 0.582394 
0.95 0.7 0.0196408 0.588846 
1 0.7 -0.0168735 0.589089 
1.05 0.7 -0.052785 0.583112 
1.1 0.7 -0.0868125 0.571115 
1.15 0.7 -0.117754 0.553477 
1.2 0.7 -0.14453 0.530712 
1.25 0.7 -0.16622 0.503416 
1.3 0.7 -0.182079 0.472233 
1.35 0.7 -0.19155 0.437849 
1.4 0.7 -0.194273 0.401016 
1.45 0.7 -0.190089 0.362615 
1.5 0.7 -0.179048 0.323737 
1.55 0.7 -0.161431 0.285761 
1.6 0.7 -0.137756 0.250395 
1.65 0.7 -0.108799 0.219619 
1.7 0.7 -0.0755849 0.195515 
1.75 0.7 -0.039363 0.179973 
1.8 0.7 -0.00155754 0.174339 
1.85 0.7 0.0363114 0.179127 
1.9 0.7 0.0727197 0.193899 
1.95 0.7 0.106233 0.217367 
2 0.7 0.135583 0.247675 
2.05 0.7 0.159727 0.282745 
2.1 0.7 0.177868 0.320577 
2.15 0.7 0.189466 0.35944 
2.2 0.7 0.194223 0.397928 
2.25 0.7 0.192068 0.434928 
2.3 0.7 0.183144 0.469547 
2.35 0.7 0.167795 0.501025 
2.4 0.7 0.146561 0.528672 
2.45 0.7 0.12017 0.55184 
2.5 0.7 0.0895312 0.569929 
2.55 0.7 0.0557099 0.582416 
2.6 0.7 0.0198998 0.588908 
2.65 0.7 -0.0166226 0.58919 
2.7 0.7 -0.0525501 0.583252 
2.75 0.7 -0.0866011 0.571291 
2.8 0.7 -0.117573 0.553687 
2.85 0.7 -0.144386 0.530953 
2.9 0.7 -0.166118 0.503684 
2.95 0.7 -0.182022 0.472524 
3 0.7 -0.191543 0.438159 
3.05 0.7 -0.194317 0.40134 
3.1 0.7 -0.190184 0.362944 
3.15 0.7 -0.179194 0.324062 
3.2 0.7 -0.161624 0.286071 
3.25 0.7 -0.137992 0.250673 
3.3 0.7 -0.109071 0.219849 
3.35 0.7 -0.0758834 0.195681 
3.4 0.7 -0.0396777 0.18006 
3.45 0.7 -0.00187639 0.17434 
3.5 0.7 0.0360008 0.179042 
3.55 0.7 0.0724295 0.193736 
3.6 0.7 0.105974 0.217141 
3.65 0.7 0.135365 0.247402 
3.7 0.7 0.159558 0.282441 
3.75 0.7 0.177753 0.320259 
3.8 0.7 0.189408 0.359121 
3.85 0.7 0.194224 0.397617 
3.9 0.7 0.192128 0.434635 
3.95 0.7 0.183261 0.469278 
4 0.7 0.167964 0.500785 
4.05 0.7 0.146777 0.528466 
4.1 0.7 0.120427 0.551673 
4.15 0.7 0.0898199 0.569802 
4.2 0.7 0.0560225 0.58233 
4.25 0.7 0.0202281 0.588861 
4.3 0.7 -0.0162856 0.589176 
4.35 0.7 -0.0522088 0.583259 
4.4 0.7 -0.0862561 0.571306 
4.45 0.7 -0.11722 0.55369 
4.5 0.7 -0.144014 0.530922 
4.55 0.7 -0.165708 0.503594 
4.6 0.7 -0.181551 0.472353 
4.65 0.7 -0.190976 0.437884 
4.7 0.7 -0.193616 0.400947 
4.75 0.7 -0.189308 0.362432 
4.8 0.7 -0.178102 0.323447 
4.85 0.7 -0.160285 0.285395 
4.9 0.7 -0.136391 0.250009 
4.95 0.7 -0.107219 0.219297 
5 0.7 -0.0738365 0.195355 
0 0.75 -0.086553 0.190969 
0.05 0.75 -0.0597809 0.169129 
0.1 0.75 -0.030616 0.155115 
0.15 0.75 -0.000192829 0.150142 
0.2 0.75 0.0302652 0.154659 
0.25 0.75 0.0595258 0.168248 
0.3 0.75 0.086427 0.189715 
0.35 0.75 0.109944 0.217347 
0.4 0.75 0.129238 0.249235 
0.45 0.75 0.143673 0.283542 
0.5 0.75 0.152824 0.318676 
0.55 0.75 0.156466 0.353342 
0.6 0.75 0.154555 0.386519 
0.65 0.75 0.14722 0.417395 
0.7 0.75 0.134748 0.445298 
0.75 0.75 0.117583 0.469645 
0.8 0.75 0.0963128 0.489912 
0.85 0.75 0.071668 0.505637 
0.9 0.75 0.0445003 0.516431 
0.95 0.75 0.0157595 0.522009 
1 0.75 -0.0135403 0.522218 
1.05 0.75 -0.0423618 0.517052 
1.1 0.75 -0.0696871 0.506651 
1.15 0.75 -0.0945595 0.491291 
1.2 0.75 -0.116117 0.471351 
1.25 0.75 -0.133619 0.447288 
1.3 0.75 -0.146462 0.41962 
1.35 0.75 -0.15419 0.388923 
1.4 0.75 -0.156499 0.355861 
1.45 0.75 -0.153246 0.321233 
1.5 0.75 -0.144456 0.286044 
1.55 0.75 -0.130337 0.251571 
1.6 0.75 -0.111296 0.219394 
1.65 0.75 -0.0879505 0.191344 
1.7 0.75 -0.0611271 0.169347 
1.75 0.75 -0.0318423 0.15515 
1.8 0.75 -0.00125995 0.150002 
1.85 0.75 0.0293744 0.154377 
1.9 0.75 0.0588119 0.167871 
1.95 0.75 0.0858794 0.189291 
2 0.75 0.109546 0.216918 
2.05 0.75 0.128968 0.248831 
2.1 0.75 0.143512 0.283182 
2.15 0.75 0.152754 0.318367 
2.2 0.75 0.156468 0.353085 
2.25 0.75 0.154616 0.386312 
2.3 0.75 0.147327 0.417234 
2.35 0.75 0.134892 0.445179 
2.4 0.75 0.117753 0.469565 
2.45 0.75 0.0965031 0.48987 
2.5 0.75 0.0718711 0.50563 
2.55 0.75 0.0447095 0.516459 
2.6 0.75 0.0159683 0.522073 
2.65 0.75 -0.0133383 0.522316 
2.7 0.75 -0.0421726 0.517183 
2.75 0.75 -0.0695168 0.506814 
2.8 0.75 -0.0944135 0.491483 
2.85 0.75 -0.116 0.47157 
2.9 0.75 -0.133536 0.447532 
2.95 0.75 -0.146416 0.419885 
3 0.75 -0.154183 0.389206 
3.05 0.75 -0.156533 0.356156 
3.1 0.75 -0.153321 0.321534 
3.15 0.75 -0.144572 0.286342 
3.2 0.75 -0.130492 0.251855 
3.25 0.75 -0.111486 0.219649 
3.3 0.75 -0.0881699 0.191555 
3.35 0.75 -0.0613684 0.169499 
3.4 0.75 -0.0320969 0.155231 
3.45 0.75 -0.00151799 0.150003 
3.5 0.75 0.0291231 0.1543 
3.55 0.75 0.0585772 0.167723 
3.6 0.75 0.0856703 0.189085 
3.65 0.75 0.10937 0.21667 
3.7 0.75 0.128832 0.248556 
3.75 0.75 0.14342 0.282894 
3.8 0.75 0.152707 0.318079 
3.85 0.75 0.156469 0.352807 
3.9 0.75 0.154663 0.38605 
3.95 0.75 0.147419 0.416994 
4 0.75 0.135025 0.444966 
4.05 0.75 0.117923 0.469382 
4.1 0.75 0.0967037 0.489719 
4.15 0.75 0.072096 0.505513 
4.2 0.75 0.0449518 0.516374 
4.25 0.75 0.0162215 0.522015 
4.3 0.75 -0.0130795 0.522279 
4.35 0.75 -0.0419115 0.517156 
4.4 0.75 -0.0692533 0.506784 
4.45 0.75 -0.094143 0.491432 
4.5 0.75 -0.115713 0.471478 
4.55 0.75 -0.133216 0.447377 
4.6 0.75 -0.146042 0.419645 
4.65 0.75 -0.153727 0.388863 
4.7 0.75 -0.155963 0.355699 
4.75 0.75 -0.152603 0.320964 
4.8 0.75 -0.143674 0.285678 
4.85 0.75 -0.129391 0.25114 
4.9 0.75 -0.110174 0.218952 
4.95 0.75 -0.0866611 0.190969 
5 0.75 -0.059706 0.169129 
0 0.8 -0.0640839 0.158768 
0.05 0.8 -0.044268 0.140139 
0.1 0.8 -0.0226655 0.128192 
0.15 0.8 -0.000130593 0.123961 
0.2 0.8 0.0224218 0.127827 
0.25 0.8 0.0440713 0.13943 
0.3 0.8 0.0639518 0.157748 
0.35 0.8 0.0813031 0.181316 
0.4 0.8 0.0955057 0.208498 
0.45 0.8 0.106098 0.237717 
0.5 0.8 0.112775 0.267603 
0.55 0.8 0.11538 0.297037 
0.6 0.8 0.113895 0.325138 
0.65 0.8 0.108422 0.351208 
0.7 0.8 0.0991826 0.374681 
0.75 0.8 0.0865063 0.39508 
0.8 0.8 0.07083 0.411993 
0.85 0.8 0.0526898 0.425066 
0.9 0.8 0.0327094 0.434013 
0.95 0.8 0.0115823 0.438628 
1 0.8 -0.00995215 0.438801 
1.05 0.8 -0.0311381 0.434527 
1.1 0.8 -0.0512336 0.425908 
1.15 0.8 -0.06954 0.41314 
1.2 0.8 -0.0854267 0.396505 
1.25 0.8 -0.0983491 0.376348 
1.3 0.8 -0.107861 0.353078 
1.35 0.8 -0.113621 0.327164 
1.4 0.8 -0.115399 0.299165 
1.45 0.8 -0.113079 0.269765 
1.5 0.8 -0.106667 0.239835 
1.55 0.8 -0.0963067 0.210476 
1.6 0.8 -0.0822888 0.183049 
1.65 0.8 -0.0650629 0.15913 
1.7 0.8 -0.0452385 0.140367 
1.75 0.8 -0.0235719 0.128256 
1.8 0.8 -0.000932754 0.123864 
1.85 0.8 0.0217454 0.127597 
1.9 0.8 0.0435264 0.139108 
1.95 0.8 0.0635332 0.15738 
2 0.8 0.0809989 0.18094 
2.05 0.8 0.0953009 0.208143 
2.1 0.8 0.105976 0.2374 
2.15 0.8 0.112722 0.267332 
2.2 0.8 0.115383 0.296813 
2.25 0.8 0.113941 0.324959 
2.3 0.8 0.108503 0.351071 
2.35 0.8 0.0992899 0.374583 
2.4 0.8 0.0866335 0.395017 
2.45 0.8 0.0709714 0.411963 
2.5 0.8 0.0528403 0.425067 
2.55 0.8 0.032864 0.434044 
2.6 0.8 0.0117364 0.438687 
2.65 0.8 -0.00980319 0.438889 
2.7 0.8 -0.0309987 0.434642 
2.75 0.8 -0.0511081 0.426049 
2.8 0.8 -0.0694323 0.413307 
2.85 0.8 -0.0853403 0.396694 
2.9 0.8 -0.0982872 0.376558 
2.95 0.8 -0.107826 0.353306 
3 0.8 -0.113616 0.327407 
3.05 0.8 -0.115424 0.299418 
3.1 0.8 -0.113134 0.270024 
3.15 0.8 -0.106752 0.24009 
3.2 0.8 -0.0964207 0.210719 
3.25 0.8 -0.0824289 0.183268 
3.3 0.8 -0.0652248 0.159311 
3.35 0.8 -0.045417 0.140497 
3.4 0.8 -0.0237603 0.128325 
3.45 0.8 -0.0011238 0.123866 
3.5 0.8 0.0215593 0.127532 
3.55 0.8 0.0433528 0.138983 
3.6 0.8 0.0633787 0.157204 
3.65 0.8 0.0808692 0.180728 
3.7 0.8 0.0952004 0.207908 
3.75 0.8 0.105908 0.237155 
3.8 0.8 0.112688 0.267087 
3.85 0.8 0.115383 0.296577 
3.9 0.8 0.113976 0.324738 
3.95 0.8 0.10857 0.350869 
4 0.8 0.099386 0.374402 
4.05 0.8 0.0867556 0.394862 
4.1 0.8 0.0711151 0.411833 
4.15 0.8 0.0530007 0.424963 
4.2 0.8 0.033036 0.433964 
4.25 0.8 0.0119151 0.438627 
4.3 0.8 -0.0096217 0.438841 
4.35 0.8 -0.0308166 0.434598 
4.4 0.8 -0.0509251 0.425995 
4.45 0.8 -0.0692448 0.413228 
4.5 0.8 -0.0851406 0.396573 
4.55 0.8 -0.0980629 0.376377 
4.6 0.8 -0.10756 0.353047 
4.65 0.8 -0.113287 0.327056 
4.7 0.8 -0.115007 0.298966 
4.75 0.8 -0.112605 0.269475 
4.8 0.8 -0.106089 0.239464 
4.85 0.8 -0.0956105 0.210055 
4.9 0.8 -0.0814714 0.182626 
4.95 0.8 -0.0641373 0.158768 
5 0.8 -0.0442308 0.140139 
0 0.85 -0.0415254 0.122883 
0.05 0.85 -0.0286806 0.108379 
0.1 0.85 -0.0146806 0.0990902 
0.15 0.85 -8.62754e-05 0.0958073 
0.2 0.85 0.0145092 0.0988199 
0.25 0.85 0.0285083 0.107849 
0.3 0.85 0.0413481 0.122104 
0.35 0.85 0.0525361 0.140454 
0.4 0.85 0.061674 0.161627 
0.45 0.85 0.068468 0.184394 
0.5 0.85 0.0727281 0.207679 
0.55 0.85 0.074361 0.2306 
0.6 0.85 0.0733605 0.252459 
0.65 0.85 0.0697989 0.272706 
0.7 0.85 0.0638217 0.290899 
0.75 0.85 0.0556437 0.306673 
0.8 0.85 0.0455466 0.31972 
0.85 0.85 0.0338741 0.329783 
0.9 0.85 0.0210256 0.336657 
0.95 0.85 0.00744444 0.340198 
1 0.85 -0.00639697 0.340331 
1.05 0.85 -0.0200158 0.337051 
1.1 0.85 -0.032938 0.330429 
1.15 0.85 -0.044717 0.320603 
1.2 0.85 -0.054949 0.307772 
1.25 0.85 -0.0632847 0.292188 
1.3 0.85 -0.0694364 0.274154 
1.35 0.85 -0.0731828 0.25403 
1.4 0.85 -0.0743713 0.232251 
1.45 0.85 -0.0729218 0.209358 
1.5 0.85 -0.0688323 0.186037 
1.55 0.85 -0.0621875 0.163161 
1.6 0.85 -0.0531685 0.141798 
1.65 0.85 -0.042061 0.123177 
1.7 0.85 -0.0292575 0.108579 
1.75 0.85 -0.0152489 0.0991611 
1.8 0.85 -0.000603486 0.0957465 
1.85 0.85 0.0140675 0.0986485 
1.9 0.85 0.0281509 0.1076 
1.95 0.85 0.0410737 0.121815 
2 0.85 0.0523375 0.140156 
2.05 0.85 0.0615412 0.161345 
2.1 0.85 0.0683904 0.184141 
2.15 0.85 0.0726956 0.207463 
2.2 0.85 0.0743645 0.230422 
2.25 0.85 0.0733923 0.252318 
2.3 0.85 0.0698526 0.272599 
2.35 0.85 0.0638922 0.290824 
2.4 0.85 0.0557268 0.306626 
2.45 0.85 0.0456385 0.319699 
2.5 0.85 0.0339715 0.329786 
2.55 0.85 0.0211254 0.336684 
2.6 0.85 0.00754377 0.340248 
2.65 0.85 -0.00630106 0.340402 
2.7 0.85 -0.0199261 0.337144 
2.75 0.85 -0.0328572 0.330542 
2.8 0.85 -0.0446476 0.320735 
2.85 0.85 -0.0548932 0.307921 
2.9 0.85 -0.0632445 0.292353 
2.95 0.85 -0.0694136 0.274333 
3 0.85 -0.0731786 0.254221 
3.05 0.85 -0.0743865 0.23245 
3.1 0.85 -0.0729567 0.20956 
3.15 0.85 -0.0688868 0.186238 
3.2 0.85 -0.0622607 0.163352 
3.25 0.85 -0.0532586 0.141969 
3.3 0.85 -0.0421654 0.123318 
3.35 0.85 -0.0293727 0.10868 
3.4 0.85 -0.0153707 0.0992151 
3.45 0.85 -0.000727063 0.0957483 
3.5 0.85 0.0139472 0.0985981 
3.55 0.85 0.0280387 0.107502 
3.6 0.85 0.0409739 0.121679 
3.65 0.85 0.0522538 0.139991 
3.7 0.85 0.0614765 0.161162 
3.75 0.85 0.0683465 0.183951 
3.8 0.85 0.0726735 0.207273 
3.85 0.85 0.0743646 0.230239 
3.9 0.85 0.0734139 0.252146 
3.95 0.85 0.0698947 0.272442 
4 0.85 0.0639529 0.290683 
4.05 0.85 0.0558037 0.306504 
4.1 0.85 0.0457287 0.319597 
4.15 0.85 0.0340717 0.329703 
4.2 0.85 0.0212323 0.336617 
4.25 0.85 0.00765402 0.340193 
4.3 0.85 -0.00618997 0.340355 
4.35 0.85 -0.0198156 0.337096 
4.4 0.85 -0.0327471 0.330483 
4.45 0.85 -0.0445354 0.320654 
4.5 0.85 -0.0547737 0.307804 
4.55 0.85 -0.0631094 0.292186 
4.6 0.85 -0.0692515 0.274102 
4.65 0.85 -0.0729751 0.253916 
4.7 0.85 -0.0741256 0.232066 
4.75 0.85 -0.0726225 0.209102 
4.8 0.85 -0.0684667 0.185723 
4.85 0.85 -0.0617499 0.162813 
4.9 0.85 -0.0526654 0.141455 
4.95 0.85 -0.0415131 0.122883 
5 0.85 -0.0286887 0.108379 
0 0.9 -0.0212614 0.0838672 
0.05 0.9 -0.0146551 0.074076 
0.1 0.9 -0.00749247 0.0678214 
0.15 0.9 -4.79861e-05 0.0656156 
0.2 0.9 0.0073866 0.0676461 
0.25 0.9 0.0145098 0.0737275 
0.3 0.9 0.0210346 0.0833375 
0.35 0.9 0.0267103 0.0957231 
0.4 0.9 0.0313354 0.110035 
0.45 0.9 0.0347637 0.125443 
0.5 0.9 0.0369023 0.141216 
0.55 0.9 0.0377078 0.156751 
0.6 0.9 0.0371805 0.171565 
0.65 0.9 0.0353594 0.185279 
0.7 0.9 0.0323196 0.197591 
0.75 0.9 0.0281703 0.208254 
0.8 0.9 0.0230537 0.217062 
0.85 0.9 0.0171432 0.223847 
0.9 0.9 0.0106398 0.228477 
0.95 0.9 0.00376701 0.230861 
1 0.9 -0.003237 0.230951 
1.05 0.9 -0.0101288 0.228743 
1.1 0.9 -0.0166695 0.224282 
1.15 0.9 -0.0226339 0.217657 
1.2 0.9 -0.0278187 0.208995 
1.25 0.9 -0.0320478 0.198462 
1.3 0.9 -0.0351758 0.186258 
1.35 0.9 -0.0370904 0.172628 
1.4 0.9 -0.037713 0.157868 
1.45 0.9 -0.0370005 0.142352 
1.5 0.9 -0.0349486 0.126553 
1.55 0.9 -0.0315962 0.11107 
1.6 0.9 -0.0270315 0.0966297 
1.65 0.9 -0.0213968 0.0840608 
1.7 0.9 -0.0148904 0.0742214 
1.75 0.9 -0.00776315 0.0678808 
1.8 0.9 -0.000307296 0.0655833 
1.85 0.9 0.00716175 0.0675359 
1.9 0.9 0.0143276 0.0735625 
1.95 0.9 0.0208953 0.0831428 
2 0.9 0.0266103 0.0955211 
2.05 0.9 0.0312695 0.109842 
2.1 0.9 0.034726 0.12527 
2.15 0.9 0.0368876 0.141068 
2.2 0.9 0.0377113 0.156629 
2.25 0.9 0.037198 0.171469 
2.3 0.9 0.0353878 0.185207 
2.35 0.9 0.0323563 0.197541 
2.4 0.9 0.0282131 0.208223 
2.45 0.9 0.0231007 0.217049 
2.5 0.9 0.0171927 0.223851 
2.55 0.9 0.0106904 0.228497 
2.6 0.9 0.00381734 0.230897 
2.65 0.9 -0.00318844 0.231 
2.7 0.9 -0.0100834 0.228807 
2.75 0.9 -0.0166286 0.22436 
2.8 0.9 -0.0225987 0.217748 
2.85 0.9 -0.0277904 0.209098 
2.9 0.9 -0.0320273 0.198575 
2.95 0.9 -0.0351641 0.186381 
3 0.9 -0.037088 0.172758 
3.05 0.9 -0.0377204 0.158003 
3.1 0.9 -0.0370179 0.14249 
3.15 0.9 -0.0349759 0.12669 
3.2 0.9 -0.0316331 0.1112 
3.25 0.9 -0.0270771 0.0967456 
3.3 0.9 -0.0214497 0.0841564 
3.35 0.9 -0.0149489 0.0742902 
3.4 0.9 -0.0078251 0.0679174 
3.45 0.9 -0.000370184 0.0655846 
3.5 0.9 0.00710051 0.0675021 
3.55 0.9 0.0142705 0.0734968 
3.6 0.9 0.0208446 0.0830509 
3.65 0.9 0.0265679 0.0954098 
3.7 0.9 0.0312367 0.109718 
3.75 0.9 0.0347038 0.125141 
3.8 0.9 0.0368764 0.140939 
3.85 0.9 0.0377113 0.156504 
3.9 0.9 0.0372089 0.171351 
3.95 0.9 0.0354089 0.1851 
4 0.9 0.0323866 0.197445 
4.05 0.9 0.0282513 0.20814 
4.1 0.9 0.0231454 0.216978 
4.15 0.9 0.0172422 0.223792 
4.2 0.9 0.0107428 0.228449 
4.25 0.9 0.00387093 0.230856 
4.3 0.9 -0.00313499 0.230964 
4.35 0.9 -0.0100309 0.228769 
4.4 0.9 -0.0165769 0.224313 
4.45 0.9 -0.0225467 0.217684 
4.5 0.9 -0.0277352 0.209008 
4.55 0.9 -0.0319647 0.19845 
4.6 0.9 -0.0350881 0.186212 
4.65 0.9 -0.0369911 0.172538 
4.7 0.9 -0.0375941 0.157731 
4.75 0.9 -0.0368541 0.142168 
4.8 0.9 -0.034769 0.126333 
4.85 0.9 -0.0313836 0.110833 
4.9 0.9 -0.026798 0.0964012 
4.95 0.9 -0.0211726 0.0838672 
5 0.9 -0.0147162 0.074076 
0 0.95 -0.00627578 0.0425582 
0.05 0.95 -0.00424372 0.0376893 
0.1 0.95 -0.00215502 0.0345942 
0.15 0.95 -1.45806e-05 0.0335049 
0.2 0.95 0.00211581 0.0345105 
0.25 0.95 0.00415419 0.0375219 
0.3 0.95 0.00601851 0.0422869 
0.35 0.95 0.0076368 0.0484395 
0.4 0.95 0.00895195 0.0555635 
0.45 0.95 0.00992322 0.0632489 
0.5 0.95 0.0105256 0.0711298 
0.55 0.95 0.0107481 0.078901 
0.6 0.95 0.010592 0.0863179 
0.65 0.95 0.0100689 0.0931867 
0.7 0.95 0.00920056 0.0993532 
0.75 0.95 0.00801781 0.104692 
0.8 0.95 0.00656079 0.109101 
0.85 0.95 0.00487845 0.112495 
0.9 0.95 0.00302771 0.114811 
0.95 0.95 0.00107197 0.116002 
1 0.95 -0.000921106 0.116047 
1.05 0.95 -0.00288229 0.114943 
1.1 0.95 -0.00474366 0.112713 
1.15 0.95 -0.00644137 0.109398 
1.2 0.95 -0.00791782 0.105063 
1.25 0.95 -0.0091233 0.0997888 
1.3 0.95 -0.0100168 0.0936766 
1.35 0.95 -0.0105665 0.0868495 
1.4 0.95 -0.0107499 0.0794594 
1.45 0.95 -0.0105539 0.0716967 
1.5 0.95 -0.00997642 0.0638027 
1.55 0.95 -0.00902697 0.0560793 
1.6 0.95 -0.00772925 0.0488904 
1.65 0.95 -0.00612268 0.0426464 
1.7 0.95 -0.00426346 0.0377679 
1.75 0.95 -0.00222366 0.0346289 
1.8 0.95 -8.8051e-05 0.0334924 
1.85 0.95 0.00205141 0.0344583 
1.9 0.95 0.00410245 0.0374416 
1.95 0.95 0.00597949 0.042191 
2 0.95 0.00760926 0.0483392 
2.05 0.95 0.0089342 0.0554673 
2.1 0.95 0.00991352 0.0631621 
2.15 0.95 0.0105223 0.0710552 
2.2 0.95 0.0107499 0.0788396 
2.25 0.95 0.0105976 0.0862694 
2.3 0.95 0.0100775 0.0931503 
2.35 0.95 0.00921131 0.0993277 
2.4 0.95 0.00803017 0.104677 
2.45 0.95 0.00657427 0.109094 
2.5 0.95 0.00489261 0.112497 
2.55 0.95 0.00304215 0.114821 
2.6 0.95 0.00108628 0.11602 
2.65 0.95 -0.000907309 0.116072 
2.7 0.95 -0.00286939 0.114976 
2.75 0.95 -0.00473204 0.112752 
2.8 0.95 -0.00643136 0.109444 
2.85 0.95 -0.00790974 0.105115 
2.9 0.95 -0.00911743 0.0998458 
2.95 0.95 -0.0100134 0.0937383 
3 0.95 -0.0105658 0.086915 
3.05 0.95 -0.0107519 0.0795275 
3.1 0.95 -0.0105588 0.0717659 
3.15 0.95 -0.00998411 0.0638708 
3.2 0.95 -0.00903741 0.0561438 
3.25 0.95 -0.00774219 0.0489481 
3.3 0.95 -0.00613776 0.042694 
3.35 0.95 -0.00428017 0.0378021 
3.4 0.95 -0.00224138 0.034647 
3.45 0.95 -0.000106051 0.0334931 
3.5 0.95 0.00203388 0.0344416 
3.55 0.95 0.00408612 0.0374091 
3.6 0.95 0.00596501 0.0421454 
3.65 0.95 0.00759716 0.048284 
3.7 0.95 0.00892488 0.0554058 
3.75 0.95 0.00990722 0.0630977 
3.8 0.95 0.0105192 0.0709907 
3.85 0.95 0.0107499 0.0787772 
3.9 0.95 0.0106007 0.0862106 
3.95 0.95 0.0100834 0.0930964 
4 0.95 0.00921984 0.0992796 
4.05 0.95 0.00804092 0.104635 
4.1 0.95 0.00658678 0.109058 
4.15 0.95 0.00490637 0.112467 
4.2 0.95 0.00305662 0.114796 
4.25 0.95 0.00110096 0.115999 
4.3 0.95 -0.000892863 0.116053 
4.35 0.95 -0.00285544 0.114955 
4.4 0.95 -0.00471859 0.112726 
4.45 0.95 -0.00641809 0.10941 
4.5 0.95 -0.0078959 0.105067 
4.55 0.95 -0.00910177 0.0997803 
4.6 0.95 -0.00999416 0.0936507 
4.65 0.95 -0.0105407 0.0868022 
4.7 0.95 -0.0107184 0.0793887 
4.75 0.95 -0.0105144 0.0716038 
4.8 0.95 -0.00992715 0.063693 
4.85 0.95 -0.00896914 0.0559633 
4.9 0.95 -0.0076723 0.0487823 
4.95 0.95 -0.00609953 0.0425582 
5 0.95 -0.00436594 0.0376893 
0 1 0 0 
0.05 1 0 0 
0.1 1 0 0 
0.15 1 0 0 
0.2 1 0 0 
0.25 1 0 0 
0.3 1 0 0 
0.35 1 0 0 
0.4 1 0 0 
0.45 1 0 0 
0.5 1 0 0 
0.55 1 0 0 
0.6 1 0 0 
0.65 1 0 0 
0.7 1 0 0 
0.75 1 0 0 
0.8 1 0 0 
0.85 1 0 0 
0.9 1 0 0 
0.95 1 0 0 
1 1 0 0 
1.05 1 0 0 
1.1 1 0 0 
1.15 1 0 0 
1.2 1 0 0 
1.25 1 0 0 
1.3 1 0 0 
1.35 1 0 0 
1.4 1 0 0 
1.45 1 0 0 
1.5 1 0 0 
1.55 1 0 0 
1.6 1 0 0 
1.65 1 0 0 
1.7 1 0 0 
1.75 1 0 0 
1.8 1 0 0 
1.85 1 0 0 
1.9 1 0 0 
1.95 1 0 0 
2 1 0 0 
2.05 1 0 0 
2.1 1 0 0 
2.15 1 0 0 
2.2 1 0 0 
2.25 1 0 0 
2.3 1 0 0 
2.35 1 0 0 
2.4 1 0 0 
2.45 1 0 0 
2.5 1 0 0 
2.55 1 0 0 
2.6 1 0 0 
2.65 1 0 0 
2.7 1 0 0 
2.75 1 0 0 
2.8 1 0 0 
2.85 1 0 0 
2.9 1 0 0 
2.95 1 0 0 
3 1 0 0 
3.05 1 0 0 
3.1 1 0 0 
3.15 1 0 0 
3.2 1 0 0 
3.25 1 0 0 
3.3 1 0 0 
3.35 1 0 0 
3.4 1 0 0 
3.45 1 0 0 
3.5 1 0 0 
3.55 1 0 0 
3.6 1 0 0 
3.65 1 0 0 
3.7 1 0 0 
3.75 1 0 0 
3.8 1 0 0 
3.85 1 0 0 
3.9 1 0 0 
3.95 1 0 0 
4 1 0 0 
4.05 1 0 0 
4.1 1 0 0 
4.15 1 0 0 
4.2 1 0 0 
4.25 1 0 0 
4.3 1 0 0 
4.35 1 0 0 
4.4 1 0 0 
4.45 1 0 0 
4.5 1 0 0 
4.55 1 0 0 
4.6 1 0 0 
4.65 1 0 0 
4.7 1 0 0 
4.75 1 0 0 
4.8 1 0 0 
4.85 1 0 0 
4.9 1 0 0 
4.95 1 0 0 
5 1 0 0 
