x, y, ksi, T
#iter= 600000
0 0 0 1 
0.05 0 0 1 
0.1 0 0 1 
0.15 0 0 1 
0.2 0 0 1 
0.25 0 0 1 
0.3 0 0 1 
0.35 0 0 1 
0.4 0 0 1 
0.45 0 0 1 
0.5 0 0 1 
0.55 0 0 1 
0.6 0 0 1 
0.65 0 0 1 
0.7 0 0 1 
0.75 0 0 1 
0.8 0 0 1 
0.85 0 0 1 
0.9 0 0 1 
0.95 0 0 1 
1 0 0 1 
1.05 0 0 1 
1.1 0 0 1 
1.15 0 0 1 
1.2 0 0 1 
1.25 0 0 1 
1.3 0 0 1 
1.35 0 0 1 
1.4 0 0 1 
1.45 0 0 1 
1.5 0 0 1 
1.55 0 0 1 
1.6 0 0 1 
1.65 0 0 1 
1.7 0 0 1 
1.75 0 0 1 
1.8 0 0 1 
1.85 0 0 1 
1.9 0 0 1 
1.95 0 0 1 
2 0 0 1 
2.05 0 0 1 
2.1 0 0 1 
2.15 0 0 1 
2.2 0 0 1 
2.25 0 0 1 
2.3 0 0 1 
2.35 0 0 1 
2.4 0 0 1 
2.45 0 0 1 
2.5 0 0 1 
2.55 0 0 1 
2.6 0 0 1 
2.65 0 0 1 
2.7 0 0 1 
2.75 0 0 1 
2.8 0 0 1 
2.85 0 0 1 
2.9 0 0 1 
2.95 0 0 1 
3 0 0 1 
3.05 0 0 1 
3.1 0 0 1 
3.15 0 0 1 
3.2 0 0 1 
3.25 0 0 1 
3.3 0 0 1 
3.35 0 0 1 
3.4 0 0 1 
3.45 0 0 1 
3.5 0 0 1 
3.55 0 0 1 
3.6 0 0 1 
3.65 0 0 1 
3.7 0 0 1 
3.75 0 0 1 
3.8 0 0 1 
3.85 0 0 1 
3.9 0 0 1 
3.95 0 0 1 
4 0 0 1 
4.05 0 0 1 
4.1 0 0 1 
4.15 0 0 1 
4.2 0 0 1 
4.25 0 0 1 
4.3 0 0 1 
4.35 0 0 1 
4.4 0 0 1 
4.45 0 0 1 
4.5 0 0 1 
4.55 0 0 1 
4.6 0 0 1 
4.65 0 0 1 
4.7 0 0 1 
4.75 0 0 1 
4.8 0 0 1 
4.85 0 0 1 
4.9 0 0 1 
4.95 0 0 1 
5 0 0 1 
0 0.05 -0.00628586 0.88761 
0.05 0.05 -0.00429497 0.884589 
0.1 0.05 -0.00221656 0.882789 
0.15 0.05 -0.000109703 0.882193 
0.2 0.05 0.00197117 0.882786 
0.25 0.05 0.00396504 0.884543 
0.3 0.05 0.00580969 0.887423 
0.35 0.05 0.00744637 0.891367 
0.4 0.05 0.00882274 0.896299 
0.45 0.05 0.0098944 0.902128 
0.5 0.05 0.0106256 0.908741 
0.55 0.05 0.0109897 0.916002 
0.6 0.05 0.0109691 0.923743 
0.65 0.05 0.0105564 0.931746 
0.7 0.05 0.00975528 0.939736 
0.75 0.05 0.00858265 0.947372 
0.8 0.05 0.00707096 0.954249 
0.85 0.05 0.00526983 0.959931 
0.9 0.05 0.00324628 0.963998 
0.95 0.05 0.00108259 0.966114 
1 0.05 -0.00112839 0.966093 
1.05 0.05 -0.00329011 0.963937 
1.1 0.05 -0.00530992 0.959836 
1.15 0.05 -0.0071058 0.954129 
1.2 0.05 -0.00861112 0.947236 
1.25 0.05 -0.00977668 0.939596 
1.3 0.05 -0.0105705 0.931609 
1.35 0.05 -0.010976 0.923617 
1.4 0.05 -0.01099 0.915895 
1.45 0.05 -0.0106205 0.908658 
1.5 0.05 -0.00988571 0.902074 
1.55 0.05 -0.00881327 0.89628 
1.6 0.05 -0.00744012 0.891386 
1.65 0.05 -0.00581237 0.887482 
1.7 0.05 -0.00398471 0.884642 
1.75 0.05 -0.00201932 0.88292 
1.8 0.05 1.61224e-05 0.882348 
1.85 0.05 0.00205102 0.882937 
1.9 0.05 0.0040148 0.884677 
1.95 0.05 0.00583985 0.887533 
2 0.05 0.00746411 0.891452 
2.05 0.05 0.008833 0.896361 
2.1 0.05 0.00990058 0.902168 
2.15 0.05 0.01063 0.908762 
2.2 0.05 0.0109939 0.916008 
2.25 0.05 0.0109741 0.923735 
2.3 0.05 0.0105627 0.931729 
2.35 0.05 0.00976329 0.939713 
2.4 0.05 0.00859244 0.947346 
2.45 0.05 0.00708243 0.954225 
2.5 0.05 0.00528271 0.959913 
2.55 0.05 0.00326015 0.963989 
2.6 0.05 0.00109692 0.966116 
2.65 0.05 -0.0011142 0.966108 
2.7 0.05 -0.00327669 0.963964 
2.75 0.05 -0.00529783 0.959874 
2.8 0.05 -0.00709554 0.954175 
2.85 0.05 -0.0086031 0.947289 
2.9 0.05 -0.0097712 0.939651 
2.95 0.05 -0.0105677 0.931666 
3 0.05 -0.0109761 0.923673 
3.05 0.05 -0.0109929 0.915948 
3.1 0.05 -0.0106262 0.908706 
3.15 0.05 -0.00989403 0.902117 
3.2 0.05 -0.00882403 0.896317 
3.25 0.05 -0.00745302 0.891415 
3.3 0.05 -0.00582703 0.887504 
3.35 0.05 -0.00400069 0.884655 
3.4 0.05 -0.0020361 0.882924 
3.45 0.05 -8.95829e-07 0.882342 
3.5 0.05 0.00203434 0.882922 
3.55 0.05 0.00399904 0.884653 
3.6 0.05 0.00582556 0.8875 
3.65 0.05 0.00745182 0.89141 
3.7 0.05 0.00882316 0.89631 
3.75 0.05 0.00989359 0.902109 
3.8 0.05 0.0106262 0.908696 
3.85 0.05 0.0109936 0.915936 
3.9 0.05 0.0109775 0.92366 
3.95 0.05 0.0105699 0.931653 
4 0.05 0.00977436 0.939639 
4.05 0.05 0.00860729 0.947278 
4.1 0.05 0.00710082 0.954167 
4.15 0.05 0.00530421 0.959871 
4.2 0.05 0.00328414 0.963969 
4.25 0.05 0.00112261 0.966124 
4.3 0.05 -0.00108776 0.966146 
4.35 0.05 -0.00325053 0.964034 
4.4 0.05 -0.00527304 0.959976 
4.45 0.05 -0.00707329 0.954308 
4.5 0.05 -0.00858464 0.947449 
4.55 0.05 -0.00975804 0.939837 
4.6 0.05 -0.0105619 0.931873 
4.65 0.05 -0.0109804 0.9239 
4.7 0.05 -0.0110115 0.916191 
4.75 0.05 -0.0106655 0.908959 
4.8 0.05 -0.00996351 0.902371 
4.85 0.05 -0.00893826 0.896555 
4.9 0.05 -0.00763496 0.891611 
4.95 0.05 -0.00611115 0.88761 
5 0.05 -0.00441578 0.884589 
0 0.1 -0.0212172 0.776411 
0.05 0.1 -0.0147179 0.770467 
0.1 0.1 -0.00763693 0.76686 
0.15 0.1 -0.000323437 0.765651 
0.2 0.1 0.00695163 0.766824 
0.25 0.1 0.0139417 0.770329 
0.3 0.1 0.0204156 0.776079 
0.35 0.1 0.0261611 0.783953 
0.4 0.1 0.0309908 0.793798 
0.45 0.1 0.0347462 0.805429 
0.5 0.1 0.0373002 0.818624 
0.55 0.1 0.0385587 0.833116 
0.6 0.1 0.0384618 0.848573 
0.65 0.1 0.0369863 0.864573 
0.7 0.1 0.0341503 0.880572 
0.75 0.1 0.0300188 0.895892 
0.8 0.1 0.0247108 0.90972 
0.85 0.1 0.0184032 0.921171 
0.9 0.1 0.0113305 0.929382 
0.95 0.1 0.0037773 0.93366 
1 0.1 -0.00393786 0.933617 
1.05 0.1 -0.0114844 0.929258 
1.1 0.1 -0.0185443 0.920979 
1.15 0.1 -0.024834 0.909478 
1.2 0.1 -0.0301201 0.895618 
1.25 0.1 -0.0342272 0.880288 
1.3 0.1 -0.0370378 0.864296 
1.35 0.1 -0.0384883 0.848318 
1.4 0.1 -0.0385624 0.832897 
1.45 0.1 -0.0372851 0.818451 
1.5 0.1 -0.0347187 0.805314 
1.55 0.1 -0.0309602 0.793749 
1.6 0.1 -0.0261406 0.783976 
1.65 0.1 -0.0204232 0.776179 
1.7 0.1 -0.0140018 0.770503 
1.75 0.1 -0.0070957 0.767059 
1.8 0.1 5.67747e-05 0.765915 
1.85 0.1 0.00720733 0.767094 
1.9 0.1 0.0141078 0.770573 
1.95 0.1 0.02052 0.776281 
2 0.1 0.0262251 0.784109 
2.05 0.1 0.0310297 0.79391 
2.1 0.1 0.034771 0.8055 
2.15 0.1 0.0373187 0.818659 
2.2 0.1 0.038576 0.833121 
2.25 0.1 0.0384815 0.848554 
2.3 0.1 0.0370104 0.864535 
2.35 0.1 0.03418 0.880524 
2.4 0.1 0.0300545 0.895839 
2.45 0.1 0.024752 0.909672 
2.5 0.1 0.018449 0.921133 
2.55 0.1 0.0113796 0.929362 
2.6 0.1 0.00382774 0.933664 
2.65 0.1 -0.00388806 0.933646 
2.7 0.1 -0.0114373 0.929312 
2.75 0.1 -0.0185019 0.921055 
2.8 0.1 -0.024798 0.909571 
2.85 0.1 -0.030092 0.895724 
2.9 0.1 -0.0342079 0.8804 
2.95 0.1 -0.0370281 0.864409 
3 0.1 -0.0384886 0.848429 
3.05 0.1 -0.0385727 0.833002 
3.1 0.1 -0.0373053 0.818548 
3.15 0.1 -0.0347481 0.8054 
3.2 0.1 -0.0309982 0.793822 
3.25 0.1 -0.0261861 0.784036 
3.3 0.1 -0.0204749 0.776222 
3.35 0.1 -0.0140581 0.77053 
3.4 0.1 -0.00715475 0.767068 
3.45 0.1 -3.07652e-06 0.765905 
3.5 0.1 0.00714873 0.767065 
3.55 0.1 0.0140524 0.770524 
3.6 0.1 0.0204699 0.776214 
3.65 0.1 0.0261821 0.784024 
3.7 0.1 0.0309954 0.793808 
3.75 0.1 0.0347468 0.805383 
3.8 0.1 0.0373058 0.818528 
3.85 0.1 0.0385755 0.832979 
3.9 0.1 0.0384939 0.848404 
3.95 0.1 0.0370363 0.864383 
4 0.1 0.0342193 0.880374 
4.05 0.1 0.0301069 0.895701 
4.1 0.1 0.0248166 0.909555 
4.15 0.1 0.0185242 0.921049 
4.2 0.1 0.0114632 0.929322 
4.25 0.1 0.00391708 0.933678 
4.3 0.1 -0.00379627 0.933721 
4.35 0.1 -0.0113466 0.929452 
4.4 0.1 -0.0184161 0.921258 
4.45 0.1 -0.0247211 0.909834 
4.5 0.1 -0.0300283 0.896041 
4.55 0.1 -0.0341626 0.880766 
4.6 0.1 -0.0370079 0.864818 
4.65 0.1 -0.0385026 0.848875 
4.7 0.1 -0.0386339 0.833477 
4.75 0.1 -0.0374317 0.819042 
4.8 0.1 -0.0349647 0.805891 
4.85 0.1 -0.0313361 0.794278 
4.9 0.1 -0.0266777 0.784399 
4.95 0.1 -0.0211295 0.776411 
5 0.1 -0.0147767 0.770467 
0 0.15 -0.0413511 0.670844 
0.05 0.15 -0.0286589 0.662144 
0.1 0.15 -0.0148315 0.656817 
0.15 0.15 -0.000489439 0.65501 
0.2 0.15 0.0138208 0.656731 
0.25 0.15 0.0275936 0.661911 
0.3 0.15 0.0403588 0.670416 
0.35 0.15 0.0516882 0.682061 
0.4 0.15 0.0612059 0.69661 
0.45 0.15 0.0685952 0.713779 
0.5 0.15 0.0736038 0.733241 
0.55 0.15 0.0760469 0.754603 
0.6 0.15 0.0758096 0.777385 
0.65 0.15 0.0728524 0.800973 
0.7 0.15 0.0672186 0.824582 
0.75 0.15 0.0590451 0.847216 
0.8 0.15 0.0485729 0.86768 
0.85 0.15 0.0361543 0.88465 
0.9 0.15 0.0222505 0.896836 
0.95 0.15 0.00741566 0.903191 
1 0.15 -0.00773258 0.903127 
1.05 0.15 -0.0225546 0.896652 
1.1 0.15 -0.0364337 0.884364 
1.15 0.15 -0.0488175 0.867317 
1.2 0.15 -0.0592472 0.846808 
1.25 0.15 -0.0673733 0.824157 
1.3 0.15 -0.0729573 0.800557 
1.35 0.15 -0.0758654 0.776999 
1.4 0.15 -0.0760572 0.754266 
1.45 0.15 -0.073576 0.732967 
1.5 0.15 -0.0685407 0.713582 
1.55 0.15 -0.0611412 0.696501 
1.6 0.15 -0.0516363 0.682048 
1.65 0.15 -0.0403498 0.670502 
1.7 0.15 -0.0276664 0.662088 
1.75 0.15 -0.0140213 0.656978 
1.8 0.15 0.000112435 0.65528 
1.85 0.15 0.0142424 0.65703 
1.9 0.15 0.0278762 0.662191 
1.95 0.15 0.0405415 0.670653 
2 0.15 0.0518035 0.682245 
2.05 0.15 0.0612787 0.696739 
2.1 0.15 0.0686441 0.713857 
2.15 0.15 0.0736421 0.733273 
2.2 0.15 0.0760838 0.754597 
2.25 0.15 0.0758515 0.777346 
2.3 0.15 0.072903 0.800911 
2.35 0.15 0.0672799 0.824505 
2.4 0.15 0.0591176 0.847135 
2.45 0.15 0.0486559 0.867605 
2.5 0.15 0.036246 0.884593 
2.55 0.15 0.022348 0.896807 
2.6 0.15 0.00751563 0.903196 
2.65 0.15 -0.00763412 0.903171 
2.7 0.15 -0.0224616 0.896732 
2.75 0.15 -0.0363501 0.884477 
2.8 0.15 -0.0487466 0.867456 
2.85 0.15 -0.0591918 0.846964 
2.9 0.15 -0.0673354 0.824322 
2.95 0.15 -0.0729383 0.800724 
3 0.15 -0.075866 0.777162 
3.05 0.15 -0.0760777 0.754421 
3.1 0.15 -0.0736159 0.733111 
3.15 0.15 -0.0685991 0.71371 
3.2 0.15 -0.0612166 0.69661 
3.25 0.15 -0.0517265 0.682137 
3.3 0.15 -0.0404523 0.670567 
3.35 0.15 -0.0277778 0.662128 
3.4 0.15 -0.0141382 0.656991 
3.45 0.15 -5.9332e-06 0.655265 
3.5 0.15 0.0141266 0.656987 
3.55 0.15 0.027767 0.662119 
3.6 0.15 0.0404428 0.670555 
3.65 0.15 0.0517189 0.68212 
3.7 0.15 0.0612115 0.69659 
3.75 0.15 0.0685969 0.713686 
3.8 0.15 0.0736174 0.733082 
3.85 0.15 0.0760835 0.754389 
3.9 0.15 0.0758767 0.777127 
3.95 0.15 0.0729546 0.800687 
4 0.15 0.0673579 0.824285 
4.05 0.15 0.059221 0.846931 
4.1 0.15 0.0487829 0.867432 
4.15 0.15 0.0363934 0.884467 
4.2 0.15 0.0225116 0.896746 
4.25 0.15 0.00769001 0.903215 
4.3 0.15 -0.00745512 0.903279 
4.35 0.15 -0.0222848 0.896934 
4.4 0.15 -0.0361825 0.884771 
4.45 0.15 -0.0485957 0.867836 
4.5 0.15 -0.0590656 0.847422 
4.55 0.15 -0.0672431 0.824849 
4.6 0.15 -0.0728913 0.80131 
4.65 0.15 -0.0758793 0.777797 
4.7 0.15 -0.0761715 0.755093 
4.75 0.15 -0.073817 0.733802 
4.8 0.15 -0.0689403 0.714391 
4.85 0.15 -0.0617333 0.697233 
4.9 0.15 -0.0524414 0.68263 
4.95 0.15 -0.0413373 0.670844 
5 0.15 -0.0286659 0.662144 
0 0.2 -0.0637532 0.576274 
0.05 0.2 -0.044084 0.565092 
0.1 0.2 -0.0227122 0.558218 
0.15 0.2 -0.00052028 0.555869 
0.2 0.2 0.0216546 0.558088 
0.25 0.2 0.0430169 0.564796 
0.3 0.2 0.0628229 0.575814 
0.35 0.2 0.0803965 0.590881 
0.4 0.2 0.0951459 0.609669 
0.45 0.2 0.106575 0.631798 
0.5 0.2 0.114293 0.65683 
0.55 0.2 0.118015 0.684262 
0.6 0.2 0.11757 0.713481 
0.65 0.2 0.112906 0.743716 
0.7 0.2 0.104103 0.773974 
0.75 0.2 0.0913828 0.802993 
0.8 0.2 0.0751296 0.829244 
0.85 0.2 0.0558931 0.851031 
0.9 0.2 0.0343856 0.866686 
0.95 0.2 0.0114571 0.874854 
1 0.2 -0.0119495 0.874772 
1.05 0.2 -0.0348585 0.866448 
1.1 0.2 -0.0563284 0.85066 
1.15 0.2 -0.0755118 0.828775 
1.2 0.2 -0.0917 0.802463 
1.25 0.2 -0.104347 0.77342 
1.3 0.2 -0.113073 0.743169 
1.35 0.2 -0.11766 0.712967 
1.4 0.2 -0.118032 0.683802 
1.45 0.2 -0.114248 0.656442 
1.5 0.2 -0.106483 0.631494 
1.55 0.2 -0.0950283 0.609462 
1.6 0.2 -0.0802832 0.590776 
1.65 0.2 -0.0627521 0.575811 
1.7 0.2 -0.0430349 0.564883 
1.75 0.2 -0.0218124 0.558237 
1.8 0.2 0.000175307 0.556027 
1.85 0.2 0.0221571 0.558305 
1.9 0.2 0.043362 0.565018 
1.95 0.2 0.0630507 0.576008 
2 0.2 0.0805436 0.591031 
2.05 0.2 0.0952422 0.609771 
2.1 0.2 0.106644 0.63185 
2.15 0.2 0.11435 0.656836 
2.2 0.2 0.118073 0.684227 
2.25 0.2 0.117637 0.713413 
2.3 0.2 0.112988 0.743624 
2.35 0.2 0.104201 0.773867 
2.4 0.2 0.0914984 0.802883 
2.45 0.2 0.075261 0.829145 
2.5 0.2 0.0560373 0.850956 
2.55 0.2 0.0345384 0.866647 
2.6 0.2 0.0116131 0.87486 
2.65 0.2 -0.0117962 0.874828 
2.7 0.2 -0.034714 0.866552 
2.75 0.2 -0.0561985 0.850807 
2.8 0.2 -0.0754016 0.828954 
2.85 0.2 -0.0916138 0.802664 
2.9 0.2 -0.104288 0.773633 
2.95 0.2 -0.113043 0.743385 
3 0.2 -0.117661 0.713178 
3.05 0.2 -0.118064 0.684003 
3.1 0.2 -0.11431 0.656628 
3.15 0.2 -0.106574 0.631661 
3.2 0.2 -0.0951457 0.609605 
3.25 0.2 -0.0804239 0.590892 
3.3 0.2 -0.0629118 0.575897 
3.35 0.2 -0.0432085 0.564937 
3.4 0.2 -0.0219944 0.558256 
3.45 0.2 -8.99518e-06 0.556009 
3.5 0.2 0.0219769 0.558251 
3.55 0.2 0.0431922 0.564927 
3.6 0.2 0.0628975 0.575882 
3.65 0.2 0.0804126 0.590871 
3.7 0.2 0.0951383 0.609579 
3.75 0.2 0.106571 0.63163 
3.8 0.2 0.114313 0.656592 
3.85 0.2 0.118074 0.683962 
3.9 0.2 0.117678 0.713134 
3.95 0.2 0.113069 0.743338 
4 0.2 0.104322 0.773587 
4.05 0.2 0.0916585 0.802623 
4.1 0.2 0.0754568 0.828924 
4.15 0.2 0.056264 0.850795 
4.2 0.2 0.0347894 0.866569 
4.25 0.2 0.0118803 0.874882 
4.3 0.2 -0.0115219 0.874962 
4.35 0.2 -0.0344427 0.866805 
4.4 0.2 -0.0559405 0.851175 
4.45 0.2 -0.0751675 0.829428 
4.5 0.2 -0.0914143 0.803233 
4.55 0.2 -0.104135 0.774283 
4.6 0.2 -0.112951 0.744102 
4.65 0.2 -0.117647 0.713948 
4.7 0.2 -0.118151 0.684809 
4.75 0.2 -0.114526 0.657447 
4.8 0.2 -0.10695 0.632458 
4.85 0.2 -0.0957081 0.61033 
4.9 0.2 -0.0811779 0.591477 
4.95 0.2 -0.0638016 0.576274 
5 0.2 -0.044048 0.565092 
0 0.25 -0.0861214 0.496798 
0.05 0.25 -0.0594156 0.483453 
0.1 0.25 -0.0304611 0.47523 
0.15 0.25 -0.000388068 0.472413 
0.2 0.25 0.0296823 0.475082 
0.25 0.25 0.0586627 0.483148 
0.3 0.25 0.0855299 0.496373 
0.35 0.25 0.109354 0.514407 
0.4 0.25 0.129323 0.536815 
0.45 0.25 0.14476 0.563104 
0.5 0.25 0.155137 0.592733 
0.55 0.25 0.160076 0.625094 
0.6 0.25 0.159356 0.659472 
0.65 0.25 0.152921 0.694977 
0.7 0.25 0.140894 0.73046 
0.75 0.25 0.123594 0.764461 
0.8 0.25 0.101549 0.795206 
0.85 0.25 0.0755103 0.820716 
0.9 0.25 0.0464371 0.839045 
0.95 0.25 0.0154685 0.848607 
1 0.25 -0.0161372 0.848509 
1.05 0.25 -0.0470798 0.838763 
1.1 0.25 -0.0761029 0.820278 
1.15 0.25 -0.102071 0.79465 
1.2 0.25 -0.124028 0.763831 
1.25 0.25 -0.14123 0.729797 
1.3 0.25 -0.153151 0.694316 
1.35 0.25 -0.15948 0.658842 
1.4 0.25 -0.160098 0.624516 
1.45 0.25 -0.155068 0.592224 
1.5 0.25 -0.144617 0.562677 
1.55 0.25 -0.129128 0.536479 
1.6 0.25 -0.109141 0.514166 
1.65 0.25 -0.0853391 0.496224 
1.7 0.25 -0.0585399 0.483076 
1.75 0.25 -0.0296756 0.475059 
1.8 0.25 0.00023906 0.472389 
1.85 0.25 0.0301456 0.475141 
1.9 0.25 0.0589858 0.483239 
1.95 0.25 0.0857458 0.496462 
2 0.25 0.109496 0.514474 
2.05 0.25 0.129419 0.536848 
2.1 0.25 0.144834 0.563101 
2.15 0.25 0.155207 0.592692 
2.2 0.25 0.160153 0.625019 
2.25 0.25 0.159449 0.659369 
2.3 0.25 0.153035 0.694852 
2.35 0.25 0.141032 0.730324 
2.4 0.25 0.123754 0.764325 
2.45 0.25 0.101731 0.795085 
2.5 0.25 0.0757084 0.820626 
2.55 0.25 0.0466461 0.838999 
2.6 0.25 0.0156813 0.848615 
2.65 0.25 -0.0159285 0.848576 
2.7 0.25 -0.0468834 0.838887 
2.75 0.25 -0.0759264 0.820451 
2.8 0.25 -0.101921 0.794862 
2.85 0.25 -0.123911 0.764069 
2.9 0.25 -0.141149 0.730049 
2.95 0.25 -0.153111 0.694572 
3 0.25 -0.159481 0.659093 
3.05 0.25 -0.160141 0.624756 
3.1 0.25 -0.155153 0.592446 
3.15 0.25 -0.14474 0.562878 
3.2 0.25 -0.129288 0.536652 
3.25 0.25 -0.109333 0.514308 
3.3 0.25 -0.0855566 0.496331 
3.35 0.25 -0.0587766 0.483144 
3.4 0.25 -0.0299237 0.475084 
3.45 0.25 -1.19148e-05 0.47237 
3.5 0.25 0.0299004 0.475078 
3.55 0.25 0.058755 0.483132 
3.6 0.25 0.0855379 0.496313 
3.65 0.25 0.109318 0.514285 
3.7 0.25 0.129279 0.536623 
3.75 0.25 0.144737 0.562843 
3.8 0.25 0.155157 0.592406 
3.85 0.25 0.160155 0.62471 
3.9 0.25 0.159504 0.659044 
3.95 0.25 0.153145 0.69452 
4 0.25 0.141196 0.729998 
4.05 0.25 0.12397 0.764024 
4.1 0.25 0.101994 0.794829 
4.15 0.25 0.0760123 0.82044 
4.2 0.25 0.0469819 0.838907 
4.25 0.25 0.0160384 0.848639 
4.3 0.25 -0.0155619 0.84873 
4.35 0.25 -0.04652 0.839176 
4.4 0.25 -0.0755789 0.82087 
4.45 0.25 -0.101602 0.795399 
4.5 0.25 -0.123632 0.764709 
4.55 0.25 -0.140924 0.730774 
4.6 0.25 -0.152952 0.695364 
4.65 0.25 -0.159405 0.659934 
4.7 0.25 -0.160166 0.625624 
4.75 0.25 -0.1553 0.593317 
4.8 0.25 -0.145032 0.563717 
4.85 0.25 -0.129736 0.537416 
4.9 0.25 -0.109923 0.514945 
4.95 0.25 -0.0862214 0.496798 
5 0.25 -0.0593447 0.483453 
0 0.3 -0.106675 0.433909 
0.05 0.3 -0.0734475 0.418654 
0.1 0.3 -0.0374734 0.40923 
0.15 0.3 -0.000108709 0.406003 
0.2 0.3 0.0372629 0.409094 
0.25 0.3 0.0732812 0.418391 
0.3 0.3 0.106659 0.433575 
0.35 0.3 0.136226 0.454171 
0.4 0.3 0.160966 0.479605 
0.45 0.3 0.180037 0.50925 
0.5 0.3 0.192789 0.542447 
0.55 0.3 0.198764 0.578497 
0.6 0.3 0.197707 0.616606 
0.65 0.3 0.189568 0.655806 
0.7 0.3 0.174521 0.694859 
0.75 0.3 0.152979 0.732191 
0.8 0.3 0.125612 0.765885 
0.85 0.3 0.093354 0.793803 
0.9 0.3 0.0573888 0.813842 
0.95 0.3 0.0191114 0.824289 
1 0.3 -0.0199424 0.824182 
1.05 0.3 -0.0581882 0.813532 
1.1 0.3 -0.0940922 0.79332 
1.15 0.3 -0.126263 0.76527 
1.2 0.3 -0.153523 0.731491 
1.25 0.3 -0.174942 0.694116 
1.3 0.3 -0.189857 0.655057 
1.35 0.3 -0.197861 0.615879 
1.4 0.3 -0.198786 0.577814 
1.45 0.3 -0.192687 0.541823 
1.5 0.3 -0.179828 0.508697 
1.55 0.3 -0.160671 0.479131 
1.6 0.3 -0.135876 0.453778 
1.65 0.3 -0.106291 0.43326 
1.7 0.3 -0.0729361 0.418141 
1.75 0.3 -0.0369806 0.408885 
1.8 0.3 0.00029861 0.405797 
1.85 0.3 0.0375676 0.408981 
1.9 0.3 0.0734926 0.41833 
1.95 0.3 0.106798 0.433535 
2 0.3 0.136318 0.454131 
2.05 0.3 0.161033 0.479551 
2.1 0.3 0.180098 0.509176 
2.15 0.3 0.192858 0.54235 
2.2 0.3 0.198852 0.578377 
2.25 0.3 0.19782 0.616465 
2.3 0.3 0.189711 0.655651 
2.35 0.3 0.174694 0.694698 
2.4 0.3 0.153182 0.732036 
2.45 0.3 0.125841 0.76575 
2.5 0.3 0.0936028 0.793703 
2.55 0.3 0.0576504 0.813792 
2.6 0.3 0.019377 0.824299 
2.65 0.3 -0.0196825 0.824258 
2.7 0.3 -0.0579437 0.81367 
2.75 0.3 -0.0938726 0.793513 
2.8 0.3 -0.126077 0.765505 
2.85 0.3 -0.153376 0.731755 
2.9 0.3 -0.174841 0.694397 
2.95 0.3 -0.189806 0.655342 
3 0.3 -0.197861 0.616161 
3.05 0.3 -0.198839 0.578084 
3.1 0.3 -0.192792 0.542076 
3.15 0.3 -0.179982 0.508926 
3.2 0.3 -0.16087 0.479331 
3.25 0.3 -0.136115 0.453944 
3.3 0.3 -0.106562 0.433386 
3.35 0.3 -0.0732314 0.418223 
3.4 0.3 -0.0372901 0.408918 
3.45 0.3 -1.44505e-05 0.405779 
3.5 0.3 0.0372619 0.408912 
3.55 0.3 0.0732054 0.41821 
3.6 0.3 0.10654 0.433367 
3.65 0.3 0.136098 0.453919 
3.7 0.3 0.160859 0.4793 
3.75 0.3 0.179978 0.50889 
3.8 0.3 0.192798 0.542034 
3.85 0.3 0.198855 0.578037 
3.9 0.3 0.19789 0.61611 
3.95 0.3 0.189847 0.655289 
4 0.3 0.174897 0.694345 
4.05 0.3 0.153447 0.73171 
4.1 0.3 0.126163 0.765474 
4.15 0.3 0.0939744 0.793504 
4.2 0.3 0.0580604 0.813694 
4.25 0.3 0.0198128 0.824326 
4.3 0.3 -0.0192349 0.824422 
4.35 0.3 -0.0574987 0.813977 
4.4 0.3 -0.0934441 0.793956 
4.45 0.3 -0.125678 0.76607 
4.5 0.3 -0.153018 0.732422 
4.55 0.3 -0.174535 0.695145 
4.6 0.3 -0.189561 0.65615 
4.65 0.3 -0.197688 0.617006 
4.7 0.3 -0.198747 0.578944 
4.75 0.3 -0.192791 0.542926 
4.8 0.3 -0.180078 0.509738 
4.85 0.3 -0.16106 0.480073 
4.9 0.3 -0.136372 0.454585 
4.95 0.3 -0.106816 0.433909 
5 0.3 -0.0733485 0.418654 
0 0.35 -0.124063 0.386406 
0.05 0.35 -0.0852749 0.369357 
0.1 0.35 -0.0433118 0.35879 
0.15 0.35 0.000274471 0.355179 
0.2 0.35 0.0438716 0.358695 
0.25 0.35 0.0858793 0.369184 
0.3 0.35 0.124779 0.38621 
0.35 0.35 0.159191 0.409126 
0.4 0.35 0.187924 0.437169 
0.45 0.35 0.21 0.469536 
0.5 0.35 0.224669 0.505433 
0.55 0.35 0.23142 0.544064 
0.6 0.35 0.229977 0.584576 
0.65 0.35 0.220311 0.625964 
0.7 0.35 0.202649 0.666965 
0.75 0.35 0.177495 0.705979 
0.8 0.35 0.145642 0.74106 
0.85 0.35 0.10818 0.770044 
0.9 0.35 0.0664766 0.790803 
0.95 0.35 0.0221316 0.801612 
1 0.35 -0.0230996 0.801501 
1.05 0.35 -0.0674083 0.790481 
1.1 0.35 -0.109042 0.769539 
1.15 0.35 -0.146404 0.740415 
1.2 0.35 -0.178132 0.705238 
1.25 0.35 -0.203143 0.666172 
1.3 0.35 -0.220649 0.625154 
1.35 0.35 -0.230154 0.583776 
1.4 0.35 -0.231435 0.543295 
1.45 0.35 -0.224528 0.504709 
1.5 0.35 -0.209714 0.468867 
1.55 0.35 -0.187512 0.436563 
1.6 0.35 -0.158677 0.408589 
1.65 0.35 -0.124193 0.385742 
1.7 0.35 -0.0852533 0.368777 
1.75 0.35 -0.0432358 0.358334 
1.8 0.35 0.000349935 0.354839 
1.85 0.35 0.0439235 0.358443 
1.9 0.35 0.0859049 0.368991 
1.95 0.35 0.124786 0.386051 
2 0.35 0.159193 0.408983 
2.05 0.35 0.187933 0.437029 
2.1 0.35 0.210028 0.469392 
2.15 0.35 0.224725 0.50528 
2.2 0.35 0.23151 0.5439 
2.25 0.35 0.230104 0.584402 
2.3 0.35 0.220477 0.625784 
2.35 0.35 0.202853 0.666786 
2.4 0.35 0.177734 0.705811 
2.45 0.35 0.145912 0.740918 
2.5 0.35 0.108473 0.769941 
2.55 0.35 0.0667832 0.790754 
2.6 0.35 0.0224423 0.801626 
2.65 0.35 -0.022796 0.801583 
2.7 0.35 -0.0671231 0.790628 
2.75 0.35 -0.108786 0.769743 
2.8 0.35 -0.146186 0.740664 
2.85 0.35 -0.177961 0.705519 
2.9 0.35 -0.203025 0.666471 
2.95 0.35 -0.220589 0.625459 
3 0.35 -0.230154 0.58408 
3.05 0.35 -0.231496 0.543589 
3.1 0.35 -0.224649 0.504986 
3.15 0.35 -0.209893 0.469122 
3.2 0.35 -0.187744 0.436789 
3.25 0.35 -0.158956 0.408778 
3.3 0.35 -0.12451 0.385888 
3.35 0.35 -0.0855988 0.368874 
3.4 0.35 -0.0435981 0.358375 
3.45 0.35 -1.64482e-05 0.354823 
3.5 0.35 0.043566 0.358369 
3.55 0.35 0.0855693 0.368861 
3.6 0.35 0.124485 0.385868 
3.65 0.35 0.158937 0.408753 
3.7 0.35 0.187732 0.436757 
3.75 0.35 0.209889 0.469085 
3.8 0.35 0.224656 0.504945 
3.85 0.35 0.231515 0.543543 
3.9 0.35 0.230186 0.584031 
3.95 0.35 0.220635 0.625409 
4 0.35 0.203087 0.666423 
4.05 0.35 0.17804 0.705478 
4.1 0.35 0.146282 0.740637 
4.15 0.35 0.108898 0.769739 
4.2 0.35 0.0672513 0.790656 
4.25 0.35 0.0229394 0.801654 
4.3 0.35 -0.022285 0.80175 
4.35 0.35 -0.0666132 0.790935 
4.4 0.35 -0.108291 0.770184 
4.45 0.35 -0.145718 0.741221 
4.5 0.35 -0.177529 0.70617 
4.55 0.35 -0.202636 0.667193 
4.6 0.35 -0.220245 0.626228 
4.65 0.35 -0.229857 0.584871 
4.7 0.35 -0.231245 0.544379 
4.75 0.35 -0.224439 0.505755 
4.8 0.35 -0.209714 0.469847 
4.85 0.35 -0.187577 0.437452 
4.9 0.35 -0.158766 0.409367 
4.95 0.35 -0.124237 0.386406 
5 0.35 -0.0851541 0.369357 
0 0.4 -0.137291 0.351267 
0.05 0.4 -0.0942376 0.332421 
0.1 0.4 -0.0476695 0.32069 
0.15 0.4 0.000704911 0.316695 
0.2 0.4 0.0490888 0.320661 
0.25 0.4 0.095688 0.332379 
0.3 0.4 0.138797 0.351252 
0.35 0.4 0.176871 0.376408 
0.4 0.4 0.208583 0.406841 
0.45 0.4 0.232854 0.441528 
0.5 0.4 0.248872 0.479506 
0.55 0.4 0.256091 0.519871 
0.6 0.4 0.25424 0.56172 
0.65 0.4 0.243316 0.604043 
0.7 0.4 0.223603 0.645606 
0.75 0.4 0.195683 0.684864 
0.8 0.4 0.16045 0.719953 
0.85 0.4 0.119109 0.748806 
0.9 0.4 0.0731616 0.7694 
0.95 0.4 0.0243502 0.7801 
1 0.4 -0.0254213 0.77999 
1.05 0.4 -0.0741933 0.769078 
1.1 0.4 -0.120064 0.7483 
1.15 0.4 -0.161295 0.719303 
1.2 0.4 -0.196392 0.684111 
1.25 0.4 -0.224153 0.644791 
1.3 0.4 -0.243691 0.603198 
1.35 0.4 -0.25443 0.56087 
1.4 0.4 -0.256093 0.519035 
1.45 0.4 -0.248686 0.478697 
1.5 0.4 -0.232487 0.440758 
1.55 0.4 -0.208046 0.40612 
1.6 0.4 -0.176182 0.375747 
1.65 0.4 -0.137975 0.350657 
1.7 0.4 -0.0947562 0.331852 
1.75 0.4 -0.0480679 0.320199 
1.8 0.4 0.000389929 0.316286 
1.85 0.4 0.048834 0.320322 
1.9 0.4 0.0954815 0.332092 
1.95 0.4 0.138635 0.351001 
2 0.4 0.176754 0.376181 
2.05 0.4 0.208513 0.406627 
2.1 0.4 0.232833 0.441322 
2.15 0.4 0.248902 0.479303 
2.2 0.4 0.256174 0.519669 
2.25 0.4 0.254373 0.561519 
2.3 0.4 0.243498 0.603845 
2.35 0.4 0.22383 0.645416 
2.4 0.4 0.195951 0.684692 
2.45 0.4 0.160751 0.719811 
2.5 0.4 0.119435 0.748706 
2.55 0.4 0.073503 0.769355 
2.6 0.4 0.0246954 0.780119 
2.65 0.4 -0.0250845 0.780076 
2.7 0.4 -0.0738771 0.76923 
2.75 0.4 -0.11978 0.74851 
2.8 0.4 -0.161054 0.719558 
2.85 0.4 -0.196202 0.684399 
2.9 0.4 -0.224021 0.645099 
2.95 0.4 -0.243623 0.603515 
3 0.4 -0.254429 0.561189 
3.05 0.4 -0.25616 0.519347 
3.1 0.4 -0.248819 0.478996 
3.15 0.4 -0.232685 0.441036 
3.2 0.4 -0.208304 0.40637 
3.25 0.4 -0.176491 0.375959 
3.3 0.4 -0.138328 0.350823 
3.35 0.4 -0.0951407 0.331965 
3.4 0.4 -0.0484712 0.32025 
3.45 0.4 -1.78222e-05 0.316273 
3.5 0.4 0.0484365 0.320243 
3.55 0.4 0.0951088 0.331951 
3.6 0.4 0.1383 0.350804 
3.65 0.4 0.17647 0.375934 
3.7 0.4 0.208291 0.406339 
3.75 0.4 0.232682 0.441001 
3.8 0.4 0.248827 0.478957 
3.85 0.4 0.25618 0.519305 
3.9 0.4 0.254463 0.561145 
3.95 0.4 0.243672 0.603471 
4 0.4 0.224086 0.645057 
4.05 0.4 0.196284 0.684365 
4.1 0.4 0.161153 0.719538 
4.15 0.4 0.119896 0.748511 
4.2 0.4 0.0740091 0.769262 
4.25 0.4 0.0252325 0.780147 
4.3 0.4 -0.0245317 0.780236 
4.35 0.4 -0.0733234 0.769521 
4.4 0.4 -0.119238 0.748923 
4.45 0.4 -0.160534 0.720076 
4.5 0.4 -0.195708 0.684998 
4.55 0.4 -0.223555 0.645752 
4.6 0.4 -0.24318 0.604198 
4.65 0.4 -0.254001 0.561876 
4.7 0.4 -0.255732 0.520017 
4.75 0.4 -0.248373 0.479629 
4.8 0.4 -0.232194 0.44162 
4.85 0.4 -0.207738 0.406898 
4.9 0.4 -0.175811 0.376435 
4.95 0.4 -0.137489 0.351267 
5 0.4 -0.0941008 0.332421 
0 0.45 -0.145662 0.324778 
0.05 0.45 -0.0998766 0.304106 
0.1 0.45 -0.0503422 0.291178 
0.15 0.45 0.00112392 0.286793 
0.2 0.45 0.0525945 0.291237 
0.25 0.45 0.102138 0.30423 
0.3 0.45 0.147916 0.324984 
0.35 0.45 0.188274 0.35236 
0.4 0.45 0.221795 0.385065 
0.45 0.45 0.247344 0.421819 
0.5 0.45 0.264078 0.461464 
0.55 0.45 0.271448 0.502974 
0.6 0.45 0.269199 0.545393 
0.65 0.45 0.257367 0.587724 
0.7 0.45 0.236286 0.628804 
0.75 0.45 0.2066 0.667207 
0.8 0.45 0.169272 0.701237 
0.85 0.45 0.125582 0.729027 
0.9 0.45 0.0771043 0.748763 
0.95 0.45 0.025655 0.758986 
1 0.45 -0.0267896 0.75888 
1.05 0.45 -0.078198 0.748454 
1.1 0.45 -0.126596 0.728538 
1.15 0.45 -0.170172 0.700602 
1.2 0.45 -0.207355 0.666465 
1.25 0.45 -0.236871 0.627989 
1.3 0.45 -0.257764 0.586865 
1.35 0.45 -0.269395 0.544511 
1.4 0.45 -0.271434 0.502087 
1.45 0.45 -0.263849 0.460586 
1.5 0.45 -0.246901 0.420963 
1.55 0.45 -0.221142 0.384244 
1.6 0.45 -0.187419 0.351591 
1.65 0.45 -0.14687 0.324284 
1.7 0.45 -0.100914 0.303615 
1.75 0.45 -0.0512065 0.290717 
1.8 0.45 0.000416286 0.286371 
1.85 0.45 0.0520241 0.290855 
1.9 0.45 0.101687 0.303882 
1.95 0.45 0.147573 0.324665 
2 0.45 0.188027 0.352065 
2.05 0.45 0.221636 0.384789 
2.1 0.45 0.247267 0.421561 
2.15 0.45 0.264076 0.46122 
2.2 0.45 0.271515 0.502741 
2.25 0.45 0.26933 0.545171 
2.3 0.45 0.257556 0.587515 
2.35 0.45 0.236527 0.628611 
2.4 0.45 0.206886 0.667038 
2.45 0.45 0.169594 0.7011 
2.5 0.45 0.125931 0.728934 
2.55 0.45 0.0774681 0.748726 
2.6 0.45 0.026022 0.759011 
2.65 0.45 -0.0264319 0.75897 
2.7 0.45 -0.0778624 0.748607 
2.75 0.45 -0.126295 0.728746 
2.8 0.45 -0.169915 0.700856 
2.85 0.45 -0.207152 0.666753 
2.9 0.45 -0.236731 0.628299 
2.95 0.45 -0.25769 0.587189 
3 0.45 -0.269392 0.54484 
3.05 0.45 -0.271503 0.502413 
3.1 0.45 -0.26399 0.460903 
3.15 0.45 -0.247111 0.421262 
3.2 0.45 -0.221415 0.384516 
3.25 0.45 -0.187748 0.351827 
3.3 0.45 -0.147246 0.324472 
3.35 0.45 -0.101324 0.303744 
3.4 0.45 -0.0516365 0.290778 
3.45 0.45 -1.8536e-05 0.28636 
3.5 0.45 0.0516004 0.290771 
3.55 0.45 0.10129 0.30373 
3.6 0.45 0.147217 0.324453 
3.65 0.45 0.187726 0.351802 
3.7 0.45 0.221402 0.384487 
3.75 0.45 0.247107 0.421229 
3.8 0.45 0.263997 0.460867 
3.85 0.45 0.271523 0.502376 
3.9 0.45 0.269426 0.544802 
3.95 0.45 0.257739 0.587151 
4 0.45 0.236795 0.628266 
4.05 0.45 0.207233 0.666727 
4.1 0.45 0.170011 0.700845 
4.15 0.45 0.126407 0.728754 
4.2 0.45 0.0779906 0.74864 
4.25 0.45 0.0265761 0.759036 
4.3 0.45 -0.0258612 0.759114 
4.35 0.45 -0.0772885 0.748867 
4.4 0.45 -0.125729 0.729113 
4.45 0.45 -0.169363 0.70131 
4.5 0.45 -0.206616 0.667268 
4.55 0.45 -0.236204 0.62885 
4.6 0.45 -0.257161 0.587749 
4.65 0.45 -0.268841 0.545384 
4.7 0.45 -0.270905 0.50292 
4.75 0.45 -0.263312 0.461357 
4.8 0.45 -0.246316 0.421657 
4.85 0.45 -0.220464 0.384857 
4.9 0.45 -0.186602 0.352132 
4.95 0.45 -0.145876 0.324778 
5 0.45 -0.0997295 0.304106 
0 0.5 -0.148742 0.303383 
0.05 0.5 -0.101907 0.280955 
0.1 0.5 -0.0512102 0.266867 
0.15 0.5 0.00147867 0.262108 
0.2 0.5 0.0541651 0.267029 
0.25 0.5 0.104844 0.281271 
0.3 0.5 0.151613 0.303844 
0.35 0.5 0.192761 0.333327 
0.4 0.5 0.226839 0.368126 
0.45 0.5 0.252697 0.406692 
0.5 0.5 0.269498 0.447662 
0.55 0.5 0.276714 0.489877 
0.6 0.5 0.274121 0.53233 
0.65 0.5 0.261796 0.574043 
0.7 0.5 0.240113 0.61394 
0.75 0.5 0.209758 0.650758 
0.8 0.5 0.171727 0.683023 
0.85 0.5 0.127325 0.709137 
0.9 0.5 0.0781401 0.727561 
0.95 0.5 0.0259921 0.737065 
1 0.5 -0.0271475 0.736966 
1.05 0.5 -0.0792546 0.727271 
1.1 0.5 -0.128359 0.708675 
1.15 0.5 -0.172646 0.682419 
1.2 0.5 -0.210531 0.650042 
1.25 0.5 -0.240713 0.613141 
1.3 0.5 -0.262201 0.573184 
1.35 0.5 -0.274315 0.531431 
1.4 0.5 -0.276683 0.488953 
1.45 0.5 -0.269234 0.446726 
1.5 0.5 -0.252193 0.40576 
1.55 0.5 -0.226092 0.367215 
1.6 0.5 -0.19177 0.332464 
1.65 0.5 -0.150382 0.303057 
1.7 0.5 -0.103379 0.28059 
1.75 0.5 -0.0524738 0.266481 
1.8 0.5 0.000427439 0.261712 
1.85 0.5 0.053313 0.266633 
1.9 0.5 0.104173 0.280884 
1.95 0.5 0.151102 0.303471 
2 0.5 0.192392 0.332975 
2.05 0.5 0.226595 0.367797 
2.1 0.5 0.252564 0.406389 
2.15 0.5 0.269461 0.447382 
2.2 0.5 0.276763 0.48962 
2.25 0.5 0.274245 0.532094 
2.3 0.5 0.261986 0.573828 
2.35 0.5 0.24036 0.61375 
2.4 0.5 0.210052 0.650597 
2.45 0.5 0.172058 0.682898 
2.5 0.5 0.127682 0.709056 
2.55 0.5 0.0785125 0.727533 
2.6 0.5 0.0263672 0.737097 
2.65 0.5 -0.0267823 0.737059 
2.7 0.5 -0.078912 0.727422 
2.75 0.5 -0.128052 0.70888 
2.8 0.5 -0.172384 0.682668 
2.85 0.5 -0.210323 0.650326 
2.9 0.5 -0.240568 0.61345 
2.95 0.5 -0.262124 0.57351 
3 0.5 -0.27431 0.531766 
3.05 0.5 -0.276752 0.48929 
3.1 0.5 -0.269375 0.447058 
3.15 0.5 -0.252406 0.406079 
3.2 0.5 -0.22637 0.36751 
3.25 0.5 -0.192107 0.332722 
3.3 0.5 -0.150767 0.303265 
3.35 0.5 -0.1038 0.280735 
3.4 0.5 -0.0529149 0.266552 
3.45 0.5 -1.85876e-05 0.261703 
3.5 0.5 0.0528787 0.266545 
3.55 0.5 0.103766 0.280722 
3.6 0.5 0.150739 0.303246 
3.65 0.5 0.192085 0.332698 
3.7 0.5 0.226356 0.367482 
3.75 0.5 0.252402 0.406048 
3.8 0.5 0.269383 0.447026 
3.85 0.5 0.276771 0.489258 
3.9 0.5 0.274342 0.531734 
3.95 0.5 0.26217 0.57348 
4 0.5 0.240628 0.613425 
4.05 0.5 0.210398 0.650309 
4.1 0.5 0.172473 0.682663 
4.15 0.5 0.128155 0.708892 
4.2 0.5 0.0790297 0.727455 
4.25 0.5 0.026915 0.737116 
4.3 0.5 -0.0262178 0.73718 
4.35 0.5 -0.0783427 0.727641 
4.4 0.5 -0.127486 0.709184 
4.45 0.5 -0.171824 0.683038 
4.5 0.5 -0.209767 0.650736 
4.55 0.5 -0.240004 0.613874 
4.6 0.5 -0.261532 0.573921 
4.65 0.5 -0.273664 0.532139 
4.7 0.5 -0.276015 0.489604 
4.75 0.5 -0.268506 0.4473 
4.8 0.5 -0.251358 0.406248 
4.85 0.5 -0.225099 0.367621 
4.9 0.5 -0.190576 0.332809 
4.95 0.5 -0.148964 0.303383 
5 0.5 -0.101755 0.280955 
0 0.55 -0.146342 0.28411 
0.05 0.55 -0.100207 0.260199 
0.1 0.55 -0.0502308 0.245127 
0.15 0.55 0.00172762 0.240055 
0.2 0.55 0.0536761 0.245397 
0.25 0.55 0.10361 0.260719 
0.3 0.55 0.149628 0.28484 
0.35 0.55 0.190033 0.316084 
0.4 0.55 0.223395 0.352579 
0.45 0.55 0.248595 0.392535 
0.5 0.55 0.264834 0.434395 
0.55 0.55 0.271626 0.476882 
0.6 0.55 0.268788 0.518934 
0.65 0.55 0.256432 0.559593 
0.7 0.55 0.234963 0.59788 
0.75 0.55 0.205076 0.6327 
0.8 0.55 0.167766 0.662825 
0.85 0.55 0.124312 0.68695 
0.9 0.55 0.0762585 0.703837 
0.95 0.55 0.0253591 0.712507 
1 0.55 -0.0264918 0.712416 
1.05 0.55 -0.0773518 0.70357 
1.1 0.55 -0.125329 0.686522 
1.15 0.55 -0.16867 0.662258 
1.2 0.55 -0.205837 0.632019 
1.25 0.55 -0.235553 0.597106 
1.3 0.55 -0.25683 0.558747 
1.35 0.55 -0.268973 0.518029 
1.4 0.55 -0.271582 0.475932 
1.45 0.55 -0.264547 0.433413 
1.5 0.55 -0.248053 0.391538 
1.55 0.55 -0.222589 0.351592 
1.6 0.55 -0.188956 0.315138 
1.65 0.55 -0.148277 0.283978 
1.7 0.55 -0.101985 0.259986 
1.75 0.55 -0.0517821 0.244838 
1.8 0.55 0.000422558 0.239704 
1.85 0.55 0.0526115 0.245002 
1.9 0.55 0.102768 0.260302 
1.95 0.55 0.148986 0.284422 
2 0.55 0.189567 0.31568 
2.05 0.55 0.223082 0.352203 
2.1 0.55 0.248415 0.392191 
2.15 0.55 0.264767 0.434085 
2.2 0.55 0.271656 0.476605 
2.25 0.55 0.268901 0.518689 
2.3 0.55 0.256616 0.559378 
2.35 0.55 0.235205 0.597696 
2.4 0.55 0.205366 0.63255 
2.45 0.55 0.168093 0.662713 
2.5 0.55 0.124665 0.686883 
2.55 0.55 0.0766254 0.703821 
2.6 0.55 0.0257281 0.712546 
2.65 0.55 -0.0261329 0.712512 
2.7 0.55 -0.0770153 0.70372 
2.75 0.55 -0.125026 0.686722 
2.8 0.55 -0.168412 0.662501 
2.85 0.55 -0.205632 0.632296 
2.9 0.55 -0.235409 0.597411 
2.95 0.55 -0.256753 0.559071 
3 0.55 -0.268966 0.518368 
3.05 0.55 -0.271647 0.476277 
3.1 0.55 -0.264685 0.433758 
3.15 0.55 -0.248261 0.391873 
3.2 0.55 -0.222862 0.351905 
3.25 0.55 -0.189287 0.315415 
3.3 0.55 -0.148656 0.284204 
3.35 0.55 -0.102399 0.260145 
3.4 0.55 -0.0522177 0.244917 
3.45 0.55 -1.7999e-05 0.239698 
3.5 0.55 0.0521827 0.24491 
3.55 0.55 0.102367 0.260131 
3.6 0.55 0.148629 0.284185 
3.65 0.55 0.189266 0.315392 
3.7 0.55 0.222849 0.351878 
3.75 0.55 0.248257 0.391845 
3.8 0.55 0.264691 0.433729 
3.85 0.55 0.271664 0.476249 
3.9 0.55 0.268995 0.518341 
3.95 0.55 0.256794 0.559048 
4 0.55 0.235463 0.597393 
4.05 0.55 0.205698 0.632285 
4.1 0.55 0.168489 0.6625 
4.15 0.55 0.125115 0.686734 
4.2 0.55 0.0771169 0.703748 
4.25 0.55 0.0262477 0.712554 
4.3 0.55 -0.0255975 0.712603 
4.35 0.55 -0.0764739 0.703889 
4.4 0.55 -0.124484 0.686954 
4.45 0.55 -0.16787 0.662776 
4.5 0.55 -0.205083 0.632589 
4.55 0.55 -0.234837 0.597695 
4.6 0.55 -0.256133 0.559319 
4.65 0.55 -0.268264 0.518554 
4.7 0.55 -0.270821 0.476382 
4.75 0.55 -0.263687 0.433771 
4.8 0.55 -0.24704 0.391798 
4.85 0.55 -0.221372 0.351766 
4.9 0.55 -0.187495 0.315263 
4.95 0.55 -0.146562 0.28411 
5 0.55 -0.100056 0.260199 
0 0.6 -0.138526 0.264655 
0.05 0.6 -0.0948224 0.2398 
0.1 0.6 -0.0474386 0.224095 
0.15 0.6 0.00184394 0.218832 
0.2 0.6 0.0511098 0.224468 
0.25 0.6 0.0984303 0.240511 
0.3 0.6 0.141981 0.265637 
0.35 0.6 0.18014 0.297971 
0.4 0.6 0.211555 0.335438 
0.45 0.6 0.235178 0.376063 
0.5 0.6 0.250276 0.418149 
0.55 0.6 0.256421 0.460324 
0.6 0.6 0.253475 0.50149 
0.65 0.6 0.241578 0.540708 
0.7 0.6 0.221143 0.577086 
0.75 0.6 0.19285 0.609693 
0.8 0.6 0.157649 0.637532 
0.85 0.6 0.116749 0.659579 
0.9 0.6 0.0715893 0.674881 
0.95 0.6 0.0238 0.682695 
1 0.6 -0.0248678 0.682613 
1.05 0.6 -0.0726206 0.674639 
1.1 0.6 -0.117708 0.659187 
1.15 0.6 -0.158504 0.637007 
1.2 0.6 -0.193571 0.609052 
1.25 0.6 -0.221703 0.576345 
1.3 0.6 -0.241955 0.539882 
1.35 0.6 -0.253646 0.500591 
1.4 0.6 -0.256368 0.459362 
1.45 0.6 -0.249982 0.417136 
1.5 0.6 -0.234628 0.375019 
1.55 0.6 -0.210734 0.334391 
1.6 0.6 -0.179038 0.296962 
1.65 0.6 -0.14059 0.264718 
1.7 0.6 -0.0967465 0.239742 
1.75 0.6 -0.0491378 0.223909 
1.8 0.6 0.000401596 0.218533 
1.85 0.6 0.0499258 0.224082 
1.9 0.6 0.0974901 0.240074 
1.95 0.6 0.141262 0.265181 
2 0.6 0.179616 0.297524 
2.05 0.6 0.2112 0.33502 
2.1 0.6 0.234967 0.375684 
2.15 0.6 0.250188 0.417814 
2.2 0.6 0.256435 0.460033 
2.25 0.6 0.253575 0.50124 
2.3 0.6 0.241749 0.540496 
2.35 0.6 0.221372 0.576911 
2.4 0.6 0.193125 0.609557 
2.45 0.6 0.15796 0.637436 
2.5 0.6 0.117083 0.659527 
2.55 0.6 0.0719368 0.674877 
2.6 0.6 0.024149 0.682742 
2.65 0.6 -0.0245288 0.682711 
2.7 0.6 -0.0723028 0.674786 
2.75 0.6 -0.117422 0.659381 
2.8 0.6 -0.15826 0.637241 
2.85 0.6 -0.193377 0.609321 
2.9 0.6 -0.221566 0.576643 
2.95 0.6 -0.24188 0.540203 
3 0.6 -0.253638 0.500928 
3.05 0.6 -0.256428 0.45971 
3.1 0.6 -0.250111 0.417487 
3.15 0.6 -0.234823 0.375363 
3.2 0.6 -0.210992 0.334716 
3.25 0.6 -0.179351 0.297252 
3.3 0.6 -0.140949 0.264956 
3.35 0.6 -0.09714 0.239911 
3.4 0.6 -0.0495514 0.223995 
3.45 0.6 -1.68105e-05 0.218529 
3.5 0.6 0.0495187 0.223988 
3.55 0.6 0.09711 0.239897 
3.6 0.6 0.140923 0.264937 
3.65 0.6 0.179332 0.297229 
3.7 0.6 0.210979 0.334691 
3.75 0.6 0.234819 0.375338 
3.8 0.6 0.250116 0.417462 
3.85 0.6 0.256443 0.459686 
3.9 0.6 0.253662 0.500907 
3.95 0.6 0.241915 0.540185 
4 0.6 0.221611 0.57663 
4.05 0.6 0.193431 0.609314 
4.1 0.6 0.158324 0.637242 
4.15 0.6 0.117495 0.65939 
4.2 0.6 0.0723849 0.674804 
4.25 0.6 0.0246216 0.682736 
4.3 0.6 -0.0240423 0.68277 
4.35 0.6 -0.0718103 0.674901 
4.4 0.6 -0.116927 0.659537 
4.45 0.6 -0.15776 0.637419 
4.5 0.6 -0.192862 0.609495 
4.55 0.6 -0.221017 0.576786 
4.6 0.6 -0.241269 0.540288 
4.65 0.6 -0.252928 0.50093 
4.7 0.6 -0.255574 0.459609 
4.75 0.6 -0.249062 0.417276 
4.8 0.6 -0.233529 0.375051 
4.85 0.6 -0.209407 0.334336 
4.9 0.6 -0.177448 0.296866 
4.95 0.6 -0.138734 0.264655 
5 0.6 -0.0946797 0.2398 
0 0.65 -0.125634 0.243323 
0.05 0.65 -0.0859839 0.218342 
0.1 0.65 -0.0429544 0.202533 
0.15 0.65 0.00181747 0.197255 
0.2 0.65 0.0465671 0.202986 
0.25 0.65 0.0895183 0.219202 
0.3 0.65 0.128995 0.244501 
0.35 0.65 0.163515 0.276911 
0.4 0.65 0.191852 0.314254 
0.45 0.65 0.213069 0.354468 
0.5 0.65 0.226523 0.395791 
0.55 0.65 0.231852 0.436811 
0.6 0.65 0.228963 0.476414 
0.65 0.65 0.218011 0.513692 
0.7 0.65 0.199394 0.547832 
0.75 0.65 0.173747 0.578044 
0.8 0.65 0.141938 0.60353 
0.85 0.65 0.105058 0.623503 
0.9 0.65 0.0643963 0.637256 
0.95 0.65 0.0214035 0.644243 
1 0.65 -0.0223677 0.644169 
1.05 0.65 -0.0653282 0.637037 
1.1 0.65 -0.105926 0.623148 
1.15 0.65 -0.142713 0.603048 
1.2 0.65 -0.174401 0.577447 
1.25 0.65 -0.199904 0.547132 
1.3 0.65 -0.218353 0.512898 
1.35 0.65 -0.229117 0.475535 
1.4 0.65 -0.231798 0.435856 
1.45 0.65 -0.226242 0.394773 
1.5 0.65 -0.212544 0.353407 
1.55 0.65 -0.191067 0.31318 
1.6 0.65 -0.162455 0.27587 
1.65 0.65 -0.127651 0.243555 
1.7 0.65 -0.0878859 0.218421 
1.75 0.65 -0.0446509 0.202443 
1.8 0.65 0.000365386 0.19701 
1.85 0.65 0.0453677 0.202618 
1.9 0.65 0.0885616 0.218756 
1.95 0.65 0.128261 0.244022 
2 0.65 0.162979 0.276435 
2.05 0.65 0.191487 0.313808 
2.1 0.65 0.212849 0.354067 
2.15 0.65 0.226425 0.395441 
2.2 0.65 0.231856 0.436511 
2.25 0.65 0.229049 0.476163 
2.3 0.65 0.218165 0.513486 
2.35 0.65 0.199602 0.547669 
2.4 0.65 0.173998 0.577922 
2.45 0.65 0.14222 0.60345 
2.5 0.65 0.105362 0.623466 
2.55 0.65 0.0647116 0.637263 
2.6 0.65 0.0217196 0.644297 
2.65 0.65 -0.0220609 0.644269 
2.7 0.65 -0.0650407 0.637182 
2.75 0.65 -0.105667 0.623335 
2.8 0.65 -0.142491 0.603273 
2.85 0.65 -0.174225 0.577706 
2.9 0.65 -0.199778 0.547419 
2.95 0.65 -0.218284 0.51321 
3 0.65 -0.229108 0.475866 
3.05 0.65 -0.231851 0.4362 
3.1 0.65 -0.226357 0.395123 
3.15 0.65 -0.21272 0.353751 
3.2 0.65 -0.191299 0.313507 
3.25 0.65 -0.162739 0.276163 
3.3 0.65 -0.127977 0.243797 
3.35 0.65 -0.0882434 0.218593 
3.4 0.65 -0.045027 0.202531 
3.45 0.65 -1.50817e-05 0.197007 
3.5 0.65 0.0449976 0.202524 
3.55 0.65 0.0882164 0.21858 
3.6 0.65 0.127954 0.243778 
3.65 0.65 0.162721 0.276141 
3.7 0.65 0.191288 0.313483 
3.75 0.65 0.212715 0.353727 
3.8 0.65 0.22636 0.3951 
3.85 0.65 0.231862 0.436179 
3.9 0.65 0.229127 0.475848 
3.95 0.65 0.218312 0.513195 
4 0.65 0.199813 0.547409 
4.05 0.65 0.174267 0.5777 
4.1 0.65 0.14254 0.603272 
4.15 0.65 0.105722 0.623338 
4.2 0.65 0.0651019 0.637188 
4.25 0.65 0.02213 0.644273 
4.3 0.65 -0.0216393 0.644293 
4.35 0.65 -0.0646139 0.637244 
4.4 0.65 -0.105237 0.623418 
4.45 0.65 -0.142053 0.603358 
4.5 0.65 -0.173768 0.577769 
4.55 0.65 -0.199282 0.547433 
4.6 0.65 -0.21772 0.513148 
4.65 0.65 -0.228439 0.475704 
4.7 0.65 -0.231032 0.435919 
4.75 0.65 -0.22534 0.394719 
4.8 0.65 -0.211456 0.353238 
4.85 0.65 -0.189749 0.312925 
4.9 0.65 -0.16088 0.275585 
4.95 0.65 -0.12582 0.243323 
5 0.65 -0.085856 0.218342 
0 0.7 -0.108318 0.218952 
0.05 0.7 -0.0741329 0.194886 
0.1 0.7 -0.0369977 0.179646 
0.15 0.7 0.00165551 0.174575 
0.2 0.7 0.0402825 0.180143 
0.25 0.7 0.07733 0.195827 
0.3 0.7 0.111336 0.220234 
0.35 0.7 0.141016 0.251411 
0.4 0.7 0.165313 0.287208 
0.45 0.7 0.183432 0.325592 
0.5 0.7 0.194836 0.36483 
0.55 0.7 0.199238 0.403533 
0.6 0.7 0.196579 0.440622 
0.65 0.7 0.187017 0.475231 
0.7 0.7 0.170911 0.506628 
0.75 0.7 0.148823 0.534138 
0.8 0.7 0.121505 0.557124 
0.85 0.7 0.089892 0.574986 
0.9 0.7 0.0550823 0.587203 
0.95 0.7 0.0183038 0.593383 
1 0.7 -0.0191314 0.593318 
1.05 0.7 -0.0558825 0.587009 
1.1 0.7 -0.0906384 0.574668 
1.15 0.7 -0.122173 0.556688 
1.2 0.7 -0.149388 0.533592 
1.25 0.7 -0.171352 0.505979 
1.3 0.7 -0.187313 0.474486 
1.35 0.7 -0.196712 0.439787 
1.4 0.7 -0.199189 0.402616 
1.45 0.7 -0.194587 0.363842 
1.5 0.7 -0.182964 0.324554 
1.55 0.7 -0.16461 0.286151 
1.6 0.7 -0.140063 0.250384 
1.65 0.7 -0.110124 0.219302 
1.7 0.7 -0.0758542 0.195067 
1.75 0.7 -0.0385492 0.179634 
1.8 0.7 0.000315757 0.174381 
1.85 0.7 0.0391684 0.179803 
1.9 0.7 0.0764374 0.195391 
1.95 0.7 0.11065 0.219753 
2 0.7 0.140513 0.250928 
2.05 0.7 0.16497 0.286754 
2.1 0.7 0.183225 0.325186 
2.15 0.7 0.194741 0.364478 
2.2 0.7 0.199235 0.403237 
2.25 0.7 0.196652 0.440379 
2.3 0.7 0.187149 0.475037 
2.35 0.7 0.171092 0.506479 
2.4 0.7 0.149041 0.534032 
2.45 0.7 0.12175 0.557059 
2.5 0.7 0.0901547 0.574962 
2.55 0.7 0.055354 0.58722 
2.6 0.7 0.0185759 0.593442 
2.65 0.7 -0.0188676 0.593418 
2.7 0.7 -0.0556354 0.587148 
2.75 0.7 -0.0904159 0.574845 
2.8 0.7 -0.121982 0.5569 
2.85 0.7 -0.149236 0.533836 
2.9 0.7 -0.171244 0.506251 
2.95 0.7 -0.187252 0.474782 
3 0.7 -0.196703 0.440102 
3.05 0.7 -0.199233 0.402945 
3.1 0.7 -0.194684 0.364177 
3.15 0.7 -0.183114 0.324886 
3.2 0.7 -0.164809 0.286467 
3.25 0.7 -0.140307 0.250668 
3.3 0.7 -0.110405 0.219537 
3.35 0.7 -0.0761626 0.195234 
3.4 0.7 -0.038874 0.17972 
3.45 0.7 -1.28953e-05 0.174379 
3.5 0.7 0.0388489 0.179713 
3.55 0.7 0.0761396 0.195222 
3.6 0.7 0.110385 0.21952 
3.65 0.7 0.140292 0.250648 
3.7 0.7 0.164799 0.286445 
3.75 0.7 0.18311 0.324864 
3.8 0.7 0.194686 0.364157 
3.85 0.7 0.199241 0.402927 
3.9 0.7 0.196717 0.440086 
3.95 0.7 0.187273 0.47477 
4 0.7 0.171269 0.506241 
4.05 0.7 0.149266 0.53383 
4.1 0.7 0.122016 0.556896 
4.15 0.7 0.0904537 0.574841 
4.2 0.7 0.0556768 0.587141 
4.25 0.7 0.0189139 0.593403 
4.3 0.7 -0.0185215 0.593411 
4.35 0.7 -0.0552858 0.587163 
4.4 0.7 -0.0900632 0.574866 
4.45 0.7 -0.121621 0.556908 
4.5 0.7 -0.148856 0.533808 
4.55 0.7 -0.170824 0.50616 
4.6 0.7 -0.186767 0.474605 
4.65 0.7 -0.196117 0.439815 
4.7 0.7 -0.198506 0.402534 
4.75 0.7 -0.193773 0.363639 
4.8 0.7 -0.181977 0.324238 
4.85 0.7 -0.163413 0.285754 
4.9 0.7 -0.138635 0.249967 
4.95 0.7 -0.108472 0.218952 
5 0.7 -0.0740273 0.194886 
0 0.75 -0.0875899 0.190857 
0.05 0.75 -0.0599538 0.168868 
0.1 0.75 -0.0299043 0.154943 
0.15 0.75 0.00138224 0.150324 
0.2 0.75 0.0326397 0.15544 
0.25 0.75 0.0625967 0.169804 
0.3 0.75 0.0900602 0.192126 
0.35 0.75 0.113985 0.220597 
0.4 0.75 0.133522 0.253228 
0.45 0.75 0.148037 0.288139 
0.5 0.75 0.15711 0.323724 
0.55 0.75 0.160527 0.358697 
0.6 0.75 0.158259 0.392057 
0.65 0.75 0.150448 0.423017 
0.7 0.75 0.137398 0.450926 
0.75 0.75 0.119569 0.475217 
0.8 0.75 0.0975717 0.495378 
0.85 0.75 0.0721572 0.51095 
0.9 0.75 0.0442029 0.521549 
0.95 0.75 0.014686 0.526895 
1 0.75 -0.015352 0.526838 
1.05 0.75 -0.0448473 0.521381 
1.1 0.75 -0.072759 0.510672 
1.15 0.75 -0.0981109 0.494994 
1.2 0.75 -0.120027 0.474733 
1.25 0.75 -0.137756 0.450345 
1.3 0.75 -0.15069 0.422344 
1.35 0.75 -0.158368 0.391297 
1.4 0.75 -0.160488 0.357855 
1.45 0.75 -0.156906 0.322812 
1.5 0.75 -0.147651 0.287175 
1.55 0.75 -0.13294 0.252244 
1.6 0.75 -0.113194 0.219639 
1.65 0.75 -0.0890499 0.19126 
1.7 0.75 -0.0613653 0.169104 
1.75 0.75 -0.0311945 0.154985 
1.8 0.75 0.000255678 0.150177 
1.85 0.75 0.0316958 0.15514 
1.9 0.75 0.061837 0.169402 
1.95 0.75 0.0894746 0.191673 
2 0.75 0.113557 0.220137 
2.05 0.75 0.13323 0.252795 
2.1 0.75 0.14786 0.287752 
2.15 0.75 0.157029 0.323391 
2.2 0.75 0.160524 0.358419 
2.25 0.75 0.158318 0.391833 
2.3 0.75 0.150556 0.422841 
2.35 0.75 0.137546 0.450795 
2.4 0.75 0.119746 0.475127 
2.45 0.75 0.0977705 0.495327 
2.5 0.75 0.07237 0.510937 
2.55 0.75 0.0444226 0.521573 
2.6 0.75 0.0149055 0.526955 
2.65 0.75 -0.0151394 0.526934 
2.7 0.75 -0.0446483 0.521511 
2.75 0.75 -0.0725797 0.510835 
2.8 0.75 -0.0979571 0.495188 
2.85 0.75 -0.119904 0.474955 
2.9 0.75 -0.137668 0.450593 
2.95 0.75 -0.15064 0.422614 
3 0.75 -0.15836 0.391585 
3.05 0.75 -0.160522 0.358156 
3.1 0.75 -0.156983 0.323119 
3.15 0.75 -0.147771 0.287479 
3.2 0.75 -0.133101 0.252533 
3.25 0.75 -0.11339 0.2199 
3.3 0.75 -0.0892767 0.191475 
3.35 0.75 -0.0616147 0.169259 
3.4 0.75 -0.0314573 0.155065 
3.45 0.75 -1.03649e-05 0.150176 
3.5 0.75 0.0314372 0.155059 
3.55 0.75 0.0615961 0.169247 
3.6 0.75 0.0892608 0.19146 
3.65 0.75 0.113378 0.219882 
3.7 0.75 0.133092 0.252514 
3.75 0.75 0.147767 0.28746 
3.8 0.75 0.156984 0.323101 
3.85 0.75 0.160528 0.35814 
3.9 0.75 0.15837 0.391571 
3.95 0.75 0.150654 0.422603 
4 0.75 0.137685 0.450584 
4.05 0.75 0.119924 0.474947 
4.1 0.75 0.0979789 0.49518 
4.15 0.75 0.0726028 0.510824 
4.2 0.75 0.0446727 0.521493 
4.25 0.75 0.0151661 0.526904 
4.3 0.75 -0.0148739 0.526904 
4.35 0.75 -0.044381 0.521491 
4.4 0.75 -0.0723106 0.510811 
4.45 0.75 -0.0976812 0.495141 
4.5 0.75 -0.119611 0.474864 
4.55 0.75 -0.137341 0.450435 
4.6 0.75 -0.150256 0.422366 
4.65 0.75 -0.157889 0.391228 
4.7 0.75 -0.159931 0.357679 
4.75 0.75 -0.156237 0.322522 
4.8 0.75 -0.146835 0.286782 
4.85 0.75 -0.131952 0.251781 
4.9 0.75 -0.11202 0.219166 
4.95 0.75 -0.0877 0.190857 
5 0.75 -0.0598783 0.168868 
0 0.8 -0.0648713 0.158808 
0.05 0.8 -0.0444099 0.140028 
0.1 0.8 -0.0221452 0.128143 
0.15 0.8 0.00103678 0.124211 
0.2 0.8 0.0241881 0.128593 
0.25 0.8 0.0463584 0.140872 
0.3 0.8 0.0666581 0.159943 
0.35 0.8 0.0843115 0.184257 
0.4 0.8 0.0986925 0.212111 
0.45 0.8 0.10934 0.24189 
0.5 0.8 0.115954 0.272208 
0.55 0.8 0.118389 0.301952 
0.6 0.8 0.116635 0.330257 
0.65 0.8 0.110807 0.356442 
0.7 0.8 0.101137 0.379958 
0.75 0.8 0.0879703 0.400342 
0.8 0.8 0.071757 0.417189 
0.85 0.8 0.0530498 0.430152 
0.9 0.8 0.0324909 0.438948 
0.95 0.8 0.0107933 0.443375 
1 0.8 -0.0112839 0.443328 
1.05 0.8 -0.0329659 0.438808 
1.1 0.8 -0.053494 0.42992 
1.15 0.8 -0.0721557 0.416868 
1.2 0.8 -0.0883096 0.399934 
1.25 0.8 -0.101404 0.379466 
1.3 0.8 -0.110988 0.355868 
1.35 0.8 -0.116718 0.329605 
1.4 0.8 -0.118362 0.301228 
1.45 0.8 -0.115804 0.27142 
1.5 0.8 -0.109053 0.241055 
1.55 0.8 -0.0982575 0.211257 
1.6 0.8 -0.0837171 0.183427 
1.65 0.8 -0.0658971 0.159194 
1.7 0.8 -0.0454299 0.140273 
1.75 0.8 -0.0231001 0.128213 
1.8 0.8 0.000189392 0.124108 
1.85 0.8 0.0234713 0.128347 
1.9 0.8 0.0457789 0.140527 
1.95 0.8 0.0662109 0.159547 
2 0.8 0.0839847 0.183853 
2.05 0.8 0.0984706 0.211729 
2.1 0.8 0.109206 0.241548 
2.15 0.8 0.115893 0.271915 
2.2 0.8 0.118387 0.30171 
2.25 0.8 0.11668 0.330062 
2.3 0.8 0.110889 0.356292 
2.35 0.8 0.101248 0.379849 
2.4 0.8 0.0881028 0.400269 
2.45 0.8 0.0719049 0.417151 
2.5 0.8 0.0532077 0.430147 
2.55 0.8 0.0326534 0.438974 
2.6 0.8 0.0109554 0.443432 
2.65 0.8 -0.0111271 0.443415 
2.7 0.8 -0.0328192 0.438923 
2.75 0.8 -0.0533618 0.430062 
2.8 0.8 -0.0720422 0.417036 
2.85 0.8 -0.0882185 0.400126 
2.9 0.8 -0.101339 0.379679 
2.95 0.8 -0.110951 0.3561 
3 0.8 -0.116711 0.329853 
3.05 0.8 -0.118387 0.301486 
3.1 0.8 -0.11586 0.271684 
3.15 0.8 -0.109141 0.241316 
3.2 0.8 -0.0983753 0.211506 
3.25 0.8 -0.0838619 0.183651 
3.3 0.8 -0.0660646 0.159379 
3.35 0.8 -0.0456143 0.140405 
3.4 0.8 -0.0232947 0.128282 
3.45 0.8 -7.6448e-06 0.124107 
3.5 0.8 0.0232798 0.128277 
3.55 0.8 0.0456007 0.140396 
3.6 0.8 0.0660529 0.159366 
3.65 0.8 0.0838526 0.183636 
3.7 0.8 0.098369 0.21149 
3.75 0.8 0.109138 0.2413 
3.8 0.8 0.115861 0.271669 
3.85 0.8 0.11839 0.301473 
3.9 0.8 0.116718 0.329841 
3.95 0.8 0.11096 0.35609 
4 0.8 0.101349 0.379671 
4.05 0.8 0.0882302 0.400117 
4.1 0.8 0.0720542 0.417025 
4.15 0.8 0.0533737 0.430047 
4.2 0.8 0.0328308 0.438899 
4.25 0.8 0.0111392 0.443377 
4.3 0.8 -0.0109411 0.443372 
4.35 0.8 -0.0326331 0.438883 
4.4 0.8 -0.0531753 0.430012 
4.45 0.8 -0.0718513 0.416959 
4.5 0.8 -0.0880151 0.400005 
4.55 0.8 -0.10111 0.379495 
4.6 0.8 -0.110678 0.355834 
4.65 0.8 -0.116372 0.329488 
4.7 0.8 -0.117956 0.301016 
4.75 0.8 -0.115311 0.271109 
4.8 0.8 -0.108451 0.240659 
4.85 0.8 -0.0975291 0.210808 
4.9 0.8 -0.0828604 0.182975 
4.95 0.8 -0.064926 0.158808 
5 0.8 -0.0443722 0.140028 
0 0.85 -0.0420481 0.122997 
0.05 0.85 -0.0287818 0.108366 
0.1 0.85 -0.0143485 0.0991193 
0.15 0.85 0.000669543 0.0960664 
0.2 0.85 0.0156571 0.0994827 
0.25 0.85 0.0299964 0.109044 
0.3 0.85 0.0431091 0.123897 
0.35 0.85 0.0544927 0.142845 
0.4 0.85 0.0637446 0.164564 
0.45 0.85 0.0705718 0.187793 
0.5 0.85 0.0747888 0.211444 
0.55 0.85 0.0763084 0.234638 
0.6 0.85 0.0751317 0.256685 
0.65 0.85 0.0713388 0.27705 
0.7 0.85 0.0650831 0.295302 
0.75 0.85 0.056588 0.311086 
0.8 0.85 0.0461443 0.324099 
0.85 0.85 0.0341066 0.334089 
0.9 0.85 0.0208857 0.340856 
0.95 0.85 0.00693744 0.344258 
1 0.85 -0.00725332 0.344222 
1.05 0.85 -0.0211917 0.340748 
1.1 0.85 -0.0343931 0.33391 
1.15 0.85 -0.046402 0.32385 
1.2 0.85 -0.056808 0.310769 
1.25 0.85 -0.065257 0.294919 
1.3 0.85 -0.0714583 0.276602 
1.35 0.85 -0.0751886 0.256174 
1.4 0.85 -0.0762942 0.234068 
1.45 0.85 -0.0746947 0.210823 
1.5 0.85 -0.0703888 0.187135 
1.55 0.85 -0.063464 0.163891 
1.6 0.85 -0.0541071 0.142192 
1.65 0.85 -0.0426137 0.123311 
1.7 0.85 -0.0293908 0.108578 
1.75 0.85 -0.0149487 0.0991945 
1.8 0.85 0.000122557 0.0960008 
1.85 0.85 0.0151888 0.0992983 
1.9 0.85 0.0296164 0.108777 
1.95 0.85 0.0428162 0.123586 
2 0.85 0.0542795 0.142525 
2.05 0.85 0.0636009 0.16426 
2.1 0.85 0.0704867 0.187521 
2.15 0.85 0.0747515 0.211211 
2.2 0.85 0.0763095 0.234445 
2.25 0.85 0.0751631 0.256532 
2.3 0.85 0.0713938 0.276933 
2.35 0.85 0.0651562 0.295218 
2.4 0.85 0.0566746 0.311031 
2.45 0.85 0.0462406 0.324072 
2.5 0.85 0.0342089 0.334088 
2.55 0.85 0.0209907 0.34088 
2.6 0.85 0.00704199 0.344305 
2.65 0.85 -0.00715231 0.344292 
2.7 0.85 -0.0210972 0.34084 
2.75 0.85 -0.034308 0.334024 
2.8 0.85 -0.0463288 0.323983 
2.85 0.85 -0.0567492 0.31092 
2.9 0.85 -0.0652145 0.295087 
2.95 0.85 -0.0714339 0.276784 
3 0.85 -0.0751836 0.256369 
3.05 0.85 -0.0763095 0.234271 
3.1 0.85 -0.0747305 0.211031 
3.15 0.85 -0.0704451 0.18734 
3.2 0.85 -0.0635397 0.164086 
3.25 0.85 -0.0542004 0.142367 
3.3 0.85 -0.0427217 0.123455 
3.35 0.85 -0.02951 0.108682 
3.4 0.85 -0.0150745 0.0992483 
3.45 0.85 -4.94006e-06 0.0960005 
3.5 0.85 0.0150649 0.0992445 
3.55 0.85 0.0295011 0.108674 
3.6 0.85 0.0427141 0.123445 
3.65 0.85 0.0541943 0.142355 
3.7 0.85 0.0635355 0.164074 
3.75 0.85 0.0704429 0.187328 
3.8 0.85 0.0747303 0.211019 
3.85 0.85 0.0763112 0.23426 
3.9 0.85 0.075187 0.256359 
3.95 0.85 0.0714386 0.276776 
4 0.85 0.06522 0.295079 
4.05 0.85 0.0567549 0.310912 
4.1 0.85 0.0463343 0.323973 
4.15 0.85 0.0343126 0.334008 
4.2 0.85 0.0211009 0.340817 
4.25 0.85 0.00715533 0.344255 
4.3 0.85 -0.00703852 0.344249 
4.35 0.85 -0.0209845 0.340796 
4.4 0.85 -0.0341959 0.333968 
4.45 0.85 -0.0462149 0.323904 
4.5 0.85 -0.0566277 0.310802 
4.55 0.85 -0.0650768 0.294916 
4.6 0.85 -0.0712679 0.276546 
4.65 0.85 -0.0749741 0.256052 
4.7 0.85 -0.0760395 0.233871 
4.75 0.85 -0.0743833 0.210551 
4.8 0.85 -0.0700071 0.1868 
4.85 0.85 -0.0630057 0.16352 
4.9 0.85 -0.0535786 0.141826 
4.95 0.85 -0.0420362 0.122997 
5 0.85 -0.0287896 0.108366 
0 0.9 -0.0215353 0.0839897 
0.05 0.9 -0.0147119 0.0741101 
0.1 0.9 -0.0073259 0.067883 
0.15 0.9 0.000337009 0.0658316 
0.2 0.9 0.00797352 0.0681343 
0.25 0.9 0.0152716 0.0745759 
0.3 0.9 0.0219361 0.0845925 
0.35 0.9 0.0277112 0.0973881 
0.4 0.9 0.0323935 0.112078 
0.45 0.9 0.0358373 0.12781 
0.5 0.9 0.0379525 0.143845 
0.55 0.9 0.0386991 0.159578 
0.6 0.9 0.0380811 0.174533 
0.65 0.9 0.0361418 0.18834 
0.7 0.9 0.0329602 0.200704 
0.75 0.9 0.0286497 0.211382 
0.8 0.9 0.0233573 0.220175 
0.85 0.9 0.0172615 0.226918 
0.9 0.9 0.0105694 0.23148 
0.95 0.9 0.00351057 0.233772 
1 0.9 -0.00367054 0.233747 
1.05 0.9 -0.0107245 0.231407 
1.1 0.9 -0.0174069 0.226797 
1.15 0.9 -0.0234883 0.220007 
1.2 0.9 -0.028762 0.211167 
1.25 0.9 -0.0330495 0.200443 
1.3 0.9 -0.036204 0.188035 
1.35 0.9 -0.038112 0.174184 
1.4 0.9 -0.0386942 0.159189 
1.45 0.9 -0.0379072 0.143421 
1.5 0.9 -0.0357468 0.127361 
1.55 0.9 -0.032253 0.11162 
1.6 0.9 -0.0275166 0.0969453 
1.65 0.9 -0.0216846 0.0841966 
1.7 0.9 -0.0149631 0.0742644 
1.75 0.9 -0.00761284 0.0679453 
1.8 0.9 6.23903e-05 0.0657961 
1.85 0.9 0.00773505 0.0680153 
1.9 0.9 0.0150778 0.0743981 
1.95 0.9 0.0217874 0.0843829 
2 0.9 0.0276039 0.0971705 
2.05 0.9 0.0323222 0.11187 
2.1 0.9 0.035796 0.127624 
2.15 0.9 0.0379356 0.143685 
2.2 0.9 0.0387015 0.159445 
2.25 0.9 0.0380987 0.174428 
2.3 0.9 0.036171 0.18826 
2.35 0.9 0.0329983 0.200647 
2.4 0.9 0.0286944 0.211346 
2.45 0.9 0.0234065 0.220158 
2.5 0.9 0.0173136 0.226918 
2.55 0.9 0.0106227 0.231497 
2.6 0.9 0.00356359 0.233805 
2.65 0.9 -0.00361937 0.233797 
2.7 0.9 -0.0106766 0.231471 
2.75 0.9 -0.0173638 0.226875 
2.8 0.9 -0.0234512 0.220098 
2.85 0.9 -0.0287321 0.211271 
2.9 0.9 -0.0330278 0.200558 
2.95 0.9 -0.0361914 0.18816 
3 0.9 -0.0381092 0.174317 
3.05 0.9 -0.0387016 0.159327 
3.1 0.9 -0.0379251 0.143562 
3.15 0.9 -0.0357751 0.127501 
3.2 0.9 -0.0322912 0.111752 
3.25 0.9 -0.0275638 0.0970639 
3.3 0.9 -0.0217395 0.0842943 
3.35 0.9 -0.0150237 0.0743343 
3.4 0.9 -0.00767688 0.0679817 
3.45 0.9 -2.51842e-06 0.065796 
3.5 0.9 0.00767198 0.0679791 
3.55 0.9 0.0150192 0.0743294 
3.6 0.9 0.0217356 0.0842877 
3.65 0.9 0.0275607 0.0970561 
3.7 0.9 0.032289 0.111744 
3.75 0.9 0.0357739 0.127493 
3.8 0.9 0.0379249 0.143554 
3.85 0.9 0.0387023 0.15932 
3.9 0.9 0.0381107 0.174311 
3.95 0.9 0.0361935 0.188154 
4 0.9 0.0330301 0.200552 
4.05 0.9 0.0287343 0.211264 
4.1 0.9 0.023453 0.22009 
4.15 0.9 0.0173648 0.226862 
4.2 0.9 0.0106767 0.231452 
4.25 0.9 0.00361866 0.233768 
4.3 0.9 -0.00356466 0.233763 
4.35 0.9 -0.0106231 0.231435 
4.4 0.9 -0.0173113 0.22683 
4.45 0.9 -0.0233985 0.220035 
4.5 0.9 -0.0286762 0.211181 
4.55 0.9 -0.0329643 0.200431 
4.6 0.9 -0.0361138 0.187986 
4.65 0.9 -0.0380096 0.17409 
4.7 0.9 -0.0385711 0.159043 
4.75 0.9 -0.037755 0.143226 
4.8 0.9 -0.0355593 0.127127 
4.85 0.9 -0.0320301 0.111367 
4.9 0.9 -0.0272703 0.0967012 
4.95 0.9 -0.0214458 0.0839897 
5 0.9 -0.014773 0.0741101 
0 0.95 -0.00635851 0.042636 
0.05 0.95 -0.00426205 0.0377239 
0.1 0.95 -0.00210816 0.0346432 
0.15 0.95 9.57455e-05 0.0336307 
0.2 0.95 0.00228471 0.0347706 
0.25 0.95 0.00437365 0.03796 
0.3 0.95 0.00627813 0.0429265 
0.35 0.95 0.0079247 0.0492836 
0.4 0.95 0.00925581 0.0565976 
0.45 0.95 0.010231 0.0644474 
0.5 0.95 0.0108262 0.072462 
0.55 0.95 0.0110314 0.0803361 
0.6 0.95 0.0108491 0.0878274 
0.65 0.95 0.0102921 0.0947459 
0.7 0.95 0.00938324 0.100941 
0.75 0.95 0.00815454 0.10629 
0.8 0.95 0.00664743 0.110693 
0.85 0.95 0.00491233 0.114067 
0.9 0.95 0.00300782 0.11635 
0.95 0.95 0.000999038 0.117496 
1 0.95 -0.00104453 0.117484 
1.05 0.95 -0.00305194 0.116313 
1.1 0.95 -0.00495375 0.114007 
1.15 0.95 -0.00668485 0.110608 
1.2 0.95 -0.00818675 0.106182 
1.25 0.95 -0.00940907 0.10081 
1.3 0.95 -0.0103104 0.0945922 
1.35 0.95 -0.0108587 0.087652 
1.4 0.95 -0.011031 0.0801406 
1.45 0.95 -0.0108144 0.0722493 
1.5 0.95 -0.0102065 0.0642226 
1.55 0.95 -0.00921701 0.0563691 
1.6 0.95 -0.00787031 0.0490635 
1.65 0.95 -0.00620714 0.0427307 
1.7 0.95 -0.00428584 0.0378071 
1.75 0.95 -0.00218141 0.0346794 
1.8 0.95 1.78631e-05 0.0336165 
1.85 0.95 0.00221639 0.034714 
1.9 0.95 0.00431862 0.0378733 
1.95 0.95 0.00623646 0.0428232 
2 0.95 0.00789513 0.0491755 
2.05 0.95 0.0092366 0.0564938 
2.1 0.95 0.0102203 0.0643536 
2.15 0.95 0.0108224 0.0723813 
2.2 0.95 0.011033 0.0802694 
2.25 0.95 0.0108548 0.0877743 
2.3 0.95 0.010301 0.0947055 
2.35 0.95 0.00939444 0.100912 
2.4 0.95 0.00816748 0.106272 
2.45 0.95 0.00666159 0.110684 
2.5 0.95 0.00492724 0.114068 
2.55 0.95 0.00302302 0.116359 
2.6 0.95 0.00101412 0.117513 
2.65 0.95 -0.00102999 0.117508 
2.7 0.95 -0.00303834 0.116345 
2.75 0.95 -0.00494149 0.114046 
2.8 0.95 -0.0066743 0.110654 
2.85 0.95 -0.00817822 0.106234 
2.9 0.95 -0.00940287 0.100868 
2.95 0.95 -0.0103068 0.094655 
3 0.95 -0.0108578 0.0877188 
3.05 0.95 -0.011033 0.0802102 
3.1 0.95 -0.0108194 0.07232 
3.15 0.95 -0.0102144 0.0642924 
3.2 0.95 -0.00922781 0.0564351 
3.25 0.95 -0.00788371 0.0491225 
3.3 0.95 -0.00622276 0.0427793 
3.35 0.95 -0.00430314 0.0378417 
3.4 0.95 -0.00219974 0.0346975 
3.45 0.95 -7.24535e-07 0.0336166 
3.5 0.95 0.00219833 0.0346962 
3.55 0.95 0.00430185 0.0378393 
3.6 0.95 0.00622164 0.042776 
3.65 0.95 0.00788282 0.0491187 
3.7 0.95 0.00922718 0.056431 
3.75 0.95 0.0102141 0.0642882 
3.8 0.95 0.0108193 0.0723161 
3.85 0.95 0.0110332 0.0802065 
3.9 0.95 0.0108582 0.0877155 
3.95 0.95 0.0103073 0.0946519 
4 0.95 0.00940342 0.100864 
4.05 0.95 0.00817871 0.106231 
4.1 0.95 0.00667459 0.11065 
4.15 0.95 0.00494148 0.114039 
4.2 0.95 0.00303795 0.116335 
4.25 0.95 0.0010292 0.117493 
4.3 0.95 -0.00101521 0.11749 
4.35 0.95 -0.00302414 0.116326 
4.4 0.95 -0.00492788 0.114021 
4.45 0.95 -0.00666091 0.11062 
4.5 0.95 -0.00816427 0.106186 
4.55 0.95 -0.00938702 0.100801 
4.6 0.95 -0.0102872 0.0945647 
4.65 0.95 -0.0108321 0.0876018 
4.7 0.95 -0.0109985 0.0800655 
4.75 0.95 -0.0107733 0.0721505 
4.8 0.95 -0.010155 0.0641058 
4.85 0.95 -0.00915632 0.0562453 
4.9 0.95 -0.00780985 0.0489477 
4.95 0.95 -0.00618011 0.042636 
5 0.95 -0.00438466 0.0377239 
0 1 0 0 
0.05 1 0 0 
0.1 1 0 0 
0.15 1 0 0 
0.2 1 0 0 
0.25 1 0 0 
0.3 1 0 0 
0.35 1 0 0 
0.4 1 0 0 
0.45 1 0 0 
0.5 1 0 0 
0.55 1 0 0 
0.6 1 0 0 
0.65 1 0 0 
0.7 1 0 0 
0.75 1 0 0 
0.8 1 0 0 
0.85 1 0 0 
0.9 1 0 0 
0.95 1 0 0 
1 1 0 0 
1.05 1 0 0 
1.1 1 0 0 
1.15 1 0 0 
1.2 1 0 0 
1.25 1 0 0 
1.3 1 0 0 
1.35 1 0 0 
1.4 1 0 0 
1.45 1 0 0 
1.5 1 0 0 
1.55 1 0 0 
1.6 1 0 0 
1.65 1 0 0 
1.7 1 0 0 
1.75 1 0 0 
1.8 1 0 0 
1.85 1 0 0 
1.9 1 0 0 
1.95 1 0 0 
2 1 0 0 
2.05 1 0 0 
2.1 1 0 0 
2.15 1 0 0 
2.2 1 0 0 
2.25 1 0 0 
2.3 1 0 0 
2.35 1 0 0 
2.4 1 0 0 
2.45 1 0 0 
2.5 1 0 0 
2.55 1 0 0 
2.6 1 0 0 
2.65 1 0 0 
2.7 1 0 0 
2.75 1 0 0 
2.8 1 0 0 
2.85 1 0 0 
2.9 1 0 0 
2.95 1 0 0 
3 1 0 0 
3.05 1 0 0 
3.1 1 0 0 
3.15 1 0 0 
3.2 1 0 0 
3.25 1 0 0 
3.3 1 0 0 
3.35 1 0 0 
3.4 1 0 0 
3.45 1 0 0 
3.5 1 0 0 
3.55 1 0 0 
3.6 1 0 0 
3.65 1 0 0 
3.7 1 0 0 
3.75 1 0 0 
3.8 1 0 0 
3.85 1 0 0 
3.9 1 0 0 
3.95 1 0 0 
4 1 0 0 
4.05 1 0 0 
4.1 1 0 0 
4.15 1 0 0 
4.2 1 0 0 
4.25 1 0 0 
4.3 1 0 0 
4.35 1 0 0 
4.4 1 0 0 
4.45 1 0 0 
4.5 1 0 0 
4.55 1 0 0 
4.6 1 0 0 
4.65 1 0 0 
4.7 1 0 0 
4.75 1 0 0 
4.8 1 0 0 
4.85 1 0 0 
4.9 1 0 0 
4.95 1 0 0 
5 1 0 0 
