x, y, ksi, T
#iter= 670000
0 0 0 1 
0.05 0 0 1 
0.1 0 0 1 
0.15 0 0 1 
0.2 0 0 1 
0.25 0 0 1 
0.3 0 0 1 
0.35 0 0 1 
0.4 0 0 1 
0.45 0 0 1 
0.5 0 0 1 
0.55 0 0 1 
0.6 0 0 1 
0.65 0 0 1 
0.7 0 0 1 
0.75 0 0 1 
0.8 0 0 1 
0.85 0 0 1 
0.9 0 0 1 
0.95 0 0 1 
1 0 0 1 
1.05 0 0 1 
1.1 0 0 1 
1.15 0 0 1 
1.2 0 0 1 
1.25 0 0 1 
1.3 0 0 1 
1.35 0 0 1 
1.4 0 0 1 
1.45 0 0 1 
1.5 0 0 1 
1.55 0 0 1 
1.6 0 0 1 
1.65 0 0 1 
1.7 0 0 1 
1.75 0 0 1 
1.8 0 0 1 
1.85 0 0 1 
1.9 0 0 1 
1.95 0 0 1 
2 0 0 1 
2.05 0 0 1 
2.1 0 0 1 
2.15 0 0 1 
2.2 0 0 1 
2.25 0 0 1 
2.3 0 0 1 
2.35 0 0 1 
2.4 0 0 1 
2.45 0 0 1 
2.5 0 0 1 
2.55 0 0 1 
2.6 0 0 1 
2.65 0 0 1 
2.7 0 0 1 
2.75 0 0 1 
2.8 0 0 1 
2.85 0 0 1 
2.9 0 0 1 
2.95 0 0 1 
3 0 0 1 
3.05 0 0 1 
3.1 0 0 1 
3.15 0 0 1 
3.2 0 0 1 
3.25 0 0 1 
3.3 0 0 1 
3.35 0 0 1 
3.4 0 0 1 
3.45 0 0 1 
3.5 0 0 1 
3.55 0 0 1 
3.6 0 0 1 
3.65 0 0 1 
3.7 0 0 1 
3.75 0 0 1 
3.8 0 0 1 
3.85 0 0 1 
3.9 0 0 1 
3.95 0 0 1 
4 0 0 1 
4.05 0 0 1 
4.1 0 0 1 
4.15 0 0 1 
4.2 0 0 1 
4.25 0 0 1 
4.3 0 0 1 
4.35 0 0 1 
4.4 0 0 1 
4.45 0 0 1 
4.5 0 0 1 
4.55 0 0 1 
4.6 0 0 1 
4.65 0 0 1 
4.7 0 0 1 
4.75 0 0 1 
4.8 0 0 1 
4.85 0 0 1 
4.9 0 0 1 
4.95 0 0 1 
5 0 0 1 
0 0.05 -0.00628666 0.887612 
0.05 0.05 -0.00429583 0.88459 
0.1 0.05 -0.00221747 0.88279 
0.15 0.05 -0.000110643 0.882193 
0.2 0.05 0.00197024 0.882786 
0.25 0.05 0.00396415 0.884542 
0.3 0.05 0.00580887 0.887421 
0.35 0.05 0.00744566 0.891365 
0.4 0.05 0.00882217 0.896297 
0.45 0.05 0.00989397 0.902125 
0.5 0.05 0.0106254 0.908737 
0.55 0.05 0.0109896 0.915999 
0.6 0.05 0.0109693 0.923739 
0.65 0.05 0.0105568 0.931742 
0.7 0.05 0.00975579 0.939732 
0.75 0.05 0.00858334 0.947368 
0.8 0.05 0.00707181 0.954245 
0.85 0.05 0.00527082 0.959928 
0.9 0.05 0.00324736 0.963996 
0.95 0.05 0.00108372 0.966114 
1 0.05 -0.00112726 0.966094 
1.05 0.05 -0.00328903 0.963938 
1.1 0.05 -0.00530893 0.959838 
1.15 0.05 -0.00710495 0.954132 
1.2 0.05 -0.00861043 0.94724 
1.25 0.05 -0.00977618 0.9396 
1.3 0.05 -0.0105702 0.931613 
1.35 0.05 -0.0109759 0.923622 
1.4 0.05 -0.0109901 0.915899 
1.45 0.05 -0.0106208 0.908662 
1.5 0.05 -0.00988623 0.902078 
1.55 0.05 -0.00881397 0.896283 
1.6 0.05 -0.00744098 0.891388 
1.65 0.05 -0.00581334 0.887484 
1.7 0.05 -0.00398578 0.884643 
1.75 0.05 -0.00202046 0.88292 
1.8 0.05 1.49712e-05 0.882347 
1.85 0.05 0.00204989 0.882936 
1.9 0.05 0.00401373 0.884676 
1.95 0.05 0.00583887 0.887531 
2 0.05 0.00746326 0.89145 
2.05 0.05 0.00883232 0.896358 
2.1 0.05 0.00990007 0.902164 
2.15 0.05 0.0106297 0.908758 
2.2 0.05 0.0109938 0.916003 
2.25 0.05 0.0109742 0.923731 
2.3 0.05 0.0105631 0.931724 
2.35 0.05 0.00976387 0.939709 
2.4 0.05 0.00859323 0.947342 
2.45 0.05 0.0070834 0.954221 
2.5 0.05 0.00528384 0.95991 
2.55 0.05 0.00326138 0.963987 
2.6 0.05 0.00109821 0.966116 
2.65 0.05 -0.00111292 0.966108 
2.7 0.05 -0.00327546 0.963966 
2.75 0.05 -0.0052967 0.959877 
2.8 0.05 -0.00709457 0.954179 
2.85 0.05 -0.00860231 0.947293 
2.9 0.05 -0.00977062 0.939656 
2.95 0.05 -0.0105674 0.93167 
3 0.05 -0.0109759 0.923677 
3.05 0.05 -0.010993 0.915952 
3.1 0.05 -0.0106265 0.90871 
3.15 0.05 -0.00989454 0.902121 
3.2 0.05 -0.00882472 0.89632 
3.25 0.05 -0.00745387 0.891418 
3.3 0.05 -0.00582801 0.887506 
3.35 0.05 -0.00400176 0.884657 
3.4 0.05 -0.00203724 0.882924 
3.45 0.05 -2.05373e-06 0.882342 
3.5 0.05 0.00203321 0.882922 
3.55 0.05 0.00399796 0.884651 
3.6 0.05 0.00582458 0.887498 
3.65 0.05 0.00745096 0.891407 
3.7 0.05 0.00882246 0.896307 
3.75 0.05 0.00989306 0.902105 
3.8 0.05 0.0106259 0.908693 
3.85 0.05 0.0109934 0.915932 
3.9 0.05 0.0109775 0.923656 
3.95 0.05 0.0105702 0.931648 
4 0.05 0.00977485 0.939635 
4.05 0.05 0.00860798 0.947274 
4.1 0.05 0.00710168 0.954164 
4.15 0.05 0.00530521 0.959869 
4.2 0.05 0.00328523 0.963968 
4.25 0.05 0.00112375 0.966124 
4.3 0.05 -0.00108662 0.966147 
4.35 0.05 -0.00324943 0.964036 
4.4 0.05 -0.00527204 0.959979 
4.45 0.05 -0.00707242 0.954311 
4.5 0.05 -0.00858393 0.947453 
4.55 0.05 -0.00975751 0.939841 
4.6 0.05 -0.0105615 0.931877 
4.65 0.05 -0.0109802 0.923904 
4.7 0.05 -0.0110116 0.916194 
4.75 0.05 -0.0106657 0.908962 
4.8 0.05 -0.00996389 0.902374 
4.85 0.05 -0.0089388 0.896557 
4.9 0.05 -0.00763562 0.891613 
4.95 0.05 -0.00611193 0.887612 
5 0.05 -0.00441667 0.88459 
0 0.1 -0.0212199 0.776415 
0.05 0.1 -0.0147209 0.77047 
0.1 0.1 -0.00764015 0.766862 
0.15 0.1 -0.000326737 0.765651 
0.2 0.1 0.00694836 0.766823 
0.25 0.1 0.0139386 0.770327 
0.3 0.1 0.0204127 0.776076 
0.35 0.1 0.0261586 0.783949 
0.4 0.1 0.0309888 0.793793 
0.45 0.1 0.0347447 0.805423 
0.5 0.1 0.0372993 0.818617 
0.55 0.1 0.0385585 0.833108 
0.6 0.1 0.0384622 0.848565 
0.65 0.1 0.0369874 0.864565 
0.7 0.1 0.0341521 0.880565 
0.75 0.1 0.0300213 0.895884 
0.8 0.1 0.0247138 0.909714 
0.85 0.1 0.0184066 0.921166 
0.9 0.1 0.0113343 0.929379 
0.95 0.1 0.00378124 0.933659 
1 0.1 -0.00393392 0.933618 
1.05 0.1 -0.0114806 0.929262 
1.1 0.1 -0.0185409 0.920984 
1.15 0.1 -0.024831 0.909485 
1.2 0.1 -0.0301177 0.895626 
1.25 0.1 -0.0342254 0.880297 
1.3 0.1 -0.0370368 0.864304 
1.35 0.1 -0.038488 0.848327 
1.4 0.1 -0.0385629 0.832905 
1.45 0.1 -0.0372863 0.818459 
1.5 0.1 -0.0347205 0.80532 
1.55 0.1 -0.0309627 0.793754 
1.6 0.1 -0.0261436 0.783981 
1.65 0.1 -0.0204266 0.776182 
1.7 0.1 -0.0140056 0.770506 
1.75 0.1 -0.00709968 0.76706 
1.8 0.1 5.27279e-05 0.765915 
1.85 0.1 0.00720336 0.767093 
1.9 0.1 0.014104 0.77057 
1.95 0.1 0.0205166 0.776277 
2 0.1 0.0262221 0.784104 
2.05 0.1 0.0310273 0.793903 
2.1 0.1 0.0347693 0.805492 
2.15 0.1 0.0373176 0.818651 
2.2 0.1 0.0385758 0.833112 
2.25 0.1 0.0384819 0.848545 
2.3 0.1 0.0370117 0.864526 
2.35 0.1 0.034182 0.880515 
2.4 0.1 0.0300572 0.895831 
2.45 0.1 0.0247554 0.909664 
2.5 0.1 0.018453 0.921128 
2.55 0.1 0.0113838 0.929359 
2.6 0.1 0.00383222 0.933662 
2.65 0.1 -0.00388358 0.933648 
2.7 0.1 -0.011433 0.929316 
2.75 0.1 -0.018498 0.921061 
2.8 0.1 -0.0247946 0.909579 
2.85 0.1 -0.0300892 0.895732 
2.9 0.1 -0.0342059 0.880409 
2.95 0.1 -0.0370269 0.864418 
3 0.1 -0.0384881 0.848438 
3.05 0.1 -0.038573 0.83301 
3.1 0.1 -0.0373063 0.818556 
3.15 0.1 -0.0347499 0.805407 
3.2 0.1 -0.0310006 0.793829 
3.25 0.1 -0.0261891 0.784041 
3.3 0.1 -0.0204783 0.776226 
3.35 0.1 -0.0140619 0.770532 
3.4 0.1 -0.00715875 0.767069 
3.45 0.1 -7.14725e-06 0.765905 
3.5 0.1 0.00714473 0.767064 
3.55 0.1 0.0140486 0.770522 
3.6 0.1 0.0204665 0.77621 
3.65 0.1 0.026179 0.78402 
3.7 0.1 0.0309929 0.793802 
3.75 0.1 0.034745 0.805376 
3.8 0.1 0.0373046 0.818521 
3.85 0.1 0.038575 0.832971 
3.9 0.1 0.0384942 0.848396 
3.95 0.1 0.0370373 0.864374 
4 0.1 0.0342211 0.880366 
4.05 0.1 0.0301093 0.895693 
4.1 0.1 0.0248196 0.909548 
4.15 0.1 0.0185277 0.921044 
4.2 0.1 0.011467 0.929319 
4.25 0.1 0.00392107 0.933676 
4.3 0.1 -0.00379227 0.933722 
4.35 0.1 -0.0113428 0.929455 
4.4 0.1 -0.0184126 0.921263 
4.45 0.1 -0.024718 0.90984 
4.5 0.1 -0.0300258 0.896048 
4.55 0.1 -0.0341607 0.880774 
4.6 0.1 -0.0370067 0.864826 
4.65 0.1 -0.0385021 0.848883 
4.7 0.1 -0.038634 0.833485 
4.75 0.1 -0.0374325 0.819049 
4.8 0.1 -0.034966 0.805898 
4.85 0.1 -0.031338 0.794283 
4.9 0.1 -0.0266801 0.784404 
4.95 0.1 -0.0211322 0.776415 
5 0.1 -0.0147797 0.77047 
0 0.15 -0.0413565 0.67085 
0.05 0.15 -0.0286648 0.662147 
0.1 0.15 -0.0148378 0.65682 
0.15 0.15 -0.000495952 0.655011 
0.2 0.15 0.0138143 0.65673 
0.25 0.15 0.0275875 0.661908 
0.3 0.15 0.0403531 0.670412 
0.35 0.15 0.0516834 0.682055 
0.4 0.15 0.061202 0.696602 
0.45 0.15 0.0685923 0.713771 
0.5 0.15 0.0736021 0.733231 
0.55 0.15 0.0760464 0.754593 
0.6 0.15 0.0758105 0.777373 
0.65 0.15 0.0728547 0.800962 
0.7 0.15 0.0672222 0.824571 
0.75 0.15 0.0590499 0.847205 
0.8 0.15 0.0485788 0.86767 
0.85 0.15 0.0361611 0.884643 
0.9 0.15 0.0222579 0.896832 
0.95 0.15 0.00742341 0.90319 
1 0.15 -0.00772483 0.903129 
1.05 0.15 -0.0225471 0.896657 
1.1 0.15 -0.0364269 0.884371 
1.15 0.15 -0.0488116 0.867327 
1.2 0.15 -0.0592425 0.84682 
1.25 0.15 -0.0673699 0.824169 
1.3 0.15 -0.0729553 0.800569 
1.35 0.15 -0.0758648 0.777011 
1.4 0.15 -0.0760581 0.754278 
1.45 0.15 -0.0735783 0.732978 
1.5 0.15 -0.0685443 0.713592 
1.55 0.15 -0.0611461 0.696509 
1.6 0.15 -0.0516422 0.682055 
1.65 0.15 -0.0403566 0.670507 
1.7 0.15 -0.0276738 0.662091 
1.75 0.15 -0.0140292 0.656979 
1.8 0.15 0.000104435 0.65528 
1.85 0.15 0.0142346 0.657028 
1.9 0.15 0.0278688 0.662186 
1.95 0.15 0.0405347 0.670647 
2 0.15 0.0517976 0.682237 
2.05 0.15 0.061274 0.69673 
2.1 0.15 0.0686406 0.713847 
2.15 0.15 0.0736401 0.733261 
2.2 0.15 0.0760833 0.754584 
2.25 0.15 0.0758525 0.777332 
2.3 0.15 0.0729056 0.800897 
2.35 0.15 0.067284 0.824492 
2.4 0.15 0.0591231 0.847122 
2.45 0.15 0.0486626 0.867594 
2.5 0.15 0.0362537 0.884584 
2.55 0.15 0.0223565 0.896801 
2.6 0.15 0.00752444 0.903194 
2.65 0.15 -0.00762531 0.903173 
2.7 0.15 -0.0224532 0.896738 
2.75 0.15 -0.0363424 0.884485 
2.8 0.15 -0.0487399 0.867467 
2.85 0.15 -0.0591863 0.846977 
2.9 0.15 -0.0673313 0.824336 
2.95 0.15 -0.0729357 0.800738 
3 0.15 -0.075865 0.777176 
3.05 0.15 -0.0760783 0.754434 
3.1 0.15 -0.073618 0.733123 
3.15 0.15 -0.0686026 0.713721 
3.2 0.15 -0.0612214 0.69662 
3.25 0.15 -0.0517324 0.682145 
3.3 0.15 -0.0404591 0.670573 
3.35 0.15 -0.0277853 0.662132 
3.4 0.15 -0.0141461 0.656993 
3.45 0.15 -1.39811e-05 0.655265 
3.5 0.15 0.0141187 0.656985 
3.55 0.15 0.0277595 0.662116 
3.6 0.15 0.040436 0.670549 
3.65 0.15 0.0517129 0.682113 
3.7 0.15 0.0612066 0.696581 
3.75 0.15 0.0685933 0.713676 
3.8 0.15 0.0736152 0.733071 
3.85 0.15 0.0760826 0.754377 
3.9 0.15 0.0758773 0.777114 
3.95 0.15 0.0729567 0.800674 
4 0.15 0.0673614 0.824273 
4.05 0.15 0.0592258 0.846919 
4.1 0.15 0.0487888 0.867421 
4.15 0.15 0.0364002 0.88446 
4.2 0.15 0.0225191 0.896741 
4.25 0.15 0.00769785 0.903213 
4.3 0.15 -0.00744728 0.90328 
4.35 0.15 -0.0222772 0.896939 
4.4 0.15 -0.0361756 0.884778 
4.45 0.15 -0.0485897 0.867846 
4.5 0.15 -0.0590606 0.847433 
4.55 0.15 -0.0672393 0.82486 
4.6 0.15 -0.0728888 0.801322 
4.65 0.15 -0.0758782 0.777809 
4.7 0.15 -0.0761717 0.755104 
4.75 0.15 -0.0738184 0.733812 
4.8 0.15 -0.068943 0.7144 
4.85 0.15 -0.0617369 0.697241 
4.9 0.15 -0.052446 0.682637 
4.95 0.15 -0.0413427 0.67085 
5 0.15 -0.0286718 0.662147 
0 0.2 -0.0637615 0.57628 
0.05 0.2 -0.0440932 0.565096 
0.1 0.2 -0.0227221 0.558221 
0.15 0.2 -0.000530402 0.55587 
0.2 0.2 0.0216446 0.558087 
0.25 0.2 0.0430074 0.564793 
0.3 0.2 0.0628142 0.575808 
0.35 0.2 0.0803889 0.590873 
0.4 0.2 0.0951398 0.60966 
0.45 0.2 0.106571 0.631786 
0.5 0.2 0.11429 0.656818 
0.55 0.2 0.118014 0.684248 
0.6 0.2 0.117571 0.713466 
0.65 0.2 0.11291 0.743701 
0.7 0.2 0.104108 0.77396 
0.75 0.2 0.0913903 0.802979 
0.8 0.2 0.0751388 0.829232 
0.85 0.2 0.0559036 0.851022 
0.9 0.2 0.0343971 0.866681 
0.95 0.2 0.011469 0.874852 
1 0.2 -0.0119375 0.874774 
1.05 0.2 -0.034847 0.866454 
1.1 0.2 -0.0563179 0.850671 
1.15 0.2 -0.0755027 0.828788 
1.2 0.2 -0.0916926 0.802478 
1.25 0.2 -0.104341 0.773436 
1.3 0.2 -0.11307 0.743185 
1.35 0.2 -0.117659 0.712983 
1.4 0.2 -0.118034 0.683817 
1.45 0.2 -0.114251 0.656456 
1.5 0.2 -0.106489 0.631507 
1.55 0.2 -0.0950358 0.609473 
1.6 0.2 -0.0802924 0.590785 
1.65 0.2 -0.0627627 0.575818 
1.7 0.2 -0.0430465 0.564888 
1.75 0.2 -0.0218246 0.558239 
1.8 0.2 0.000162856 0.556026 
1.85 0.2 0.0221448 0.558302 
1.9 0.2 0.0433504 0.565012 
1.95 0.2 0.0630402 0.576 
2 0.2 0.0805345 0.591021 
2.05 0.2 0.0952348 0.609759 
2.1 0.2 0.106638 0.631836 
2.15 0.2 0.114347 0.656821 
2.2 0.2 0.118072 0.684211 
2.25 0.2 0.117639 0.713396 
2.3 0.2 0.112992 0.743606 
2.35 0.2 0.104207 0.77385 
2.4 0.2 0.091507 0.802867 
2.45 0.2 0.0752714 0.829131 
2.5 0.2 0.0560493 0.850945 
2.55 0.2 0.0345514 0.86664 
2.6 0.2 0.0116267 0.874858 
2.65 0.2 -0.0117826 0.87483 
2.7 0.2 -0.0347009 0.866559 
2.75 0.2 -0.0561865 0.850818 
2.8 0.2 -0.0753912 0.828968 
2.85 0.2 -0.0916052 0.80268 
2.9 0.2 -0.104281 0.77365 
2.95 0.2 -0.113039 0.743403 
3 0.2 -0.117659 0.713196 
3.05 0.2 -0.118065 0.68402 
3.1 0.2 -0.114313 0.656643 
3.15 0.2 -0.106579 0.631675 
3.2 0.2 -0.0951531 0.609617 
3.25 0.2 -0.080433 0.590902 
3.3 0.2 -0.0629223 0.575905 
3.35 0.2 -0.0432202 0.564943 
3.4 0.2 -0.0220067 0.558259 
3.45 0.2 -2.15215e-05 0.55601 
3.5 0.2 0.0219646 0.558249 
3.55 0.2 0.0431806 0.564922 
3.6 0.2 0.0628869 0.575875 
3.65 0.2 0.0804033 0.590863 
3.7 0.2 0.0951307 0.609568 
3.75 0.2 0.106566 0.631617 
3.8 0.2 0.114309 0.656578 
3.85 0.2 0.118072 0.683947 
3.9 0.2 0.117679 0.713118 
3.95 0.2 0.113072 0.743322 
4 0.2 0.104328 0.773571 
4.05 0.2 0.0916659 0.802608 
4.1 0.2 0.075466 0.828911 
4.15 0.2 0.0562746 0.850785 
4.2 0.2 0.034801 0.866562 
4.25 0.2 0.0118924 0.874879 
4.3 0.2 -0.0115098 0.874964 
4.35 0.2 -0.0344311 0.866811 
4.4 0.2 -0.0559298 0.851184 
4.45 0.2 -0.0751581 0.829441 
4.5 0.2 -0.0914065 0.803247 
4.55 0.2 -0.104129 0.774298 
4.6 0.2 -0.112947 0.744117 
4.65 0.2 -0.117645 0.713963 
4.7 0.2 -0.118152 0.684824 
4.75 0.2 -0.114528 0.65746 
4.8 0.2 -0.106954 0.63247 
4.85 0.2 -0.0957138 0.61034 
4.9 0.2 -0.081185 0.591486 
4.95 0.2 -0.06381 0.57628 
5 0.2 -0.0440573 0.565096 
0 0.25 -0.0861327 0.496806 
0.05 0.25 -0.0594282 0.483459 
0.1 0.25 -0.0304745 0.475233 
0.15 0.25 -0.000401825 0.472413 
0.2 0.25 0.0296687 0.47508 
0.25 0.25 0.0586498 0.483143 
0.3 0.25 0.0855181 0.496366 
0.35 0.25 0.109344 0.514398 
0.4 0.25 0.129314 0.536803 
0.45 0.25 0.144754 0.563091 
0.5 0.25 0.155134 0.592718 
0.55 0.25 0.160076 0.625078 
0.6 0.25 0.159358 0.659455 
0.65 0.25 0.152926 0.694959 
0.7 0.25 0.140902 0.730442 
0.75 0.25 0.123604 0.764444 
0.8 0.25 0.101562 0.795191 
0.85 0.25 0.0755246 0.820705 
0.9 0.25 0.0464526 0.839038 
0.95 0.25 0.0154847 0.848604 
1 0.25 -0.016121 0.848512 
1.05 0.25 -0.0470643 0.838771 
1.1 0.25 -0.0760887 0.82029 
1.15 0.25 -0.102059 0.794666 
1.2 0.25 -0.124018 0.763849 
1.25 0.25 -0.141222 0.729816 
1.3 0.25 -0.153147 0.694335 
1.35 0.25 -0.159478 0.658861 
1.4 0.25 -0.1601 0.624534 
1.45 0.25 -0.155073 0.59224 
1.5 0.25 -0.144624 0.562692 
1.55 0.25 -0.129139 0.536492 
1.6 0.25 -0.109154 0.514177 
1.65 0.25 -0.0853534 0.496232 
1.7 0.25 -0.0585557 0.483082 
1.75 0.25 -0.0296923 0.475061 
1.8 0.25 0.000222113 0.472389 
1.85 0.25 0.030129 0.475138 
1.9 0.25 0.05897 0.483232 
1.95 0.25 0.0857315 0.496453 
2 0.25 0.109483 0.514462 
2.05 0.25 0.129409 0.536834 
2.1 0.25 0.144827 0.563084 
2.15 0.25 0.155202 0.592674 
2.2 0.25 0.160152 0.625 
2.25 0.25 0.159451 0.659349 
2.3 0.25 0.15304 0.694831 
2.35 0.25 0.14104 0.730303 
2.4 0.25 0.123766 0.764306 
2.45 0.25 0.101745 0.795069 
2.5 0.25 0.0757246 0.820613 
2.55 0.25 0.0466638 0.83899 
2.6 0.25 0.0156996 0.848612 
2.65 0.25 -0.0159102 0.848579 
2.7 0.25 -0.0468658 0.838895 
2.75 0.25 -0.0759102 0.820464 
2.8 0.25 -0.101907 0.794879 
2.85 0.25 -0.123899 0.764088 
2.9 0.25 -0.141141 0.73007 
2.95 0.25 -0.153105 0.694593 
3 0.25 -0.159479 0.659114 
3.05 0.25 -0.160143 0.624775 
3.1 0.25 -0.155157 0.592465 
3.15 0.25 -0.144748 0.562894 
3.2 0.25 -0.129298 0.536667 
3.25 0.25 -0.109345 0.51432 
3.3 0.25 -0.0855709 0.49634 
3.35 0.25 -0.0587924 0.48315 
3.4 0.25 -0.0299404 0.475088 
3.45 0.25 -2.89658e-05 0.472371 
3.5 0.25 0.0298836 0.475076 
3.55 0.25 0.0587392 0.483126 
3.6 0.25 0.0855234 0.496305 
3.65 0.25 0.109306 0.514274 
3.7 0.25 0.129269 0.53661 
3.75 0.25 0.14473 0.562828 
3.8 0.25 0.155152 0.592389 
3.85 0.25 0.160153 0.624692 
3.9 0.25 0.159505 0.659025 
3.95 0.25 0.153149 0.694501 
4 0.25 0.141203 0.729979 
4.05 0.25 0.12398 0.764006 
4.1 0.25 0.102006 0.794814 
4.15 0.25 0.0760266 0.820428 
4.2 0.25 0.0469976 0.838899 
4.25 0.25 0.0160548 0.848636 
4.3 0.25 -0.0155456 0.848732 
4.35 0.25 -0.0465043 0.839183 
4.4 0.25 -0.0755644 0.820881 
4.45 0.25 -0.10159 0.795414 
4.5 0.25 -0.123622 0.764725 
4.55 0.25 -0.140916 0.730792 
4.6 0.25 -0.152946 0.695382 
4.65 0.25 -0.159402 0.659952 
4.7 0.25 -0.160167 0.625641 
4.75 0.25 -0.155303 0.593332 
4.8 0.25 -0.145037 0.563731 
4.85 0.25 -0.129744 0.537428 
4.9 0.25 -0.109933 0.514955 
4.95 0.25 -0.0862327 0.496806 
5 0.25 -0.0593572 0.483459 
0 0.3 -0.106689 0.433918 
0.05 0.3 -0.0734631 0.41866 
0.1 0.3 -0.0374901 0.409234 
0.15 0.3 -0.000125835 0.406004 
0.2 0.3 0.037246 0.409092 
0.25 0.3 0.0732651 0.418385 
0.3 0.3 0.106644 0.433566 
0.35 0.3 0.136213 0.45416 
0.4 0.3 0.160955 0.479592 
0.45 0.3 0.18003 0.509235 
0.5 0.3 0.192785 0.54243 
0.55 0.3 0.198764 0.578479 
0.6 0.3 0.19771 0.616587 
0.65 0.3 0.189574 0.655786 
0.7 0.3 0.17453 0.69484 
0.75 0.3 0.152992 0.732173 
0.8 0.3 0.125628 0.765869 
0.85 0.3 0.0933716 0.793791 
0.9 0.3 0.057408 0.813834 
0.95 0.3 0.0191314 0.824287 
1 0.3 -0.0199225 0.824185 
1.05 0.3 -0.058169 0.813541 
1.1 0.3 -0.0940746 0.793333 
1.15 0.3 -0.126248 0.765287 
1.2 0.3 -0.15351 0.73151 
1.25 0.3 -0.174932 0.694137 
1.3 0.3 -0.189851 0.655078 
1.35 0.3 -0.197859 0.6159 
1.4 0.3 -0.198788 0.577834 
1.45 0.3 -0.192693 0.541842 
1.5 0.3 -0.179837 0.508714 
1.55 0.3 -0.160684 0.479145 
1.6 0.3 -0.135892 0.45379 
1.65 0.3 -0.106309 0.433269 
1.7 0.3 -0.0729558 0.418148 
1.75 0.3 -0.0370014 0.408888 
1.8 0.3 0.000277481 0.405796 
1.85 0.3 0.0375468 0.408977 
1.9 0.3 0.0734731 0.418323 
1.95 0.3 0.106781 0.433524 
2 0.3 0.136303 0.454117 
2.05 0.3 0.16102 0.479535 
2.1 0.3 0.180089 0.509157 
2.15 0.3 0.192853 0.54233 
2.2 0.3 0.198851 0.578355 
2.25 0.3 0.197823 0.616443 
2.3 0.3 0.189718 0.655628 
2.35 0.3 0.174705 0.694676 
2.4 0.3 0.153196 0.732015 
2.45 0.3 0.125858 0.765732 
2.5 0.3 0.0936228 0.793689 
2.55 0.3 0.0576722 0.813783 
2.6 0.3 0.0193997 0.824296 
2.65 0.3 -0.0196598 0.824261 
2.7 0.3 -0.0579219 0.813679 
2.75 0.3 -0.0938525 0.793527 
2.8 0.3 -0.12606 0.765524 
2.85 0.3 -0.153362 0.731776 
2.9 0.3 -0.17483 0.694419 
2.95 0.3 -0.189799 0.655365 
3 0.3 -0.197858 0.616183 
3.05 0.3 -0.19884 0.578106 
3.1 0.3 -0.192797 0.542096 
3.15 0.3 -0.179991 0.508945 
3.2 0.3 -0.160883 0.479347 
3.25 0.3 -0.136131 0.453958 
3.3 0.3 -0.10658 0.433397 
3.35 0.3 -0.0732512 0.41823 
3.4 0.3 -0.037311 0.408922 
3.45 0.3 -3.57103e-05 0.405779 
3.5 0.3 0.037241 0.408909 
3.55 0.3 0.0731856 0.418204 
3.6 0.3 0.106522 0.433358 
3.65 0.3 0.136082 0.453907 
3.7 0.3 0.160847 0.479285 
3.75 0.3 0.179969 0.508873 
3.8 0.3 0.192792 0.542015 
3.85 0.3 0.198853 0.578017 
3.9 0.3 0.197891 0.616089 
3.95 0.3 0.189853 0.655268 
4 0.3 0.174906 0.694325 
4.05 0.3 0.15346 0.73169 
4.1 0.3 0.126179 0.765457 
4.15 0.3 0.0939921 0.79349 
4.2 0.3 0.0580797 0.813686 
4.25 0.3 0.019833 0.824323 
4.3 0.3 -0.0192147 0.824425 
4.35 0.3 -0.0574792 0.813985 
4.4 0.3 -0.0934261 0.793968 
4.45 0.3 -0.125662 0.766086 
4.5 0.3 -0.153005 0.73244 
4.55 0.3 -0.174525 0.695164 
4.6 0.3 -0.189554 0.65617 
4.65 0.3 -0.197684 0.617025 
4.7 0.3 -0.198747 0.578963 
4.75 0.3 -0.192795 0.542944 
4.8 0.3 -0.180085 0.509754 
4.85 0.3 -0.16107 0.480087 
4.9 0.3 -0.136384 0.454596 
4.95 0.3 -0.106831 0.433918 
5 0.3 -0.0733641 0.41866 
0 0.35 -0.124079 0.386416 
0.05 0.35 -0.0852931 0.369364 
0.1 0.35 -0.0433313 0.358793 
0.15 0.35 0.000254469 0.35518 
0.2 0.35 0.0438518 0.358692 
0.25 0.35 0.0858606 0.369178 
0.3 0.35 0.124762 0.386201 
0.35 0.35 0.159176 0.409114 
0.4 0.35 0.187912 0.437154 
0.45 0.35 0.209991 0.46952 
0.5 0.35 0.224665 0.505415 
0.55 0.35 0.231419 0.544045 
0.6 0.35 0.22998 0.584556 
0.65 0.35 0.220318 0.625944 
0.7 0.35 0.20266 0.666946 
0.75 0.35 0.17751 0.70596 
0.8 0.35 0.14566 0.741044 
0.85 0.35 0.108201 0.770031 
0.9 0.35 0.0664988 0.790796 
0.95 0.35 0.0221548 0.80161 
1 0.35 -0.0230765 0.801505 
1.05 0.35 -0.0673862 0.79049 
1.1 0.35 -0.109021 0.769553 
1.15 0.35 -0.146386 0.740432 
1.2 0.35 -0.178118 0.705258 
1.25 0.35 -0.203132 0.666194 
1.3 0.35 -0.220643 0.625176 
1.35 0.35 -0.230152 0.583798 
1.4 0.35 -0.231437 0.543316 
1.45 0.35 -0.224534 0.504729 
1.5 0.35 -0.209725 0.468886 
1.55 0.35 -0.187527 0.436579 
1.6 0.35 -0.158695 0.408603 
1.65 0.35 -0.124214 0.385752 
1.7 0.35 -0.0852763 0.368785 
1.75 0.35 -0.0432601 0.358337 
1.8 0.35 0.000325222 0.354838 
1.85 0.35 0.0438992 0.358438 
1.9 0.35 0.085882 0.368983 
1.95 0.35 0.124765 0.38604 
2 0.35 0.159175 0.408968 
2.05 0.35 0.187919 0.437011 
2.1 0.35 0.210017 0.469372 
2.15 0.35 0.224719 0.505258 
2.2 0.35 0.231508 0.543877 
2.25 0.35 0.230108 0.584378 
2.3 0.35 0.220485 0.62576 
2.35 0.35 0.202866 0.666763 
2.4 0.35 0.177751 0.705789 
2.45 0.35 0.145932 0.740899 
2.5 0.35 0.108496 0.769926 
2.55 0.35 0.0668085 0.790745 
2.6 0.35 0.0224686 0.801623 
2.65 0.35 -0.0227697 0.801586 
2.7 0.35 -0.0670979 0.790637 
2.75 0.35 -0.108762 0.769758 
2.8 0.35 -0.146166 0.740683 
2.85 0.35 -0.177944 0.70554 
2.9 0.35 -0.203012 0.666494 
2.95 0.35 -0.220581 0.625484 
3 0.35 -0.23015 0.584104 
3.05 0.35 -0.231497 0.543612 
3.1 0.35 -0.224655 0.505008 
3.15 0.35 -0.209903 0.469142 
3.2 0.35 -0.187759 0.436806 
3.25 0.35 -0.158974 0.408793 
3.3 0.35 -0.124531 0.3859 
3.35 0.35 -0.0856219 0.368882 
3.4 0.35 -0.0436225 0.35838 
3.45 0.35 -4.13175e-05 0.354823 
3.5 0.35 0.0435416 0.358365 
3.55 0.35 0.0855462 0.368853 
3.6 0.35 0.124464 0.385857 
3.65 0.35 0.158918 0.408739 
3.7 0.35 0.187717 0.436741 
3.75 0.35 0.209878 0.469067 
3.8 0.35 0.224649 0.504925 
3.85 0.35 0.231512 0.543522 
3.9 0.35 0.230188 0.584009 
3.95 0.35 0.220642 0.625387 
4 0.35 0.203098 0.666401 
4.05 0.35 0.178054 0.705458 
4.1 0.35 0.1463 0.740619 
4.15 0.35 0.108918 0.769725 
4.2 0.35 0.0672737 0.790648 
4.25 0.35 0.0229627 0.801651 
4.3 0.35 -0.0222616 0.801752 
4.35 0.35 -0.0665906 0.790943 
4.4 0.35 -0.10827 0.770196 
4.45 0.35 -0.1457 0.741237 
4.5 0.35 -0.177514 0.706189 
4.55 0.35 -0.202624 0.667214 
4.6 0.35 -0.220237 0.626249 
4.65 0.35 -0.229853 0.584891 
4.7 0.35 -0.231245 0.544399 
4.75 0.35 -0.224443 0.505773 
4.8 0.35 -0.209722 0.469864 
4.85 0.35 -0.187588 0.437467 
4.9 0.35 -0.15878 0.40938 
4.95 0.35 -0.124254 0.386416 
5 0.35 -0.0851723 0.369364 
0 0.4 -0.137309 0.351278 
0.05 0.4 -0.0942578 0.332429 
0.1 0.4 -0.0476911 0.320694 
0.15 0.4 0.000682695 0.316696 
0.2 0.4 0.0490669 0.320658 
0.25 0.4 0.0956672 0.332372 
0.3 0.4 0.138778 0.351242 
0.35 0.4 0.176855 0.376395 
0.4 0.4 0.20857 0.406825 
0.45 0.4 0.232845 0.44151 
0.5 0.4 0.248866 0.479487 
0.55 0.4 0.256091 0.519851 
0.6 0.4 0.254243 0.5617 
0.65 0.4 0.243324 0.604022 
0.7 0.4 0.223616 0.645586 
0.75 0.4 0.1957 0.684846 
0.8 0.4 0.160469 0.719937 
0.85 0.4 0.119132 0.748794 
0.9 0.4 0.0731861 0.769392 
0.95 0.4 0.0243757 0.780098 
1 0.4 -0.0253958 0.779993 
1.05 0.4 -0.0741689 0.769087 
1.1 0.4 -0.120042 0.748314 
1.15 0.4 -0.161276 0.71932 
1.2 0.4 -0.196376 0.684132 
1.25 0.4 -0.224141 0.644812 
1.3 0.4 -0.243684 0.60322 
1.35 0.4 -0.254428 0.560893 
1.4 0.4 -0.256096 0.519058 
1.45 0.4 -0.248693 0.478719 
1.5 0.4 -0.232499 0.440778 
1.55 0.4 -0.208063 0.406138 
1.6 0.4 -0.176202 0.375762 
1.65 0.4 -0.137998 0.350668 
1.7 0.4 -0.0947817 0.33186 
1.75 0.4 -0.0480949 0.320203 
1.8 0.4 0.000362442 0.316286 
1.85 0.4 0.048807 0.320317 
1.9 0.4 0.0954561 0.332083 
1.95 0.4 0.138612 0.350988 
2 0.4 0.176734 0.376164 
2.05 0.4 0.208497 0.406608 
2.1 0.4 0.232822 0.4413 
2.15 0.4 0.248896 0.47928 
2.2 0.4 0.256172 0.519645 
2.25 0.4 0.254377 0.561494 
2.3 0.4 0.243507 0.60382 
2.35 0.4 0.223844 0.645393 
2.4 0.4 0.195969 0.68467 
2.45 0.4 0.160773 0.719792 
2.5 0.4 0.119461 0.748691 
2.55 0.4 0.0735308 0.769346 
2.6 0.4 0.0247243 0.780116 
2.65 0.4 -0.0250556 0.780079 
2.7 0.4 -0.0738493 0.76924 
2.75 0.4 -0.119755 0.748524 
2.8 0.4 -0.161031 0.719577 
2.85 0.4 -0.196183 0.684421 
2.9 0.4 -0.224007 0.645122 
2.95 0.4 -0.243614 0.60354 
3 0.4 -0.254425 0.561213 
3.05 0.4 -0.256161 0.519371 
3.1 0.4 -0.248826 0.479019 
3.15 0.4 -0.232696 0.441057 
3.2 0.4 -0.20832 0.406389 
3.25 0.4 -0.176511 0.375976 
3.3 0.4 -0.138351 0.350836 
3.35 0.4 -0.0951663 0.331974 
3.4 0.4 -0.0484983 0.320255 
3.45 0.4 -4.54853e-05 0.316273 
3.5 0.4 0.0484093 0.320239 
3.55 0.4 0.095083 0.331943 
3.6 0.4 0.138277 0.350792 
3.65 0.4 0.17645 0.375919 
3.7 0.4 0.208274 0.406322 
3.75 0.4 0.23267 0.440981 
3.8 0.4 0.24882 0.478936 
3.85 0.4 0.256177 0.519283 
3.9 0.4 0.254465 0.561122 
3.95 0.4 0.243679 0.603448 
4 0.4 0.224098 0.645035 
4.05 0.4 0.1963 0.684345 
4.1 0.4 0.161172 0.71952 
4.15 0.4 0.119918 0.748498 
4.2 0.4 0.0740338 0.769253 
4.25 0.4 0.0252583 0.780144 
4.3 0.4 -0.0245059 0.780238 
4.35 0.4 -0.0732986 0.769529 
4.4 0.4 -0.119215 0.748935 
4.45 0.4 -0.160513 0.720092 
4.5 0.4 -0.195691 0.685016 
4.55 0.4 -0.223542 0.645773 
4.6 0.4 -0.243172 0.604219 
4.65 0.4 -0.253996 0.561897 
4.7 0.4 -0.255732 0.520037 
4.75 0.4 -0.248377 0.479649 
4.8 0.4 -0.232203 0.441638 
4.85 0.4 -0.20775 0.406914 
4.9 0.4 -0.175827 0.376449 
4.95 0.4 -0.137507 0.351278 
5 0.4 -0.094121 0.332429 
0 0.45 -0.145681 0.324789 
0.05 0.45 -0.0998982 0.304114 
0.1 0.45 -0.0503652 0.291182 
0.15 0.45 0.00110027 0.286793 
0.2 0.45 0.0525712 0.291233 
0.25 0.45 0.102115 0.304222 
0.3 0.45 0.147896 0.324972 
0.35 0.45 0.188257 0.352346 
0.4 0.45 0.221782 0.385048 
0.45 0.45 0.247335 0.421801 
0.5 0.45 0.264073 0.461444 
0.55 0.45 0.271447 0.502953 
0.6 0.45 0.269203 0.545372 
0.65 0.45 0.257375 0.587704 
0.7 0.45 0.236299 0.628784 
0.75 0.45 0.206618 0.667189 
0.8 0.45 0.169293 0.701222 
0.85 0.45 0.125606 0.729015 
0.9 0.45 0.0771302 0.748756 
0.95 0.45 0.0256819 0.758984 
1 0.45 -0.0267627 0.758883 
1.05 0.45 -0.0781722 0.748462 
1.1 0.45 -0.126572 0.728551 
1.15 0.45 -0.170151 0.700619 
1.2 0.45 -0.207338 0.666484 
1.25 0.45 -0.236859 0.62801 
1.3 0.45 -0.257756 0.586887 
1.35 0.45 -0.269392 0.544534 
1.4 0.45 -0.271436 0.50211 
1.45 0.45 -0.263857 0.460608 
1.5 0.45 -0.246914 0.420983 
1.55 0.45 -0.221159 0.384263 
1.6 0.45 -0.18744 0.351608 
1.65 0.45 -0.146895 0.324298 
1.7 0.45 -0.100941 0.303624 
1.75 0.45 -0.0512353 0.290721 
1.8 0.45 0.000386991 0.286371 
1.85 0.45 0.0519954 0.290849 
1.9 0.45 0.10166 0.303872 
1.95 0.45 0.147548 0.32465 
2 0.45 0.188006 0.352047 
2.05 0.45 0.22162 0.384769 
2.1 0.45 0.247255 0.421539 
2.15 0.45 0.264069 0.461196 
2.2 0.45 0.271514 0.502717 
2.25 0.45 0.269335 0.545146 
2.3 0.45 0.257566 0.587491 
2.35 0.45 0.236542 0.628588 
2.4 0.45 0.206906 0.667016 
2.45 0.45 0.169618 0.701082 
2.5 0.45 0.125958 0.72892 
2.55 0.45 0.0774974 0.748717 
2.6 0.45 0.0260525 0.759008 
2.65 0.45 -0.0264014 0.758973 
2.7 0.45 -0.0778331 0.748616 
2.75 0.45 -0.126268 0.72876 
2.8 0.45 -0.169891 0.700875 
2.85 0.45 -0.207133 0.666774 
2.9 0.45 -0.236716 0.628323 
2.95 0.45 -0.257681 0.587213 
3 0.45 -0.269387 0.544865 
3.05 0.45 -0.271504 0.502438 
3.1 0.45 -0.263996 0.460926 
3.15 0.45 -0.247123 0.421284 
3.2 0.45 -0.221432 0.384537 
3.25 0.45 -0.187769 0.351845 
3.3 0.45 -0.14727 0.324486 
3.35 0.45 -0.101351 0.303754 
3.4 0.45 -0.0516654 0.290784 
3.45 0.45 -4.80198e-05 0.286361 
3.5 0.45 0.0515715 0.290767 
3.55 0.45 0.101263 0.303721 
3.6 0.45 0.147193 0.324439 
3.65 0.45 0.187705 0.351786 
3.7 0.45 0.221384 0.384468 
3.75 0.45 0.247094 0.421208 
3.8 0.45 0.26399 0.460845 
3.85 0.45 0.27152 0.502353 
3.9 0.45 0.269428 0.544779 
3.95 0.45 0.257747 0.587129 
4 0.45 0.236808 0.628244 
4.05 0.45 0.20725 0.666708 
4.1 0.45 0.170032 0.700827 
4.15 0.45 0.126431 0.728741 
4.2 0.45 0.0780166 0.748632 
4.25 0.45 0.0266032 0.759033 
4.3 0.45 -0.025834 0.759116 
4.35 0.45 -0.0772623 0.748874 
4.4 0.45 -0.125704 0.729124 
4.45 0.45 -0.169342 0.701325 
4.5 0.45 -0.206598 0.667286 
4.55 0.45 -0.23619 0.62887 
4.6 0.45 -0.257152 0.587769 
4.65 0.45 -0.268836 0.545405 
4.7 0.45 -0.270905 0.502941 
4.75 0.45 -0.263317 0.461377 
4.8 0.45 -0.246325 0.421676 
4.85 0.45 -0.220477 0.384874 
4.9 0.45 -0.186618 0.352146 
4.95 0.45 -0.145896 0.324789 
5 0.45 -0.099751 0.304114 
0 0.5 -0.148762 0.303396 
0.05 0.5 -0.101929 0.280964 
0.1 0.5 -0.0512338 0.266872 
0.15 0.5 0.00145445 0.262108 
0.2 0.5 0.0541412 0.267024 
0.25 0.5 0.104822 0.281263 
0.3 0.5 0.151593 0.303832 
0.35 0.5 0.192743 0.333312 
0.4 0.5 0.226825 0.368108 
0.45 0.5 0.252688 0.406673 
0.5 0.5 0.269493 0.447641 
0.55 0.5 0.276713 0.489856 
0.6 0.5 0.274126 0.532309 
0.65 0.5 0.261805 0.574023 
0.7 0.5 0.240127 0.613922 
0.75 0.5 0.209776 0.650741 
0.8 0.5 0.171748 0.683009 
0.85 0.5 0.127349 0.709126 
0.9 0.5 0.0781663 0.727554 
0.95 0.5 0.0260193 0.737063 
1 0.5 -0.0271203 0.736969 
1.05 0.5 -0.0792284 0.727279 
1.1 0.5 -0.128335 0.708688 
1.15 0.5 -0.172625 0.682435 
1.2 0.5 -0.210513 0.650061 
1.25 0.5 -0.2407 0.613162 
1.3 0.5 -0.262193 0.573206 
1.35 0.5 -0.274312 0.531454 
1.4 0.5 -0.276686 0.488976 
1.45 0.5 -0.269241 0.446749 
1.5 0.5 -0.252206 0.405782 
1.55 0.5 -0.226109 0.367236 
1.6 0.5 -0.191792 0.332482 
1.65 0.5 -0.150407 0.303071 
1.7 0.5 -0.103407 0.2806 
1.75 0.5 -0.0525033 0.266486 
1.8 0.5 0.000397407 0.261711 
1.85 0.5 0.0532836 0.266627 
1.9 0.5 0.104145 0.280873 
1.95 0.5 0.151077 0.303456 
2 0.5 0.19237 0.332956 
2.05 0.5 0.226578 0.367776 
2.1 0.5 0.252552 0.406366 
2.15 0.5 0.269455 0.447358 
2.2 0.5 0.276762 0.489595 
2.25 0.5 0.27425 0.53207 
2.3 0.5 0.261996 0.573805 
2.35 0.5 0.240375 0.613727 
2.4 0.5 0.210072 0.650576 
2.45 0.5 0.172082 0.682881 
2.5 0.5 0.12771 0.709043 
2.55 0.5 0.0785422 0.727525 
2.6 0.5 0.0263981 0.737094 
2.65 0.5 -0.0267515 0.737062 
2.7 0.5 -0.0788823 0.727431 
2.75 0.5 -0.128024 0.708893 
2.8 0.5 -0.172359 0.682685 
2.85 0.5 -0.210303 0.650346 
2.9 0.5 -0.240552 0.613472 
2.95 0.5 -0.262114 0.573534 
3 0.5 -0.274305 0.531791 
3.05 0.5 -0.276753 0.489315 
3.1 0.5 -0.269382 0.447082 
3.15 0.5 -0.252418 0.406102 
3.2 0.5 -0.226387 0.367532 
3.25 0.5 -0.192128 0.332741 
3.3 0.5 -0.150792 0.30328 
3.35 0.5 -0.103827 0.280746 
3.4 0.5 -0.0529445 0.266558 
3.45 0.5 -4.88147e-05 0.261704 
3.5 0.5 0.052849 0.26654 
3.55 0.5 0.103738 0.280711 
3.6 0.5 0.150713 0.303231 
3.65 0.5 0.192063 0.33268 
3.7 0.5 0.226339 0.367462 
3.75 0.5 0.252389 0.406026 
3.8 0.5 0.269375 0.447003 
3.85 0.5 0.276769 0.489235 
3.9 0.5 0.274345 0.531711 
3.95 0.5 0.262178 0.573458 
4 0.5 0.240641 0.613404 
4.05 0.5 0.210415 0.65029 
4.1 0.5 0.172494 0.682647 
4.15 0.5 0.128179 0.708879 
4.2 0.5 0.0790561 0.727447 
4.25 0.5 0.0269425 0.737113 
4.3 0.5 -0.0261903 0.737182 
4.35 0.5 -0.0783161 0.727648 
4.4 0.5 -0.127461 0.709195 
4.45 0.5 -0.171803 0.683052 
4.5 0.5 -0.209749 0.650753 
4.55 0.5 -0.23999 0.613893 
4.6 0.5 -0.261523 0.573941 
4.65 0.5 -0.273658 0.53216 
4.7 0.5 -0.276015 0.489625 
4.75 0.5 -0.26851 0.447321 
4.8 0.5 -0.251366 0.406267 
4.85 0.5 -0.225112 0.367639 
4.9 0.5 -0.190593 0.332825 
4.95 0.5 -0.148983 0.303396 
5 0.5 -0.101777 0.280964 
0 0.55 -0.146361 0.284124 
0.05 0.55 -0.100229 0.260208 
0.1 0.55 -0.050254 0.245132 
0.15 0.55 0.00170374 0.240055 
0.2 0.55 0.0536525 0.245392 
0.25 0.55 0.103588 0.260709 
0.3 0.55 0.149608 0.284827 
0.35 0.55 0.190016 0.316067 
0.4 0.55 0.223381 0.352561 
0.45 0.55 0.248586 0.392515 
0.5 0.55 0.264829 0.434375 
0.55 0.55 0.271626 0.476861 
0.6 0.55 0.268792 0.518914 
0.65 0.55 0.256441 0.559574 
0.7 0.55 0.234976 0.597862 
0.75 0.55 0.205094 0.632684 
0.8 0.55 0.167787 0.662812 
0.85 0.55 0.124336 0.68694 
0.9 0.55 0.0762841 0.703831 
0.95 0.55 0.0253856 0.712505 
1 0.55 -0.0264652 0.712419 
1.05 0.55 -0.0773263 0.703578 
1.1 0.55 -0.125305 0.686534 
1.15 0.55 -0.168649 0.662273 
1.2 0.55 -0.20582 0.632036 
1.25 0.55 -0.235541 0.597126 
1.3 0.55 -0.256822 0.558768 
1.35 0.55 -0.26897 0.518052 
1.4 0.55 -0.271584 0.475955 
1.45 0.55 -0.264554 0.433437 
1.5 0.55 -0.248066 0.391561 
1.55 0.55 -0.222606 0.351613 
1.6 0.55 -0.188977 0.315157 
1.65 0.55 -0.148302 0.283994 
1.7 0.55 -0.102012 0.259997 
1.75 0.55 -0.0518112 0.244843 
1.8 0.55 0.000392912 0.239703 
1.85 0.55 0.0525825 0.244996 
1.9 0.55 0.102741 0.26029 
1.95 0.55 0.148962 0.284406 
2 0.55 0.189546 0.31566 
2.05 0.55 0.223066 0.35218 
2.1 0.55 0.248403 0.392167 
2.15 0.55 0.264761 0.434061 
2.2 0.55 0.271655 0.476581 
2.25 0.55 0.268906 0.518665 
2.3 0.55 0.256626 0.559356 
2.35 0.55 0.23522 0.597674 
2.4 0.55 0.205386 0.632531 
2.45 0.55 0.168116 0.662698 
2.5 0.55 0.124692 0.686871 
2.55 0.55 0.0766544 0.703814 
2.6 0.55 0.0257582 0.712543 
2.65 0.55 -0.0261028 0.712514 
2.7 0.55 -0.0769863 0.703728 
2.75 0.55 -0.124999 0.686734 
2.8 0.55 -0.168388 0.662517 
2.85 0.55 -0.205612 0.632315 
2.9 0.55 -0.235394 0.597432 
2.95 0.55 -0.256743 0.559094 
3 0.55 -0.268961 0.518392 
3.05 0.55 -0.271648 0.476302 
3.1 0.55 -0.264691 0.433782 
3.15 0.55 -0.248273 0.391897 
3.2 0.55 -0.222878 0.351927 
3.25 0.55 -0.189308 0.315435 
3.3 0.55 -0.148681 0.28422 
3.35 0.55 -0.102427 0.260156 
3.4 0.55 -0.052247 0.244923 
3.45 0.55 -4.78394e-05 0.239698 
3.5 0.55 0.0521534 0.244904 
3.55 0.55 0.10234 0.26012 
3.6 0.55 0.148604 0.284169 
3.65 0.55 0.189244 0.315373 
3.7 0.55 0.222831 0.351857 
3.75 0.55 0.248244 0.391822 
3.8 0.55 0.264683 0.433706 
3.85 0.55 0.271662 0.476226 
3.9 0.55 0.268998 0.518318 
3.95 0.55 0.256802 0.559026 
4 0.55 0.235476 0.597372 
4.05 0.55 0.205715 0.632267 
4.1 0.55 0.16851 0.662485 
4.15 0.55 0.125139 0.686722 
4.2 0.55 0.0771427 0.70374 
4.25 0.55 0.0262745 0.712551 
4.3 0.55 -0.0255706 0.712605 
4.35 0.55 -0.076448 0.703895 
4.4 0.55 -0.12446 0.686964 
4.45 0.55 -0.167849 0.662789 
4.5 0.55 -0.205065 0.632605 
4.55 0.55 -0.234823 0.597713 
4.6 0.55 -0.256123 0.559339 
4.65 0.55 -0.268259 0.518574 
4.7 0.55 -0.270821 0.476402 
4.75 0.55 -0.263691 0.433791 
4.8 0.55 -0.247049 0.391817 
4.85 0.55 -0.221384 0.351784 
4.9 0.55 -0.187512 0.315279 
4.95 0.55 -0.146581 0.284124 
5 0.55 -0.100078 0.260208 
0 0.6 -0.138544 0.264668 
0.05 0.6 -0.0948429 0.23981 
0.1 0.6 -0.0474607 0.2241 
0.15 0.6 0.00182128 0.218832 
0.2 0.6 0.0510875 0.224462 
0.25 0.6 0.0984093 0.240501 
0.3 0.6 0.141962 0.265623 
0.35 0.6 0.180124 0.297954 
0.4 0.6 0.211542 0.335419 
0.45 0.6 0.235169 0.376043 
0.5 0.6 0.250271 0.418128 
0.55 0.6 0.256421 0.460304 
0.6 0.6 0.253479 0.501471 
0.65 0.6 0.241587 0.54069 
0.7 0.6 0.221156 0.577069 
0.75 0.6 0.192867 0.609678 
0.8 0.6 0.157669 0.63752 
0.85 0.6 0.116771 0.65957 
0.9 0.6 0.0716134 0.674876 
0.95 0.6 0.023825 0.682694 
1 0.6 -0.0248429 0.682616 
1.05 0.6 -0.0725966 0.674646 
1.1 0.6 -0.117686 0.659198 
1.15 0.6 -0.158485 0.637021 
1.2 0.6 -0.193555 0.609069 
1.25 0.6 -0.221691 0.576364 
1.3 0.6 -0.241947 0.539903 
1.35 0.6 -0.253643 0.500613 
1.4 0.6 -0.25637 0.459385 
1.45 0.6 -0.249989 0.417159 
1.5 0.6 -0.234639 0.375042 
1.55 0.6 -0.21075 0.334413 
1.6 0.6 -0.179058 0.296981 
1.65 0.6 -0.140613 0.264734 
1.7 0.6 -0.0967726 0.239754 
1.75 0.6 -0.0491654 0.223915 
1.8 0.6 0.000373457 0.218533 
1.85 0.6 0.0498983 0.224076 
1.9 0.6 0.0974642 0.240061 
1.95 0.6 0.141239 0.265164 
2 0.6 0.179596 0.297504 
2.05 0.6 0.211184 0.334997 
2.1 0.6 0.234956 0.37566 
2.15 0.6 0.250182 0.417789 
2.2 0.6 0.256434 0.460009 
2.25 0.6 0.253579 0.501216 
2.3 0.6 0.241759 0.540474 
2.35 0.6 0.221386 0.576891 
2.4 0.6 0.193144 0.609539 
2.45 0.6 0.157982 0.637422 
2.5 0.6 0.117109 0.659516 
2.55 0.6 0.0719641 0.674871 
2.6 0.6 0.0241773 0.68274 
2.65 0.6 -0.0245005 0.682714 
2.7 0.6 -0.0722756 0.674793 
2.75 0.6 -0.117397 0.659392 
2.8 0.6 -0.158238 0.637256 
2.85 0.6 -0.193358 0.609339 
2.9 0.6 -0.221552 0.576663 
2.95 0.6 -0.24187 0.540225 
3 0.6 -0.253633 0.500952 
3.05 0.6 -0.256429 0.459734 
3.1 0.6 -0.250117 0.417512 
3.15 0.6 -0.234834 0.375388 
3.2 0.6 -0.211008 0.334739 
3.25 0.6 -0.179371 0.297272 
3.3 0.6 -0.140972 0.264973 
3.35 0.6 -0.0971661 0.239923 
3.4 0.6 -0.0495792 0.224002 
3.45 0.6 -4.51366e-05 0.218529 
3.5 0.6 0.0494909 0.223982 
3.55 0.6 0.0970838 0.239886 
3.6 0.6 0.1409 0.264921 
3.65 0.6 0.179311 0.297209 
3.7 0.6 0.210963 0.334669 
3.75 0.6 0.234807 0.375314 
3.8 0.6 0.250109 0.417438 
3.85 0.6 0.256441 0.459663 
3.9 0.6 0.253665 0.500884 
3.95 0.6 0.241922 0.540164 
4 0.6 0.221623 0.576611 
4.05 0.6 0.193447 0.609297 
4.1 0.6 0.158343 0.637228 
4.15 0.6 0.117517 0.659379 
4.2 0.6 0.072409 0.674797 
4.25 0.6 0.0246467 0.682733 
4.3 0.6 -0.0240171 0.682771 
4.35 0.6 -0.071786 0.674906 
4.4 0.6 -0.116905 0.659546 
4.45 0.6 -0.15774 0.637431 
4.5 0.6 -0.192845 0.609509 
4.55 0.6 -0.221004 0.576803 
4.6 0.6 -0.24126 0.540306 
4.65 0.6 -0.252923 0.500949 
4.7 0.6 -0.255574 0.459629 
4.75 0.6 -0.249066 0.417296 
4.8 0.6 -0.233537 0.37507 
4.85 0.6 -0.209419 0.334354 
4.9 0.6 -0.177463 0.296883 
4.95 0.6 -0.138753 0.264668 
5 0.6 -0.0947002 0.23981 
0 0.65 -0.12565 0.243337 
0.05 0.65 -0.0860025 0.218352 
0.1 0.65 -0.0429744 0.202538 
0.15 0.65 0.00179689 0.197255 
0.2 0.65 0.0465469 0.202981 
0.25 0.65 0.0894992 0.219192 
0.3 0.65 0.128978 0.244488 
0.35 0.65 0.1635 0.276894 
0.4 0.65 0.19184 0.314235 
0.45 0.65 0.213061 0.354449 
0.5 0.65 0.226519 0.395772 
0.55 0.65 0.231852 0.436791 
0.6 0.65 0.228967 0.476395 
0.65 0.65 0.218019 0.513675 
0.7 0.65 0.199406 0.547816 
0.75 0.65 0.173762 0.578031 
0.8 0.65 0.141956 0.603519 
0.85 0.65 0.105078 0.623495 
0.9 0.65 0.064418 0.637251 
0.95 0.65 0.0214259 0.644242 
1 0.65 -0.0223452 0.644172 
1.05 0.65 -0.0653066 0.637044 
1.1 0.65 -0.105906 0.623157 
1.15 0.65 -0.142695 0.60306 
1.2 0.65 -0.174387 0.577463 
1.25 0.65 -0.199893 0.547149 
1.3 0.65 -0.218346 0.512918 
1.35 0.65 -0.229114 0.475557 
1.4 0.65 -0.2318 0.435878 
1.45 0.65 -0.226248 0.394796 
1.5 0.65 -0.212554 0.353429 
1.55 0.65 -0.191081 0.313201 
1.6 0.65 -0.162473 0.27589 
1.65 0.65 -0.127672 0.243571 
1.7 0.65 -0.0879095 0.218433 
1.75 0.65 -0.044676 0.202449 
1.8 0.65 0.00033981 0.19701 
1.85 0.65 0.0453426 0.202612 
1.9 0.65 0.0885381 0.218744 
1.95 0.65 0.12824 0.244005 
2 0.65 0.162961 0.276414 
2.05 0.65 0.191473 0.313785 
2.1 0.65 0.21284 0.354043 
2.15 0.65 0.22642 0.395417 
2.2 0.65 0.231855 0.436488 
2.25 0.65 0.229054 0.476141 
2.3 0.65 0.218174 0.513466 
2.35 0.65 0.199615 0.54765 
2.4 0.65 0.174015 0.577906 
2.45 0.65 0.142241 0.603436 
2.5 0.65 0.105384 0.623456 
2.55 0.65 0.0647361 0.637257 
2.6 0.65 0.021745 0.644295 
2.65 0.65 -0.0220355 0.644271 
2.7 0.65 -0.0650162 0.637188 
2.75 0.65 -0.105644 0.623345 
2.8 0.65 -0.142471 0.603286 
2.85 0.65 -0.174208 0.577722 
2.9 0.65 -0.199765 0.547438 
2.95 0.65 -0.218275 0.513231 
3 0.65 -0.229104 0.475888 
3.05 0.65 -0.231851 0.436223 
3.1 0.65 -0.226362 0.395146 
3.15 0.65 -0.212729 0.353775 
3.2 0.65 -0.191313 0.313529 
3.25 0.65 -0.162757 0.276184 
3.3 0.65 -0.127998 0.243813 
3.35 0.65 -0.088267 0.218605 
3.4 0.65 -0.0450522 0.202538 
3.45 0.65 -4.08281e-05 0.197007 
3.5 0.65 0.0449724 0.202518 
3.55 0.65 0.0881926 0.218568 
3.6 0.65 0.127933 0.243762 
3.65 0.65 0.162703 0.276122 
3.7 0.65 0.191273 0.313461 
3.75 0.65 0.212705 0.353705 
3.8 0.65 0.226354 0.395077 
3.85 0.65 0.231861 0.436156 
3.9 0.65 0.22913 0.475826 
3.95 0.65 0.218319 0.513175 
4 0.65 0.199825 0.547391 
4.05 0.65 0.174282 0.577684 
4.1 0.65 0.142558 0.603259 
4.15 0.65 0.105742 0.623328 
4.2 0.65 0.0651237 0.637181 
4.25 0.65 0.0221526 0.64427 
4.3 0.65 -0.0216166 0.644294 
4.35 0.65 -0.064592 0.637248 
4.4 0.65 -0.105216 0.623426 
4.45 0.65 -0.142035 0.603369 
4.5 0.65 -0.173752 0.577782 
4.55 0.65 -0.19927 0.547448 
4.6 0.65 -0.217712 0.513165 
4.65 0.65 -0.228434 0.475722 
4.7 0.65 -0.231032 0.435939 
4.75 0.65 -0.225343 0.394738 
4.8 0.65 -0.211463 0.353257 
4.85 0.65 -0.18976 0.312943 
4.9 0.65 -0.160893 0.275601 
4.95 0.65 -0.125837 0.243337 
5 0.65 -0.0858747 0.218352 
0 0.7 -0.108332 0.218965 
0.05 0.7 -0.074149 0.194896 
0.1 0.7 -0.037015 0.179651 
0.15 0.7 0.00163774 0.174575 
0.2 0.7 0.040265 0.180138 
0.25 0.7 0.0773135 0.195817 
0.3 0.7 0.111322 0.220221 
0.35 0.7 0.141003 0.251395 
0.4 0.7 0.165303 0.28719 
0.45 0.7 0.183425 0.325574 
0.5 0.7 0.194833 0.364811 
0.55 0.7 0.199238 0.403515 
0.6 0.7 0.196583 0.440604 
0.65 0.7 0.187023 0.475215 
0.7 0.7 0.170921 0.506613 
0.75 0.7 0.148836 0.534126 
0.8 0.7 0.12152 0.557114 
0.85 0.7 0.0899092 0.574979 
0.9 0.7 0.0551008 0.587199 
0.95 0.7 0.0183231 0.593382 
1 0.7 -0.0191122 0.59332 
1.05 0.7 -0.055864 0.587014 
1.1 0.7 -0.0906213 0.574676 
1.15 0.7 -0.122157 0.5567 
1.2 0.7 -0.149376 0.533606 
1.25 0.7 -0.171343 0.505995 
1.3 0.7 -0.187307 0.474505 
1.35 0.7 -0.196709 0.439807 
1.4 0.7 -0.19919 0.402637 
1.45 0.7 -0.194592 0.363864 
1.5 0.7 -0.182973 0.324575 
1.55 0.7 -0.164622 0.286172 
1.6 0.7 -0.140079 0.250403 
1.65 0.7 -0.110142 0.219318 
1.7 0.7 -0.0758745 0.195078 
1.75 0.7 -0.0385709 0.179639 
1.8 0.7 0.000293673 0.174381 
1.85 0.7 0.0391468 0.179797 
1.9 0.7 0.0764171 0.195379 
1.95 0.7 0.110632 0.219737 
2 0.7 0.140498 0.250909 
2.05 0.7 0.164958 0.286733 
2.1 0.7 0.183216 0.325163 
2.15 0.7 0.194737 0.364456 
2.2 0.7 0.199235 0.403216 
2.25 0.7 0.196655 0.440358 
2.3 0.7 0.187157 0.475018 
2.35 0.7 0.171103 0.506462 
2.4 0.7 0.149055 0.534017 
2.45 0.7 0.121767 0.557047 
2.5 0.7 0.0901742 0.574953 
2.55 0.7 0.055375 0.587215 
2.6 0.7 0.0185977 0.59344 
2.65 0.7 -0.0188459 0.59342 
2.7 0.7 -0.0556145 0.587154 
2.75 0.7 -0.0903965 0.574854 
2.8 0.7 -0.121965 0.556912 
2.85 0.7 -0.149222 0.533851 
2.9 0.7 -0.171232 0.506268 
2.95 0.7 -0.187245 0.474801 
3 0.7 -0.196699 0.440123 
3.05 0.7 -0.199233 0.402967 
3.1 0.7 -0.194688 0.3642 
3.15 0.7 -0.183122 0.324908 
3.2 0.7 -0.164822 0.286488 
3.25 0.7 -0.140322 0.250687 
3.3 0.7 -0.110423 0.219553 
3.35 0.7 -0.076183 0.195246 
3.4 0.7 -0.0388957 0.179726 
3.45 0.7 -3.51276e-05 0.174379 
3.5 0.7 0.0388271 0.179708 
3.55 0.7 0.076119 0.19521 
3.6 0.7 0.110367 0.219504 
3.65 0.7 0.140276 0.250629 
3.7 0.7 0.164787 0.286424 
3.75 0.7 0.183101 0.324842 
3.8 0.7 0.194681 0.364135 
3.85 0.7 0.19924 0.402905 
3.9 0.7 0.19672 0.440066 
3.95 0.7 0.187279 0.474751 
4 0.7 0.171279 0.506225 
4.05 0.7 0.149279 0.533815 
4.1 0.7 0.122031 0.556884 
4.15 0.7 0.0904709 0.574832 
4.2 0.7 0.0556954 0.587135 
4.25 0.7 0.0189333 0.5934 
4.3 0.7 -0.0185021 0.593412 
4.35 0.7 -0.055267 0.587167 
4.4 0.7 -0.0900457 0.574873 
4.45 0.7 -0.121606 0.556918 
4.5 0.7 -0.148842 0.533819 
4.55 0.7 -0.170814 0.506174 
4.6 0.7 -0.18676 0.474621 
4.65 0.7 -0.196113 0.439832 
4.7 0.7 -0.198506 0.402551 
4.75 0.7 -0.193776 0.363657 
4.8 0.7 -0.181983 0.324256 
4.85 0.7 -0.163422 0.285772 
4.9 0.7 -0.138647 0.249983 
4.95 0.7 -0.108486 0.218965 
5 0.7 -0.0740434 0.194896 
0 0.75 -0.0876015 0.190869 
0.05 0.75 -0.0599668 0.168877 
0.1 0.75 -0.0299183 0.154947 
0.15 0.75 0.00136786 0.150323 
0.2 0.75 0.0326256 0.155435 
0.25 0.75 0.0625834 0.169795 
0.3 0.75 0.0900482 0.192114 
0.35 0.75 0.113975 0.220582 
0.4 0.75 0.133514 0.253212 
0.45 0.75 0.148031 0.288122 
0.5 0.75 0.157108 0.323707 
0.55 0.75 0.160527 0.35868 
0.6 0.75 0.158262 0.392041 
0.65 0.75 0.150453 0.423003 
0.7 0.75 0.137406 0.450913 
0.75 0.75 0.11958 0.475206 
0.8 0.75 0.097584 0.495369 
0.85 0.75 0.072171 0.510944 
0.9 0.75 0.0442178 0.521546 
0.95 0.75 0.0147014 0.526894 
1 0.75 -0.0153366 0.526841 
1.05 0.75 -0.0448325 0.521385 
1.1 0.75 -0.0727452 0.510679 
1.15 0.75 -0.0980987 0.495004 
1.2 0.75 -0.120017 0.474745 
1.25 0.75 -0.137748 0.45036 
1.3 0.75 -0.150685 0.422361 
1.35 0.75 -0.158366 0.391315 
1.4 0.75 -0.160489 0.357874 
1.45 0.75 -0.15691 0.322831 
1.5 0.75 -0.147658 0.287195 
1.55 0.75 -0.13295 0.252262 
1.6 0.75 -0.113206 0.219657 
1.65 0.75 -0.0890647 0.191274 
1.7 0.75 -0.0613818 0.169115 
1.75 0.75 -0.031212 0.15499 
1.8 0.75 0.000237805 0.150177 
1.85 0.75 0.0316783 0.155135 
1.9 0.75 0.0618206 0.169391 
1.95 0.75 0.0894599 0.191658 
2 0.75 0.113544 0.22012 
2.05 0.75 0.13322 0.252775 
2.1 0.75 0.147853 0.287732 
2.15 0.75 0.157025 0.323371 
2.2 0.75 0.160524 0.3584 
2.25 0.75 0.158321 0.391814 
2.3 0.75 0.150563 0.422824 
2.35 0.75 0.137555 0.45078 
2.4 0.75 0.119758 0.475114 
2.45 0.75 0.0977844 0.495316 
2.5 0.75 0.0723856 0.510929 
2.55 0.75 0.0444394 0.521569 
2.6 0.75 0.014923 0.526954 
2.65 0.75 -0.015122 0.526936 
2.7 0.75 -0.0446315 0.521516 
2.75 0.75 -0.0725641 0.510843 
2.8 0.75 -0.0979432 0.495199 
2.85 0.75 -0.119892 0.474968 
2.9 0.75 -0.137659 0.450608 
2.95 0.75 -0.150634 0.422631 
3 0.75 -0.158357 0.391603 
3.05 0.75 -0.160522 0.358176 
3.1 0.75 -0.156987 0.323139 
3.15 0.75 -0.147778 0.2875 
3.2 0.75 -0.13311 0.252553 
3.25 0.75 -0.113403 0.219918 
3.3 0.75 -0.0892914 0.19149 
3.35 0.75 -0.0616312 0.169269 
3.4 0.75 -0.031475 0.15507 
3.45 0.75 -2.83578e-05 0.150176 
3.5 0.75 0.0314195 0.155053 
3.55 0.75 0.0615796 0.169237 
3.6 0.75 0.0892459 0.191446 
3.65 0.75 0.113365 0.219865 
3.7 0.75 0.133082 0.252495 
3.75 0.75 0.14776 0.287441 
3.8 0.75 0.15698 0.323081 
3.85 0.75 0.160527 0.358121 
3.9 0.75 0.158372 0.391553 
3.95 0.75 0.150659 0.422586 
4 0.75 0.137693 0.450569 
4.05 0.75 0.119934 0.474934 
4.1 0.75 0.0979911 0.49517 
4.15 0.75 0.0726167 0.510816 
4.2 0.75 0.0446876 0.521488 
4.25 0.75 0.0151817 0.526902 
4.3 0.75 -0.0148583 0.526905 
4.35 0.75 -0.044366 0.521494 
4.4 0.75 -0.0722966 0.510816 
4.45 0.75 -0.0976687 0.495149 
4.5 0.75 -0.1196 0.474874 
4.55 0.75 -0.137333 0.450447 
4.6 0.75 -0.15025 0.42238 
4.65 0.75 -0.157886 0.391244 
4.7 0.75 -0.159931 0.357695 
4.75 0.75 -0.156239 0.322538 
4.8 0.75 -0.14684 0.286799 
4.85 0.75 -0.131959 0.251797 
4.9 0.75 -0.112029 0.21918 
4.95 0.75 -0.0877116 0.190869 
5 0.75 -0.0598913 0.168877 
0 0.8 -0.0648798 0.158818 
0.05 0.8 -0.0444195 0.140035 
0.1 0.8 -0.0221555 0.128147 
0.15 0.8 0.00102612 0.12421 
0.2 0.8 0.0241776 0.128589 
0.25 0.8 0.0463485 0.140864 
0.3 0.8 0.0666492 0.159932 
0.35 0.8 0.084304 0.184244 
0.4 0.8 0.0986867 0.212097 
0.45 0.8 0.109336 0.241875 
0.5 0.8 0.115952 0.272193 
0.55 0.8 0.118389 0.301938 
0.6 0.8 0.116637 0.330243 
0.65 0.8 0.110811 0.35643 
0.7 0.8 0.101143 0.379948 
0.75 0.8 0.0879779 0.400333 
0.8 0.8 0.071766 0.417182 
0.85 0.8 0.05306 0.430147 
0.9 0.8 0.0325018 0.438945 
0.95 0.8 0.0108046 0.443375 
1 0.8 -0.0112726 0.44333 
1.05 0.8 -0.032955 0.438812 
1.1 0.8 -0.0534839 0.429926 
1.15 0.8 -0.0721467 0.416876 
1.2 0.8 -0.0883021 0.399944 
1.25 0.8 -0.101398 0.379479 
1.3 0.8 -0.110984 0.355882 
1.35 0.8 -0.116717 0.32962 
1.4 0.8 -0.118363 0.301244 
1.45 0.8 -0.115807 0.271437 
1.5 0.8 -0.109058 0.241072 
1.55 0.8 -0.0982648 0.211274 
1.6 0.8 -0.0837263 0.183442 
1.65 0.8 -0.0659081 0.159206 
1.7 0.8 -0.045442 0.140281 
1.75 0.8 -0.023113 0.128218 
1.8 0.8 0.000176156 0.124107 
1.85 0.8 0.0234583 0.128342 
1.9 0.8 0.0457668 0.140518 
1.95 0.8 0.0662001 0.159535 
2 0.8 0.0839755 0.183838 
2.05 0.8 0.0984635 0.211713 
2.1 0.8 0.109201 0.241531 
2.15 0.8 0.115891 0.271898 
2.2 0.8 0.118387 0.301693 
2.25 0.8 0.116682 0.330047 
2.3 0.8 0.110894 0.356278 
2.35 0.8 0.101255 0.379836 
2.4 0.8 0.0881114 0.400259 
2.45 0.8 0.0719151 0.417142 
2.5 0.8 0.0532191 0.43014 
2.55 0.8 0.0326657 0.43897 
2.6 0.8 0.0109682 0.443431 
2.65 0.8 -0.0111143 0.443416 
2.7 0.8 -0.0328068 0.438927 
2.75 0.8 -0.0533503 0.430069 
2.8 0.8 -0.072032 0.417044 
2.85 0.8 -0.0882099 0.400136 
2.9 0.8 -0.101332 0.379692 
2.95 0.8 -0.110946 0.356115 
3 0.8 -0.116709 0.329868 
3.05 0.8 -0.118387 0.301503 
3.1 0.8 -0.115863 0.271701 
3.15 0.8 -0.109146 0.241334 
3.2 0.8 -0.0983825 0.211523 
3.25 0.8 -0.0838711 0.183666 
3.3 0.8 -0.0660756 0.159391 
3.35 0.8 -0.0456266 0.140414 
3.4 0.8 -0.0233077 0.128287 
3.45 0.8 -2.09694e-05 0.124107 
3.5 0.8 0.0232667 0.128273 
3.55 0.8 0.0455884 0.140387 
3.6 0.8 0.0660419 0.159354 
3.65 0.8 0.0838433 0.183621 
3.7 0.8 0.0983616 0.211474 
3.75 0.8 0.109133 0.241283 
3.8 0.8 0.115858 0.271652 
3.85 0.8 0.118389 0.301457 
3.9 0.8 0.116719 0.329825 
3.95 0.8 0.110963 0.356076 
4 0.8 0.101355 0.379658 
4.05 0.8 0.0882377 0.400106 
4.1 0.8 0.0720633 0.417016 
4.15 0.8 0.0533839 0.430041 
4.2 0.8 0.0328418 0.438895 
4.25 0.8 0.0111506 0.443375 
4.3 0.8 -0.0109296 0.443373 
4.35 0.8 -0.0326221 0.438886 
4.4 0.8 -0.053165 0.430017 
4.45 0.8 -0.0718421 0.416966 
4.5 0.8 -0.0880073 0.400014 
4.55 0.8 -0.101103 0.379506 
4.6 0.8 -0.110674 0.355845 
4.65 0.8 -0.11637 0.329501 
4.7 0.8 -0.117955 0.301029 
4.75 0.8 -0.115313 0.271123 
4.8 0.8 -0.108454 0.240673 
4.85 0.8 -0.0975346 0.210821 
4.9 0.8 -0.0828675 0.182987 
4.95 0.8 -0.0649345 0.158818 
5 0.8 -0.0443818 0.140035 
0 0.85 -0.0420537 0.123005 
0.05 0.85 -0.028788 0.108371 
0.1 0.85 -0.0143552 0.0991222 
0.15 0.85 0.000662639 0.0960663 
0.2 0.85 0.0156503 0.0994796 
0.25 0.85 0.0299901 0.109038 
0.3 0.85 0.0431034 0.123889 
0.35 0.85 0.0544879 0.142835 
0.4 0.85 0.0637409 0.164553 
0.45 0.85 0.0705693 0.187782 
0.5 0.85 0.0747876 0.211433 
0.55 0.85 0.0763085 0.234627 
0.6 0.85 0.0751331 0.256675 
0.65 0.85 0.0713414 0.277041 
0.7 0.85 0.0650869 0.295294 
0.75 0.85 0.0565929 0.311079 
0.8 0.85 0.0461501 0.324093 
0.85 0.85 0.0341131 0.334086 
0.9 0.85 0.0208927 0.340854 
0.95 0.85 0.00694472 0.344257 
1 0.85 -0.00724603 0.344223 
1.05 0.85 -0.0211847 0.340751 
1.1 0.85 -0.0343866 0.333915 
1.15 0.85 -0.0463962 0.323857 
1.2 0.85 -0.0568032 0.310777 
1.25 0.85 -0.0652533 0.294928 
1.3 0.85 -0.0714559 0.276613 
1.35 0.85 -0.0751875 0.256186 
1.4 0.85 -0.0762946 0.234081 
1.45 0.85 -0.0746965 0.210837 
1.5 0.85 -0.0703921 0.187148 
1.55 0.85 -0.0634687 0.163904 
1.6 0.85 -0.0541131 0.142203 
1.65 0.85 -0.0426207 0.12332 
1.7 0.85 -0.0293987 0.108585 
1.75 0.85 -0.0149571 0.099198 
1.8 0.85 0.000113992 0.0960006 
1.85 0.85 0.0151804 0.0992945 
1.9 0.85 0.0296086 0.10877 
1.95 0.85 0.0428092 0.123577 
2 0.85 0.0542736 0.142513 
2.05 0.85 0.0635964 0.164247 
2.1 0.85 0.0704836 0.187507 
2.15 0.85 0.0747499 0.211198 
2.2 0.85 0.0763095 0.234432 
2.25 0.85 0.0751646 0.25652 
2.3 0.85 0.0713968 0.276922 
2.35 0.85 0.0651605 0.295208 
2.4 0.85 0.0566802 0.311023 
2.45 0.85 0.0462471 0.324065 
2.5 0.85 0.0342163 0.334084 
2.55 0.85 0.0209986 0.340877 
2.6 0.85 0.00705021 0.344304 
2.65 0.85 -0.00714408 0.344293 
2.7 0.85 -0.0210893 0.340843 
2.75 0.85 -0.0343006 0.334029 
2.8 0.85 -0.0463223 0.32399 
2.85 0.85 -0.0567436 0.310929 
2.9 0.85 -0.0652102 0.295097 
2.95 0.85 -0.071431 0.276796 
3 0.85 -0.0751821 0.256381 
3.05 0.85 -0.0763095 0.234284 
3.1 0.85 -0.0747322 0.211044 
3.15 0.85 -0.0704482 0.187354 
3.2 0.85 -0.0635443 0.164099 
3.25 0.85 -0.0542063 0.142379 
3.3 0.85 -0.0427288 0.123465 
3.35 0.85 -0.0295179 0.108689 
3.4 0.85 -0.015083 0.0992521 
3.45 0.85 -1.35626e-05 0.0960006 
3.5 0.85 0.0150565 0.0992409 
3.55 0.85 0.0294932 0.108668 
3.6 0.85 0.042707 0.123435 
3.65 0.85 0.0541883 0.142344 
3.7 0.85 0.0635308 0.164061 
3.75 0.85 0.0704395 0.187314 
3.8 0.85 0.0747285 0.211006 
3.85 0.85 0.0763108 0.234248 
3.9 0.85 0.0751881 0.256347 
3.95 0.85 0.0714411 0.276765 
4 0.85 0.0652238 0.295069 
4.05 0.85 0.0567598 0.310903 
4.1 0.85 0.0463401 0.323966 
4.15 0.85 0.0343192 0.334003 
4.2 0.85 0.021108 0.340813 
4.25 0.85 0.00716266 0.344254 
4.3 0.85 -0.00703118 0.344249 
4.35 0.85 -0.0209774 0.340798 
4.4 0.85 -0.0341893 0.333972 
4.45 0.85 -0.046209 0.323909 
4.5 0.85 -0.0566227 0.310809 
4.55 0.85 -0.0650729 0.294924 
4.6 0.85 -0.0712651 0.276555 
4.65 0.85 -0.0749726 0.256062 
4.7 0.85 -0.0760393 0.233881 
4.75 0.85 -0.0743843 0.210562 
4.8 0.85 -0.0700094 0.186811 
4.85 0.85 -0.0630092 0.163531 
4.9 0.85 -0.0535832 0.141835 
4.95 0.85 -0.0420418 0.123005 
5 0.85 -0.0287959 0.108371 
0 0.9 -0.0215382 0.083995 
0.05 0.9 -0.0147151 0.0741138 
0.1 0.9 -0.00732933 0.0678849 
0.15 0.9 0.00033349 0.0658316 
0.2 0.9 0.00797006 0.0681322 
0.25 0.9 0.0152683 0.0745719 
0.3 0.9 0.0219332 0.084587 
0.35 0.9 0.0277087 0.0973815 
0.4 0.9 0.0323916 0.11207 
0.45 0.9 0.0358361 0.127803 
0.5 0.9 0.0379519 0.143837 
0.55 0.9 0.0386991 0.15957 
0.6 0.9 0.0380819 0.174526 
0.65 0.9 0.0361432 0.188334 
0.7 0.9 0.0329621 0.200698 
0.75 0.9 0.0286522 0.211378 
0.8 0.9 0.0233602 0.220172 
0.85 0.9 0.0172648 0.226915 
0.9 0.9 0.010573 0.231478 
0.95 0.9 0.00351426 0.233772 
1 0.9 -0.00366685 0.233748 
1.05 0.9 -0.0107209 0.231409 
1.1 0.9 -0.0174036 0.2268 
1.15 0.9 -0.0234854 0.220011 
1.2 0.9 -0.0287595 0.211173 
1.25 0.9 -0.0330476 0.200449 
1.3 0.9 -0.0362027 0.188042 
1.35 0.9 -0.0381114 0.174193 
1.4 0.9 -0.0386943 0.159197 
1.45 0.9 -0.0379081 0.14343 
1.5 0.9 -0.0357485 0.12737 
1.55 0.9 -0.0322554 0.111628 
1.6 0.9 -0.0275196 0.096953 
1.65 0.9 -0.0216882 0.084203 
1.7 0.9 -0.0149671 0.074269 
1.75 0.9 -0.00761711 0.0679476 
1.8 0.9 5.80286e-05 0.065796 
1.85 0.9 0.00773078 0.0680127 
1.9 0.9 0.0150738 0.0743933 
1.95 0.9 0.0217839 0.0843763 
2 0.9 0.0276009 0.0971625 
2.05 0.9 0.0323199 0.111861 
2.1 0.9 0.0357945 0.127614 
2.15 0.9 0.0379348 0.143676 
2.2 0.9 0.0387015 0.159437 
2.25 0.9 0.0380995 0.17442 
2.3 0.9 0.0361725 0.188253 
2.35 0.9 0.0330005 0.20064 
2.4 0.9 0.0286972 0.21134 
2.45 0.9 0.0234099 0.220154 
2.5 0.9 0.0173174 0.226915 
2.55 0.9 0.0106268 0.231495 
2.6 0.9 0.00356775 0.233805 
2.65 0.9 -0.00361521 0.233797 
2.7 0.9 -0.0106726 0.231473 
2.75 0.9 -0.01736 0.226878 
2.8 0.9 -0.0234479 0.220103 
2.85 0.9 -0.0287293 0.211277 
2.9 0.9 -0.0330256 0.200565 
2.95 0.9 -0.0361899 0.188167 
3 0.9 -0.0381084 0.174326 
3.05 0.9 -0.0387016 0.159336 
3.1 0.9 -0.0379259 0.143571 
3.15 0.9 -0.0357767 0.12751 
3.2 0.9 -0.0322935 0.111761 
3.25 0.9 -0.0275668 0.0970719 
3.3 0.9 -0.021743 0.0843009 
3.35 0.9 -0.0150277 0.074339 
3.4 0.9 -0.00768117 0.0679842 
3.45 0.9 -6.90927e-06 0.0657961 
3.5 0.9 0.00766768 0.0679767 
3.55 0.9 0.0150152 0.0743248 
3.6 0.9 0.021732 0.0842812 
3.65 0.9 0.0275576 0.0970483 
3.7 0.9 0.0322867 0.111735 
3.75 0.9 0.0357722 0.127484 
3.8 0.9 0.037924 0.143545 
3.85 0.9 0.0387022 0.159311 
3.9 0.9 0.0381112 0.174303 
3.95 0.9 0.0361947 0.188146 
4 0.9 0.033032 0.200545 
4.05 0.9 0.0287368 0.211259 
4.1 0.9 0.023456 0.220085 
4.15 0.9 0.0173681 0.226859 
4.2 0.9 0.0106803 0.23145 
4.25 0.9 0.00362237 0.233767 
4.3 0.9 -0.00356095 0.233763 
4.35 0.9 -0.0106195 0.231436 
4.4 0.9 -0.017308 0.226832 
4.45 0.9 -0.0233955 0.220039 
4.5 0.9 -0.0286737 0.211185 
4.55 0.9 -0.0329623 0.200436 
4.6 0.9 -0.0361124 0.187992 
4.65 0.9 -0.0380088 0.174096 
4.7 0.9 -0.038571 0.15905 
4.75 0.9 -0.0377555 0.143234 
4.8 0.9 -0.0355605 0.127135 
4.85 0.9 -0.0320319 0.111374 
4.9 0.9 -0.0272727 0.0967076 
4.95 0.9 -0.0214486 0.083995 
5 0.9 -0.0147762 0.0741138 
0 0.95 -0.00635934 0.0426386 
0.05 0.95 -0.00426297 0.0377258 
0.1 0.95 -0.00210914 0.0346442 
0.15 0.95 9.47359e-05 0.0336306 
0.2 0.95 0.00228371 0.0347696 
0.25 0.95 0.00437272 0.037958 
0.3 0.95 0.00627729 0.0429238 
0.35 0.95 0.00792401 0.0492803 
0.4 0.95 0.00925527 0.056594 
0.45 0.95 0.0102307 0.0644436 
0.5 0.95 0.010826 0.0724582 
0.55 0.95 0.0110315 0.0803324 
0.6 0.95 0.0108493 0.0878239 
0.65 0.95 0.0102925 0.0947427 
0.7 0.95 0.0093838 0.100938 
0.75 0.95 0.00815524 0.106288 
0.8 0.95 0.00664827 0.110691 
0.85 0.95 0.00491327 0.114066 
0.9 0.95 0.00300883 0.116349 
0.95 0.95 0.00100009 0.117496 
1 0.95 -0.00104348 0.117484 
1.05 0.95 -0.00305092 0.116314 
1.1 0.95 -0.00495281 0.114008 
1.15 0.95 -0.00668402 0.110611 
1.2 0.95 -0.00818604 0.106185 
1.25 0.95 -0.00940853 0.100813 
1.3 0.95 -0.0103101 0.0945959 
1.35 0.95 -0.0108585 0.087656 
1.4 0.95 -0.0110311 0.0801449 
1.45 0.95 -0.0108147 0.0722538 
1.5 0.95 -0.0102069 0.0642271 
1.55 0.95 -0.00921768 0.0563734 
1.6 0.95 -0.00787117 0.0490673 
1.65 0.95 -0.00620816 0.0427339 
1.7 0.95 -0.00428698 0.0378093 
1.75 0.95 -0.00218264 0.0346806 
1.8 0.95 1.66134e-05 0.0336165 
1.85 0.95 0.00221517 0.0347128 
1.9 0.95 0.00431748 0.037871 
1.95 0.95 0.00623544 0.0428199 
2 0.95 0.00789429 0.0491716 
2.05 0.95 0.00923594 0.0564894 
2.1 0.95 0.0102199 0.064349 
2.15 0.95 0.0108221 0.0723767 
2.2 0.95 0.011033 0.0802649 
2.25 0.95 0.010855 0.0877701 
2.3 0.95 0.0103014 0.0947017 
2.35 0.95 0.00939507 0.100909 
2.4 0.95 0.00816828 0.106269 
2.45 0.95 0.00666253 0.110682 
2.5 0.95 0.0049283 0.114066 
2.55 0.95 0.00302417 0.116358 
2.6 0.95 0.00101531 0.117513 
2.65 0.95 -0.0010288 0.117509 
2.7 0.95 -0.0030372 0.116346 
2.75 0.95 -0.00494043 0.114048 
2.8 0.95 -0.00667335 0.110657 
2.85 0.95 -0.00817742 0.106237 
2.9 0.95 -0.00940224 0.100871 
2.95 0.95 -0.0103064 0.0946588 
3 0.95 -0.0108576 0.087723 
3.05 0.95 -0.011033 0.0802146 
3.1 0.95 -0.0108197 0.0723246 
3.15 0.95 -0.0102149 0.064297 
3.2 0.95 -0.00922847 0.0564395 
3.25 0.95 -0.00788457 0.0491265 
3.3 0.95 -0.00622379 0.0427826 
3.35 0.95 -0.00430429 0.0378441 
3.4 0.95 -0.00220097 0.0346987 
3.45 0.95 -1.98255e-06 0.0336166 
3.5 0.95 0.0021971 0.034695 
3.55 0.95 0.00430069 0.0378371 
3.6 0.95 0.00622062 0.0427728 
3.65 0.95 0.00788196 0.0491148 
3.7 0.95 0.00922651 0.0564267 
3.75 0.95 0.0102136 0.0642837 
3.8 0.95 0.0108191 0.0723116 
3.85 0.95 0.0110332 0.0802022 
3.9 0.95 0.0108583 0.0877114 
3.95 0.95 0.0103077 0.0946482 
4 0.95 0.00940397 0.100861 
4.05 0.95 0.00817941 0.106228 
4.1 0.95 0.00667543 0.110647 
4.15 0.95 0.00494243 0.114037 
4.2 0.95 0.00303897 0.116334 
4.25 0.95 0.00103025 0.117493 
4.3 0.95 -0.00101416 0.11749 
4.35 0.95 -0.00302313 0.116326 
4.4 0.95 -0.00492693 0.114022 
4.45 0.95 -0.00666007 0.110622 
4.5 0.95 -0.00816355 0.106189 
4.55 0.95 -0.00938646 0.100803 
4.6 0.95 -0.0102868 0.0945678 
4.65 0.95 -0.0108318 0.0876052 
4.7 0.95 -0.0109984 0.0800691 
4.75 0.95 -0.0107735 0.0721542 
4.8 0.95 -0.0101554 0.0641095 
4.85 0.95 -0.00915682 0.0562488 
4.9 0.95 -0.00781052 0.0489509 
4.95 0.95 -0.00618092 0.0426386 
5 0.95 -0.0043856 0.0377258 
0 1 0 0 
0.05 1 0 0 
0.1 1 0 0 
0.15 1 0 0 
0.2 1 0 0 
0.25 1 0 0 
0.3 1 0 0 
0.35 1 0 0 
0.4 1 0 0 
0.45 1 0 0 
0.5 1 0 0 
0.55 1 0 0 
0.6 1 0 0 
0.65 1 0 0 
0.7 1 0 0 
0.75 1 0 0 
0.8 1 0 0 
0.85 1 0 0 
0.9 1 0 0 
0.95 1 0 0 
1 1 0 0 
1.05 1 0 0 
1.1 1 0 0 
1.15 1 0 0 
1.2 1 0 0 
1.25 1 0 0 
1.3 1 0 0 
1.35 1 0 0 
1.4 1 0 0 
1.45 1 0 0 
1.5 1 0 0 
1.55 1 0 0 
1.6 1 0 0 
1.65 1 0 0 
1.7 1 0 0 
1.75 1 0 0 
1.8 1 0 0 
1.85 1 0 0 
1.9 1 0 0 
1.95 1 0 0 
2 1 0 0 
2.05 1 0 0 
2.1 1 0 0 
2.15 1 0 0 
2.2 1 0 0 
2.25 1 0 0 
2.3 1 0 0 
2.35 1 0 0 
2.4 1 0 0 
2.45 1 0 0 
2.5 1 0 0 
2.55 1 0 0 
2.6 1 0 0 
2.65 1 0 0 
2.7 1 0 0 
2.75 1 0 0 
2.8 1 0 0 
2.85 1 0 0 
2.9 1 0 0 
2.95 1 0 0 
3 1 0 0 
3.05 1 0 0 
3.1 1 0 0 
3.15 1 0 0 
3.2 1 0 0 
3.25 1 0 0 
3.3 1 0 0 
3.35 1 0 0 
3.4 1 0 0 
3.45 1 0 0 
3.5 1 0 0 
3.55 1 0 0 
3.6 1 0 0 
3.65 1 0 0 
3.7 1 0 0 
3.75 1 0 0 
3.8 1 0 0 
3.85 1 0 0 
3.9 1 0 0 
3.95 1 0 0 
4 1 0 0 
4.05 1 0 0 
4.1 1 0 0 
4.15 1 0 0 
4.2 1 0 0 
4.25 1 0 0 
4.3 1 0 0 
4.35 1 0 0 
4.4 1 0 0 
4.45 1 0 0 
4.5 1 0 0 
4.55 1 0 0 
4.6 1 0 0 
4.65 1 0 0 
4.7 1 0 0 
4.75 1 0 0 
4.8 1 0 0 
4.85 1 0 0 
4.9 1 0 0 
4.95 1 0 0 
5 1 0 0 
