x, y, ksi, T
#iter= 70000
0 0 0 1 
0.05 0 0 1 
0.1 0 0 1 
0.15 0 0 1 
0.2 0 0 1 
0.25 0 0 1 
0.3 0 0 1 
0.35 0 0 1 
0.4 0 0 1 
0.45 0 0 1 
0.5 0 0 1 
0.55 0 0 1 
0.6 0 0 1 
0.65 0 0 1 
0.7 0 0 1 
0.75 0 0 1 
0.8 0 0 1 
0.85 0 0 1 
0.9 0 0 1 
0.95 0 0 1 
1 0 0 1 
1.05 0 0 1 
1.1 0 0 1 
1.15 0 0 1 
1.2 0 0 1 
1.25 0 0 1 
1.3 0 0 1 
1.35 0 0 1 
1.4 0 0 1 
1.45 0 0 1 
1.5 0 0 1 
1.55 0 0 1 
1.6 0 0 1 
1.65 0 0 1 
1.7 0 0 1 
1.75 0 0 1 
1.8 0 0 1 
1.85 0 0 1 
1.9 0 0 1 
1.95 0 0 1 
2 0 0 1 
2.05 0 0 1 
2.1 0 0 1 
2.15 0 0 1 
2.2 0 0 1 
2.25 0 0 1 
2.3 0 0 1 
2.35 0 0 1 
2.4 0 0 1 
2.45 0 0 1 
2.5 0 0 1 
2.55 0 0 1 
2.6 0 0 1 
2.65 0 0 1 
2.7 0 0 1 
2.75 0 0 1 
2.8 0 0 1 
2.85 0 0 1 
2.9 0 0 1 
2.95 0 0 1 
3 0 0 1 
3.05 0 0 1 
3.1 0 0 1 
3.15 0 0 1 
3.2 0 0 1 
3.25 0 0 1 
3.3 0 0 1 
3.35 0 0 1 
3.4 0 0 1 
3.45 0 0 1 
3.5 0 0 1 
3.55 0 0 1 
3.6 0 0 1 
3.65 0 0 1 
3.7 0 0 1 
3.75 0 0 1 
3.8 0 0 1 
3.85 0 0 1 
3.9 0 0 1 
3.95 0 0 1 
4 0 0 1 
4.05 0 0 1 
4.1 0 0 1 
4.15 0 0 1 
4.2 0 0 1 
4.25 0 0 1 
4.3 0 0 1 
4.35 0 0 1 
4.4 0 0 1 
4.45 0 0 1 
4.5 0 0 1 
4.55 0 0 1 
4.6 0 0 1 
4.65 0 0 1 
4.7 0 0 1 
4.75 0 0 1 
4.8 0 0 1 
4.85 0 0 1 
4.9 0 0 1 
4.95 0 0 1 
5 0 0 1 
0 0.05 -0.00609469 0.890725 
0.05 0.05 -0.00421141 0.887695 
0.1 0.05 -0.00224385 0.885855 
0.15 0.05 -0.000244981 0.885191 
0.2 0.05 0.00173418 0.885692 
0.25 0.05 0.00363553 0.887335 
0.3 0.05 0.00539944 0.890082 
0.35 0.05 0.00696933 0.893876 
0.4 0.05 0.00829449 0.898642 
0.45 0.05 0.0093317 0.904286 
0.5 0.05 0.0100461 0.910696 
0.55 0.05 0.0104118 0.917734 
0.6 0.05 0.0104118 0.925229 
0.65 0.05 0.0100393 0.932968 
0.7 0.05 0.00929808 0.940683 
0.75 0.05 0.00820483 0.948047 
0.8 0.05 0.0067905 0.954682 
0.85 0.05 0.00510176 0.960182 
0.9 0.05 0.003201 0.964157 
0.95 0.05 0.00116443 0.966295 
1 0.05 -0.000922109 0.966415 
1.05 0.05 -0.00296907 0.964509 
1.1 0.05 -0.00488985 0.960738 
1.15 0.05 -0.0066069 0.955401 
1.2 0.05 -0.00805609 0.948882 
1.25 0.05 -0.00918896 0.941588 
1.3 0.05 -0.00997283 0.933903 
1.35 0.05 -0.0103897 0.92616 
1.4 0.05 -0.0104343 0.918635 
1.45 0.05 -0.0101129 0.911547 
1.5 0.05 -0.00944145 0.90507 
1.55 0.05 -0.00844572 0.899347 
1.6 0.05 -0.00716042 0.894492 
1.65 0.05 -0.00562916 0.890599 
1.7 0.05 -0.00390378 0.887743 
1.75 0.05 -0.00204322 0.885981 
1.8 0.05 -0.000111676 0.885345 
1.85 0.05 0.00182378 0.885849 
1.9 0.05 0.0036959 0.887482 
1.95 0.05 0.00544005 0.890213 
2 0.05 0.00699658 0.893989 
2.05 0.05 0.00831278 0.898736 
2.1 0.05 0.00934406 0.904364 
2.15 0.05 0.0100546 0.910759 
2.2 0.05 0.0104179 0.917784 
2.25 0.05 0.0104164 0.925268 
2.3 0.05 0.010043 0.932998 
2.35 0.05 0.0093014 0.940706 
2.4 0.05 0.00820802 0.948065 
2.45 0.05 0.00679373 0.954696 
2.5 0.05 0.00510509 0.960194 
2.55 0.05 0.00320442 0.964168 
2.6 0.05 0.00116786 0.966307 
2.65 0.05 -0.000918817 0.96643 
2.7 0.05 -0.00296609 0.964526 
2.75 0.05 -0.00488739 0.960757 
2.8 0.05 -0.00660518 0.955422 
2.85 0.05 -0.00805534 0.948905 
2.9 0.05 -0.00918938 0.941612 
2.95 0.05 -0.00997463 0.933927 
3 0.05 -0.010393 0.926184 
3.05 0.05 -0.0104393 0.918657 
3.1 0.05 -0.0101197 0.911566 
3.15 0.05 -0.00945007 0.905087 
3.2 0.05 -0.00845611 0.899359 
3.25 0.05 -0.00717245 0.894499 
3.3 0.05 -0.00564261 0.8906 
3.35 0.05 -0.00391834 0.887737 
3.4 0.05 -0.00205849 0.885966 
3.45 0.05 -0.000127179 0.885322 
3.5 0.05 0.00180857 0.885817 
3.55 0.05 0.00368154 0.887441 
3.6 0.05 0.00542711 0.890162 
3.65 0.05 0.00698563 0.893928 
3.7 0.05 0.00830436 0.898666 
3.75 0.05 0.00933867 0.904285 
3.8 0.05 0.0100527 0.910673 
3.85 0.05 0.0104199 0.917691 
3.9 0.05 0.0104226 0.925171 
3.95 0.05 0.0100537 0.9329 
4 0.05 0.00931667 0.94061 
4.05 0.05 0.0082278 0.947976 
4.1 0.05 0.00681774 0.954622 
4.15 0.05 0.0051328 0.96014 
4.2 0.05 0.00323506 0.964142 
4.25 0.05 0.00120042 0.966314 
4.3 0.05 -0.000885536 0.966473 
4.35 0.05 -0.00293341 0.964608 
4.4 0.05 -0.00485671 0.960877 
4.45 0.05 -0.00657794 0.955577 
4.5 0.05 -0.00803306 0.949092 
4.55 0.05 -0.00917381 0.941826 
4.6 0.05 -0.00996792 0.934165 
4.65 0.05 -0.0103981 0.926441 
4.7 0.05 -0.0104602 0.918928 
4.75 0.05 -0.0101624 0.911845 
4.8 0.05 -0.00952353 0.905363 
4.85 0.05 -0.0085739 0.899617 
4.9 0.05 -0.00735607 0.894713 
4.95 0.05 -0.00592506 0.890725 
5 0.05 -0.00433017 0.887695 
0 0.1 -0.0205807 0.782499 
0.05 0.1 -0.0144452 0.776527 
0.1 0.1 -0.00774307 0.772836 
0.15 0.1 -0.000803348 0.77149 
0.2 0.1 0.00611727 0.772481 
0.25 0.1 0.0127839 0.775762 
0.3 0.1 0.0189752 0.781252 
0.35 0.1 0.0244869 0.788833 
0.4 0.1 0.0291378 0.798354 
0.45 0.1 0.0327739 0.809627 
0.5 0.1 0.0352713 0.822429 
0.55 0.1 0.0365385 0.836487 
0.6 0.1 0.0365175 0.851467 
0.65 0.1 0.0351866 0.866949 
0.7 0.1 0.0325639 0.882404 
0.75 0.1 0.0287124 0.897184 
0.8 0.1 0.0237451 0.910526 
0.85 0.1 0.0178282 0.921607 
0.9 0.1 0.0111804 0.929629 
0.95 0.1 0.00406583 0.933948 
1 0.1 -0.00322032 0.934192 
1.05 0.1 -0.0103707 0.930341 
1.1 0.1 -0.0170874 0.922727 
1.15 0.1 -0.0231021 0.911972 
1.2 0.1 -0.0281905 0.898859 
1.25 0.1 -0.0321801 0.884217 
1.3 0.1 -0.0349524 0.868818 
1.35 0.1 -0.036439 0.853326 
1.4 0.1 -0.0366176 0.838283 
1.45 0.1 -0.0355065 0.824122 
1.5 0.1 -0.0331611 0.811185 
1.55 0.1 -0.0296711 0.799752 
1.6 0.1 -0.0251596 0.790049 
1.65 0.1 -0.0197809 0.782267 
1.7 0.1 -0.0137184 0.776556 
1.75 0.1 -0.00718018 0.773029 
1.8 0.1 -0.000392229 0.771756 
1.85 0.1 0.00640948 0.772765 
1.9 0.1 0.0129884 0.776033 
1.95 0.1 0.019117 0.781495 
2 0.1 0.0245848 0.789044 
2.05 0.1 0.0292053 0.798532 
2.1 0.1 0.0328208 0.809774 
2.15 0.1 0.0353044 0.822548 
2.2 0.1 0.0365627 0.836582 
2.25 0.1 0.0365361 0.851541 
2.3 0.1 0.0352018 0.867006 
2.35 0.1 0.0325773 0.882448 
2.4 0.1 0.028725 0.897217 
2.45 0.1 0.0237575 0.910553 
2.5 0.1 0.0178407 0.92163 
2.55 0.1 0.011193 0.929651 
2.6 0.1 0.00407819 0.933972 
2.65 0.1 -0.00320865 0.934221 
2.7 0.1 -0.0103603 0.930374 
2.75 0.1 -0.017079 0.922766 
2.8 0.1 -0.0230964 0.912014 
2.85 0.1 -0.0281883 0.898905 
2.9 0.1 -0.0321822 0.884265 
2.95 0.1 -0.0349594 0.868866 
3 0.1 -0.0364515 0.853373 
3.05 0.1 -0.0366361 0.838328 
3.1 0.1 -0.0355313 0.824162 
3.15 0.1 -0.0331922 0.811219 
3.2 0.1 -0.0297084 0.799777 
3.25 0.1 -0.0252025 0.790064 
3.3 0.1 -0.0198287 0.78227 
3.35 0.1 -0.01377 0.776544 
3.4 0.1 -0.00723407 0.773002 
3.45 0.1 -0.000446775 0.771712 
3.5 0.1 0.00635612 0.772702 
3.55 0.1 0.0129382 0.775951 
3.6 0.1 0.019072 0.781395 
3.65 0.1 0.0245469 0.788924 
3.7 0.1 0.0291765 0.798393 
3.75 0.1 0.0328027 0.809619 
3.8 0.1 0.0352988 0.822377 
3.85 0.1 0.0365708 0.836398 
3.9 0.1 0.0365591 0.851348 
3.95 0.1 0.0352405 0.866809 
4 0.1 0.0326319 0.882256 
4.05 0.1 0.0287952 0.89704 
4.1 0.1 0.0238422 0.910402 
4.15 0.1 0.017938 0.92152 
4.2 0.1 0.0113002 0.929596 
4.25 0.1 0.0041917 0.933984 
4.3 0.1 -0.00309289 0.934306 
4.35 0.1 -0.0102468 0.930537 
4.4 0.1 -0.0169727 0.923004 
4.45 0.1 -0.0230022 0.912322 
4.5 0.1 -0.0281116 0.899276 
4.55 0.1 -0.0321289 0.884689 
4.6 0.1 -0.0349366 0.869336 
4.65 0.1 -0.0364687 0.85388 
4.7 0.1 -0.036706 0.838861 
4.75 0.1 -0.0356711 0.824709 
4.8 0.1 -0.0334252 0.811759 
4.85 0.1 -0.0300634 0.800275 
4.9 0.1 -0.0257094 0.790467 
4.95 0.1 -0.0204953 0.782499 
5 0.1 -0.0145033 0.776527 
0 0.15 -0.0401261 0.679388 
0.05 0.15 -0.0281476 0.670623 
0.1 0.15 -0.0150593 0.66516 
0.15 0.15 -0.00144825 0.663148 
0.2 0.15 0.0121669 0.664601 
0.25 0.15 0.0253046 0.669459 
0.3 0.15 0.0375148 0.677596 
0.35 0.15 0.0483858 0.68883 
0.4 0.15 0.0575542 0.702928 
0.45 0.15 0.0647124 0.719605 
0.5 0.15 0.0696148 0.738525 
0.55 0.15 0.0720812 0.759289 
0.6 0.15 0.0720002 0.781407 
0.65 0.15 0.0693339 0.804269 
0.7 0.15 0.0641249 0.827108 
0.75 0.15 0.0565044 0.848969 
0.8 0.15 0.0467012 0.86873 
0.85 0.15 0.0350464 0.885163 
0.9 0.15 0.0219701 0.897075 
0.95 0.15 0.00798747 0.903493 
1 0.15 -0.00632776 0.903856 
1.05 0.15 -0.0203797 0.898131 
1.1 0.15 -0.0335901 0.886825 
1.15 0.15 -0.0454357 0.87087 
1.2 0.15 -0.0554754 0.851445 
1.25 0.15 -0.0633668 0.829782 
1.3 0.15 -0.0688698 0.807023 
1.35 0.15 -0.071843 0.784142 
1.4 0.15 -0.0722352 0.761927 
1.45 0.15 -0.070077 0.741008 
1.5 0.15 -0.065474 0.721884 
1.55 0.15 -0.0586018 0.704964 
1.6 0.15 -0.0497032 0.690588 
1.65 0.15 -0.0390841 0.679043 
1.7 0.15 -0.0271086 0.670562 
1.75 0.15 -0.0141893 0.665319 
1.8 0.15 -0.000774704 0.663428 
1.85 0.15 0.0126672 0.664927 
1.9 0.15 0.0256672 0.669785 
1.95 0.15 0.0377739 0.677899 
2 0.15 0.0485697 0.689098 
2.05 0.15 0.0576846 0.703158 
2.1 0.15 0.0648056 0.719798 
2.15 0.15 0.0696827 0.738683 
2.2 0.15 0.0721321 0.759416 
2.25 0.15 0.0720402 0.781507 
2.3 0.15 0.0693672 0.804347 
2.35 0.15 0.0641543 0.827167 
2.4 0.15 0.0565319 0.849015 
2.45 0.15 0.0467279 0.868767 
2.5 0.15 0.0350727 0.885195 
2.55 0.15 0.0219961 0.897107 
2.6 0.15 0.00801263 0.903529 
2.65 0.15 -0.00630433 0.903898 
2.7 0.15 -0.0203591 0.898181 
2.75 0.15 -0.0335738 0.886882 
2.8 0.15 -0.045425 0.870934 
2.85 0.15 -0.0554718 0.851514 
2.9 0.15 -0.0633718 0.829854 
2.95 0.15 -0.0688847 0.807096 
3 0.15 -0.0718688 0.784213 
3.05 0.15 -0.0722729 0.761995 
3.1 0.15 -0.0701272 0.74107 
3.15 0.15 -0.0655366 0.721936 
3.2 0.15 -0.0586766 0.705004 
3.25 0.15 -0.049789 0.690613 
3.3 0.15 -0.0391794 0.67905 
3.35 0.15 -0.0272111 0.670548 
3.4 0.15 -0.0142962 0.665282 
3.45 0.15 -0.000882621 0.663364 
3.5 0.15 0.0125619 0.664837 
3.55 0.15 0.0255685 0.669667 
3.6 0.15 0.0376857 0.677752 
3.65 0.15 0.0484958 0.688923 
3.7 0.15 0.0576289 0.702956 
3.75 0.15 0.0647715 0.71957 
3.8 0.15 0.0696732 0.738432 
3.85 0.15 0.07215 0.759145 
3.9 0.15 0.0720874 0.781223 
3.95 0.15 0.0694451 0.804058 
4 0.15 0.0642633 0.826884 
4.05 0.15 0.0566711 0.848753 
4.1 0.15 0.0468951 0.868544 
4.15 0.15 0.0352641 0.885032 
4.2 0.15 0.0222062 0.897024 
4.25 0.15 0.00823479 0.903543 
4.3 0.15 -0.00607811 0.904021 
4.35 0.15 -0.0201376 0.898417 
4.4 0.15 -0.0333661 0.887229 
4.45 0.15 -0.0452406 0.871382 
4.5 0.15 -0.0553206 0.852052 
4.55 0.15 -0.0632645 0.830468 
4.6 0.15 -0.0688339 0.807773 
4.65 0.15 -0.0718903 0.78494 
4.7 0.15 -0.0723866 0.762756 
4.75 0.15 -0.0703587 0.741844 
4.8 0.15 -0.0659168 0.722693 
4.85 0.15 -0.0592376 0.705695 
4.9 0.15 -0.0505505 0.69117 
4.95 0.15 -0.0401124 0.679388 
5 0.15 -0.0281549 0.670623 
0 0.2 -0.0618851 0.586371 
0.05 0.2 -0.0433226 0.575068 
0.1 0.2 -0.0230917 0.567995 
0.15 0.2 -0.00202851 0.565371 
0.2 0.2 0.0190722 0.567247 
0.25 0.2 0.0394526 0.573556 
0.3 0.2 0.0584013 0.584126 
0.35 0.2 0.0752687 0.598706 
0.4 0.2 0.0894827 0.616969 
0.45 0.2 0.100562 0.638531 
0.5 0.2 0.108125 0.662945 
0.55 0.2 0.111893 0.689689 
0.6 0.2 0.111701 0.718141 
0.65 0.2 0.107498 0.747525 
0.7 0.2 0.0993584 0.776866 
0.75 0.2 0.0874972 0.804955 
0.8 0.2 0.0722768 0.830353 
0.85 0.2 0.054214 0.851484 
0.9 0.2 0.0339743 0.866809 
0.95 0.2 0.0123487 0.875069 
1 0.2 -0.00978501 0.875536 
1.05 0.2 -0.0315166 0.868167 
1.1 0.2 -0.0519617 0.853619 
1.15 0.2 -0.0703169 0.8331 
1.2 0.2 -0.085901 0.80813 
1.25 0.2 -0.0981795 0.780294 
1.3 0.2 -0.106773 0.75105 
1.35 0.2 -0.111451 0.721639 
1.4 0.2 -0.112126 0.693061 
1.45 0.2 -0.108834 0.666111 
1.5 0.2 -0.101733 0.641428 
1.55 0.2 -0.0910914 0.619542 
1.6 0.2 -0.0772844 0.600904 
1.65 0.2 -0.060788 0.585901 
1.7 0.2 -0.0421698 0.574858 
1.75 0.2 -0.0220747 0.568022 
1.8 0.2 -0.00120461 0.565553 
1.85 0.2 0.0197082 0.56751 
1.9 0.2 0.0399296 0.573846 
1.95 0.2 0.0587531 0.584413 
2 0.2 0.0755259 0.598971 
2.05 0.2 0.0896709 0.617205 
2.1 0.2 0.100701 0.638734 
2.15 0.2 0.108229 0.663115 
2.2 0.2 0.111974 0.689829 
2.25 0.2 0.111766 0.718253 
2.3 0.2 0.107553 0.747613 
2.35 0.2 0.0994078 0.776935 
2.4 0.2 0.0875434 0.805008 
2.45 0.2 0.0723212 0.830397 
2.5 0.2 0.0542574 0.851524 
2.55 0.2 0.0340165 0.866849 
2.6 0.2 0.0123891 0.875115 
2.65 0.2 -0.00974783 0.87559 
2.7 0.2 -0.0314843 0.868231 
2.75 0.2 -0.0519364 0.853693 
2.8 0.2 -0.0703007 0.833183 
2.85 0.2 -0.0858962 0.808221 
2.9 0.2 -0.0981883 0.780389 
2.95 0.2 -0.106797 0.751147 
3 0.2 -0.111493 0.721734 
3.05 0.2 -0.112186 0.693152 
3.1 0.2 -0.108913 0.666194 
3.15 0.2 -0.101832 0.6415 
3.2 0.2 -0.0912091 0.619599 
3.25 0.2 -0.0774192 0.600941 
3.3 0.2 -0.0609373 0.585915 
3.35 0.2 -0.04233 0.574845 
3.4 0.2 -0.0222415 0.567978 
3.45 0.2 -0.00137269 0.565476 
3.5 0.2 0.0195446 0.567398 
3.55 0.2 0.0397766 0.573697 
3.6 0.2 0.0586168 0.584227 
3.65 0.2 0.0754124 0.598749 
3.7 0.2 0.089586 0.616947 
3.75 0.2 0.10065 0.638444 
3.8 0.2 0.108217 0.662795 
3.85 0.2 0.112004 0.689485 
3.9 0.2 0.111842 0.717891 
3.95 0.2 0.107676 0.747244 
4 0.2 0.0995781 0.776574 
4.05 0.2 0.0877598 0.804674 
4.1 0.2 0.0725801 0.830112 
4.15 0.2 0.0545529 0.851315 
4.2 0.2 0.0343402 0.866742 
4.25 0.2 0.0127307 0.875132 
4.3 0.2 -0.00940029 0.875746 
4.35 0.2 -0.0311438 0.86853 
4.4 0.2 -0.0516165 0.854131 
4.45 0.2 -0.0700152 0.833747 
4.5 0.2 -0.0856588 0.808895 
4.55 0.2 -0.0980137 0.781155 
4.6 0.2 -0.106701 0.751987 
4.65 0.2 -0.111495 0.722629 
4.7 0.2 -0.112309 0.69408 
4.75 0.2 -0.109184 0.66713 
4.8 0.2 -0.102279 0.642406 
4.85 0.2 -0.0918566 0.620422 
4.9 0.2 -0.0782689 0.601615 
4.95 0.2 -0.0619319 0.586371 
5 0.2 -0.0432876 0.575068 
0 0.25 -0.0836194 0.507353 
0.05 0.25 -0.0584163 0.493821 
0.1 0.25 -0.0310067 0.485331 
0.15 0.25 -0.00246177 0.482171 
0.2 0.25 0.0261541 0.484433 
0.25 0.25 0.053806 0.492037 
0.3 0.25 0.0795155 0.504764 
0.35 0.25 0.102389 0.522273 
0.4 0.25 0.121642 0.544135 
0.45 0.25 0.136619 0.569849 
0.5 0.25 0.146801 0.59886 
0.55 0.25 0.15182 0.630537 
0.6 0.25 0.151457 0.664142 
0.65 0.25 0.145658 0.698773 
0.7 0.25 0.13454 0.733297 
0.75 0.25 0.118404 0.766311 
0.8 0.25 0.0977519 0.79614 
0.85 0.25 0.0732885 0.820947 
0.9 0.25 0.0459118 0.838933 
0.95 0.25 0.0166836 0.848626 
1 0.25 -0.0132231 0.849173 
1.05 0.25 -0.0425929 0.840525 
1.1 0.25 -0.0702441 0.823449 
1.15 0.25 -0.0950992 0.79936 
1.2 0.25 -0.116239 0.770033 
1.25 0.25 -0.132937 0.737315 
1.3 0.25 -0.144667 0.702906 
1.35 0.25 -0.151107 0.668244 
1.4 0.25 -0.15212 0.63449 
1.45 0.25 -0.147745 0.602569 
1.5 0.25 -0.138183 0.573235 
1.55 0.25 -0.12379 0.547125 
1.6 0.25 -0.10507 0.524801 
1.65 0.25 -0.0826705 0.506763 
1.7 0.25 -0.0573639 0.493441 
1.75 0.25 -0.0300326 0.485175 
1.8 0.25 -0.00163803 0.482186 
1.85 0.25 0.0268151 0.484556 
1.9 0.25 0.0543198 0.49222 
1.95 0.25 0.0799077 0.504972 
2 0.25 0.102686 0.522483 
2.05 0.25 0.121868 0.544333 
2.1 0.25 0.136791 0.570029 
2.15 0.25 0.146936 0.599017 
2.2 0.25 0.151928 0.63067 
2.25 0.25 0.151547 0.664252 
2.3 0.25 0.145737 0.698862 
2.35 0.25 0.134611 0.733369 
2.4 0.25 0.11847 0.766368 
2.45 0.25 0.0978159 0.796189 
2.5 0.25 0.0733505 0.820993 
2.55 0.25 0.0459717 0.838981 
2.6 0.25 0.0167403 0.848682 
2.65 0.25 -0.0131713 0.849239 
2.7 0.25 -0.0425484 0.840604 
2.75 0.25 -0.0702096 0.823541 
2.8 0.25 -0.0950775 0.799462 
2.85 0.25 -0.116233 0.770144 
2.9 0.25 -0.132949 0.737432 
2.95 0.25 -0.144702 0.703025 
3 0.25 -0.151165 0.668362 
3.05 0.25 -0.152204 0.634603 
3.1 0.25 -0.147855 0.602674 
3.15 0.25 -0.138319 0.573327 
3.2 0.25 -0.123951 0.5472 
3.25 0.25 -0.105255 0.524854 
3.3 0.25 -0.0828749 0.506788 
3.35 0.25 -0.057583 0.493433 
3.4 0.25 -0.0302602 0.48513 
3.45 0.25 -0.00186698 0.482101 
3.5 0.25 0.0265927 0.484428 
3.55 0.25 0.0541123 0.492048 
3.6 0.25 0.0797235 0.504755 
3.65 0.25 0.102533 0.522223 
3.7 0.25 0.121754 0.544032 
3.75 0.25 0.136724 0.56969 
3.8 0.25 0.146922 0.598644 
3.85 0.25 0.151971 0.63027 
3.9 0.25 0.151652 0.663832 
3.95 0.25 0.145905 0.698434 
4 0.25 0.134843 0.732949 
4.05 0.25 0.118764 0.76598 
4.1 0.25 0.0981655 0.795859 
4.15 0.25 0.0737482 0.820751 
4.2 0.25 0.0464065 0.838858 
4.25 0.25 0.0171985 0.848702 
4.3 0.25 -0.0127053 0.84942 
4.35 0.25 -0.0420913 0.840949 
4.4 0.25 -0.0697786 0.824044 
4.45 0.25 -0.0946895 0.800108 
4.5 0.25 -0.115905 0.770912 
4.55 0.25 -0.132696 0.738299 
4.6 0.25 -0.144541 0.703968 
4.65 0.25 -0.151115 0.669357 
4.7 0.25 -0.152284 0.635626 
4.75 0.25 -0.148087 0.603694 
4.8 0.25 -0.138722 0.574307 
4.85 0.25 -0.124536 0.548092 
4.9 0.25 -0.106004 0.525605 
4.95 0.25 -0.0837165 0.507353 
5 0.25 -0.0583467 0.493821 
0 0.3 -0.103592 0.44391 
0.05 0.3 -0.0722359 0.428412 
0.1 0.3 -0.0381828 0.418666 
0.15 0.3 -0.002718 0.415036 
0.2 0.3 0.0328461 0.417657 
0.25 0.3 0.0672154 0.426435 
0.3 0.3 0.0991601 0.441075 
0.35 0.3 0.127557 0.461125 
0.4 0.3 0.151423 0.486019 
0.45 0.3 0.16994 0.515126 
0.5 0.3 0.182472 0.547767 
0.55 0.3 0.188569 0.58321 
0.6 0.3 0.187976 0.620627 
0.65 0.3 0.180643 0.659029 
0.7 0.3 0.166732 0.697186 
0.75 0.3 0.146636 0.733577 
0.8 0.3 0.120988 0.766389 
0.85 0.3 0.0906652 0.793634 
0.9 0.3 0.0567773 0.813364 
0.95 0.3 0.0206268 0.82399 
1 0.3 -0.0163522 0.824589 
1.05 0.3 -0.0526757 0.815108 
1.1 0.3 -0.0868993 0.796376 
1.15 0.3 -0.117702 0.769921 
1.2 0.3 -0.143949 0.737665 
1.25 0.3 -0.164735 0.701606 
1.3 0.3 -0.1794 0.663583 
1.35 0.3 -0.187523 0.625155 
1.4 0.3 -0.188919 0.58758 
1.45 0.3 -0.183614 0.551873 
1.5 0.3 -0.171843 0.518874 
1.55 0.3 -0.154035 0.489322 
1.6 0.3 -0.130809 0.463897 
1.65 0.3 -0.102964 0.443231 
1.7 0.3 -0.0714671 0.42789 
1.75 0.3 -0.0374229 0.418336 
1.8 0.3 -0.00204011 0.414874 
1.85 0.3 0.0334164 0.417621 
1.9 0.3 0.0676788 0.426483 
1.95 0.3 0.0995295 0.441175 
2 0.3 0.127849 0.461251 
2.05 0.3 0.151655 0.486155 
2.1 0.3 0.170127 0.51526 
2.15 0.3 0.182625 0.547893 
2.2 0.3 0.188697 0.583323 
2.25 0.3 0.188087 0.620725 
2.3 0.3 0.180742 0.659112 
2.35 0.3 0.166824 0.697256 
2.4 0.3 0.146723 0.733635 
2.45 0.3 0.121071 0.766442 
2.5 0.3 0.0907459 0.793685 
2.55 0.3 0.0568547 0.813419 
2.6 0.3 0.0206996 0.824054 
2.65 0.3 -0.0162862 0.824666 
2.7 0.3 -0.0526193 0.815199 
2.75 0.3 -0.0868558 0.796482 
2.8 0.3 -0.117675 0.77004 
2.85 0.3 -0.143942 0.737794 
2.9 0.3 -0.164752 0.701742 
2.95 0.3 -0.179443 0.663723 
3 0.3 -0.187596 0.625295 
3.05 0.3 -0.189023 0.587717 
3.1 0.3 -0.183752 0.552002 
3.15 0.3 -0.172014 0.51899 
3.2 0.3 -0.154237 0.489419 
3.25 0.3 -0.13104 0.463969 
3.3 0.3 -0.10322 0.443271 
3.35 0.3 -0.0717411 0.427893 
3.4 0.3 -0.0377072 0.418296 
3.45 0.3 -0.00232576 0.414787 
3.5 0.3 0.0331394 0.417484 
3.55 0.3 0.067421 0.426296 
3.6 0.3 0.0993014 0.440937 
3.65 0.3 0.127661 0.460966 
3.7 0.3 0.151516 0.485824 
3.75 0.3 0.170046 0.514888 
3.8 0.3 0.18261 0.547485 
3.85 0.3 0.188753 0.582885 
3.9 0.3 0.18822 0.620267 
3.95 0.3 0.180953 0.658647 
4 0.3 0.167112 0.696801 
4.05 0.3 0.147086 0.733216 
4.1 0.3 0.121502 0.766086 
4.15 0.3 0.0912348 0.793426 
4.2 0.3 0.0573882 0.813289 
4.25 0.3 0.0212611 0.824079 
4.3 0.3 -0.0157151 0.824862 
4.35 0.3 -0.0520581 0.815571 
4.4 0.3 -0.086324 0.797022 
4.45 0.3 -0.117191 0.770729 
4.5 0.3 -0.143523 0.738608 
4.55 0.3 -0.164413 0.702655 
4.6 0.3 -0.179199 0.664707 
4.65 0.3 -0.187461 0.626322 
4.7 0.3 -0.189008 0.58876 
4.75 0.3 -0.183868 0.553032 
4.8 0.3 -0.172267 0.519973 
4.85 0.3 -0.154621 0.490319 
4.9 0.3 -0.131523 0.464749 
4.95 0.3 -0.10373 0.44391 
5 0.3 -0.0721385 0.428412 
0 0.35 -0.120484 0.39514 
0.05 0.35 -0.0838837 0.377828 
0.1 0.35 -0.044167 0.366905 
0.15 0.35 -0.00280261 0.362841 
0.2 0.35 0.038682 0.365818 
0.25 0.35 0.0787661 0.375715 
0.3 0.35 0.116 0.392132 
0.35 0.35 0.14906 0.414461 
0.4 0.35 0.176793 0.441962 
0.45 0.35 0.198247 0.473833 
0.5 0.35 0.212688 0.509258 
0.55 0.35 0.219609 0.547399 
0.6 0.35 0.218733 0.587358 
0.65 0.35 0.210026 0.628095 
0.7 0.35 0.193699 0.668346 
0.75 0.35 0.170228 0.706552 
0.8 0.35 0.140364 0.740871 
0.85 0.35 0.105131 0.76928 
0.9 0.35 0.0658114 0.789808 
0.95 0.35 0.0239025 0.800848 
1 0.35 -0.0189537 0.801469 
1.05 0.35 -0.0610603 0.791618 
1.1 0.35 -0.100764 0.772131 
1.15 0.35 -0.136547 0.744551 
1.2 0.35 -0.167099 0.710824 
1.25 0.35 -0.191364 0.67298 
1.3 0.35 -0.20856 0.632889 
1.35 0.35 -0.21818 0.592145 
1.4 0.35 -0.219982 0.552042 
1.45 0.35 -0.213975 0.513641 
1.5 0.35 -0.200408 0.477852 
1.55 0.35 -0.179762 0.445511 
1.6 0.35 -0.152747 0.417436 
1.65 0.35 -0.120292 0.394425 
1.7 0.35 -0.0835244 0.377224 
1.75 0.35 -0.0437459 0.366456 
1.8 0.35 -0.00238372 0.362545 
1.85 0.35 0.0390658 0.36565 
1.9 0.35 0.0791023 0.375643 
1.95 0.35 0.116287 0.39213 
2 0.35 0.149304 0.414505 
2.05 0.35 0.177 0.442033 
2.1 0.35 0.198425 0.473919 
2.15 0.35 0.212844 0.509348 
2.2 0.35 0.219747 0.547487 
2.25 0.35 0.218859 0.58744 
2.3 0.35 0.210142 0.628169 
2.35 0.35 0.193809 0.668411 
2.4 0.35 0.170334 0.70661 
2.45 0.35 0.140466 0.740926 
2.5 0.35 0.105229 0.769336 
2.55 0.35 0.065905 0.789871 
2.6 0.35 0.0239901 0.800922 
2.65 0.35 -0.0188747 0.801557 
2.7 0.35 -0.0609931 0.791721 
2.75 0.35 -0.100712 0.77225 
2.8 0.35 -0.136515 0.744684 
2.85 0.35 -0.167091 0.710969 
2.9 0.35 -0.191383 0.673133 
2.95 0.35 -0.208611 0.633049 
3 0.35 -0.218266 0.592306 
3.05 0.35 -0.220105 0.552201 
3.1 0.35 -0.214137 0.513794 
3.15 0.35 -0.200608 0.477991 
3.2 0.35 -0.18 0.445632 
3.25 0.35 -0.153019 0.41753 
3.3 0.35 -0.120592 0.394485 
3.35 0.35 -0.0838458 0.377242 
3.4 0.35 -0.0440791 0.366426 
3.45 0.35 -0.00271804 0.362461 
3.5 0.35 0.0387421 0.36551 
3.55 0.35 0.0788017 0.375447 
3.6 0.35 0.116022 0.391878 
3.65 0.35 0.149086 0.414202 
3.7 0.35 0.176841 0.441683 
3.75 0.35 0.198334 0.473527 
3.8 0.35 0.212828 0.50892 
3.85 0.35 0.219815 0.547031 
3.9 0.35 0.219015 0.586965 
3.95 0.35 0.210388 0.627689 
4 0.35 0.194143 0.667945 
4.05 0.35 0.170753 0.706182 
4.1 0.35 0.140962 0.740565 
4.15 0.35 0.105791 0.769075 
4.2 0.35 0.0665171 0.789742 
4.25 0.35 0.0246339 0.800951 
4.3 0.35 -0.0182196 0.80176 
4.35 0.35 -0.0603479 0.792101 
4.4 0.35 -0.100098 0.772797 
4.45 0.35 -0.135949 0.745378 
4.5 0.35 -0.166589 0.711783 
4.55 0.35 -0.190959 0.674038 
4.6 0.35 -0.208273 0.634013 
4.65 0.35 -0.21802 0.593302 
4.7 0.35 -0.219954 0.553201 
4.75 0.35 -0.214077 0.51477 
4.8 0.35 -0.200631 0.478917 
4.85 0.35 -0.180083 0.446481 
4.9 0.35 -0.153125 0.418284 
4.95 0.35 -0.120654 0.39514 
5 0.35 -0.0837648 0.377828 
0 0.4 -0.133321 0.358381 
0.05 0.4 -0.0927036 0.339302 
0.1 0.4 -0.0486392 0.327214 
0.15 0.4 -0.00274194 0.322725 
0.2 0.4 0.0432884 0.326073 
0.25 0.4 0.0877492 0.337094 
0.3 0.4 0.129014 0.355251 
0.35 0.4 0.1656 0.379736 
0.4 0.4 0.196225 0.409583 
0.45 0.4 0.219835 0.443784 
0.5 0.4 0.235632 0.481356 
0.55 0.4 0.243074 0.521348 
0.6 0.4 0.241882 0.562799 
0.65 0.4 0.232045 0.604653 
0.7 0.4 0.213824 0.645658 
0.75 0.4 0.187768 0.684303 
0.8 0.4 0.154722 0.718808 
0.85 0.4 0.115822 0.747236 
0.9 0.4 0.0724753 0.767706 
0.95 0.4 0.0263158 0.778692 
1 0.4 -0.020872 0.779309 
1.05 0.4 -0.0672463 0.769507 
1.1 0.4 -0.11101 0.750079 
1.15 0.4 -0.150509 0.722491 
1.2 0.4 -0.184305 0.688598 
1.25 0.4 -0.211228 0.650345 
1.3 0.4 -0.2304 0.609533 
1.35 0.4 -0.241238 0.56771 
1.4 0.4 -0.243446 0.52615 
1.45 0.4 -0.237004 0.485929 
1.5 0.4 -0.222161 0.448011 
1.55 0.4 -0.199426 0.413343 
1.6 0.4 -0.16957 0.382902 
1.65 0.4 -0.133613 0.357693 
1.7 0.4 -0.0928125 0.338688 
1.75 0.4 -0.0486226 0.326717 
1.8 0.4 -0.00264833 0.322355 
1.85 0.4 0.0434243 0.325819 
1.9 0.4 0.0879047 0.336937 
1.95 0.4 0.129176 0.35517 
2 0.4 0.165761 0.379711 
2.05 0.4 0.196381 0.409597 
2.1 0.4 0.219986 0.443825 
2.15 0.4 0.235776 0.481412 
2.2 0.4 0.243212 0.521412 
2.25 0.4 0.242014 0.562865 
2.3 0.4 0.232172 0.604717 
2.35 0.4 0.213947 0.645719 
2.4 0.4 0.187888 0.684361 
2.45 0.4 0.154839 0.718867 
2.5 0.4 0.115934 0.747299 
2.55 0.4 0.0725826 0.767777 
2.6 0.4 0.0264157 0.778774 
2.65 0.4 -0.0207822 0.779406 
2.7 0.4 -0.06717 0.769621 
2.75 0.4 -0.110952 0.75021 
2.8 0.4 -0.150472 0.722637 
2.85 0.4 -0.184295 0.688757 
2.9 0.4 -0.211249 0.650514 
2.95 0.4 -0.230456 0.609711 
3 0.4 -0.241333 0.567891 
3.05 0.4 -0.243582 0.526332 
3.1 0.4 -0.237184 0.486106 
3.15 0.4 -0.222384 0.448177 
3.2 0.4 -0.199691 0.413491 
3.25 0.4 -0.169873 0.383022 
3.3 0.4 -0.133948 0.357776 
3.35 0.4 -0.0931706 0.338724 
3.4 0.4 -0.0489937 0.326699 
3.45 0.4 -0.00302038 0.322277 
3.5 0.4 0.0430646 0.32568 
3.55 0.4 0.0875714 0.336735 
3.6 0.4 0.128882 0.354909 
3.65 0.4 0.165521 0.379396 
3.7 0.4 0.196206 0.409235 
3.75 0.4 0.219887 0.443423 
3.8 0.4 0.235762 0.480977 
3.85 0.4 0.243289 0.520951 
3.9 0.4 0.242188 0.56239 
3.95 0.4 0.232443 0.604241 
4 0.4 0.214315 0.645261 
4.05 0.4 0.188348 0.683944 
4.1 0.4 0.155381 0.718518 
4.15 0.4 0.116547 0.747049 
4.2 0.4 0.0732484 0.767657 
4.25 0.4 0.0271154 0.778808 
4.3 0.4 -0.0200698 0.779607 
4.35 0.4 -0.0664665 0.76999 
4.4 0.4 -0.110277 0.750736 
4.45 0.4 -0.149844 0.7233 
4.5 0.4 -0.183725 0.689529 
4.55 0.4 -0.210746 0.651363 
4.6 0.4 -0.230023 0.610606 
4.65 0.4 -0.240967 0.568803 
4.7 0.4 -0.243273 0.527233 
4.75 0.4 -0.236916 0.486973 
4.8 0.4 -0.222134 0.448989 
4.85 0.4 -0.199426 0.414233 
4.9 0.4 -0.169549 0.38369 
4.95 0.4 -0.133514 0.358381 
5 0.4 -0.092569 0.339302 
0 0.45 -0.141423 0.330215 
0.05 0.45 -0.0982404 0.309392 
0.1 0.45 -0.0513853 0.29614 
0.15 0.45 -0.0025718 0.291228 
0.2 0.45 0.0463803 0.294962 
0.25 0.45 0.0936404 0.307121 
0.3 0.45 0.137459 0.327006 
0.35 0.45 0.176246 0.353571 
0.4 0.45 0.208634 0.385591 
0.45 0.45 0.233512 0.421817 
0.5 0.45 0.250048 0.461077 
0.55 0.45 0.257691 0.502296 
0.6 0.45 0.256177 0.544453 
0.65 0.45 0.245524 0.586492 
0.7 0.45 0.226042 0.62722 
0.75 0.45 0.198336 0.665226 
0.8 0.45 0.163315 0.69888 
0.85 0.45 0.122185 0.726423 
0.9 0.45 0.0764259 0.746158 
0.95 0.45 0.0277426 0.756716 
1 0.45 -0.0220086 0.757307 
1.05 0.45 -0.0709148 0.747888 
1.1 0.45 -0.117108 0.729164 
1.15 0.45 -0.158861 0.702452 
1.2 0.45 -0.194664 0.66942 
1.25 0.45 -0.223276 0.631834 
1.3 0.45 -0.243754 0.591344 
1.35 0.45 -0.255455 0.549386 
1.4 0.45 -0.258036 0.507176 
1.45 0.45 -0.251442 0.465779 
1.5 0.45 -0.235904 0.426215 
1.55 0.45 -0.211937 0.389545 
1.6 0.45 -0.180339 0.356931 
1.65 0.45 -0.142184 0.329615 
1.7 0.45 -0.0988103 0.308832 
1.75 0.45 -0.0517788 0.295656 
1.8 0.45 -0.00281918 0.290839 
1.85 0.45 0.0462468 0.294667 
1.9 0.45 0.0935921 0.306912 
1.95 0.45 0.137473 0.32687 
2 0.45 0.176304 0.353495 
2.05 0.45 0.208722 0.385561 
2.1 0.45 0.23362 0.421821 
2.15 0.45 0.250168 0.461105 
2.2 0.45 0.257818 0.502339 
2.25 0.45 0.256307 0.544504 
2.3 0.45 0.245656 0.586549 
2.35 0.45 0.226173 0.627279 
2.4 0.45 0.198466 0.665287 
2.45 0.45 0.163442 0.698944 
2.5 0.45 0.122308 0.726492 
2.55 0.45 0.0765431 0.746237 
2.6 0.45 0.0278517 0.756807 
2.65 0.45 -0.0219107 0.757415 
2.7 0.45 -0.0708317 0.748012 
2.75 0.45 -0.117044 0.729306 
2.8 0.45 -0.158821 0.702609 
2.85 0.45 -0.194652 0.669592 
2.9 0.45 -0.223298 0.632019 
2.95 0.45 -0.243813 0.591538 
3 0.45 -0.255556 0.549587 
3.05 0.45 -0.258181 0.50738 
3.1 0.45 -0.251633 0.465981 
3.15 0.45 -0.236142 0.426407 
3.2 0.45 -0.21222 0.38972 
3.25 0.45 -0.180662 0.357078 
3.3 0.45 -0.142541 0.329723 
3.35 0.45 -0.0991925 0.308889 
3.4 0.45 -0.0521748 0.295654 
3.45 0.45 -0.00321587 0.29077 
3.5 0.45 0.0458637 0.294529 
3.55 0.45 0.0932376 0.306707 
3.6 0.45 0.137161 0.326602 
3.65 0.45 0.17605 0.353172 
3.7 0.45 0.208538 0.385192 
3.75 0.45 0.233517 0.421415 
3.8 0.45 0.250155 0.46067 
3.85 0.45 0.257902 0.501884 
3.9 0.45 0.256492 0.544042 
3.95 0.45 0.245943 0.586091 
4 0.45 0.22656 0.626842 
4.05 0.45 0.198947 0.664893 
4.1 0.45 0.164009 0.698619 
4.15 0.45 0.122946 0.726264 
4.2 0.45 0.0772352 0.74613 
4.25 0.45 0.0285783 0.756844 
4.3 0.45 -0.0211706 0.757605 
4.35 0.45 -0.0700989 0.748355 
4.4 0.45 -0.116337 0.72979 
4.45 0.45 -0.158154 0.703213 
4.5 0.45 -0.194035 0.670288 
4.55 0.45 -0.222734 0.632774 
4.6 0.45 -0.243297 0.592323 
4.65 0.45 -0.255076 0.550372 
4.7 0.45 -0.257717 0.508138 
4.75 0.45 -0.251158 0.466693 
4.8 0.45 -0.23562 0.427057 
4.85 0.45 -0.21161 0.390304 
4.9 0.45 -0.179921 0.357604 
4.95 0.45 -0.141631 0.330215 
5 0.45 -0.0980956 0.309392 
0 0.5 -0.144369 0.307274 
0.05 0.5 -0.100213 0.284816 
0.1 0.5 -0.0522801 0.270462 
0.15 0.5 -0.00232922 0.265156 
0.2 0.5 0.0477593 0.269267 
0.25 0.5 0.0960892 0.282517 
0.3 0.5 0.140849 0.304032 
0.35 0.5 0.180401 0.33252 
0.4 0.5 0.213341 0.366482 
0.45 0.5 0.238544 0.404423 
0.5 0.5 0.255179 0.444971 
0.55 0.5 0.262712 0.486925 
0.6 0.5 0.260906 0.529205 
0.65 0.5 0.249813 0.570768 
0.7 0.5 0.22978 0.610496 
0.75 0.5 0.201448 0.647122 
0.8 0.5 0.165759 0.679215 
0.85 0.5 0.123942 0.705257 
0.9 0.5 0.0774931 0.723799 
0.95 0.5 0.0281223 0.733679 
1 0.5 -0.0223144 0.734232 
1.05 0.5 -0.0719076 0.725418 
1.1 0.5 -0.11879 0.707835 
1.15 0.5 -0.16123 0.682597 
1.2 0.5 -0.197703 0.65113 
1.25 0.5 -0.226945 0.614952 
1.3 0.5 -0.247981 0.57551 
1.35 0.5 -0.260131 0.53409 
1.4 0.5 -0.263014 0.491822 
1.45 0.5 -0.256539 0.449754 
1.5 0.5 -0.240909 0.408954 
1.55 0.5 -0.216619 0.370606 
1.6 0.5 -0.184462 0.336061 
1.65 0.5 -0.145526 0.306809 
1.7 0.5 -0.101181 0.284357 
1.75 0.5 -0.0530363 0.270038 
1.8 0.5 -0.00288671 0.264786 
1.85 0.5 0.0473734 0.268962 
1.9 0.5 0.0958441 0.282279 
1.95 0.5 0.140715 0.303859 
2 0.5 0.180352 0.332404 
2.05 0.5 0.213355 0.366416 
2.1 0.5 0.238603 0.404396 
2.15 0.5 0.255269 0.444975 
2.2 0.5 0.262823 0.48695 
2.25 0.5 0.261029 0.529246 
2.3 0.5 0.249943 0.570819 
2.35 0.5 0.229913 0.610554 
2.4 0.5 0.201583 0.647185 
2.45 0.5 0.165892 0.679285 
2.5 0.5 0.124071 0.705335 
2.55 0.5 0.0776159 0.723887 
2.6 0.5 0.0282366 0.73378 
2.65 0.5 -0.0222119 0.734348 
2.7 0.5 -0.0718206 0.725551 
2.75 0.5 -0.118723 0.707986 
2.8 0.5 -0.161187 0.682765 
2.85 0.5 -0.197689 0.651313 
2.9 0.5 -0.226966 0.61515 
2.95 0.5 -0.248039 0.57572 
3 0.5 -0.260232 0.53431 
3.05 0.5 -0.26316 0.492048 
3.1 0.5 -0.256733 0.44998 
3.15 0.5 -0.241151 0.409173 
3.2 0.5 -0.216907 0.370808 
3.25 0.5 -0.184792 0.336236 
3.3 0.5 -0.145892 0.306942 
3.35 0.5 -0.101573 0.284436 
3.4 0.5 -0.0534425 0.27005 
3.45 0.5 -0.0032935 0.264725 
3.5 0.5 0.046981 0.268826 
3.55 0.5 0.0954814 0.282071 
3.6 0.5 0.140398 0.303585 
3.65 0.5 0.180093 0.332075 
3.7 0.5 0.213168 0.366043 
3.75 0.5 0.238499 0.40399 
3.8 0.5 0.255257 0.444546 
3.85 0.5 0.262909 0.486509 
3.9 0.5 0.261217 0.528803 
3.95 0.5 0.250234 0.570387 
4 0.5 0.230304 0.610148 
4.05 0.5 0.202066 0.646825 
4.1 0.5 0.166459 0.678992 
4.15 0.5 0.124708 0.705132 
4.2 0.5 0.078306 0.723796 
4.25 0.5 0.0289604 0.733817 
4.3 0.5 -0.0214745 0.73452 
4.35 0.5 -0.0710886 0.725856 
4.4 0.5 -0.118013 0.708411 
4.45 0.5 -0.160511 0.683288 
4.5 0.5 -0.197052 0.651908 
4.55 0.5 -0.226364 0.615785 
4.6 0.5 -0.247464 0.576366 
4.65 0.5 -0.259662 0.534937 
4.7 0.5 -0.262567 0.492631 
4.75 0.5 -0.25608 0.450502 
4.8 0.5 -0.240395 0.409624 
4.85 0.5 -0.216002 0.371193 
4.9 0.5 -0.183698 0.336574 
4.95 0.5 -0.144584 0.307274 
5 0.5 -0.100064 0.284816 
0 0.55 -0.141983 0.286667 
0.05 0.55 -0.0985065 0.262872 
0.1 0.55 -0.0512793 0.247608 
0.15 0.55 -0.00204709 0.24198 
0.2 0.55 0.0473161 0.246419 
0.25 0.55 0.0949173 0.260587 
0.3 0.55 0.138951 0.283453 
0.35 0.55 0.177788 0.313496 
0.4 0.55 0.210048 0.348973 
0.45 0.55 0.234632 0.38816 
0.5 0.55 0.250742 0.429511 
0.55 0.55 0.257883 0.471704 
0.6 0.55 0.255853 0.513613 
0.65 0.55 0.244738 0.554206 
0.7 0.55 0.224907 0.592453 
0.75 0.55 0.197015 0.627242 
0.8 0.55 0.161996 0.657366 
0.85 0.55 0.12106 0.681568 
0.9 0.55 0.0756604 0.698672 
0.95 0.55 0.02745 0.707744 
1 0.55 -0.0217851 0.708249 
1.05 0.55 -0.0702093 0.700159 
1.1 0.55 -0.116026 0.68395 
1.15 0.55 -0.157562 0.660516 
1.2 0.55 -0.193337 0.631015 
1.25 0.55 -0.222111 0.596698 
1.3 0.55 -0.242913 0.558784 
1.35 0.55 -0.255055 0.518394 
1.4 0.55 -0.258131 0.476564 
1.45 0.55 -0.25202 0.43432 
1.5 0.55 -0.236885 0.392772 
1.55 0.55 -0.213185 0.353217 
1.6 0.55 -0.181676 0.317178 
1.65 0.55 -0.14342 0.286368 
1.7 0.55 -0.0997645 0.262542 
1.75 0.55 -0.0523093 0.247268 
1.8 0.55 -0.00284639 0.241651 
1.85 0.55 0.0467272 0.24612 
1.9 0.55 0.0945088 0.260332 
1.95 0.55 0.13869 0.28325 
2 0.55 0.177645 0.313346 
2.05 0.55 0.209994 0.348874 
2.1 0.55 0.234643 0.388106 
2.15 0.55 0.250801 0.429493 
2.2 0.55 0.257974 0.471715 
2.25 0.55 0.255965 0.513645 
2.3 0.55 0.244862 0.554254 
2.35 0.55 0.225038 0.592512 
2.4 0.55 0.197148 0.627311 
2.45 0.55 0.162129 0.657443 
2.5 0.55 0.12119 0.681654 
2.55 0.55 0.075784 0.69877 
2.6 0.55 0.0275649 0.707854 
2.65 0.55 -0.0216819 0.708375 
2.7 0.55 -0.0701215 0.700301 
2.75 0.55 -0.115958 0.684109 
2.8 0.55 -0.157518 0.660693 
2.85 0.55 -0.193321 0.631208 
2.9 0.55 -0.222128 0.596908 
2.95 0.55 -0.242969 0.559008 
3 0.55 -0.255153 0.51863 
3.05 0.55 -0.258274 0.476809 
3.1 0.55 -0.25221 0.434567 
3.15 0.55 -0.237123 0.393015 
3.2 0.55 -0.213468 0.353444 
3.25 0.55 -0.182002 0.317377 
3.3 0.55 -0.143781 0.286523 
3.35 0.55 -0.100151 0.26264 
3.4 0.55 -0.0527104 0.247295 
3.45 0.55 -0.00324804 0.241599 
3.5 0.55 0.04634 0.245987 
3.55 0.55 0.0941514 0.260123 
3.6 0.55 0.138377 0.282973 
3.65 0.55 0.177391 0.313015 
3.7 0.55 0.209811 0.348501 
3.75 0.55 0.234543 0.387704 
3.8 0.55 0.25079 0.429075 
3.85 0.55 0.258059 0.471291 
3.9 0.55 0.256148 0.513226 
3.95 0.55 0.245144 0.553852 
4 0.55 0.225416 0.59214 
4.05 0.55 0.197615 0.626986 
4.1 0.55 0.162675 0.657183 
4.15 0.55 0.121802 0.681477 
4.2 0.55 0.0764452 0.698692 
4.25 0.55 0.0282576 0.707887 
4.3 0.55 -0.0209763 0.708523 
4.35 0.55 -0.0694198 0.700559 
4.4 0.55 -0.115274 0.684464 
4.45 0.55 -0.15686 0.661123 
4.5 0.55 -0.192691 0.631688 
4.55 0.55 -0.221519 0.597408 
4.6 0.55 -0.242364 0.559498 
4.65 0.55 -0.254528 0.519082 
4.7 0.55 -0.257593 0.4772 
4.75 0.55 -0.251431 0.434881 
4.8 0.55 -0.236199 0.393247 
4.85 0.55 -0.212353 0.353607 
4.9 0.55 -0.180658 0.317503 
4.95 0.55 -0.142196 0.286667 
5 0.55 -0.0983589 0.262872 
0 0.6 -0.134335 0.266117 
0.05 0.6 -0.0931712 0.241525 
0.1 0.6 -0.0484201 0.22571 
0.15 0.6 -0.00175111 0.219894 
0.2 0.6 0.0450374 0.224553 
0.25 0.6 0.0901276 0.239306 
0.3 0.6 0.131788 0.263 
0.35 0.6 0.168466 0.293941 
0.4 0.6 0.198851 0.330203 
0.45 0.6 0.221914 0.369898 
0.5 0.6 0.236921 0.411347 
0.55 0.6 0.24343 0.453147 
0.6 0.6 0.24128 0.494134 
0.65 0.6 0.230583 0.533301 
0.7 0.6 0.211714 0.569701 
0.75 0.6 0.185312 0.602373 
0.8 0.6 0.152271 0.630321 
0.85 0.6 0.113731 0.652545 
0.9 0.6 0.0710524 0.668128 
0.95 0.6 0.0257717 0.676351 
1 0.6 -0.0204568 0.676809 
1.05 0.6 -0.0659351 0.669477 
1.1 0.6 -0.109 0.654719 
1.15 0.6 -0.148096 0.633221 
1.2 0.6 -0.181839 0.605883 
1.25 0.6 -0.209062 0.573699 
1.3 0.6 -0.228837 0.53767 
1.35 0.6 -0.240494 0.498756 
1.4 0.6 -0.243622 0.457904 
1.45 0.6 -0.238077 0.416108 
1.5 0.6 -0.223983 0.374511 
1.55 0.6 -0.201744 0.334486 
1.6 0.6 -0.172056 0.297686 
1.65 0.6 -0.135911 0.265987 
1.7 0.6 -0.0945857 0.241332 
1.75 0.6 -0.0496084 0.225463 
1.8 0.6 -0.00269888 0.219615 
1.85 0.6 0.0443173 0.224269 
1.9 0.6 0.0896084 0.239041 
1.95 0.6 0.131438 0.262772 
2 0.6 0.168253 0.293761 
2.05 0.6 0.198744 0.330074 
2.1 0.6 0.221887 0.369818 
2.15 0.6 0.236952 0.41131 
2.2 0.6 0.243501 0.453145 
2.25 0.6 0.241378 0.494159 
2.3 0.6 0.230697 0.533346 
2.35 0.6 0.211837 0.569761 
2.4 0.6 0.185439 0.602446 
2.45 0.6 0.152398 0.630405 
2.5 0.6 0.113856 0.65264 
2.55 0.6 0.0711717 0.668235 
2.6 0.6 0.0258828 0.676471 
2.65 0.6 -0.020357 0.676943 
2.7 0.6 -0.06585 0.669627 
2.75 0.6 -0.108933 0.654886 
2.8 0.6 -0.148052 0.633405 
2.85 0.6 -0.181822 0.606084 
2.9 0.6 -0.209076 0.573918 
2.95 0.6 -0.228887 0.537904 
3 0.6 -0.240584 0.499004 
3.05 0.6 -0.243755 0.458163 
3.1 0.6 -0.238255 0.416372 
3.15 0.6 -0.224206 0.374771 
3.2 0.6 -0.202011 0.334732 
3.25 0.6 -0.172364 0.297903 
3.3 0.6 -0.136253 0.26616 
3.35 0.6 -0.0949526 0.241444 
3.4 0.6 -0.0499891 0.225501 
3.45 0.6 -0.00308016 0.219571 
3.5 0.6 0.0439498 0.224141 
3.55 0.6 0.0892695 0.238834 
3.6 0.6 0.131142 0.262497 
3.65 0.6 0.168013 0.293432 
3.7 0.6 0.198572 0.329707 
3.75 0.6 0.221792 0.369426 
3.8 0.6 0.236942 0.410907 
3.85 0.6 0.243581 0.452742 
3.9 0.6 0.241549 0.493767 
3.95 0.6 0.23096 0.532976 
4 0.6 0.212189 0.569425 
4.05 0.6 0.185872 0.602156 
4.1 0.6 0.152903 0.630176 
4.15 0.6 0.11442 0.652486 
4.2 0.6 0.0717798 0.668166 
4.25 0.6 0.0265188 0.676495 
4.3 0.6 -0.0197094 0.677061 
4.35 0.6 -0.0652053 0.669833 
4.4 0.6 -0.108302 0.655165 
4.45 0.6 -0.147441 0.633738 
4.5 0.6 -0.181229 0.606445 
4.55 0.6 -0.208491 0.574279 
4.6 0.6 -0.228291 0.538236 
4.65 0.6 -0.239947 0.49928 
4.7 0.6 -0.243041 0.45836 
4.75 0.6 -0.237419 0.416478 
4.8 0.6 -0.2232 0.374785 
4.85 0.6 -0.200791 0.334675 
4.9 0.6 -0.170898 0.297819 
4.95 0.6 -0.134536 0.266117 
5 0.6 -0.0930316 0.241525 
0 0.65 -0.121766 0.243926 
0.05 0.65 -0.0844425 0.219334 
0.1 0.65 -0.0438292 0.203491 
0.15 0.65 -0.00145863 0.19768 
0.2 0.65 0.0410157 0.202398 
0.25 0.65 0.0819224 0.217238 
0.3 0.65 0.119673 0.240983 
0.35 0.65 0.152849 0.271855 
0.4 0.65 0.180263 0.307842 
0.45 0.65 0.200992 0.346976 
0.5 0.65 0.214389 0.387525 
0.55 0.65 0.220076 0.428053 
0.6 0.65 0.217935 0.467393 
0.65 0.65 0.208091 0.504572 
0.7 0.65 0.190908 0.538723 
0.75 0.65 0.166979 0.569022 
0.8 0.65 0.137121 0.594658 
0.85 0.65 0.102365 0.61485 
0.9 0.65 0.063929 0.628904 
0.95 0.65 0.0231827 0.636284 
1 0.65 -0.0184047 0.636693 
1.05 0.65 -0.0593264 0.630114 
1.1 0.65 -0.0981051 0.616813 
1.15 0.65 -0.133356 0.597299 
1.2 0.65 -0.163839 0.57225 
1.25 0.65 -0.1885 0.542441 
1.3 0.65 -0.206494 0.508679 
1.35 0.65 -0.217197 0.471786 
1.4 0.65 -0.220216 0.432619 
1.45 0.65 -0.215394 0.392135 
1.5 0.65 -0.202817 0.351476 
1.55 0.65 -0.182826 0.312046 
1.6 0.65 -0.156035 0.275553 
1.65 0.65 -0.12333 0.243949 
1.7 0.65 -0.0858694 0.219266 
1.75 0.65 -0.0450497 0.203334 
1.8 0.65 -0.00245056 0.197454 
1.85 0.65 0.0402468 0.202134 
1.9 0.65 0.0813554 0.21697 
1.95 0.65 0.11928 0.240738 
2 0.65 0.152598 0.271652 
2.05 0.65 0.180125 0.307688 
2.1 0.65 0.200939 0.346874 
2.15 0.65 0.214398 0.387471 
2.2 0.65 0.22013 0.428039 
2.25 0.65 0.218018 0.467411 
2.3 0.65 0.208192 0.504614 
2.35 0.65 0.19102 0.538785 
2.4 0.65 0.167095 0.569099 
2.45 0.65 0.137238 0.594748 
2.5 0.65 0.10248 0.614952 
2.55 0.65 0.0640391 0.629017 
2.6 0.65 0.0232852 0.63641 
2.65 0.65 -0.0183124 0.636834 
2.7 0.65 -0.0592474 0.63027 
2.75 0.65 -0.0980428 0.616985 
2.8 0.65 -0.133314 0.597487 
2.85 0.65 -0.163822 0.572456 
2.9 0.65 -0.188511 0.542664 
2.95 0.65 -0.206537 0.508918 
3 0.65 -0.217276 0.472039 
3.05 0.65 -0.220334 0.432884 
3.1 0.65 -0.215553 0.392406 
3.15 0.65 -0.203018 0.351744 
3.2 0.65 -0.183068 0.3123 
3.25 0.65 -0.156313 0.275779 
3.3 0.65 -0.12364 0.24413 
3.35 0.65 -0.0862024 0.219387 
3.4 0.65 -0.0453955 0.20338 
3.45 0.65 -0.00279706 0.197418 
3.5 0.65 0.0399129 0.202013 
3.55 0.65 0.0810476 0.21677 
3.6 0.65 0.119011 0.240471 
3.65 0.65 0.152381 0.271333 
3.7 0.65 0.179969 0.307334 
3.75 0.65 0.200853 0.346499 
3.8 0.65 0.214389 0.387089 
3.85 0.65 0.2202 0.427661 
3.9 0.65 0.21817 0.467048 
3.95 0.65 0.208426 0.504277 
4 0.65 0.191331 0.538482 
4.05 0.65 0.167479 0.568842 
4.1 0.65 0.137685 0.594547 
4.15 0.65 0.102977 0.614816 
4.2 0.65 0.0645741 0.628954 
4.25 0.65 0.0238437 0.636424 
4.3 0.65 -0.0177444 0.636921 
4.35 0.65 -0.0586819 0.630423 
4.4 0.65 -0.0974883 0.617191 
4.45 0.65 -0.132774 0.597726 
4.5 0.65 -0.163292 0.572704 
4.55 0.65 -0.18798 0.542894 
4.6 0.65 -0.205984 0.509103 
4.65 0.65 -0.216672 0.472154 
4.7 0.65 -0.219642 0.432907 
4.75 0.65 -0.214731 0.392327 
4.8 0.65 -0.20202 0.351569 
4.85 0.65 -0.181855 0.312055 
4.9 0.65 -0.15486 0.275515 
4.95 0.65 -0.121946 0.243926 
5 0.65 -0.0843176 0.219334 
0 0.7 -0.104923 0.218922 
0.05 0.7 -0.0727622 0.195331 
0.1 0.7 -0.0377349 0.18012 
0.15 0.7 -0.00117885 0.174555 
0.2 0.7 0.0354616 0.179122 
0.25 0.7 0.0707272 0.193417 
0.3 0.7 0.103235 0.216232 
0.35 0.7 0.131754 0.245811 
0.4 0.7 0.155263 0.280167 
0.45 0.7 0.172976 0.317371 
0.5 0.7 0.184351 0.355723 
0.55 0.7 0.189082 0.393821 
0.6 0.7 0.187087 0.43054 
0.65 0.7 0.178496 0.464964 
0.7 0.7 0.163638 0.496308 
0.75 0.7 0.143034 0.523866 
0.8 0.7 0.117393 0.546981 
0.85 0.7 0.0875993 0.565047 
0.9 0.7 0.0546906 0.577543 
0.95 0.7 0.0198286 0.58408 
1 0.7 -0.015744 0.584441 
1.05 0.7 -0.0507542 0.578616 
1.1 0.7 -0.0839528 0.566794 
1.15 0.7 -0.114165 0.549347 
1.2 0.7 -0.140337 0.526783 
1.25 0.7 -0.161562 0.499696 
1.3 0.7 -0.17711 0.468738 
1.35 0.7 -0.186434 0.434609 
1.4 0.7 -0.189178 0.398079 
1.45 0.7 -0.185186 0.360047 
1.5 0.7 -0.174512 0.321613 
1.55 0.7 -0.15743 0.284147 
1.6 0.7 -0.134451 0.249322 
1.65 0.7 -0.106331 0.21906 
1.7 0.7 -0.0740657 0.195362 
1.75 0.7 -0.0388677 0.180039 
1.8 0.7 -0.00211416 0.174379 
1.85 0.7 0.0347253 0.178885 
1.9 0.7 0.0701757 0.193157 
1.95 0.7 0.102845 0.215982 
2 0.7 0.131499 0.245595 
2.05 0.7 0.155116 0.279999 
2.1 0.7 0.172912 0.317255 
2.15 0.7 0.184347 0.355656 
2.2 0.7 0.189121 0.393797 
2.25 0.7 0.187156 0.430552 
2.3 0.7 0.178583 0.465003 
2.35 0.7 0.163735 0.496369 
2.4 0.7 0.143135 0.523945 
2.45 0.7 0.117496 0.547073 
2.5 0.7 0.0877 0.565151 
2.55 0.7 0.0547869 0.57766 
2.6 0.7 0.0199184 0.584209 
2.65 0.7 -0.0156631 0.584583 
2.7 0.7 -0.0506847 0.578772 
2.75 0.7 -0.0838976 0.566965 
2.8 0.7 -0.114128 0.549534 
2.85 0.7 -0.14032 0.526986 
2.9 0.7 -0.16157 0.499915 
2.95 0.7 -0.177145 0.468973 
3 0.7 -0.1865 0.434858 
3.05 0.7 -0.189277 0.398339 
3.1 0.7 -0.185321 0.360313 
3.15 0.7 -0.174683 0.321876 
3.2 0.7 -0.157636 0.284397 
3.25 0.7 -0.13469 0.249545 
3.3 0.7 -0.106597 0.21924 
3.35 0.7 -0.0743526 0.195484 
3.4 0.7 -0.0391661 0.180088 
3.45 0.7 -0.00241329 0.174349 
3.5 0.7 0.0344369 0.178774 
3.55 0.7 0.0699099 0.19297 
3.6 0.7 0.102613 0.215732 
3.65 0.7 0.131312 0.245296 
3.7 0.7 0.154982 0.279668 
3.75 0.7 0.172837 0.316907 
3.8 0.7 0.184338 0.355303 
3.85 0.7 0.18918 0.393452 
3.9 0.7 0.187284 0.430223 
3.95 0.7 0.17878 0.4647 
4 0.7 0.163997 0.4961 
4.05 0.7 0.143458 0.523718 
4.1 0.7 0.11787 0.546897 
4.15 0.7 0.0881163 0.565031 
4.2 0.7 0.0552338 0.5776 
4.25 0.7 0.0203838 0.584209 
4.3 0.7 -0.0151906 0.584641 
4.35 0.7 -0.0502148 0.578877 
4.4 0.7 -0.0834364 0.567105 
4.45 0.7 -0.113677 0.54969 
4.5 0.7 -0.139874 0.527135 
4.55 0.7 -0.161118 0.500034 
4.6 0.7 -0.176668 0.469036 
4.65 0.7 -0.185969 0.434841 
4.7 0.7 -0.188659 0.398226 
4.75 0.7 -0.184578 0.360096 
4.8 0.7 -0.173777 0.321564 
4.85 0.7 -0.156534 0.284019 
4.9 0.7 -0.133373 0.249158 
4.95 0.7 -0.105071 0.218922 
5 0.7 -0.0726594 0.195331 
0 0.75 -0.0847938 0.190412 
0.05 0.75 -0.0588097 0.168929 
0.1 0.75 -0.0304842 0.155075 
0.15 0.75 -0.000914584 0.150017 
0.2 0.75 0.028717 0.154202 
0.25 0.75 0.0572179 0.167252 
0.3 0.75 0.0834606 0.18805 
0.35 0.75 0.106446 0.214969 
0.4 0.75 0.125351 0.246177 
0.45 0.75 0.139548 0.27989 
0.5 0.75 0.148611 0.31454 
0.55 0.75 0.152309 0.348834 
0.6 0.75 0.150592 0.381739 
0.65 0.75 0.143578 0.412425 
0.7 0.75 0.131542 0.440202 
0.75 0.75 0.114916 0.464471 
0.8 0.75 0.0942713 0.484702 
0.85 0.75 0.0703198 0.500427 
0.9 0.75 0.0438912 0.511255 
0.95 0.75 0.0159105 0.516903 
1 0.75 -0.0126345 0.517215 
1.05 0.75 -0.040733 0.512182 
1.1 0.75 -0.0673921 0.501942 
1.15 0.75 -0.091677 0.486765 
1.2 0.75 -0.112744 0.467027 
1.25 0.75 -0.129867 0.443188 
1.3 0.75 -0.142453 0.415771 
1.35 0.75 -0.150053 0.385365 
1.4 0.75 -0.152371 0.352645 
1.45 0.75 -0.149266 0.318423 
1.5 0.75 -0.140765 0.283709 
1.55 0.75 -0.127074 0.249768 
1.6 0.75 -0.108595 0.218144 
1.65 0.75 -0.0859288 0.190612 
1.7 0.75 -0.0598792 0.169023 
1.75 0.75 -0.0314313 0.15505 
1.8 0.75 -0.00170969 0.149887 
1.85 0.75 0.0280822 0.153999 
1.9 0.75 0.0567367 0.167014 
1.95 0.75 0.0831166 0.187811 
2 0.75 0.106218 0.214758 
2.05 0.75 0.125217 0.246008 
2.1 0.75 0.139485 0.27977 
2.15 0.75 0.148602 0.314468 
2.2 0.75 0.152338 0.348805 
2.25 0.75 0.150646 0.381746 
2.3 0.75 0.143648 0.412461 
2.35 0.75 0.131622 0.44026 
2.4 0.75 0.114999 0.464547 
2.45 0.75 0.0943555 0.484793 
2.5 0.75 0.0704024 0.500529 
2.55 0.75 0.0439701 0.511369 
2.6 0.75 0.0159841 0.517028 
2.65 0.75 -0.0125681 0.517352 
2.7 0.75 -0.0406757 0.512332 
2.75 0.75 -0.0673462 0.502105 
2.8 0.75 -0.0916449 0.486941 
2.85 0.75 -0.112729 0.467218 
2.9 0.75 -0.129871 0.443393 
2.95 0.75 -0.142479 0.415991 
3 0.75 -0.150104 0.385597 
3.05 0.75 -0.152449 0.352887 
3.1 0.75 -0.149372 0.318671 
3.15 0.75 -0.140901 0.283954 
3.2 0.75 -0.12724 0.250001 
3.25 0.75 -0.108787 0.218352 
3.3 0.75 -0.0861433 0.190781 
3.35 0.75 -0.0601108 0.169138 
3.4 0.75 -0.0316724 0.155099 
3.45 0.75 -0.00195167 0.149863 
3.5 0.75 0.0278488 0.1539 
3.55 0.75 0.0565215 0.166847 
3.6 0.75 0.0829289 0.187587 
3.65 0.75 0.106067 0.21449 
3.7 0.75 0.125108 0.245712 
3.75 0.75 0.139425 0.27946 
3.8 0.75 0.148593 0.314155 
3.85 0.75 0.152384 0.3485 
3.9 0.75 0.150748 0.381458 
3.95 0.75 0.143804 0.412197 
4 0.75 0.131829 0.440027 
4.05 0.75 0.115253 0.464352 
4.1 0.75 0.0946501 0.48464 
4.15 0.75 0.0707292 0.500424 
4.2 0.75 0.04432 0.511312 
4.25 0.75 0.0163475 0.517018 
4.3 0.75 -0.0122001 0.517384 
4.35 0.75 -0.0403105 0.512397 
4.4 0.75 -0.0669882 0.502191 
4.45 0.75 -0.0912946 0.487031 
4.5 0.75 -0.112381 0.467292 
4.55 0.75 -0.129515 0.443429 
4.6 0.75 -0.142099 0.415967 
4.65 0.75 -0.149676 0.385493 
4.7 0.75 -0.151944 0.352689 
4.75 0.75 -0.14876 0.318375 
4.8 0.75 -0.140152 0.283571 
4.85 0.75 -0.12633 0.249562 
4.9 0.75 -0.107706 0.217911 
4.95 0.75 -0.0848992 0.190412 
5 0.75 -0.0587365 0.168929 
0 0.8 -0.0627628 0.158152 
0.05 0.8 -0.0435354 0.13985 
0.1 0.8 -0.0225611 0.128052 
0.15 0.8 -0.000665356 0.123753 
0.2 0.8 0.0212682 0.127331 
0.25 0.8 0.0423498 0.138461 
0.3 0.8 0.0617395 0.156185 
0.35 0.8 0.0786964 0.179114 
0.4 0.8 0.0926129 0.205678 
0.45 0.8 0.103032 0.234346 
0.5 0.8 0.109648 0.26377 
0.55 0.8 0.1123 0.292837 
0.6 0.8 0.110963 0.320657 
0.65 0.8 0.105732 0.34652 
0.7 0.8 0.0968173 0.369846 
0.75 0.8 0.0845407 0.390147 
0.8 0.8 0.0693269 0.407004 
0.85 0.8 0.0516979 0.420059 
0.9 0.8 0.0322614 0.429022 
0.95 0.8 0.0116932 0.433689 
1 0.8 -0.0092864 0.433946 
1.05 0.8 -0.0299405 0.429789 
1.1 0.8 -0.0495452 0.421314 
1.15 0.8 -0.0674178 0.408717 
1.2 0.8 -0.0829407 0.392278 
1.25 0.8 -0.0955801 0.372345 
1.3 0.8 -0.104898 0.349329 
1.35 0.8 -0.110559 0.32371 
1.4 0.8 -0.112338 0.296054 
1.45 0.8 -0.110121 0.267054 
1.5 0.8 -0.103919 0.237579 
1.55 0.8 -0.0938729 0.20872 
1.6 0.8 -0.0802697 0.181806 
1.65 0.8 -0.0635482 0.158361 
1.7 0.8 -0.044301 0.13997 
1.75 0.8 -0.02326 0.128064 
1.8 0.8 -0.00126534 0.123665 
1.85 0.8 0.0207819 0.127168 
1.9 0.8 0.0419775 0.138258 
1.95 0.8 0.0614716 0.155976 
2 0.8 0.0785179 0.178924 
2.05 0.8 0.092507 0.205524 
2.1 0.8 0.102982 0.234235 
2.15 0.8 0.109639 0.263702 
2.2 0.8 0.112321 0.292808 
2.25 0.8 0.111003 0.320661 
2.3 0.8 0.105784 0.34655 
2.35 0.8 0.0968767 0.369897 
2.4 0.8 0.0846033 0.390215 
2.45 0.8 0.06939 0.407086 
2.5 0.8 0.0517596 0.420152 
2.55 0.8 0.0323204 0.429126 
2.6 0.8 0.0117482 0.433802 
2.65 0.8 -0.00923664 0.434069 
2.7 0.8 -0.0298974 0.429922 
2.75 0.8 -0.0495104 0.421458 
2.8 0.8 -0.067393 0.408873 
2.85 0.8 -0.082928 0.392446 
2.9 0.8 -0.0955815 0.372525 
2.95 0.8 -0.104915 0.349521 
3 0.8 -0.110595 0.323913 
3.05 0.8 -0.112393 0.296265 
3.1 0.8 -0.110198 0.267269 
3.15 0.8 -0.104018 0.237792 
3.2 0.8 -0.0939937 0.208922 
3.25 0.8 -0.0804105 0.181986 
3.3 0.8 -0.0637061 0.158507 
3.35 0.8 -0.0444718 0.140069 
3.4 0.8 -0.0234382 0.128108 
3.45 0.8 -0.00144443 0.123646 
3.5 0.8 0.0206091 0.127086 
3.55 0.8 0.0418181 0.138118 
3.6 0.8 0.0613324 0.155787 
3.65 0.8 0.0784051 0.178699 
3.7 0.8 0.0924258 0.205274 
3.75 0.8 0.102936 0.233973 
3.8 0.8 0.109632 0.263439 
3.85 0.8 0.112354 0.292553 
3.9 0.8 0.111077 0.32042 
3.95 0.8 0.105897 0.346331 
4 0.8 0.0970267 0.369705 
4.05 0.8 0.0847869 0.390054 
4.1 0.8 0.0696023 0.406959 
4.15 0.8 0.0519946 0.420062 
4.2 0.8 0.0325713 0.429074 
4.25 0.8 0.012008 0.433785 
4.3 0.8 -0.00897452 0.434083 
4.35 0.8 -0.0296382 0.429958 
4.4 0.8 -0.0492571 0.421505 
4.45 0.8 -0.0671456 0.408916 
4.5 0.8 -0.0826824 0.392469 
4.55 0.8 -0.0953291 0.37251 
4.6 0.8 -0.104643 0.349449 
4.65 0.8 -0.110284 0.323768 
4.7 0.8 -0.112024 0.296037 
4.75 0.8 -0.109746 0.266957 
4.8 0.8 -0.103464 0.237409 
4.85 0.8 -0.0933244 0.208497 
4.9 0.8 -0.0796238 0.181566 
4.95 0.8 -0.0628146 0.158152 
5 0.8 -0.0434992 0.13985 
0 0.85 -0.0406574 0.122316 
0.05 0.85 -0.0281971 0.108078 
0.1 0.85 -0.0146081 0.0989112 
0.15 0.85 -0.000432159 0.0955775 
0.2 0.85 0.0137586 0.0983637 
0.25 0.85 0.0273867 0.107018 
0.3 0.85 0.0399069 0.1208 
0.35 0.85 0.0508393 0.138636 
0.4 0.85 0.0597931 0.159306 
0.45 0.85 0.0664772 0.181618 
0.5 0.85 0.0707007 0.204514 
0.55 0.85 0.0723668 0.227118 
0.6 0.85 0.0714646 0.248728 
0.65 0.85 0.068061 0.268785 
0.7 0.85 0.0622956 0.286837 
0.75 0.85 0.0543767 0.302513 
0.8 0.85 0.0445782 0.315499 
0.85 0.85 0.0332353 0.325533 
0.9 0.85 0.020737 0.332412 
0.95 0.85 0.00751549 0.335988 
1 0.85 -0.00596893 0.336185 
1.05 0.85 -0.0192454 0.332999 
1.1 0.85 -0.0318514 0.326497 
1.15 0.85 -0.0433502 0.316816 
1.2 0.85 -0.0533467 0.304155 
1.25 0.85 -0.0614981 0.288767 
1.3 0.85 -0.0675222 0.270958 
1.35 0.85 -0.0712017 0.251094 
1.4 0.85 -0.0723874 0.229614 
1.45 0.85 -0.0710018 0.207063 
1.5 0.85 -0.067045 0.184128 
1.55 0.85 -0.0606015 0.161667 
1.6 0.85 -0.0518501 0.140725 
1.65 0.85 -0.0410698 0.122489 
1.7 0.85 -0.0286422 0.108192 
1.75 0.85 -0.0150424 0.0989404 
1.8 0.85 -0.000818454 0.0955229 
1.85 0.85 0.0134399 0.0982447 
1.9 0.85 0.0271408 0.106862 
1.95 0.85 0.0397296 0.120635 
2 0.85 0.0507214 0.138484 
2.05 0.85 0.0597236 0.159181 
2.1 0.85 0.0664451 0.181526 
2.15 0.85 0.0706961 0.204457 
2.2 0.85 0.0723814 0.227093 
2.25 0.85 0.0714919 0.24873 
2.3 0.85 0.068096 0.268809 
2.35 0.85 0.0623349 0.286879 
2.4 0.85 0.0544178 0.302569 
2.45 0.85 0.0446195 0.315565 
2.5 0.85 0.0332756 0.32561 
2.55 0.85 0.0207755 0.332496 
2.6 0.85 0.00755136 0.33608 
2.65 0.85 -0.00593643 0.336285 
2.7 0.85 -0.0192172 0.333107 
2.75 0.85 -0.0318283 0.326613 
2.8 0.85 -0.0433335 0.316941 
2.85 0.85 -0.0533375 0.304289 
2.9 0.85 -0.0614979 0.288911 
2.95 0.85 -0.0675324 0.271111 
3 0.85 -0.0712236 0.251255 
3.05 0.85 -0.0724222 0.229781 
3.1 0.85 -0.0710504 0.207233 
3.15 0.85 -0.0671078 0.184295 
3.2 0.85 -0.0606785 0.161826 
3.25 0.85 -0.0519402 0.140866 
3.3 0.85 -0.0411713 0.122604 
3.35 0.85 -0.0287523 0.10827 
3.4 0.85 -0.0151574 0.098975 
3.45 0.85 -0.000934251 0.0955087 
3.5 0.85 0.013328 0.0981815 
3.55 0.85 0.0270376 0.106754 
3.6 0.85 0.0396394 0.120489 
3.65 0.85 0.0506482 0.138309 
3.7 0.85 0.0596707 0.158988 
3.75 0.85 0.0664151 0.181324 
3.8 0.85 0.0706907 0.204254 
3.85 0.85 0.0724017 0.226896 
3.9 0.85 0.0715379 0.248545 
3.95 0.85 0.0681672 0.26864 
4 0.85 0.0624296 0.286731 
4.05 0.85 0.0545337 0.302445 
4.1 0.85 0.0447533 0.315468 
4.15 0.85 0.0334234 0.325539 
4.2 0.85 0.0209328 0.332453 
4.25 0.85 0.00771373 0.336062 
4.3 0.85 -0.0057733 0.336288 
4.35 0.85 -0.0190567 0.333123 
4.4 0.85 -0.0316723 0.326635 
4.45 0.85 -0.0431819 0.316957 
4.5 0.85 -0.0531875 0.304286 
4.55 0.85 -0.0613435 0.288874 
4.6 0.85 -0.0673647 0.271028 
4.65 0.85 -0.0710306 0.251113 
4.7 0.85 -0.07219 0.229574 
4.75 0.85 -0.0707648 0.206962 
4.8 0.85 -0.0667571 0.183972 
4.85 0.85 -0.0602579 0.161476 
4.9 0.85 -0.0514567 0.140526 
4.95 0.85 -0.040645 0.122316 
5 0.85 -0.0282054 0.108078 
0 0.9 -0.020811 0.0834375 
0.05 0.9 -0.0144034 0.0738284 
0.1 0.9 -0.00745282 0.0676576 
0.15 0.9 -0.000223889 0.0654179 
0.2 0.9 0.00700233 0.0672956 
0.25 0.9 0.0139349 0.0731231 
0.3 0.9 0.0202961 0.0824109 
0.35 0.9 0.0258416 0.0944441 
0.4 0.9 0.0303738 0.108407 
0.45 0.9 0.0337473 0.123497 
0.5 0.9 0.0358687 0.138995 
0.55 0.9 0.0366926 0.154301 
0.6 0.9 0.0362165 0.168932 
0.65 0.9 0.0344766 0.182505 
0.7 0.9 0.031545 0.19471 
0.75 0.9 0.0275276 0.205296 
0.8 0.9 0.0225626 0.214054 
0.85 0.9 0.0168192 0.220815 
0.9 0.9 0.0104933 0.225444 
0.95 0.9 0.0038028 0.227849 
1 0.9 -0.00302031 0.227982 
1.05 0.9 -0.00973862 0.225838 
1.1 0.9 -0.0161189 0.221463 
1.15 0.9 -0.0219411 0.214942 
1.2 0.9 -0.027006 0.206403 
1.25 0.9 -0.0311409 0.196013 
1.3 0.9 -0.0342032 0.183974 
1.35 0.9 -0.0360826 0.170532 
1.4 0.9 -0.0367022 0.155989 
1.45 0.9 -0.0360205 0.140718 
1.5 0.9 -0.0340345 0.125193 
1.55 0.9 -0.0307835 0.110001 
1.6 0.9 -0.0263544 0.0958528 
1.65 0.9 -0.0208866 0.0835494 
1.7 0.9 -0.0145728 0.0739158 
1.75 0.9 -0.00765555 0.0676886 
1.8 0.9 -0.000416655 0.0653896 
1.85 0.9 0.00684001 0.0672207 
1.9 0.9 0.0138093 0.0730207 
1.95 0.9 0.0202059 0.0823002 
2 0.9 0.0257823 0.0943406 
2.05 0.9 0.0303395 0.108321 
2.1 0.9 0.0337322 0.123433 
2.15 0.9 0.0358677 0.138955 
2.2 0.9 0.0367012 0.154283 
2.25 0.9 0.0362313 0.168933 
2.3 0.9 0.0344952 0.182521 
2.35 0.9 0.0315656 0.194739 
2.4 0.9 0.0275488 0.205335 
2.45 0.9 0.0225839 0.214101 
2.5 0.9 0.0168398 0.220868 
2.55 0.9 0.010513 0.225503 
2.6 0.9 0.00382112 0.227914 
2.65 0.9 -0.00300367 0.228051 
2.7 0.9 -0.00972405 0.225914 
2.75 0.9 -0.0161069 0.221544 
2.8 0.9 -0.0219322 0.215029 
2.85 0.9 -0.0270008 0.206496 
2.9 0.9 -0.0311402 0.196112 
2.95 0.9 -0.0342077 0.184079 
3 0.9 -0.0360929 0.170642 
3.05 0.9 -0.036719 0.156103 
3.1 0.9 -0.0360445 0.140834 
3.15 0.9 -0.0340657 0.125307 
3.2 0.9 -0.0308219 0.110109 
3.25 0.9 -0.0263997 0.0959488 
3.3 0.9 -0.0209378 0.0836271 
3.35 0.9 -0.0146285 0.073969 
3.4 0.9 -0.00771397 0.067712 
3.45 0.9 -0.000475561 0.0653802 
3.5 0.9 0.00678301 0.0671782 
3.55 0.9 0.0137566 0.0729478 
3.6 0.9 0.0201599 0.0822017 
3.65 0.9 0.0257448 0.0942229 
3.7 0.9 0.0303124 0.108191 
3.75 0.9 0.0337167 0.123297 
3.8 0.9 0.0358645 0.138818 
3.85 0.9 0.0367109 0.15415 
3.9 0.9 0.036254 0.168808 
3.95 0.9 0.0345305 0.182408 
4 0.9 0.0316126 0.194639 
4.05 0.9 0.0276064 0.205251 
4.1 0.9 0.0226503 0.214035 
4.15 0.9 0.0169131 0.22082 
4.2 0.9 0.0105908 0.225472 
4.25 0.9 0.00390109 0.227899 
4.3 0.9 -0.00292376 0.22805 
4.35 0.9 -0.00964598 0.22592 
4.4 0.9 -0.0160316 0.221552 
4.45 0.9 -0.0218597 0.215031 
4.5 0.9 -0.0269296 0.206485 
4.55 0.9 -0.0310672 0.196077 
4.6 0.9 -0.0341281 0.184011 
4.65 0.9 -0.0360005 0.170535 
4.7 0.9 -0.0366065 0.155952 
4.75 0.9 -0.0359045 0.140641 
4.8 0.9 -0.0338934 0.125082 
4.85 0.9 -0.0306177 0.109871 
4.9 0.9 -0.0261758 0.0957223 
4.95 0.9 -0.0207239 0.0834375 
5 0.9 -0.0144638 0.0738284 
0 0.95 -0.00614111 0.0423274 
0.05 0.95 -0.00416932 0.0375486 
0.1 0.95 -0.00214271 0.0344944 
0.15 0.95 -6.48851e-05 0.0333881 
0.2 0.95 0.00200513 0.0343182 
0.25 0.95 0.00398843 0.0372043 
0.3 0.95 0.00580567 0.0418098 
0.35 0.95 0.00738677 0.0477869 
0.4 0.95 0.00867562 0.0547364 
0.45 0.95 0.00963173 0.0622606 
0.5 0.95 0.0102297 0.0700009 
0.55 0.95 0.010458 0.0776547 
0.6 0.95 0.0103168 0.0849768 
0.65 0.95 0.00981714 0.0917713 
0.7 0.95 0.00897975 0.0978814 
0.75 0.95 0.00783462 0.10318 
0.8 0.95 0.00642083 0.107561 
0.85 0.95 0.0047861 0.110942 
0.9 0.95 0.00298593 0.113256 
0.95 0.95 0.00108211 0.114458 
1 0.95 -0.000859419 0.114524 
1.05 0.95 -0.00277116 0.113453 
1.1 0.95 -0.00458682 0.111266 
1.15 0.95 -0.00624398 0.108005 
1.2 0.95 -0.00768621 0.103733 
1.25 0.95 -0.00886474 0.098533 
1.3 0.95 -0.00973931 0.0925061 
1.35 0.95 -0.0102786 0.0857769 
1.4 0.95 -0.0104607 0.0784984 
1.45 0.95 -0.010273 0.0708616 
1.5 0.95 -0.00971378 0.0631065 
1.55 0.95 -0.00879283 0.0555302 
1.6 0.95 -0.00753365 0.0484874 
1.65 0.95 -0.00597488 0.0423753 
1.7 0.95 -0.00417114 0.0375983 
1.75 0.95 -0.00219208 0.0345149 
1.8 0.95 -0.000119355 0.0333774 
1.85 0.95 0.00195854 0.0342833 
1.9 0.95 0.00395274 0.037155 
1.95 0.95 0.00578051 0.0417555 
2 0.95 0.00737064 0.0477357 
2.05 0.95 0.00866671 0.0546934 
2.1 0.95 0.00962825 0.0622285 
2.15 0.95 0.0102301 0.0699805 
2.2 0.95 0.010461 0.0776452 
2.25 0.95 0.0103215 0.0849769 
2.3 0.95 0.00982275 0.0917794 
2.35 0.95 0.00898581 0.0978959 
2.4 0.95 0.00784081 0.103199 
2.45 0.95 0.00642694 0.107585 
2.5 0.95 0.004792 0.110969 
2.55 0.95 0.00299154 0.113286 
2.6 0.95 0.00108734 0.114491 
2.65 0.95 -0.00085465 0.11456 
2.7 0.95 -0.00276696 0.113491 
2.75 0.95 -0.00458332 0.111307 
2.8 0.95 -0.00624132 0.108049 
2.85 0.95 -0.00768459 0.10378 
2.9 0.95 -0.00886435 0.0985832 
2.95 0.95 -0.00974036 0.0925593 
3 0.95 -0.0102813 0.0858326 
3.05 0.95 -0.0104652 0.0785559 
3.1 0.95 -0.0102796 0.0709198 
3.15 0.95 -0.00972243 0.0631637 
3.2 0.95 -0.00880359 0.0555841 
3.25 0.95 -0.0075464 0.0485352 
3.3 0.95 -0.00598938 0.0424139 
3.35 0.95 -0.00418699 0.0376246 
3.4 0.95 -0.00220875 0.0345264 
3.45 0.95 -0.000136208 0.0333727 
3.5 0.95 0.00194221 0.0342623 
3.55 0.95 0.00393763 0.0371188 
3.6 0.95 0.00576729 0.0417066 
3.65 0.95 0.00735987 0.0476772 
3.7 0.95 0.00865887 0.0546285 
3.75 0.95 0.0096237 0.0621605 
3.8 0.95 0.0102291 0.069912 
3.85 0.95 0.0104636 0.0775788 
3.9 0.95 0.0103277 0.0849145 
3.95 0.95 0.00983258 0.0917226 
4 0.95 0.00899896 0.0978461 
4.05 0.95 0.00785692 0.103157 
4.1 0.95 0.00644553 0.107552 
4.15 0.95 0.00481247 0.110945 
4.2 0.95 0.00301321 0.11327 
4.25 0.95 0.00110951 0.114483 
4.3 0.95 -0.000832647 0.114558 
4.35 0.95 -0.00274566 0.113493 
4.4 0.95 -0.00456305 0.111309 
4.45 0.95 -0.00622208 0.108048 
4.5 0.95 -0.00766597 0.103772 
4.55 0.95 -0.00884547 0.098563 
4.6 0.95 -0.0097198 0.0925226 
4.65 0.95 -0.0102572 0.0857761 
4.7 0.95 -0.0104353 0.078478 
4.75 0.95 -0.0102417 0.070822 
4.8 0.95 -0.00967507 0.0630513 
4.85 0.95 -0.00874805 0.0554674 
4.9 0.95 -0.00749204 0.0484279 
4.95 0.95 -0.00596848 0.0423274 
5 0.95 -0.00428952 0.0375486 
0 1 0 0 
0.05 1 0 0 
0.1 1 0 0 
0.15 1 0 0 
0.2 1 0 0 
0.25 1 0 0 
0.3 1 0 0 
0.35 1 0 0 
0.4 1 0 0 
0.45 1 0 0 
0.5 1 0 0 
0.55 1 0 0 
0.6 1 0 0 
0.65 1 0 0 
0.7 1 0 0 
0.75 1 0 0 
0.8 1 0 0 
0.85 1 0 0 
0.9 1 0 0 
0.95 1 0 0 
1 1 0 0 
1.05 1 0 0 
1.1 1 0 0 
1.15 1 0 0 
1.2 1 0 0 
1.25 1 0 0 
1.3 1 0 0 
1.35 1 0 0 
1.4 1 0 0 
1.45 1 0 0 
1.5 1 0 0 
1.55 1 0 0 
1.6 1 0 0 
1.65 1 0 0 
1.7 1 0 0 
1.75 1 0 0 
1.8 1 0 0 
1.85 1 0 0 
1.9 1 0 0 
1.95 1 0 0 
2 1 0 0 
2.05 1 0 0 
2.1 1 0 0 
2.15 1 0 0 
2.2 1 0 0 
2.25 1 0 0 
2.3 1 0 0 
2.35 1 0 0 
2.4 1 0 0 
2.45 1 0 0 
2.5 1 0 0 
2.55 1 0 0 
2.6 1 0 0 
2.65 1 0 0 
2.7 1 0 0 
2.75 1 0 0 
2.8 1 0 0 
2.85 1 0 0 
2.9 1 0 0 
2.95 1 0 0 
3 1 0 0 
3.05 1 0 0 
3.1 1 0 0 
3.15 1 0 0 
3.2 1 0 0 
3.25 1 0 0 
3.3 1 0 0 
3.35 1 0 0 
3.4 1 0 0 
3.45 1 0 0 
3.5 1 0 0 
3.55 1 0 0 
3.6 1 0 0 
3.65 1 0 0 
3.7 1 0 0 
3.75 1 0 0 
3.8 1 0 0 
3.85 1 0 0 
3.9 1 0 0 
3.95 1 0 0 
4 1 0 0 
4.05 1 0 0 
4.1 1 0 0 
4.15 1 0 0 
4.2 1 0 0 
4.25 1 0 0 
4.3 1 0 0 
4.35 1 0 0 
4.4 1 0 0 
4.45 1 0 0 
4.5 1 0 0 
4.55 1 0 0 
4.6 1 0 0 
4.65 1 0 0 
4.7 1 0 0 
4.75 1 0 0 
4.8 1 0 0 
4.85 1 0 0 
4.9 1 0 0 
4.95 1 0 0 
5 1 0 0 
