x, y, ksi, T
#iter= 710000
0 0 0 1 
0.05 0 0 1 
0.1 0 0 1 
0.15 0 0 1 
0.2 0 0 1 
0.25 0 0 1 
0.3 0 0 1 
0.35 0 0 1 
0.4 0 0 1 
0.45 0 0 1 
0.5 0 0 1 
0.55 0 0 1 
0.6 0 0 1 
0.65 0 0 1 
0.7 0 0 1 
0.75 0 0 1 
0.8 0 0 1 
0.85 0 0 1 
0.9 0 0 1 
0.95 0 0 1 
1 0 0 1 
1.05 0 0 1 
1.1 0 0 1 
1.15 0 0 1 
1.2 0 0 1 
1.25 0 0 1 
1.3 0 0 1 
1.35 0 0 1 
1.4 0 0 1 
1.45 0 0 1 
1.5 0 0 1 
1.55 0 0 1 
1.6 0 0 1 
1.65 0 0 1 
1.7 0 0 1 
1.75 0 0 1 
1.8 0 0 1 
1.85 0 0 1 
1.9 0 0 1 
1.95 0 0 1 
2 0 0 1 
2.05 0 0 1 
2.1 0 0 1 
2.15 0 0 1 
2.2 0 0 1 
2.25 0 0 1 
2.3 0 0 1 
2.35 0 0 1 
2.4 0 0 1 
2.45 0 0 1 
2.5 0 0 1 
2.55 0 0 1 
2.6 0 0 1 
2.65 0 0 1 
2.7 0 0 1 
2.75 0 0 1 
2.8 0 0 1 
2.85 0 0 1 
2.9 0 0 1 
2.95 0 0 1 
3 0 0 1 
3.05 0 0 1 
3.1 0 0 1 
3.15 0 0 1 
3.2 0 0 1 
3.25 0 0 1 
3.3 0 0 1 
3.35 0 0 1 
3.4 0 0 1 
3.45 0 0 1 
3.5 0 0 1 
3.55 0 0 1 
3.6 0 0 1 
3.65 0 0 1 
3.7 0 0 1 
3.75 0 0 1 
3.8 0 0 1 
3.85 0 0 1 
3.9 0 0 1 
3.95 0 0 1 
4 0 0 1 
4.05 0 0 1 
4.1 0 0 1 
4.15 0 0 1 
4.2 0 0 1 
4.25 0 0 1 
4.3 0 0 1 
4.35 0 0 1 
4.4 0 0 1 
4.45 0 0 1 
4.5 0 0 1 
4.55 0 0 1 
4.6 0 0 1 
4.65 0 0 1 
4.7 0 0 1 
4.75 0 0 1 
4.8 0 0 1 
4.85 0 0 1 
4.9 0 0 1 
4.95 0 0 1 
5 0 0 1 
0 0.05 -0.006287 0.887613 
0.05 0.05 -0.00429619 0.88459 
0.1 0.05 -0.00221785 0.88279 
0.15 0.05 -0.000111036 0.882193 
0.2 0.05 0.00196985 0.882785 
0.25 0.05 0.00396378 0.884542 
0.3 0.05 0.00580853 0.887421 
0.35 0.05 0.00744537 0.891364 
0.4 0.05 0.00882192 0.896296 
0.45 0.05 0.00989379 0.902124 
0.5 0.05 0.0106253 0.908736 
0.55 0.05 0.0109896 0.915997 
0.6 0.05 0.0109693 0.923737 
0.65 0.05 0.0105569 0.93174 
0.7 0.05 0.00975601 0.939731 
0.75 0.05 0.00858363 0.947366 
0.8 0.05 0.00707217 0.954244 
0.85 0.05 0.00527123 0.959927 
0.9 0.05 0.00324781 0.963995 
0.95 0.05 0.0010842 0.966113 
1 0.05 -0.00112678 0.966094 
1.05 0.05 -0.00328858 0.963939 
1.1 0.05 -0.00530852 0.95984 
1.15 0.05 -0.00710459 0.954133 
1.2 0.05 -0.00861015 0.947242 
1.25 0.05 -0.00977598 0.939602 
1.3 0.05 -0.0105701 0.931615 
1.35 0.05 -0.0109759 0.923623 
1.4 0.05 -0.0109901 0.915901 
1.45 0.05 -0.010621 0.908663 
1.5 0.05 -0.00988645 0.902079 
1.55 0.05 -0.00881426 0.896284 
1.6 0.05 -0.00744133 0.891389 
1.65 0.05 -0.00581375 0.887485 
1.7 0.05 -0.00398623 0.884644 
1.75 0.05 -0.00202093 0.88292 
1.8 0.05 1.44892e-05 0.882347 
1.85 0.05 0.00204942 0.882936 
1.9 0.05 0.00401328 0.884675 
1.95 0.05 0.00583846 0.887531 
2 0.05 0.00746291 0.891449 
2.05 0.05 0.00883203 0.896356 
2.1 0.05 0.00989986 0.902162 
2.15 0.05 0.0106296 0.908756 
2.2 0.05 0.0109937 0.916001 
2.25 0.05 0.0109743 0.923729 
2.3 0.05 0.0105633 0.931722 
2.35 0.05 0.00976411 0.939707 
2.4 0.05 0.00859356 0.94734 
2.45 0.05 0.00708381 0.95422 
2.5 0.05 0.00528431 0.959909 
2.55 0.05 0.00326189 0.963986 
2.6 0.05 0.00109874 0.966115 
2.65 0.05 -0.00111238 0.966109 
2.7 0.05 -0.00327494 0.963966 
2.75 0.05 -0.00529624 0.959878 
2.8 0.05 -0.00709417 0.95418 
2.85 0.05 -0.00860199 0.947295 
2.9 0.05 -0.00977037 0.939658 
2.95 0.05 -0.0105672 0.931672 
3 0.05 -0.0109759 0.923679 
3.05 0.05 -0.010993 0.915954 
3.1 0.05 -0.0106266 0.908712 
3.15 0.05 -0.00989475 0.902123 
3.2 0.05 -0.00882501 0.896321 
3.25 0.05 -0.00745423 0.891419 
3.3 0.05 -0.00582842 0.887507 
3.35 0.05 -0.00400222 0.884657 
3.4 0.05 -0.00203771 0.882925 
3.45 0.05 -2.53853e-06 0.882342 
3.5 0.05 0.00203273 0.882921 
3.55 0.05 0.00399751 0.884651 
3.6 0.05 0.00582417 0.887497 
3.65 0.05 0.0074506 0.891406 
3.7 0.05 0.00882217 0.896306 
3.75 0.05 0.00989284 0.902104 
3.8 0.05 0.0106258 0.908691 
3.85 0.05 0.0109934 0.915931 
3.9 0.05 0.0109776 0.923654 
3.95 0.05 0.0105704 0.931647 
4 0.05 0.00977506 0.939633 
4.05 0.05 0.00860827 0.947272 
4.1 0.05 0.00710204 0.954163 
4.15 0.05 0.00530562 0.959868 
4.2 0.05 0.00328569 0.963967 
4.25 0.05 0.00112423 0.966123 
4.3 0.05 -0.00108614 0.966147 
4.35 0.05 -0.00324897 0.964036 
4.4 0.05 -0.00527162 0.95998 
4.45 0.05 -0.00707205 0.954312 
4.5 0.05 -0.00858363 0.947454 
4.55 0.05 -0.00975728 0.939843 
4.6 0.05 -0.0105614 0.931879 
4.65 0.05 -0.0109802 0.923906 
4.7 0.05 -0.0110116 0.916196 
4.75 0.05 -0.0106658 0.908964 
4.8 0.05 -0.00996405 0.902375 
4.85 0.05 -0.00893902 0.896559 
4.9 0.05 -0.0076359 0.891614 
4.95 0.05 -0.00611225 0.887613 
5 0.05 -0.00441704 0.88459 
0 0.1 -0.0212211 0.776416 
0.05 0.1 -0.0147222 0.770471 
0.1 0.1 -0.00764149 0.766862 
0.15 0.1 -0.000328119 0.765651 
0.2 0.1 0.006947 0.766823 
0.25 0.1 0.0139373 0.770326 
0.3 0.1 0.0204115 0.776074 
0.35 0.1 0.0261576 0.783947 
0.4 0.1 0.030988 0.793791 
0.45 0.1 0.0347441 0.80542 
0.5 0.1 0.0372989 0.818614 
0.55 0.1 0.0385584 0.833105 
0.6 0.1 0.0384624 0.848562 
0.65 0.1 0.0369879 0.864561 
0.7 0.1 0.0341528 0.880561 
0.75 0.1 0.0300223 0.895881 
0.8 0.1 0.0247151 0.909711 
0.85 0.1 0.0184081 0.921164 
0.9 0.1 0.0113359 0.929377 
0.95 0.1 0.00378289 0.933658 
1 0.1 -0.00393227 0.933619 
1.05 0.1 -0.0114791 0.929263 
1.1 0.1 -0.0185394 0.920986 
1.15 0.1 -0.0248298 0.909487 
1.2 0.1 -0.0301167 0.895629 
1.25 0.1 -0.0342247 0.8803 
1.3 0.1 -0.0370363 0.864308 
1.35 0.1 -0.0384879 0.84833 
1.4 0.1 -0.0385631 0.832908 
1.45 0.1 -0.0372868 0.818462 
1.5 0.1 -0.0347213 0.805323 
1.55 0.1 -0.0309637 0.793757 
1.6 0.1 -0.0261448 0.783983 
1.65 0.1 -0.0204281 0.776184 
1.7 0.1 -0.0140071 0.770507 
1.75 0.1 -0.00710134 0.767061 
1.8 0.1 5.10335e-05 0.765915 
1.85 0.1 0.00720169 0.767092 
1.9 0.1 0.0141024 0.770569 
1.95 0.1 0.0205151 0.776275 
2 0.1 0.0262208 0.784102 
2.05 0.1 0.0310263 0.793901 
2.1 0.1 0.0347685 0.805489 
2.15 0.1 0.0373172 0.818647 
2.2 0.1 0.0385756 0.833108 
2.25 0.1 0.0384822 0.848541 
2.3 0.1 0.0370123 0.864522 
2.35 0.1 0.0341829 0.880511 
2.4 0.1 0.0300584 0.895827 
2.45 0.1 0.0247569 0.909661 
2.5 0.1 0.0184546 0.921125 
2.55 0.1 0.0113856 0.929357 
2.6 0.1 0.0038341 0.933662 
2.65 0.1 -0.0038817 0.933648 
2.7 0.1 -0.0114313 0.929318 
2.75 0.1 -0.0184964 0.921063 
2.8 0.1 -0.0247932 0.909582 
2.85 0.1 -0.0300881 0.895736 
2.9 0.1 -0.034205 0.880413 
2.95 0.1 -0.0370263 0.864422 
3 0.1 -0.0384879 0.848442 
3.05 0.1 -0.0385732 0.833014 
3.1 0.1 -0.0373068 0.81856 
3.15 0.1 -0.0347507 0.80541 
3.2 0.1 -0.0310016 0.793831 
3.25 0.1 -0.0261903 0.784043 
3.3 0.1 -0.0204798 0.776228 
3.35 0.1 -0.0140634 0.770534 
3.4 0.1 -0.00716042 0.76707 
3.45 0.1 -8.85162e-06 0.765905 
3.5 0.1 0.00714305 0.767063 
3.55 0.1 0.0140471 0.770521 
3.6 0.1 0.020465 0.776209 
3.65 0.1 0.0261778 0.784018 
3.7 0.1 0.0309919 0.7938 
3.75 0.1 0.0347442 0.805373 
3.8 0.1 0.0373042 0.818518 
3.85 0.1 0.0385748 0.832968 
3.9 0.1 0.0384943 0.848392 
3.95 0.1 0.0370377 0.864371 
4 0.1 0.0342218 0.880362 
4.05 0.1 0.0301103 0.89569 
4.1 0.1 0.0248209 0.909545 
4.15 0.1 0.0185292 0.921042 
4.2 0.1 0.0114686 0.929318 
4.25 0.1 0.00392274 0.933676 
4.3 0.1 -0.0037906 0.933723 
4.35 0.1 -0.0113412 0.929456 
4.4 0.1 -0.0184111 0.921265 
4.45 0.1 -0.0247167 0.909843 
4.5 0.1 -0.0300247 0.896051 
4.55 0.1 -0.0341599 0.880777 
4.6 0.1 -0.0370061 0.864829 
4.65 0.1 -0.0385018 0.848887 
4.7 0.1 -0.0386341 0.833488 
4.75 0.1 -0.0374328 0.819052 
4.8 0.1 -0.0349666 0.8059 
4.85 0.1 -0.0313387 0.794286 
4.9 0.1 -0.0266811 0.784405 
4.95 0.1 -0.0211334 0.776416 
5 0.1 -0.014781 0.770471 
0 0.15 -0.0413587 0.670852 
0.05 0.15 -0.0286673 0.662149 
0.1 0.15 -0.0148405 0.65682 
0.15 0.15 -0.00049868 0.655011 
0.2 0.15 0.0138116 0.656729 
0.25 0.15 0.0275849 0.661906 
0.3 0.15 0.0403508 0.67041 
0.35 0.15 0.0516813 0.682053 
0.4 0.15 0.0612003 0.696599 
0.45 0.15 0.0685911 0.713767 
0.5 0.15 0.0736014 0.733227 
0.55 0.15 0.0760463 0.754588 
0.6 0.15 0.0758109 0.777369 
0.65 0.15 0.0728557 0.800957 
0.7 0.15 0.0672237 0.824566 
0.75 0.15 0.0590519 0.847201 
0.8 0.15 0.0485812 0.867666 
0.85 0.15 0.0361639 0.88464 
0.9 0.15 0.022261 0.89683 
0.95 0.15 0.00742665 0.903189 
1 0.15 -0.00772159 0.90313 
1.05 0.15 -0.022544 0.896659 
1.1 0.15 -0.0364241 0.884375 
1.15 0.15 -0.0488092 0.867332 
1.2 0.15 -0.0592405 0.846824 
1.25 0.15 -0.0673684 0.824175 
1.3 0.15 -0.0729544 0.800575 
1.35 0.15 -0.0758645 0.777016 
1.4 0.15 -0.0760584 0.754282 
1.45 0.15 -0.0735792 0.732983 
1.5 0.15 -0.0685458 0.713596 
1.55 0.15 -0.0611481 0.696512 
1.6 0.15 -0.0516447 0.682058 
1.65 0.15 -0.0403595 0.670509 
1.7 0.15 -0.027677 0.662092 
1.75 0.15 -0.0140325 0.65698 
1.8 0.15 0.000101085 0.655279 
1.85 0.15 0.0142313 0.657027 
1.9 0.15 0.0278657 0.662185 
1.95 0.15 0.0405319 0.670645 
2 0.15 0.0517952 0.682234 
2.05 0.15 0.061272 0.696726 
2.1 0.15 0.0686392 0.713842 
2.15 0.15 0.0736392 0.733256 
2.2 0.15 0.0760831 0.754578 
2.25 0.15 0.0758529 0.777327 
2.3 0.15 0.0729066 0.800891 
2.35 0.15 0.0672857 0.824486 
2.4 0.15 0.0591254 0.847117 
2.45 0.15 0.0486654 0.867589 
2.5 0.15 0.0362569 0.884581 
2.55 0.15 0.02236 0.896799 
2.6 0.15 0.00752813 0.903194 
2.65 0.15 -0.00762163 0.903173 
2.7 0.15 -0.0224496 0.89674 
2.75 0.15 -0.0363391 0.884489 
2.8 0.15 -0.0487371 0.867472 
2.85 0.15 -0.059184 0.846982 
2.9 0.15 -0.0673296 0.824342 
2.95 0.15 -0.0729347 0.800744 
3 0.15 -0.0758646 0.777182 
3.05 0.15 -0.0760785 0.75444 
3.1 0.15 -0.0736189 0.733128 
3.15 0.15 -0.068604 0.713726 
3.2 0.15 -0.0612234 0.696623 
3.25 0.15 -0.0517348 0.682148 
3.3 0.15 -0.0404619 0.670575 
3.35 0.15 -0.0277884 0.662134 
3.4 0.15 -0.0141494 0.656994 
3.45 0.15 -1.73507e-05 0.655266 
3.5 0.15 0.0141154 0.656985 
3.55 0.15 0.0277564 0.662114 
3.6 0.15 0.0404331 0.670547 
3.65 0.15 0.0517105 0.682111 
3.7 0.15 0.0612045 0.696578 
3.75 0.15 0.0685918 0.713672 
3.8 0.15 0.0736142 0.733066 
3.85 0.15 0.0760823 0.754372 
3.9 0.15 0.0758776 0.777109 
3.95 0.15 0.0729576 0.800669 
4 0.15 0.0673628 0.824267 
4.05 0.15 0.0592278 0.846914 
4.1 0.15 0.0487912 0.867417 
4.15 0.15 0.0364031 0.884456 
4.2 0.15 0.0225222 0.896738 
4.25 0.15 0.00770113 0.903212 
4.3 0.15 -0.00744399 0.903281 
4.35 0.15 -0.0222741 0.896941 
4.4 0.15 -0.0361727 0.884781 
4.45 0.15 -0.0485871 0.86785 
4.5 0.15 -0.0590585 0.847437 
4.55 0.15 -0.0672377 0.824865 
4.6 0.15 -0.0728878 0.801327 
4.65 0.15 -0.0758777 0.777814 
4.7 0.15 -0.0761718 0.755109 
4.75 0.15 -0.073819 0.733816 
4.8 0.15 -0.0689441 0.714404 
4.85 0.15 -0.0617385 0.697244 
4.9 0.15 -0.0524479 0.68264 
4.95 0.15 -0.0413449 0.670852 
5 0.15 -0.0286743 0.662149 
0 0.2 -0.063765 0.576283 
0.05 0.2 -0.0440971 0.565098 
0.1 0.2 -0.0227262 0.558222 
0.15 0.2 -0.000534641 0.55587 
0.2 0.2 0.0216404 0.558086 
0.25 0.2 0.0430034 0.564791 
0.3 0.2 0.0628105 0.575806 
0.35 0.2 0.0803858 0.59087 
0.4 0.2 0.0951372 0.609656 
0.45 0.2 0.106569 0.631782 
0.5 0.2 0.114289 0.656812 
0.55 0.2 0.118014 0.684242 
0.6 0.2 0.117572 0.71346 
0.65 0.2 0.112911 0.743695 
0.7 0.2 0.104111 0.773953 
0.75 0.2 0.0913935 0.802973 
0.8 0.2 0.0751426 0.829227 
0.85 0.2 0.055908 0.851018 
0.9 0.2 0.0344019 0.866678 
0.95 0.2 0.011474 0.874851 
1 0.2 -0.0119325 0.874775 
1.05 0.2 -0.0348422 0.866457 
1.1 0.2 -0.0563135 0.850675 
1.15 0.2 -0.0754989 0.828793 
1.2 0.2 -0.0916896 0.802484 
1.25 0.2 -0.104339 0.773442 
1.3 0.2 -0.113068 0.743192 
1.35 0.2 -0.117658 0.712989 
1.4 0.2 -0.118034 0.683823 
1.45 0.2 -0.114253 0.656462 
1.5 0.2 -0.106491 0.631512 
1.55 0.2 -0.0950389 0.609477 
1.6 0.2 -0.0802963 0.590788 
1.65 0.2 -0.0627671 0.575821 
1.7 0.2 -0.0430513 0.56489 
1.75 0.2 -0.0218298 0.55824 
1.8 0.2 0.000157643 0.556026 
1.85 0.2 0.0221397 0.558301 
1.9 0.2 0.0433455 0.56501 
1.95 0.2 0.0630358 0.575997 
2 0.2 0.0805307 0.591017 
2.05 0.2 0.0952317 0.609753 
2.1 0.2 0.106636 0.63183 
2.15 0.2 0.114346 0.656815 
2.2 0.2 0.118072 0.684204 
2.25 0.2 0.11764 0.713389 
2.3 0.2 0.112994 0.743599 
2.35 0.2 0.10421 0.773843 
2.4 0.2 0.0915105 0.80286 
2.45 0.2 0.0752758 0.829125 
2.5 0.2 0.0560543 0.85094 
2.55 0.2 0.0345569 0.866637 
2.6 0.2 0.0116324 0.874857 
2.65 0.2 -0.0117769 0.874831 
2.7 0.2 -0.0346955 0.866562 
2.75 0.2 -0.0561815 0.850822 
2.8 0.2 -0.0753869 0.828974 
2.85 0.2 -0.0916017 0.802687 
2.9 0.2 -0.104279 0.773658 
2.95 0.2 -0.113038 0.74341 
3 0.2 -0.117658 0.713203 
3.05 0.2 -0.118065 0.684027 
3.1 0.2 -0.114315 0.656649 
3.15 0.2 -0.106582 0.63168 
3.2 0.2 -0.0951562 0.609622 
3.25 0.2 -0.0804368 0.590906 
3.3 0.2 -0.0629268 0.575908 
3.35 0.2 -0.0432251 0.564945 
3.4 0.2 -0.0220119 0.55826 
3.45 0.2 -2.67661e-05 0.55601 
3.5 0.2 0.0219594 0.558248 
3.55 0.2 0.0431757 0.56492 
3.6 0.2 0.0628824 0.575872 
3.65 0.2 0.0803995 0.590859 
3.7 0.2 0.0951275 0.609564 
3.75 0.2 0.106563 0.631612 
3.8 0.2 0.114308 0.656572 
3.85 0.2 0.118072 0.683941 
3.9 0.2 0.117679 0.713111 
3.95 0.2 0.113073 0.743315 
4 0.2 0.10433 0.773564 
4.05 0.2 0.091669 0.802601 
4.1 0.2 0.0754698 0.828905 
4.15 0.2 0.056279 0.850781 
4.2 0.2 0.0348058 0.866559 
4.25 0.2 0.0118975 0.874878 
4.3 0.2 -0.0115047 0.874965 
4.35 0.2 -0.0344262 0.866813 
4.4 0.2 -0.0559253 0.851188 
4.45 0.2 -0.0751542 0.829446 
4.5 0.2 -0.0914033 0.803252 
4.55 0.2 -0.104126 0.774304 
4.6 0.2 -0.112946 0.744124 
4.65 0.2 -0.117644 0.71397 
4.7 0.2 -0.118152 0.68483 
4.75 0.2 -0.114529 0.657466 
4.8 0.2 -0.106955 0.632475 
4.85 0.2 -0.0957161 0.610345 
4.9 0.2 -0.081188 0.591489 
4.95 0.2 -0.0638135 0.576283 
5 0.2 -0.0440612 0.565098 
0 0.25 -0.0861375 0.496809 
0.05 0.25 -0.0594335 0.483461 
0.1 0.25 -0.0304801 0.475235 
0.15 0.25 -0.000407585 0.472414 
0.2 0.25 0.029663 0.475079 
0.25 0.25 0.0586444 0.483141 
0.3 0.25 0.0855132 0.496363 
0.35 0.25 0.109339 0.514394 
0.4 0.25 0.129311 0.536799 
0.45 0.25 0.144752 0.563085 
0.5 0.25 0.155133 0.592711 
0.55 0.25 0.160075 0.625071 
0.6 0.25 0.159359 0.659448 
0.65 0.25 0.152928 0.694952 
0.7 0.25 0.140905 0.730435 
0.75 0.25 0.123609 0.764438 
0.8 0.25 0.101567 0.795186 
0.85 0.25 0.0755305 0.8207 
0.9 0.25 0.0464591 0.839035 
0.95 0.25 0.0154914 0.848604 
1 0.25 -0.0161142 0.848514 
1.05 0.25 -0.0470579 0.838774 
1.1 0.25 -0.0760828 0.820295 
1.15 0.25 -0.102054 0.794672 
1.2 0.25 -0.124014 0.763856 
1.25 0.25 -0.141219 0.729824 
1.3 0.25 -0.153145 0.694343 
1.35 0.25 -0.159478 0.658869 
1.4 0.25 -0.160101 0.624541 
1.45 0.25 -0.155075 0.592247 
1.5 0.25 -0.144627 0.562698 
1.55 0.25 -0.129143 0.536497 
1.6 0.25 -0.109159 0.514181 
1.65 0.25 -0.0853595 0.496236 
1.7 0.25 -0.0585623 0.483084 
1.75 0.25 -0.0296993 0.475062 
1.8 0.25 0.000215018 0.472388 
1.85 0.25 0.030122 0.475136 
1.9 0.25 0.0589634 0.48323 
1.95 0.25 0.0857256 0.496449 
2 0.25 0.109478 0.514457 
2.05 0.25 0.129405 0.536828 
2.1 0.25 0.144824 0.563077 
2.15 0.25 0.155201 0.592667 
2.2 0.25 0.160151 0.624992 
2.25 0.25 0.159452 0.65934 
2.3 0.25 0.153043 0.694823 
2.35 0.25 0.141044 0.730295 
2.4 0.25 0.123771 0.764298 
2.45 0.25 0.101751 0.795062 
2.5 0.25 0.0757314 0.820608 
2.55 0.25 0.0466711 0.838987 
2.6 0.25 0.0157073 0.848611 
2.65 0.25 -0.0159025 0.84858 
2.7 0.25 -0.0468584 0.838899 
2.75 0.25 -0.0759035 0.82047 
2.8 0.25 -0.101901 0.794886 
2.85 0.25 -0.123895 0.764096 
2.9 0.25 -0.141137 0.730078 
2.95 0.25 -0.153103 0.694601 
3 0.25 -0.159478 0.659122 
3.05 0.25 -0.160143 0.624783 
3.1 0.25 -0.155159 0.592472 
3.15 0.25 -0.144751 0.562901 
3.2 0.25 -0.129302 0.536673 
3.25 0.25 -0.10935 0.514325 
3.3 0.25 -0.085577 0.496344 
3.35 0.25 -0.058799 0.483153 
3.4 0.25 -0.0299474 0.475089 
3.45 0.25 -3.6105e-05 0.472371 
3.5 0.25 0.0298766 0.475075 
3.55 0.25 0.0587325 0.483124 
3.6 0.25 0.0855174 0.496301 
3.65 0.25 0.1093 0.514269 
3.7 0.25 0.129264 0.536605 
3.75 0.25 0.144726 0.562821 
3.8 0.25 0.15515 0.592382 
3.85 0.25 0.160152 0.624685 
3.9 0.25 0.159506 0.659017 
3.95 0.25 0.153151 0.694493 
4 0.25 0.141206 0.729971 
4.05 0.25 0.123984 0.763999 
4.1 0.25 0.102012 0.794807 
4.15 0.25 0.0760325 0.820423 
4.2 0.25 0.0470041 0.838896 
4.25 0.25 0.0160616 0.848635 
4.3 0.25 -0.0155387 0.848733 
4.35 0.25 -0.0464977 0.839186 
4.4 0.25 -0.0755584 0.820886 
4.45 0.25 -0.101584 0.79542 
4.5 0.25 -0.123618 0.764732 
4.55 0.25 -0.140913 0.730799 
4.6 0.25 -0.152944 0.695389 
4.65 0.25 -0.159401 0.659959 
4.7 0.25 -0.160167 0.625648 
4.75 0.25 -0.155305 0.593339 
4.8 0.25 -0.14504 0.563736 
4.85 0.25 -0.129747 0.537433 
4.9 0.25 -0.109937 0.514959 
4.95 0.25 -0.0862375 0.496809 
5 0.25 -0.0593625 0.483461 
0 0.3 -0.106695 0.433921 
0.05 0.3 -0.0734697 0.418663 
0.1 0.3 -0.0374971 0.409235 
0.15 0.3 -0.000133006 0.406004 
0.2 0.3 0.0372389 0.409091 
0.25 0.3 0.0732584 0.418383 
0.3 0.3 0.106638 0.433563 
0.35 0.3 0.136208 0.454156 
0.4 0.3 0.160951 0.479587 
0.45 0.3 0.180027 0.509228 
0.5 0.3 0.192783 0.542423 
0.55 0.3 0.198763 0.578471 
0.6 0.3 0.197711 0.616579 
0.65 0.3 0.189577 0.655778 
0.7 0.3 0.174534 0.694832 
0.75 0.3 0.152997 0.732166 
0.8 0.3 0.125634 0.765863 
0.85 0.3 0.093379 0.793786 
0.9 0.3 0.057416 0.813831 
0.95 0.3 0.0191398 0.824286 
1 0.3 -0.0199141 0.824187 
1.05 0.3 -0.058161 0.813544 
1.1 0.3 -0.0940673 0.793339 
1.15 0.3 -0.126242 0.765294 
1.2 0.3 -0.153505 0.731518 
1.25 0.3 -0.174929 0.694146 
1.3 0.3 -0.189849 0.655086 
1.35 0.3 -0.197858 0.615909 
1.4 0.3 -0.198789 0.577842 
1.45 0.3 -0.192696 0.54185 
1.5 0.3 -0.179841 0.508721 
1.55 0.3 -0.160689 0.479151 
1.6 0.3 -0.135899 0.453795 
1.65 0.3 -0.106316 0.433273 
1.7 0.3 -0.0729641 0.41815 
1.75 0.3 -0.0370101 0.408889 
1.8 0.3 0.000268635 0.405796 
1.85 0.3 0.0375381 0.408976 
1.9 0.3 0.0734648 0.41832 
1.95 0.3 0.106773 0.43352 
2 0.3 0.136296 0.454111 
2.05 0.3 0.161015 0.479529 
2.1 0.3 0.180086 0.50915 
2.15 0.3 0.192851 0.542321 
2.2 0.3 0.198851 0.578346 
2.25 0.3 0.197824 0.616433 
2.3 0.3 0.18972 0.655618 
2.35 0.3 0.17471 0.694666 
2.4 0.3 0.153202 0.732006 
2.45 0.3 0.125866 0.765724 
2.5 0.3 0.0936312 0.793683 
2.55 0.3 0.0576813 0.813779 
2.6 0.3 0.0194092 0.824295 
2.65 0.3 -0.0196503 0.824262 
2.7 0.3 -0.0579128 0.813683 
2.75 0.3 -0.0938442 0.793533 
2.8 0.3 -0.126052 0.765531 
2.85 0.3 -0.153356 0.731784 
2.9 0.3 -0.174826 0.694429 
2.95 0.3 -0.189796 0.655375 
3 0.3 -0.197857 0.616193 
3.05 0.3 -0.198841 0.578115 
3.1 0.3 -0.192799 0.542105 
3.15 0.3 -0.179995 0.508952 
3.2 0.3 -0.160888 0.479354 
3.25 0.3 -0.136137 0.453963 
3.3 0.3 -0.106588 0.433401 
3.35 0.3 -0.0732594 0.418233 
3.4 0.3 -0.0373197 0.408924 
3.45 0.3 -4.46117e-05 0.405779 
3.5 0.3 0.0372323 0.408908 
3.55 0.3 0.0731773 0.418201 
3.6 0.3 0.106514 0.433354 
3.65 0.3 0.136076 0.453901 
3.7 0.3 0.160841 0.479279 
3.75 0.3 0.179965 0.508865 
3.8 0.3 0.19279 0.542007 
3.85 0.3 0.198852 0.578009 
3.9 0.3 0.197892 0.61608 
3.95 0.3 0.189855 0.655259 
4 0.3 0.17491 0.694316 
4.05 0.3 0.153465 0.731682 
4.1 0.3 0.126185 0.76545 
4.15 0.3 0.0939995 0.793485 
4.2 0.3 0.0580878 0.813682 
4.25 0.3 0.0198414 0.824321 
4.3 0.3 -0.0192062 0.824426 
4.35 0.3 -0.057471 0.813988 
4.4 0.3 -0.0934186 0.793973 
4.45 0.3 -0.125656 0.766092 
4.5 0.3 -0.153 0.732447 
4.55 0.3 -0.17452 0.695173 
4.6 0.3 -0.189551 0.656178 
4.65 0.3 -0.197683 0.617034 
4.7 0.3 -0.198747 0.578971 
4.75 0.3 -0.192796 0.542951 
4.8 0.3 -0.180088 0.50976 
4.85 0.3 -0.161074 0.480093 
4.9 0.3 -0.136389 0.454601 
4.95 0.3 -0.106836 0.433921 
5 0.3 -0.0733706 0.418663 
0 0.35 -0.124086 0.38642 
0.05 0.35 -0.0853008 0.369366 
0.1 0.35 -0.0433394 0.358795 
0.15 0.35 0.000246094 0.35518 
0.2 0.35 0.0438435 0.358691 
0.25 0.35 0.0858527 0.369175 
0.3 0.35 0.124754 0.386197 
0.35 0.35 0.15917 0.409109 
0.4 0.35 0.187907 0.437148 
0.45 0.35 0.209988 0.469513 
0.5 0.35 0.224663 0.505408 
0.55 0.35 0.231419 0.544037 
0.6 0.35 0.229982 0.584547 
0.65 0.35 0.220321 0.625935 
0.7 0.35 0.202665 0.666937 
0.75 0.35 0.177516 0.705953 
0.8 0.35 0.145668 0.741037 
0.85 0.35 0.108209 0.770026 
0.9 0.35 0.0665081 0.790792 
0.95 0.35 0.0221645 0.801609 
1 0.35 -0.0230668 0.801506 
1.05 0.35 -0.0673769 0.790493 
1.1 0.35 -0.109013 0.769558 
1.15 0.35 -0.146379 0.740439 
1.2 0.35 -0.178112 0.705267 
1.25 0.35 -0.203128 0.666203 
1.3 0.35 -0.22064 0.625185 
1.35 0.35 -0.230151 0.583807 
1.4 0.35 -0.231438 0.543325 
1.45 0.35 -0.224537 0.504737 
1.5 0.35 -0.209729 0.468893 
1.55 0.35 -0.187533 0.436586 
1.6 0.35 -0.158703 0.408609 
1.65 0.35 -0.124222 0.385757 
1.7 0.35 -0.0852859 0.368788 
1.75 0.35 -0.0432703 0.358338 
1.8 0.35 0.000314875 0.354838 
1.85 0.35 0.0438891 0.358437 
1.9 0.35 0.0858724 0.36898 
1.95 0.35 0.124757 0.386035 
2 0.35 0.159167 0.408962 
2.05 0.35 0.187913 0.437004 
2.1 0.35 0.210013 0.469363 
2.15 0.35 0.224717 0.505249 
2.2 0.35 0.231508 0.543867 
2.25 0.35 0.230109 0.584368 
2.3 0.35 0.220488 0.625749 
2.35 0.35 0.202871 0.666753 
2.4 0.35 0.177758 0.70578 
2.45 0.35 0.145941 0.740891 
2.5 0.35 0.108506 0.76992 
2.55 0.35 0.0668191 0.790741 
2.6 0.35 0.0224796 0.801622 
2.65 0.35 -0.0227587 0.801588 
2.7 0.35 -0.0670873 0.790641 
2.75 0.35 -0.108753 0.769764 
2.8 0.35 -0.146158 0.740691 
2.85 0.35 -0.177937 0.705549 
2.9 0.35 -0.203007 0.666504 
2.95 0.35 -0.220577 0.625494 
3 0.35 -0.230149 0.584114 
3.05 0.35 -0.231498 0.543622 
3.1 0.35 -0.224658 0.505017 
3.15 0.35 -0.209907 0.46915 
3.2 0.35 -0.187765 0.436814 
3.25 0.35 -0.158982 0.4088 
3.3 0.35 -0.12454 0.385905 
3.35 0.35 -0.0856315 0.368886 
3.4 0.35 -0.0436327 0.358382 
3.45 0.35 -5.17301e-05 0.354823 
3.5 0.35 0.0435313 0.358364 
3.55 0.35 0.0855365 0.36885 
3.6 0.35 0.124455 0.385853 
3.65 0.35 0.158911 0.408733 
3.7 0.35 0.187711 0.436734 
3.75 0.35 0.209874 0.469059 
3.8 0.35 0.224647 0.504916 
3.85 0.35 0.231511 0.543513 
3.9 0.35 0.230189 0.583999 
3.95 0.35 0.220644 0.625378 
4 0.35 0.203102 0.666392 
4.05 0.35 0.17806 0.705449 
4.1 0.35 0.146307 0.740612 
4.15 0.35 0.108927 0.76972 
4.2 0.35 0.067283 0.790644 
4.25 0.35 0.0229725 0.80165 
4.3 0.35 -0.0222517 0.801753 
4.35 0.35 -0.0665812 0.790946 
4.4 0.35 -0.108261 0.770201 
4.45 0.35 -0.145692 0.741244 
4.5 0.35 -0.177508 0.706197 
4.55 0.35 -0.202619 0.667222 
4.6 0.35 -0.220234 0.626257 
4.65 0.35 -0.229852 0.5849 
4.7 0.35 -0.231245 0.544407 
4.75 0.35 -0.224445 0.505781 
4.8 0.35 -0.209725 0.469871 
4.85 0.35 -0.187593 0.437473 
4.9 0.35 -0.158786 0.409385 
4.95 0.35 -0.12426 0.38642 
5 0.35 -0.0851799 0.369366 
0 0.4 -0.137316 0.351283 
0.05 0.4 -0.0942663 0.332432 
0.1 0.4 -0.0477002 0.320696 
0.15 0.4 0.000673393 0.316696 
0.2 0.4 0.0490577 0.320656 
0.25 0.4 0.0956585 0.332369 
0.3 0.4 0.13877 0.351237 
0.35 0.4 0.176848 0.37639 
0.4 0.4 0.208564 0.406819 
0.45 0.4 0.232841 0.441503 
0.5 0.4 0.248864 0.479479 
0.55 0.4 0.25609 0.519843 
0.6 0.4 0.254245 0.561691 
0.65 0.4 0.243327 0.604014 
0.7 0.4 0.223621 0.645578 
0.75 0.4 0.195706 0.684838 
0.8 0.4 0.160478 0.719931 
0.85 0.4 0.119141 0.748788 
0.9 0.4 0.0731964 0.769389 
0.95 0.4 0.0243864 0.780097 
1 0.4 -0.0253852 0.779994 
1.05 0.4 -0.0741587 0.769091 
1.1 0.4 -0.120032 0.74832 
1.15 0.4 -0.161268 0.719328 
1.2 0.4 -0.196369 0.68414 
1.25 0.4 -0.224136 0.644822 
1.3 0.4 -0.243681 0.60323 
1.35 0.4 -0.254427 0.560903 
1.4 0.4 -0.256097 0.519067 
1.45 0.4 -0.248696 0.478728 
1.5 0.4 -0.232504 0.440786 
1.55 0.4 -0.208069 0.406145 
1.6 0.4 -0.17621 0.375768 
1.65 0.4 -0.138008 0.350673 
1.7 0.4 -0.0947924 0.331864 
1.75 0.4 -0.0481063 0.320204 
1.8 0.4 0.000350933 0.316285 
1.85 0.4 0.0487958 0.320315 
1.9 0.4 0.0954454 0.332079 
1.95 0.4 0.138602 0.350983 
2 0.4 0.176726 0.376158 
2.05 0.4 0.20849 0.4066 
2.1 0.4 0.232817 0.441292 
2.15 0.4 0.248893 0.479271 
2.2 0.4 0.256172 0.519635 
2.25 0.4 0.254378 0.561484 
2.3 0.4 0.243511 0.60381 
2.35 0.4 0.22385 0.645383 
2.4 0.4 0.195977 0.684661 
2.45 0.4 0.160783 0.719784 
2.5 0.4 0.119472 0.748685 
2.55 0.4 0.0735425 0.769342 
2.6 0.4 0.0247364 0.780114 
2.65 0.4 -0.0250435 0.780081 
2.7 0.4 -0.0738377 0.769243 
2.75 0.4 -0.119744 0.74853 
2.8 0.4 -0.161022 0.719585 
2.85 0.4 -0.196176 0.68443 
2.9 0.4 -0.224001 0.645132 
2.95 0.4 -0.24361 0.60355 
3 0.4 -0.254423 0.561224 
3.05 0.4 -0.256162 0.519381 
3.1 0.4 -0.248829 0.479028 
3.15 0.4 -0.232701 0.441066 
3.2 0.4 -0.208326 0.406397 
3.25 0.4 -0.176519 0.375982 
3.3 0.4 -0.138361 0.350842 
3.35 0.4 -0.095177 0.331978 
3.4 0.4 -0.0485097 0.320257 
3.45 0.4 -5.70676e-05 0.316273 
3.5 0.4 0.0483979 0.320238 
3.55 0.4 0.0950723 0.33194 
3.6 0.4 0.138267 0.350787 
3.65 0.4 0.176442 0.375912 
3.7 0.4 0.208267 0.406314 
3.75 0.4 0.232665 0.440973 
3.8 0.4 0.248817 0.478927 
3.85 0.4 0.256176 0.519273 
3.9 0.4 0.254466 0.561112 
3.95 0.4 0.243682 0.603439 
4 0.4 0.224103 0.645026 
4.05 0.4 0.196306 0.684337 
4.1 0.4 0.161181 0.719513 
4.15 0.4 0.119928 0.748492 
4.2 0.4 0.0740441 0.76925 
4.25 0.4 0.025269 0.780142 
4.3 0.4 -0.0244951 0.780239 
4.35 0.4 -0.0732881 0.769532 
4.4 0.4 -0.119206 0.748941 
4.45 0.4 -0.160505 0.720098 
4.5 0.4 -0.195684 0.685024 
4.55 0.4 -0.223537 0.645781 
4.6 0.4 -0.243168 0.604228 
4.65 0.4 -0.253994 0.561906 
4.7 0.4 -0.255732 0.520046 
4.75 0.4 -0.248379 0.479657 
4.8 0.4 -0.232206 0.441645 
4.85 0.4 -0.207755 0.40692 
4.9 0.4 -0.175833 0.376455 
4.95 0.4 -0.137515 0.351283 
5 0.4 -0.0941295 0.332432 
0 0.45 -0.145689 0.324794 
0.05 0.45 -0.0999072 0.304117 
0.1 0.45 -0.0503748 0.291184 
0.15 0.45 0.00109037 0.286793 
0.2 0.45 0.0525614 0.291231 
0.25 0.45 0.102106 0.304219 
0.3 0.45 0.147888 0.324968 
0.35 0.45 0.18825 0.35234 
0.4 0.45 0.221776 0.385041 
0.45 0.45 0.247331 0.421793 
0.5 0.45 0.26407 0.461436 
0.55 0.45 0.271447 0.502944 
0.6 0.45 0.269205 0.545363 
0.65 0.45 0.257379 0.587695 
0.7 0.45 0.236305 0.628776 
0.75 0.45 0.206625 0.667182 
0.8 0.45 0.169302 0.701215 
0.85 0.45 0.125616 0.72901 
0.9 0.45 0.077141 0.748753 
0.95 0.45 0.0256931 0.758983 
1 0.45 -0.0267515 0.758885 
1.05 0.45 -0.0781614 0.748466 
1.1 0.45 -0.126563 0.728556 
1.15 0.45 -0.170142 0.700626 
1.2 0.45 -0.207331 0.666493 
1.25 0.45 -0.236854 0.628019 
1.3 0.45 -0.257753 0.586897 
1.35 0.45 -0.269391 0.544544 
1.4 0.45 -0.271437 0.50212 
1.45 0.45 -0.26386 0.460618 
1.5 0.45 -0.246919 0.420992 
1.55 0.45 -0.221167 0.384271 
1.6 0.45 -0.187449 0.351615 
1.65 0.45 -0.146905 0.324303 
1.7 0.45 -0.100952 0.303628 
1.75 0.45 -0.0512473 0.290723 
1.8 0.45 0.000374725 0.286371 
1.85 0.45 0.0519834 0.290847 
1.9 0.45 0.101649 0.303868 
1.95 0.45 0.147538 0.324644 
2 0.45 0.187997 0.35204 
2.05 0.45 0.221613 0.38476 
2.1 0.45 0.24725 0.421529 
2.15 0.45 0.264066 0.461186 
2.2 0.45 0.271514 0.502706 
2.25 0.45 0.269337 0.545136 
2.3 0.45 0.25757 0.58748 
2.35 0.45 0.236549 0.628578 
2.4 0.45 0.206914 0.667007 
2.45 0.45 0.169628 0.701075 
2.5 0.45 0.125969 0.728915 
2.55 0.45 0.0775097 0.748713 
2.6 0.45 0.0260653 0.759007 
2.65 0.45 -0.0263887 0.758975 
2.7 0.45 -0.0778208 0.748619 
2.75 0.45 -0.126256 0.728766 
2.8 0.45 -0.169881 0.700882 
2.85 0.45 -0.207124 0.666783 
2.9 0.45 -0.236709 0.628332 
2.95 0.45 -0.257677 0.587223 
3 0.45 -0.269385 0.544875 
3.05 0.45 -0.271504 0.502448 
3.1 0.45 -0.263999 0.460936 
3.15 0.45 -0.247128 0.421293 
3.2 0.45 -0.221439 0.384545 
3.25 0.45 -0.187778 0.351852 
3.3 0.45 -0.147281 0.324492 
3.35 0.45 -0.101362 0.303758 
3.4 0.45 -0.0516775 0.290786 
3.45 0.45 -6.03644e-05 0.286361 
3.5 0.45 0.0515593 0.290765 
3.55 0.45 0.101252 0.303717 
3.6 0.45 0.147182 0.324434 
3.65 0.45 0.187696 0.351779 
3.7 0.45 0.221377 0.38446 
3.75 0.45 0.247089 0.421199 
3.8 0.45 0.263986 0.460836 
3.85 0.45 0.271519 0.502343 
3.9 0.45 0.26943 0.544769 
3.95 0.45 0.25775 0.587119 
4 0.45 0.236813 0.628235 
4.05 0.45 0.207257 0.666699 
4.1 0.45 0.170041 0.70082 
4.15 0.45 0.126441 0.728735 
4.2 0.45 0.0780275 0.748628 
4.25 0.45 0.0266146 0.759032 
4.3 0.45 -0.0258226 0.759117 
4.35 0.45 -0.0772514 0.748877 
4.4 0.45 -0.125694 0.729129 
4.45 0.45 -0.169333 0.701331 
4.5 0.45 -0.20659 0.667294 
4.55 0.45 -0.236184 0.628878 
4.6 0.45 -0.257148 0.587778 
4.65 0.45 -0.268834 0.545414 
4.7 0.45 -0.270904 0.502949 
4.75 0.45 -0.263318 0.461385 
4.8 0.45 -0.246329 0.421683 
4.85 0.45 -0.220483 0.384881 
4.9 0.45 -0.186625 0.352152 
4.95 0.45 -0.145904 0.324794 
5 0.45 -0.09976 0.304117 
0 0.5 -0.14877 0.303401 
0.05 0.5 -0.101938 0.280967 
0.1 0.5 -0.0512437 0.266874 
0.15 0.5 0.00144431 0.262108 
0.2 0.5 0.0541312 0.267023 
0.25 0.5 0.104812 0.281259 
0.3 0.5 0.151584 0.303827 
0.35 0.5 0.192736 0.333305 
0.4 0.5 0.226819 0.368101 
0.45 0.5 0.252684 0.406665 
0.5 0.5 0.269491 0.447633 
0.55 0.5 0.276713 0.489848 
0.6 0.5 0.274127 0.532301 
0.65 0.5 0.261809 0.574014 
0.7 0.5 0.240133 0.613914 
0.75 0.5 0.209784 0.650734 
0.8 0.5 0.171757 0.683003 
0.85 0.5 0.127359 0.709121 
0.9 0.5 0.0781773 0.727551 
0.95 0.5 0.0260307 0.737063 
1 0.5 -0.0271089 0.736971 
1.05 0.5 -0.0792175 0.727282 
1.1 0.5 -0.128325 0.708693 
1.15 0.5 -0.172616 0.682441 
1.2 0.5 -0.210506 0.650069 
1.25 0.5 -0.240694 0.61317 
1.3 0.5 -0.262189 0.573216 
1.35 0.5 -0.274311 0.531464 
1.4 0.5 -0.276687 0.488986 
1.45 0.5 -0.269244 0.446758 
1.5 0.5 -0.252211 0.405791 
1.55 0.5 -0.226116 0.367244 
1.6 0.5 -0.191801 0.332489 
1.65 0.5 -0.150418 0.303077 
1.7 0.5 -0.103419 0.280605 
1.75 0.5 -0.0525156 0.266488 
1.8 0.5 0.000384833 0.261711 
1.85 0.5 0.0532713 0.266625 
1.9 0.5 0.104133 0.280868 
1.95 0.5 0.151066 0.30345 
2 0.5 0.192361 0.332948 
2.05 0.5 0.226571 0.367767 
2.1 0.5 0.252547 0.406356 
2.15 0.5 0.269452 0.447348 
2.2 0.5 0.276761 0.489585 
2.25 0.5 0.274252 0.53206 
2.3 0.5 0.262 0.573795 
2.35 0.5 0.240382 0.613718 
2.4 0.5 0.21008 0.650568 
2.45 0.5 0.172092 0.682873 
2.5 0.5 0.127721 0.709037 
2.55 0.5 0.0785546 0.727521 
2.6 0.5 0.026411 0.737093 
2.65 0.5 -0.0267385 0.737063 
2.7 0.5 -0.0788699 0.727434 
2.75 0.5 -0.128013 0.708899 
2.8 0.5 -0.172349 0.682692 
2.85 0.5 -0.210295 0.650355 
2.9 0.5 -0.240546 0.613482 
2.95 0.5 -0.262109 0.573544 
3 0.5 -0.274303 0.531801 
3.05 0.5 -0.276753 0.489325 
3.1 0.5 -0.269385 0.447093 
3.15 0.5 -0.252423 0.406111 
3.2 0.5 -0.226394 0.36754 
3.25 0.5 -0.192137 0.332749 
3.3 0.5 -0.150803 0.303287 
3.35 0.5 -0.103839 0.280751 
3.4 0.5 -0.0529569 0.26656 
3.45 0.5 -6.14705e-05 0.261704 
3.5 0.5 0.0528366 0.266538 
3.55 0.5 0.103727 0.280707 
3.6 0.5 0.150703 0.303225 
3.65 0.5 0.192054 0.332673 
3.7 0.5 0.226331 0.367453 
3.75 0.5 0.252384 0.406017 
3.8 0.5 0.269372 0.446994 
3.85 0.5 0.276768 0.489225 
3.9 0.5 0.274346 0.531702 
3.95 0.5 0.262181 0.573448 
4 0.5 0.240646 0.613395 
4.05 0.5 0.210422 0.650282 
4.1 0.5 0.172503 0.68264 
4.15 0.5 0.128189 0.708874 
4.2 0.5 0.0790671 0.727443 
4.25 0.5 0.026954 0.737111 
4.3 0.5 -0.0261788 0.737182 
4.35 0.5 -0.078305 0.72765 
4.4 0.5 -0.127451 0.7092 
4.45 0.5 -0.171793 0.683058 
4.5 0.5 -0.209741 0.65076 
4.55 0.5 -0.239984 0.613901 
4.6 0.5 -0.261519 0.573949 
4.65 0.5 -0.273656 0.532168 
4.7 0.5 -0.276014 0.489633 
4.75 0.5 -0.268512 0.447329 
4.8 0.5 -0.25137 0.406275 
4.85 0.5 -0.225117 0.367646 
4.9 0.5 -0.1906 0.332831 
4.95 0.5 -0.148992 0.303401 
5 0.5 -0.101786 0.280967 
0 0.55 -0.146369 0.284129 
0.05 0.55 -0.100238 0.260212 
0.1 0.55 -0.0502638 0.245134 
0.15 0.55 0.00169374 0.240056 
0.2 0.55 0.0536427 0.24539 
0.25 0.55 0.103578 0.260705 
0.3 0.55 0.1496 0.284822 
0.35 0.55 0.190008 0.316061 
0.4 0.55 0.223376 0.352553 
0.45 0.55 0.248582 0.392507 
0.5 0.55 0.264827 0.434366 
0.55 0.55 0.271625 0.476853 
0.6 0.55 0.268794 0.518905 
0.65 0.55 0.256445 0.559566 
0.7 0.55 0.234982 0.597854 
0.75 0.55 0.205101 0.632677 
0.8 0.55 0.167796 0.662806 
0.85 0.55 0.124346 0.686936 
0.9 0.55 0.0762948 0.703829 
0.95 0.55 0.0253968 0.712505 
1 0.55 -0.0264541 0.71242 
1.05 0.55 -0.0773156 0.703581 
1.1 0.55 -0.125295 0.686539 
1.15 0.55 -0.168641 0.66228 
1.2 0.55 -0.205813 0.632044 
1.25 0.55 -0.235535 0.597134 
1.3 0.55 -0.256819 0.558777 
1.35 0.55 -0.268969 0.518062 
1.4 0.55 -0.271585 0.475965 
1.45 0.55 -0.264557 0.433446 
1.5 0.55 -0.248071 0.39157 
1.55 0.55 -0.222613 0.351622 
1.6 0.55 -0.188986 0.315165 
1.65 0.55 -0.148312 0.284 
1.7 0.55 -0.102024 0.260001 
1.75 0.55 -0.0518234 0.244845 
1.8 0.55 0.0003805 0.239703 
1.85 0.55 0.0525703 0.244993 
1.9 0.55 0.102729 0.260285 
1.95 0.55 0.148951 0.284399 
2 0.55 0.189537 0.315652 
2.05 0.55 0.223059 0.352171 
2.1 0.55 0.248399 0.392157 
2.15 0.55 0.264758 0.434051 
2.2 0.55 0.271655 0.47657 
2.25 0.55 0.268908 0.518655 
2.3 0.55 0.25663 0.559346 
2.35 0.55 0.235226 0.597666 
2.4 0.55 0.205394 0.632523 
2.45 0.55 0.168126 0.662691 
2.5 0.55 0.124703 0.686866 
2.55 0.55 0.0766666 0.703811 
2.6 0.55 0.0257708 0.712542 
2.65 0.55 -0.0260902 0.712515 
2.7 0.55 -0.0769742 0.703731 
2.75 0.55 -0.124988 0.686739 
2.8 0.55 -0.168378 0.662523 
2.85 0.55 -0.205604 0.632323 
2.9 0.55 -0.235388 0.597441 
2.95 0.55 -0.256738 0.559104 
3 0.55 -0.268959 0.518402 
3.05 0.55 -0.271648 0.476312 
3.1 0.55 -0.264694 0.433793 
3.15 0.55 -0.248278 0.391907 
3.2 0.55 -0.222885 0.351936 
3.25 0.55 -0.189317 0.315443 
3.3 0.55 -0.148691 0.284227 
3.35 0.55 -0.102438 0.260161 
3.4 0.55 -0.0522592 0.244926 
3.45 0.55 -6.03334e-05 0.239698 
3.5 0.55 0.0521411 0.244902 
3.55 0.55 0.102328 0.260115 
3.6 0.55 0.148593 0.284163 
3.65 0.55 0.189235 0.315365 
3.7 0.55 0.222824 0.351848 
3.75 0.55 0.248239 0.391812 
3.8 0.55 0.26468 0.433696 
3.85 0.55 0.271661 0.476216 
3.9 0.55 0.268999 0.518309 
3.95 0.55 0.256805 0.559017 
4 0.55 0.235481 0.597364 
4.05 0.55 0.205722 0.63226 
4.1 0.55 0.168519 0.662479 
4.15 0.55 0.125149 0.686717 
4.2 0.55 0.0771535 0.703737 
4.25 0.55 0.0262858 0.71255 
4.3 0.55 -0.0255593 0.712605 
4.35 0.55 -0.0764372 0.703897 
4.4 0.55 -0.12445 0.686968 
4.45 0.55 -0.16784 0.662794 
4.5 0.55 -0.205058 0.632612 
4.55 0.55 -0.234817 0.59772 
4.6 0.55 -0.256119 0.559347 
4.65 0.55 -0.268257 0.518582 
4.7 0.55 -0.270821 0.476411 
4.75 0.55 -0.263692 0.433799 
4.8 0.55 -0.247052 0.391825 
4.85 0.55 -0.22139 0.351792 
4.9 0.55 -0.187518 0.315285 
4.95 0.55 -0.146589 0.284129 
5 0.55 -0.100087 0.260212 
0 0.6 -0.138552 0.264674 
0.05 0.6 -0.0948516 0.239814 
0.1 0.6 -0.0474699 0.224102 
0.15 0.6 0.0018118 0.218832 
0.2 0.6 0.0510781 0.22446 
0.25 0.6 0.0984004 0.240497 
0.3 0.6 0.141954 0.265617 
0.35 0.6 0.180117 0.297947 
0.4 0.6 0.211537 0.335411 
0.45 0.6 0.235165 0.376034 
0.5 0.6 0.250269 0.41812 
0.55 0.6 0.256421 0.460296 
0.6 0.6 0.253481 0.501463 
0.65 0.6 0.241591 0.540682 
0.7 0.6 0.221161 0.577062 
0.75 0.6 0.192873 0.609672 
0.8 0.6 0.157677 0.637515 
0.85 0.6 0.11678 0.659566 
0.9 0.6 0.0716234 0.674874 
0.95 0.6 0.0238354 0.682694 
1 0.6 -0.0248325 0.682617 
1.05 0.6 -0.0725866 0.674648 
1.1 0.6 -0.117677 0.659202 
1.15 0.6 -0.158477 0.637027 
1.2 0.6 -0.193548 0.609076 
1.25 0.6 -0.221686 0.576372 
1.3 0.6 -0.241944 0.539912 
1.35 0.6 -0.253642 0.500622 
1.4 0.6 -0.256371 0.459395 
1.45 0.6 -0.249992 0.417169 
1.5 0.6 -0.234644 0.375052 
1.55 0.6 -0.210757 0.334422 
1.6 0.6 -0.179067 0.296989 
1.65 0.6 -0.140623 0.264741 
1.7 0.6 -0.0967835 0.239759 
1.75 0.6 -0.0491769 0.223918 
1.8 0.6 0.000361675 0.218533 
1.85 0.6 0.0498867 0.224073 
1.9 0.6 0.0974533 0.240056 
1.95 0.6 0.141229 0.265157 
2 0.6 0.179588 0.297495 
2.05 0.6 0.211178 0.334988 
2.1 0.6 0.234952 0.37565 
2.15 0.6 0.250179 0.417779 
2.2 0.6 0.256434 0.459999 
2.25 0.6 0.253581 0.501207 
2.3 0.6 0.241763 0.540465 
2.35 0.6 0.221392 0.576883 
2.4 0.6 0.193152 0.609532 
2.45 0.6 0.157991 0.637416 
2.5 0.6 0.117119 0.659512 
2.55 0.6 0.0719755 0.674868 
2.6 0.6 0.0241892 0.682739 
2.65 0.6 -0.0244887 0.682715 
2.7 0.6 -0.0722642 0.674796 
2.75 0.6 -0.117387 0.659396 
2.8 0.6 -0.158228 0.637262 
2.85 0.6 -0.19335 0.609346 
2.9 0.6 -0.221546 0.576672 
2.95 0.6 -0.241866 0.540234 
3 0.6 -0.253631 0.500961 
3.05 0.6 -0.256429 0.459745 
3.1 0.6 -0.250119 0.417522 
3.15 0.6 -0.234838 0.375398 
3.2 0.6 -0.211014 0.334749 
3.25 0.6 -0.17938 0.297281 
3.3 0.6 -0.140982 0.26498 
3.35 0.6 -0.097177 0.239928 
3.4 0.6 -0.0495908 0.224004 
3.45 0.6 -5.69965e-05 0.218529 
3.5 0.6 0.0494793 0.22398 
3.55 0.6 0.0970728 0.239881 
3.6 0.6 0.14089 0.264914 
3.65 0.6 0.179303 0.297201 
3.7 0.6 0.210956 0.33466 
3.75 0.6 0.234802 0.375305 
3.8 0.6 0.250106 0.417428 
3.85 0.6 0.25644 0.459653 
3.9 0.6 0.253667 0.500875 
3.95 0.6 0.241926 0.540155 
4 0.6 0.221628 0.576603 
4.05 0.6 0.193454 0.60929 
4.1 0.6 0.158352 0.637222 
4.15 0.6 0.117527 0.659375 
4.2 0.6 0.0724192 0.674794 
4.25 0.6 0.0246573 0.682732 
4.3 0.6 -0.0240065 0.682771 
4.35 0.6 -0.0717758 0.674908 
4.4 0.6 -0.116895 0.659549 
4.45 0.6 -0.157732 0.637436 
4.5 0.6 -0.192837 0.609515 
4.55 0.6 -0.220998 0.57681 
4.6 0.6 -0.241256 0.540314 
4.65 0.6 -0.252921 0.500957 
4.7 0.6 -0.255574 0.459638 
4.75 0.6 -0.249068 0.417304 
4.8 0.6 -0.23354 0.375079 
4.85 0.6 -0.209424 0.334362 
4.9 0.6 -0.17747 0.29689 
4.95 0.6 -0.13876 0.264674 
5 0.6 -0.0947088 0.239814 
0 0.65 -0.125657 0.243342 
0.05 0.65 -0.0860104 0.218356 
0.1 0.65 -0.0429828 0.20254 
0.15 0.65 0.00178827 0.197255 
0.2 0.65 0.0465384 0.202978 
0.25 0.65 0.0894912 0.219188 
0.3 0.65 0.128971 0.244482 
0.35 0.65 0.163494 0.276887 
0.4 0.65 0.191836 0.314227 
0.45 0.65 0.213058 0.354441 
0.5 0.65 0.226517 0.395763 
0.55 0.65 0.231852 0.436783 
0.6 0.65 0.228969 0.476388 
0.65 0.65 0.218023 0.513667 
0.7 0.65 0.199411 0.54781 
0.75 0.65 0.173768 0.578025 
0.8 0.65 0.141963 0.603514 
0.85 0.65 0.105086 0.623492 
0.9 0.65 0.0644271 0.637249 
0.95 0.65 0.0214353 0.644241 
1 0.65 -0.0223358 0.644173 
1.05 0.65 -0.0652975 0.637046 
1.1 0.65 -0.105897 0.623162 
1.15 0.65 -0.142688 0.603066 
1.2 0.65 -0.174381 0.577469 
1.25 0.65 -0.199888 0.547157 
1.3 0.65 -0.218343 0.512926 
1.35 0.65 -0.229113 0.475565 
1.4 0.65 -0.2318 0.435888 
1.45 0.65 -0.226251 0.394806 
1.5 0.65 -0.212559 0.353439 
1.55 0.65 -0.191087 0.31321 
1.6 0.65 -0.162481 0.275898 
1.65 0.65 -0.127681 0.243578 
1.7 0.65 -0.0879194 0.218437 
1.75 0.65 -0.0446865 0.202451 
1.8 0.65 0.000329102 0.197009 
1.85 0.65 0.0453321 0.202609 
1.9 0.65 0.0885282 0.218739 
1.95 0.65 0.128231 0.243998 
2 0.65 0.162953 0.276406 
2.05 0.65 0.191467 0.313776 
2.1 0.65 0.212835 0.354033 
2.15 0.65 0.226418 0.395407 
2.2 0.65 0.231855 0.436478 
2.25 0.65 0.229056 0.476132 
2.3 0.65 0.218178 0.513457 
2.35 0.65 0.199621 0.547642 
2.4 0.65 0.174022 0.577899 
2.45 0.65 0.142249 0.603431 
2.5 0.65 0.105394 0.623452 
2.55 0.65 0.0647464 0.637255 
2.6 0.65 0.0217557 0.644294 
2.65 0.65 -0.0220248 0.644272 
2.7 0.65 -0.0650059 0.637191 
2.75 0.65 -0.105635 0.623349 
2.8 0.65 -0.142463 0.603292 
2.85 0.65 -0.174201 0.577729 
2.9 0.65 -0.19976 0.547446 
2.95 0.65 -0.218272 0.513239 
3 0.65 -0.229102 0.475898 
3.05 0.65 -0.231852 0.436233 
3.1 0.65 -0.226364 0.395156 
3.15 0.65 -0.212734 0.353785 
3.2 0.65 -0.191319 0.313539 
3.25 0.65 -0.162764 0.276192 
3.3 0.65 -0.128007 0.24382 
3.35 0.65 -0.0882769 0.21861 
3.4 0.65 -0.0450627 0.202541 
3.45 0.65 -5.16079e-05 0.197007 
3.5 0.65 0.0449618 0.202516 
3.55 0.65 0.0881827 0.218563 
3.6 0.65 0.127924 0.243755 
3.65 0.65 0.162695 0.276114 
3.7 0.65 0.191267 0.313452 
3.75 0.65 0.2127 0.353695 
3.8 0.65 0.226352 0.395067 
3.85 0.65 0.23186 0.436147 
3.9 0.65 0.229131 0.475817 
3.95 0.65 0.218322 0.513167 
4 0.65 0.199829 0.547383 
4.05 0.65 0.174288 0.577678 
4.1 0.65 0.142565 0.603253 
4.15 0.65 0.10575 0.623324 
4.2 0.65 0.0651328 0.637179 
4.25 0.65 0.0221621 0.644269 
4.3 0.65 -0.0216071 0.644295 
4.35 0.65 -0.0645828 0.63725 
4.4 0.65 -0.105208 0.623429 
4.45 0.65 -0.142028 0.603373 
4.5 0.65 -0.173746 0.577787 
4.55 0.65 -0.199265 0.547455 
4.6 0.65 -0.217708 0.513172 
4.65 0.65 -0.228432 0.47573 
4.7 0.65 -0.231031 0.435947 
4.75 0.65 -0.225345 0.394747 
4.8 0.65 -0.211466 0.353266 
4.85 0.65 -0.189764 0.312951 
4.9 0.65 -0.160899 0.275608 
4.95 0.65 -0.125844 0.243342 
5 0.65 -0.0858825 0.218356 
0 0.7 -0.108338 0.218971 
0.05 0.7 -0.0741557 0.194899 
0.1 0.7 -0.0370222 0.179653 
0.15 0.7 0.0016303 0.174575 
0.2 0.7 0.0402577 0.180136 
0.25 0.7 0.0773066 0.195813 
0.3 0.7 0.111315 0.220215 
0.35 0.7 0.140998 0.251388 
0.4 0.7 0.165299 0.287182 
0.45 0.7 0.183423 0.325566 
0.5 0.7 0.194832 0.364803 
0.55 0.7 0.199238 0.403507 
0.6 0.7 0.196584 0.440597 
0.65 0.7 0.187026 0.475209 
0.7 0.7 0.170926 0.506607 
0.75 0.7 0.148842 0.534121 
0.8 0.7 0.121527 0.55711 
0.85 0.7 0.0899164 0.574976 
0.9 0.7 0.0551086 0.587197 
0.95 0.7 0.0183311 0.593382 
1 0.7 -0.0191041 0.593321 
1.05 0.7 -0.0558563 0.587016 
1.1 0.7 -0.0906141 0.57468 
1.15 0.7 -0.122151 0.556704 
1.2 0.7 -0.149371 0.533612 
1.25 0.7 -0.171339 0.506002 
1.3 0.7 -0.187304 0.474512 
1.35 0.7 -0.196708 0.439815 
1.4 0.7 -0.19919 0.402646 
1.45 0.7 -0.194594 0.363873 
1.5 0.7 -0.182976 0.324584 
1.55 0.7 -0.164628 0.28618 
1.6 0.7 -0.140085 0.250411 
1.65 0.7 -0.11015 0.219324 
1.7 0.7 -0.0758831 0.195082 
1.75 0.7 -0.0385799 0.179642 
1.8 0.7 0.000284426 0.174381 
1.85 0.7 0.0391378 0.179795 
1.9 0.7 0.0764086 0.195374 
1.95 0.7 0.110624 0.21973 
2 0.7 0.140491 0.250901 
2.05 0.7 0.164953 0.286724 
2.1 0.7 0.183213 0.325154 
2.15 0.7 0.194735 0.364446 
2.2 0.7 0.199235 0.403206 
2.25 0.7 0.196657 0.440349 
2.3 0.7 0.18716 0.47501 
2.35 0.7 0.171108 0.506454 
2.4 0.7 0.149062 0.534011 
2.45 0.7 0.121774 0.557042 
2.5 0.7 0.0901823 0.57495 
2.55 0.7 0.0553838 0.587213 
2.6 0.7 0.0186068 0.59344 
2.65 0.7 -0.0188368 0.593421 
2.7 0.7 -0.0556057 0.587156 
2.75 0.7 -0.0903884 0.574858 
2.8 0.7 -0.121957 0.556917 
2.85 0.7 -0.149216 0.533857 
2.9 0.7 -0.171228 0.506275 
2.95 0.7 -0.187242 0.474809 
3 0.7 -0.196698 0.440132 
3.05 0.7 -0.199233 0.402976 
3.1 0.7 -0.19469 0.364209 
3.15 0.7 -0.183126 0.324918 
3.2 0.7 -0.164827 0.286497 
3.25 0.7 -0.140329 0.250696 
3.3 0.7 -0.110431 0.21956 
3.35 0.7 -0.0761916 0.195251 
3.4 0.7 -0.0389049 0.179729 
3.45 0.7 -4.44361e-05 0.17438 
3.5 0.7 0.038818 0.179705 
3.55 0.7 0.0761104 0.195206 
3.6 0.7 0.110359 0.219497 
3.65 0.7 0.140269 0.250621 
3.7 0.7 0.164782 0.286415 
3.75 0.7 0.183097 0.324833 
3.8 0.7 0.194679 0.364126 
3.85 0.7 0.199239 0.402896 
3.9 0.7 0.196721 0.440058 
3.95 0.7 0.187282 0.474743 
4 0.7 0.171283 0.506218 
4.05 0.7 0.149284 0.533809 
4.1 0.7 0.122038 0.556879 
4.15 0.7 0.0904781 0.574828 
4.2 0.7 0.0557032 0.587133 
4.25 0.7 0.0189414 0.593399 
4.3 0.7 -0.018494 0.593412 
4.35 0.7 -0.0552592 0.587169 
4.4 0.7 -0.0900384 0.574876 
4.45 0.7 -0.121599 0.556922 
4.5 0.7 -0.148837 0.533824 
4.55 0.7 -0.17081 0.50618 
4.6 0.7 -0.186757 0.474627 
4.65 0.7 -0.196112 0.439839 
4.7 0.7 -0.198505 0.402559 
4.75 0.7 -0.193777 0.363665 
4.8 0.7 -0.181986 0.324264 
4.85 0.7 -0.163426 0.285779 
4.9 0.7 -0.138652 0.249989 
4.95 0.7 -0.108492 0.218971 
5 0.7 -0.0740501 0.194899 
0 0.75 -0.0876063 0.190874 
0.05 0.75 -0.0599723 0.16888 
0.1 0.75 -0.0299242 0.154949 
0.15 0.75 0.00136183 0.150323 
0.2 0.75 0.0326196 0.155433 
0.25 0.75 0.0625778 0.169792 
0.3 0.75 0.0900432 0.192109 
0.35 0.75 0.113971 0.220576 
0.4 0.75 0.133511 0.253205 
0.45 0.75 0.148029 0.288115 
0.5 0.75 0.157106 0.3237 
0.55 0.75 0.160527 0.358673 
0.6 0.75 0.158263 0.392035 
0.65 0.75 0.150456 0.422997 
0.7 0.75 0.137409 0.450908 
0.75 0.75 0.119584 0.475202 
0.8 0.75 0.0975891 0.495366 
0.85 0.75 0.0721768 0.510941 
0.9 0.75 0.044224 0.521544 
0.95 0.75 0.0147079 0.526894 
1 0.75 -0.0153301 0.526841 
1.05 0.75 -0.0448263 0.521388 
1.1 0.75 -0.0727395 0.510683 
1.15 0.75 -0.0980936 0.495009 
1.2 0.75 -0.120012 0.47475 
1.25 0.75 -0.137745 0.450366 
1.3 0.75 -0.150683 0.422367 
1.35 0.75 -0.158365 0.391322 
1.4 0.75 -0.160489 0.357882 
1.45 0.75 -0.156911 0.32284 
1.5 0.75 -0.147661 0.287203 
1.55 0.75 -0.132954 0.25227 
1.6 0.75 -0.113212 0.219664 
1.65 0.75 -0.0890709 0.19128 
1.7 0.75 -0.0613887 0.169119 
1.75 0.75 -0.0312194 0.154992 
1.8 0.75 0.000230322 0.150177 
1.85 0.75 0.031671 0.155132 
1.9 0.75 0.0618138 0.169386 
1.95 0.75 0.0894538 0.191652 
2 0.75 0.113539 0.220112 
2.05 0.75 0.133216 0.252767 
2.1 0.75 0.14785 0.287723 
2.15 0.75 0.157024 0.323362 
2.2 0.75 0.160523 0.358391 
2.25 0.75 0.158322 0.391806 
2.3 0.75 0.150565 0.422817 
2.35 0.75 0.137558 0.450773 
2.4 0.75 0.119763 0.475109 
2.45 0.75 0.0977902 0.495312 
2.5 0.75 0.0723922 0.510926 
2.55 0.75 0.0444465 0.521567 
2.6 0.75 0.0149303 0.526953 
2.65 0.75 -0.0151147 0.526937 
2.7 0.75 -0.0446244 0.521518 
2.75 0.75 -0.0725576 0.510846 
2.8 0.75 -0.0979374 0.495203 
2.85 0.75 -0.119887 0.474973 
2.9 0.75 -0.137655 0.450615 
2.95 0.75 -0.150631 0.422638 
3 0.75 -0.158356 0.391611 
3.05 0.75 -0.160523 0.358184 
3.1 0.75 -0.156988 0.323148 
3.15 0.75 -0.147781 0.287508 
3.2 0.75 -0.133114 0.252561 
3.25 0.75 -0.113408 0.219925 
3.3 0.75 -0.0892976 0.191496 
3.35 0.75 -0.0616381 0.169274 
3.4 0.75 -0.0314823 0.155073 
3.45 0.75 -3.58912e-05 0.150176 
3.5 0.75 0.0314121 0.155051 
3.55 0.75 0.0615726 0.169233 
3.6 0.75 0.0892396 0.19144 
3.65 0.75 0.11336 0.219858 
3.7 0.75 0.133078 0.252487 
3.75 0.75 0.147757 0.287432 
3.8 0.75 0.156978 0.323073 
3.85 0.75 0.160526 0.358113 
3.9 0.75 0.158373 0.391545 
3.95 0.75 0.150661 0.422579 
4 0.75 0.137696 0.450563 
4.05 0.75 0.119938 0.474929 
4.1 0.75 0.0979962 0.495165 
4.15 0.75 0.0726224 0.510813 
4.2 0.75 0.0446939 0.521486 
4.25 0.75 0.0151882 0.526901 
4.3 0.75 -0.0148518 0.526905 
4.35 0.75 -0.0443597 0.521496 
4.4 0.75 -0.0722907 0.510819 
4.45 0.75 -0.0976635 0.495153 
4.5 0.75 -0.119596 0.474878 
4.55 0.75 -0.137329 0.450452 
4.6 0.75 -0.150248 0.422386 
4.65 0.75 -0.157885 0.39125 
4.7 0.75 -0.159931 0.357702 
4.75 0.75 -0.15624 0.322545 
4.8 0.75 -0.146842 0.286806 
4.85 0.75 -0.131962 0.251804 
4.9 0.75 -0.112033 0.219186 
4.95 0.75 -0.0877164 0.190874 
5 0.75 -0.0598967 0.16888 
0 0.8 -0.0648834 0.158822 
0.05 0.8 -0.0444236 0.140038 
0.1 0.8 -0.0221599 0.128149 
0.15 0.8 0.00102166 0.12421 
0.2 0.8 0.0241732 0.128587 
0.25 0.8 0.0463444 0.140861 
0.3 0.8 0.0666455 0.159928 
0.35 0.8 0.0843009 0.184239 
0.4 0.8 0.0986843 0.212092 
0.45 0.8 0.109334 0.241869 
0.5 0.8 0.115951 0.272187 
0.55 0.8 0.118389 0.301933 
0.6 0.8 0.116638 0.330238 
0.65 0.8 0.110813 0.356425 
0.7 0.8 0.101146 0.379943 
0.75 0.8 0.0879811 0.400329 
0.8 0.8 0.0717698 0.417179 
0.85 0.8 0.0530643 0.430145 
0.9 0.8 0.0325064 0.438944 
0.95 0.8 0.0108094 0.443375 
1 0.8 -0.0112679 0.443331 
1.05 0.8 -0.0329504 0.438814 
1.1 0.8 -0.0534796 0.429929 
1.15 0.8 -0.0721429 0.41688 
1.2 0.8 -0.088299 0.399949 
1.25 0.8 -0.101396 0.379484 
1.3 0.8 -0.110983 0.355888 
1.35 0.8 -0.116716 0.329627 
1.4 0.8 -0.118363 0.301251 
1.45 0.8 -0.115808 0.271444 
1.5 0.8 -0.109061 0.241079 
1.55 0.8 -0.0982679 0.21128 
1.6 0.8 -0.0837302 0.183448 
1.65 0.8 -0.0659126 0.159211 
1.7 0.8 -0.0454472 0.140285 
1.75 0.8 -0.0231185 0.12822 
1.8 0.8 0.000170615 0.124107 
1.85 0.8 0.0234529 0.12834 
1.9 0.8 0.0457617 0.140514 
1.95 0.8 0.0661956 0.15953 
2 0.8 0.0839717 0.183832 
2.05 0.8 0.0984605 0.211706 
2.1 0.8 0.109199 0.241524 
2.15 0.8 0.11589 0.271891 
2.2 0.8 0.118387 0.301686 
2.25 0.8 0.116683 0.33004 
2.3 0.8 0.110896 0.356272 
2.35 0.8 0.101258 0.379831 
2.4 0.8 0.088115 0.400254 
2.45 0.8 0.0719194 0.417139 
2.5 0.8 0.053224 0.430138 
2.55 0.8 0.0326709 0.438969 
2.6 0.8 0.0109735 0.44343 
2.65 0.8 -0.011109 0.443417 
2.7 0.8 -0.0328017 0.438928 
2.75 0.8 -0.0533455 0.430071 
2.8 0.8 -0.0720277 0.417048 
2.85 0.8 -0.0882063 0.400141 
2.9 0.8 -0.101329 0.379698 
2.95 0.8 -0.110945 0.356121 
3 0.8 -0.116708 0.329875 
3.05 0.8 -0.118387 0.30151 
3.1 0.8 -0.115864 0.271708 
3.15 0.8 -0.109148 0.241341 
3.2 0.8 -0.0983855 0.21153 
3.25 0.8 -0.083875 0.183672 
3.3 0.8 -0.0660801 0.159397 
3.35 0.8 -0.0456317 0.140418 
3.4 0.8 -0.0233132 0.128289 
3.45 0.8 -2.65484e-05 0.124107 
3.5 0.8 0.0232613 0.128271 
3.55 0.8 0.0455833 0.140383 
3.6 0.8 0.0660373 0.159348 
3.65 0.8 0.0838394 0.183615 
3.7 0.8 0.0983585 0.211467 
3.75 0.8 0.109131 0.241276 
3.8 0.8 0.115856 0.271645 
3.85 0.8 0.118389 0.30145 
3.9 0.8 0.11672 0.329819 
3.95 0.8 0.110965 0.35607 
4 0.8 0.101357 0.379653 
4.05 0.8 0.0882409 0.400102 
4.1 0.8 0.072067 0.417013 
4.15 0.8 0.0533882 0.430038 
4.2 0.8 0.0328464 0.438893 
4.25 0.8 0.0111554 0.443374 
4.3 0.8 -0.0109249 0.443373 
4.35 0.8 -0.0326174 0.438887 
4.4 0.8 -0.0531607 0.430019 
4.45 0.8 -0.0718383 0.416969 
4.5 0.8 -0.088004 0.400017 
4.55 0.8 -0.101101 0.37951 
4.6 0.8 -0.110672 0.35585 
4.65 0.8 -0.116369 0.329506 
4.7 0.8 -0.117955 0.301035 
4.75 0.8 -0.115313 0.271129 
4.8 0.8 -0.108456 0.240679 
4.85 0.8 -0.0975369 0.210827 
4.9 0.8 -0.0828705 0.182993 
4.95 0.8 -0.0649381 0.158822 
5 0.8 -0.0443858 0.140038 
0 0.85 -0.042056 0.123008 
0.05 0.85 -0.0287906 0.108374 
0.1 0.85 -0.014358 0.0991234 
0.15 0.85 0.000659748 0.0960663 
0.2 0.85 0.0156474 0.0994783 
0.25 0.85 0.0299874 0.109035 
0.3 0.85 0.043101 0.123886 
0.35 0.85 0.0544859 0.142831 
0.4 0.85 0.0637393 0.164549 
0.45 0.85 0.0705683 0.187777 
0.5 0.85 0.074787 0.211428 
0.55 0.85 0.0763086 0.234622 
0.6 0.85 0.0751337 0.256671 
0.65 0.85 0.0713426 0.277037 
0.7 0.85 0.0650885 0.295291 
0.75 0.85 0.0565949 0.311076 
0.8 0.85 0.0461526 0.324091 
0.85 0.85 0.0341159 0.334084 
0.9 0.85 0.0208957 0.340853 
0.95 0.85 0.00694777 0.344257 
1 0.85 -0.00724298 0.344224 
1.05 0.85 -0.0211817 0.340753 
1.1 0.85 -0.0343838 0.333917 
1.15 0.85 -0.0463938 0.32386 
1.2 0.85 -0.0568011 0.31078 
1.25 0.85 -0.0652517 0.294932 
1.3 0.85 -0.0714548 0.276617 
1.35 0.85 -0.0751871 0.256191 
1.4 0.85 -0.0762947 0.234086 
1.45 0.85 -0.0746973 0.210842 
1.5 0.85 -0.0703935 0.187154 
1.55 0.85 -0.0634707 0.163909 
1.6 0.85 -0.0541156 0.142208 
1.65 0.85 -0.0426237 0.123324 
1.7 0.85 -0.029402 0.108588 
1.75 0.85 -0.0149606 0.0991994 
1.8 0.85 0.000110406 0.0960006 
1.85 0.85 0.0151769 0.099293 
1.9 0.85 0.0296053 0.108767 
1.95 0.85 0.0428063 0.123572 
2 0.85 0.0542712 0.142508 
2.05 0.85 0.0635945 0.164242 
2.1 0.85 0.0704822 0.187502 
2.15 0.85 0.0747493 0.211192 
2.2 0.85 0.0763095 0.234427 
2.25 0.85 0.0751653 0.256515 
2.3 0.85 0.071398 0.276917 
2.35 0.85 0.0651624 0.295204 
2.4 0.85 0.0566825 0.311019 
2.45 0.85 0.0462499 0.324063 
2.5 0.85 0.0342193 0.334082 
2.55 0.85 0.021002 0.340876 
2.6 0.85 0.00705366 0.344304 
2.65 0.85 -0.00714064 0.344293 
2.7 0.85 -0.021086 0.340845 
2.75 0.85 -0.0342975 0.334031 
2.8 0.85 -0.0463195 0.323993 
2.85 0.85 -0.0567413 0.310932 
2.9 0.85 -0.0652084 0.295101 
2.95 0.85 -0.0714298 0.2768 
3 0.85 -0.0751815 0.256386 
3.05 0.85 -0.0763095 0.23429 
3.1 0.85 -0.0747328 0.21105 
3.15 0.85 -0.0704496 0.187359 
3.2 0.85 -0.0635462 0.164105 
3.25 0.85 -0.0542088 0.142384 
3.3 0.85 -0.0427317 0.123469 
3.35 0.85 -0.0295212 0.108692 
3.4 0.85 -0.0150865 0.0992537 
3.45 0.85 -1.71728e-05 0.0960007 
3.5 0.85 0.0150529 0.0992394 
3.55 0.85 0.0294899 0.108665 
3.6 0.85 0.042704 0.123431 
3.65 0.85 0.0541858 0.142339 
3.7 0.85 0.0635288 0.164056 
3.75 0.85 0.0704381 0.187309 
3.8 0.85 0.0747277 0.211 
3.85 0.85 0.0763107 0.234242 
3.9 0.85 0.0751885 0.256342 
3.95 0.85 0.0714421 0.27676 
4 0.85 0.0652253 0.295065 
4.05 0.85 0.0567618 0.3109 
4.1 0.85 0.0463426 0.323963 
4.15 0.85 0.0343219 0.334001 
4.2 0.85 0.0211109 0.340812 
4.25 0.85 0.00716573 0.344253 
4.3 0.85 -0.00702811 0.344249 
4.35 0.85 -0.0209744 0.340799 
4.4 0.85 -0.0341866 0.333973 
4.45 0.85 -0.0462065 0.323911 
4.5 0.85 -0.0566206 0.310812 
4.55 0.85 -0.0650712 0.294927 
4.6 0.85 -0.0712639 0.276559 
4.65 0.85 -0.0749719 0.256066 
4.7 0.85 -0.0760392 0.233886 
4.75 0.85 -0.0743848 0.210567 
4.8 0.85 -0.0700104 0.186815 
4.85 0.85 -0.0630107 0.163535 
4.9 0.85 -0.0535851 0.141839 
4.95 0.85 -0.0420441 0.123008 
5 0.85 -0.0287985 0.108374 
0 0.9 -0.0215394 0.0839972 
0.05 0.9 -0.0147164 0.0741154 
0.1 0.9 -0.00733076 0.0678857 
0.15 0.9 0.000332016 0.0658315 
0.2 0.9 0.00796861 0.0681313 
0.25 0.9 0.015267 0.0745703 
0.3 0.9 0.021932 0.0845847 
0.35 0.9 0.0277077 0.0973787 
0.4 0.9 0.0323908 0.112067 
0.45 0.9 0.0358355 0.1278 
0.5 0.9 0.0379516 0.143834 
0.55 0.9 0.0386992 0.159567 
0.6 0.9 0.0380822 0.174523 
0.65 0.9 0.0361437 0.188331 
0.7 0.9 0.0329629 0.200696 
0.75 0.9 0.0286532 0.211376 
0.8 0.9 0.0233615 0.22017 
0.85 0.9 0.0172662 0.226914 
0.9 0.9 0.0105744 0.231478 
0.95 0.9 0.0035158 0.233771 
1 0.9 -0.00366531 0.233749 
1.05 0.9 -0.0107194 0.23141 
1.1 0.9 -0.0174022 0.226801 
1.15 0.9 -0.0234842 0.220013 
1.2 0.9 -0.0287585 0.211175 
1.25 0.9 -0.0330468 0.200452 
1.3 0.9 -0.0362022 0.188045 
1.35 0.9 -0.0381112 0.174196 
1.4 0.9 -0.0386944 0.159201 
1.45 0.9 -0.0379085 0.143434 
1.5 0.9 -0.0357492 0.127374 
1.55 0.9 -0.0322564 0.111632 
1.6 0.9 -0.0275209 0.0969563 
1.65 0.9 -0.0216897 0.0842056 
1.7 0.9 -0.0149688 0.0742709 
1.75 0.9 -0.0076189 0.0679486 
1.8 0.9 5.62024e-05 0.0657959 
1.85 0.9 0.007729 0.0680117 
1.9 0.9 0.0150722 0.0743913 
1.95 0.9 0.0217824 0.0843735 
2 0.9 0.0275997 0.0971592 
2.05 0.9 0.0323189 0.111857 
2.1 0.9 0.0357938 0.127611 
2.15 0.9 0.0379345 0.143672 
2.2 0.9 0.0387015 0.159433 
2.25 0.9 0.0380998 0.174416 
2.3 0.9 0.0361732 0.18825 
2.35 0.9 0.0330014 0.200637 
2.4 0.9 0.0286983 0.211338 
2.45 0.9 0.0234113 0.220152 
2.5 0.9 0.0173189 0.226914 
2.55 0.9 0.0106284 0.231495 
2.6 0.9 0.00356949 0.233805 
2.65 0.9 -0.00361347 0.233798 
2.7 0.9 -0.0106709 0.231474 
2.75 0.9 -0.0173585 0.226879 
2.8 0.9 -0.0234465 0.220105 
2.85 0.9 -0.0287281 0.211279 
2.9 0.9 -0.0330247 0.200567 
2.95 0.9 -0.0361893 0.18817 
3 0.9 -0.0381081 0.174329 
3.05 0.9 -0.0387017 0.15934 
3.1 0.9 -0.0379263 0.143575 
3.15 0.9 -0.0357773 0.127514 
3.2 0.9 -0.0322945 0.111765 
3.25 0.9 -0.027568 0.0970752 
3.3 0.9 -0.0217445 0.0843037 
3.35 0.9 -0.0150294 0.074341 
3.4 0.9 -0.00768297 0.0679853 
3.45 0.9 -8.74768e-06 0.0657961 
3.5 0.9 0.00766588 0.0679757 
3.55 0.9 0.0150135 0.0743228 
3.6 0.9 0.0217305 0.0842785 
3.65 0.9 0.0275564 0.0970451 
3.7 0.9 0.0322857 0.111732 
3.75 0.9 0.0357715 0.12748 
3.8 0.9 0.0379236 0.143542 
3.85 0.9 0.0387021 0.159308 
3.9 0.9 0.0381115 0.174299 
3.95 0.9 0.0361952 0.188143 
4 0.9 0.0330328 0.200543 
4.05 0.9 0.0287378 0.211256 
4.1 0.9 0.0234572 0.220083 
4.15 0.9 0.0173695 0.226857 
4.2 0.9 0.0106818 0.231449 
4.25 0.9 0.00362392 0.233766 
4.3 0.9 -0.0035594 0.233763 
4.35 0.9 -0.010618 0.231437 
4.4 0.9 -0.0173066 0.226833 
4.45 0.9 -0.0233943 0.22004 
4.5 0.9 -0.0286727 0.211187 
4.55 0.9 -0.0329614 0.200438 
4.6 0.9 -0.0361118 0.187994 
4.65 0.9 -0.0380084 0.174099 
4.7 0.9 -0.0385709 0.159053 
4.75 0.9 -0.0377557 0.143237 
4.8 0.9 -0.035561 0.127138 
4.85 0.9 -0.0320326 0.111377 
4.9 0.9 -0.0272736 0.0967103 
4.95 0.9 -0.0214498 0.0839972 
5 0.9 -0.0147776 0.0741154 
0 0.95 -0.00635969 0.0426397 
0.05 0.95 -0.00426335 0.0377266 
0.1 0.95 -0.00210956 0.0346446 
0.15 0.95 9.43131e-05 0.0336306 
0.2 0.95 0.0022833 0.0347692 
0.25 0.95 0.00437233 0.0379572 
0.3 0.95 0.00627695 0.0429227 
0.35 0.95 0.00792372 0.0492789 
0.4 0.95 0.00925505 0.0565925 
0.45 0.95 0.0102305 0.064442 
0.5 0.95 0.010826 0.0724566 
0.55 0.95 0.0110315 0.0803309 
0.6 0.95 0.0108494 0.0878225 
0.65 0.95 0.0102927 0.0947414 
0.7 0.95 0.00938403 0.100937 
0.75 0.95 0.00815554 0.106287 
0.8 0.95 0.00664862 0.11069 
0.85 0.95 0.00491367 0.114065 
0.9 0.95 0.00300925 0.116349 
0.95 0.95 0.00100053 0.117496 
1 0.95 -0.00104304 0.117484 
1.05 0.95 -0.0030505 0.116314 
1.1 0.95 -0.00495241 0.114009 
1.15 0.95 -0.00668366 0.110611 
1.2 0.95 -0.00818575 0.106186 
1.25 0.95 -0.0094083 0.100814 
1.3 0.95 -0.0103099 0.0945974 
1.35 0.95 -0.0108584 0.0876577 
1.4 0.95 -0.0110311 0.0801467 
1.45 0.95 -0.0108148 0.0722556 
1.5 0.95 -0.0102071 0.0642289 
1.55 0.95 -0.00921796 0.0563751 
1.6 0.95 -0.00787153 0.0490689 
1.65 0.95 -0.00620859 0.0427352 
1.7 0.95 -0.00428746 0.0378103 
1.75 0.95 -0.00218315 0.034681 
1.8 0.95 1.60902e-05 0.0336165 
1.85 0.95 0.00221465 0.0347122 
1.9 0.95 0.004317 0.03787 
1.95 0.95 0.00623502 0.0428186 
2 0.95 0.00789393 0.0491699 
2.05 0.95 0.00923567 0.0564876 
2.1 0.95 0.0102197 0.0643471 
2.15 0.95 0.010822 0.0723748 
2.2 0.95 0.011033 0.0802631 
2.25 0.95 0.0108551 0.0877684 
2.3 0.95 0.0103016 0.0947002 
2.35 0.95 0.00939533 0.100907 
2.4 0.95 0.00816861 0.106268 
2.45 0.95 0.00666293 0.110681 
2.5 0.95 0.00492874 0.114065 
2.55 0.95 0.00302464 0.116357 
2.6 0.95 0.0010158 0.117512 
2.65 0.95 -0.00102831 0.117509 
2.7 0.95 -0.00303672 0.116347 
2.75 0.95 -0.00493998 0.114048 
2.8 0.95 -0.00667295 0.110658 
2.85 0.95 -0.00817709 0.106238 
2.9 0.95 -0.00940198 0.100872 
2.95 0.95 -0.0103062 0.0946604 
3 0.95 -0.0108575 0.0877247 
3.05 0.95 -0.011033 0.0802165 
3.1 0.95 -0.0108197 0.0723266 
3.15 0.95 -0.0102151 0.0642989 
3.2 0.95 -0.00922875 0.0564414 
3.25 0.95 -0.00788493 0.0491282 
3.3 0.95 -0.00622421 0.0427839 
3.35 0.95 -0.00430477 0.0378451 
3.4 0.95 -0.00220148 0.0346993 
3.45 0.95 -2.50927e-06 0.0336166 
3.5 0.95 0.00219658 0.0346945 
3.55 0.95 0.00430021 0.0378361 
3.6 0.95 0.00622019 0.0427715 
3.65 0.95 0.0078816 0.0491132 
3.7 0.95 0.00922622 0.0564249 
3.75 0.95 0.0102134 0.0642819 
3.8 0.95 0.010819 0.0723097 
3.85 0.95 0.0110332 0.0802003 
3.9 0.95 0.0108584 0.0877097 
3.95 0.95 0.0103078 0.0946466 
4 0.95 0.00940419 0.10086 
4.05 0.95 0.00817971 0.106227 
4.1 0.95 0.00667579 0.110646 
4.15 0.95 0.00494283 0.114037 
4.2 0.95 0.0030394 0.116333 
4.25 0.95 0.0010307 0.117492 
4.3 0.95 -0.00101372 0.11749 
4.35 0.95 -0.0030227 0.116326 
4.4 0.95 -0.00492653 0.114023 
4.45 0.95 -0.00665971 0.110623 
4.5 0.95 -0.00816325 0.106189 
4.55 0.95 -0.00938622 0.100805 
4.6 0.95 -0.0102866 0.0945691 
4.65 0.95 -0.0108317 0.0876066 
4.7 0.95 -0.0109984 0.0800706 
4.75 0.95 -0.0107735 0.0721558 
4.8 0.95 -0.0101555 0.0641111 
4.85 0.95 -0.00915703 0.0562503 
4.9 0.95 -0.00781079 0.0489522 
4.95 0.95 -0.00618126 0.0426397 
5 0.95 -0.004386 0.0377266 
0 1 0 0 
0.05 1 0 0 
0.1 1 0 0 
0.15 1 0 0 
0.2 1 0 0 
0.25 1 0 0 
0.3 1 0 0 
0.35 1 0 0 
0.4 1 0 0 
0.45 1 0 0 
0.5 1 0 0 
0.55 1 0 0 
0.6 1 0 0 
0.65 1 0 0 
0.7 1 0 0 
0.75 1 0 0 
0.8 1 0 0 
0.85 1 0 0 
0.9 1 0 0 
0.95 1 0 0 
1 1 0 0 
1.05 1 0 0 
1.1 1 0 0 
1.15 1 0 0 
1.2 1 0 0 
1.25 1 0 0 
1.3 1 0 0 
1.35 1 0 0 
1.4 1 0 0 
1.45 1 0 0 
1.5 1 0 0 
1.55 1 0 0 
1.6 1 0 0 
1.65 1 0 0 
1.7 1 0 0 
1.75 1 0 0 
1.8 1 0 0 
1.85 1 0 0 
1.9 1 0 0 
1.95 1 0 0 
2 1 0 0 
2.05 1 0 0 
2.1 1 0 0 
2.15 1 0 0 
2.2 1 0 0 
2.25 1 0 0 
2.3 1 0 0 
2.35 1 0 0 
2.4 1 0 0 
2.45 1 0 0 
2.5 1 0 0 
2.55 1 0 0 
2.6 1 0 0 
2.65 1 0 0 
2.7 1 0 0 
2.75 1 0 0 
2.8 1 0 0 
2.85 1 0 0 
2.9 1 0 0 
2.95 1 0 0 
3 1 0 0 
3.05 1 0 0 
3.1 1 0 0 
3.15 1 0 0 
3.2 1 0 0 
3.25 1 0 0 
3.3 1 0 0 
3.35 1 0 0 
3.4 1 0 0 
3.45 1 0 0 
3.5 1 0 0 
3.55 1 0 0 
3.6 1 0 0 
3.65 1 0 0 
3.7 1 0 0 
3.75 1 0 0 
3.8 1 0 0 
3.85 1 0 0 
3.9 1 0 0 
3.95 1 0 0 
4 1 0 0 
4.05 1 0 0 
4.1 1 0 0 
4.15 1 0 0 
4.2 1 0 0 
4.25 1 0 0 
4.3 1 0 0 
4.35 1 0 0 
4.4 1 0 0 
4.45 1 0 0 
4.5 1 0 0 
4.55 1 0 0 
4.6 1 0 0 
4.65 1 0 0 
4.7 1 0 0 
4.75 1 0 0 
4.8 1 0 0 
4.85 1 0 0 
4.9 1 0 0 
4.95 1 0 0 
5 1 0 0 
