x, y, ksi, T
#iter= 770000
0 0 0 1 
0.05 0 0 1 
0.1 0 0 1 
0.15 0 0 1 
0.2 0 0 1 
0.25 0 0 1 
0.3 0 0 1 
0.35 0 0 1 
0.4 0 0 1 
0.45 0 0 1 
0.5 0 0 1 
0.55 0 0 1 
0.6 0 0 1 
0.65 0 0 1 
0.7 0 0 1 
0.75 0 0 1 
0.8 0 0 1 
0.85 0 0 1 
0.9 0 0 1 
0.95 0 0 1 
1 0 0 1 
1.05 0 0 1 
1.1 0 0 1 
1.15 0 0 1 
1.2 0 0 1 
1.25 0 0 1 
1.3 0 0 1 
1.35 0 0 1 
1.4 0 0 1 
1.45 0 0 1 
1.5 0 0 1 
1.55 0 0 1 
1.6 0 0 1 
1.65 0 0 1 
1.7 0 0 1 
1.75 0 0 1 
1.8 0 0 1 
1.85 0 0 1 
1.9 0 0 1 
1.95 0 0 1 
2 0 0 1 
2.05 0 0 1 
2.1 0 0 1 
2.15 0 0 1 
2.2 0 0 1 
2.25 0 0 1 
2.3 0 0 1 
2.35 0 0 1 
2.4 0 0 1 
2.45 0 0 1 
2.5 0 0 1 
2.55 0 0 1 
2.6 0 0 1 
2.65 0 0 1 
2.7 0 0 1 
2.75 0 0 1 
2.8 0 0 1 
2.85 0 0 1 
2.9 0 0 1 
2.95 0 0 1 
3 0 0 1 
3.05 0 0 1 
3.1 0 0 1 
3.15 0 0 1 
3.2 0 0 1 
3.25 0 0 1 
3.3 0 0 1 
3.35 0 0 1 
3.4 0 0 1 
3.45 0 0 1 
3.5 0 0 1 
3.55 0 0 1 
3.6 0 0 1 
3.65 0 0 1 
3.7 0 0 1 
3.75 0 0 1 
3.8 0 0 1 
3.85 0 0 1 
3.9 0 0 1 
3.95 0 0 1 
4 0 0 1 
4.05 0 0 1 
4.1 0 0 1 
4.15 0 0 1 
4.2 0 0 1 
4.25 0 0 1 
4.3 0 0 1 
4.35 0 0 1 
4.4 0 0 1 
4.45 0 0 1 
4.5 0 0 1 
4.55 0 0 1 
4.6 0 0 1 
4.65 0 0 1 
4.7 0 0 1 
4.75 0 0 1 
4.8 0 0 1 
4.85 0 0 1 
4.9 0 0 1 
4.95 0 0 1 
5 0 0 1 
0 0.05 -0.00821523 0.889303 
0.05 0.05 -0.0062958 0.885136 
0.1 0.05 -0.00426664 0.882178 
0.15 0.05 -0.00215027 0.880401 
0.2 0.05 1.03181e-05 0.879806 
0.25 0.05 0.00215473 0.880394 
0.3 0.05 0.00421609 0.882146 
0.35 0.05 0.0061279 0.885025 
0.4 0.05 0.00782828 0.888979 
0.45 0.05 0.00926241 0.893933 
0.5 0.05 0.0103839 0.899801 
0.55 0.05 0.0111555 0.906477 
0.6 0.05 0.0115489 0.913833 
0.65 0.05 0.0115448 0.921706 
0.7 0.05 0.0111338 0.929888 
0.75 0.05 0.0103175 0.938108 
0.8 0.05 0.00911088 0.94602 
0.85 0.05 0.00754504 0.953208 
0.9 0.05 0.00566947 0.959209 
0.95 0.05 0.00355278 0.963569 
1 0.05 0.00128077 0.965915 
1.05 0.05 -0.0010485 0.966031 
1.1 0.05 -0.00333225 0.963904 
1.15 0.05 -0.00547148 0.95973 
1.2 0.05 -0.00737867 0.953868 
1.25 0.05 -0.00898309 0.946766 
1.3 0.05 -0.010233 0.938888 
1.35 0.05 -0.0110952 0.930659 
1.4 0.05 -0.011553 0.922431 
1.45 0.05 -0.0116031 0.914484 
1.5 0.05 -0.0112538 0.907032 
1.55 0.05 -0.0105232 0.900243 
1.6 0.05 -0.00943857 0.894248 
1.65 0.05 -0.00803667 0.889155 
1.7 0.05 -0.00636346 0.885056 
1.75 0.05 -0.00447404 0.882023 
1.8 0.05 -0.00243163 0.880114 
1.85 0.05 -0.000305714 0.879365 
1.9 0.05 0.00183059 0.87979 
1.95 0.05 0.00390365 0.881382 
2 0.05 0.00584253 0.884112 
2.05 0.05 0.00758179 0.887929 
2.1 0.05 0.00906364 0.892763 
2.15 0.05 0.0102391 0.898531 
2.2 0.05 0.0110686 0.905128 
2.25 0.05 0.011522 0.912428 
2.3 0.05 0.0115782 0.920274 
2.35 0.05 0.0112262 0.928465 
2.4 0.05 0.0104659 0.936736 
2.45 0.05 0.00931046 0.94475 
2.5 0.05 0.00778888 0.952096 
2.55 0.05 0.00594848 0.958314 
2.6 0.05 0.00385589 0.962941 
2.65 0.05 0.00159551 0.965588 
2.7 0.05 -0.000735105 0.966012 
2.75 0.05 -0.00303253 0.964173 
2.8 0.05 -0.00519602 0.960243 
2.85 0.05 -0.00713548 0.954564 
2.9 0.05 -0.00877717 0.947583 
2.95 0.05 -0.0100664 0.939767 
3 0.05 -0.0109675 0.931551 
3.05 0.05 -0.0114617 0.923302 
3.1 0.05 -0.0115444 0.915311 
3.15 0.05 -0.0112231 0.907803 
3.2 0.05 -0.0105155 0.900952 
3.25 0.05 -0.00944888 0.894895 
3.3 0.05 -0.00806021 0.889744 
3.35 0.05 -0.00639589 0.885592 
3.4 0.05 -0.00451158 0.882515 
3.45 0.05 -0.00247122 0.88057 
3.5 0.05 -0.000345091 0.879795 
3.55 0.05 0.00179279 0.880206 
3.6 0.05 0.00386782 0.881795 
3.65 0.05 0.00580807 0.884532 
3.7 0.05 0.00754711 0.888366 
3.75 0.05 0.00902623 0.893229 
3.8 0.05 0.0101957 0.899031 
3.85 0.05 0.0110153 0.905667 
3.9 0.05 0.0114544 0.913007 
3.95 0.05 0.0114923 0.920887 
4 0.05 0.0111182 0.929098 
4.05 0.05 0.010333 0.937366 
4.1 0.05 0.00915144 0.945343 
4.15 0.05 0.0076046 0.952611 
4.2 0.05 0.00574228 0.958703 
4.25 0.05 0.00363368 0.96316 
4.3 0.05 0.00136553 0.965603 
4.35 0.05 -0.000962871 0.965806 
4.4 0.05 -0.00324722 0.963753 
4.45 0.05 -0.00538683 0.959635 
4.5 0.05 -0.00729255 0.95381 
4.55 0.05 -0.00889224 0.946729 
4.6 0.05 -0.0101333 0.938863 
4.65 0.05 -0.0109827 0.930642 
4.7 0.05 -0.0114245 0.922426 
4.75 0.05 -0.0114583 0.914499 
4.8 0.05 -0.0110969 0.907078 
4.85 0.05 -0.0103663 0.900329 
4.9 0.05 -0.00930821 0.894376 
4.95 0.05 -0.00798519 0.889303 
5 0.05 -0.00647572 0.885136 
0 0.1 -0.0277758 0.779897 
0.05 0.1 -0.0216974 0.771701 
0.1 0.1 -0.0148262 0.765778 
0.15 0.1 -0.00748289 0.762204 
0.2 0.1 7.44969e-05 0.761003 
0.25 0.1 0.00759588 0.762168 
0.3 0.1 0.0148332 0.765663 
0.35 0.1 0.0215479 0.771411 
0.4 0.1 0.0275192 0.779299 
0.45 0.1 0.0325523 0.789182 
0.5 0.1 0.036482 0.800883 
0.55 0.1 0.0391757 0.814193 
0.6 0.1 0.0405335 0.828859 
0.65 0.1 0.0404897 0.844568 
0.7 0.1 0.0390147 0.860914 
0.75 0.1 0.0361197 0.877362 
0.8 0.1 0.031864 0.89323 
0.85 0.1 0.0263627 0.90768 
0.9 0.1 0.019793 0.919773 
0.95 0.1 0.0123955 0.928577 
1 0.1 0.00446654 0.933322 
1.05 0.1 -0.003658 0.933556 
1.1 0.1 -0.0116271 0.929256 
1.15 0.1 -0.0191018 0.920827 
1.2 0.1 -0.0257801 0.909011 
1.25 0.1 -0.0314146 0.89473 
1.3 0.1 -0.0358204 0.878929 
1.35 0.1 -0.0388753 0.862459 
1.4 0.1 -0.0405138 0.846021 
1.45 0.1 -0.0407189 0.830164 
1.5 0.1 -0.0395157 0.815306 
1.55 0.1 -0.0369657 0.801771 
1.6 0.1 -0.0331652 0.789818 
1.65 0.1 -0.0282442 0.77966 
1.7 0.1 -0.0223662 0.771478 
1.75 0.1 -0.0157265 0.765423 
1.8 0.1 -0.00854857 0.761609 
1.85 0.1 -0.00107705 0.760111 
1.9 0.1 0.00643086 0.760961 
1.95 0.1 0.0137163 0.764142 
2 0.1 0.0205296 0.769593 
2.05 0.1 0.0266397 0.77721 
2.1 0.1 0.0318421 0.786856 
2.15 0.1 0.035963 0.798357 
2.2 0.1 0.0388618 0.811508 
2.25 0.1 0.040432 0.826064 
2.3 0.1 0.0406015 0.841718 
2.35 0.1 0.0393347 0.858076 
2.4 0.1 0.0366368 0.874622 
2.45 0.1 0.0325604 0.890687 
2.5 0.1 0.0272137 0.905451 
2.55 0.1 0.0207666 0.917977 
2.6 0.1 0.0134533 0.927318 
2.65 0.1 0.00556591 0.932668 
2.7 0.1 -0.00256129 0.933526 
2.75 0.1 -0.010575 0.929806 
2.8 0.1 -0.0181304 0.921866 
2.85 0.1 -0.0249172 0.910417 
2.9 0.1 -0.0306781 0.896372 
2.95 0.1 -0.0352185 0.880689 
3 0.1 -0.0384076 0.864241 
3.05 0.1 -0.0401728 0.847756 
3.1 0.1 -0.0404925 0.831807 
3.15 0.1 -0.0393885 0.816833 
3.2 0.1 -0.0369211 0.803172 
3.25 0.1 -0.0331862 0.791093 
3.3 0.1 -0.0283145 0.780818 
3.35 0.1 -0.0224707 0.772532 
3.4 0.1 -0.0158523 0.766387 
3.45 0.1 -0.00868481 0.762502 
3.5 0.1 -0.00121592 0.760954 
3.55 0.1 0.00629414 0.761775 
3.6 0.1 0.0135832 0.764948 
3.65 0.1 0.020398 0.770414 
3.7 0.1 0.0265044 0.778068 
3.75 0.1 0.0316945 0.787769 
3.8 0.1 0.035792 0.79934 
3.85 0.1 0.0386544 0.812572 
3.9 0.1 0.040174 0.82721 
3.95 0.1 0.0402791 0.842935 
4 0.1 0.0389358 0.859337 
4.05 0.1 0.0361529 0.875882 
4.1 0.1 0.0319884 0.89188 
4.15 0.1 0.0265573 0.90649 
4.2 0.1 0.020038 0.918766 
4.25 0.1 0.0126731 0.927765 
4.3 0.1 0.00476234 0.932703 
4.35 0.1 -0.00335402 0.933114 
4.4 0.1 -0.0113197 0.92896 
4.45 0.1 -0.0187901 0.92064 
4.5 0.1 -0.0254578 0.908896 
4.55 0.1 -0.0310704 0.894654 
4.6 0.1 -0.0354406 0.878872 
4.65 0.1 -0.0384459 0.862413 
4.7 0.1 -0.0400238 0.845993 
4.75 0.1 -0.0401649 0.830169 
4.8 0.1 -0.038906 0.815365 
4.85 0.1 -0.0363246 0.801901 
4.9 0.1 -0.0325325 0.790017 
4.95 0.1 -0.0276588 0.779897 
5 0.1 -0.0217876 0.771701 
0 0.15 -0.054199 0.676398 
0.05 0.15 -0.0423997 0.664411 
0.1 0.15 -0.0290098 0.655666 
0.15 0.15 -0.0146136 0.650354 
0.2 0.15 0.000256548 0.648549 
0.25 0.15 0.0150836 0.650256 
0.3 0.15 0.0293627 0.655418 
0.35 0.15 0.0426132 0.663914 
0.4 0.15 0.0543933 0.675567 
0.45 0.15 0.0643134 0.690152 
0.5 0.15 0.0720449 0.7074 
0.55 0.15 0.0773245 0.727 
0.6 0.15 0.0799569 0.748585 
0.65 0.15 0.0798161 0.771701 
0.7 0.15 0.0768507 0.795762 
0.75 0.15 0.0710919 0.820001 
0.8 0.15 0.0626662 0.843417 
0.85 0.15 0.0518088 0.86478 
0.9 0.15 0.0388737 0.882691 
0.95 0.15 0.0243336 0.895752 
1 0.15 0.00876577 0.902799 
1.05 0.15 -0.00717987 0.903148 
1.1 0.15 -0.0228252 0.896762 
1.15 0.15 -0.0375145 0.884258 
1.2 0.15 -0.0506603 0.866756 
1.25 0.15 -0.0617766 0.845642 
1.3 0.15 -0.0704951 0.822323 
1.35 0.15 -0.0765669 0.798053 
1.4 0.15 -0.0798528 0.773856 
1.45 0.15 -0.0803106 0.750525 
1.5 0.15 -0.0779819 0.728663 
1.55 0.15 -0.072984 0.708735 
1.6 0.15 -0.0655048 0.691117 
1.65 0.15 -0.0558014 0.676126 
1.7 0.15 -0.0441981 0.664036 
1.75 0.15 -0.0310829 0.655077 
1.8 0.15 -0.0168995 0.649428 
1.85 0.15 -0.00213375 0.647208 
1.9 0.15 0.012704 0.648466 
1.95 0.15 0.0271003 0.653177 
2 0.15 0.0405594 0.661243 
2.05 0.15 0.0526228 0.672504 
2.1 0.15 0.0628841 0.686743 
2.15 0.15 0.0709983 0.703699 
2.2 0.15 0.0766876 0.723068 
2.25 0.15 0.0797428 0.744489 
2.3 0.15 0.0800259 0.767522 
2.35 0.15 0.0774732 0.791598 
2.4 0.15 0.0721038 0.815972 
2.45 0.15 0.0640315 0.839674 
2.5 0.15 0.0534779 0.861493 
2.55 0.15 0.0407834 0.880039 
2.6 0.15 0.0264093 0.893892 
2.65 0.15 0.0109246 0.901836 
2.7 0.15 -0.00502297 0.903109 
2.75 0.15 -0.020751 0.897584 
2.8 0.15 -0.0355929 0.885801 
2.85 0.15 -0.0489454 0.868836 
2.9 0.15 -0.0603041 0.848064 
2.95 0.15 -0.0692823 0.824909 
3 0.15 -0.0756145 0.800663 
3.05 0.15 -0.0791483 0.776391 
3.1 0.15 -0.0798317 0.75292 
3.15 0.15 -0.0777002 0.730884 
3.2 0.15 -0.072868 0.710768 
3.25 0.15 -0.065522 0.692964 
3.3 0.15 -0.0559202 0.677799 
3.35 0.15 -0.0443894 0.665553 
3.4 0.15 -0.0313214 0.656462 
3.45 0.15 -0.0171643 0.650708 
3.5 0.15 -0.00240932 0.648412 
3.55 0.15 0.0124271 0.649627 
3.6 0.15 0.026825 0.654328 
3.65 0.15 0.0402821 0.662416 
3.7 0.15 0.0523333 0.673731 
3.75 0.15 0.0625662 0.688052 
3.8 0.15 0.070631 0.705114 
3.85 0.15 0.076246 0.724604 
3.9 0.15 0.0792005 0.746149 
3.95 0.15 0.079357 0.769291 
4 0.15 0.0766557 0.793439 
4.05 0.15 0.0711225 0.817818 
4.1 0.15 0.0628817 0.841427 
4.15 0.15 0.0521682 0.863025 
4.2 0.15 0.0393384 0.881205 
4.25 0.15 0.0248693 0.894553 
4.3 0.15 0.00934474 0.901883 
4.35 0.15 -0.00657665 0.902492 
4.4 0.15 -0.0222065 0.89632 
4.45 0.15 -0.0368781 0.883973 
4.5 0.15 -0.0499931 0.86657 
4.55 0.15 -0.0610564 0.845506 
4.6 0.15 -0.0696941 0.822203 
4.65 0.15 -0.0756559 0.797937 
4.7 0.15 -0.0788074 0.773752 
4.75 0.15 -0.0791171 0.750454 
4.8 0.15 -0.0766436 0.728655 
4.85 0.15 -0.0715232 0.708815 
4.9 0.15 -0.0639557 0.691297 
4.95 0.15 -0.0541788 0.676398 
5 0.15 -0.0424138 0.664411 
0 0.2 -0.083635 0.584284 
0.05 0.2 -0.065396 0.568911 
0.1 0.2 -0.0447259 0.557629 
0.15 0.2 -0.022456 0.550734 
0.2 0.2 0.000592443 0.548369 
0.25 0.2 0.0236027 0.550563 
0.3 0.2 0.0457751 0.557241 
0.35 0.2 0.0663494 0.568233 
0.4 0.2 0.08463 0.583287 
0.45 0.2 0.100005 0.602087 
0.5 0.2 0.111962 0.624268 
0.55 0.2 0.120093 0.64942 
0.6 0.2 0.124098 0.67707 
0.65 0.2 0.12379 0.706646 
0.7 0.2 0.1191 0.737417 
0.75 0.2 0.11009 0.768416 
0.8 0.2 0.0969702 0.798381 
0.85 0.2 0.0801152 0.82574 
0.9 0.2 0.060079 0.848702 
0.95 0.2 0.0375923 0.86546 
1 0.2 0.0135393 0.874508 
1.05 0.2 -0.0110888 0.874958 
1.1 0.2 -0.0352596 0.866762 
1.15 0.2 -0.0579737 0.85072 
1.2 0.2 -0.0783315 0.828286 
1.25 0.2 -0.0955825 0.801247 
1.3 0.2 -0.109152 0.77141 
1.35 0.2 -0.118643 0.740375 
1.4 0.2 -0.123826 0.709439 
1.45 0.2 -0.124623 0.679596 
1.5 0.2 -0.121087 0.651601 
1.55 0.2 -0.11339 0.626038 
1.6 0.2 -0.101819 0.603389 
1.65 0.2 -0.0867705 0.584069 
1.7 0.2 -0.0687496 0.568447 
1.75 0.2 -0.0483617 0.556844 
1.8 0.2 -0.0263009 0.549515 
1.85 0.2 -0.003328 0.546631 
1.9 0.2 0.0197577 0.548263 
1.95 0.2 0.0421515 0.554375 
2 0.2 0.0630772 0.564824 
2.05 0.2 0.0818175 0.579381 
2.1 0.2 0.0977375 0.597743 
2.15 0.2 0.1103 0.619555 
2.2 0.2 0.119076 0.644414 
2.25 0.2 0.123744 0.671856 
2.3 0.2 0.124099 0.701325 
2.35 0.2 0.120052 0.73211 
2.4 0.2 0.111648 0.763277 
2.45 0.2 0.0990751 0.793599 
2.5 0.2 0.0826897 0.821535 
2.55 0.2 0.0630252 0.845303 
2.6 0.2 0.0407954 0.863073 
2.65 0.2 0.016873 0.873268 
2.7 0.2 -0.00775368 0.874901 
2.75 0.2 -0.0320458 0.867807 
2.8 0.2 -0.0549876 0.852686 
2.85 0.2 -0.075656 0.830933 
2.9 0.2 -0.0932736 0.804324 
2.95 0.2 -0.107237 0.774691 
3 0.2 -0.117126 0.74368 
3.05 0.2 -0.122691 0.712641 
3.1 0.2 -0.123837 0.682615 
3.15 0.2 -0.120608 0.654395 
3.2 0.2 -0.113172 0.628591 
3.25 0.2 -0.101812 0.605702 
3.3 0.2 -0.086928 0.586158 
3.35 0.2 -0.0690267 0.570336 
3.4 0.2 -0.0487195 0.558562 
3.45 0.2 -0.0267071 0.551096 
3.5 0.2 -0.00375875 0.548113 
3.55 0.2 0.0193172 0.549688 
3.6 0.2 0.0417061 0.555785 
3.65 0.2 0.0626218 0.566262 
3.7 0.2 0.0813369 0.580888 
3.75 0.2 0.0972075 0.599357 
3.8 0.2 0.109689 0.621307 
3.85 0.2 0.118347 0.646323 
3.9 0.2 0.122858 0.673928 
3.95 0.2 0.123017 0.703542 
4 0.2 0.118743 0.734425 
4.05 0.2 0.11009 0.765606 
4.1 0.2 0.0972631 0.795815 
4.15 0.2 0.0806384 0.823475 
4.2 0.2 0.0607731 0.846779 
4.25 0.2 0.0384049 0.863902 
4.3 0.2 0.0144285 0.873311 
4.35 0.2 -0.0101513 0.874088 
4.4 0.2 -0.0342864 0.86616 
4.45 0.2 -0.0569599 0.850311 
4.5 0.2 -0.0772556 0.827991 
4.55 0.2 -0.0944089 0.801002 
4.6 0.2 -0.107835 0.771169 
4.65 0.2 -0.117134 0.740119 
4.7 0.2 -0.122081 0.709172 
4.75 0.2 -0.122609 0.679346 
4.8 0.2 -0.118791 0.651406 
4.85 0.2 -0.11082 0.625942 
4.9 0.2 -0.0989957 0.60343 
4.95 0.2 -0.0836967 0.584284 
5 0.2 -0.0653462 0.568911 
0 0.25 -0.113049 0.507677 
0.05 0.25 -0.0883299 0.4894 
0.1 0.25 -0.060354 0.475922 
0.15 0.25 -0.0301833 0.467643 
0.2 0.25 0.00108 0.464788 
0.25 0.25 0.0323164 0.467421 
0.3 0.25 0.0624229 0.475446 
0.35 0.25 0.0903508 0.488629 
0.4 0.25 0.115143 0.506621 
0.45 0.25 0.135962 0.528997 
0.5 0.25 0.152108 0.555284 
0.55 0.25 0.163034 0.58497 
0.6 0.25 0.16834 0.617492 
0.65 0.25 0.167787 0.652185 
0.7 0.25 0.161299 0.68821 
0.75 0.25 0.148977 0.724459 
0.8 0.25 0.131123 0.759477 
0.85 0.25 0.108258 0.791442 
0.9 0.25 0.0811391 0.818269 
0.95 0.25 0.0507504 0.83785 
1 0.25 0.0182758 0.848423 
1.05 0.25 -0.0149638 0.848952 
1.1 0.25 -0.0475951 0.839379 
1.15 0.25 -0.0782864 0.820641 
1.2 0.25 -0.105834 0.794437 
1.25 0.25 -0.129228 0.762854 
1.3 0.25 -0.147684 0.727995 
1.35 0.25 -0.160652 0.691717 
1.4 0.25 -0.167804 0.655514 
1.45 0.25 -0.169015 0.620529 
1.5 0.25 -0.164339 0.587623 
1.55 0.25 -0.153996 0.557473 
1.6 0.25 -0.138363 0.53065 
1.65 0.25 -0.117974 0.507667 
1.7 0.25 -0.0935122 0.489 
1.75 0.25 -0.0658036 0.47508 
1.8 0.25 -0.0357981 0.46626 
1.85 0.25 -0.0045396 0.462781 
1.9 0.25 0.0268737 0.464745 
1.95 0.25 0.0573362 0.472099 
2 0.25 0.0857827 0.484641 
2.05 0.25 0.11123 0.502051 
2.1 0.25 0.132813 0.523917 
2.15 0.25 0.149801 0.549777 
2.2 0.25 0.161615 0.579126 
2.25 0.25 0.167832 0.611409 
2.3 0.25 0.168185 0.645978 
2.35 0.25 0.162573 0.682019 
2.4 0.25 0.151072 0.718462 
2.45 0.25 0.133959 0.753892 
2.5 0.25 0.111728 0.786525 
2.55 0.25 0.0851094 0.814288 
2.6 0.25 0.0550675 0.835045 
2.65 0.25 0.0227715 0.846955 
2.7 0.25 -0.0104614 0.848861 
2.75 0.25 -0.0432487 0.840569 
2.8 0.25 -0.0742377 0.822902 
2.85 0.25 -0.102195 0.797488 
2.9 0.25 -0.126073 0.766402 
2.95 0.25 -0.145053 0.731775 
3 0.25 -0.158552 0.69552 
3.05 0.25 -0.166217 0.659194 
3.1 0.25 -0.1679 0.623993 
3.15 0.25 -0.163642 0.590823 
3.2 0.25 -0.153655 0.560391 
3.25 0.25 -0.138315 0.533288 
3.3 0.25 -0.118156 0.510043 
3.35 0.25 -0.0938649 0.49114 
3.4 0.25 -0.0662748 0.477017 
3.45 0.25 -0.0363445 0.468033 
3.5 0.25 -0.00512875 0.464435 
3.55 0.25 0.0262621 0.466328 
3.6 0.25 0.0567093 0.473661 
3.65 0.25 0.085134 0.486234 
3.7 0.25 0.11054 0.503724 
3.75 0.25 0.132049 0.525716 
3.8 0.25 0.148923 0.551738 
3.85 0.25 0.160575 0.581274 
3.9 0.25 0.166577 0.61375 
3.95 0.25 0.166667 0.648494 
4 0.25 0.16075 0.684656 
4.05 0.25 0.148919 0.721121 
4.1 0.25 0.13147 0.756426 
4.15 0.25 0.108925 0.788742 
4.2 0.25 0.0820454 0.815967 
4.25 0.25 0.0518263 0.835971 
4.3 0.25 0.0194659 0.84696 
4.35 0.25 -0.0136963 0.847864 
4.4 0.25 -0.0462653 0.838593 
4.45 0.25 -0.0768859 0.820066 
4.5 0.25 -0.104332 0.793979 
4.55 0.25 -0.127572 0.762432 
4.6 0.25 -0.145808 0.727552 
4.65 0.25 -0.158484 0.691226 
4.7 0.25 -0.165275 0.654976 
4.75 0.25 -0.166067 0.619974 
4.8 0.25 -0.160934 0.587101 
4.85 0.25 -0.150121 0.557049 
4.9 0.25 -0.134026 0.530399 
4.95 0.25 -0.113179 0.507677 
5 0.25 -0.0882272 0.4894 
0 0.3 -0.140089 0.448021 
0.05 0.3 -0.109383 0.42724 
0.1 0.3 -0.0746583 0.411834 
0.15 0.3 -0.0371823 0.402328 
0.2 0.3 0.00168379 0.399051 
0.25 0.3 0.0405356 0.402105 
0.3 0.3 0.0779809 0.411368 
0.35 0.3 0.112696 0.426509 
0.4 0.3 0.143475 0.447049 
0.45 0.3 0.16927 0.472414 
0.5 0.3 0.189212 0.501994 
0.55 0.3 0.202628 0.535166 
0.6 0.3 0.209037 0.57128 
0.65 0.3 0.208164 0.609608 
0.7 0.3 0.199934 0.649247 
0.75 0.3 0.184501 0.689011 
0.8 0.3 0.162259 0.727335 
0.85 0.3 0.133871 0.76226 
0.9 0.3 0.100279 0.791533 
0.95 0.3 0.0626975 0.812882 
1 0.3 0.022576 0.824404 
1.05 0.3 -0.0184763 0.824984 
1.1 0.3 -0.0587883 0.814559 
1.15 0.3 -0.0967377 0.794139 
1.2 0.3 -0.130853 0.765557 
1.25 0.3 -0.159888 0.731066 
1.3 0.3 -0.182867 0.692935 
1.35 0.3 -0.199093 0.653164 
1.4 0.3 -0.208138 0.613359 
1.45 0.3 -0.209822 0.574741 
1.5 0.3 -0.204188 0.538236 
1.55 0.3 -0.191486 0.504584 
1.6 0.3 -0.17217 0.474436 
1.65 0.3 -0.146891 0.448412 
1.7 0.3 -0.116494 0.427124 
1.75 0.3 -0.0820104 0.411149 
1.8 0.3 -0.0446315 0.400976 
1.85 0.3 -0.00567194 0.39695 
1.9 0.3 0.0334829 0.399216 
1.95 0.3 0.0714382 0.407696 
2 0.3 0.106851 0.422103 
2.05 0.3 0.138488 0.441987 
2.1 0.3 0.165266 0.46679 
2.15 0.3 0.18628 0.495909 
2.2 0.3 0.20082 0.528724 
2.25 0.3 0.208375 0.564591 
2.3 0.3 0.208634 0.602795 
2.35 0.3 0.201496 0.642461 
2.4 0.3 0.187082 0.682441 
2.45 0.3 0.165756 0.721218 
2.5 0.3 0.138149 0.756871 
2.55 0.3 0.105173 0.787163 
2.6 0.3 0.0680196 0.809789 
2.65 0.3 0.0281201 0.822762 
2.7 0.3 -0.012919 0.824835 
2.75 0.3 -0.0534154 0.815799 
2.8 0.3 -0.0917216 0.79654 
2.85 0.3 -0.126329 0.768816 
2.9 0.3 -0.155951 0.734864 
2.95 0.3 -0.179568 0.696985 
3 0.3 -0.196444 0.65724 
3.05 0.3 -0.206118 0.617302 
3.1 0.3 -0.208385 0.578451 
3.15 0.3 -0.20327 0.541661 
3.2 0.3 -0.191015 0.507704 
3.25 0.3 -0.172069 0.477253 
3.3 0.3 -0.147083 0.450942 
3.35 0.3 -0.116908 0.429394 
3.4 0.3 -0.0825814 0.41319 
3.45 0.3 -0.0453064 0.402831 
3.5 0.3 -0.00641033 0.398667 
3.55 0.3 0.0327067 0.400847 
3.6 0.3 0.0706334 0.409299 
3.65 0.3 0.106011 0.423735 
3.7 0.3 0.137589 0.443704 
3.75 0.3 0.164269 0.468643 
3.8 0.3 0.185137 0.49794 
3.85 0.3 0.199472 0.530961 
3.9 0.3 0.20676 0.567042 
3.95 0.3 0.206695 0.605441 
4 0.3 0.199185 0.645243 
4.05 0.3 0.184368 0.685251 
4.1 0.3 0.162636 0.723897 
4.15 0.3 0.13465 0.759208 
4.2 0.3 0.101362 0.788916 
4.25 0.3 0.0639995 0.810723 
4.3 0.3 0.0240293 0.822692 
4.35 0.3 -0.0169153 0.823668 
4.4 0.3 -0.0571358 0.813556 
4.45 0.3 -0.0949803 0.793346 
4.5 0.3 -0.128948 0.764867 
4.55 0.3 -0.157767 0.730385 
4.6 0.3 -0.180443 0.692196 
4.65 0.3 -0.196268 0.65233 
4.7 0.3 -0.204813 0.612428 
4.75 0.3 -0.20591 0.573744 
4.8 0.3 -0.199623 0.537233 
4.85 0.3 -0.186233 0.503663 
4.9 0.3 -0.166225 0.47371 
4.95 0.3 -0.140274 0.448021 
5 0.3 -0.109238 0.427241 
0 0.35 -0.162968 0.404027 
0.05 0.35 -0.127184 0.380956 
0.1 0.35 -0.0867165 0.363734 
0.15 0.35 -0.0430114 0.353062 
0.2 0.35 0.00234543 0.3494 
0.25 0.35 0.0476984 0.352901 
0.3 0.35 0.0913982 0.363395 
0.35 0.35 0.131877 0.380419 
0.4 0.35 0.16771 0.403303 
0.45 0.35 0.197669 0.431274 
0.5 0.35 0.220745 0.46354 
0.55 0.35 0.236166 0.499339 
0.6 0.35 0.243394 0.537934 
0.65 0.35 0.242135 0.578547 
0.7 0.35 0.232335 0.620252 
0.75 0.35 0.2142 0.661847 
0.8 0.35 0.188216 0.701751 
0.85 0.35 0.15517 0.737982 
0.9 0.35 0.116164 0.768264 
0.95 0.35 0.0726007 0.790303 
1 0.35 0.0261404 0.802184 
1.05 0.35 -0.0213803 0.802786 
1.1 0.35 -0.0680575 0.792047 
1.15 0.35 -0.112041 0.77098 
1.2 0.35 -0.151644 0.741433 
1.25 0.35 -0.185429 0.705676 
1.3 0.35 -0.212259 0.666005 
1.35 0.35 -0.231305 0.62444 
1.4 0.35 -0.242046 0.582606 
1.45 0.35 -0.24424 0.541737 
1.5 0.35 -0.237905 0.50278 
1.55 0.35 -0.223305 0.466518 
1.6 0.35 -0.200945 0.433687 
1.65 0.35 -0.171565 0.405039 
1.7 0.35 -0.136146 0.381362 
1.75 0.35 -0.0958926 0.363435 
1.8 0.35 -0.0522082 0.351942 
1.85 0.35 -0.00664854 0.347373 
1.9 0.35 0.039143 0.349935 
1.95 0.35 0.083511 0.359516 
2 0.35 0.124866 0.375706 
2.05 0.35 0.161751 0.397868 
2.1 0.35 0.192898 0.425244 
2.15 0.35 0.217256 0.457041 
2.2 0.35 0.234012 0.492495 
2.25 0.35 0.242591 0.530864 
2.3 0.35 0.242661 0.571379 
2.35 0.35 0.234134 0.613138 
2.4 0.35 0.217184 0.654979 
2.45 0.35 0.192259 0.695368 
2.5 0.35 0.160115 0.732362 
2.55 0.35 0.121819 0.7637 
2.6 0.35 0.0787478 0.787054 
2.65 0.35 0.0325447 0.800424 
2.7 0.35 -0.0149566 0.802556 
2.75 0.35 -0.061839 0.793239 
2.8 0.35 -0.106224 0.773364 
2.85 0.35 -0.146384 0.7447 
2.9 0.35 -0.180836 0.709503 
2.95 0.35 -0.208392 0.670098 
3 0.35 -0.228183 0.628569 
3.05 0.35 -0.239647 0.586607 
3.1 0.35 -0.242515 0.545507 
3.15 0.35 -0.236785 0.506265 
3.2 0.35 -0.222709 0.469697 
3.25 0.35 -0.200786 0.436557 
3.3 0.35 -0.171756 0.407612 
3.35 0.35 -0.136605 0.383661 
3.4 0.35 -0.0965448 0.36549 
3.45 0.35 -0.0529922 0.353792 
3.5 0.35 -0.00751706 0.349066 
3.55 0.35 0.0382202 0.351527 
3.6 0.35 0.0825459 0.361067 
3.65 0.35 0.123851 0.377278 
3.7 0.35 0.16066 0.399523 
3.75 0.35 0.191688 0.427036 
3.8 0.35 0.215871 0.459017 
3.85 0.35 0.232386 0.494683 
3.9 0.35 0.240656 0.533274 
3.95 0.35 0.240351 0.573991 
4 0.35 0.231397 0.615891 
4.05 0.35 0.213986 0.657762 
4.1 0.35 0.1886 0.698014 
4.15 0.35 0.156027 0.734655 
4.2 0.35 0.11738 0.765392 
4.25 0.35 0.0740757 0.787902 
4.3 0.35 0.0277986 0.800235 
4.35 0.35 -0.019587 0.801231 
4.4 0.35 -0.0661447 0.790793 
4.45 0.35 -0.109989 0.769914 
4.5 0.35 -0.149399 0.740438 
4.55 0.35 -0.182907 0.704651 
4.6 0.35 -0.209349 0.664871 
4.65 0.35 -0.227884 0.623153 
4.7 0.35 -0.237986 0.581156 
4.75 0.35 -0.239423 0.540156 
4.8 0.35 -0.232238 0.501136 
4.85 0.35 -0.216731 0.464923 
4.9 0.35 -0.193452 0.432289 
4.95 0.35 -0.163196 0.404027 
5 0.35 -0.127005 0.380956 
0 0.4 -0.180375 0.372552 
0.05 0.4 -0.140724 0.347226 
0.1 0.4 -0.095859 0.328167 
0.15 0.4 -0.0473637 0.316303 
0.2 0.4 0.00299489 0.312264 
0.25 0.4 0.0533561 0.316266 
0.3 0.4 0.10186 0.328068 
0.35 0.4 0.146739 0.347031 
0.4 0.4 0.186396 0.372239 
0.45 0.4 0.219461 0.402654 
0.5 0.4 0.244823 0.437253 
0.55 0.4 0.261645 0.475103 
0.6 0.4 0.26936 0.51536 
0.65 0.4 0.267676 0.557204 
0.7 0.4 0.256571 0.599712 
0.75 0.4 0.236307 0.641723 
0.8 0.4 0.207451 0.681721 
0.85 0.4 0.170893 0.717812 
0.9 0.4 0.127855 0.74783 
0.95 0.4 0.0798749 0.769601 
1 0.4 0.0287587 0.781315 
1.05 0.4 -0.0235042 0.781913 
1.1 0.4 -0.0748549 0.771338 
1.15 0.4 -0.12329 0.750547 
1.2 0.4 -0.166975 0.721282 
1.25 0.4 -0.204337 0.685698 
1.3 0.4 -0.234113 0.645978 
1.35 0.4 -0.255373 0.604052 
1.4 0.4 -0.267508 0.561473 
1.45 0.4 -0.270216 0.519434 
1.5 0.4 -0.26348 0.478873 
1.55 0.4 -0.247556 0.44061 
1.6 0.4 -0.222972 0.405475 
1.65 0.4 -0.190527 0.374388 
1.7 0.4 -0.151298 0.348364 
1.75 0.4 -0.106623 0.328447 
1.8 0.4 -0.0580764 0.315577 
1.85 0.4 -0.00741018 0.310433 
1.9 0.4 0.0435184 0.313306 
1.95 0.4 0.0928381 0.32404 
2 0.4 0.138755 0.342057 
2.05 0.4 0.179636 0.366481 
2.1 0.4 0.214064 0.396286 
2.15 0.4 0.240885 0.430438 
2.2 0.4 0.259213 0.467984 
2.25 0.4 0.268443 0.50807 
2.3 0.4 0.268241 0.549872 
2.35 0.4 0.258547 0.592487 
2.4 0.4 0.239589 0.634786 
2.45 0.4 0.211898 0.675299 
2.5 0.4 0.176326 0.71217 
2.55 0.4 0.134062 0.743244 
2.6 0.4 0.0866183 0.766314 
2.65 0.4 0.0357834 0.779487 
2.7 0.4 -0.0164552 0.78158 
2.75 0.4 -0.0680239 0.772396 
2.8 0.4 -0.116889 0.752773 
2.85 0.4 -0.161174 0.724382 
2.9 0.4 -0.199255 0.689361 
2.95 0.4 -0.229819 0.64992 
3 0.4 -0.251888 0.608048 
3.05 0.4 -0.264814 0.565364 
3.1 0.4 -0.268263 0.523118 
3.15 0.4 -0.262195 0.482292 
3.2 0.4 -0.246853 0.443738 
3.25 0.4 -0.222758 0.408306 
3.3 0.4 -0.190709 0.376927 
3.35 0.4 -0.151785 0.350625 
3.4 0.4 -0.107335 0.330454 
3.45 0.4 -0.0589446 0.317362 
3.5 0.4 -0.0083818 0.312043 
3.55 0.4 0.0424775 0.314796 
3.6 0.4 0.0917419 0.325472 
3.65 0.4 0.137597 0.343498 
3.7 0.4 0.178387 0.367996 
3.75 0.4 0.21268 0.397931 
3.8 0.4 0.239303 0.43226 
3.85 0.4 0.257364 0.470015 
3.9 0.4 0.266252 0.510317 
3.95 0.4 0.265638 0.552313 
4 0.4 0.255478 0.595061 
4.05 0.4 0.23602 0.637384 
4.1 0.4 0.207828 0.677757 
4.15 0.4 0.171794 0.714274 
4.2 0.4 0.129153 0.744752 
4.25 0.4 0.0814608 0.766988 
4.3 0.4 0.0305507 0.779138 
4.35 0.4 -0.0215564 0.780105 
4.4 0.4 -0.0727649 0.769799 
4.45 0.4 -0.121032 0.749156 
4.5 0.4 -0.164484 0.719917 
4.55 0.4 -0.201512 0.684249 
4.6 0.4 -0.230825 0.644358 
4.65 0.4 -0.251474 0.602208 
4.7 0.4 -0.262843 0.559389 
4.75 0.4 -0.26464 0.517138 
4.8 0.4 -0.256873 0.47644 
4.85 0.4 -0.239842 0.43817 
4.9 0.4 -0.214135 0.403217 
4.95 0.4 -0.180636 0.372552 
5 0.4 -0.140521 0.347226 
0 0.45 -0.191395 0.349714 
0.05 0.45 -0.149301 0.32211 
0.1 0.45 -0.101623 0.301158 
0.15 0.45 -0.0500375 0.28806 
0.2 0.45 0.0035608 0.283645 
0.25 0.45 0.0571642 0.288197 
0.3 0.45 0.108761 0.301394 
0.35 0.45 0.15644 0.322383 
0.4 0.45 0.198486 0.349954 
0.45 0.45 0.233437 0.382759 
0.5 0.45 0.260124 0.419503 
0.55 0.45 0.27768 0.459047 
0.6 0.45 0.285539 0.500425 
0.65 0.45 0.283428 0.542771 
0.7 0.45 0.271366 0.585179 
0.75 0.45 0.249671 0.626562 
0.8 0.45 0.218975 0.665536 
0.85 0.45 0.180238 0.700385 
0.9 0.45 0.13476 0.729162 
0.95 0.45 0.0841534 0.749924 
1 0.45 0.030299 0.761061 
1.05 0.45 -0.0247418 0.761636 
1.1 0.45 -0.0788388 0.751597 
1.15 0.45 -0.129916 0.731791 
1.2 0.45 -0.176066 0.703769 
1.25 0.45 -0.215639 0.669455 
1.3 0.45 -0.247296 0.630808 
1.35 0.45 -0.270033 0.589575 
1.4 0.45 -0.283174 0.547173 
1.45 0.45 -0.286359 0.504714 
1.5 0.45 -0.279529 0.463108 
1.55 0.45 -0.262915 0.423216 
1.6 0.45 -0.237039 0.385982 
1.65 0.45 -0.202726 0.352524 
1.7 0.45 -0.161106 0.324126 
1.75 0.45 -0.113603 0.302145 
1.8 0.45 -0.0619068 0.287822 
1.85 0.45 -0.00791281 0.282068 
1.9 0.45 0.046366 0.285272 
1.95 0.45 0.0989001 0.297221 
2 0.45 0.147749 0.317143 
2.05 0.45 0.191153 0.343873 
2.1 0.45 0.227602 0.376069 
2.15 0.45 0.255877 0.412409 
2.2 0.45 0.275062 0.451723 
2.25 0.45 0.284546 0.493015 
2.3 0.45 0.284016 0.535403 
2.35 0.45 0.273452 0.577992 
2.4 0.45 0.253135 0.619722 
2.45 0.45 0.223661 0.659245 
2.5 0.45 0.185956 0.694879 
2.55 0.45 0.141285 0.724686 
2.6 0.45 0.0912354 0.74669 
2.65 0.45 0.0376737 0.759206 
2.7 0.45 -0.0173401 0.761186 
2.75 0.45 -0.0716604 0.752455 
2.8 0.45 -0.12318 0.733755 
2.85 0.45 -0.169949 0.70657 
2.9 0.45 -0.210266 0.672808 
2.95 0.45 -0.242741 0.634454 
3 0.45 -0.266321 0.593304 
3.05 0.45 -0.280289 0.550834 
3.1 0.45 -0.284254 0.508208 
3.15 0.45 -0.278131 0.466376 
3.2 0.45 -0.262134 0.426225 
3.25 0.45 -0.236782 0.388719 
3.3 0.45 -0.202895 0.354983 
3.35 0.45 -0.161607 0.326312 
3.4 0.45 -0.114351 0.30407 
3.45 0.45 -0.0628301 0.289512 
3.5 0.45 -0.00895437 0.283563 
3.55 0.45 0.0452433 0.286626 
3.6 0.45 0.0977121 0.298498 
3.65 0.45 0.146489 0.318411 
3.7 0.45 0.189793 0.345199 
3.75 0.45 0.226095 0.377512 
3.8 0.45 0.254159 0.414015 
3.85 0.45 0.273059 0.453521 
3.9 0.45 0.282183 0.495011 
3.95 0.45 0.281221 0.537575 
4 0.45 0.270168 0.580278 
4.05 0.45 0.24933 0.622017 
4.1 0.45 0.219335 0.661393 
4.15 0.45 0.181151 0.69668 
4.2 0.45 0.136089 0.725912 
4.25 0.45 0.0857849 0.74712 
4.3 0.45 0.0321477 0.758662 
4.35 0.45 -0.0227262 0.759563 
4.4 0.45 -0.0766668 0.749743 
4.45 0.45 -0.127556 0.730032 
4.5 0.45 -0.173442 0.701978 
4.55 0.45 -0.212638 0.667516 
4.6 0.45 -0.243772 0.628629 
4.65 0.45 -0.265818 0.587091 
4.7 0.45 -0.278091 0.544361 
4.75 0.45 -0.28024 0.501596 
4.8 0.45 -0.272233 0.459765 
4.85 0.45 -0.254349 0.419799 
4.9 0.45 -0.227188 0.38272 
4.95 0.45 -0.191676 0.349714 
5 0.45 -0.149081 0.32211 
0 0.5 -0.19546 0.331727 
0.05 0.5 -0.152474 0.301927 
0.1 0.5 -0.103721 0.279128 
0.15 0.5 -0.0509167 0.264824 
0.2 0.5 0.00397919 0.260053 
0.25 0.5 0.0588791 0.265169 
0.3 0.5 0.111687 0.279762 
0.35 0.5 0.160419 0.302752 
0.4 0.5 0.203299 0.332619 
0.45 0.5 0.23883 0.367691 
0.5 0.5 0.265829 0.406382 
0.55 0.5 0.283437 0.447339 
0.6 0.5 0.291113 0.489461 
0.65 0.5 0.288621 0.531825 
0.7 0.5 0.276023 0.573547 
0.75 0.5 0.253683 0.613633 
0.8 0.5 0.222277 0.650865 
0.85 0.5 0.182805 0.683763 
0.9 0.5 0.13659 0.710672 
0.95 0.5 0.0852607 0.72995 
1 0.5 0.0306982 0.74025 
1.05 0.5 -0.025044 0.740787 
1.1 0.5 -0.0798479 0.73152 
1.15 0.5 -0.131646 0.713155 
1.2 0.5 -0.178532 0.686991 
1.25 0.5 -0.218841 0.654649 
1.3 0.5 -0.25121 0.617796 
1.35 0.5 -0.274598 0.577931 
1.4 0.5 -0.288284 0.5363 
1.45 0.5 -0.291863 0.49391 
1.5 0.5 -0.285227 0.451646 
1.55 0.5 -0.26857 0.410412 
1.6 0.5 -0.242387 0.371281 
1.65 0.5 -0.207491 0.335581 
1.7 0.5 -0.165021 0.304882 
1.75 0.5 -0.116435 0.280869 
1.8 0.5 -0.0634801 0.265104 
1.85 0.5 -0.0081264 0.258741 
1.9 0.5 0.0475251 0.262274 
1.95 0.5 0.101356 0.275432 
2 0.5 0.151344 0.297234 
2.05 0.5 0.195669 0.32621 
2.1 0.5 0.232779 0.360684 
2.15 0.5 0.261439 0.399033 
2.2 0.5 0.280739 0.439849 
2.25 0.5 0.290092 0.481988 
2.3 0.5 0.28922 0.524499 
2.35 0.5 0.278148 0.566494 
2.4 0.5 0.257205 0.606996 
2.45 0.5 0.227031 0.644816 
2.5 0.5 0.188594 0.678499 
2.55 0.5 0.143186 0.706393 
2.6 0.5 0.0924116 0.72683 
2.65 0.5 0.0381401 0.738396 
2.7 0.5 -0.0175754 0.740215 
2.75 0.5 -0.0726007 0.732141 
2.8 0.5 -0.124838 0.714793 
2.85 0.5 -0.172338 0.689413 
2.9 0.5 -0.213389 0.657606 
2.95 0.5 -0.246576 0.621059 
3 0.5 -0.270809 0.581314 
3.05 0.5 -0.285328 0.539662 
3.1 0.5 -0.289694 0.497156 
3.15 0.5 -0.283776 0.454714 
3.2 0.5 -0.26775 0.413264 
3.25 0.5 -0.242104 0.373893 
3.3 0.5 -0.207648 0.337937 
3.35 0.5 -0.165523 0.306972 
3.4 0.5 -0.117197 0.282696 
3.45 0.5 -0.0644271 0.266685 
3.5 0.5 -0.00920032 0.260108 
3.55 0.5 0.046363 0.263479 
3.6 0.5 0.100122 0.276538 
3.65 0.5 0.150034 0.29831 
3.7 0.5 0.194254 0.327326 
3.75 0.5 0.231212 0.361898 
3.8 0.5 0.259656 0.400389 
3.85 0.5 0.278667 0.441374 
3.9 0.5 0.287654 0.483685 
3.95 0.5 0.286346 0.526342 
4 0.5 0.274782 0.568423 
4.05 0.5 0.253314 0.608912 
4.1 0.5 0.222619 0.646575 
4.15 0.5 0.183702 0.679919 
4.2 0.5 0.137903 0.707272 
4.25 0.5 0.0868737 0.726967 
4.3 0.5 0.0325265 0.737628 
4.35 0.5 -0.0230489 0.738439 
4.4 0.5 -0.0776927 0.729333 
4.45 0.5 -0.129293 0.711002 
4.5 0.5 -0.175899 0.684741 
4.55 0.5 -0.215806 0.652183 
4.6 0.5 -0.247615 0.615012 
4.65 0.5 -0.27026 0.574759 
4.7 0.5 -0.283012 0.532706 
4.75 0.5 -0.28547 0.489912 
4.8 0.5 -0.277558 0.44733 
4.85 0.5 -0.259522 0.40595 
4.9 0.5 -0.231941 0.366943 
4.95 0.5 -0.19575 0.331727 
5 0.5 -0.152247 0.301927 
0 0.55 -0.192324 0.315319 
0.05 0.55 -0.15005 0.283656 
0.1 0.55 -0.102029 0.259271 
0.15 0.55 -0.0499611 0.243931 
0.2 0.55 0.00420042 0.238866 
0.25 0.55 0.0583621 0.244494 
0.3 0.55 0.110422 0.260321 
0.35 0.55 0.158393 0.285057 
0.4 0.55 0.200508 0.316897 
0.45 0.55 0.235292 0.35387 
0.5 0.55 0.261594 0.394128 
0.55 0.55 0.278596 0.436116 
0.6 0.55 0.285803 0.478604 
0.65 0.55 0.283024 0.52061 
0.7 0.55 0.270364 0.561268 
0.75 0.55 0.248218 0.599676 
0.8 0.55 0.21728 0.634791 
0.85 0.55 0.178549 0.665392 
0.9 0.55 0.133325 0.690135 
0.95 0.55 0.0831892 0.707713 
1 0.55 0.0299536 0.717057 
1.05 0.55 -0.0244119 0.717551 
1.1 0.55 -0.0778789 0.709162 
1.15 0.55 -0.128465 0.692444 
1.2 0.55 -0.174334 0.668425 
1.25 0.55 -0.213873 0.638398 
1.3 0.55 -0.245742 0.603707 
1.35 0.55 -0.268903 0.56559 
1.4 0.55 -0.282622 0.525104 
1.45 0.55 -0.286459 0.483156 
1.5 0.55 -0.280267 0.440605 
1.55 0.55 -0.264192 0.398406 
1.6 0.55 -0.238682 0.357757 
1.65 0.55 -0.20451 0.320179 
1.7 0.55 -0.162778 0.287508 
1.75 0.55 -0.114924 0.261729 
1.8 0.55 -0.0626851 0.244701 
1.85 0.55 -0.00803491 0.237802 
1.9 0.55 0.0469151 0.241625 
1.95 0.55 0.100035 0.255842 
2 0.55 0.149298 0.279282 
2.05 0.55 0.192886 0.310191 
2.1 0.55 0.229269 0.346587 
2.15 0.55 0.25724 0.386567 
2.2 0.55 0.275932 0.428509 
2.25 0.55 0.284802 0.47112 
2.3 0.55 0.283621 0.513381 
2.35 0.55 0.272457 0.554406 
2.4 0.55 0.251672 0.593302 
2.45 0.55 0.221929 0.629043 
2.5 0.55 0.184196 0.660423 
2.55 0.55 0.139747 0.6861 
2.6 0.55 0.090142 0.704741 
2.65 0.55 0.037183 0.715226 
2.7 0.55 -0.0171588 0.716863 
2.75 0.55 -0.0708391 0.709538 
2.8 0.55 -0.121847 0.693737 
2.85 0.55 -0.168306 0.67044 
2.9 0.55 -0.208556 0.640927 
2.95 0.55 -0.241213 0.606556 
3 0.55 -0.265192 0.568594 
3.05 0.55 -0.279718 0.528138 
3.1 0.55 -0.284321 0.486129 
3.15 0.55 -0.27883 0.443452 
3.2 0.55 -0.263375 0.401083 
3.25 0.55 -0.238394 0.360228 
3.3 0.55 -0.204657 0.322417 
3.35 0.55 -0.163269 0.289492 
3.4 0.55 -0.115675 0.263451 
3.45 0.55 -0.0636225 0.246168 
3.5 0.55 -0.00910093 0.239039 
3.55 0.55 0.0457594 0.242679 
3.6 0.55 0.0988072 0.256776 
3.65 0.55 0.147993 0.280166 
3.7 0.55 0.191478 0.311094 
3.75 0.55 0.227712 0.347566 
3.8 0.55 0.255472 0.387666 
3.85 0.55 0.273881 0.429749 
3.9 0.55 0.282395 0.472501 
3.95 0.55 0.280789 0.514874 
4 0.55 0.269147 0.555953 
4.05 0.55 0.247853 0.594809 
4.1 0.55 0.217604 0.63038 
4.15 0.55 0.179407 0.66143 
4.2 0.55 0.134579 0.686601 
4.25 0.55 0.0847248 0.704561 
4.3 0.55 0.0316896 0.714218 
4.35 0.55 -0.0225203 0.714928 
4.4 0.55 -0.0758348 0.706639 
4.45 0.55 -0.126227 0.689892 
4.5 0.55 -0.171816 0.665712 
4.55 0.55 -0.210946 0.6354 
4.6 0.55 -0.242245 0.600319 
4.65 0.55 -0.264647 0.561732 
4.7 0.55 -0.277407 0.520736 
4.75 0.55 -0.28009 0.478292 
4.8 0.55 -0.27258 0.435338 
4.85 0.55 -0.255078 0.392929 
4.9 0.55 -0.228123 0.352378 
4.95 0.55 -0.192612 0.315319 
5 0.55 -0.149825 0.283656 
0 0.6 -0.182075 0.297838 
0.05 0.6 -0.14209 0.264982 
0.1 0.6 -0.0965926 0.239558 
0.15 0.6 -0.0472054 0.223536 
0.2 0.6 0.00419436 0.218294 
0.25 0.6 0.055589 0.224299 
0.3 0.6 0.104951 0.24099 
0.35 0.6 0.15037 0.266914 
0.4 0.6 0.190155 0.300051 
0.45 0.6 0.222909 0.338204 
0.5 0.6 0.247555 0.379327 
0.55 0.6 0.263347 0.421713 
0.6 0.6 0.269851 0.464029 
0.65 0.6 0.266926 0.505246 
0.7 0.6 0.254707 0.54451 
0.75 0.6 0.233606 0.581001 
0.8 0.6 0.204302 0.613839 
0.85 0.6 0.167754 0.642045 
0.9 0.6 0.125189 0.664575 
0.95 0.6 0.0780827 0.680433 
1 0.6 0.0281168 0.688816 
1.05 0.6 -0.0228909 0.689266 
1.1 0.6 -0.0730706 0.681757 
1.15 0.6 -0.120593 0.666702 
1.2 0.6 -0.163756 0.644871 
1.25 0.6 -0.201053 0.617246 
1.3 0.6 -0.231224 0.584868 
1.35 0.6 -0.253274 0.548723 
1.4 0.6 -0.266483 0.509699 
1.45 0.6 -0.270401 0.468609 
1.5 0.6 -0.264851 0.426293 
1.55 0.6 -0.249929 0.383751 
1.6 0.6 -0.226026 0.342277 
1.65 0.6 -0.193842 0.303545 
1.7 0.6 -0.154406 0.269586 
1.75 0.6 -0.10908 0.242617 
1.8 0.6 -0.0595234 0.224722 
1.85 0.6 -0.00763726 0.21745 
1.9 0.6 0.0445391 0.221472 
1.95 0.6 0.0949473 0.236419 
2 0.6 0.141634 0.260967 
2.05 0.6 0.182857 0.293149 
2.1 0.6 0.217162 0.330749 
2.15 0.6 0.243418 0.371655 
2.2 0.6 0.26083 0.414078 
2.25 0.6 0.268918 0.456611 
2.3 0.6 0.267506 0.498176 
2.35 0.6 0.256697 0.537889 
2.4 0.6 0.23687 0.57493 
2.45 0.6 0.208679 0.608423 
2.5 0.6 0.173056 0.637396 
2.55 0.6 0.131205 0.660803 
2.6 0.6 0.0845857 0.677627 
2.65 0.6 0.0348711 0.687024 
2.7 0.6 -0.0161182 0.68848 
2.75 0.6 -0.0664974 0.681907 
2.8 0.6 -0.114411 0.667667 
2.85 0.6 -0.15812 0.646495 
2.9 0.6 -0.196078 0.61936 
2.95 0.6 -0.22698 0.58731 
3 0.6 -0.249791 0.551354 
3.05 0.6 -0.263753 0.512405 
3.1 0.6 -0.268388 0.471303 
3.15 0.6 -0.263496 0.42891 
3.2 0.6 -0.249158 0.386238 
3.25 0.6 -0.225755 0.344592 
3.3 0.6 -0.193983 0.30565 
3.35 0.6 -0.154875 0.271451 
3.4 0.6 -0.109796 0.244224 
3.45 0.6 -0.0604176 0.226069 
3.5 0.6 -0.00865438 0.218557 
3.55 0.6 0.0434368 0.222382 
3.6 0.6 0.0937773 0.237191 
3.65 0.6 0.140392 0.26167 
3.7 0.6 0.181519 0.293852 
3.75 0.6 0.215685 0.331508 
3.8 0.6 0.241744 0.37251 
3.85 0.6 0.258891 0.415046 
3.9 0.6 0.266646 0.457687 
3.95 0.6 0.264836 0.499329 
4 0.6 0.253579 0.539062 
4.05 0.6 0.233276 0.576035 
4.1 0.6 0.204611 0.609346 
4.15 0.6 0.168552 0.637998 
4.2 0.6 0.126345 0.660933 
4.25 0.6 0.0794895 0.677135 
4.3 0.6 0.0296983 0.685781 
4.35 0.6 -0.0211749 0.686392 
4.4 0.6 -0.0712197 0.678923 
4.45 0.6 -0.118564 0.66378 
4.5 0.6 -0.161462 0.641731 
4.55 0.6 -0.198369 0.613762 
4.6 0.6 -0.227988 0.580931 
4.65 0.6 -0.249299 0.544251 
4.7 0.6 -0.261569 0.504646 
4.75 0.6 -0.264356 0.46299 
4.8 0.6 -0.257509 0.420207 
4.85 0.6 -0.241181 0.377408 
4.9 0.6 -0.215851 0.336018 
4.95 0.6 -0.182348 0.297838 
5 0.6 -0.141876 0.264983 
0 0.65 -0.165158 0.277235 
0.05 0.65 -0.128929 0.244221 
0.1 0.65 -0.0876379 0.218594 
0.15 0.65 -0.0427674 0.202432 
0.2 0.65 0.00395402 0.197186 
0.25 0.65 0.0506643 0.203348 
0.3 0.65 0.0954926 0.220319 
0.35 0.65 0.13668 0.24656 
0.4 0.65 0.172681 0.279941 
0.45 0.65 0.202227 0.31815 
0.5 0.65 0.224356 0.359047 
0.55 0.65 0.238415 0.400847 
0.6 0.65 0.244042 0.442168 
0.65 0.65 0.241141 0.481957 
0.7 0.65 0.22987 0.519375 
0.75 0.65 0.210627 0.553675 
0.8 0.65 0.18405 0.584114 
0.85 0.65 0.151017 0.609916 
0.9 0.65 0.112637 0.63029 
0.95 0.65 0.0702298 0.644505 
1 0.65 0.0252913 0.65198 
1.05 0.65 -0.0205688 0.652387 
1.1 0.65 -0.0656968 0.645707 
1.15 0.65 -0.108473 0.632236 
1.2 0.65 -0.147385 0.612528 
1.25 0.65 -0.181086 0.587301 
1.3 0.65 -0.208438 0.557341 
1.35 0.65 -0.22853 0.523422 
1.4 0.65 -0.24069 0.486287 
1.45 0.65 -0.244484 0.446672 
1.5 0.65 -0.239718 0.405396 
1.55 0.65 -0.226444 0.363478 
1.6 0.65 -0.204985 0.322264 
1.65 0.65 -0.17595 0.283503 
1.7 0.65 -0.140258 0.249326 
1.75 0.65 -0.0991423 0.222065 
1.8 0.65 -0.0541226 0.203919 
1.85 0.65 -0.00694918 0.196531 
1.9 0.65 0.0404931 0.200612 
1.95 0.65 0.0863011 0.21577 
2 0.65 0.128673 0.240602 
2.05 0.65 0.166012 0.273029 
2.1 0.65 0.196994 0.310714 
2.15 0.65 0.220606 0.351443 
2.2 0.65 0.236149 0.39334 
2.25 0.65 0.243219 0.434944 
2.3 0.65 0.241689 0.475144 
2.35 0.65 0.231687 0.513068 
2.4 0.65 0.213587 0.547955 
2.45 0.65 0.188002 0.579059 
2.5 0.65 0.155789 0.605605 
2.55 0.65 0.118039 0.626795 
2.6 0.65 0.0760587 0.64188 
2.65 0.65 0.0313376 0.65025 
2.7 0.65 -0.014511 0.651535 
2.75 0.65 -0.0598199 0.645674 
2.8 0.65 -0.102946 0.632922 
2.85 0.65 -0.142345 0.613809 
2.9 0.65 -0.176634 0.589043 
2.95 0.65 -0.204638 0.559411 
3 0.65 -0.225409 0.525703 
3.05 0.65 -0.238244 0.488677 
3.1 0.65 -0.242681 0.449089 
3.15 0.65 -0.238506 0.407774 
3.2 0.65 -0.225758 0.36576 
3.25 0.65 -0.20475 0.324402 
3.3 0.65 -0.176088 0.285454 
3.35 0.65 -0.140692 0.251053 
3.4 0.65 -0.0998001 0.223543 
3.45 0.65 -0.0549412 0.20514 
3.5 0.65 -0.00787797 0.197509 
3.55 0.65 0.039489 0.201385 
3.6 0.65 0.0852382 0.216395 
3.65 0.65 0.127549 0.241145 
3.7 0.65 0.164804 0.273554 
3.75 0.65 0.195663 0.311277 
3.8 0.65 0.2191 0.352079 
3.85 0.65 0.234406 0.394064 
3.9 0.65 0.241177 0.435746 
3.95 0.65 0.23929 0.475992 
4 0.65 0.228885 0.513904 
4.05 0.65 0.210356 0.5487 
4.1 0.65 0.184345 0.579612 
4.15 0.65 0.151738 0.605845 
4.2 0.65 0.113664 0.626596 
4.25 0.65 0.0714663 0.641115 
4.3 0.65 0.0266688 0.648805 
4.35 0.65 -0.0190849 0.649321 
4.4 0.65 -0.0641038 0.642633 
4.45 0.65 -0.106728 0.629027 
4.5 0.65 -0.145406 0.609056 
4.55 0.65 -0.178754 0.583444 
4.6 0.65 -0.205599 0.55299 
4.65 0.65 -0.225009 0.518495 
4.7 0.65 -0.236298 0.48074 
4.75 0.65 -0.239038 0.440521 
4.8 0.65 -0.233059 0.398746 
4.85 0.65 -0.218469 0.356551 
4.9 0.65 -0.195673 0.315419 
4.95 0.65 -0.165402 0.277235 
5 0.65 -0.128737 0.244221 
0 0.7 -0.142424 0.252047 
0.05 0.7 -0.111224 0.220214 
0.1 0.7 -0.075605 0.195466 
0.15 0.7 -0.0368609 0.179856 
0.2 0.7 0.00349751 0.174824 
0.25 0.7 0.0438392 0.180853 
0.3 0.7 0.0825257 0.197346 
0.35 0.7 0.118021 0.222772 
0.4 0.7 0.148982 0.25502 
0.45 0.7 0.174317 0.291805 
0.5 0.7 0.19321 0.33101 
0.55 0.7 0.205117 0.370874 
0.6 0.7 0.209752 0.410031 
0.65 0.7 0.20706 0.447445 
0.7 0.7 0.197202 0.482311 
0.75 0.7 0.180541 0.513949 
0.8 0.7 0.157642 0.541726 
0.85 0.7 0.129267 0.565026 
0.9 0.7 0.096368 0.583255 
0.95 0.7 0.0600688 0.595878 
1 0.7 0.0216346 0.602487 
1.05 0.7 -0.0175764 0.602852 
1.1 0.7 -0.0561708 0.59696 
1.15 0.7 -0.0927827 0.585015 
1.2 0.7 -0.126132 0.567409 
1.25 0.7 -0.155074 0.54466 
1.3 0.7 -0.178632 0.517356 
1.35 0.7 -0.196017 0.486109 
1.4 0.7 -0.206636 0.451542 
1.45 0.7 -0.210093 0.414322 
1.5 0.7 -0.206196 0.375233 
1.55 0.7 -0.194964 0.335276 
1.6 0.7 -0.176648 0.295783 
1.65 0.7 -0.151751 0.258484 
1.7 0.7 -0.121053 0.225486 
1.75 0.7 -0.0856133 0.199098 
1.8 0.7 -0.0467542 0.181501 
1.85 0.7 -0.0060055 0.174328 
1.9 0.7 0.0349797 0.178287 
1.95 0.7 0.0745312 0.192986 
2 0.7 0.111072 0.217032 
2.05 0.7 0.143211 0.24836 
2.1 0.7 0.169805 0.284655 
2.15 0.7 0.189993 0.323727 
2.2 0.7 0.203189 0.363723 
2.25 0.7 0.209071 0.403194 
2.3 0.7 0.207558 0.441045 
2.35 0.7 0.198785 0.476435 
2.4 0.7 0.183096 0.508663 
2.45 0.7 0.161038 0.537089 
2.5 0.7 0.133354 0.561091 
2.55 0.7 0.100982 0.580065 
2.6 0.7 0.0650379 0.593464 
2.65 0.7 0.0267815 0.600856 
2.7 0.7 -0.0124253 0.601981 
2.75 0.7 -0.051177 0.596797 
2.8 0.7 -0.088088 0.585482 
2.85 0.7 -0.121852 0.568407 
2.9 0.7 -0.151295 0.546082 
2.95 0.7 -0.175407 0.519095 
3 0.7 -0.19337 0.488064 
3.05 0.7 -0.204563 0.453625 
3.1 0.7 -0.208569 0.416457 
3.15 0.7 -0.205176 0.377355 
3.2 0.7 -0.194393 0.337328 
3.25 0.7 -0.176462 0.297715 
3.3 0.7 -0.151884 0.260251 
3.35 0.7 -0.121439 0.227048 
3.4 0.7 -0.0861907 0.200427 
3.45 0.7 -0.0474676 0.182585 
3.5 0.7 -0.00681078 0.175176 
3.55 0.7 0.0341131 0.178933 
3.6 0.7 0.0736181 0.193482 
3.65 0.7 0.11011 0.217439 
3.7 0.7 0.142181 0.248738 
3.75 0.7 0.168674 0.285056 
3.8 0.7 0.188715 0.324181 
3.85 0.7 0.201711 0.364241 
3.9 0.7 0.207338 0.403764 
3.95 0.7 0.205519 0.441636 
4 0.7 0.196401 0.476991 
4.05 0.7 0.180345 0.509112 
4.1 0.7 0.157919 0.537341 
4.15 0.7 0.129895 0.561044 
4.2 0.7 0.0972415 0.579612 
4.25 0.7 0.0611042 0.592498 
4.3 0.7 0.0227736 0.599278 
4.35 0.7 -0.0163624 0.599711 
4.4 0.7 -0.0548776 0.593772 
4.45 0.7 -0.091371 0.581662 
4.5 0.7 -0.124528 0.563769 
4.55 0.7 -0.15317 0.540618 
4.6 0.7 -0.176292 0.512811 
4.65 0.7 -0.193084 0.480981 
4.7 0.7 -0.20294 0.445793 
4.75 0.7 -0.20547 0.407974 
4.8 0.7 -0.200505 0.368392 
4.85 0.7 -0.188111 0.328166 
4.9 0.7 -0.168614 0.288763 
4.95 0.7 -0.142626 0.252046 
5 0.7 -0.111065 0.220214 
0 0.75 -0.115198 0.221417 
0.05 0.75 -0.0899951 0.192284 
0.1 0.75 -0.0611813 0.169627 
0.15 0.75 -0.0298145 0.155344 
0.2 0.75 0.00286798 0.150765 
0.25 0.75 0.0355293 0.156333 
0.3 0.75 0.0668265 0.171494 
0.35 0.75 0.0955037 0.194829 
0.4 0.75 0.120469 0.22438 
0.45 0.75 0.140841 0.258033 
0.5 0.75 0.155971 0.293828 
0.55 0.75 0.165437 0.330127 
0.6 0.75 0.169027 0.365657 
0.65 0.75 0.166716 0.399453 
0.7 0.75 0.158651 0.43077 
0.75 0.75 0.145141 0.459001 
0.8 0.75 0.126652 0.48361 
0.85 0.75 0.1038 0.504104 
0.9 0.75 0.0773512 0.520031 
0.95 0.75 0.048204 0.531004 
1 0.75 0.0173638 0.536731 
1.05 0.75 -0.0140922 0.537051 
1.1 0.75 -0.0450599 0.531955 
1.15 0.75 -0.074456 0.521585 
1.2 0.75 -0.101263 0.506218 
1.25 0.75 -0.124568 0.486229 
1.3 0.75 -0.143585 0.462062 
1.35 0.75 -0.157675 0.434201 
1.4 0.75 -0.16635 0.403172 
1.45 0.75 -0.169277 0.369568 
1.5 0.75 -0.166283 0.33411 
1.55 0.75 -0.157362 0.297734 
1.6 0.75 -0.142697 0.261683 
1.65 0.75 -0.122679 0.227567 
1.7 0.75 -0.0979266 0.197339 
1.75 0.75 -0.0692931 0.173139 
1.8 0.75 -0.0378543 0.156989 
1.85 0.75 -0.00486279 0.150401 
1.9 0.75 0.0283234 0.154034 
1.95 0.75 0.060332 0.167524 
2 0.75 0.08987 0.189578 
2.05 0.75 0.115803 0.218282 
2.1 0.75 0.137208 0.251493 
2.15 0.75 0.153395 0.287178 
2.2 0.75 0.163908 0.323616 
2.25 0.75 0.168506 0.359455 
2.3 0.75 0.167143 0.393674 
2.35 0.75 0.159948 0.425491 
2.4 0.75 0.147214 0.454278 
2.45 0.75 0.129391 0.479486 
2.5 0.75 0.107085 0.500614 
2.55 0.75 0.0810505 0.517203 
2.6 0.75 0.0521795 0.52885 
2.65 0.75 0.0214747 0.535248 
2.7 0.75 -0.00998329 0.536215 
2.75 0.75 -0.0410807 0.531722 
2.8 0.75 -0.0707185 0.521892 
2.85 0.75 -0.097859 0.506986 
2.9 0.75 -0.121564 0.487375 
2.95 0.75 -0.141025 0.463498 
3 0.75 -0.155577 0.435844 
3.05 0.75 -0.164712 0.404946 
3.1 0.75 -0.168077 0.371404 
3.15 0.75 -0.165487 0.335949 
3.2 0.75 -0.156925 0.299522 
3.25 0.75 -0.142568 0.263372 
3.3 0.75 -0.122805 0.229113 
3.35 0.75 -0.0982532 0.198704 
3.4 0.75 -0.0697705 0.174295 
3.45 0.75 -0.038438 0.157922 
3.5 0.75 -0.00551671 0.151118 
3.55 0.75 0.0276244 0.154563 
3.6 0.75 0.0596003 0.16791 
3.65 0.75 0.089104 0.189876 
3.7 0.75 0.114987 0.218546 
3.75 0.75 0.136314 0.251767 
3.8 0.75 0.152387 0.287489 
3.85 0.75 0.162742 0.323971 
3.9 0.75 0.167137 0.359843 
3.95 0.75 0.165529 0.394062 
4 0.75 0.158056 0.425831 
4.05 0.75 0.145024 0.454504 
4.1 0.75 0.126903 0.479522 
4.15 0.75 0.104319 0.500375 
4.2 0.75 0.0780531 0.516597 
4.25 0.75 0.0490198 0.527788 
4.3 0.75 0.0182465 0.533647 
4.35 0.75 -0.0131649 0.534003 
4.4 0.75 -0.0440833 0.528839 
4.45 0.75 -0.0733969 0.518293 
4.5 0.75 -0.100059 0.50264 
4.55 0.75 -0.123129 0.482263 
4.6 0.75 -0.141798 0.457617 
4.65 0.75 -0.155408 0.429209 
4.7 0.75 -0.163462 0.397601 
4.75 0.75 -0.165629 0.363443 
4.8 0.75 -0.161757 0.327537 
4.85 0.75 -0.151883 0.290926 
4.9 0.75 -0.136251 0.254976 
4.95 0.75 -0.115341 0.221417 
5 0.75 -0.0898814 0.192285 
0 0.8 -0.0853394 0.18514 
0.05 0.8 -0.0666872 0.16021 
0.1 0.8 -0.0453401 0.140834 
0.15 0.8 -0.0220925 0.128632 
0.2 0.8 0.00213166 0.124736 
0.25 0.8 0.0263324 0.129523 
0.3 0.8 0.0495042 0.142517 
0.35 0.8 0.0707085 0.162503 
0.4 0.8 0.0891333 0.187808 
0.45 0.8 0.10413 0.216617 
0.5 0.8 0.115226 0.247245 
0.55 0.8 0.122122 0.278277 
0.6 0.8 0.124674 0.308606 
0.65 0.8 0.122877 0.337389 
0.7 0.8 0.116853 0.363979 
0.75 0.8 0.106838 0.387858 
0.8 0.8 0.0931788 0.408584 
0.85 0.8 0.0763342 0.425768 
0.9 0.8 0.0568663 0.439069 
0.95 0.8 0.0354322 0.448202 
1 0.8 0.0127653 0.45296 
1.05 0.8 -0.0103499 0.453228 
1.1 0.8 -0.0331099 0.449001 
1.15 0.8 -0.0547261 0.440378 
1.2 0.8 -0.0744566 0.427554 
1.25 0.8 -0.0916329 0.410805 
1.3 0.8 -0.105679 0.390462 
1.35 0.8 -0.116121 0.366907 
1.4 0.8 -0.122595 0.34057 
1.45 0.8 -0.124845 0.311956 
1.5 0.8 -0.122733 0.281692 
1.55 0.8 -0.116242 0.250596 
1.6 0.8 -0.105492 0.219749 
1.65 0.8 -0.0907587 0.190545 
1.7 0.8 -0.072492 0.164667 
1.75 0.8 -0.0513206 0.143949 
1.8 0.8 -0.0280447 0.130123 
1.85 0.8 -0.00360197 0.124483 
1.9 0.8 0.0209874 0.127591 
1.95 0.8 0.0446921 0.139137 
2 0.8 0.066543 0.158015 
2.05 0.8 0.0856939 0.182587 
2.1 0.8 0.101462 0.211015 
2.15 0.8 0.113346 0.241552 
2.2 0.8 0.121018 0.272708 
2.25 0.8 0.124315 0.30331 
2.3 0.8 0.123216 0.332466 
2.35 0.8 0.117829 0.359495 
2.4 0.8 0.108379 0.383858 
2.45 0.8 0.0952039 0.405101 
2.5 0.8 0.0787538 0.422826 
2.55 0.8 0.0595839 0.436682 
2.6 0.8 0.0383463 0.446376 
2.65 0.8 0.0157734 0.451686 
2.7 0.8 -0.00734791 0.452485 
2.75 0.8 -0.0302068 0.448752 
2.8 0.8 -0.0520031 0.440572 
2.85 0.8 -0.07198 0.428133 
2.9 0.8 -0.0894515 0.411701 
2.95 0.8 -0.103823 0.391608 
3 0.8 -0.114605 0.368236 
3.05 0.8 -0.121416 0.342018 
3.1 0.8 -0.123987 0.313466 
3.15 0.8 -0.122171 0.283212 
3.2 0.8 -0.115942 0.252079 
3.25 0.8 -0.105416 0.221153 
3.3 0.8 -0.0908683 0.19183 
3.35 0.8 -0.072747 0.1658 
3.4 0.8 -0.0516836 0.144905 
3.45 0.8 -0.0284824 0.130889 
3.5 0.8 -0.00408749 0.125064 
3.55 0.8 0.020473 0.12801 
3.6 0.8 0.0441583 0.139431 
3.65 0.8 0.0659886 0.15823 
3.7 0.8 0.0851074 0.182768 
3.75 0.8 0.100823 0.211197 
3.8 0.8 0.112625 0.241757 
3.85 0.8 0.120184 0.272942 
3.9 0.8 0.123332 0.303561 
3.95 0.8 0.122054 0.332706 
4 0.8 0.116461 0.359682 
4.05 0.8 0.10679 0.383938 
4.1 0.8 0.0933922 0.40501 
4.15 0.8 0.0767335 0.422494 
4.2 0.8 0.057387 0.436036 
4.25 0.8 0.0360232 0.445343 
4.3 0.8 0.0133919 0.450198 
4.35 0.8 -0.00970397 0.450481 
4.4 0.8 -0.0324406 0.44618 
4.45 0.8 -0.0540077 0.43739 
4.5 0.8 -0.0736416 0.424309 
4.55 0.8 -0.090653 0.407215 
4.6 0.8 -0.104447 0.386452 
4.65 0.8 -0.114536 0.362422 
4.7 0.8 -0.120549 0.335587 
4.75 0.8 -0.122233 0.306503 
4.8 0.8 -0.119465 0.275867 
4.85 0.8 -0.112262 0.244587 
4.9 0.8 -0.100796 0.213848 
4.95 0.8 -0.0854106 0.18514 
5 0.8 -0.0666303 0.16021 
0 0.85 -0.0553279 0.143671 
0.05 0.85 -0.0432269 0.124203 
0.1 0.85 -0.0293848 0.1091 
0.15 0.85 -0.0143193 0.0996042 
0.2 0.85 0.00137365 0.0965817 
0.25 0.85 0.0170445 0.100321 
0.3 0.85 0.0320368 0.110454 
0.35 0.85 0.0457383 0.126046 
0.4 0.85 0.0576215 0.1458 
0.45 0.85 0.0672692 0.16831 
0.5 0.85 0.0743824 0.192257 
0.55 0.85 0.0787755 0.216528 
0.6 0.85 0.0803648 0.240243 
0.65 0.85 0.0791554 0.262731 
0.7 0.85 0.0752314 0.283475 
0.75 0.85 0.0687493 0.302067 
0.8 0.85 0.0599355 0.318165 
0.85 0.85 0.0490851 0.33148 
0.9 0.85 0.0365587 0.341761 
0.95 0.85 0.0227765 0.348807 
1 0.85 0.00820737 0.352474 
1.05 0.85 -0.0066481 0.352682 
1.1 0.85 -0.021277 0.349428 
1.15 0.85 -0.0351759 0.342779 
1.2 0.85 -0.0478708 0.332871 
1.25 0.85 -0.0589343 0.319899 
1.3 0.85 -0.0679967 0.304103 
1.35 0.85 -0.0747534 0.285768 
1.4 0.85 -0.0789672 0.265225 
1.45 0.85 -0.0804701 0.242871 
1.5 0.85 -0.0791658 0.219206 
1.55 0.85 -0.0750352 0.194884 
1.6 0.85 -0.0681473 0.170764 
1.65 0.85 -0.0586718 0.147945 
1.7 0.85 -0.0468926 0.127743 
1.75 0.85 -0.0332139 0.111585 
1.8 0.85 -0.0181554 0.10081 
1.85 0.85 -0.00233077 0.0964168 
1.9 0.85 0.0135905 0.0988371 
1.95 0.85 0.028931 0.107832 
2 0.85 0.0430558 0.12255 
2.05 0.85 0.0554139 0.141725 
2.1 0.85 0.065565 0.163931 
2.15 0.85 0.0731896 0.187802 
2.2 0.85 0.078085 0.212168 
2.25 0.85 0.0801541 0.236099 
2.3 0.85 0.0793921 0.258882 
2.35 0.85 0.0758749 0.279974 
2.4 0.85 0.0697526 0.298948 
2.45 0.85 0.0612459 0.315453 
2.5 0.85 0.0506447 0.329189 
2.55 0.85 0.0383054 0.339901 
2.6 0.85 0.0246455 0.347379 
2.65 0.85 0.0101328 0.351469 
2.7 0.85 -0.00473 0.352082 
2.75 0.85 -0.0194254 0.349205 
2.8 0.85 -0.0334425 0.342896 
2.85 0.85 -0.0462976 0.333284 
2.9 0.85 -0.0575522 0.320559 
2.95 0.85 -0.066825 0.304959 
3 0.85 -0.0738001 0.28677 
3.05 0.85 -0.0782303 0.266324 
3.1 0.85 -0.079939 0.244023 
3.15 0.85 -0.0788234 0.22037 
3.2 0.85 -0.07486 0.196023 
3.25 0.85 -0.0681147 0.171843 
3.3 0.85 -0.0587562 0.148934 
3.35 0.85 -0.047068 0.128615 
3.4 0.85 -0.0334561 0.112319 
3.45 0.85 -0.0184428 0.101397 
3.5 0.85 -0.00264553 0.0968591 
3.55 0.85 0.0132608 0.0991521 
3.6 0.85 0.0285925 0.108048 
3.65 0.85 0.0427079 0.122702 
3.7 0.85 0.055049 0.141847 
3.75 0.85 0.0651693 0.164049 
3.8 0.85 0.0727444 0.187933 
3.85 0.85 0.0775683 0.212316 
3.9 0.85 0.0795431 0.236253 
3.95 0.85 0.0786653 0.25902 
4 0.85 0.0750151 0.280063 
4.05 0.85 0.0687489 0.298947 
4.1 0.85 0.0600961 0.315312 
4.15 0.85 0.049357 0.328856 
4.2 0.85 0.0368994 0.33932 
4.25 0.85 0.0231529 0.346495 
4.3 0.85 0.00859668 0.35023 
4.35 0.85 -0.00625635 0.350442 
4.4 0.85 -0.02088 0.347121 
4.45 0.85 -0.0347564 0.340335 
4.5 0.85 -0.0473975 0.330219 
4.55 0.85 -0.0583615 0.316971 
4.6 0.85 -0.0672667 0.300843 
4.65 0.85 -0.0737986 0.282135 
4.7 0.85 -0.0777152 0.261205 
4.75 0.85 -0.0788503 0.23849 
4.8 0.85 -0.0771193 0.214548 
4.85 0.85 -0.072528 0.190101 
4.9 0.85 -0.0651849 0.166087 
4.95 0.85 -0.0553117 0.14367 
5 0.85 -0.0432386 0.124203 
0 0.9 -0.0283424 0.0980369 
0.05 0.9 -0.0220909 0.0848604 
0.1 0.9 -0.0149989 0.0746721 
0.15 0.9 -0.00730864 0.0682792 
0.2 0.9 0.000692603 0.0662491 
0.25 0.9 0.00867777 0.0687704 
0.3 0.9 0.0163105 0.0756012 
0.35 0.9 0.0232763 0.0861233 
0.4 0.9 0.0293058 0.0994765 
0.45 0.9 0.034188 0.114719 
0.5 0.9 0.0377747 0.130961 
0.55 0.9 0.0399764 0.147443 
0.6 0.9 0.0407554 0.163559 
0.65 0.9 0.0401184 0.178843 
0.7 0.9 0.0381109 0.192936 
0.75 0.9 0.0348135 0.205555 
0.8 0.9 0.0303414 0.21647 
0.85 0.9 0.0248434 0.225485 
0.9 0.9 0.0185011 0.232438 
0.95 0.9 0.011526 0.237198 
1 0.9 0.00415422 0.239673 
1.05 0.9 -0.00336193 0.239815 
1.1 0.9 -0.010764 0.237619 
1.15 0.9 -0.0177982 0.233128 
1.2 0.9 -0.0242259 0.22643 
1.25 0.9 -0.0298318 0.217649 
1.3 0.9 -0.0344299 0.206941 
1.35 0.9 -0.0378665 0.194497 
1.4 0.9 -0.0400213 0.180542 
1.45 0.9 -0.0408077 0.165348 
1.5 0.9 -0.0401741 0.149266 
1.55 0.9 -0.0381069 0.132747 
1.6 0.9 -0.034636 0.116386 
1.65 0.9 -0.0298429 0.100932 
1.7 0.9 -0.0238678 0.0872762 
1.75 0.9 -0.0169146 0.0763731 
1.8 0.9 -0.00924886 0.0691125 
1.85 0.9 -0.00118653 0.0661542 
1.9 0.9 0.00692594 0.0677831 
1.95 0.9 0.014738 0.0738417 
2 0.9 0.0219219 0.0837679 
2.05 0.9 0.0281955 0.096722 
2.1 0.9 0.0333356 0.111752 
2.15 0.9 0.0371831 0.127936 
2.2 0.9 0.0396397 0.144478 
2.25 0.9 0.0406612 0.160739 
2.3 0.9 0.0402494 0.176223 
2.35 0.9 0.0384459 0.190553 
2.4 0.9 0.0353285 0.203433 
2.45 0.9 0.0310095 0.214625 
2.5 0.9 0.0256353 0.223927 
2.55 0.9 0.0193854 0.231171 
2.6 0.9 0.01247 0.236222 
2.65 0.9 0.00512472 0.238982 
2.7 0.9 -0.00239711 0.239396 
2.75 0.9 -0.00983462 0.237453 
2.8 0.9 -0.0169303 0.233192 
2.85 0.9 -0.0234405 0.226693 
2.9 0.9 -0.0291443 0.218079 
2.95 0.9 -0.0338497 0.207506 
3 0.9 -0.0373972 0.195163 
3.05 0.9 -0.0396615 0.181276 
3.1 0.9 -0.0405516 0.16612 
3.15 0.9 -0.0400129 0.150048 
3.2 0.9 -0.0380293 0.133513 
3.25 0.9 -0.0346295 0.117113 
3.3 0.9 -0.0298941 0.101599 
3.35 0.9 -0.0239635 0.087864 
3.4 0.9 -0.0170424 0.0768683 
3.45 0.9 -0.00939754 0.0695084 
3.5 0.9 -0.00134697 0.0664528 
3.55 0.9 0.00676021 0.0679957 
3.6 0.9 0.0145702 0.0739869 
3.65 0.9 0.0217517 0.0838684 
3.7 0.9 0.028019 0.0968 
3.75 0.9 0.0331455 0.111825 
3.8 0.9 0.0369696 0.128015 
3.85 0.9 0.0393912 0.144565 
3.9 0.9 0.0403656 0.160826 
3.95 0.9 0.0398952 0.176296 
4 0.9 0.0380238 0.190589 
4.05 0.9 0.0348323 0.203404 
4.1 0.9 0.0304375 0.214498 
4.15 0.9 0.024991 0.223666 
4.2 0.9 0.0186784 0.23074 
4.25 0.9 0.0117159 0.235585 
4.3 0.9 0.00434494 0.238104 
4.35 0.9 -0.00317576 0.238244 
4.4 0.9 -0.0105809 0.236 
4.45 0.9 -0.0176093 0.231413 
4.5 0.9 -0.0240149 0.224571 
4.55 0.9 -0.0295751 0.215601 
4.6 0.9 -0.0340971 0.204668 
4.65 0.9 -0.0374221 0.191971 
4.7 0.9 -0.0394268 0.177756 
4.75 0.9 -0.0400256 0.162325 
4.8 0.9 -0.0391737 0.146065 
4.85 0.9 -0.0368727 0.129478 
4.9 0.9 -0.0331812 0.113206 
4.95 0.9 -0.028224 0.0980368 
5 0.9 -0.0221828 0.0848605 
0 0.95 -0.00837088 0.0496488 
0.05 0.95 -0.00639129 0.0430811 
0.1 0.95 -0.00431203 0.0380333 
0.15 0.95 -0.00209895 0.0348724 
0.2 0.95 0.000195912 0.03387 
0.25 0.95 0.00248462 0.0351174 
0.3 0.95 0.00467028 0.0384985 
0.35 0.95 0.00666153 0.0437155 
0.4 0.95 0.00838078 0.0503507 
0.45 0.95 0.0097684 0.0579431 
0.5 0.95 0.0107835 0.066052 
0.55 0.95 0.0114022 0.0742966 
0.6 0.95 0.0116158 0.0823699 
0.65 0.95 0.0114273 0.090033 
0.7 0.95 0.0108506 0.0971019 
0.75 0.95 0.00990874 0.103432 
0.8 0.95 0.00863425 0.108904 
0.85 0.95 0.00706902 0.113423 
0.9 0.95 0.00526424 0.116905 
0.95 0.95 0.00327972 0.119289 
1 0.95 0.0011824 0.120528 
1.05 0.95 -0.000956019 0.120599 
1.1 0.95 -0.003062 0.1195 
1.15 0.95 -0.00506342 0.117252 
1.2 0.95 -0.00689257 0.113897 
1.25 0.95 -0.0084886 0.109496 
1.3 0.95 -0.00979905 0.104128 
1.35 0.95 -0.0107807 0.0978861 
1.4 0.95 -0.0113995 0.0908859 
1.45 0.95 -0.0116307 0.0832676 
1.5 0.95 -0.011459 0.07521 
1.55 0.95 -0.0108791 0.0669457 
1.6 0.95 -0.00989777 0.0587758 
1.65 0.95 -0.00853636 0.051077 
1.7 0.95 -0.00683329 0.0442905 
1.75 0.95 -0.00484607 0.0388845 
1.8 0.95 -0.00265094 0.0352911 
1.85 0.95 -0.000339759 0.0338285 
1.9 0.95 0.00198615 0.0346335 
1.95 0.95 0.00422418 0.0376305 
2 0.95 0.00627885 0.0425489 
2.05 0.95 0.00806873 0.0489818 
2.1 0.95 0.00953054 0.0564636 
2.15 0.95 0.0106202 0.0645396 
2.2 0.95 0.0113115 0.0728113 
2.25 0.95 0.0115937 0.0809546 
2.3 0.95 0.0114687 0.0887168 
2.35 0.95 0.0109492 0.095904 
2.4 0.95 0.0100578 0.102365 
2.45 0.95 0.00882607 0.107976 
2.5 0.95 0.00729534 0.112638 
2.55 0.95 0.00551617 0.116267 
2.6 0.95 0.00354797 0.118796 
2.65 0.95 0.00145753 0.120178 
2.7 0.95 -0.000683172 0.120385 
2.75 0.95 -0.00279992 0.119412 
2.8 0.95 -0.00481949 0.117278 
2.85 0.95 -0.00667274 0.114024 
2.9 0.95 -0.00829712 0.109707 
2.95 0.95 -0.00963848 0.104406 
3 0.95 -0.0106519 0.0982158 
3.05 0.95 -0.0113019 0.0912506 
3.1 0.95 -0.0115626 0.083652 
3.15 0.95 -0.0114176 0.0756 
3.2 0.95 -0.0108611 0.0673283 
3.25 0.95 -0.00989949 0.0591392 
3.3 0.95 -0.00855397 0.0514103 
3.35 0.95 -0.00686299 0.0445846 
3.4 0.95 -0.00488425 0.0391327 
3.45 0.95 -0.00269435 0.0354901 
3.5 0.95 -0.000385727 0.0339794 
3.55 0.95 0.00193953 0.0347417 
3.6 0.95 0.00417785 0.0377051 
3.65 0.95 0.00623273 0.0426007 
3.7 0.95 0.00802166 0.0490216 
3.75 0.95 0.00948037 0.0565 
3.8 0.95 0.010564 0.0645777 
3.85 0.95 0.0112458 0.0728519 
3.9 0.95 0.0115148 0.0809941 
3.95 0.95 0.0113731 0.0887477 
4 0.95 0.0108341 0.0959151 
4.05 0.95 0.00992106 0.102342 
4.1 0.95 0.00866709 0.107903 
4.15 0.95 0.00711492 0.112498 
4.2 0.95 0.00531685 0.116041 
4.25 0.95 0.00333406 0.118466 
4.3 0.95 0.00123505 0.119726 
4.35 0.95 -0.000906658 0.119795 
4.4 0.95 -0.00301554 0.118671 
4.45 0.95 -0.00501735 0.116375 
4.5 0.95 -0.00684217 0.112947 
4.55 0.95 -0.00842696 0.108452 
4.6 0.95 -0.00971725 0.10297 
4.65 0.95 -0.0106681 0.0966037 
4.7 0.95 -0.0112446 0.0894761 
4.75 0.95 -0.011422 0.0817425 
4.8 0.95 -0.0111869 0.073602 
4.85 0.95 -0.0105398 0.0653113 
4.9 0.95 -0.00950252 0.0571967 
4.95 0.95 -0.00813569 0.0496488 
5 0.95 -0.00657546 0.0430811 
0 1 0 0 
0.05 1 0 0 
0.1 1 0 0 
0.15 1 0 0 
0.2 1 0 0 
0.25 1 0 0 
0.3 1 0 0 
0.35 1 0 0 
0.4 1 0 0 
0.45 1 0 0 
0.5 1 0 0 
0.55 1 0 0 
0.6 1 0 0 
0.65 1 0 0 
0.7 1 0 0 
0.75 1 0 0 
0.8 1 0 0 
0.85 1 0 0 
0.9 1 0 0 
0.95 1 0 0 
1 1 0 0 
1.05 1 0 0 
1.1 1 0 0 
1.15 1 0 0 
1.2 1 0 0 
1.25 1 0 0 
1.3 1 0 0 
1.35 1 0 0 
1.4 1 0 0 
1.45 1 0 0 
1.5 1 0 0 
1.55 1 0 0 
1.6 1 0 0 
1.65 1 0 0 
1.7 1 0 0 
1.75 1 0 0 
1.8 1 0 0 
1.85 1 0 0 
1.9 1 0 0 
1.95 1 0 0 
2 1 0 0 
2.05 1 0 0 
2.1 1 0 0 
2.15 1 0 0 
2.2 1 0 0 
2.25 1 0 0 
2.3 1 0 0 
2.35 1 0 0 
2.4 1 0 0 
2.45 1 0 0 
2.5 1 0 0 
2.55 1 0 0 
2.6 1 0 0 
2.65 1 0 0 
2.7 1 0 0 
2.75 1 0 0 
2.8 1 0 0 
2.85 1 0 0 
2.9 1 0 0 
2.95 1 0 0 
3 1 0 0 
3.05 1 0 0 
3.1 1 0 0 
3.15 1 0 0 
3.2 1 0 0 
3.25 1 0 0 
3.3 1 0 0 
3.35 1 0 0 
3.4 1 0 0 
3.45 1 0 0 
3.5 1 0 0 
3.55 1 0 0 
3.6 1 0 0 
3.65 1 0 0 
3.7 1 0 0 
3.75 1 0 0 
3.8 1 0 0 
3.85 1 0 0 
3.9 1 0 0 
3.95 1 0 0 
4 1 0 0 
4.05 1 0 0 
4.1 1 0 0 
4.15 1 0 0 
4.2 1 0 0 
4.25 1 0 0 
4.3 1 0 0 
4.35 1 0 0 
4.4 1 0 0 
4.45 1 0 0 
4.5 1 0 0 
4.55 1 0 0 
4.6 1 0 0 
4.65 1 0 0 
4.7 1 0 0 
4.75 1 0 0 
4.8 1 0 0 
4.85 1 0 0 
4.9 1 0 0 
4.95 1 0 0 
5 1 0 0 
