x, y, ksi, T
#iter= 80000
0 0 0 1 
0.05 0 0 1 
0.1 0 0 1 
0.15 0 0 1 
0.2 0 0 1 
0.25 0 0 1 
0.3 0 0 1 
0.35 0 0 1 
0.4 0 0 1 
0.45 0 0 1 
0.5 0 0 1 
0.55 0 0 1 
0.6 0 0 1 
0.65 0 0 1 
0.7 0 0 1 
0.75 0 0 1 
0.8 0 0 1 
0.85 0 0 1 
0.9 0 0 1 
0.95 0 0 1 
1 0 0 1 
1.05 0 0 1 
1.1 0 0 1 
1.15 0 0 1 
1.2 0 0 1 
1.25 0 0 1 
1.3 0 0 1 
1.35 0 0 1 
1.4 0 0 1 
1.45 0 0 1 
1.5 0 0 1 
1.55 0 0 1 
1.6 0 0 1 
1.65 0 0 1 
1.7 0 0 1 
1.75 0 0 1 
1.8 0 0 1 
1.85 0 0 1 
1.9 0 0 1 
1.95 0 0 1 
2 0 0 1 
2.05 0 0 1 
2.1 0 0 1 
2.15 0 0 1 
2.2 0 0 1 
2.25 0 0 1 
2.3 0 0 1 
2.35 0 0 1 
2.4 0 0 1 
2.45 0 0 1 
2.5 0 0 1 
2.55 0 0 1 
2.6 0 0 1 
2.65 0 0 1 
2.7 0 0 1 
2.75 0 0 1 
2.8 0 0 1 
2.85 0 0 1 
2.9 0 0 1 
2.95 0 0 1 
3 0 0 1 
3.05 0 0 1 
3.1 0 0 1 
3.15 0 0 1 
3.2 0 0 1 
3.25 0 0 1 
3.3 0 0 1 
3.35 0 0 1 
3.4 0 0 1 
3.45 0 0 1 
3.5 0 0 1 
3.55 0 0 1 
3.6 0 0 1 
3.65 0 0 1 
3.7 0 0 1 
3.75 0 0 1 
3.8 0 0 1 
3.85 0 0 1 
3.9 0 0 1 
3.95 0 0 1 
4 0 0 1 
4.05 0 0 1 
4.1 0 0 1 
4.15 0 0 1 
4.2 0 0 1 
4.25 0 0 1 
4.3 0 0 1 
4.35 0 0 1 
4.4 0 0 1 
4.45 0 0 1 
4.5 0 0 1 
4.55 0 0 1 
4.6 0 0 1 
4.65 0 0 1 
4.7 0 0 1 
4.75 0 0 1 
4.8 0 0 1 
4.85 0 0 1 
4.9 0 0 1 
4.95 0 0 1 
5 0 0 1 
0 0.05 -0.00609757 0.890732 
0.05 0.05 -0.00421452 0.8877 
0.1 0.05 -0.00224716 0.885858 
0.15 0.05 -0.000248388 0.885192 
0.2 0.05 0.00173079 0.88569 
0.25 0.05 0.00363229 0.887332 
0.3 0.05 0.00539647 0.890077 
0.35 0.05 0.00696673 0.893869 
0.4 0.05 0.00829236 0.898632 
0.45 0.05 0.00933012 0.904275 
0.5 0.05 0.0100452 0.910683 
0.55 0.05 0.0104115 0.91772 
0.6 0.05 0.0104123 0.925215 
0.65 0.05 0.0100404 0.932953 
0.7 0.05 0.00929989 0.940669 
0.75 0.05 0.00820729 0.948034 
0.8 0.05 0.00679354 0.954671 
0.85 0.05 0.00510528 0.960173 
0.9 0.05 0.00320487 0.964151 
0.95 0.05 0.00116849 0.966293 
1 0.05 -0.000918039 0.966418 
1.05 0.05 -0.00296516 0.964515 
1.1 0.05 -0.00488627 0.960747 
1.15 0.05 -0.00660379 0.955413 
1.2 0.05 -0.00805357 0.948896 
1.25 0.05 -0.00918711 0.941603 
1.3 0.05 -0.00997171 0.933919 
1.35 0.05 -0.0103893 0.926176 
1.4 0.05 -0.0104347 0.91865 
1.45 0.05 -0.010114 0.91156 
1.5 0.05 -0.00944329 0.905082 
1.55 0.05 -0.0084482 0.899357 
1.6 0.05 -0.00716347 0.8945 
1.65 0.05 -0.00563267 0.890606 
1.7 0.05 -0.00390764 0.887748 
1.75 0.05 -0.0020473 0.885983 
1.8 0.05 -0.000115839 0.885344 
1.85 0.05 0.00181968 0.885846 
1.9 0.05 0.00369201 0.887477 
1.95 0.05 0.0054365 0.890206 
2 0.05 0.0069935 0.893979 
2.05 0.05 0.00831026 0.898724 
2.1 0.05 0.00934221 0.90435 
2.15 0.05 0.0100535 0.910744 
2.2 0.05 0.0104175 0.917768 
2.25 0.05 0.0104169 0.925251 
2.3 0.05 0.0100443 0.932981 
2.35 0.05 0.00930346 0.940689 
2.4 0.05 0.00821083 0.948049 
2.45 0.05 0.0067972 0.954683 
2.5 0.05 0.0051091 0.960183 
2.55 0.05 0.00320882 0.964161 
2.6 0.05 0.00117247 0.966305 
2.65 0.05 -0.000914194 0.966432 
2.7 0.05 -0.00296165 0.964533 
2.75 0.05 -0.00488332 0.960767 
2.8 0.05 -0.00660164 0.955435 
2.85 0.05 -0.00805245 0.94892 
2.9 0.05 -0.00918722 0.941629 
2.95 0.05 -0.00997326 0.933944 
3 0.05 -0.0103925 0.926201 
3.05 0.05 -0.0104396 0.918674 
3.1 0.05 -0.0101207 0.911582 
3.15 0.05 -0.00945186 0.9051 
3.2 0.05 -0.00845857 0.899371 
3.25 0.05 -0.0071755 0.894509 
3.3 0.05 -0.00564613 0.890608 
3.35 0.05 -0.00392222 0.887743 
3.4 0.05 -0.0020626 0.885969 
3.45 0.05 -0.000131369 0.885323 
3.5 0.05 0.00180444 0.885815 
3.55 0.05 0.00367762 0.887437 
3.6 0.05 0.00542353 0.890156 
3.65 0.05 0.0069825 0.89392 
3.7 0.05 0.00830178 0.898656 
3.75 0.05 0.00933673 0.904273 
3.8 0.05 0.0100515 0.910659 
3.85 0.05 0.0104194 0.917676 
3.9 0.05 0.0104229 0.925156 
3.95 0.05 0.0100547 0.932884 
4 0.05 0.00931843 0.940594 
4.05 0.05 0.00823025 0.947962 
4.1 0.05 0.00682079 0.954609 
4.15 0.05 0.00513635 0.96013 
4.2 0.05 0.00323897 0.964135 
4.25 0.05 0.00120452 0.966311 
4.3 0.05 -0.000881415 0.966475 
4.35 0.05 -0.00292945 0.964614 
4.4 0.05 -0.00485306 0.960886 
4.45 0.05 -0.00657475 0.955589 
4.5 0.05 -0.00803044 0.949105 
4.55 0.05 -0.00917182 0.941841 
4.6 0.05 -0.00996661 0.93418 
4.65 0.05 -0.0103974 0.926456 
4.7 0.05 -0.0104603 0.918942 
4.75 0.05 -0.0101631 0.911858 
4.8 0.05 -0.00952487 0.905375 
4.85 0.05 -0.0085758 0.899627 
4.9 0.05 -0.00735845 0.894721 
4.95 0.05 -0.00592786 0.890732 
5 0.05 -0.00433338 0.8877 
0 0.1 -0.0205905 0.782512 
0.05 0.1 -0.0144561 0.776537 
0.1 0.1 -0.00775469 0.772842 
0.15 0.1 -0.000815309 0.771492 
0.2 0.1 0.00610539 0.772478 
0.25 0.1 0.0127725 0.775755 
0.3 0.1 0.0189648 0.781241 
0.35 0.1 0.0244778 0.788818 
0.4 0.1 0.0291304 0.798335 
0.45 0.1 0.0327684 0.809605 
0.5 0.1 0.035268 0.822404 
0.55 0.1 0.0365375 0.83646 
0.6 0.1 0.036519 0.851438 
0.65 0.1 0.0351906 0.866919 
0.7 0.1 0.0325703 0.882376 
0.75 0.1 0.0287211 0.897157 
0.8 0.1 0.0237557 0.910503 
0.85 0.1 0.0178405 0.921588 
0.9 0.1 0.011194 0.929617 
0.95 0.1 0.00408 0.933944 
1 0.1 -0.00320611 0.934197 
1.05 0.1 -0.010357 0.930353 
1.1 0.1 -0.0170749 0.922746 
1.15 0.1 -0.0230912 0.911996 
1.2 0.1 -0.0281816 0.898887 
1.25 0.1 -0.0321737 0.884248 
1.3 0.1 -0.0349484 0.868849 
1.35 0.1 -0.0364377 0.853357 
1.4 0.1 -0.036619 0.838313 
1.45 0.1 -0.0355105 0.824149 
1.5 0.1 -0.0331676 0.81121 
1.55 0.1 -0.0296799 0.799773 
1.6 0.1 -0.0251703 0.790067 
1.65 0.1 -0.0197932 0.78228 
1.7 0.1 -0.013732 0.776565 
1.75 0.1 -0.00719454 0.773033 
1.8 0.1 -0.000406867 0.771756 
1.85 0.1 0.00639507 0.772759 
1.9 0.1 0.0129747 0.776023 
1.95 0.1 0.0191045 0.781481 
2 0.1 0.0245739 0.789025 
2.05 0.1 0.0291965 0.798508 
2.1 0.1 0.0328143 0.809747 
2.15 0.1 0.0353005 0.822518 
2.2 0.1 0.0365615 0.83655 
2.25 0.1 0.0365377 0.851508 
2.3 0.1 0.0352063 0.866972 
2.35 0.1 0.0325846 0.882414 
2.4 0.1 0.0287349 0.897186 
2.45 0.1 0.0237697 0.910525 
2.5 0.1 0.0178548 0.921608 
2.55 0.1 0.0112084 0.929637 
2.6 0.1 0.0040943 0.933967 
2.65 0.1 -0.0031925 0.934225 
2.7 0.1 -0.0103448 0.930387 
2.75 0.1 -0.0170647 0.922786 
2.8 0.1 -0.023084 0.912041 
2.85 0.1 -0.0281781 0.898936 
2.9 0.1 -0.0321746 0.884299 
2.95 0.1 -0.0349545 0.868901 
3 0.1 -0.0364495 0.853407 
3.05 0.1 -0.0366369 0.838361 
3.1 0.1 -0.0355349 0.824192 
3.15 0.1 -0.0331984 0.811247 
3.2 0.1 -0.029717 0.799801 
3.25 0.1 -0.0252132 0.790084 
3.3 0.1 -0.0198411 0.782285 
3.35 0.1 -0.0137836 0.776555 
3.4 0.1 -0.00724851 0.773008 
3.45 0.1 -0.000461507 0.771713 
3.5 0.1 0.00634161 0.772699 
3.55 0.1 0.0129244 0.775943 
3.6 0.1 0.0190593 0.781382 
3.65 0.1 0.0245359 0.788907 
3.7 0.1 0.0291674 0.798373 
3.75 0.1 0.0327959 0.809594 
3.8 0.1 0.0352945 0.82235 
3.85 0.1 0.0365691 0.836368 
3.9 0.1 0.0365601 0.851317 
3.95 0.1 0.0352441 0.866778 
4 0.1 0.0326381 0.882225 
4.05 0.1 0.0288038 0.897011 
4.1 0.1 0.0238529 0.910377 
4.15 0.1 0.0179504 0.9215 
4.2 0.1 0.0113138 0.929583 
4.25 0.1 0.00420603 0.933978 
4.3 0.1 -0.00307849 0.934309 
4.35 0.1 -0.010233 0.930547 
4.4 0.1 -0.0169599 0.923021 
4.45 0.1 -0.022991 0.912345 
4.5 0.1 -0.0281023 0.899302 
4.55 0.1 -0.0321218 0.884718 
4.6 0.1 -0.0349319 0.869366 
4.65 0.1 -0.0364665 0.853909 
4.7 0.1 -0.0367061 0.83889 
4.75 0.1 -0.0356736 0.824735 
4.8 0.1 -0.0334298 0.811782 
4.85 0.1 -0.0300701 0.800296 
4.9 0.1 -0.0257178 0.790484 
4.95 0.1 -0.0205051 0.782512 
5 0.1 -0.0145142 0.776537 
0 0.15 -0.0401454 0.679408 
0.05 0.15 -0.0281691 0.670637 
0.1 0.15 -0.0150822 0.665169 
0.15 0.15 -0.00147186 0.66315 
0.2 0.15 0.0121435 0.664597 
0.25 0.15 0.0252822 0.669448 
0.3 0.15 0.0374942 0.677579 
0.35 0.15 0.0483679 0.688808 
0.4 0.15 0.0575396 0.702901 
0.45 0.15 0.0647017 0.719573 
0.5 0.15 0.0696084 0.738489 
0.55 0.15 0.0720794 0.759249 
0.6 0.15 0.0720032 0.781365 
0.65 0.15 0.0693419 0.804226 
0.7 0.15 0.0641376 0.827065 
0.75 0.15 0.0565216 0.84893 
0.8 0.15 0.0467223 0.868696 
0.85 0.15 0.0350707 0.885136 
0.9 0.15 0.0219967 0.897058 
0.95 0.15 0.00801531 0.903487 
1 0.15 -0.00629985 0.903862 
1.05 0.15 -0.0203529 0.898149 
1.1 0.15 -0.0335655 0.886853 
1.15 0.15 -0.0454142 0.870906 
1.2 0.15 -0.055458 0.851487 
1.25 0.15 -0.0633539 0.829827 
1.3 0.15 -0.068862 0.807069 
1.35 0.15 -0.0718404 0.784187 
1.4 0.15 -0.0722378 0.761971 
1.45 0.15 -0.0700849 0.741049 
1.5 0.15 -0.0654867 0.721921 
1.55 0.15 -0.0586191 0.704996 
1.6 0.15 -0.0497243 0.690614 
1.65 0.15 -0.0391086 0.679063 
1.7 0.15 -0.0271355 0.670575 
1.75 0.15 -0.0142177 0.665326 
1.8 0.15 -0.000803646 0.663427 
1.85 0.15 0.0126387 0.664919 
1.9 0.15 0.0256402 0.66977 
1.95 0.15 0.0377493 0.677876 
2 0.15 0.0485483 0.68907 
2.05 0.15 0.0576672 0.703124 
2.1 0.15 0.0647929 0.719758 
2.15 0.15 0.069675 0.738639 
2.2 0.15 0.0721299 0.759368 
2.25 0.15 0.0720435 0.781457 
2.3 0.15 0.0693762 0.804296 
2.35 0.15 0.0641688 0.827117 
2.4 0.15 0.0565514 0.848968 
2.45 0.15 0.0467519 0.868726 
2.5 0.15 0.0351004 0.885163 
2.55 0.15 0.0220263 0.897086 
2.6 0.15 0.00804428 0.903521 
2.65 0.15 -0.0062726 0.903904 
2.7 0.15 -0.0203286 0.8982 
2.75 0.15 -0.0335457 0.886912 
2.8 0.15 -0.0454005 0.870974 
2.85 0.15 -0.0554517 0.85156 
2.9 0.15 -0.0633567 0.829904 
2.95 0.15 -0.068875 0.807147 
3 0.15 -0.0718648 0.784264 
3.05 0.15 -0.0722745 0.762044 
3.1 0.15 -0.0701342 0.741114 
3.15 0.15 -0.0655489 0.721977 
3.2 0.15 -0.0586935 0.705039 
3.25 0.15 -0.0498101 0.690643 
3.3 0.15 -0.0392039 0.679073 
3.35 0.15 -0.0272381 0.670564 
3.4 0.15 -0.0143247 0.665291 
3.45 0.15 -0.00091175 0.663366 
3.5 0.15 0.0125332 0.664831 
3.55 0.15 0.0255412 0.669654 
3.6 0.15 0.0376607 0.677733 
3.65 0.15 0.048474 0.688898 
3.7 0.15 0.057611 0.702925 
3.75 0.15 0.064758 0.719534 
3.8 0.15 0.0696646 0.738392 
3.85 0.15 0.0721466 0.759102 
3.9 0.15 0.0720893 0.781177 
3.95 0.15 0.0694523 0.804011 
4 0.15 0.0642755 0.826838 
4.05 0.15 0.056688 0.84871 
4.1 0.15 0.0469162 0.868506 
4.15 0.15 0.0352885 0.885003 
4.2 0.15 0.0222331 0.897004 
4.25 0.15 0.00826295 0.903535 
4.3 0.15 -0.00604981 0.904026 
4.35 0.15 -0.0201103 0.898433 
4.4 0.15 -0.0333409 0.887255 
4.45 0.15 -0.0452185 0.871416 
4.5 0.15 -0.0553023 0.852091 
4.55 0.15 -0.0632505 0.830511 
4.6 0.15 -0.0688246 0.807817 
4.65 0.15 -0.0718857 0.784983 
4.7 0.15 -0.0723868 0.762798 
4.75 0.15 -0.0703635 0.741883 
4.8 0.15 -0.065926 0.722728 
4.85 0.15 -0.0592506 0.705726 
4.9 0.15 -0.050567 0.691195 
4.95 0.15 -0.0401317 0.679408 
5 0.15 -0.0281764 0.670637 
0 0.2 -0.061915 0.586397 
0.05 0.2 -0.0433559 0.575086 
0.1 0.2 -0.0231274 0.568005 
0.15 0.2 -0.0020652 0.565373 
0.2 0.2 0.0190358 0.567242 
0.25 0.2 0.0394178 0.573542 
0.3 0.2 0.0583695 0.584105 
0.35 0.2 0.075241 0.598677 
0.4 0.2 0.0894602 0.616934 
0.45 0.2 0.100546 0.638489 
0.5 0.2 0.108115 0.662897 
0.55 0.2 0.111891 0.689638 
0.6 0.2 0.111706 0.718087 
0.65 0.2 0.10751 0.747469 
0.7 0.2 0.0993782 0.776812 
0.75 0.2 0.087524 0.804904 
0.8 0.2 0.0723096 0.830308 
0.85 0.2 0.0542517 0.851449 
0.9 0.2 0.0340154 0.866786 
0.95 0.2 0.0123918 0.875062 
1 0.2 -0.00974185 0.875544 
1.05 0.2 -0.0314751 0.86819 
1.1 0.2 -0.0519236 0.853655 
1.15 0.2 -0.0702837 0.833146 
1.2 0.2 -0.0858739 0.808184 
1.25 0.2 -0.0981596 0.780352 
1.3 0.2 -0.106761 0.75111 
1.35 0.2 -0.111447 0.721698 
1.4 0.2 -0.11213 0.693117 
1.45 0.2 -0.108846 0.666163 
1.5 0.2 -0.101753 0.641476 
1.55 0.2 -0.0911182 0.619583 
1.6 0.2 -0.0773174 0.600938 
1.65 0.2 -0.060826 0.585927 
1.7 0.2 -0.0422116 0.574875 
1.75 0.2 -0.0221189 0.56803 
1.8 0.2 -0.00124965 0.565552 
1.85 0.2 0.0196639 0.5675 
1.9 0.2 0.0398876 0.573827 
1.95 0.2 0.0587147 0.584384 
2 0.2 0.0754927 0.598934 
2.05 0.2 0.0896439 0.61716 
2.1 0.2 0.100681 0.638683 
2.15 0.2 0.108217 0.663058 
2.2 0.2 0.111971 0.689768 
2.25 0.2 0.111772 0.718189 
2.3 0.2 0.107567 0.747548 
2.35 0.2 0.0994304 0.776871 
2.4 0.2 0.0875738 0.804949 
2.45 0.2 0.0723585 0.830345 
2.5 0.2 0.0543003 0.851483 
2.55 0.2 0.0340633 0.866823 
2.6 0.2 0.012438 0.875105 
2.65 0.2 -0.00969876 0.875598 
2.7 0.2 -0.0314371 0.868256 
2.75 0.2 -0.0518929 0.853733 
2.8 0.2 -0.0702627 0.833234 
2.85 0.2 -0.0858649 0.80828 
2.9 0.2 -0.0981647 0.780453 
2.95 0.2 -0.106782 0.751213 
3 0.2 -0.111487 0.721799 
3.05 0.2 -0.112188 0.693214 
3.1 0.2 -0.108924 0.666252 
3.15 0.2 -0.101851 0.641552 
3.2 0.2 -0.0912354 0.619645 
3.25 0.2 -0.077452 0.60098 
3.3 0.2 -0.0609753 0.585945 
3.35 0.2 -0.042372 0.574866 
3.4 0.2 -0.022286 0.56799 
3.45 0.2 -0.00141803 0.565478 
3.5 0.2 0.0194999 0.56739 
3.55 0.2 0.0397341 0.573681 
3.6 0.2 0.0585779 0.584202 
3.65 0.2 0.0753785 0.598716 
3.7 0.2 0.0895581 0.616907 
3.75 0.2 0.100629 0.638397 
3.8 0.2 0.108203 0.662743 
3.85 0.2 0.111999 0.689428 
3.9 0.2 0.111845 0.717832 
3.95 0.2 0.107687 0.747184 
4 0.2 0.0995972 0.776515 
4.05 0.2 0.0877862 0.804619 
4.1 0.2 0.0726128 0.830064 
4.15 0.2 0.0545907 0.851277 
4.2 0.2 0.0343817 0.866717 
4.25 0.2 0.0127742 0.875122 
4.3 0.2 -0.00935652 0.875751 
4.35 0.2 -0.0311016 0.868551 
4.4 0.2 -0.0515775 0.854165 
4.45 0.2 -0.0699808 0.833791 
4.5 0.2 -0.0856303 0.808946 
4.55 0.2 -0.0979918 0.78121 
4.6 0.2 -0.106687 0.752043 
4.65 0.2 -0.111488 0.722685 
4.7 0.2 -0.112309 0.694133 
4.75 0.2 -0.109191 0.667179 
4.8 0.2 -0.102293 0.642451 
4.85 0.2 -0.0918767 0.620462 
4.9 0.2 -0.0782944 0.601648 
4.95 0.2 -0.0619619 0.586397 
5 0.2 -0.0433209 0.575086 
0 0.25 -0.08366 0.507384 
0.05 0.25 -0.0584616 0.493843 
0.1 0.25 -0.0310552 0.485343 
0.15 0.25 -0.00251165 0.482174 
0.2 0.25 0.0261047 0.484425 
0.25 0.25 0.0537588 0.49202 
0.3 0.25 0.0794724 0.504738 
0.35 0.25 0.102352 0.522238 
0.4 0.25 0.121612 0.544091 
0.45 0.25 0.136597 0.569799 
0.5 0.25 0.146788 0.598804 
0.55 0.25 0.151816 0.630476 
0.6 0.25 0.151464 0.664078 
0.65 0.25 0.145676 0.698707 
0.7 0.25 0.134567 0.733233 
0.75 0.25 0.11844 0.766251 
0.8 0.25 0.0977963 0.796088 
0.85 0.25 0.0733395 0.820906 
0.9 0.25 0.0459675 0.838907 
0.95 0.25 0.0167418 0.848617 
1 0.25 -0.0131647 0.849183 
1.05 0.25 -0.0425368 0.840552 
1.1 0.25 -0.0701926 0.823492 
1.15 0.25 -0.0950543 0.799415 
1.2 0.25 -0.116203 0.770096 
1.25 0.25 -0.132909 0.737384 
1.3 0.25 -0.144651 0.702976 
1.35 0.25 -0.151102 0.668313 
1.4 0.25 -0.152126 0.634556 
1.45 0.25 -0.147761 0.602631 
1.5 0.25 -0.13821 0.573291 
1.55 0.25 -0.123826 0.547174 
1.6 0.25 -0.105115 0.524842 
1.65 0.25 -0.0827222 0.506794 
1.7 0.25 -0.0574208 0.493462 
1.75 0.25 -0.0300927 0.485185 
1.8 0.25 -0.00169935 0.482184 
1.85 0.25 0.0267548 0.484543 
1.9 0.25 0.0542626 0.492196 
1.95 0.25 0.0798556 0.504937 
2 0.25 0.102641 0.522438 
2.05 0.25 0.121831 0.544279 
2.1 0.25 0.136765 0.569968 
2.15 0.25 0.14692 0.598949 
2.2 0.25 0.151924 0.630598 
2.25 0.25 0.151555 0.664176 
2.3 0.25 0.145756 0.698785 
2.35 0.25 0.134642 0.733293 
2.4 0.25 0.118512 0.766298 
2.45 0.25 0.0978664 0.796128 
2.5 0.25 0.0734085 0.820945 
2.55 0.25 0.046035 0.83895 
2.6 0.25 0.0168064 0.84867 
2.65 0.25 -0.013105 0.849248 
2.7 0.25 -0.0424846 0.840633 
2.75 0.25 -0.0701508 0.823587 
2.8 0.25 -0.095026 0.799522 
2.85 0.25 -0.116191 0.770213 
2.9 0.25 -0.132917 0.737507 
2.95 0.25 -0.144681 0.703102 
3 0.25 -0.151156 0.668438 
3.05 0.25 -0.152207 0.634677 
3.1 0.25 -0.147869 0.602743 
3.15 0.25 -0.138344 0.57339 
3.2 0.25 -0.123987 0.547254 
3.25 0.25 -0.1053 0.524899 
3.3 0.25 -0.0829266 0.506824 
3.35 0.25 -0.05764 0.493459 
3.4 0.25 -0.0303206 0.485144 
3.45 0.25 -0.00192871 0.482103 
3.5 0.25 0.0265319 0.484419 
3.55 0.25 0.0540545 0.492028 
3.6 0.25 0.0796706 0.504725 
3.65 0.25 0.102487 0.522183 
3.7 0.25 0.121716 0.543984 
3.75 0.25 0.136696 0.569634 
3.8 0.25 0.146904 0.598582 
3.85 0.25 0.151964 0.630203 
3.9 0.25 0.151656 0.663762 
3.95 0.25 0.14592 0.698363 
4 0.25 0.134869 0.73288 
4.05 0.25 0.1188 0.765915 
4.1 0.25 0.0982098 0.795802 
4.15 0.25 0.0737995 0.820707 
4.2 0.25 0.0464627 0.838828 
4.25 0.25 0.0172574 0.84869 
4.3 0.25 -0.0126461 0.849426 
4.35 0.25 -0.0420342 0.840973 
4.4 0.25 -0.0697258 0.824083 
4.45 0.25 -0.0946429 0.80016 
4.5 0.25 -0.115866 0.770972 
4.55 0.25 -0.132667 0.738364 
4.6 0.25 -0.144521 0.704035 
4.65 0.25 -0.151105 0.669423 
4.7 0.25 -0.152284 0.635689 
4.75 0.25 -0.148097 0.603753 
4.8 0.25 -0.138741 0.57436 
4.85 0.25 -0.124563 0.548139 
4.9 0.25 -0.106038 0.525644 
4.95 0.25 -0.0837571 0.507384 
5 0.25 -0.0583919 0.493843 
0 0.3 -0.103643 0.443945 
0.05 0.3 -0.0722922 0.428437 
0.1 0.3 -0.0382431 0.41868 
0.15 0.3 -0.00278009 0.415039 
0.2 0.3 0.0327846 0.417648 
0.25 0.3 0.0671567 0.426415 
0.3 0.3 0.0991065 0.441045 
0.35 0.3 0.12751 0.461084 
0.4 0.3 0.151385 0.48597 
0.45 0.3 0.169913 0.515069 
0.5 0.3 0.182456 0.547704 
0.55 0.3 0.188565 0.583142 
0.6 0.3 0.187985 0.620556 
0.65 0.3 0.180665 0.658957 
0.7 0.3 0.166766 0.697116 
0.75 0.3 0.146681 0.733511 
0.8 0.3 0.121043 0.766332 
0.85 0.3 0.0907284 0.793589 
0.9 0.3 0.0568462 0.813335 
0.95 0.3 0.0206987 0.82398 
1 0.3 -0.0162801 0.824599 
1.05 0.3 -0.0526063 0.815137 
1.1 0.3 -0.0868355 0.796423 
1.15 0.3 -0.117646 0.769982 
1.2 0.3 -0.143903 0.737735 
1.25 0.3 -0.164701 0.701682 
1.3 0.3 -0.179379 0.663661 
1.35 0.3 -0.187516 0.625232 
1.4 0.3 -0.188925 0.587655 
1.45 0.3 -0.183634 0.551943 
1.5 0.3 -0.171876 0.518938 
1.55 0.3 -0.15408 0.489378 
1.6 0.3 -0.130864 0.463944 
1.65 0.3 -0.103029 0.443267 
1.7 0.3 -0.071538 0.427915 
1.75 0.3 -0.0374978 0.418348 
1.8 0.3 -0.00211655 0.414873 
1.85 0.3 0.0333412 0.417606 
1.9 0.3 0.0676075 0.426456 
1.95 0.3 0.0994647 0.441135 
2 0.3 0.127793 0.4612 
2.05 0.3 0.15161 0.486095 
2.1 0.3 0.170094 0.515192 
2.15 0.3 0.182605 0.547817 
2.2 0.3 0.188692 0.583242 
2.25 0.3 0.188097 0.620641 
2.3 0.3 0.180767 0.659027 
2.35 0.3 0.166863 0.697172 
2.4 0.3 0.146775 0.733558 
2.45 0.3 0.121134 0.766374 
2.5 0.3 0.0908178 0.793632 
2.55 0.3 0.0569331 0.813385 
2.6 0.3 0.0207813 0.824042 
2.65 0.3 -0.0162043 0.824676 
2.7 0.3 -0.0525404 0.815231 
2.75 0.3 -0.086783 0.796533 
2.8 0.3 -0.117611 0.770106 
2.85 0.3 -0.143889 0.73787 
2.9 0.3 -0.164712 0.701825 
2.95 0.3 -0.179417 0.663808 
3 0.3 -0.187585 0.625379 
3.05 0.3 -0.189027 0.587798 
3.1 0.3 -0.18377 0.552078 
3.15 0.3 -0.172045 0.51906 
3.2 0.3 -0.154282 0.489481 
3.25 0.3 -0.131095 0.464021 
3.3 0.3 -0.103284 0.443312 
3.35 0.3 -0.0718122 0.427922 
3.4 0.3 -0.0377826 0.418312 
3.45 0.3 -0.00240271 0.41479 
3.5 0.3 0.0330636 0.417474 
3.55 0.3 0.0673489 0.426272 
3.6 0.3 0.0992356 0.440902 
3.65 0.3 0.127604 0.46092 
3.7 0.3 0.151469 0.485769 
3.75 0.3 0.170011 0.514825 
3.8 0.3 0.182588 0.547415 
3.85 0.3 0.188745 0.58281 
3.9 0.3 0.188225 0.620189 
3.95 0.3 0.180972 0.658568 
4 0.3 0.167145 0.696725 
4.05 0.3 0.14713 0.733144 
4.1 0.3 0.121557 0.766024 
4.15 0.3 0.0912983 0.793377 
4.2 0.3 0.0574576 0.813256 
4.25 0.3 0.0213339 0.824065 
4.3 0.3 -0.0156419 0.824869 
4.35 0.3 -0.0519875 0.815597 
4.4 0.3 -0.0862586 0.797065 
4.45 0.3 -0.117133 0.770786 
4.5 0.3 -0.143475 0.738674 
4.55 0.3 -0.164376 0.702726 
4.6 0.3 -0.179174 0.66478 
4.65 0.3 -0.187448 0.626395 
4.7 0.3 -0.189008 0.58883 
4.75 0.3 -0.18388 0.553097 
4.8 0.3 -0.17229 0.520033 
4.85 0.3 -0.154655 0.490372 
4.9 0.3 -0.131566 0.464794 
4.95 0.3 -0.103781 0.443945 
5 0.3 -0.0721948 0.428437 
0 0.35 -0.120543 0.395179 
0.05 0.35 -0.0839495 0.377856 
0.1 0.35 -0.0442375 0.36692 
0.15 0.35 -0.00287512 0.362844 
0.2 0.35 0.0386101 0.365808 
0.25 0.35 0.0786977 0.375692 
0.3 0.35 0.115937 0.392098 
0.35 0.35 0.149006 0.414416 
0.4 0.35 0.176749 0.441908 
0.45 0.35 0.198215 0.473772 
0.5 0.35 0.21267 0.50919 
0.55 0.35 0.219605 0.547326 
0.6 0.35 0.218744 0.587282 
0.65 0.35 0.210051 0.628019 
0.7 0.35 0.193739 0.668271 
0.75 0.35 0.170281 0.706483 
0.8 0.35 0.140428 0.740811 
0.85 0.35 0.105204 0.769233 
0.9 0.35 0.0658914 0.789778 
0.95 0.35 0.023986 0.800838 
1 0.35 -0.01887 0.80148 
1.05 0.35 -0.0609799 0.791649 
1.1 0.35 -0.10069 0.77218 
1.15 0.35 -0.136482 0.744614 
1.2 0.35 -0.167046 0.710898 
1.25 0.35 -0.191325 0.673059 
1.3 0.35 -0.208535 0.632972 
1.35 0.35 -0.218171 0.592228 
1.4 0.35 -0.21999 0.552123 
1.45 0.35 -0.213998 0.513718 
1.5 0.35 -0.200446 0.477922 
1.55 0.35 -0.179814 0.445573 
1.6 0.35 -0.152812 0.417488 
1.65 0.35 -0.120367 0.394466 
1.7 0.35 -0.0836072 0.377252 
1.75 0.35 -0.0438336 0.36647 
1.8 0.35 -0.00247312 0.362544 
1.85 0.35 0.0389779 0.365634 
1.9 0.35 0.079019 0.375613 
1.95 0.35 0.116212 0.392086 
2 0.35 0.149238 0.414449 
2.05 0.35 0.176948 0.441967 
2.1 0.35 0.198387 0.473844 
2.15 0.35 0.212821 0.509266 
2.2 0.35 0.219741 0.5474 
2.25 0.35 0.218871 0.58735 
2.3 0.35 0.210171 0.628079 
2.35 0.35 0.193854 0.668323 
2.4 0.35 0.170393 0.706529 
2.45 0.35 0.140539 0.740856 
2.5 0.35 0.105312 0.769281 
2.55 0.35 0.0659959 0.789835 
2.6 0.35 0.0240849 0.800908 
2.65 0.35 -0.0187797 0.801567 
2.7 0.35 -0.0609016 0.791754 
2.75 0.35 -0.100628 0.772303 
2.8 0.35 -0.136441 0.744753 
2.85 0.35 -0.167029 0.711049 
2.9 0.35 -0.191337 0.67322 
2.95 0.35 -0.20858 0.633139 
3 0.35 -0.218252 0.592396 
3.05 0.35 -0.220109 0.552289 
3.1 0.35 -0.214157 0.513876 
3.15 0.35 -0.200645 0.478067 
3.2 0.35 -0.180051 0.445699 
3.25 0.35 -0.153083 0.417587 
3.3 0.35 -0.120667 0.39453 
3.35 0.35 -0.0839288 0.377274 
3.4 0.35 -0.0441672 0.366444 
3.45 0.35 -0.00280805 0.362464 
3.5 0.35 0.0386534 0.365498 
3.55 0.35 0.0787174 0.37542 
3.6 0.35 0.115945 0.391839 
3.65 0.35 0.149019 0.41415 
3.7 0.35 0.176786 0.441621 
3.75 0.35 0.198293 0.473457 
3.8 0.35 0.212803 0.508844 
3.85 0.35 0.219805 0.54695 
3.9 0.35 0.219021 0.586881 
3.95 0.35 0.21041 0.627605 
4 0.35 0.194181 0.667864 
4.05 0.35 0.170805 0.706107 
4.1 0.35 0.141026 0.7405 
4.15 0.35 0.105865 0.769024 
4.2 0.35 0.0665977 0.789708 
4.25 0.35 0.0247182 0.800936 
4.3 0.35 -0.0181349 0.801767 
4.35 0.35 -0.060266 0.792128 
4.4 0.35 -0.100022 0.772841 
4.45 0.35 -0.135882 0.745437 
4.5 0.35 -0.166533 0.711852 
4.55 0.35 -0.190916 0.674112 
4.6 0.35 -0.208243 0.634091 
4.65 0.35 -0.218005 0.593379 
4.7 0.35 -0.219953 0.553276 
4.75 0.35 -0.214091 0.51484 
4.8 0.35 -0.200658 0.478981 
4.85 0.35 -0.180122 0.446539 
4.9 0.35 -0.153174 0.418333 
4.95 0.35 -0.120712 0.395179 
5 0.35 -0.0838305 0.377856 
0 0.4 -0.133386 0.358423 
0.05 0.4 -0.0927766 0.339332 
0.1 0.4 -0.0487174 0.327231 
0.15 0.4 -0.00282246 0.322727 
0.2 0.4 0.0432087 0.326061 
0.25 0.4 0.0876733 0.337068 
0.3 0.4 0.128945 0.355213 
0.35 0.4 0.16554 0.379686 
0.4 0.4 0.196177 0.409524 
0.45 0.4 0.219801 0.443718 
0.5 0.4 0.235613 0.481284 
0.55 0.4 0.243071 0.521272 
0.6 0.4 0.241895 0.562721 
0.65 0.4 0.232073 0.604575 
0.7 0.4 0.213868 0.645583 
0.75 0.4 0.187827 0.684233 
0.8 0.4 0.154793 0.718748 
0.85 0.4 0.115903 0.74719 
0.9 0.4 0.0725635 0.767677 
0.95 0.4 0.0264077 0.778682 
1 0.4 -0.02078 0.77932 
1.05 0.4 -0.0671577 0.769538 
1.1 0.4 -0.110929 0.750128 
1.15 0.4 -0.150437 0.722555 
1.2 0.4 -0.184246 0.688673 
1.25 0.4 -0.211184 0.650426 
1.3 0.4 -0.230372 0.609618 
1.35 0.4 -0.241227 0.567795 
1.4 0.4 -0.243453 0.526234 
1.45 0.4 -0.237029 0.48601 
1.5 0.4 -0.222203 0.448086 
1.55 0.4 -0.199484 0.413411 
1.6 0.4 -0.169642 0.38296 
1.65 0.4 -0.133697 0.357739 
1.7 0.4 -0.0929045 0.338719 
1.75 0.4 -0.0487201 0.326733 
1.8 0.4 -0.00274774 0.322354 
1.85 0.4 0.0433266 0.325802 
1.9 0.4 0.0878123 0.336903 
1.95 0.4 0.129092 0.355122 
2 0.4 0.165689 0.37965 
2.05 0.4 0.196323 0.409526 
2.1 0.4 0.219944 0.443745 
2.15 0.4 0.235752 0.481326 
2.2 0.4 0.243206 0.521321 
2.25 0.4 0.242028 0.562772 
2.3 0.4 0.232204 0.604624 
2.35 0.4 0.213997 0.645631 
2.4 0.4 0.187955 0.68428 
2.45 0.4 0.154919 0.718796 
2.5 0.4 0.116026 0.747244 
2.55 0.4 0.0726826 0.767742 
2.6 0.4 0.0265201 0.778761 
2.65 0.4 -0.0206776 0.779417 
2.7 0.4 -0.0670692 0.769654 
2.75 0.4 -0.110859 0.750262 
2.8 0.4 -0.15039 0.722706 
2.85 0.4 -0.184227 0.688838 
2.9 0.4 -0.211197 0.650603 
2.95 0.4 -0.230422 0.609803 
3 0.4 -0.241317 0.567984 
3.05 0.4 -0.243586 0.526423 
3.1 0.4 -0.237206 0.486193 
3.15 0.4 -0.222424 0.448258 
3.2 0.4 -0.199748 0.413563 
3.25 0.4 -0.169944 0.383085 
3.3 0.4 -0.134031 0.357826 
3.35 0.4 -0.0932628 0.33876 
3.4 0.4 -0.0490917 0.326719 
3.45 0.4 -0.00312048 0.32228 
3.5 0.4 0.042966 0.325666 
3.55 0.4 0.0874777 0.336705 
3.6 0.4 0.128797 0.354865 
3.65 0.4 0.165447 0.37934 
3.7 0.4 0.196146 0.409169 
3.75 0.4 0.219842 0.443348 
3.8 0.4 0.235734 0.480896 
3.85 0.4 0.243279 0.520867 
3.9 0.4 0.242196 0.562303 
3.95 0.4 0.232469 0.604155 
4 0.4 0.214357 0.645178 
4.05 0.4 0.188405 0.683868 
4.1 0.4 0.155452 0.718452 
4.15 0.4 0.116628 0.746998 
4.2 0.4 0.0733372 0.767623 
4.25 0.4 0.0272083 0.778793 
4.3 0.4 -0.0199765 0.779613 
4.35 0.4 -0.0663763 0.770017 
4.4 0.4 -0.110193 0.750781 
4.45 0.4 -0.14977 0.723358 
4.5 0.4 -0.183663 0.689598 
4.55 0.4 -0.210698 0.651438 
4.6 0.4 -0.22999 0.610684 
4.65 0.4 -0.240949 0.568882 
4.7 0.4 -0.243272 0.52731 
4.75 0.4 -0.236931 0.487046 
4.8 0.4 -0.222163 0.449057 
4.85 0.4 -0.199469 0.414294 
4.9 0.4 -0.169604 0.383743 
4.95 0.4 -0.133579 0.358423 
5 0.4 -0.0926419 0.339332 
0 0.45 -0.141492 0.33026 
0.05 0.45 -0.0983179 0.309425 
0.1 0.45 -0.0514685 0.296157 
0.15 0.45 -0.00265748 0.29123 
0.2 0.45 0.0462955 0.294948 
0.25 0.45 0.0935598 0.307092 
0.3 0.45 0.137386 0.326964 
0.35 0.45 0.176183 0.353517 
0.4 0.45 0.208584 0.385528 
0.45 0.45 0.233476 0.421748 
0.5 0.45 0.250027 0.461003 
0.55 0.45 0.257688 0.502218 
0.6 0.45 0.256191 0.544374 
0.65 0.45 0.245555 0.586415 
0.7 0.45 0.226089 0.627146 
0.75 0.45 0.198399 0.665159 
0.8 0.45 0.163391 0.698823 
0.85 0.45 0.122271 0.726378 
0.9 0.45 0.076519 0.74613 
0.95 0.45 0.0278396 0.756707 
1 0.45 -0.0219115 0.757319 
1.05 0.45 -0.0708213 0.747918 
1.1 0.45 -0.117022 0.729212 
1.15 0.45 -0.158785 0.702514 
1.2 0.45 -0.194601 0.669493 
1.25 0.45 -0.223229 0.631915 
1.3 0.45 -0.243725 0.591429 
1.35 0.45 -0.255444 0.549473 
1.4 0.45 -0.258044 0.507262 
1.45 0.45 -0.251468 0.465863 
1.5 0.45 -0.235949 0.426294 
1.55 0.45 -0.211999 0.389617 
1.6 0.45 -0.180415 0.356993 
1.65 0.45 -0.142273 0.329665 
1.7 0.45 -0.0989083 0.308866 
1.75 0.45 -0.0518826 0.295674 
1.8 0.45 -0.00292509 0.290838 
1.85 0.45 0.0461427 0.294648 
1.9 0.45 0.0934937 0.306876 
1.95 0.45 0.137384 0.326818 
2 0.45 0.176228 0.353429 
2.05 0.45 0.208661 0.385485 
2.1 0.45 0.233576 0.421738 
2.15 0.45 0.250143 0.461016 
2.2 0.45 0.257813 0.502246 
2.25 0.45 0.256322 0.544411 
2.3 0.45 0.24569 0.586457 
2.35 0.45 0.226227 0.627191 
2.4 0.45 0.198536 0.665207 
2.45 0.45 0.163528 0.698876 
2.5 0.45 0.122405 0.726439 
2.55 0.45 0.0766487 0.746203 
2.6 0.45 0.0279617 0.756795 
2.65 0.45 -0.0218004 0.757424 
2.7 0.45 -0.0707254 0.748043 
2.75 0.45 -0.116946 0.729356 
2.8 0.45 -0.158734 0.702676 
2.85 0.45 -0.194579 0.669671 
2.9 0.45 -0.223242 0.632106 
2.95 0.45 -0.243776 0.59163 
3 0.45 -0.255539 0.549681 
3.05 0.45 -0.258184 0.507473 
3.1 0.45 -0.251656 0.466071 
3.15 0.45 -0.236184 0.426492 
3.2 0.45 -0.212279 0.389797 
3.25 0.45 -0.180737 0.357145 
3.3 0.45 -0.142629 0.329777 
3.35 0.45 -0.0992906 0.308928 
3.4 0.45 -0.0522791 0.295675 
3.45 0.45 -0.00332251 0.290773 
3.5 0.45 0.0457587 0.294514 
3.55 0.45 0.093138 0.306673 
3.6 0.45 0.137071 0.326554 
3.65 0.45 0.175972 0.35311 
3.7 0.45 0.208474 0.38512 
3.75 0.45 0.23347 0.421336 
3.8 0.45 0.250126 0.460586 
3.85 0.45 0.257891 0.501797 
3.9 0.45 0.256501 0.543954 
3.95 0.45 0.24597 0.586005 
4 0.45 0.226605 0.62676 
4.05 0.45 0.199008 0.664818 
4.1 0.45 0.164083 0.698555 
4.15 0.45 0.123032 0.726213 
4.2 0.45 0.0773288 0.746097 
4.25 0.45 0.0286762 0.75683 
4.3 0.45 -0.0210722 0.75761 
4.35 0.45 -0.0700037 0.74838 
4.4 0.45 -0.116249 0.729832 
4.45 0.45 -0.158075 0.703269 
4.5 0.45 -0.193969 0.670354 
4.55 0.45 -0.222682 0.632848 
4.6 0.45 -0.243261 0.592401 
4.65 0.45 -0.255057 0.550451 
4.7 0.45 -0.257715 0.508217 
4.75 0.45 -0.251173 0.466768 
4.8 0.45 -0.23565 0.427128 
4.85 0.45 -0.211655 0.390368 
4.9 0.45 -0.179979 0.35766 
4.95 0.45 -0.1417 0.33026 
5 0.45 -0.0981731 0.309425 
0 0.5 -0.14444 0.307321 
0.05 0.5 -0.100293 0.284851 
0.1 0.5 -0.0523653 0.270481 
0.15 0.5 -0.00241692 0.265157 
0.2 0.5 0.0476725 0.269252 
0.25 0.5 0.0960069 0.282485 
0.3 0.5 0.140775 0.303987 
0.35 0.5 0.180337 0.332463 
0.4 0.5 0.21329 0.366416 
0.45 0.5 0.238507 0.404351 
0.5 0.5 0.255159 0.444895 
0.55 0.5 0.262709 0.486846 
0.6 0.5 0.26092 0.529127 
0.65 0.5 0.249845 0.570692 
0.7 0.5 0.229828 0.610424 
0.75 0.5 0.201512 0.647057 
0.8 0.5 0.165836 0.679161 
0.85 0.5 0.124029 0.705216 
0.9 0.5 0.0775875 0.723773 
0.95 0.5 0.0282206 0.733671 
1 0.5 -0.0222159 0.734242 
1.05 0.5 -0.0718127 0.725447 
1.1 0.5 -0.118703 0.707881 
1.15 0.5 -0.161153 0.682657 
1.2 0.5 -0.197639 0.6512 
1.25 0.5 -0.226897 0.61503 
1.3 0.5 -0.24795 0.575594 
1.35 0.5 -0.260119 0.534177 
1.4 0.5 -0.263021 0.49191 
1.45 0.5 -0.256566 0.44984 
1.5 0.5 -0.240954 0.409036 
1.55 0.5 -0.216681 0.370682 
1.6 0.5 -0.18454 0.336128 
1.65 0.5 -0.145617 0.306863 
1.7 0.5 -0.101281 0.284396 
1.75 0.5 -0.0531426 0.270057 
1.8 0.5 -0.00299523 0.264785 
1.85 0.5 0.0472668 0.268941 
1.9 0.5 0.0957434 0.282239 
1.95 0.5 0.140624 0.303803 
2 0.5 0.180274 0.332334 
2.05 0.5 0.213292 0.366336 
2.1 0.5 0.238558 0.404309 
2.15 0.5 0.255244 0.444884 
2.2 0.5 0.262818 0.486857 
2.25 0.5 0.261045 0.529153 
2.3 0.5 0.249979 0.570729 
2.35 0.5 0.229968 0.610469 
2.4 0.5 0.201655 0.647109 
2.45 0.5 0.165978 0.67922 
2.5 0.5 0.12417 0.705285 
2.55 0.5 0.0777229 0.723855 
2.6 0.5 0.0283481 0.733769 
2.65 0.5 -0.0221002 0.734358 
2.7 0.5 -0.0717127 0.725581 
2.75 0.5 -0.118623 0.708034 
2.8 0.5 -0.161099 0.682828 
2.85 0.5 -0.197616 0.651388 
2.9 0.5 -0.226909 0.615234 
2.95 0.5 -0.248002 0.57581 
3 0.5 -0.260214 0.534403 
3.05 0.5 -0.263163 0.492141 
3.1 0.5 -0.256756 0.450072 
3.15 0.5 -0.241194 0.409261 
3.2 0.5 -0.216968 0.370889 
3.25 0.5 -0.184869 0.336307 
3.3 0.5 -0.145983 0.307 
3.35 0.5 -0.101673 0.284478 
3.4 0.5 -0.0535493 0.270073 
3.45 0.5 -0.00340279 0.264728 
3.5 0.5 0.0468733 0.268809 
3.55 0.5 0.0953794 0.282034 
3.6 0.5 0.140305 0.303533 
3.65 0.5 0.180013 0.332009 
3.7 0.5 0.213103 0.365967 
3.75 0.5 0.238451 0.403907 
3.8 0.5 0.255228 0.44446 
3.85 0.5 0.262899 0.486421 
3.9 0.5 0.261226 0.528715 
3.95 0.5 0.250262 0.570302 
4 0.5 0.23035 0.610068 
4.05 0.5 0.202129 0.646753 
4.1 0.5 0.166535 0.67893 
4.15 0.5 0.124796 0.705084 
4.2 0.5 0.078401 0.723764 
4.25 0.5 0.0290596 0.733803 
4.3 0.5 -0.0213747 0.734525 
4.35 0.5 -0.0709921 0.725879 
4.4 0.5 -0.117923 0.70845 
4.45 0.5 -0.160431 0.683341 
4.5 0.5 -0.196984 0.651971 
4.55 0.5 -0.226311 0.615856 
4.6 0.5 -0.247427 0.576441 
4.65 0.5 -0.259642 0.535015 
4.7 0.5 -0.262564 0.49271 
4.75 0.5 -0.256095 0.450579 
4.8 0.5 -0.240426 0.409697 
4.85 0.5 -0.216048 0.37126 
4.9 0.5 -0.183757 0.336633 
4.95 0.5 -0.144655 0.307321 
5 0.5 -0.100143 0.284851 
0 0.55 -0.142052 0.286717 
0.05 0.55 -0.0985845 0.262908 
0.1 0.55 -0.0513632 0.247628 
0.15 0.55 -0.00213354 0.241982 
0.2 0.55 0.0472306 0.246402 
0.25 0.55 0.0948362 0.260553 
0.3 0.55 0.138877 0.283405 
0.35 0.55 0.177725 0.313436 
0.4 0.55 0.209998 0.348904 
0.45 0.55 0.234596 0.388086 
0.5 0.55 0.250723 0.429433 
0.55 0.55 0.257881 0.471627 
0.6 0.55 0.255868 0.513536 
0.65 0.55 0.24477 0.554133 
0.7 0.55 0.224955 0.592385 
0.75 0.55 0.197077 0.627182 
0.8 0.55 0.162071 0.657315 
0.85 0.55 0.121146 0.68153 
0.9 0.55 0.0757527 0.698649 
0.95 0.55 0.027546 0.707737 
1 0.55 -0.021689 0.70826 
1.05 0.55 -0.0701166 0.700186 
1.1 0.55 -0.11594 0.683992 
1.15 0.55 -0.157487 0.660572 
1.2 0.55 -0.193274 0.631081 
1.25 0.55 -0.222063 0.596773 
1.3 0.55 -0.242883 0.558865 
1.35 0.55 -0.255043 0.518479 
1.4 0.55 -0.258138 0.476652 
1.45 0.55 -0.252045 0.434407 
1.5 0.55 -0.236929 0.392857 
1.55 0.55 -0.213246 0.353296 
1.6 0.55 -0.181753 0.317248 
1.65 0.55 -0.14351 0.286425 
1.7 0.55 -0.0998633 0.262583 
1.75 0.55 -0.0524142 0.247289 
1.8 0.55 -0.00295346 0.241651 
1.85 0.55 0.0466221 0.246098 
1.9 0.55 0.0944096 0.26029 
1.95 0.55 0.1386 0.283191 
2 0.55 0.177568 0.313273 
2.05 0.55 0.209933 0.348791 
2.1 0.55 0.2346 0.388017 
2.15 0.55 0.250777 0.429401 
2.2 0.55 0.25797 0.471623 
2.25 0.55 0.255981 0.513554 
2.3 0.55 0.244898 0.554166 
2.35 0.55 0.225092 0.592431 
2.4 0.55 0.197219 0.627239 
2.45 0.55 0.162214 0.657382 
2.5 0.55 0.121286 0.681608 
2.55 0.55 0.0758885 0.69874 
2.6 0.55 0.0276738 0.707844 
2.65 0.55 -0.0215729 0.708384 
2.7 0.55 -0.0700162 0.700329 
2.75 0.55 -0.11586 0.684154 
2.8 0.55 -0.157431 0.660752 
2.85 0.55 -0.193249 0.631279 
2.9 0.55 -0.222073 0.596988 
2.95 0.55 -0.242931 0.559095 
3 0.55 -0.255135 0.518721 
3.05 0.55 -0.258276 0.476902 
3.1 0.55 -0.252232 0.43466 
3.15 0.55 -0.237164 0.393105 
3.2 0.55 -0.213528 0.353528 
3.25 0.55 -0.182077 0.317451 
3.3 0.55 -0.14387 0.286584 
3.35 0.55 -0.10025 0.262684 
3.4 0.55 -0.0528158 0.247319 
3.45 0.55 -0.00335587 0.241602 
3.5 0.55 0.0462338 0.245968 
3.55 0.55 0.0940508 0.260084 
3.6 0.55 0.138286 0.282917 
3.65 0.55 0.177312 0.312945 
3.7 0.55 0.209748 0.348422 
3.75 0.55 0.234496 0.387619 
3.8 0.55 0.250761 0.428986 
3.85 0.55 0.258049 0.471203 
3.9 0.55 0.256158 0.513139 
3.95 0.55 0.245172 0.553769 
4 0.55 0.225461 0.592063 
4.05 0.55 0.197676 0.626917 
4.1 0.55 0.16275 0.657125 
4.15 0.55 0.121887 0.681432 
4.2 0.55 0.076538 0.698662 
4.25 0.55 0.0283544 0.707874 
4.3 0.55 -0.0208789 0.708527 
4.35 0.55 -0.0693256 0.70058 
4.4 0.55 -0.115186 0.684499 
4.45 0.55 -0.156782 0.661172 
4.5 0.55 -0.192625 0.631747 
4.55 0.55 -0.221467 0.597474 
4.6 0.55 -0.242328 0.55957 
4.65 0.55 -0.254508 0.519158 
4.7 0.55 -0.257591 0.477277 
4.75 0.55 -0.251445 0.434957 
4.8 0.55 -0.236229 0.393321 
4.85 0.55 -0.212398 0.353676 
4.9 0.55 -0.180716 0.317564 
4.95 0.55 -0.142265 0.286717 
5 0.55 -0.0984368 0.262908 
0 0.6 -0.1344 0.266168 
0.05 0.6 -0.0932452 0.241562 
0.1 0.6 -0.0484997 0.22573 
0.15 0.6 -0.00183308 0.219895 
0.2 0.6 0.0449564 0.224535 
0.25 0.6 0.0900508 0.239271 
0.3 0.6 0.131719 0.26295 
0.35 0.6 0.168407 0.293879 
0.4 0.6 0.198804 0.330134 
0.45 0.6 0.221881 0.369823 
0.5 0.6 0.236904 0.411271 
0.55 0.6 0.243429 0.453071 
0.6 0.6 0.241295 0.49406 
0.65 0.6 0.230613 0.533231 
0.7 0.6 0.211759 0.569636 
0.75 0.6 0.185371 0.602317 
0.8 0.6 0.152341 0.630275 
0.85 0.6 0.113811 0.652511 
0.9 0.6 0.0711391 0.668108 
0.95 0.6 0.0258619 0.676346 
1 0.6 -0.0203665 0.676818 
1.05 0.6 -0.065848 0.669501 
1.1 0.6 -0.108919 0.654758 
1.15 0.6 -0.148025 0.633272 
1.2 0.6 -0.18178 0.605945 
1.25 0.6 -0.209017 0.573771 
1.3 0.6 -0.228808 0.537748 
1.35 0.6 -0.240482 0.49884 
1.4 0.6 -0.243628 0.457991 
1.45 0.6 -0.238101 0.416196 
1.5 0.6 -0.224024 0.374597 
1.55 0.6 -0.201801 0.334568 
1.6 0.6 -0.172128 0.297759 
1.65 0.6 -0.135995 0.266047 
1.7 0.6 -0.0946793 0.241375 
1.75 0.6 -0.0497079 0.225485 
1.8 0.6 -0.00280046 0.219615 
1.85 0.6 0.0442175 0.224246 
1.9 0.6 0.0895144 0.238998 
1.95 0.6 0.131353 0.262711 
2 0.6 0.16818 0.293686 
2.05 0.6 0.198686 0.329991 
2.1 0.6 0.221846 0.369728 
2.15 0.6 0.23693 0.411218 
2.2 0.6 0.243498 0.453053 
2.25 0.6 0.241393 0.494071 
2.3 0.6 0.230731 0.533263 
2.35 0.6 0.211889 0.569685 
2.4 0.6 0.185506 0.602379 
2.45 0.6 0.152478 0.630349 
2.5 0.6 0.113947 0.652598 
2.55 0.6 0.0712699 0.668208 
2.6 0.6 0.0259849 0.676461 
2.65 0.6 -0.0202547 0.67695 
2.7 0.6 -0.0657512 0.669651 
2.75 0.6 -0.108841 0.654926 
2.8 0.6 -0.14797 0.633459 
2.85 0.6 -0.181754 0.60615 
2.9 0.6 -0.209023 0.573994 
2.95 0.6 -0.228851 0.537987 
3 0.6 -0.240566 0.499093 
3.05 0.6 -0.243757 0.458254 
3.1 0.6 -0.238276 0.416464 
3.15 0.6 -0.224245 0.374861 
3.2 0.6 -0.202067 0.334817 
3.25 0.6 -0.172435 0.297979 
3.3 0.6 -0.136337 0.266223 
3.35 0.6 -0.0950463 0.24149 
3.4 0.6 -0.0500891 0.225526 
3.45 0.6 -0.00318246 0.219574 
3.5 0.6 0.0438491 0.224121 
3.55 0.6 0.0891742 0.238794 
3.6 0.6 0.131056 0.262439 
3.65 0.6 0.167938 0.29336 
3.7 0.6 0.198512 0.329626 
3.75 0.6 0.221748 0.36934 
3.8 0.6 0.236916 0.410818 
3.85 0.6 0.243572 0.452654 
3.9 0.6 0.241559 0.493682 
3.95 0.6 0.230987 0.532896 
4 0.6 0.212232 0.569351 
4.05 0.6 0.18593 0.602091 
4.1 0.6 0.152973 0.630122 
4.15 0.6 0.1145 0.652444 
4.2 0.6 0.071867 0.668139 
4.25 0.6 0.0266097 0.676483 
4.3 0.6 -0.019618 0.677064 
4.35 0.6 -0.0651168 0.669851 
4.4 0.6 -0.10822 0.655197 
4.45 0.6 -0.147367 0.633782 
4.5 0.6 -0.181167 0.6065 
4.55 0.6 -0.208442 0.574341 
4.6 0.6 -0.228256 0.538305 
4.65 0.6 -0.239928 0.499353 
4.7 0.6 -0.243038 0.458435 
4.75 0.6 -0.237432 0.416553 
4.8 0.6 -0.223228 0.374859 
4.85 0.6 -0.200833 0.334745 
4.9 0.6 -0.170952 0.297881 
4.95 0.6 -0.134602 0.266168 
5 0.6 -0.0931054 0.241562 
0 0.65 -0.121826 0.243977 
0.05 0.65 -0.0845095 0.219371 
0.1 0.65 -0.0439014 0.203511 
0.15 0.65 -0.00153305 0.197682 
0.2 0.65 0.0409422 0.20238 
0.25 0.65 0.0818527 0.217203 
0.3 0.65 0.11961 0.240933 
0.35 0.65 0.152796 0.271794 
0.4 0.65 0.180221 0.307773 
0.45 0.65 0.200963 0.346903 
0.5 0.65 0.214373 0.387451 
0.55 0.65 0.220075 0.42798 
0.6 0.65 0.217948 0.467323 
0.65 0.65 0.208119 0.504506 
0.7 0.65 0.190949 0.538664 
0.75 0.65 0.167032 0.568971 
0.8 0.65 0.137185 0.594616 
0.85 0.65 0.102437 0.61482 
0.9 0.65 0.0640071 0.628885 
0.95 0.65 0.0232638 0.636279 
1 0.65 -0.0183234 0.636703 
1.05 0.65 -0.0592479 0.630137 
1.1 0.65 -0.0980323 0.616849 
1.15 0.65 -0.133291 0.597346 
1.2 0.65 -0.163785 0.572308 
1.25 0.65 -0.188459 0.542508 
1.3 0.65 -0.206467 0.508753 
1.35 0.65 -0.217185 0.471866 
1.4 0.65 -0.220221 0.432703 
1.45 0.65 -0.215415 0.392221 
1.5 0.65 -0.202854 0.35156 
1.55 0.65 -0.182878 0.312127 
1.6 0.65 -0.1561 0.275625 
1.65 0.65 -0.123406 0.244009 
1.7 0.65 -0.0859543 0.219309 
1.75 0.65 -0.0451401 0.203356 
1.8 0.65 -0.00254282 0.197455 
1.85 0.65 0.0401562 0.202112 
1.9 0.65 0.0812701 0.216927 
1.95 0.65 0.119203 0.240677 
2 0.65 0.152533 0.271578 
2.05 0.65 0.180073 0.307605 
2.1 0.65 0.200903 0.346787 
2.15 0.65 0.214378 0.387382 
2.2 0.65 0.220127 0.427951 
2.25 0.65 0.218032 0.467327 
2.3 0.65 0.208223 0.504536 
2.35 0.65 0.191066 0.538714 
2.4 0.65 0.167155 0.569037 
2.45 0.65 0.137311 0.594697 
2.5 0.65 0.102562 0.614914 
2.55 0.65 0.0641275 0.628993 
2.6 0.65 0.0233771 0.636402 
2.65 0.65 -0.0182203 0.636841 
2.7 0.65 -0.0591585 0.630292 
2.75 0.65 -0.0979602 0.617021 
2.8 0.65 -0.13324 0.597536 
2.85 0.65 -0.16376 0.572517 
2.9 0.65 -0.188463 0.542734 
2.95 0.65 -0.206504 0.508996 
3 0.65 -0.21726 0.472123 
3.05 0.65 -0.220335 0.432971 
3.1 0.65 -0.215571 0.392495 
3.15 0.65 -0.203052 0.351832 
3.2 0.65 -0.183118 0.312384 
3.25 0.65 -0.156378 0.275854 
3.3 0.65 -0.123716 0.244193 
3.35 0.65 -0.0862874 0.219432 
3.4 0.65 -0.0454863 0.203405 
3.45 0.65 -0.00288999 0.19742 
3.5 0.65 0.0398214 0.201993 
3.55 0.65 0.0809611 0.216729 
3.6 0.65 0.118933 0.240412 
3.65 0.65 0.152313 0.271261 
3.7 0.65 0.179915 0.307253 
3.75 0.65 0.200814 0.346414 
3.8 0.65 0.214365 0.387002 
3.85 0.65 0.220193 0.427576 
3.9 0.65 0.218179 0.466967 
3.95 0.65 0.208451 0.504201 
4 0.65 0.191371 0.538413 
4.05 0.65 0.167531 0.568782 
4.1 0.65 0.137748 0.594497 
4.15 0.65 0.10305 0.614778 
4.2 0.65 0.0646525 0.628929 
4.25 0.65 0.0239255 0.636412 
4.3 0.65 -0.0176622 0.636923 
4.35 0.65 -0.0586023 0.630439 
4.4 0.65 -0.097414 0.617219 
4.45 0.65 -0.132707 0.597766 
4.5 0.65 -0.163235 0.572753 
4.55 0.65 -0.187935 0.542951 
4.6 0.65 -0.205953 0.509167 
4.65 0.65 -0.216655 0.472222 
4.7 0.65 -0.219639 0.432979 
4.75 0.65 -0.214742 0.392401 
4.8 0.65 -0.202045 0.351641 
4.85 0.65 -0.181893 0.312123 
4.9 0.65 -0.154909 0.275576 
4.95 0.65 -0.122006 0.243977 
5 0.65 -0.0843846 0.219371 
0 0.7 -0.104974 0.218971 
0.05 0.7 -0.07282 0.195367 
0.1 0.7 -0.0377972 0.180139 
0.15 0.7 -0.00124307 0.174556 
0.2 0.7 0.0353981 0.179105 
0.25 0.7 0.0706671 0.193383 
0.3 0.7 0.103181 0.216184 
0.35 0.7 0.131708 0.245752 
0.4 0.7 0.155227 0.280102 
0.45 0.7 0.172951 0.317302 
0.5 0.7 0.184337 0.355653 
0.55 0.7 0.189081 0.393752 
0.6 0.7 0.187099 0.430475 
0.65 0.7 0.17852 0.464903 
0.7 0.7 0.163673 0.496254 
0.75 0.7 0.14308 0.52382 
0.8 0.7 0.117448 0.546944 
0.85 0.7 0.0876611 0.565019 
0.9 0.7 0.0547574 0.577527 
0.95 0.7 0.019898 0.584076 
1 0.7 -0.0156745 0.58445 
1.05 0.7 -0.0506871 0.578636 
1.1 0.7 -0.0838904 0.566826 
1.15 0.7 -0.11411 0.54939 
1.2 0.7 -0.140291 0.526836 
1.25 0.7 -0.161527 0.499757 
1.3 0.7 -0.177087 0.468807 
1.35 0.7 -0.186424 0.434683 
1.4 0.7 -0.189181 0.398158 
1.45 0.7 -0.185204 0.360128 
1.5 0.7 -0.174543 0.321693 
1.55 0.7 -0.157474 0.284224 
1.6 0.7 -0.134507 0.249391 
1.65 0.7 -0.106396 0.219117 
1.7 0.7 -0.0741389 0.195404 
1.75 0.7 -0.0389457 0.180061 
1.8 0.7 -0.00219377 0.174379 
1.85 0.7 0.0346472 0.178864 
1.9 0.7 0.0701021 0.193115 
1.95 0.7 0.102779 0.215924 
2 0.7 0.131443 0.245524 
2.05 0.7 0.155072 0.279921 
2.1 0.7 0.172881 0.317172 
2.15 0.7 0.18433 0.355572 
2.2 0.7 0.189119 0.393715 
2.25 0.7 0.187168 0.430474 
2.3 0.7 0.178609 0.464931 
2.35 0.7 0.163774 0.496304 
2.4 0.7 0.143187 0.523889 
2.45 0.7 0.117558 0.547028 
2.5 0.7 0.08777 0.565118 
2.55 0.7 0.0548625 0.577639 
2.6 0.7 0.0199969 0.584201 
2.65 0.7 -0.0155844 0.584589 
2.7 0.7 -0.0506087 0.578791 
2.75 0.7 -0.0838268 0.566997 
2.8 0.7 -0.114065 0.549578 
2.85 0.7 -0.140267 0.52704 
2.9 0.7 -0.161528 0.499979 
2.95 0.7 -0.177117 0.469045 
3 0.7 -0.186485 0.434936 
3.05 0.7 -0.189277 0.398421 
3.1 0.7 -0.185336 0.360397 
3.15 0.7 -0.174712 0.32196 
3.2 0.7 -0.157679 0.284477 
3.25 0.7 -0.134745 0.249618 
3.3 0.7 -0.106663 0.2193 
3.35 0.7 -0.0744259 0.195528 
3.4 0.7 -0.0392444 0.180112 
3.45 0.7 -0.00249348 0.174351 
3.5 0.7 0.034358 0.178754 
3.55 0.7 0.0698354 0.19293 
3.6 0.7 0.102546 0.215675 
3.65 0.7 0.131254 0.245227 
3.7 0.7 0.154935 0.279591 
3.75 0.7 0.172804 0.316826 
3.8 0.7 0.184318 0.355222 
3.85 0.7 0.189175 0.393372 
3.9 0.7 0.187293 0.430147 
3.95 0.7 0.178802 0.46463 
4 0.7 0.164031 0.496037 
4.05 0.7 0.143503 0.523663 
4.1 0.7 0.117925 0.546852 
4.15 0.7 0.0881782 0.564997 
4.2 0.7 0.0553009 0.577577 
4.25 0.7 0.0204537 0.584198 
4.3 0.7 -0.0151203 0.584642 
4.35 0.7 -0.0501467 0.578891 
4.4 0.7 -0.0833728 0.56713 
4.45 0.7 -0.11362 0.549725 
4.5 0.7 -0.139826 0.527179 
4.55 0.7 -0.16108 0.500086 
4.6 0.7 -0.17664 0.469094 
4.65 0.7 -0.185953 0.434905 
4.7 0.7 -0.188656 0.398293 
4.75 0.7 -0.184587 0.360165 
4.8 0.7 -0.173798 0.321632 
4.85 0.7 -0.156567 0.284084 
4.9 0.7 -0.133416 0.249216 
4.95 0.7 -0.105122 0.218971 
5 0.7 -0.0727171 0.195367 
0 0.75 -0.0848351 0.190456 
0.05 0.75 -0.0588565 0.168961 
0.1 0.75 -0.0305346 0.155092 
0.15 0.75 -0.00096654 0.150018 
0.2 0.75 0.0286656 0.154186 
0.25 0.75 0.0571694 0.167222 
0.3 0.75 0.0834168 0.188006 
0.35 0.75 0.106409 0.214916 
0.4 0.75 0.125322 0.246118 
0.45 0.75 0.139527 0.279827 
0.5 0.75 0.1486 0.314477 
0.55 0.75 0.152309 0.348773 
0.6 0.75 0.150602 0.381681 
0.65 0.75 0.143597 0.412371 
0.7 0.75 0.131571 0.440154 
0.75 0.75 0.114953 0.464431 
0.8 0.75 0.0943154 0.48467 
0.85 0.75 0.0703695 0.500404 
0.9 0.75 0.0439448 0.511242 
0.95 0.75 0.0159662 0.5169 
1 0.75 -0.0125787 0.517223 
1.05 0.75 -0.040679 0.5122 
1.1 0.75 -0.067342 0.501971 
1.15 0.75 -0.0916325 0.486803 
1.2 0.75 -0.112707 0.467074 
1.25 0.75 -0.129838 0.443242 
1.3 0.75 -0.142434 0.415832 
1.35 0.75 -0.150045 0.385432 
1.4 0.75 -0.152374 0.352716 
1.45 0.75 -0.14928 0.318497 
1.5 0.75 -0.14079 0.283782 
1.55 0.75 -0.12711 0.249838 
1.6 0.75 -0.10864 0.218207 
1.65 0.75 -0.0859818 0.190665 
1.7 0.75 -0.0599384 0.169061 
1.75 0.75 -0.0314943 0.155071 
1.8 0.75 -0.00177408 0.149888 
1.85 0.75 0.028019 0.153979 
1.9 0.75 0.0566772 0.166976 
1.95 0.75 0.0830632 0.187758 
2 0.75 0.106173 0.214693 
2.05 0.75 0.125181 0.245937 
2.1 0.75 0.139461 0.279695 
2.15 0.75 0.148589 0.314393 
2.2 0.75 0.152336 0.348732 
2.25 0.75 0.150656 0.381677 
2.3 0.75 0.143669 0.412396 
2.35 0.75 0.131654 0.440202 
2.4 0.75 0.115041 0.464498 
2.45 0.75 0.0944053 0.484753 
2.5 0.75 0.0704586 0.5005 
2.55 0.75 0.0440308 0.511351 
2.6 0.75 0.0160471 0.517022 
2.65 0.75 -0.012505 0.517357 
2.7 0.75 -0.0406147 0.512349 
2.75 0.75 -0.0672894 0.502133 
2.8 0.75 -0.0915943 0.48698 
2.85 0.75 -0.112686 0.467266 
2.9 0.75 -0.129837 0.44345 
2.95 0.75 -0.142456 0.416055 
3 0.75 -0.150093 0.385667 
3.05 0.75 -0.152449 0.352961 
3.1 0.75 -0.149384 0.318747 
3.15 0.75 -0.140925 0.28403 
3.2 0.75 -0.127274 0.250073 
3.25 0.75 -0.108831 0.218417 
3.3 0.75 -0.0861962 0.190835 
3.35 0.75 -0.06017 0.169178 
3.4 0.75 -0.0317357 0.155121 
3.45 0.75 -0.00201653 0.149865 
3.5 0.75 0.027785 0.153882 
3.55 0.75 0.0564613 0.166811 
3.6 0.75 0.0828746 0.187535 
3.65 0.75 0.10602 0.214427 
3.7 0.75 0.12507 0.245642 
3.75 0.75 0.139398 0.279386 
3.8 0.75 0.148578 0.314081 
3.85 0.75 0.15238 0.348428 
3.9 0.75 0.150755 0.38139 
3.95 0.75 0.143821 0.412134 
4 0.75 0.131857 0.439971 
4.05 0.75 0.11529 0.464303 
4.1 0.75 0.0946939 0.484601 
4.15 0.75 0.0707789 0.500394 
4.2 0.75 0.0443739 0.511292 
4.25 0.75 0.0164036 0.517008 
4.3 0.75 -0.0121438 0.517385 
4.35 0.75 -0.0402559 0.512408 
4.4 0.75 -0.0669372 0.502212 
4.45 0.75 -0.0912489 0.487061 
4.5 0.75 -0.112342 0.46733 
4.55 0.75 -0.129485 0.443475 
4.6 0.75 -0.142077 0.416018 
4.65 0.75 -0.149663 0.385549 
4.7 0.75 -0.151941 0.352749 
4.75 0.75 -0.148768 0.318436 
4.8 0.75 -0.140169 0.283633 
4.85 0.75 -0.126356 0.249621 
4.9 0.75 -0.10774 0.217964 
4.95 0.75 -0.0849405 0.190456 
5 0.75 -0.0587831 0.168961 
0 0.8 -0.0627933 0.15819 
0.05 0.8 -0.04357 0.139877 
0.1 0.8 -0.0225984 0.128067 
0.15 0.8 -0.000703828 0.123754 
0.2 0.8 0.0212302 0.127318 
0.25 0.8 0.0423139 0.138435 
0.3 0.8 0.0617072 0.156148 
0.35 0.8 0.0786689 0.179069 
0.4 0.8 0.0925914 0.205627 
0.45 0.8 0.103017 0.234292 
0.5 0.8 0.10964 0.263716 
0.55 0.8 0.1123 0.292785 
0.6 0.8 0.11097 0.320608 
0.65 0.8 0.105746 0.346475 
0.7 0.8 0.0968384 0.369806 
0.75 0.8 0.084568 0.390113 
0.8 0.8 0.0693593 0.406977 
0.85 0.8 0.0517344 0.420039 
0.9 0.8 0.0323008 0.429011 
0.95 0.8 0.0117342 0.433686 
1 0.8 -0.00924534 0.433952 
1.05 0.8 -0.0299008 0.429803 
1.1 0.8 -0.0495083 0.421337 
1.15 0.8 -0.067385 0.408749 
1.2 0.8 -0.0829132 0.392317 
1.25 0.8 -0.0955589 0.372391 
1.3 0.8 -0.104884 0.349381 
1.35 0.8 -0.110553 0.323767 
1.4 0.8 -0.112339 0.296115 
1.45 0.8 -0.110131 0.267117 
1.5 0.8 -0.103937 0.237641 
1.55 0.8 -0.093899 0.20878 
1.6 0.8 -0.0803028 0.18186 
1.65 0.8 -0.0635873 0.158405 
1.7 0.8 -0.0443447 0.140002 
1.75 0.8 -0.0233066 0.128081 
1.8 0.8 -0.001313 0.123665 
1.85 0.8 0.0207352 0.127152 
1.9 0.8 0.0419336 0.138226 
1.95 0.8 0.0614321 0.155931 
2 0.8 0.0784845 0.17887 
2.05 0.8 0.0924808 0.205463 
2.1 0.8 0.102964 0.234171 
2.15 0.8 0.10963 0.263638 
2.2 0.8 0.11232 0.292746 
2.25 0.8 0.111011 0.320602 
2.3 0.8 0.1058 0.346496 
2.35 0.8 0.0969005 0.36985 
2.4 0.8 0.0846341 0.390175 
2.45 0.8 0.0694266 0.407053 
2.5 0.8 0.051801 0.420127 
2.55 0.8 0.032365 0.429111 
2.6 0.8 0.0117945 0.433796 
2.65 0.8 -0.00919026 0.434074 
2.7 0.8 -0.0298526 0.429936 
2.75 0.8 -0.0494686 0.421481 
2.8 0.8 -0.0673557 0.408905 
2.85 0.8 -0.0828965 0.392486 
2.9 0.8 -0.0955569 0.372572 
2.95 0.8 -0.104899 0.349575 
3 0.8 -0.110586 0.323972 
3.05 0.8 -0.112393 0.296327 
3.1 0.8 -0.110207 0.267333 
3.15 0.8 -0.104035 0.237856 
3.2 0.8 -0.0940191 0.208983 
3.25 0.8 -0.0804433 0.182042 
3.3 0.8 -0.0637452 0.158553 
3.35 0.8 -0.0445156 0.140103 
3.4 0.8 -0.023485 0.128126 
3.45 0.8 -0.00149243 0.123647 
3.5 0.8 0.0205619 0.127071 
3.55 0.8 0.0417736 0.138087 
3.6 0.8 0.0612923 0.155743 
3.65 0.8 0.0783709 0.178645 
3.7 0.8 0.0923985 0.205214 
3.75 0.8 0.102917 0.23391 
3.8 0.8 0.109621 0.263376 
3.85 0.8 0.112351 0.292491 
3.9 0.8 0.111082 0.320363 
3.95 0.8 0.10591 0.346278 
4 0.8 0.0970471 0.369658 
4.05 0.8 0.0848137 0.390013 
4.1 0.8 0.0696346 0.406926 
4.15 0.8 0.0520312 0.420037 
4.2 0.8 0.0326109 0.429057 
4.25 0.8 0.0120492 0.433777 
4.3 0.8 -0.00893312 0.434083 
4.35 0.8 -0.0295981 0.429967 
4.4 0.8 -0.0492197 0.421522 
4.45 0.8 -0.067112 0.408941 
4.5 0.8 -0.0826538 0.392501 
4.55 0.8 -0.0953064 0.372548 
4.6 0.8 -0.104627 0.349492 
4.65 0.8 -0.110275 0.323816 
4.7 0.8 -0.112022 0.296088 
4.75 0.8 -0.109752 0.26701 
4.8 0.8 -0.103477 0.237461 
4.85 0.8 -0.0933437 0.208546 
4.9 0.8 -0.0796491 0.181611 
4.95 0.8 -0.0628451 0.15819 
5 0.8 -0.0435337 0.139877 
0 0.85 -0.0406772 0.122345 
0.05 0.85 -0.0282195 0.108099 
0.1 0.85 -0.0146323 0.0989224 
0.15 0.85 -0.00045706 0.0955779 
0.2 0.85 0.013734 0.0983533 
0.25 0.85 0.0273635 0.106997 
0.3 0.85 0.039886 0.120771 
0.35 0.85 0.0508216 0.138601 
0.4 0.85 0.0597793 0.159267 
0.45 0.85 0.0664677 0.181576 
0.5 0.85 0.0706959 0.204472 
0.55 0.85 0.0723668 0.227078 
0.6 0.85 0.0714693 0.24869 
0.65 0.85 0.0680703 0.26875 
0.7 0.85 0.0623092 0.286806 
0.75 0.85 0.0543942 0.302487 
0.8 0.85 0.0445991 0.315478 
0.85 0.85 0.0332588 0.325519 
0.9 0.85 0.0207623 0.332403 
0.95 0.85 0.00754183 0.335986 
1 0.85 -0.00594253 0.33619 
1.05 0.85 -0.0192199 0.33301 
1.1 0.85 -0.0318276 0.326515 
1.15 0.85 -0.0433291 0.31684 
1.2 0.85 -0.0533289 0.304185 
1.25 0.85 -0.0614844 0.288802 
1.3 0.85 -0.067513 0.270998 
1.35 0.85 -0.0711975 0.251138 
1.4 0.85 -0.0723884 0.229661 
1.45 0.85 -0.0710082 0.207112 
1.5 0.85 -0.0670567 0.184176 
1.55 0.85 -0.0606183 0.161714 
1.6 0.85 -0.0518714 0.140767 
1.65 0.85 -0.0410951 0.122524 
1.7 0.85 -0.0286705 0.108217 
1.75 0.85 -0.0150725 0.0989538 
1.8 0.85 -0.00084927 0.0955231 
1.85 0.85 0.0134097 0.0982319 
1.9 0.85 0.0271124 0.106837 
1.95 0.85 0.0397041 0.1206 
2 0.85 0.0506999 0.138441 
2.05 0.85 0.0597067 0.159134 
2.1 0.85 0.0664334 0.181477 
2.15 0.85 0.0706899 0.204407 
2.2 0.85 0.0723809 0.227045 
2.25 0.85 0.0714969 0.248684 
2.3 0.85 0.0681064 0.268767 
2.35 0.85 0.0623503 0.286842 
2.4 0.85 0.0544376 0.302537 
2.45 0.85 0.0446431 0.31554 
2.5 0.85 0.0333022 0.325591 
2.55 0.85 0.0208041 0.332485 
2.6 0.85 0.00758109 0.336076 
2.65 0.85 -0.00590663 0.336289 
2.7 0.85 -0.0191883 0.333118 
2.75 0.85 -0.0318015 0.326631 
2.8 0.85 -0.0433095 0.316966 
2.85 0.85 -0.0533173 0.30432 
2.9 0.85 -0.061482 0.288947 
2.95 0.85 -0.0675214 0.271153 
3 0.85 -0.0712179 0.2513 
3.05 0.85 -0.0724221 0.229829 
3.1 0.85 -0.071056 0.207283 
3.15 0.85 -0.0671189 0.184345 
3.2 0.85 -0.0606949 0.161874 
3.25 0.85 -0.0519613 0.140909 
3.3 0.85 -0.0411965 0.12264 
3.35 0.85 -0.0287806 0.108297 
3.4 0.85 -0.0151877 0.0989895 
3.45 0.85 -0.000965292 0.0955101 
3.5 0.85 0.0132975 0.0981696 
3.55 0.85 0.0270088 0.10673 
3.6 0.85 0.0396135 0.120455 
3.65 0.85 0.0506262 0.138268 
3.7 0.85 0.0596532 0.158941 
3.75 0.85 0.0664026 0.181275 
3.8 0.85 0.0706835 0.204205 
3.85 0.85 0.0723999 0.226848 
3.9 0.85 0.0715414 0.2485 
3.95 0.85 0.0681757 0.268599 
4 0.85 0.0624428 0.286694 
4.05 0.85 0.054551 0.302413 
4.1 0.85 0.0447741 0.315442 
4.15 0.85 0.033447 0.32552 
4.2 0.85 0.0209583 0.33244 
4.25 0.85 0.00774024 0.336056 
4.3 0.85 -0.0057467 0.336288 
4.35 0.85 -0.0190309 0.33313 
4.4 0.85 -0.0316483 0.326648 
4.45 0.85 -0.0431603 0.316976 
4.5 0.85 -0.0531691 0.30431 
4.55 0.85 -0.0613289 0.288903 
4.6 0.85 -0.0673543 0.271061 
4.65 0.85 -0.0710247 0.251149 
4.7 0.85 -0.0721887 0.229613 
4.75 0.85 -0.0707682 0.207002 
4.8 0.85 -0.0667652 0.184013 
4.85 0.85 -0.0602704 0.161514 
4.9 0.85 -0.0514731 0.140561 
4.95 0.85 -0.0406648 0.122345 
5 0.85 -0.0282278 0.108099 
0 0.9 -0.0208211 0.0834571 
0.05 0.9 -0.0144148 0.0738426 
0.1 0.9 -0.00746511 0.0676652 
0.15 0.9 -0.000236575 0.0654182 
0.2 0.9 0.00698981 0.0672886 
0.25 0.9 0.0139231 0.0731093 
0.3 0.9 0.0202855 0.0823914 
0.35 0.9 0.0258326 0.0944203 
0.4 0.9 0.0303668 0.108381 
0.45 0.9 0.0337425 0.123469 
0.5 0.9 0.0358663 0.138967 
0.55 0.9 0.0366926 0.154274 
0.6 0.9 0.0362189 0.168906 
0.65 0.9 0.0344813 0.182481 
0.7 0.9 0.0315519 0.194689 
0.75 0.9 0.0275364 0.205279 
0.8 0.9 0.0225732 0.214041 
0.85 0.9 0.0168311 0.220805 
0.9 0.9 0.0105061 0.225438 
0.95 0.9 0.00381613 0.227848 
1 0.9 -0.00300695 0.227985 
1.05 0.9 -0.00972569 0.225846 
1.1 0.9 -0.0161068 0.221475 
1.15 0.9 -0.0219303 0.214958 
1.2 0.9 -0.0269969 0.206424 
1.25 0.9 -0.0311339 0.196037 
1.3 0.9 -0.0341985 0.184001 
1.35 0.9 -0.0360804 0.170562 
1.4 0.9 -0.0367026 0.15602 
1.45 0.9 -0.0360237 0.140751 
1.5 0.9 -0.0340404 0.125226 
1.55 0.9 -0.0307919 0.110033 
1.6 0.9 -0.0263652 0.0958811 
1.65 0.9 -0.0208994 0.0835729 
1.7 0.9 -0.0145871 0.0739327 
1.75 0.9 -0.00767087 0.0676976 
1.8 0.9 -0.000432337 0.0653897 
1.85 0.9 0.00682462 0.067212 
1.9 0.9 0.0137948 0.0730039 
1.95 0.9 0.020193 0.0822766 
2 0.9 0.0257714 0.0943119 
2.05 0.9 0.030331 0.108289 
2.1 0.9 0.0337264 0.1234 
2.15 0.9 0.0358646 0.138921 
2.2 0.9 0.0367009 0.15425 
2.25 0.9 0.0362339 0.168902 
2.3 0.9 0.0345005 0.182493 
2.35 0.9 0.0315733 0.194714 
2.4 0.9 0.0275589 0.205314 
2.45 0.9 0.0225958 0.214084 
2.5 0.9 0.0168533 0.220855 
2.55 0.9 0.0105275 0.225495 
2.6 0.9 0.00383616 0.227911 
2.65 0.9 -0.0029886 0.228054 
2.7 0.9 -0.00970947 0.225921 
2.75 0.9 -0.0160933 0.221556 
2.8 0.9 -0.02192 0.215045 
2.85 0.9 -0.0269906 0.206517 
2.9 0.9 -0.0311321 0.196137 
2.95 0.9 -0.0342021 0.184107 
3 0.9 -0.03609 0.170673 
3.05 0.9 -0.036719 0.156136 
3.1 0.9 -0.0360472 0.140868 
3.15 0.9 -0.0340713 0.125341 
3.2 0.9 -0.0308302 0.110142 
3.25 0.9 -0.0264104 0.0959781 
3.3 0.9 -0.0209506 0.0836515 
3.35 0.9 -0.0146429 0.0739867 
3.4 0.9 -0.00772938 0.0677218 
3.45 0.9 -0.000491357 0.0653811 
3.5 0.9 0.00676749 0.0671702 
3.55 0.9 0.013742 0.0729316 
3.6 0.9 0.0201467 0.0821787 
3.65 0.9 0.0257337 0.0941948 
3.7 0.9 0.0303035 0.10816 
3.75 0.9 0.0337104 0.123264 
3.8 0.9 0.035861 0.138785 
3.85 0.9 0.0367101 0.154118 
3.9 0.9 0.0362558 0.168778 
3.95 0.9 0.0345348 0.18238 
4 0.9 0.0316193 0.194614 
4.05 0.9 0.0276152 0.20523 
4.1 0.9 0.0226609 0.214018 
4.15 0.9 0.016925 0.220807 
4.2 0.9 0.0106037 0.225463 
4.25 0.9 0.0039145 0.227894 
4.3 0.9 -0.00291031 0.22805 
4.35 0.9 -0.00963295 0.225925 
4.4 0.9 -0.0160195 0.221561 
4.45 0.9 -0.0218488 0.215044 
4.5 0.9 -0.0269203 0.206501 
4.55 0.9 -0.0310598 0.196096 
4.6 0.9 -0.0341228 0.184033 
4.65 0.9 -0.0359975 0.170559 
4.7 0.9 -0.0366059 0.155978 
4.75 0.9 -0.0359063 0.140668 
4.8 0.9 -0.0338975 0.125109 
4.85 0.9 -0.030624 0.109897 
4.9 0.9 -0.0261841 0.0957458 
4.95 0.9 -0.0207339 0.0834571 
5 0.9 -0.0144752 0.0738426 
0 0.95 -0.00614409 0.0423371 
0.05 0.95 -0.0041726 0.0375555 
0.1 0.95 -0.00214623 0.0344981 
0.15 0.95 -6.85218e-05 0.0333882 
0.2 0.95 0.00200154 0.0343147 
0.25 0.95 0.00398504 0.0371975 
0.3 0.95 0.00580263 0.0418001 
0.35 0.95 0.0073842 0.0477751 
0.4 0.95 0.00867362 0.0547232 
0.45 0.95 0.00963036 0.0622466 
0.5 0.95 0.010229 0.0699868 
0.55 0.95 0.010458 0.077641 
0.6 0.95 0.0103175 0.0849639 
0.65 0.95 0.00981849 0.0917595 
0.7 0.95 0.00898172 0.097871 
0.75 0.95 0.00783714 0.103171 
0.8 0.95 0.00642383 0.107554 
0.85 0.95 0.00478948 0.110937 
0.9 0.95 0.00298958 0.113253 
0.95 0.95 0.00108591 0.114457 
1 0.95 -0.000855616 0.114526 
1.05 0.95 -0.00276748 0.113457 
1.1 0.95 -0.00458339 0.111272 
1.15 0.95 -0.00624092 0.108013 
1.2 0.95 -0.00768364 0.103743 
1.25 0.95 -0.00886274 0.098545 
1.3 0.95 -0.00973796 0.0925197 
1.35 0.95 -0.010278 0.0857918 
1.4 0.95 -0.0104608 0.0785143 
1.45 0.95 -0.0102739 0.070878 
1.5 0.95 -0.00971544 0.0631229 
1.55 0.95 -0.00879522 0.0555458 
1.6 0.95 -0.00753671 0.0485015 
1.65 0.95 -0.00597853 0.042387 
1.7 0.95 -0.00417523 0.0376067 
1.75 0.95 -0.00219647 0.0345193 
1.8 0.95 -0.000123845 0.0333775 
1.85 0.95 0.00195414 0.034279 
1.9 0.95 0.00394861 0.0371467 
1.95 0.95 0.00577683 0.0417438 
2 0.95 0.00736753 0.0477214 
2.05 0.95 0.00866428 0.0546775 
2.1 0.95 0.00962658 0.0622117 
2.15 0.95 0.0102293 0.0699635 
2.2 0.95 0.0104609 0.0776288 
2.25 0.95 0.0103222 0.0849614 
2.3 0.95 0.00982426 0.0917652 
2.35 0.95 0.00898803 0.0978834 
2.4 0.95 0.00784366 0.103189 
2.45 0.95 0.00643033 0.107576 
2.5 0.95 0.00479583 0.110963 
2.55 0.95 0.00299566 0.113282 
2.6 0.95 0.00109162 0.114489 
2.65 0.95 -0.000850363 0.114561 
2.7 0.95 -0.00276281 0.113495 
2.75 0.95 -0.00457945 0.111313 
2.8 0.95 -0.00623787 0.108057 
2.85 0.95 -0.00768167 0.103791 
2.9 0.95 -0.00886206 0.0985956 
2.95 0.95 -0.00973876 0.0925733 
3 0.95 -0.0102805 0.085848 
3.05 0.95 -0.0104652 0.0785723 
3.1 0.95 -0.0102804 0.0709368 
3.15 0.95 -0.00972402 0.0631806 
3.2 0.95 -0.00880594 0.0556002 
3.25 0.95 -0.00754945 0.0485498 
3.3 0.95 -0.00599303 0.042426 
3.35 0.95 -0.0041911 0.0376335 
3.4 0.95 -0.00221316 0.0345312 
3.45 0.95 -0.000140731 0.0333731 
3.5 0.95 0.00193777 0.0342583 
3.55 0.95 0.00393345 0.0371108 
3.6 0.95 0.00576354 0.0416952 
3.65 0.95 0.0073567 0.0476632 
3.7 0.95 0.00865636 0.0546129 
3.75 0.95 0.00962193 0.062144 
3.8 0.95 0.0102281 0.0698954 
3.85 0.95 0.0104634 0.0775627 
3.9 0.95 0.0103283 0.0848992 
3.95 0.95 0.00983384 0.0917086 
4 0.95 0.00900088 0.0978336 
4.05 0.95 0.00785943 0.103147 
4.1 0.95 0.00644853 0.107543 
4.15 0.95 0.00481587 0.110938 
4.2 0.95 0.00301688 0.113266 
4.25 0.95 0.00111333 0.11448 
4.3 0.95 -0.000828821 0.114558 
4.35 0.95 -0.00274196 0.113495 
4.4 0.95 -0.00455959 0.111314 
4.45 0.95 -0.00621898 0.108055 
4.5 0.95 -0.00766333 0.10378 
4.55 0.95 -0.00884336 0.0985728 
4.6 0.95 -0.0097183 0.0925338 
4.65 0.95 -0.0102564 0.0857885 
4.7 0.95 -0.0104351 0.0784912 
4.75 0.95 -0.0102422 0.0708356 
4.8 0.95 -0.00967623 0.0630649 
4.85 0.95 -0.00874984 0.0554804 
4.9 0.95 -0.00749441 0.0484396 
4.95 0.95 -0.00597137 0.0423371 
5 0.95 -0.0042929 0.0375555 
0 1 0 0 
0.05 1 0 0 
0.1 1 0 0 
0.15 1 0 0 
0.2 1 0 0 
0.25 1 0 0 
0.3 1 0 0 
0.35 1 0 0 
0.4 1 0 0 
0.45 1 0 0 
0.5 1 0 0 
0.55 1 0 0 
0.6 1 0 0 
0.65 1 0 0 
0.7 1 0 0 
0.75 1 0 0 
0.8 1 0 0 
0.85 1 0 0 
0.9 1 0 0 
0.95 1 0 0 
1 1 0 0 
1.05 1 0 0 
1.1 1 0 0 
1.15 1 0 0 
1.2 1 0 0 
1.25 1 0 0 
1.3 1 0 0 
1.35 1 0 0 
1.4 1 0 0 
1.45 1 0 0 
1.5 1 0 0 
1.55 1 0 0 
1.6 1 0 0 
1.65 1 0 0 
1.7 1 0 0 
1.75 1 0 0 
1.8 1 0 0 
1.85 1 0 0 
1.9 1 0 0 
1.95 1 0 0 
2 1 0 0 
2.05 1 0 0 
2.1 1 0 0 
2.15 1 0 0 
2.2 1 0 0 
2.25 1 0 0 
2.3 1 0 0 
2.35 1 0 0 
2.4 1 0 0 
2.45 1 0 0 
2.5 1 0 0 
2.55 1 0 0 
2.6 1 0 0 
2.65 1 0 0 
2.7 1 0 0 
2.75 1 0 0 
2.8 1 0 0 
2.85 1 0 0 
2.9 1 0 0 
2.95 1 0 0 
3 1 0 0 
3.05 1 0 0 
3.1 1 0 0 
3.15 1 0 0 
3.2 1 0 0 
3.25 1 0 0 
3.3 1 0 0 
3.35 1 0 0 
3.4 1 0 0 
3.45 1 0 0 
3.5 1 0 0 
3.55 1 0 0 
3.6 1 0 0 
3.65 1 0 0 
3.7 1 0 0 
3.75 1 0 0 
3.8 1 0 0 
3.85 1 0 0 
3.9 1 0 0 
3.95 1 0 0 
4 1 0 0 
4.05 1 0 0 
4.1 1 0 0 
4.15 1 0 0 
4.2 1 0 0 
4.25 1 0 0 
4.3 1 0 0 
4.35 1 0 0 
4.4 1 0 0 
4.45 1 0 0 
4.5 1 0 0 
4.55 1 0 0 
4.6 1 0 0 
4.65 1 0 0 
4.7 1 0 0 
4.75 1 0 0 
4.8 1 0 0 
4.85 1 0 0 
4.9 1 0 0 
4.95 1 0 0 
5 1 0 0 
