x, y, ksi, T
#iter= 800000
0 0 0 1 
0.05 0 0 1 
0.1 0 0 1 
0.15 0 0 1 
0.2 0 0 1 
0.25 0 0 1 
0.3 0 0 1 
0.35 0 0 1 
0.4 0 0 1 
0.45 0 0 1 
0.5 0 0 1 
0.55 0 0 1 
0.6 0 0 1 
0.65 0 0 1 
0.7 0 0 1 
0.75 0 0 1 
0.8 0 0 1 
0.85 0 0 1 
0.9 0 0 1 
0.95 0 0 1 
1 0 0 1 
1.05 0 0 1 
1.1 0 0 1 
1.15 0 0 1 
1.2 0 0 1 
1.25 0 0 1 
1.3 0 0 1 
1.35 0 0 1 
1.4 0 0 1 
1.45 0 0 1 
1.5 0 0 1 
1.55 0 0 1 
1.6 0 0 1 
1.65 0 0 1 
1.7 0 0 1 
1.75 0 0 1 
1.8 0 0 1 
1.85 0 0 1 
1.9 0 0 1 
1.95 0 0 1 
2 0 0 1 
2.05 0 0 1 
2.1 0 0 1 
2.15 0 0 1 
2.2 0 0 1 
2.25 0 0 1 
2.3 0 0 1 
2.35 0 0 1 
2.4 0 0 1 
2.45 0 0 1 
2.5 0 0 1 
2.55 0 0 1 
2.6 0 0 1 
2.65 0 0 1 
2.7 0 0 1 
2.75 0 0 1 
2.8 0 0 1 
2.85 0 0 1 
2.9 0 0 1 
2.95 0 0 1 
3 0 0 1 
3.05 0 0 1 
3.1 0 0 1 
3.15 0 0 1 
3.2 0 0 1 
3.25 0 0 1 
3.3 0 0 1 
3.35 0 0 1 
3.4 0 0 1 
3.45 0 0 1 
3.5 0 0 1 
3.55 0 0 1 
3.6 0 0 1 
3.65 0 0 1 
3.7 0 0 1 
3.75 0 0 1 
3.8 0 0 1 
3.85 0 0 1 
3.9 0 0 1 
3.95 0 0 1 
4 0 0 1 
4.05 0 0 1 
4.1 0 0 1 
4.15 0 0 1 
4.2 0 0 1 
4.25 0 0 1 
4.3 0 0 1 
4.35 0 0 1 
4.4 0 0 1 
4.45 0 0 1 
4.5 0 0 1 
4.55 0 0 1 
4.6 0 0 1 
4.65 0 0 1 
4.7 0 0 1 
4.75 0 0 1 
4.8 0 0 1 
4.85 0 0 1 
4.9 0 0 1 
4.95 0 0 1 
5 0 0 1 
0 0.05 -0.00799215 0.888595 
0.05 0.05 -0.00604409 0.884582 
0.1 0.05 -0.0039888 0.881786 
0.15 0.05 -0.0018546 0.880178 
0.2 0.05 0.0003134 0.879758 
0.25 0.05 0.00245418 0.880521 
0.3 0.05 0.00450098 0.882447 
0.35 0.05 0.006388 0.885494 
0.4 0.05 0.00805436 0.889606 
0.45 0.05 0.00944649 0.894709 
0.5 0.05 0.0105194 0.90071 
0.55 0.05 0.0112371 0.907502 
0.6 0.05 0.0115727 0.914952 
0.65 0.05 0.0115084 0.922892 
0.7 0.05 0.0110363 0.931104 
0.75 0.05 0.0101599 0.939307 
0.8 0.05 0.00889653 0.947142 
0.85 0.05 0.00727994 0.954185 
0.9 0.05 0.00536262 0.959968 
0.95 0.05 0.00321607 0.964046 
1 0.05 0.000928441 0.966063 
1.05 0.05 -0.00140089 0.965834 
1.1 0.05 -0.00366907 0.963378 
1.15 0.05 -0.00577832 0.95892 
1.2 0.05 -0.00764334 0.952837 
1.25 0.05 -0.00919617 0.945585 
1.3 0.05 -0.010388 0.937626 
1.35 0.05 -0.0111882 0.929375 
1.4 0.05 -0.0115823 0.921173 
1.45 0.05 -0.0115691 0.913289 
1.5 0.05 -0.0111584 0.90593 
1.55 0.05 -0.0103698 0.899257 
1.6 0.05 -0.00923221 0.893397 
1.65 0.05 -0.00778378 0.888455 
1.7 0.05 -0.00607207 0.884521 
1.75 0.05 -0.00415364 0.881664 
1.8 0.05 -0.00209293 0.879938 
1.85 0.05 3.97376e-05 0.879376 
1.9 0.05 0.00217089 0.879991 
1.95 0.05 0.00422708 0.881769 
2 0.05 0.00613802 0.884679 
2.05 0.05 0.00783936 0.888666 
2.1 0.05 0.00927463 0.893659 
2.15 0.05 0.0103964 0.899569 
2.2 0.05 0.0111664 0.90629 
2.25 0.05 0.0115561 0.913692 
2.3 0.05 0.0115461 0.92161 
2.35 0.05 0.0111269 0.929834 
2.4 0.05 0.0103005 0.938087 
2.45 0.05 0.00908249 0.946021 
2.5 0.05 0.0075047 0.953213 
2.55 0.05 0.00561768 0.959199 
2.6 0.05 0.00349122 0.963523 
2.65 0.05 0.00121229 0.965814 
2.7 0.05 -0.00112003 0.96586 
2.75 0.05 -0.00340212 0.963659 
2.8 0.05 -0.00553451 0.959412 
2.85 0.05 -0.00742948 0.953485 
2.9 0.05 -0.00901635 0.946333 
2.95 0.05 -0.0102437 0.938422 
3 0.05 -0.0110787 0.930178 
3.05 0.05 -0.0115052 0.921953 
3.1 0.05 -0.0115207 0.914027 
3.15 0.05 -0.0111345 0.906616 
3.2 0.05 -0.0103659 0.899886 
3.25 0.05 -0.00924385 0.89397 
3.3 0.05 -0.00780668 0.888977 
3.35 0.05 -0.00610241 0.884995 
3.4 0.05 -0.0041881 0.882099 
3.45 0.05 -0.00212885 0.880343 
3.5 0.05 4.28265e-06 0.87976 
3.55 0.05 0.00213701 0.880362 
3.6 0.05 0.00419499 0.882139 
3.65 0.05 0.00610706 0.885057 
3.7 0.05 0.00780798 0.889061 
3.75 0.05 0.00924047 0.894079 
3.8 0.05 0.0103564 0.900021 
3.85 0.05 0.0111171 0.906778 
3.9 0.05 0.0114936 0.914214 
3.95 0.05 0.0114666 0.922161 
4 0.05 0.0110272 0.9304 
4.05 0.05 0.0101783 0.938647 
4.1 0.05 0.00893691 0.946543 
4.15 0.05 0.00733685 0.953659 
4.2 0.05 0.00543088 0.959527 
4.25 0.05 0.00329105 0.963693 
4.3 0.05 0.00100638 0.965798 
4.35 0.05 -0.00132262 0.965648 
4.4 0.05 -0.0035917 0.963258 
4.45 0.05 -0.00570156 0.958849 
4.5 0.05 -0.00756547 0.952798 
4.55 0.05 -0.00911427 0.945566 
4.6 0.05 -0.0102985 0.937618 
4.65 0.05 -0.0110878 0.929375 
4.7 0.05 -0.0114687 0.921185 
4.75 0.05 -0.0114428 0.913321 
4.8 0.05 -0.0110245 0.905991 
4.85 0.05 -0.010241 0.899353 
4.9 0.05 -0.00913491 0.893527 
4.95 0.05 -0.00776856 0.888595 
5 0.05 -0.00621651 0.884582 
0 0.1 -0.0270158 0.778487 
0.05 0.1 -0.0208166 0.770596 
0.1 0.1 -0.0138503 0.764997 
0.15 0.1 -0.00644469 0.761762 
0.2 0.1 0.00113808 0.760909 
0.25 0.1 0.00864621 0.762426 
0.3 0.1 0.0158322 0.766267 
0.35 0.1 0.0224594 0.772349 
0.4 0.1 0.0283108 0.780554 
0.45 0.1 0.0331956 0.79073 
0.5 0.1 0.0369537 0.802696 
0.55 0.1 0.0394571 0.816238 
0.6 0.1 0.0406113 0.831094 
0.65 0.1 0.0403555 0.846938 
0.7 0.1 0.0386662 0.863347 
0.75 0.1 0.0355615 0.879765 
0.8 0.1 0.0311087 0.895484 
0.85 0.1 0.0254322 0.909647 
0.9 0.1 0.0187192 0.921306 
0.95 0.1 0.0112196 0.929542 
1 0.1 0.00323749 0.933623 
1.05 0.1 -0.00488703 0.933159 
1.1 0.1 -0.0128027 0.928193 
1.15 0.1 -0.0201744 0.919192 
1.2 0.1 -0.0267075 0.906935 
1.25 0.1 -0.0321634 0.89236 
1.3 0.1 -0.036367 0.876402 
1.35 0.1 -0.0392052 0.859892 
1.4 0.1 -0.0406202 0.84351 
1.45 0.1 -0.0406023 0.827781 
1.5 0.1 -0.0391823 0.813109 
1.55 0.1 -0.0364276 0.799804 
1.6 0.1 -0.03244 0.788119 
1.65 0.1 -0.0273549 0.778262 
1.7 0.1 -0.0213414 0.770408 
1.75 0.1 -0.0145999 0.764703 
1.8 0.1 -0.00735777 0.761256 
1.85 0.1 0.000137282 0.760134 
1.9 0.1 0.00762691 0.761361 
1.95 0.1 0.0148528 0.764914 
2 0.1 0.0215676 0.770723 
2.05 0.1 0.0275439 0.778681 
2.1 0.1 0.0325819 0.78864 
2.15 0.1 0.0365128 0.800426 
2.2 0.1 0.0392016 0.813825 
2.25 0.1 0.0405472 0.828584 
2.3 0.1 0.0404833 0.844384 
2.35 0.1 0.0389806 0.860812 
2.4 0.1 0.0360517 0.877328 
2.45 0.1 0.0317577 0.893239 
2.5 0.1 0.0262166 0.907699 
2.55 0.1 0.0196092 0.919763 
2.6 0.1 0.0121799 0.928494 
2.65 0.1 0.00422916 0.933126 
2.7 0.1 -0.00390377 0.93322 
2.75 0.1 -0.011865 0.928766 
2.8 0.1 -0.019314 0.920189 
2.85 0.1 -0.0259478 0.908244 
2.9 0.1 -0.0315193 0.893863 
2.95 0.1 -0.0358446 0.877996 
3 0.1 -0.0388029 0.861494 
3.05 0.1 -0.0403307 0.845062 
3.1 0.1 -0.040414 0.829246 
3.15 0.1 -0.0390811 0.814466 
3.2 0.1 -0.0363984 0.801048 
3.25 0.1 -0.0324675 0.78925 
3.3 0.1 -0.0274246 0.779288 
3.35 0.1 -0.02144 0.771342 
3.4 0.1 -0.0147158 0.765559 
3.45 0.1 -0.00748183 0.76205 
3.5 0.1 1.18172e-05 0.760885 
3.55 0.1 0.00750392 0.762088 
3.6 0.1 0.0147332 0.765637 
3.65 0.1 0.021449 0.771463 
3.7 0.1 0.0274212 0.779455 
3.75 0.1 0.032447 0.789466 
3.8 0.1 0.0363556 0.801316 
3.85 0.1 0.0390101 0.814787 
3.9 0.1 0.0403087 0.829619 
3.95 0.1 0.0401856 0.845479 
4 0.1 0.0386132 0.861942 
4.05 0.1 0.0356075 0.878449 
4.1 0.1 0.0312348 0.894289 
4.15 0.1 0.0256194 0.9086 
4.2 0.1 0.0189497 0.920426 
4.25 0.1 0.0114775 0.928841 
4.3 0.1 0.00350998 0.933097 
4.35 0.1 -0.00460875 0.932793 
4.4 0.1 -0.0125227 0.927958 
4.45 0.1 -0.0198916 0.919053 
4.5 0.1 -0.0264158 0.906859 
4.55 0.1 -0.031853 0.892318 
4.6 0.1 -0.0360259 0.876377 
4.65 0.1 -0.0388216 0.85988 
4.7 0.1 -0.040186 0.843516 
4.75 0.1 -0.0401169 0.827821 
4.8 0.1 -0.0386565 0.813199 
4.85 0.1 -0.0358874 0.799957 
4.9 0.1 -0.0319255 0.788327 
4.95 0.1 -0.0269022 0.778487 
5 0.1 -0.0209028 0.770597 
0 0.15 -0.0527076 0.674324 
0.05 0.15 -0.0406622 0.662785 
0.1 0.15 -0.0270826 0.654519 
0.15 0.15 -0.0125635 0.64971 
0.2 0.15 0.0023559 0.648422 
0.25 0.15 0.0171558 0.650649 
0.3 0.15 0.0313324 0.656322 
0.35 0.15 0.044409 0.66531 
0.4 0.15 0.0559508 0.677428 
0.45 0.15 0.0655767 0.692442 
0.5 0.15 0.0729675 0.710077 
0.55 0.15 0.0778701 0.730015 
0.6 0.15 0.0800993 0.751876 
0.65 0.15 0.07954 0.77519 
0.7 0.15 0.0761528 0.799348 
0.75 0.15 0.0699826 0.823546 
0.8 0.15 0.0611719 0.846749 
0.85 0.15 0.0499736 0.867693 
0.9 0.15 0.0367607 0.884965 
0.95 0.15 0.0220235 0.897185 
1 0.15 0.00635327 0.903247 
1.05 0.15 -0.00959194 0.902559 
1.1 0.15 -0.0251337 0.895186 
1.15 0.15 -0.0396234 0.881835 
1.2 0.15 -0.0524868 0.863685 
1.25 0.15 -0.0632549 0.842141 
1.3 0.15 -0.0715776 0.818596 
1.35 0.15 -0.0772235 0.794273 
1.4 0.15 -0.0800691 0.77016 
1.45 0.15 -0.0800858 0.747019 
1.5 0.15 -0.0773279 0.725427 
1.55 0.15 -0.0719241 0.705836 
1.6 0.15 -0.0640737 0.68861 
1.65 0.15 -0.0540449 0.674059 
1.7 0.15 -0.0421729 0.662451 
1.75 0.15 -0.0288558 0.654009 
1.8 0.15 -0.0145454 0.648902 
1.85 0.15 0.000266671 0.647239 
1.9 0.15 0.0150679 0.649056 
1.95 0.15 0.0293457 0.654317 
2 0.15 0.042609 0.662914 
2.05 0.15 0.0544066 0.674673 
2.1 0.15 0.0643412 0.689374 
2.15 0.15 0.0720783 0.706746 
2.2 0.15 0.0773509 0.726477 
2.25 0.15 0.0799613 0.748196 
2.3 0.15 0.079783 0.771443 
2.35 0.15 0.0767655 0.795625 
2.4 0.15 0.0709424 0.819962 
2.45 0.15 0.0624444 0.843442 
2.5 0.15 0.0515122 0.86482 
2.55 0.15 0.0385066 0.882686 
2.6 0.15 0.023908 0.895637 
2.65 0.15 0.00830102 0.902515 
2.7 0.15 -0.00765752 0.902654 
2.75 0.15 -0.0232842 0.89604 
2.8 0.15 -0.03792 0.883314 
2.85 0.15 -0.0509757 0.86562 
2.9 0.15 -0.0619656 0.844356 
2.95 0.15 -0.0705233 0.820937 
3 0.15 -0.0764027 0.796619 
3.05 0.15 -0.079469 0.772426 
3.1 0.15 -0.0796854 0.749153 
3.15 0.15 -0.0771009 0.727401 
3.2 0.15 -0.0718417 0.70764 
3.25 0.15 -0.0641067 0.690247 
3.3 0.15 -0.0541651 0.675541 
3.35 0.15 -0.0423546 0.663796 
3.4 0.15 -0.0290766 0.655237 
3.45 0.15 -0.0147873 0.650039 
3.5 0.15 1.70224e-05 0.648312 
3.55 0.15 0.0148181 0.650094 
3.6 0.15 0.0290977 0.65535 
3.65 0.15 0.0423586 0.663969 
3.7 0.15 0.0541438 0.675781 
3.75 0.15 0.0640508 0.690558 
3.8 0.15 0.0717409 0.708027 
3.85 0.15 0.0769439 0.727868 
3.9 0.15 0.079461 0.749696 
3.95 0.15 0.0791665 0.773037 
4 0.15 0.0760137 0.797276 
4.05 0.15 0.0700429 0.821606 
4.1 0.15 0.0613946 0.844987 
4.15 0.15 0.0503218 0.866147 
4.2 0.15 0.0371995 0.883667 
4.25 0.15 0.0225223 0.89615 
4.3 0.15 0.0068875 0.90247 
4.35 0.15 -0.00903901 0.902015 
4.4 0.15 -0.0245694 0.894833 
4.45 0.15 -0.0390451 0.88162 
4.5 0.15 -0.0518824 0.863557 
4.55 0.15 -0.0626045 0.842056 
4.6 0.15 -0.0708568 0.818526 
4.65 0.15 -0.0764077 0.794208 
4.7 0.15 -0.0791388 0.77011 
4.75 0.15 -0.0790327 0.747002 
4.8 0.15 -0.0761596 0.72547 
4.85 0.15 -0.0706661 0.705956 
4.9 0.15 -0.0627607 0.688811 
4.95 0.15 -0.0526881 0.674324 
5 0.15 -0.0406754 0.662785 
0 0.2 -0.081324 0.581624 
0.05 0.2 -0.0626972 0.566826 
0.1 0.2 -0.0417302 0.556163 
0.15 0.2 -0.0192691 0.549921 
0.2 0.2 0.00385508 0.548227 
0.25 0.2 0.0268217 0.551095 
0.3 0.2 0.0488324 0.558434 
0.35 0.2 0.069134 0.570058 
0.4 0.2 0.0870413 0.585703 
0.45 0.2 0.101956 0.605047 
0.5 0.2 0.113381 0.627716 
0.55 0.2 0.120924 0.653291 
0.6 0.2 0.124301 0.681288 
0.65 0.2 0.123343 0.711114 
0.7 0.2 0.118001 0.742005 
0.75 0.2 0.108357 0.772954 
0.8 0.2 0.094645 0.802648 
0.85 0.2 0.077268 0.829473 
0.9 0.2 0.0568077 0.851618 
0.95 0.2 0.0340209 0.8673 
1 0.2 0.00981259 0.875083 
1.05 0.2 -0.0148143 0.874201 
1.1 0.2 -0.0388269 0.864738 
1.15 0.2 -0.0612361 0.847611 
1.2 0.2 -0.0811616 0.82435 
1.25 0.2 -0.0978783 0.796764 
1.3 0.2 -0.110838 0.766641 
1.35 0.2 -0.119671 0.73554 
1.4 0.2 -0.124172 0.70471 
1.45 0.2 -0.124284 0.675105 
1.5 0.2 -0.120079 0.64745 
1.55 0.2 -0.111749 0.622311 
1.6 0.2 -0.0995983 0.600157 
1.65 0.2 -0.0840414 0.581397 
1.7 0.2 -0.0656003 0.566392 
1.75 0.2 -0.0448967 0.555455 
1.8 0.2 -0.0226375 0.548828 
1.85 0.2 0.000407636 0.546667 
1.9 0.2 0.0234355 0.549025 
1.95 0.2 0.0456434 0.55585 
2 0.2 0.0662622 0.566982 
2.05 0.2 0.0845861 0.582179 
2.1 0.2 0.0999948 0.601129 
2.15 0.2 0.111968 0.623467 
2.2 0.2 0.120093 0.648782 
2.25 0.2 0.124069 0.676599 
2.3 0.2 0.123706 0.706338 
2.35 0.2 0.11894 0.737258 
2.4 0.2 0.109835 0.768379 
2.45 0.2 0.0966074 0.798421 
2.5 0.2 0.0796416 0.825796 
2.55 0.2 0.0595016 0.848697 
2.6 0.2 0.0369295 0.865311 
2.65 0.2 0.012821 0.87414 
2.7 0.2 -0.0118223 0.874317 
2.75 0.2 -0.0359601 0.865825 
2.8 0.2 -0.0585875 0.849496 
2.85 0.2 -0.0788024 0.826812 
2.9 0.2 -0.0958549 0.799579 
2.95 0.2 -0.109172 0.76961 
3 0.2 -0.118362 0.738509 
3.05 0.2 -0.123203 0.707572 
3.1 0.2 -0.123624 0.677794 
3.15 0.2 -0.11969 0.649932 
3.2 0.2 -0.111588 0.624575 
3.25 0.2 -0.0996206 0.602207 
3.3 0.2 -0.0842047 0.583247 
3.35 0.2 -0.0658654 0.568065 
3.4 0.2 -0.0452292 0.556977 
3.45 0.2 -0.0230095 0.550231 
3.5 0.2 1.65116e-05 0.547987 
3.55 0.2 0.0230374 0.550299 
3.6 0.2 0.0452414 0.557115 
3.65 0.2 0.0658503 0.568277 
3.7 0.2 0.0841496 0.583541 
3.75 0.2 0.0995109 0.60259 
3.8 0.2 0.111408 0.625054 
3.85 0.2 0.119422 0.650512 
3.9 0.2 0.123252 0.678472 
3.95 0.2 0.122711 0.708337 
4 0.2 0.117737 0.739335 
4.05 0.2 0.108408 0.770454 
4.1 0.2 0.0949545 0.800375 
4.15 0.2 0.0777784 0.827478 
4.2 0.2 0.0574656 0.849938 
4.25 0.2 0.0347793 0.865954 
4.3 0.2 0.0106344 0.874065 
4.35 0.2 -0.0139539 0.873478 
4.4 0.2 -0.0379381 0.864253 
4.45 0.2 -0.0603138 0.847296 
4.5 0.2 -0.0801858 0.824133 
4.55 0.2 -0.0968167 0.796589 
4.6 0.2 -0.109651 0.766469 
4.65 0.2 -0.118315 0.735356 
4.7 0.2 -0.122611 0.704521 
4.75 0.2 -0.122494 0.674935 
4.8 0.2 -0.118053 0.647333 
4.85 0.2 -0.109499 0.622282 
4.9 0.2 -0.0971454 0.600243 
4.95 0.2 -0.0813842 0.581624 
5 0.2 -0.0626491 0.566826 
0 0.25 -0.109917 0.504534 
0.05 0.25 -0.0846646 0.486936 
0.1 0.25 -0.0562821 0.474197 
0.15 0.25 -0.0258506 0.466701 
0.2 0.25 0.00551488 0.464655 
0.25 0.25 0.0366896 0.468097 
0.3 0.25 0.0665729 0.47691 
0.35 0.25 0.0941256 0.490841 
0.4 0.25 0.118405 0.509526 
0.45 0.25 0.138594 0.532531 
0.5 0.25 0.154014 0.559375 
0.55 0.25 0.164137 0.589541 
0.6 0.25 0.16859 0.622452 
0.65 0.25 0.167157 0.657423 
0.7 0.25 0.159786 0.69358 
0.75 0.25 0.14661 0.729765 
0.8 0.25 0.127962 0.764463 
0.85 0.25 0.104399 0.795804 
0.9 0.25 0.0767137 0.821676 
0.95 0.25 0.0459257 0.839998 
1 0.25 0.013245 0.849094 
1.05 0.25 -0.0199924 0.848065 
1.1 0.25 -0.0524125 0.837012 
1.15 0.25 -0.0826968 0.817007 
1.2 0.25 -0.109667 0.789836 
1.25 0.25 -0.132345 0.757613 
1.3 0.25 -0.149981 0.722418 
1.35 0.25 -0.162061 0.686057 
1.4 0.25 -0.168291 0.64997 
1.45 0.25 -0.168572 0.61525 
1.5 0.25 -0.162986 0.582728 
1.55 0.25 -0.151779 0.55306 
1.6 0.25 -0.135354 0.526805 
1.65 0.25 -0.114269 0.504472 
1.7 0.25 -0.0892314 0.486531 
1.75 0.25 -0.0610898 0.473403 
1.8 0.25 -0.0308123 0.465425 
1.85 0.25 0.000544834 0.462817 
1.9 0.25 0.0318782 0.465657 
1.95 0.25 0.0620849 0.473866 
2 0.25 0.0901096 0.487221 
2.05 0.25 0.114986 0.505384 
2.1 0.25 0.135868 0.527934 
2.15 0.25 0.15205 0.5544 
2.2 0.25 0.162977 0.584269 
2.25 0.25 0.168251 0.616975 
2.3 0.25 0.167631 0.651849 
2.35 0.25 0.161044 0.688039 
2.4 0.25 0.148599 0.724422 
2.45 0.25 0.130606 0.759524 
2.5 0.25 0.107598 0.791501 
2.55 0.25 0.0803443 0.818251 
2.6 0.25 0.0498464 0.83766 
2.65 0.25 0.0173028 0.847972 
2.7 0.25 -0.0159521 0.848177 
2.75 0.25 -0.0485339 0.838253 
2.8 0.25 -0.0791039 0.819175 
2.85 0.25 -0.106455 0.792674 
2.9 0.25 -0.129577 0.760858 
2.95 0.25 -0.147689 0.725838 
3 0.25 -0.160247 0.689473 
3.05 0.25 -0.166933 0.653258 
3.1 0.25 -0.167632 0.618335 
3.15 0.25 -0.162415 0.585571 
3.2 0.25 -0.15152 0.555647 
3.25 0.25 -0.13535 0.529142 
3.3 0.25 -0.114463 0.506575 
3.35 0.25 -0.0895712 0.488425 
3.4 0.25 -0.0615294 0.475119 
3.45 0.25 -0.0313139 0.466998 
3.5 0.25 8.85907e-06 0.464288 
3.55 0.25 0.0313245 0.46707 
3.6 0.25 0.0615182 0.475267 
3.65 0.25 0.0895223 0.488656 
3.7 0.25 0.114359 0.506896 
3.75 0.25 0.135171 0.529564 
3.8 0.25 0.151245 0.556178 
3.85 0.25 0.162021 0.586216 
3.9 0.25 0.167097 0.619095 
3.95 0.25 0.166236 0.654119 
4 0.25 0.159373 0.690406 
4.05 0.25 0.14663 0.726793 
4.1 0.25 0.128338 0.761759 
4.15 0.25 0.105054 0.793424 
4.2 0.25 0.0775756 0.819663 
4.25 0.25 0.046932 0.838372 
4.3 0.25 0.0143466 0.847847 
4.35 0.25 -0.0188277 0.847155 
4.4 0.25 -0.0511967 0.83637 
4.45 0.25 -0.081421 0.816549 
4.5 0.25 -0.108302 0.789478 
4.55 0.25 -0.130843 0.757283 
4.6 0.25 -0.148285 0.722068 
4.65 0.25 -0.160107 0.685664 
4.7 0.25 -0.166018 0.649539 
4.75 0.25 -0.165932 0.614808 
4.8 0.25 -0.159951 0.58232 
4.85 0.25 -0.148342 0.552741 
4.9 0.25 -0.131522 0.526639 
4.95 0.25 -0.110043 0.504534 
5 0.25 -0.0845659 0.486936 
0 0.3 -0.136201 0.444488 
0.05 0.3 -0.104825 0.424467 
0.1 0.3 -0.0695894 0.409899 
0.15 0.3 -0.0317866 0.401292 
0.2 0.3 0.00720617 0.398945 
0.25 0.3 0.0459782 0.402931 
0.3 0.3 0.0831405 0.413093 
0.35 0.3 0.117382 0.429075 
0.4 0.3 0.147516 0.45038 
0.45 0.3 0.172519 0.476424 
0.5 0.3 0.191551 0.506595 
0.55 0.3 0.203966 0.540266 
0.6 0.3 0.209314 0.576779 
0.65 0.3 0.207347 0.615387 
0.7 0.3 0.198028 0.655148 
0.75 0.3 0.181542 0.694823 
0.8 0.3 0.158325 0.732785 
0.85 0.3 0.129083 0.767019 
0.9 0.3 0.0948001 0.795245 
0.95 0.3 0.056733 0.815218 
1 0.3 0.0163614 0.825131 
1.05 0.3 -0.0246876 0.824013 
1.1 0.3 -0.0647419 0.811974 
1.15 0.3 -0.102195 0.79017 
1.2 0.3 -0.135603 0.760528 
1.25 0.3 -0.163761 0.72533 
1.3 0.3 -0.185732 0.686819 
1.35 0.3 -0.200864 0.646941 
1.4 0.3 -0.208767 0.607241 
1.45 0.3 -0.209296 0.568889 
1.5 0.3 -0.202529 0.532778 
1.55 0.3 -0.188749 0.499628 
1.6 0.3 -0.16844 0.470085 
1.65 0.3 -0.142287 0.444768 
1.7 0.3 -0.111167 0.424286 
1.75 0.3 -0.0761379 0.409206 
1.8 0.3 -0.0384164 0.399999 
1.85 0.3 0.000667124 0.39698 
1.9 0.3 0.0397206 0.400259 
1.95 0.3 0.0773526 0.409721 
2 0.3 0.112234 0.42505 
2.05 0.3 0.143151 0.445772 
2.1 0.3 0.169049 0.471321 
2.15 0.3 0.189053 0.501087 
2.2 0.3 0.202485 0.534447 
2.25 0.3 0.208865 0.570751 
2.3 0.3 0.207916 0.609263 
2.35 0.3 0.199573 0.64907 
2.4 0.3 0.183994 0.688968 
2.45 0.3 0.161587 0.727373 
2.5 0.3 0.133028 0.762302 
2.55 0.3 0.0992764 0.791484 
2.6 0.3 0.061567 0.812637 
2.65 0.3 0.0213664 0.823869 
2.7 0.3 -0.0196993 0.82409 
2.75 0.3 -0.0599456 0.813275 
2.8 0.3 -0.0977413 0.792477 
2.85 0.3 -0.13161 0.763562 
2.9 0.3 -0.160305 0.728805 
2.95 0.3 -0.182856 0.690484 
3 0.3 -0.198571 0.650602 
3.05 0.3 -0.207036 0.610764 
3.1 0.3 -0.208082 0.572193 
3.15 0.3 -0.201773 0.53582 
3.2 0.3 -0.188384 0.502395 
3.25 0.3 -0.168398 0.472579 
3.3 0.3 -0.142499 0.447007 
3.35 0.3 -0.111568 0.426294 
3.4 0.3 -0.0766723 0.411014 
3.45 0.3 -0.0390373 0.401645 
3.5 0.3 -5.68003e-06 0.398507 
3.55 0.3 0.0390169 0.401715 
3.6 0.3 0.0766244 0.411159 
3.65 0.3 0.111473 0.426521 
3.7 0.3 0.142334 0.447326 
3.75 0.3 0.16814 0.473002 
3.8 0.3 0.188006 0.502931 
3.85 0.3 0.201247 0.536478 
3.9 0.3 0.207381 0.572973 
3.95 0.3 0.206136 0.611653 
4 0.3 0.197455 0.651569 
4.05 0.3 0.181514 0.691474 
4.1 0.3 0.158745 0.729736 
4.15 0.3 0.129854 0.764327 
4.2 0.3 0.095834 0.792954 
4.25 0.3 0.0579532 0.813347 
4.3 0.3 0.0177085 0.823664 
4.35 0.3 -0.0232514 0.822904 
4.4 0.3 -0.0632292 0.811142 
4.45 0.3 -0.100592 0.78952 
4.5 0.3 -0.13387 0.759964 
4.55 0.3 -0.161834 0.724769 
4.6 0.3 -0.183534 0.686202 
4.65 0.3 -0.198306 0.646239 
4.7 0.3 -0.205763 0.606454 
4.75 0.3 -0.205772 0.568047 
4.8 0.3 -0.198428 0.531936 
4.85 0.3 -0.184042 0.498865 
4.9 0.3 -0.163126 0.469501 
4.95 0.3 -0.136381 0.444488 
5 0.3 -0.104686 0.424467 
0 0.35 -0.158443 0.400167 
0.05 0.35 -0.121867 0.377913 
0.1 0.35 -0.0807968 0.361615 
0.15 0.35 -0.0367067 0.351949 
0.2 0.35 0.008798 0.349337 
0.25 0.35 0.0540541 0.353887 
0.3 0.35 0.0974167 0.365382 
0.35 0.35 0.137333 0.383324 
0.4 0.35 0.172404 0.407021 
0.45 0.35 0.20143 0.435691 
0.5 0.35 0.223436 0.468543 
0.55 0.35 0.237684 0.504822 
0.6 0.35 0.243673 0.543788 
0.65 0.35 0.241144 0.584647 
0.7 0.35 0.23008 0.626439 
0.75 0.35 0.210731 0.667907 
0.8 0.35 0.183626 0.70741 
0.85 0.35 0.149601 0.742905 
0.9 0.35 0.109807 0.772092 
0.95 0.35 0.0656896 0.792706 
1 0.35 0.0189448 0.802926 
1.05 0.35 -0.0285717 0.801779 
1.1 0.35 -0.0749546 0.789373 
1.15 0.35 -0.11837 0.766872 
1.2 0.35 -0.157165 0.736216 
1.25 0.35 -0.189943 0.699708 
1.3 0.35 -0.215613 0.659615 
1.35 0.35 -0.233395 0.617904 
1.4 0.35 -0.242811 0.576138 
1.45 0.35 -0.243661 0.535501 
1.5 0.35 -0.236003 0.496908 
1.55 0.35 -0.220139 0.461131 
1.6 0.35 -0.196612 0.428904 
1.65 0.35 -0.166203 0.400988 
1.7 0.35 -0.129928 0.378173 
1.75 0.35 -0.0890297 0.361231 
1.8 0.35 -0.0449394 0.350822 
1.85 0.35 0.000766842 0.347394 
1.9 0.35 0.0464375 0.351103 
1.95 0.35 0.0904217 0.361787 
2 0.35 0.131146 0.378992 
2.05 0.35 0.167181 0.402055 
2.1 0.35 0.19729 0.430205 
2.15 0.35 0.22046 0.462653 
2.2 0.35 0.235916 0.498635 
2.25 0.35 0.243123 0.537414 
2.3 0.35 0.241787 0.578203 
2.35 0.35 0.231863 0.620066 
2.4 0.35 0.213567 0.661786 
2.45 0.35 0.187398 0.701761 
2.5 0.35 0.154162 0.737984 
2.55 0.35 0.114979 0.768161 
2.6 0.35 0.0712734 0.789989 
2.65 0.35 0.0247272 0.801563 
2.7 0.35 -0.0228042 0.801787 
2.75 0.35 -0.0694016 0.790636 
2.8 0.35 -0.113203 0.769167 
2.85 0.35 -0.152518 0.739261 
2.9 0.35 -0.185908 0.703211 
2.95 0.35 -0.212238 0.663321 
3 0.35 -0.23069 0.621615 
3.05 0.35 -0.240752 0.579715 
3.1 0.35 -0.242201 0.53886 
3.15 0.35 -0.235077 0.500005 
3.2 0.35 -0.219673 0.463949 
3.25 0.35 -0.196527 0.431445 
3.3 0.35 -0.16642 0.403264 
3.35 0.35 -0.130376 0.380206 
3.4 0.35 -0.0896417 0.363048 
3.45 0.35 -0.0456619 0.35246 
3.5 0.35 -2.55124e-05 0.348897 
3.55 0.35 0.0456003 0.352522 
3.6 0.35 0.0895477 0.363177 
3.65 0.35 0.130226 0.38041 
3.7 0.35 0.166189 0.403554 
3.75 0.35 0.196186 0.431834 
3.8 0.35 0.219193 0.464449 
3.85 0.35 0.234425 0.500625 
3.9 0.35 0.241346 0.539601 
3.95 0.35 0.239668 0.580564 
4 0.35 0.229356 0.622541 
4.05 0.35 0.210647 0.664268 
4.1 0.35 0.184067 0.704095 
4.15 0.35 0.150455 0.73997 
4.2 0.35 0.11097 0.769575 
4.25 0.35 0.0670744 0.790619 
4.3 0.35 0.0204839 0.801249 
4.35 0.35 -0.0269197 0.800455 
4.4 0.35 -0.0732015 0.788316 
4.45 0.35 -0.116496 0.765977 
4.5 0.35 -0.155119 0.735378 
4.55 0.35 -0.187646 0.698835 
4.6 0.35 -0.212966 0.658639 
4.65 0.35 -0.230286 0.61679 
4.7 0.35 -0.239127 0.57488 
4.75 0.35 -0.239297 0.534129 
4.8 0.35 -0.230878 0.495487 
4.85 0.35 -0.214203 0.459762 
4.9 0.35 -0.189857 0.427723 
4.95 0.35 -0.158665 0.400167 
5 0.35 -0.121696 0.377913 
0 0.4 -0.175369 0.368391 
0.05 0.4 -0.134829 0.343923 
0.1 0.4 -0.0892851 0.325866 
0.15 0.4 -0.0403575 0.315116 
0.2 0.4 0.0101655 0.312251 
0.25 0.4 0.0604149 0.317422 
0.3 0.4 0.108536 0.330328 
0.35 0.4 0.15278 0.350278 
0.4 0.4 0.191579 0.37633 
0.45 0.4 0.223597 0.407438 
0.5 0.4 0.247762 0.442589 
0.55 0.4 0.263278 0.480863 
0.6 0.4 0.269619 0.521427 
0.65 0.4 0.266532 0.56345 
0.7 0.4 0.254037 0.605982 
0.75 0.4 0.232442 0.647812 
0.8 0.4 0.202362 0.687365 
0.85 0.4 0.16474 0.722693 
0.9 0.4 0.120846 0.751608 
0.95 0.4 0.0722663 0.771961 
1 0.4 0.0208428 0.782035 
1.05 0.4 -0.031415 0.78091 
1.1 0.4 -0.0824469 0.76869 
1.15 0.4 -0.130267 0.746472 
1.2 0.4 -0.173074 0.716089 
1.25 0.4 -0.209338 0.679725 
1.3 0.4 -0.237847 0.639539 
1.35 0.4 -0.257719 0.59741 
1.4 0.4 -0.268395 0.554835 
1.45 0.4 -0.269617 0.512959 
1.5 0.4 -0.261412 0.472696 
1.55 0.4 -0.24408 0.43486 
1.6 0.4 -0.218191 0.400295 
1.65 0.4 -0.184591 0.369939 
1.7 0.4 -0.144399 0.344818 
1.75 0.4 -0.0989976 0.325969 
1.8 0.4 -0.0499925 0.314301 
1.85 0.4 0.000839107 0.310439 
1.9 0.4 0.0516306 0.314603 
1.95 0.4 0.100516 0.326562 
2 0.4 0.145722 0.345683 
2.05 0.4 0.185644 0.371054 
2.1 0.4 0.218908 0.401636 
2.15 0.4 0.2444 0.436406 
2.2 0.4 0.26128 0.474428 
2.25 0.4 0.268986 0.514855 
2.3 0.4 0.267229 0.55686 
2.35 0.4 0.255996 0.599511 
2.4 0.4 0.235562 0.64163 
2.45 0.4 0.206511 0.681682 
2.5 0.4 0.16975 0.717751 
2.55 0.4 0.126523 0.747654 
2.6 0.4 0.0783921 0.769206 
2.65 0.4 0.0271862 0.780606 
2.7 0.4 -0.0250848 0.780821 
2.75 0.4 -0.0763451 0.769828 
2.8 0.4 -0.124579 0.748624 
2.85 0.4 -0.167946 0.718983 
2.9 0.4 -0.204871 0.683082 
2.95 0.4 -0.234096 0.643112 
3 0.4 -0.254697 0.601005 
3.05 0.4 -0.26608 0.558316 
3.1 0.4 -0.26796 0.516243 
3.15 0.4 -0.260346 0.475736 
3.2 0.4 -0.243525 0.437636 
3.25 0.4 -0.218063 0.402803 
3.3 0.4 -0.184806 0.372185 
3.35 0.4 -0.144878 0.346815 
3.4 0.4 -0.0996671 0.327741 
3.45 0.4 -0.0507936 0.315879 
3.5 0.4 -4.81133e-05 0.311865 
3.55 0.4 0.0506856 0.315929 
3.6 0.4 0.0995231 0.327845 
3.65 0.4 0.144672 0.346982 
3.7 0.4 0.18451 0.372426 
3.75 0.4 0.217646 0.403133 
3.8 0.4 0.242953 0.438067 
3.85 0.4 0.259585 0.476276 
3.9 0.4 0.266976 0.516895 
3.95 0.4 0.264843 0.559069 
4 0.4 0.253187 0.601827 
4.05 0.4 0.232305 0.643948 
4.1 0.4 0.202808 0.683848 
4.15 0.4 0.165642 0.71957 
4.2 0.4 0.122091 0.748907 
4.25 0.4 0.0737577 0.769685 
4.3 0.4 0.0225082 0.780153 
4.35 0.4 -0.0296186 0.779358 
4.4 0.4 -0.080529 0.767374 
4.45 0.4 -0.128201 0.745281 
4.5 0.4 -0.170798 0.714913 
4.55 0.4 -0.20676 0.678465 
4.6 0.4 -0.234848 0.638121 
4.65 0.4 -0.254164 0.595788 
4.7 0.4 -0.264144 0.552997 
4.75 0.4 -0.264541 0.510935 
4.8 0.4 -0.255404 0.470556 
4.85 0.4 -0.237072 0.432728 
4.9 0.4 -0.210172 0.398345 
4.95 0.4 -0.175622 0.368391 
5 0.4 -0.134633 0.343923 
0 0.45 -0.186089 0.34526 
0.05 0.45 -0.143037 0.318545 
0.1 0.45 -0.094627 0.298669 
0.15 0.45 -0.0425761 0.286795 
0.2 0.45 0.011198 0.283683 
0.25 0.45 0.0646777 0.289532 
0.3 0.45 0.115858 0.303936 
0.35 0.45 0.162849 0.325978 
0.4 0.45 0.203968 0.354412 
0.45 0.45 0.237793 0.387888 
0.5 0.45 0.263198 0.425126 
0.55 0.45 0.279361 0.465014 
0.6 0.45 0.285759 0.506607 
0.65 0.45 0.282164 0.549037 
0.7 0.45 0.268638 0.591383 
0.75 0.45 0.245547 0.632515 
0.8 0.45 0.213571 0.670996 
0.85 0.45 0.173726 0.705067 
0.9 0.45 0.127359 0.73276 
0.95 0.45 0.076132 0.752157 
1 0.45 0.02196 0.761732 
1.05 0.45 -0.0330753 0.760671 
1.1 0.45 -0.0868421 0.749064 
1.15 0.45 -0.137282 0.727883 
1.2 0.45 -0.182519 0.698761 
1.25 0.45 -0.220948 0.663649 
1.3 0.45 -0.251279 0.624488 
1.35 0.45 -0.272558 0.582979 
1.4 0.45 -0.28416 0.540491 
1.45 0.45 -0.285773 0.498096 
1.5 0.45 -0.277381 0.456691 
1.55 0.45 -0.259262 0.417143 
1.6 0.45 -0.231988 0.380422 
1.65 0.45 -0.196432 0.347675 
1.7 0.45 -0.153774 0.320209 
1.75 0.45 -0.105484 0.299376 
1.8 0.45 -0.053292 0.28638 
1.85 0.45 0.00088117 0.282057 
1.9 0.45 0.055011 0.286703 
1.95 0.45 0.107074 0.300006 
2 0.45 0.155153 0.321118 
2.05 0.45 0.197523 0.34883 
2.1 0.45 0.232719 0.381788 
2.15 0.45 0.259568 0.418691 
2.2 0.45 0.277206 0.458396 
2.25 0.45 0.28507 0.49993 
2.3 0.45 0.282893 0.542419 
2.35 0.45 0.270706 0.58495 
2.4 0.45 0.24884 0.626422 
2.45 0.45 0.217943 0.665431 
2.5 0.45 0.178999 0.700244 
2.55 0.45 0.133327 0.728897 
2.6 0.45 0.0825657 0.749438 
2.65 0.45 0.0286201 0.760266 
2.7 0.45 -0.0264272 0.760464 
2.75 0.45 -0.0804281 0.750011 
2.8 0.45 -0.131294 0.729791 
2.85 0.45 -0.177109 0.701383 
2.9 0.45 -0.216222 0.666729 
2.95 0.45 -0.247297 0.627798 
3 0.45 -0.269337 0.586338 
3.05 0.45 -0.281679 0.543771 
3.1 0.45 -0.283985 0.501216 
3.15 0.45 -0.276218 0.459601 
3.2 0.45 -0.258643 0.419817 
3.25 0.45 -0.231826 0.382848 
3.3 0.45 -0.196641 0.349851 
3.35 0.45 -0.154268 0.322139 
3.4 0.45 -0.106189 0.301074 
3.45 0.45 -0.0541447 0.28787 
3.5 0.45 -7.04794e-05 0.283378 
3.55 0.45 0.0539913 0.287904 
3.6 0.45 0.105998 0.301147 
3.65 0.45 0.154011 0.32226 
3.7 0.45 0.196288 0.350032 
3.75 0.45 0.231345 0.383103 
3.8 0.45 0.257998 0.420157 
3.85 0.45 0.275372 0.460035 
3.9 0.45 0.282904 0.501746 
3.95 0.45 0.280334 0.544386 
4 0.45 0.267704 0.587008 
4.05 0.45 0.245369 0.628469 
4.1 0.45 0.214009 0.667322 
4.15 0.45 0.174645 0.701795 
4.2 0.45 0.128638 0.729905 
4.25 0.45 0.0776685 0.749708 
4.3 0.45 0.0236799 0.759647 
4.35 0.45 -0.0312145 0.758876 
4.4 0.45 -0.0848466 0.74746 
4.45 0.45 -0.135119 0.726356 
4.5 0.45 -0.180118 0.697196 
4.55 0.45 -0.218203 0.661942 
4.6 0.45 -0.248055 0.622557 
4.65 0.45 -0.268703 0.58077 
4.7 0.45 -0.279512 0.537986 
4.75 0.45 -0.280179 0.49532 
4.8 0.45 -0.270715 0.453723 
4.85 0.45 -0.251443 0.414125 
4.9 0.45 -0.223003 0.377568 
4.95 0.45 -0.186363 0.34526 
5 0.45 -0.142826 0.318545 
0 0.5 -0.19005 0.326996 
0.05 0.5 -0.146071 0.298109 
0.1 0.5 -0.0965586 0.276454 
0.15 0.5 -0.0432715 0.26348 
0.2 0.5 0.0118054 0.260139 
0.25 0.5 0.0665739 0.266677 
0.3 0.5 0.118946 0.282579 
0.35 0.5 0.16696 0.306682 
0.4 0.5 0.208877 0.337426 
0.45 0.5 0.243242 0.373136 
0.5 0.5 0.26892 0.412253 
0.55 0.5 0.285099 0.453461 
0.6 0.5 0.291283 0.495689 
0.65 0.5 0.28728 0.538029 
0.7 0.5 0.273199 0.579588 
0.75 0.5 0.249451 0.619343 
0.8 0.5 0.21676 0.656033 
0.85 0.5 0.176178 0.688145 
0.9 0.5 0.129076 0.714007 
0.95 0.5 0.0771286 0.732003 
1 0.5 0.0222504 0.740854 
1.05 0.5 -0.0334863 0.739881 
1.1 0.5 -0.0879616 0.729159 
1.15 0.5 -0.139124 0.709501 
1.2 0.5 -0.185098 0.682273 
1.25 0.5 -0.224261 0.649123 
1.3 0.5 -0.255298 0.611702 
1.35 0.5 -0.277214 0.571478 
1.4 0.5 -0.289341 0.529655 
1.45 0.5 -0.291317 0.487216 
1.5 0.5 -0.283084 0.44504 
1.55 0.5 -0.264882 0.404052 
1.6 0.5 -0.237257 0.365364 
1.65 0.5 -0.201074 0.330346 
1.7 0.5 -0.157526 0.300601 
1.75 0.5 -0.108121 0.277812 
1.8 0.5 -0.0546488 0.263496 
1.85 0.5 0.000891887 0.258713 
1.9 0.5 0.0563877 0.263838 
1.95 0.5 0.109727 0.278476 
2 0.5 0.158913 0.30155 
2.05 0.5 0.202163 0.331535 
2.1 0.5 0.237975 0.366747 
2.15 0.5 0.265165 0.40559 
2.2 0.5 0.282876 0.446698 
2.25 0.5 0.290572 0.488964 
2.3 0.5 0.288023 0.531456 
2.35 0.5 0.275306 0.573282 
2.4 0.5 0.252798 0.613436 
2.45 0.5 0.221195 0.650685 
2.5 0.5 0.181516 0.683533 
2.55 0.5 0.135108 0.71031 
2.6 0.5 0.083625 0.72937 
2.65 0.5 0.0289716 0.739371 
2.7 0.5 -0.0267771 0.739546 
2.75 0.5 -0.0814847 0.729879 
2.8 0.5 -0.133071 0.711105 
2.85 0.5 -0.179619 0.684548 
2.9 0.5 -0.219464 0.651846 
2.95 0.5 -0.251244 0.614672 
3 0.5 -0.273923 0.574532 
3.05 0.5 -0.286796 0.532674 
3.1 0.5 -0.289473 0.49012 
3.15 0.5 -0.281875 0.447777 
3.2 0.5 -0.264229 0.40659 
3.25 0.5 -0.237074 0.367682 
3.3 0.5 -0.201273 0.332431 
3.35 0.5 -0.158023 0.302446 
3.4 0.5 -0.10884 0.279421 
3.45 0.5 -0.0555239 0.264885 
3.5 0.5 -8.95904e-05 0.259916 
3.55 0.5 0.055332 0.264903 
3.6 0.5 0.108609 0.279461 
3.65 0.5 0.157726 0.302518 
3.7 0.5 0.200879 0.332547 
3.75 0.5 0.236548 0.367854 
3.8 0.5 0.263537 0.40683 
3.85 0.5 0.28098 0.448092 
3.9 0.5 0.288339 0.49051 
3.95 0.5 0.285393 0.533127 
4 0.5 0.27223 0.57502 
4.05 0.5 0.249251 0.615145 
4.1 0.5 0.217183 0.65223 
4.15 0.5 0.177084 0.68475 
4.2 0.5 0.130341 0.711016 
4.25 0.5 0.0786495 0.72939 
4.3 0.5 0.0239529 0.738564 
4.35 0.5 -0.0316427 0.737833 
4.4 0.5 -0.0859794 0.727249 
4.45 0.5 -0.136966 0.707611 
4.5 0.5 -0.182685 0.680287 
4.55 0.5 -0.221479 0.646932 
4.6 0.5 -0.252 0.609218 
4.65 0.5 -0.273234 0.568638 
4.7 0.5 -0.284503 0.526433 
4.75 0.5 -0.285453 0.483633 
4.8 0.5 -0.276052 0.441182 
4.85 0.5 -0.25659 0.400083 
4.9 0.5 -0.227692 0.361537 
4.95 0.5 -0.190332 0.326996 
5 0.5 -0.145853 0.298109 
0 0.55 -0.187012 0.310359 
0.05 0.55 -0.143746 0.279621 
0.1 0.55 -0.0949671 0.256437 
0.15 0.55 -0.0424158 0.242518 
0.2 0.55 0.0119252 0.238994 
0.25 0.55 0.0659528 0.246153 
0.3 0.55 0.117573 0.263376 
0.35 0.55 0.164823 0.289274 
0.4 0.55 0.205976 0.321997 
0.45 0.55 0.239598 0.359574 
0.5 0.55 0.264589 0.400189 
0.55 0.55 0.280178 0.442335 
0.6 0.55 0.285917 0.484822 
0.65 0.55 0.281659 0.526696 
0.7 0.55 0.267552 0.56709 
0.75 0.55 0.244038 0.605086 
0.8 0.55 0.211857 0.639613 
0.85 0.55 0.172056 0.669425 
0.9 0.55 0.125979 0.69317 
0.95 0.55 0.0752501 0.709561 
1 0.55 0.0217119 0.717587 
1.05 0.55 -0.0326484 0.716714 
1.1 0.55 -0.0858007 0.707 
1.15 0.55 -0.135777 0.689084 
1.2 0.55 -0.18077 0.664048 
1.25 0.55 -0.219202 0.633207 
1.3 0.55 -0.249781 0.5979 
1.35 0.55 -0.271513 0.559339 
1.4 0.55 -0.283709 0.518556 
1.45 0.55 -0.285975 0.476444 
1.5 0.55 -0.278211 0.43387 
1.55 0.55 -0.260608 0.39182 
1.6 0.55 -0.233667 0.351543 
1.65 0.55 -0.198211 0.314615 
1.7 0.55 -0.155401 0.28291 
1.75 0.55 -0.106726 0.258419 
1.8 0.55 -0.0539669 0.242945 
1.85 0.55 0.00087136 0.237757 
1.9 0.55 0.0556648 0.243305 
1.95 0.55 0.108291 0.259112 
2 0.55 0.156749 0.283892 
2.05 0.55 0.199263 0.315828 
2.1 0.55 0.234351 0.352932 
2.15 0.55 0.260863 0.393337 
2.2 0.55 0.277983 0.435472 
2.25 0.55 0.285221 0.478096 
2.3 0.55 0.282396 0.520218 
2.35 0.55 0.269625 0.560963 
2.4 0.55 0.24732 0.59942 
2.45 0.55 0.216193 0.634534 
2.5 0.55 0.177262 0.665072 
2.55 0.55 0.131852 0.68968 
2.6 0.55 0.0815664 0.707045 
2.65 0.55 0.0282416 0.716104 
2.7 0.55 -0.0261319 0.716254 
2.75 0.55 -0.079508 0.707482 
2.8 0.55 -0.129891 0.690366 
2.85 0.55 -0.175435 0.665951 
2.9 0.55 -0.214523 0.635544 
2.95 0.55 -0.245819 0.6005 
3 0.55 -0.268288 0.562059 
3.05 0.55 -0.281208 0.521287 
3.1 0.55 -0.284157 0.47911 
3.15 0.55 -0.277013 0.436415 
3.2 0.55 -0.259956 0.394205 
3.25 0.55 -0.233478 0.353738 
3.3 0.55 -0.198401 0.316596 
3.35 0.55 -0.155888 0.284661 
3.4 0.55 -0.107435 0.259932 
3.45 0.55 -0.0548332 0.24423 
3.5 0.55 -0.000102843 0.238841 
3.55 0.55 0.0546152 0.244232 
3.6 0.55 0.107179 0.259941 
3.65 0.55 0.155567 0.284685 
3.7 0.55 0.197985 0.316647 
3.75 0.55 0.232934 0.353828 
3.8 0.55 0.259249 0.394345 
3.85 0.55 0.276108 0.436609 
3.9 0.55 0.283018 0.479356 
3.95 0.55 0.279806 0.521574 
4 0.55 0.266602 0.562356 
4.05 0.55 0.24384 0.600762 
4.1 0.55 0.212262 0.635705 
4.15 0.55 0.172924 0.665926 
4.2 0.55 0.127188 0.690058 
4.25 0.55 0.0766991 0.706794 
4.3 0.55 0.0233296 0.715098 
4.35 0.55 -0.0308991 0.714413 
4.4 0.55 -0.0839189 0.70478 
4.45 0.55 -0.133721 0.686827 
4.5 0.55 -0.178458 0.661636 
4.55 0.55 -0.216515 0.630528 
4.6 0.55 -0.246566 0.59486 
4.65 0.55 -0.267598 0.555869 
4.7 0.55 -0.27891 0.514623 
4.75 0.55 -0.280115 0.472067 
4.8 0.55 -0.271139 0.42914 
4.85 0.55 -0.252228 0.386924 
4.9 0.55 -0.223965 0.34677 
4.95 0.55 -0.187292 0.310359 
5 0.55 -0.14353 0.279621 
0 0.6 -0.177057 0.292744 
0.05 0.6 -0.13612 0.260814 
0.1 0.6 -0.0898941 0.236622 
0.15 0.6 -0.040043 0.222081 
0.2 0.6 0.0115281 0.218455 
0.25 0.6 0.0627913 0.226065 
0.3 0.6 0.111727 0.244208 
0.35 0.6 0.156451 0.271323 
0.4 0.6 0.19531 0.305338 
0.45 0.6 0.226952 0.344058 
0.5 0.6 0.250347 0.385477 
0.55 0.6 0.264797 0.427941 
0.6 0.6 0.269912 0.470167 
0.65 0.6 0.265593 0.511158 
0.7 0.6 0.252018 0.550071 
0.75 0.6 0.229638 0.586083 
0.8 0.6 0.199177 0.618298 
0.85 0.6 0.161635 0.645721 
0.9 0.6 0.118281 0.667307 
0.95 0.6 0.070627 0.682077 
1 0.6 0.0203818 0.689275 
1.05 0.6 -0.0306214 0.6885 
1.1 0.6 -0.0805111 0.679797 
1.15 0.6 -0.127471 0.663642 
1.2 0.6 -0.169822 0.640846 
1.25 0.6 -0.206094 0.612412 
1.3 0.6 -0.235063 0.579379 
1.35 0.6 -0.255777 0.54272 
1.4 0.6 -0.267556 0.503308 
1.45 0.6 -0.269993 0.461957 
1.5 0.6 -0.262954 0.419524 
1.55 0.6 -0.24658 0.377047 
1.6 0.6 -0.22131 0.335882 
1.65 0.6 -0.187897 0.297765 
1.7 0.6 -0.147425 0.264775 
1.75 0.6 -0.101306 0.239132 
1.8 0.6 -0.0512473 0.222861 
1.85 0.6 0.000820767 0.217391 
1.9 0.6 0.0528459 0.22323 
1.95 0.6 0.102777 0.239841 
2 0.6 0.148688 0.265771 
2.05 0.6 0.188878 0.298985 
2.1 0.6 0.221943 0.337261 
2.15 0.6 0.246806 0.378529 
2.2 0.6 0.262723 0.42106 
2.25 0.6 0.269266 0.463507 
2.3 0.6 0.266304 0.504831 
2.35 0.6 0.253987 0.544168 
2.4 0.6 0.232738 0.580693 
2.45 0.6 0.203257 0.613516 
2.5 0.6 0.166522 0.641648 
2.55 0.6 0.123782 0.664041 
2.6 0.6 0.0765344 0.679693 
2.65 0.6 0.0264825 0.687807 
2.7 0.6 -0.0245361 0.687932 
2.75 0.6 -0.0746348 0.680059 
2.8 0.6 -0.121971 0.664618 
2.85 0.6 -0.164834 0.642392 
2.9 0.6 -0.201714 0.614375 
2.95 0.6 -0.231349 0.581616 
3 0.6 -0.252749 0.545109 
3.05 0.6 -0.265204 0.505751 
3.1 0.6 -0.26828 0.464379 
3.15 0.6 -0.261824 0.421867 
3.2 0.6 -0.245965 0.379267 
3.25 0.6 -0.221133 0.337941 
3.3 0.6 -0.188078 0.299629 
3.35 0.6 -0.147889 0.266419 
3.4 0.6 -0.101982 0.240542 
3.45 0.6 -0.0520735 0.224038 
3.5 0.6 -0.000108417 0.218356 
3.55 0.6 0.0518452 0.224025 
3.6 0.6 0.101718 0.240521 
3.65 0.6 0.147565 0.2664 
3.7 0.6 0.187666 0.299622 
3.75 0.6 0.2206 0.337957 
3.8 0.6 0.245279 0.379315 
3.85 0.6 0.260951 0.421949 
3.9 0.6 0.267188 0.464491 
3.95 0.6 0.263862 0.505879 
4 0.6 0.251139 0.545225 
4.05 0.6 0.229463 0.581676 
4.1 0.6 0.199561 0.614319 
4.15 0.6 0.162443 0.642146 
4.2 0.6 0.119396 0.664096 
4.25 0.6 0.0719551 0.679175 
4.3 0.6 0.0218561 0.686604 
4.35 0.6 -0.0290337 0.685967 
4.4 0.6 -0.078806 0.677292 
4.45 0.6 -0.125605 0.661047 
4.5 0.6 -0.167714 0.638043 
4.55 0.6 -0.203624 0.609288 
4.6 0.6 -0.232081 0.575836 
4.65 0.6 -0.252111 0.538686 
4.7 0.6 -0.263023 0.498746 
4.75 0.6 -0.264416 0.456886 
4.8 0.6 -0.256182 0.414041 
4.85 0.6 -0.238516 0.371358 
4.9 0.6 -0.211939 0.330308 
4.95 0.6 -0.177323 0.292744 
5 0.6 -0.135915 0.260814 
0 0.65 -0.160615 0.272155 
0.05 0.65 -0.123514 0.240046 
0.1 0.65 -0.0815522 0.21565 
0.15 0.65 -0.0362552 0.20098 
0.2 0.65 0.0106227 0.19737 
0.25 0.65 0.0572099 0.205155 
0.3 0.65 0.101644 0.223587 
0.35 0.65 0.14219 0.251014 
0.4 0.65 0.177339 0.28525 
0.45 0.65 0.205865 0.323991 
0.5 0.65 0.226852 0.365134 
0.55 0.65 0.239691 0.406954 
0.6 0.65 0.244058 0.448119 
0.65 0.65 0.2399 0.487617 
0.7 0.65 0.227409 0.524626 
0.75 0.65 0.207021 0.558405 
0.8 0.65 0.179412 0.588204 
0.85 0.65 0.145494 0.613243 
0.9 0.65 0.106413 0.632734 
0.95 0.65 0.063521 0.645959 
1 0.65 0.018335 0.652373 
1.05 0.65 -0.0275216 0.65169 
1.1 0.65 -0.0723936 0.643942 
1.15 0.65 -0.114672 0.629469 
1.2 0.65 -0.152864 0.608855 
1.25 0.65 -0.185652 0.582837 
1.3 0.65 -0.211931 0.552204 
1.35 0.65 -0.230826 0.517727 
1.4 0.65 -0.241701 0.480143 
1.45 0.65 -0.244159 0.4402 
1.5 0.65 -0.238042 0.398739 
1.55 0.65 -0.223447 0.356826 
1.6 0.65 -0.200738 0.31587 
1.65 0.65 -0.170576 0.277688 
1.7 0.65 -0.133931 0.24446 
1.75 0.65 -0.0920839 0.218525 
1.8 0.65 -0.0465996 0.202021 
1.85 0.65 0.000742388 0.196463 
1.9 0.65 0.048045 0.202389 
1.95 0.65 0.0934127 0.219229 
2 0.65 0.13507 0.245445 
2.05 0.65 0.171458 0.278884 
2.1 0.65 0.201303 0.31721 
2.15 0.65 0.223642 0.358248 
2.2 0.65 0.237825 0.400192 
2.25 0.65 0.243494 0.441639 
2.3 0.65 0.240564 0.481527 
2.35 0.65 0.229206 0.519009 
2.4 0.65 0.209831 0.553331 
2.45 0.65 0.183095 0.583745 
2.5 0.65 0.149892 0.609467 
2.55 0.65 0.111352 0.629704 
2.6 0.65 0.0688155 0.643721 
2.65 0.65 0.023796 0.650942 
2.7 0.65 -0.0220786 0.651045 
2.75 0.65 -0.0671392 0.644023 
2.8 0.65 -0.109754 0.630181 
2.85 0.65 -0.148402 0.610085 
2.9 0.65 -0.181732 0.584463 
2.95 0.65 -0.208605 0.554108 
3 0.65 -0.228113 0.519804 
3.05 0.65 -0.239593 0.482307 
3.1 0.65 -0.242624 0.442377 
3.15 0.65 -0.237031 0.400872 
3.2 0.65 -0.222899 0.358866 
3.25 0.65 -0.200586 0.317773 
3.3 0.65 -0.170749 0.279416 
3.35 0.65 -0.134359 0.245982 
3.4 0.65 -0.0927038 0.21982 
3.45 0.65 -0.0473554 0.203084 
3.5 0.65 -0.000105547 0.197311 
3.55 0.65 0.0471341 0.20306 
3.6 0.65 0.0924513 0.219776 
3.65 0.65 0.134053 0.245928 
3.7 0.65 0.170363 0.279362 
3.75 0.65 0.200093 0.317728 
3.8 0.65 0.222269 0.358837 
3.85 0.65 0.236232 0.40086 
3.9 0.65 0.241626 0.442376 
3.95 0.65 0.238371 0.482299 
4 0.65 0.226647 0.519763 
4.05 0.65 0.206888 0.553992 
4.1 0.65 0.179772 0.584219 
4.15 0.65 0.146223 0.609647 
4.2 0.65 0.107404 0.629475 
4.25 0.65 0.0646881 0.642971 
4.3 0.65 0.0196192 0.649572 
4.35 0.65 -0.0261484 0.648981 
4.4 0.65 -0.0709252 0.641215 
4.45 0.65 -0.113066 0.626609 
4.5 0.65 -0.151042 0.605746 
4.55 0.65 -0.183502 0.57937 
4.6 0.65 -0.209311 0.548281 
4.65 0.65 -0.227572 0.513274 
4.7 0.65 -0.23764 0.475126 
4.75 0.65 -0.239122 0.434638 
4.8 0.65 -0.231886 0.392737 
4.85 0.65 -0.216079 0.350598 
4.9 0.65 -0.192144 0.309758 
4.95 0.65 -0.160853 0.272155 
5 0.65 -0.123329 0.240046 
0 0.7 -0.138515 0.247175 
0.05 0.7 -0.106554 0.216201 
0.1 0.7 -0.0703505 0.192633 
0.15 0.7 -0.0312342 0.178465 
0.2 0.7 0.00926006 0.175016 
0.25 0.7 0.0494925 0.182616 
0.3 0.7 0.0878323 0.200518 
0.35 0.7 0.122766 0.227082 
0.4 0.7 0.152983 0.26014 
0.45 0.7 0.177431 0.297414 
0.5 0.7 0.195333 0.336827 
0.55 0.7 0.206186 0.376676 
0.6 0.7 0.209737 0.415644 
0.65 0.7 0.205967 0.452736 
0.7 0.7 0.195066 0.487172 
0.75 0.7 0.17743 0.518278 
0.8 0.7 0.153654 0.545428 
0.85 0.7 0.124529 0.568005 
0.9 0.7 0.0910379 0.58542 
0.95 0.7 0.0543286 0.597155 
1 0.7 0.0156853 0.602823 
1.05 0.7 -0.0235233 0.602226 
1.1 0.7 -0.0619024 0.595386 
1.15 0.7 -0.0980944 0.582538 
1.2 0.7 -0.130836 0.564097 
1.25 0.7 -0.159005 0.540598 
1.3 0.7 -0.181652 0.512633 
1.35 0.7 -0.198017 0.480817 
1.4 0.7 -0.207537 0.445779 
1.45 0.7 -0.209848 0.408201 
1.5 0.7 -0.204788 0.368893 
1.55 0.7 -0.192414 0.328905 
1.6 0.7 -0.173013 0.289632 
1.65 0.7 -0.147135 0.252869 
1.7 0.7 -0.115603 0.220774 
1.75 0.7 -0.0795241 0.195661 
1.8 0.7 -0.0402573 0.179653 
1.85 0.7 0.000639812 0.174256 
1.9 0.7 0.0415027 0.180005 
1.95 0.7 0.0806684 0.196333 
2 0.7 0.116583 0.221711 
2.05 0.7 0.147892 0.254002 
2.1 0.7 0.173497 0.290893 
2.15 0.7 0.19258 0.330234 
2.2 0.7 0.2046 0.370236 
2.25 0.7 0.209276 0.409513 
2.3 0.7 0.206562 0.44702 
2.35 0.7 0.196629 0.481942 
2.4 0.7 0.179854 0.513593 
2.45 0.7 0.156817 0.541339 
2.5 0.7 0.128295 0.564557 
2.55 0.7 0.095256 0.582652 
2.6 0.7 0.0588417 0.59509 
2.65 0.7 0.0203336 0.601463 
2.7 0.7 -0.018895 0.601547 
2.75 0.7 -0.0574376 0.595335 
2.8 0.7 -0.0939174 0.583042 
2.85 0.7 -0.127047 0.565065 
2.9 0.7 -0.155677 0.541932 
2.95 0.7 -0.178829 0.514238 
3 0.7 -0.195716 0.482604 
3.05 0.7 -0.205751 0.44767 
3.1 0.7 -0.208551 0.410128 
3.15 0.7 -0.203939 0.3708 
3.2 0.7 -0.19196 0.330742 
3.25 0.7 -0.172898 0.291353 
3.3 0.7 -0.147297 0.254435 
3.35 0.7 -0.115984 0.22215 
3.4 0.7 -0.0800673 0.196823 
3.45 0.7 -0.0409152 0.180595 
3.5 0.7 -9.46621e-05 0.174989 
3.55 0.7 0.0407173 0.180562 
3.6 0.7 0.0798433 0.196764 
3.65 0.7 0.115714 0.222071 
3.7 0.7 0.14696 0.254346 
3.75 0.7 0.17247 0.291263 
3.8 0.7 0.191415 0.330656 
3.85 0.7 0.20325 0.370717 
3.9 0.7 0.207691 0.41004 
3.95 0.7 0.204698 0.447559 
4 0.7 0.194453 0.482443 
4.05 0.7 0.177348 0.513989 
4.1 0.7 0.153983 0.541547 
4.15 0.7 0.125162 0.564486 
4.2 0.7 0.0918795 0.582204 
4.25 0.7 0.0553054 0.594171 
4.3 0.7 0.0167468 0.599987 
4.35 0.7 -0.0223999 0.599444 
4.4 0.7 -0.0607101 0.592552 
4.45 0.7 -0.0967943 0.579544 
4.5 0.7 -0.129357 0.560833 
4.55 0.7 -0.157247 0.53696 
4.6 0.7 -0.179488 0.50853 
4.65 0.7 -0.195301 0.476179 
4.7 0.7 -0.204112 0.440575 
4.75 0.7 -0.205564 0.402455 
4.8 0.7 -0.199516 0.362713 
4.85 0.7 -0.186071 0.322506 
4.9 0.7 -0.165586 0.283354 
4.95 0.7 -0.138712 0.247175 
5 0.7 -0.106402 0.216202 
0 0.75 -0.112042 0.216975 
0.05 0.75 -0.0862187 0.188623 
0.1 0.75 -0.0569275 0.167043 
0.15 0.75 -0.0252567 0.154079 
0.2 0.75 0.00753622 0.15095 
0.25 0.75 0.0401068 0.157958 
0.3 0.75 0.0711187 0.174409 
0.35 0.75 0.099335 0.198781 
0.4 0.75 0.123692 0.229068 
0.45 0.75 0.143341 0.263159 
0.5 0.75 0.157667 0.299131 
0.55 0.75 0.166279 0.335399 
0.6 0.75 0.168995 0.370736 
0.65 0.75 0.165817 0.404215 
0.7 0.75 0.156917 0.435116 
0.75 0.75 0.142627 0.462844 
0.8 0.75 0.123437 0.48687 
0.85 0.75 0.0999888 0.506707 
0.9 0.75 0.0730695 0.52191 
0.95 0.75 0.0435964 0.532103 
1 0.75 0.0125899 0.537013 
1.05 0.75 -0.0188647 0.536502 
1.1 0.75 -0.0496623 0.530582 
1.15 0.75 -0.0787258 0.519419 
1.2 0.75 -0.105051 0.503307 
1.25 0.75 -0.127741 0.482636 
1.3 0.75 -0.146032 0.457855 
1.35 0.75 -0.159306 0.429456 
1.4 0.75 -0.167101 0.397974 
1.45 0.75 -0.169106 0.364018 
1.5 0.75 -0.165173 0.32834 
1.55 0.75 -0.155327 0.291919 
1.6 0.75 -0.139781 0.256056 
1.65 0.75 -0.118963 0.222422 
1.7 0.75 -0.0935281 0.193015 
1.75 0.75 -0.0643696 0.169982 
1.8 0.75 -0.0325955 0.155289 
1.85 0.75 0.000518296 0.150332 
1.9 0.75 0.0336043 0.155608 
1.95 0.75 0.0652963 0.170592 
2 0.75 0.0943215 0.193863 
2.05 0.75 0.119576 0.223445 
2.1 0.75 0.140174 0.257191 
2.15 0.75 0.155463 0.293109 
2.2 0.75 0.165024 0.329535 
2.25 0.75 0.168649 0.365176 
2.3 0.75 0.16632 0.399055 
2.35 0.75 0.158195 0.43042 
2.4 0.75 0.144592 0.45866 
2.45 0.75 0.125988 0.483235 
2.5 0.75 0.103015 0.50365 
2.55 0.75 0.0764505 0.519454 
2.6 0.75 0.0472067 0.530257 
2.65 0.75 0.0163024 0.53577 
2.7 0.75 -0.015173 0.535838 
2.75 0.75 -0.0461047 0.530454 
2.8 0.75 -0.0754007 0.519767 
2.85 0.75 -0.102037 0.50406 
2.9 0.75 -0.125096 0.483716 
2.95 0.75 -0.143791 0.459185 
3 0.75 -0.157483 0.430961 
3.05 0.75 -0.16569 0.399587 
3.1 0.75 -0.168086 0.365678 
3.15 0.75 -0.164511 0.329994 
3.2 0.75 -0.154981 0.29352 
3.25 0.75 -0.139706 0.25756 
3.3 0.75 -0.119109 0.223791 
3.35 0.75 -0.0938476 0.194216 
3.4 0.75 -0.0648177 0.170991 
3.45 0.75 -0.033133 0.156097 
3.5 0.75 -7.73825e-05 0.150948 
3.55 0.75 0.0329716 0.156061 
3.6 0.75 0.0646359 0.170925 
3.65 0.75 0.0936302 0.194126 
3.7 0.75 0.118838 0.223685 
3.75 0.75 0.139363 0.257446 
3.8 0.75 0.154545 0.293401 
3.85 0.75 0.163959 0.329868 
3.9 0.75 0.167397 0.365536 
3.95 0.75 0.164844 0.399412 
4 0.75 0.156467 0.430727 
4.05 0.75 0.142597 0.458858 
4.1 0.75 0.123727 0.483253 
4.15 0.75 0.10051 0.503412 
4.2 0.75 0.0737443 0.518877 
4.25 0.75 0.0443651 0.529263 
4.3 0.75 0.0134121 0.534285 
4.35 0.75 -0.0180069 0.533798 
4.4 0.75 -0.048762 0.527808 
4.45 0.75 -0.07775 0.516477 
4.5 0.75 -0.10394 0.500097 
4.55 0.75 -0.126411 0.479064 
4.6 0.75 -0.144376 0.45384 
4.65 0.75 -0.157203 0.424938 
4.7 0.75 -0.164419 0.392927 
4.75 0.75 -0.165719 0.358472 
4.8 0.75 -0.160974 0.322398 
4.85 0.75 -0.150248 0.285787 
4.9 0.75 -0.133814 0.250053 
4.95 0.75 -0.112182 0.216975 
5 0.75 -0.0861096 0.188623 
0 0.8 -0.0830057 0.181349 
0.05 0.8 -0.0638913 0.157085 
0.1 0.8 -0.0421879 0.13863 
0.15 0.8 -0.0187132 0.127556 
0.2 0.8 0.00559294 0.124901 
0.25 0.8 0.0297248 0.130919 
0.3 0.8 0.052682 0.145015 
0.35 0.8 0.0735407 0.165889 
0.4 0.8 0.0915106 0.191822 
0.45 0.8 0.105968 0.221004 
0.5 0.8 0.116467 0.25178 
0.55 0.8 0.122731 0.28278 
0.6 0.8 0.124638 0.312936 
0.65 0.8 0.122204 0.341437 
0.7 0.8 0.115566 0.36766 
0.75 0.8 0.104979 0.391099 
0.8 0.8 0.0908085 0.41132 
0.85 0.8 0.0735282 0.427943 
0.9 0.8 0.0537168 0.440631 
0.95 0.8 0.0320449 0.449112 
1 0.8 0.0092565 0.45319 
1.05 0.8 -0.0138582 0.452768 
1.1 0.8 -0.0364948 0.447855 
1.15 0.8 -0.0578692 0.438568 
1.2 0.8 -0.0772485 0.425114 
1.25 0.8 -0.0939765 0.40778 
1.3 0.8 -0.107492 0.386906 
1.35 0.8 -0.117337 0.362881 
1.4 0.8 -0.123164 0.336145 
1.45 0.8 -0.124736 0.30722 
1.5 0.8 -0.121932 0.276759 
1.55 0.8 -0.114755 0.245618 
1.6 0.8 -0.10335 0.21493 
1.65 0.8 -0.0880198 0.186138 
1.7 0.8 -0.0692431 0.160962 
1.75 0.8 -0.0476778 0.141244 
1.8 0.8 -0.0241497 0.128665 
1.85 0.8 0.000385261 0.124421 
1.9 0.8 0.0248996 0.128937 
1.95 0.8 0.0483669 0.141761 
2 0.8 0.0698335 0.161682 
2.05 0.8 0.0884773 0.187005 
2.1 0.8 0.103644 0.215891 
2.15 0.8 0.114861 0.246623 
2.2 0.8 0.121828 0.277764 
2.25 0.8 0.124406 0.308187 
2.3 0.8 0.122596 0.337041 
2.35 0.8 0.116526 0.363671 
2.4 0.8 0.10644 0.387555 
2.45 0.8 0.0926942 0.40825 
2.5 0.8 0.0757569 0.425364 
2.55 0.8 0.0562001 0.438557 
2.6 0.8 0.034691 0.447543 
2.65 0.8 0.0119727 0.452118 
2.7 0.8 -0.0111613 0.452171 
2.75 0.8 -0.0338997 0.447698 
2.8 0.8 -0.055447 0.438803 
2.85 0.8 -0.0750565 0.425687 
2.9 0.8 -0.0920564 0.408629 
2.95 0.8 -0.105869 0.38797 
3 0.8 -0.116021 0.3641 
3.05 0.8 -0.12215 0.337463 
3.1 0.8 -0.124008 0.308585 
3.15 0.8 -0.121466 0.278126 
3.2 0.8 -0.11452 0.246946 
3.25 0.8 -0.103312 0.21618 
3.3 0.8 -0.0881426 0.187276 
3.35 0.8 -0.069491 0.161959 
3.4 0.8 -0.0480176 0.142078 
3.45 0.8 -0.0245521 0.129328 
3.5 0.8 -5.63451e-05 0.12492 
3.55 0.8 0.0244347 0.129294 
3.6 0.8 0.0478858 0.142013 
3.65 0.8 0.0693338 0.16187 
3.7 0.8 0.0879475 0.187169 
3.75 0.8 0.103064 0.216061 
3.8 0.8 0.114205 0.246818 
3.85 0.8 0.121066 0.277985 
3.9 0.8 0.123507 0.308423 
3.95 0.8 0.121533 0.337264 
4 0.8 0.115276 0.363841 
4.05 0.8 0.104991 0.387623 
4.1 0.8 0.0910468 0.408157 
4.15 0.8 0.0739257 0.425048 
4.2 0.8 0.0542159 0.437951 
4.25 0.8 0.0326008 0.446584 
4.3 0.8 0.00983937 0.450745 
4.35 0.8 -0.0132613 0.450329 
4.4 0.8 -0.0358782 0.445343 
4.45 0.8 -0.0572074 0.435897 
4.5 0.8 -0.0764961 0.422202 
4.55 0.8 -0.0930692 0.404547 
4.6 0.8 -0.106349 0.383285 
4.65 0.8 -0.115864 0.358822 
4.7 0.8 -0.121262 0.331631 
4.75 0.8 -0.122307 0.302281 
4.8 0.8 -0.118896 0.271492 
4.85 0.8 -0.111062 0.240205 
4.9 0.8 -0.0989996 0.209647 
4.95 0.8 -0.0830753 0.181349 
5 0.8 -0.0638367 0.157085 
0 0.85 -0.0538177 0.140715 
0.05 0.85 -0.041417 0.121771 
0.1 0.85 -0.0273431 0.107387 
0.15 0.85 -0.0121296 0.0987699 
0.2 0.85 0.00361672 0.0967129 
0.25 0.85 0.019242 0.10141 
0.3 0.85 0.0340933 0.112404 
0.35 0.85 0.0475683 0.128688 
0.4 0.85 0.0591544 0.148936 
0.45 0.85 0.0684513 0.17174 
0.5 0.85 0.075177 0.195804 
0.55 0.85 0.0791617 0.220049 
0.6 0.85 0.0803354 0.243627 
0.65 0.85 0.0787158 0.265891 
0.7 0.85 0.0743982 0.286343 
0.75 0.85 0.0675501 0.304585 
0.8 0.85 0.0584087 0.320286 
0.85 0.85 0.0472795 0.33316 
0.9 0.85 0.0345333 0.342965 
0.95 0.85 0.020599 0.349506 
1 0.85 0.00595194 0.352648 
1.05 0.85 -0.00890354 0.352325 
1.1 0.85 -0.0234541 0.348542 
1.15 0.85 -0.0371989 0.341378 
1.2 0.85 -0.0496698 0.33098 
1.25 0.85 -0.0604471 0.31755 
1.3 0.85 -0.0691704 0.301335 
1.35 0.85 -0.075545 0.282627 
1.4 0.85 -0.0793442 0.261767 
1.45 0.85 -0.0804107 0.239166 
1.5 0.85 -0.0786599 0.215345 
1.55 0.85 -0.0740859 0.19099 
1.6 0.85 -0.0667729 0.166996 
1.65 0.85 -0.0569085 0.144502 
1.7 0.85 -0.0447958 0.124852 
1.75 0.85 -0.0308588 0.109476 
1.8 0.85 -0.0156346 0.0996745 
1.85 0.85 0.000250898 0.0963683 
1.9 0.85 0.0161231 0.0998846 
1.95 0.85 0.0313079 0.109877 
2 0.85 0.0451812 0.12541 
2.05 0.85 0.0572082 0.145174 
2.1 0.85 0.0669677 0.16774 
2.15 0.85 0.0741595 0.191767 
2.2 0.85 0.0785988 0.216122 
2.25 0.85 0.0802044 0.239911 
2.3 0.85 0.0789852 0.262453 
2.35 0.85 0.0750298 0.283228 
2.4 0.85 0.0685001 0.301822 
2.45 0.85 0.0596283 0.317894 
2.5 0.85 0.0487156 0.331153 
2.55 0.85 0.0361292 0.341347 
2.6 0.85 0.0222958 0.348278 
2.65 0.85 0.00769026 0.351801 
2.7 0.85 -0.00718072 0.35184 
2.75 0.85 -0.0217992 0.348392 
2.8 0.85 -0.0356573 0.34153 
2.85 0.85 -0.0482779 0.331392 
2.9 0.85 -0.059231 0.318177 
2.95 0.85 -0.0681458 0.302131 
3 0.85 -0.0747176 0.283548 
3.05 0.85 -0.0787109 0.262769 
3.1 0.85 -0.0799609 0.240209 
3.15 0.85 -0.0783773 0.216393 
3.2 0.85 -0.0739506 0.19201 
3.25 0.85 -0.0667625 0.167958 
3.3 0.85 -0.0569996 0.145378 
3.35 0.85 -0.0449652 0.125619 
3.4 0.85 -0.0310849 0.110116 
3.45 0.85 -0.0158982 0.100182 
3.5 0.85 -3.48648e-05 0.0967473 
3.55 0.85 0.0158256 0.100153 
3.6 0.85 0.0310035 0.110061 
3.65 0.85 0.0448682 0.125542 
3.7 0.85 0.056879 0.145285 
3.75 0.85 0.0666092 0.167852 
3.8 0.85 0.0737542 0.191893 
3.85 0.85 0.0781268 0.216263 
3.9 0.85 0.0796453 0.240057 
3.95 0.85 0.0783201 0.262583 
4 0.85 0.0742439 0.28331 
4.05 0.85 0.0675845 0.301818 
4.1 0.85 0.0585823 0.31776 
4.15 0.85 0.0475478 0.33084 
4.2 0.85 0.0348587 0.340807 
4.25 0.85 0.0209522 0.347461 
4.3 0.85 0.00631339 0.350661 
4.35 0.85 -0.0085421 0.350336 
4.4 0.85 -0.0230887 0.346487 
4.45 0.85 -0.0368127 0.339193 
4.5 0.85 -0.0492326 0.3286 
4.55 0.85 -0.0599161 0.314913 
4.6 0.85 -0.0684916 0.298391 
4.65 0.85 -0.0746558 0.27934 
4.7 0.85 -0.0781777 0.258126 
4.75 0.85 -0.0789022 0.235199 
4.8 0.85 -0.076756 0.211135 
4.85 0.85 -0.071757 0.186682 
4.9 0.85 -0.064027 0.16281 
4.95 0.85 -0.0538021 0.140715 
5 0.85 -0.0414281 0.121771 
0 0.9 -0.0275701 0.0960395 
0.05 0.9 -0.021168 0.0832205 
0.1 0.9 -0.013958 0.0735196 
0.15 0.9 -0.00619185 0.0677194 
0.2 0.9 0.00183671 0.0663392 
0.25 0.9 0.00979812 0.0695059 
0.3 0.9 0.0173579 0.0769171 
0.35 0.9 0.0242068 0.087909 
0.4 0.9 0.0300835 0.101599 
0.45 0.9 0.0347862 0.117044 
0.5 0.9 0.0381752 0.133369 
0.55 0.9 0.0401693 0.149835 
0.6 0.9 0.0407378 0.165858 
0.65 0.9 0.0398934 0.180989 
0.7 0.9 0.0376872 0.194882 
0.75 0.9 0.0342053 0.207263 
0.8 0.9 0.029568 0.217906 
0.85 0.9 0.0239294 0.226621 
0.9 0.9 0.0174761 0.23325 
0.95 0.9 0.0104242 0.237668 
1 0.9 0.00301291 0.23979 
1.05 0.9 -0.00450345 0.239572 
1.1 0.9 -0.0118662 0.237019 
1.15 0.9 -0.018823 0.232181 
1.2 0.9 -0.025138 0.225149 
1.25 0.9 -0.0305999 0.216056 
1.3 0.9 -0.0350273 0.205062 
1.35 0.9 -0.0382715 0.192363 
1.4 0.9 -0.0402171 0.17819 
1.45 0.9 -0.040783 0.162829 
1.5 0.9 -0.0399231 0.146642 
1.55 0.9 -0.0376304 0.130103 
1.6 0.9 -0.0339426 0.113832 
1.65 0.9 -0.0289501 0.0986028 
1.7 0.9 -0.0228034 0.0853241 
1.75 0.9 -0.0157168 0.074951 
1.8 0.9 -0.00796511 0.0683476 
1.85 0.9 0.000128903 0.0661216 
1.9 0.9 0.00821614 0.0684884 
1.95 0.9 0.0159478 0.0752199 
2 0.9 0.023002 0.0856985 
2.05 0.9 0.0291054 0.0990548 
2.1 0.9 0.0340449 0.114332 
2.15 0.9 0.0376715 0.130626 
2.2 0.9 0.0398963 0.147164 
2.25 0.9 0.0406829 0.163329 
2.3 0.9 0.04004 0.178649 
2.35 0.9 0.0380153 0.192762 
2.4 0.9 0.0346925 0.205383 
2.45 0.9 0.0301896 0.216279 
2.5 0.9 0.0246584 0.225255 
2.55 0.9 0.0182839 0.232148 
2.6 0.9 0.011281 0.236829 
2.65 0.9 0.00388892 0.239206 
2.7 0.9 -0.00363706 0.239232 
2.75 0.9 -0.0110358 0.236904 
2.8 0.9 -0.0180514 0.232268 
2.85 0.9 -0.0244434 0.225413 
2.9 0.9 -0.0299953 0.216466 
2.95 0.9 -0.0345203 0.205588 
3 0.9 -0.0378646 0.192975 
3.05 0.9 -0.0399084 0.17886 
3.1 0.9 -0.0405667 0.163528 
3.15 0.9 -0.0397909 0.147346 
3.2 0.9 -0.0375718 0.13079 
3.25 0.9 -0.0339461 0.11448 
3.3 0.9 -0.0290036 0.0991934 
3.35 0.9 -0.0228951 0.0858412 
3.4 0.9 -0.0158356 0.0753831 
3.45 0.9 -0.00810116 0.06869 
3.5 0.9 -1.64421e-05 0.0663775 
3.55 0.9 0.00806694 0.0686694 
3.6 0.9 0.0157972 0.0753436 
3.65 0.9 0.0228493 0.0857858 
3.7 0.9 0.0289464 0.0991254 
3.75 0.9 0.0338728 0.114402 
3.8 0.9 0.0374772 0.130702 
3.85 0.9 0.0396692 0.147247 
3.9 0.9 0.0404122 0.163413 
3.95 0.9 0.0397156 0.178718 
4 0.9 0.0376291 0.192796 
4.05 0.9 0.0342395 0.205355 
4.1 0.9 0.0296688 0.21616 
4.15 0.9 0.0240737 0.225012 
4.2 0.9 0.0176446 0.231749 
4.25 0.9 0.0106017 0.236242 
4.3 0.9 0.00318952 0.238399 
4.35 0.9 -0.00433209 0.238177 
4.4 0.9 -0.011698 0.235576 
4.45 0.9 -0.0186493 0.230647 
4.5 0.9 -0.0249432 0.223481 
4.55 0.9 -0.0303617 0.214212 
4.6 0.9 -0.0347174 0.203009 
4.65 0.9 -0.0378568 0.190078 
4.7 0.9 -0.0396622 0.175669 
4.75 0.9 -0.0400535 0.160093 
4.8 0.9 -0.0389912 0.14375 
4.85 0.9 -0.0364831 0.12716 
4.9 0.9 -0.0325938 0.110988 
4.95 0.9 -0.0274552 0.0960394 
5 0.9 -0.021256 0.0832205 
0 0.95 -0.00814313 0.0486552 
0.05 0.95 -0.00612565 0.0422684 
0.1 0.95 -0.00401345 0.0374635 
0.15 0.95 -0.00177846 0.0345963 
0.2 0.95 0.000524342 0.0339152 
0.25 0.95 0.00280607 0.0354818 
0.3 0.95 0.00497038 0.0391508 
0.35 0.95 0.00692759 0.0446022 
0.4 0.95 0.00860258 0.051407 
0.45 0.95 0.00993841 0.0591029 
0.5 0.95 0.0108968 0.0672555 
0.55 0.95 0.0114563 0.0754943 
0.6 0.95 0.01161 0.0835224 
0.65 0.95 0.0113628 0.0911095 
0.7 0.95 0.0107297 0.0980781 
0.75 0.95 0.00973556 0.104288 
0.8 0.95 0.00841421 0.109624 
0.85 0.95 0.00680906 0.113991 
0.9 0.95 0.00497271 0.117312 
0.95 0.95 0.00296627 0.119524 
1 0.95 0.000857646 0.120586 
1.05 0.95 -0.0012809 0.120477 
1.1 0.95 -0.00337577 0.119199 
1.15 0.95 -0.00535525 0.116777 
1.2 0.95 -0.00715248 0.113255 
1.25 0.95 -0.00870774 0.108697 
1.3 0.95 -0.00996989 0.103185 
1.35 0.95 -0.0108971 0.0968151 
1.4 0.95 -0.0114567 0.0897064 
1.45 0.95 -0.0116254 0.0820045 
1.5 0.95 -0.0113893 0.0738961 
1.55 0.95 -0.010745 0.0656241 
1.6 0.95 -0.00970146 0.0575019 
1.65 0.95 -0.00828247 0.0499182 
1.7 0.95 -0.00652959 0.0433218 
1.75 0.95 -0.00450344 0.0381804 
1.8 0.95 -0.00228314 0.0349131 
1.85 0.95 3.73766e-05 0.0338126 
1.9 0.95 0.00235595 0.0349824 
1.95 0.95 0.00457052 0.038313 
2 0.95 0.00658743 0.0435068 
2.05 0.95 0.00832797 0.050142 
2.1 0.95 0.00973192 0.0577504 
2.15 0.95 0.0107582 0.0658839 
2.2 0.95 0.0113833 0.0741554 
2.25 0.95 0.0115987 0.0822527 
2.3 0.95 0.0114081 0.0899337 
2.35 0.95 0.010826 0.0970123 
2.4 0.95 0.00987642 0.103342 
2.45 0.95 0.00859259 0.108805 
2.5 0.95 0.00701733 0.113304 
2.55 0.95 0.00520279 0.116756 
2.6 0.95 0.0032097 0.1191 
2.65 0.95 0.00110592 0.12029 
2.7 0.95 -0.00103597 0.120303 
2.75 0.95 -0.00314171 0.119137 
2.8 0.95 -0.00513852 0.116816 
2.85 0.95 -0.0069582 0.113382 
2.9 0.95 -0.0085395 0.108898 
2.95 0.95 -0.00982975 0.103444 
3 0.95 -0.0107856 0.0971186 
3.05 0.95 -0.0113732 0.0900391 
3.1 0.95 -0.0115681 0.0823529 
3.15 0.95 -0.0113557 0.0742476 
3.2 0.95 -0.010732 0.0659671 
3.25 0.95 -0.0097056 0.0578259 
3.3 0.95 -0.00830037 0.0502135 
3.35 0.95 -0.00655783 0.0435806 
3.4 0.95 -0.00453879 0.0383971 
3.45 0.95 -0.00232274 0.0350853 
3.5 0.95 -4.15578e-06 0.033942 
3.55 0.95 0.00231409 0.0350747 
3.6 0.95 0.00452906 0.0383767 
3.65 0.95 0.00654615 0.0435518 
3.7 0.95 0.00828568 0.050178 
3.75 0.95 0.00968656 0.0577847 
3.8 0.95 0.010707 0.0659205 
3.85 0.95 0.0113232 0.0741945 
3.9 0.95 0.0115263 0.0822906 
3.95 0.95 0.0113205 0.0899631 
4 0.95 0.0107206 0.0970227 
4.05 0.95 0.00975147 0.103321 
4.1 0.95 0.00844771 0.108737 
4.15 0.95 0.00685347 0.113173 
4.2 0.95 0.00502241 0.116547 
4.25 0.95 0.00301688 0.118796 
4.3 0.95 0.000906222 0.119875 
4.35 0.95 -0.00123563 0.119763 
4.4 0.95 -0.00333326 0.118461 
4.45 0.95 -0.00531301 0.115992 
4.5 0.95 -0.00710599 0.112402 
4.55 0.95 -0.00865049 0.107757 
4.6 0.95 -0.00989357 0.10214 
4.65 0.95 -0.0107918 0.0956553 
4.7 0.95 -0.0113119 0.0884303 
4.75 0.95 -0.0114304 0.0806248 
4.8 0.95 -0.0111355 0.0724441 
4.85 0.95 -0.0104293 0.0641541 
4.9 0.95 -0.00933507 0.0560909 
4.95 0.95 -0.00791444 0.0486552 
5 0.95 -0.0063021 0.0422684 
0 1 0 0 
0.05 1 0 0 
0.1 1 0 0 
0.15 1 0 0 
0.2 1 0 0 
0.25 1 0 0 
0.3 1 0 0 
0.35 1 0 0 
0.4 1 0 0 
0.45 1 0 0 
0.5 1 0 0 
0.55 1 0 0 
0.6 1 0 0 
0.65 1 0 0 
0.7 1 0 0 
0.75 1 0 0 
0.8 1 0 0 
0.85 1 0 0 
0.9 1 0 0 
0.95 1 0 0 
1 1 0 0 
1.05 1 0 0 
1.1 1 0 0 
1.15 1 0 0 
1.2 1 0 0 
1.25 1 0 0 
1.3 1 0 0 
1.35 1 0 0 
1.4 1 0 0 
1.45 1 0 0 
1.5 1 0 0 
1.55 1 0 0 
1.6 1 0 0 
1.65 1 0 0 
1.7 1 0 0 
1.75 1 0 0 
1.8 1 0 0 
1.85 1 0 0 
1.9 1 0 0 
1.95 1 0 0 
2 1 0 0 
2.05 1 0 0 
2.1 1 0 0 
2.15 1 0 0 
2.2 1 0 0 
2.25 1 0 0 
2.3 1 0 0 
2.35 1 0 0 
2.4 1 0 0 
2.45 1 0 0 
2.5 1 0 0 
2.55 1 0 0 
2.6 1 0 0 
2.65 1 0 0 
2.7 1 0 0 
2.75 1 0 0 
2.8 1 0 0 
2.85 1 0 0 
2.9 1 0 0 
2.95 1 0 0 
3 1 0 0 
3.05 1 0 0 
3.1 1 0 0 
3.15 1 0 0 
3.2 1 0 0 
3.25 1 0 0 
3.3 1 0 0 
3.35 1 0 0 
3.4 1 0 0 
3.45 1 0 0 
3.5 1 0 0 
3.55 1 0 0 
3.6 1 0 0 
3.65 1 0 0 
3.7 1 0 0 
3.75 1 0 0 
3.8 1 0 0 
3.85 1 0 0 
3.9 1 0 0 
3.95 1 0 0 
4 1 0 0 
4.05 1 0 0 
4.1 1 0 0 
4.15 1 0 0 
4.2 1 0 0 
4.25 1 0 0 
4.3 1 0 0 
4.35 1 0 0 
4.4 1 0 0 
4.45 1 0 0 
4.5 1 0 0 
4.55 1 0 0 
4.6 1 0 0 
4.65 1 0 0 
4.7 1 0 0 
4.75 1 0 0 
4.8 1 0 0 
4.85 1 0 0 
4.9 1 0 0 
4.95 1 0 0 
5 1 0 0 
