x, y, ksi, T
#iter= 860000
0 0 0 1 
0.05 0 0 1 
0.1 0 0 1 
0.15 0 0 1 
0.2 0 0 1 
0.25 0 0 1 
0.3 0 0 1 
0.35 0 0 1 
0.4 0 0 1 
0.45 0 0 1 
0.5 0 0 1 
0.55 0 0 1 
0.6 0 0 1 
0.65 0 0 1 
0.7 0 0 1 
0.75 0 0 1 
0.8 0 0 1 
0.85 0 0 1 
0.9 0 0 1 
0.95 0 0 1 
1 0 0 1 
1.05 0 0 1 
1.1 0 0 1 
1.15 0 0 1 
1.2 0 0 1 
1.25 0 0 1 
1.3 0 0 1 
1.35 0 0 1 
1.4 0 0 1 
1.45 0 0 1 
1.5 0 0 1 
1.55 0 0 1 
1.6 0 0 1 
1.65 0 0 1 
1.7 0 0 1 
1.75 0 0 1 
1.8 0 0 1 
1.85 0 0 1 
1.9 0 0 1 
1.95 0 0 1 
2 0 0 1 
2.05 0 0 1 
2.1 0 0 1 
2.15 0 0 1 
2.2 0 0 1 
2.25 0 0 1 
2.3 0 0 1 
2.35 0 0 1 
2.4 0 0 1 
2.45 0 0 1 
2.5 0 0 1 
2.55 0 0 1 
2.6 0 0 1 
2.65 0 0 1 
2.7 0 0 1 
2.75 0 0 1 
2.8 0 0 1 
2.85 0 0 1 
2.9 0 0 1 
2.95 0 0 1 
3 0 0 1 
3.05 0 0 1 
3.1 0 0 1 
3.15 0 0 1 
3.2 0 0 1 
3.25 0 0 1 
3.3 0 0 1 
3.35 0 0 1 
3.4 0 0 1 
3.45 0 0 1 
3.5 0 0 1 
3.55 0 0 1 
3.6 0 0 1 
3.65 0 0 1 
3.7 0 0 1 
3.75 0 0 1 
3.8 0 0 1 
3.85 0 0 1 
3.9 0 0 1 
3.95 0 0 1 
4 0 0 1 
4.05 0 0 1 
4.1 0 0 1 
4.15 0 0 1 
4.2 0 0 1 
4.25 0 0 1 
4.3 0 0 1 
4.35 0 0 1 
4.4 0 0 1 
4.45 0 0 1 
4.5 0 0 1 
4.55 0 0 1 
4.6 0 0 1 
4.65 0 0 1 
4.7 0 0 1 
4.75 0 0 1 
4.8 0 0 1 
4.85 0 0 1 
4.9 0 0 1 
4.95 0 0 1 
5 0 0 1 
0 0.05 -0.00760663 0.887465 
0.05 0.05 -0.00561394 0.883714 
0.1 0.05 -0.0035183 0.88119 
0.15 0.05 -0.00135774 0.879866 
0.2 0.05 0.000819136 0.879739 
0.25 0.05 0.00295035 0.880795 
0.3 0.05 0.00496952 0.883009 
0.35 0.05 0.00681204 0.886335 
0.4 0.05 0.0084188 0.89071 
0.45 0.05 0.00973837 0.896055 
0.5 0.05 0.010728 0.902275 
0.55 0.05 0.0113541 0.909256 
0.6 0.05 0.0115918 0.916857 
0.65 0.05 0.011426 0.924898 
0.7 0.05 0.0108514 0.933147 
0.75 0.05 0.00987483 0.941302 
0.8 0.05 0.00851765 0.948986 
0.85 0.05 0.00681839 0.955759 
0.9 0.05 0.00483454 0.961153 
0.95 0.05 0.00264236 0.964737 
1 0.05 0.000333656 0.966192 
1.05 0.05 -0.00199033 0.965383 
1.1 0.05 -0.0042271 0.962384 
1.15 0.05 -0.0062813 0.957467 
1.2 0.05 -0.0080716 0.951036 
1.25 0.05 -0.00953481 0.943558 
1.3 0.05 -0.0106269 0.935484 
1.35 0.05 -0.0113216 0.927214 
1.4 0.05 -0.0116082 0.91907 
1.45 0.05 -0.0114885 0.911304 
1.5 0.05 -0.0109751 0.904111 
1.55 0.05 -0.01009 0.89764 
1.6 0.05 -0.00886483 0.892014 
1.65 0.05 -0.00734035 0.887333 
1.7 0.05 -0.00556674 0.883681 
1.75 0.05 -0.00360296 0.881125 
1.8 0.05 -0.00151539 0.879712 
1.85 0.05 0.000624389 0.87947 
1.9 0.05 0.00274248 0.880403 
1.95 0.05 0.0047659 0.882496 
2 0.05 0.00662567 0.885707 
2.05 0.05 0.00825935 0.889978 
2.1 0.05 0.00961282 0.895234 
2.15 0.05 0.0106411 0.90138 
2.2 0.05 0.0113087 0.908304 
2.25 0.05 0.0115893 0.915868 
2.3 0.05 0.0114663 0.923895 
2.35 0.05 0.0109333 0.932157 
2.4 0.05 0.00999571 0.94036 
2.45 0.05 0.00867345 0.948131 
2.5 0.05 0.00700348 0.955033 
2.55 0.05 0.00504178 0.960596 
2.6 0.05 0.00286331 0.964381 
2.65 0.05 0.00055911 0.966056 
2.7 0.05 -0.0017696 0.965462 
2.75 0.05 -0.0040195 0.962658 
2.8 0.05 -0.00609371 0.957897 
2.85 0.05 -0.00790891 0.951579 
2.9 0.05 -0.00939973 0.944168 
2.95 0.05 -0.0105201 0.936123 
3 0.05 -0.0112422 0.92785 
3.05 0.05 -0.011554 0.919683 
3.1 0.05 -0.0114564 0.911881 
3.15 0.05 -0.0109616 0.904644 
3.2 0.05 -0.0100917 0.898128 
3.25 0.05 -0.00887808 0.892458 
3.3 0.05 -0.00736187 0.887736 
3.35 0.05 -0.00559355 0.884048 
3.4 0.05 -0.00363252 0.881461 
3.45 0.05 -0.00154568 0.880025 
3.5 0.05 0.000594781 0.879766 
3.55 0.05 0.00271432 0.880692 
3.6 0.05 0.00473926 0.882783 
3.65 0.05 0.0065999 0.886001 
3.7 0.05 0.00823314 0.890287 
3.75 0.05 0.00958421 0.895563 
3.8 0.05 0.0106076 0.901734 
3.85 0.05 0.0112675 0.908685 
3.9 0.05 0.0115375 0.916274 
3.95 0.05 0.011401 0.924321 
4 0.05 0.0108521 0.932592 
4.05 0.05 0.00989708 0.940784 
4.1 0.05 0.00855706 0.948519 
4.15 0.05 0.00687056 0.955354 
4.2 0.05 0.00489531 0.960819 
4.25 0.05 0.00270799 0.964477 
4.3 0.05 0.000401097 0.966007 
4.35 0.05 -0.0019232 0.965264 
4.4 0.05 -0.00416129 0.962321 
4.45 0.05 -0.00621664 0.957445 
4.5 0.05 -0.00800681 0.951043 
4.55 0.05 -0.00946778 0.943581 
4.6 0.05 -0.0105552 0.935519 
4.65 0.05 -0.0112433 0.927259 
4.7 0.05 -0.0115225 0.919128 
4.75 0.05 -0.0113975 0.911381 
4.8 0.05 -0.0108851 0.904211 
4.85 0.05 -0.0100148 0.897766 
4.9 0.05 -0.00883054 0.892159 
4.95 0.05 -0.00739419 0.887465 
5 0.05 -0.00577356 0.883714 
0 0.1 -0.0257023 0.776239 
0.05 0.1 -0.0193117 0.768864 
0.1 0.1 -0.0121979 0.76381 
0.15 0.1 -0.00470009 0.761144 
0.2 0.1 0.0029127 0.760875 
0.25 0.1 0.0103864 0.762978 
0.3 0.1 0.0174747 0.767394 
0.35 0.1 0.0239449 0.774031 
0.4 0.1 0.0295861 0.782758 
0.45 0.1 0.0342148 0.793418 
0.5 0.1 0.0376788 0.805819 
0.55 0.1 0.0398585 0.819737 
0.6 0.1 0.0406676 0.834895 
0.65 0.1 0.0400548 0.850946 
0.7 0.1 0.0380064 0.867434 
0.75 0.1 0.0345526 0.883766 
0.8 0.1 0.0297747 0.899191 
0.85 0.1 0.0238132 0.91282 
0.9 0.1 0.016872 0.9237 
0.95 0.1 0.00921666 0.930941 
1 0.1 0.00116299 0.933885 
1.05 0.1 -0.00694288 0.932248 
1.1 0.1 -0.0147507 0.926187 
1.15 0.1 -0.0219333 0.916263 
1.2 0.1 -0.0282087 0.903315 
1.25 0.1 -0.033354 0.888292 
1.3 0.1 -0.0372103 0.872113 
1.35 0.1 -0.0396792 0.855573 
1.4 0.1 -0.0407163 0.839312 
1.45 0.1 -0.040323 0.823822 
1.5 0.1 -0.0385403 0.80948 
1.55 0.1 -0.0354451 0.796579 
1.6 0.1 -0.0311485 0.785359 
1.65 0.1 -0.0257955 0.776021 
1.7 0.1 -0.0195643 0.768731 
1.75 0.1 -0.0126635 0.763625 
1.8 0.1 -0.00532728 0.760802 
1.85 0.1 0.00219237 0.760318 
1.9 0.1 0.0096357 0.762184 
1.95 0.1 0.016746 0.766363 
2 0.1 0.0232803 0.772774 
2.05 0.1 0.0290179 0.781298 
2.1 0.1 0.033767 0.791781 
2.15 0.1 0.0373677 0.804036 
2.2 0.1 0.0396943 0.81784 
2.25 0.1 0.0406551 0.832924 
2.3 0.1 0.0401935 0.848945 
2.35 0.1 0.0382915 0.865458 
2.4 0.1 0.0349744 0.881881 
2.45 0.1 0.0303186 0.897477 
2.5 0.1 0.0244592 0.911363 
2.55 0.1 0.0175952 0.922582 
2.6 0.1 0.009988 0.930229 
2.65 0.1 0.00195101 0.933615 
2.7 0.1 -0.00616954 0.932415 
2.75 0.1 -0.0140207 0.926744 
2.8 0.1 -0.0212703 0.917135 
2.85 0.1 -0.0276297 0.904408 
2.9 0.1 -0.032869 0.889516 
2.95 0.1 -0.0368224 0.87339 
3 0.1 -0.039386 0.856842 
3.05 0.1 -0.040511 0.840532 
3.1 0.1 -0.0401959 0.824967 
3.15 0.1 -0.0384798 0.810536 
3.2 0.1 -0.0354392 0.797544 
3.25 0.1 -0.031185 0.786235 
3.3 0.1 -0.0258631 0.776814 
3.35 0.1 -0.0196527 0.769452 
3.4 0.1 -0.0127639 0.764286 
3.45 0.1 -0.00543261 0.761416 
3.5 0.1 0.00208707 0.760899 
3.55 0.1 0.00953313 0.762748 
3.6 0.1 0.0166465 0.766925 
3.65 0.1 0.0231816 0.77335 
3.7 0.1 0.0289157 0.781903 
3.75 0.1 0.0336545 0.792427 
3.8 0.1 0.0372368 0.804732 
3.85 0.1 0.0395355 0.818592 
3.9 0.1 0.0404585 0.833729 
3.95 0.1 0.03995 0.849793 
4 0.1 0.0379934 0.866325 
4.05 0.1 0.034617 0.882731 
4.1 0.1 0.0299015 0.898258 
4.15 0.1 0.0239871 0.912012 
4.2 0.1 0.0170788 0.923034 
4.25 0.1 0.00944344 0.930426 
4.3 0.1 0.00139941 0.933518 
4.35 0.1 -0.00670395 0.932015 
4.4 0.1 -0.0145126 0.926064 
4.45 0.1 -0.0216954 0.916221 
4.5 0.1 -0.0279665 0.903326 
4.55 0.1 -0.0331005 0.888335 
4.6 0.1 -0.0369372 0.872175 
4.65 0.1 -0.0393794 0.855652 
4.7 0.1 -0.0403868 0.839412 
4.75 0.1 -0.0399679 0.823953 
4.8 0.1 -0.0381748 0.809653 
4.85 0.1 -0.0350977 0.796796 
4.9 0.1 -0.0308591 0.785601 
4.95 0.1 -0.0255948 0.776239 
5 0.1 -0.019391 0.768864 
0 0.15 -0.0501299 0.671015 
0.05 0.15 -0.0376936 0.660235 
0.1 0.15 -0.0238194 0.652775 
0.15 0.15 -0.00911878 0.64881 
0.2 0.15 0.00585841 0.648388 
0.25 0.15 0.0205886 0.651483 
0.3 0.15 0.0345703 0.658006 
0.35 0.15 0.0473348 0.66781 
0.4 0.15 0.058459 0.680694 
0.45 0.15 0.0675762 0.696415 
0.5 0.15 0.0743835 0.714684 
0.55 0.15 0.0786445 0.735171 
0.6 0.15 0.0801912 0.757474 
0.65 0.15 0.0789273 0.781093 
0.7 0.15 0.0748337 0.805372 
0.75 0.15 0.0679794 0.82945 
0.8 0.15 0.0585342 0.852229 
0.85 0.15 0.046782 0.872394 
0.9 0.15 0.0331273 0.888518 
0.95 0.15 0.0180894 0.899265 
1 0.15 0.00228172 0.903638 
1.05 0.15 -0.0136268 0.901207 
1.1 0.15 -0.0289595 0.89221 
1.15 0.15 -0.0430821 0.877496 
1.2 0.15 -0.0554442 0.85833 
1.25 0.15 -0.0656062 0.836135 
1.3 0.15 -0.0732484 0.812273 
1.35 0.15 -0.0781684 0.787912 
1.4 0.15 -0.0802685 0.763981 
1.45 0.15 -0.0795429 0.741191 
1.5 0.15 -0.0760665 0.720082 
1.55 0.15 -0.0699874 0.701079 
1.6 0.15 -0.0615242 0.684534 
1.65 0.15 -0.0509639 0.670744 
1.7 0.15 -0.0386603 0.659965 
1.75 0.15 -0.0250278 0.652408 
1.8 0.15 -0.0105314 0.648225 
1.85 0.15 0.00432892 0.647508 
1.9 0.15 0.0190377 0.650271 
1.95 0.15 0.0330856 0.656459 
2 0.15 0.0459903 0.665942 
2.05 0.15 0.0573136 0.678536 
2.1 0.15 0.0666743 0.694002 
2.15 0.15 0.0737559 0.712061 
2.2 0.15 0.0783101 0.732384 
2.25 0.15 0.0801585 0.754579 
2.3 0.15 0.0791948 0.778153 
2.35 0.15 0.0753909 0.802467 
2.4 0.15 0.0688063 0.826676 
2.45 0.15 0.0596012 0.849702 
2.5 0.15 0.0480496 0.870241 
2.55 0.15 0.0345463 0.886865 
2.6 0.15 0.0196035 0.898213 
2.65 0.15 0.00383015 0.903242 
2.7 0.15 -0.0121044 0.901458 
2.75 0.15 -0.0275184 0.893038 
2.8 0.15 -0.041768 0.878787 
2.85 0.15 -0.0542908 0.859945 
2.9 0.15 -0.0646334 0.837937 
2.95 0.15 -0.0724637 0.814147 
3 0.15 -0.0775681 0.789769 
3.05 0.15 -0.0798405 0.765762 
3.1 0.15 -0.0792694 0.742858 
3.15 0.15 -0.075926 0.721617 
3.2 0.15 -0.0699568 0.702479 
3.25 0.15 -0.0615802 0.685801 
3.3 0.15 -0.0510847 0.67189 
3.35 0.15 -0.0388257 0.661003 
3.4 0.15 -0.0252206 0.653356 
3.45 0.15 -0.0107378 0.649104 
3.5 0.15 0.00411857 0.648338 
3.55 0.15 0.0188288 0.651076 
3.6 0.15 0.032879 0.657261 
3.65 0.15 0.0457819 0.666765 
3.7 0.15 0.0570949 0.679402 
3.75 0.15 0.0664329 0.69493 
3.8 0.15 0.073476 0.713065 
3.85 0.15 0.0779739 0.733472 
3.9 0.15 0.0797475 0.755748 
3.95 0.15 0.0786919 0.779389 
4 0.15 0.0747823 0.803735 
4.05 0.15 0.0680839 0.827923 
4.1 0.15 0.0587651 0.850852 
4.15 0.15 0.0471097 0.8712 
4.2 0.15 0.0335237 0.887534 
4.25 0.15 0.0185299 0.898503 
4.3 0.15 0.00274637 0.903095 
4.35 0.15 -0.0131515 0.90086 
4.4 0.15 -0.0284795 0.892022 
4.45 0.15 -0.0425957 0.877425 
4.5 0.15 -0.0549425 0.858332 
4.55 0.15 -0.0650746 0.836177 
4.6 0.15 -0.07267 0.812334 
4.65 0.15 -0.077527 0.787986 
4.7 0.15 -0.0795542 0.764075 
4.75 0.15 -0.0787564 0.741317 
4.8 0.15 -0.075223 0.720256 
4.85 0.15 -0.0691169 0.701307 
4.9 0.15 -0.060661 0.6848 
4.95 0.15 -0.0501118 0.671015 
5 0.15 -0.0377051 0.660235 
0 0.2 -0.0773295 0.577379 
0.05 0.2 -0.0580859 0.563555 
0.1 0.2 -0.0366576 0.553937 
0.15 0.2 -0.0139145 0.54879 
0.2 0.2 0.00929782 0.54822 
0.25 0.2 0.032153 0.552212 
0.3 0.2 0.0538571 0.560647 
0.35 0.2 0.0736688 0.573317 
0.4 0.2 0.090922 0.58994 
0.45 0.2 0.105042 0.610178 
0.5 0.2 0.115555 0.633646 
0.55 0.2 0.122097 0.659909 
0.6 0.2 0.124413 0.688461 
0.65 0.2 0.122362 0.718669 
0.7 0.2 0.115927 0.749713 
0.75 0.2 0.105229 0.78051 
0.8 0.2 0.0905432 0.809666 
0.85 0.2 0.0723187 0.8355 
0.9 0.2 0.0511845 0.856177 
0.95 0.2 0.0279404 0.869969 
1 0.2 0.0035237 0.875585 
1.05 0.2 -0.0210464 0.872465 
1.1 0.2 -0.0447396 0.860917 
1.15 0.2 -0.0665877 0.842046 
1.2 0.2 -0.0857456 0.817487 
1.25 0.2 -0.101531 0.789073 
1.3 0.2 -0.113443 0.758551 
1.35 0.2 -0.121154 0.727403 
1.4 0.2 -0.124499 0.696802 
1.45 0.2 -0.123457 0.667638 
1.5 0.2 -0.118133 0.640589 
1.55 0.2 -0.108749 0.616192 
1.6 0.2 -0.0956408 0.594899 
1.65 0.2 -0.0792531 0.577107 
1.7 0.2 -0.0601371 0.563166 
1.75 0.2 -0.0389403 0.55337 
1.8 0.2 -0.0163904 0.547941 
1.85 0.2 0.00672933 0.547008 
1.9 0.2 0.0296116 0.550595 
1.95 0.2 0.0514587 0.558618 
2 0.2 0.0715152 0.570893 
2.05 0.2 0.0890962 0.587157 
2.1 0.2 0.103607 0.607081 
2.15 0.2 0.114556 0.630287 
2.2 0.2 0.12156 0.656348 
2.25 0.2 0.124349 0.684764 
2.3 0.2 0.122767 0.714916 
2.35 0.2 0.116784 0.746003 
2.4 0.2 0.106504 0.776965 
2.45 0.2 0.0921896 0.806433 
2.5 0.2 0.0742747 0.832742 
2.55 0.2 0.0533745 0.854056 
2.6 0.2 0.0302779 0.868618 
2.65 0.2 0.00591635 0.875073 
2.7 0.2 -0.0186903 0.872781 
2.75 0.2 -0.042504 0.861973 
2.8 0.2 -0.0645426 0.843691 
2.85 0.2 -0.0839426 0.819542 
2.9 0.2 -0.100002 0.791363 
2.95 0.2 -0.1122 0.760927 
3 0.2 -0.120194 0.729753 
3.05 0.2 -0.123805 0.69905 
3.1 0.2 -0.123003 0.669738 
3.15 0.2 -0.117886 0.642519 
3.2 0.2 -0.108676 0.617947 
3.25 0.2 -0.0957061 0.596485 
3.3 0.2 -0.0794234 0.578536 
3.35 0.2 -0.0603817 0.564457 
3.4 0.2 -0.0392328 0.554545 
3.45 0.2 -0.0167096 0.549025 
3.5 0.2 0.00639871 0.548028 
3.55 0.2 0.0292781 0.551581 
3.6 0.2 0.0511235 0.559601 
3.65 0.2 0.0711727 0.571903 
3.7 0.2 0.0887336 0.588222 
3.75 0.2 0.103206 0.608226 
3.8 0.2 0.114092 0.631531 
3.85 0.2 0.121008 0.657702 
3.9 0.2 0.123681 0.686226 
3.95 0.2 0.121957 0.716467 
4 0.2 0.115812 0.747601 
4.05 0.2 0.10536 0.778541 
4.1 0.2 0.0908749 0.807889 
4.15 0.2 0.0728051 0.833957 
4.2 0.2 0.0517827 0.854901 
4.25 0.2 0.0286127 0.868977 
4.3 0.2 0.00424022 0.87487 
4.35 0.2 -0.0203057 0.871997 
4.4 0.2 -0.0439831 0.860649 
4.45 0.2 -0.0658117 0.84192 
4.5 0.2 -0.0849349 0.817446 
4.55 0.2 -0.100662 0.789071 
4.6 0.2 -0.112485 0.758558 
4.65 0.2 -0.120079 0.727409 
4.7 0.2 -0.123285 0.696812 
4.75 0.2 -0.122091 0.667669 
4.8 0.2 -0.11662 0.640663 
4.85 0.2 -0.107109 0.616326 
4.9 0.2 -0.0938934 0.5951 
4.95 0.2 -0.0773871 0.577378 
5 0.2 -0.0580407 0.563555 
0 0.25 -0.104502 0.499512 
0.05 0.25 -0.0784014 0.483068 
0.1 0.25 -0.0493872 0.471578 
0.15 0.25 -0.018571 0.4654 
0.2 0.25 0.0129123 0.464706 
0.25 0.25 0.0439313 0.469496 
0.3 0.25 0.0733913 0.479617 
0.35 0.25 0.10027 0.494783 
0.4 0.25 0.123653 0.514609 
0.45 0.25 0.142752 0.538646 
0.5 0.25 0.156927 0.566401 
0.55 0.25 0.165688 0.597346 
0.6 0.25 0.168698 0.63088 
0.65 0.25 0.165784 0.666278 
0.7 0.25 0.156938 0.702599 
0.75 0.25 0.142343 0.738598 
0.8 0.25 0.122388 0.772663 
0.85 0.25 0.0976922 0.802842 
0.9 0.25 0.0691089 0.826998 
0.95 0.25 0.037713 0.843113 
1 0.25 0.00475628 0.849676 
1.05 0.25 -0.0284045 0.846032 
1.1 0.25 -0.0603983 0.832543 
1.15 0.25 -0.0899335 0.810499 
1.2 0.25 -0.115877 0.781812 
1.25 0.25 -0.137306 0.74862 
1.3 0.25 -0.153532 0.712953 
1.35 0.25 -0.164098 0.676528 
1.4 0.25 -0.168762 0.640693 
1.45 0.25 -0.167476 0.606467 
1.5 0.25 -0.160366 0.574629 
1.55 0.25 -0.147722 0.545806 
1.6 0.25 -0.129988 0.520542 
1.65 0.25 -0.107766 0.499337 
1.7 0.25 -0.0818033 0.482649 
1.75 0.25 -0.0529856 0.470882 
1.8 0.25 -0.0223099 0.464342 
1.85 0.25 0.00914891 0.463215 
1.9 0.25 0.0402813 0.467535 
1.95 0.25 0.0699915 0.47718 
2 0.25 0.0972438 0.491893 
2.05 0.25 0.121101 0.511309 
2.1 0.25 0.140753 0.534989 
2.15 0.25 0.155535 0.562451 
2.2 0.25 0.164934 0.593169 
2.25 0.25 0.168594 0.626553 
2.3 0.25 0.16632 0.661891 
2.35 0.25 0.158088 0.698263 
2.4 0.25 0.14406 0.734454 
2.45 0.25 0.124608 0.768881 
2.5 0.25 0.100329 0.799613 
2.55 0.25 0.0720613 0.824511 
2.6 0.25 0.0408649 0.841521 
2.65 0.25 0.00798478 0.849061 
2.7 0.25 -0.0252211 0.846382 
2.75 0.25 -0.0573715 0.833753 
2.8 0.25 -0.0871566 0.812394 
2.85 0.25 -0.113419 0.784182 
2.9 0.25 -0.135211 0.751261 
2.95 0.25 -0.151819 0.71569 
3 0.25 -0.162763 0.679231 
3.05 0.25 -0.167785 0.643275 
3.1 0.25 -0.166824 0.608876 
3.15 0.25 -0.159998 0.57684 
3.2 0.25 -0.147592 0.547812 
3.25 0.25 -0.130051 0.52235 
3.3 0.25 -0.107976 0.500961 
3.35 0.25 -0.0821212 0.48411 
3.4 0.25 -0.053375 0.472204 
3.45 0.25 -0.022742 0.465556 
3.5 0.25 0.00869467 0.464352 
3.55 0.25 0.0398167 0.468629 
3.6 0.25 0.0695189 0.478268 
3.65 0.25 0.0967557 0.493012 
3.7 0.25 0.120581 0.512492 
3.75 0.25 0.140177 0.536267 
3.8 0.25 0.154871 0.563847 
3.85 0.25 0.164148 0.594696 
3.9 0.25 0.167651 0.628209 
3.95 0.25 0.165187 0.663654 
4 0.25 0.15674 0.700086 
4.05 0.25 0.142484 0.736255 
4.1 0.25 0.122806 0.770546 
4.15 0.25 0.0983243 0.801001 
4.2 0.25 0.0698978 0.825469 
4.25 0.25 0.0386086 0.841912 
4.3 0.25 0.00571903 0.848795 
4.35 0.25 -0.0274002 0.845433 
4.4 0.25 -0.0593623 0.832168 
4.45 0.25 -0.0888588 0.810278 
4.5 0.25 -0.114741 0.781676 
4.55 0.25 -0.136072 0.748512 
4.6 0.25 -0.152157 0.712835 
4.65 0.25 -0.162535 0.676383 
4.7 0.25 -0.16697 0.640524 
4.75 0.25 -0.165424 0.606296 
4.8 0.25 -0.15804 0.574485 
4.85 0.25 -0.145122 0.545726 
4.9 0.25 -0.127122 0.520565 
4.95 0.25 -0.104622 0.499512 
5 0.25 -0.0783096 0.483068 
0 0.3 -0.129478 0.438837 
0.05 0.3 -0.0970356 0.42011 
0.1 0.3 -0.0610058 0.406963 
0.15 0.3 -0.0227214 0.39987 
0.2 0.3 0.0164164 0.399083 
0.25 0.3 0.0549887 0.404618 
0.3 0.3 0.0916149 0.416268 
0.35 0.3 0.125006 0.433635 
0.4 0.3 0.154011 0.456194 
0.45 0.3 0.177648 0.483349 
0.5 0.3 0.195122 0.514483 
0.55 0.3 0.205836 0.548961 
0.6 0.3 0.209389 0.586111 
0.65 0.3 0.205587 0.625143 
0.7 0.3 0.194446 0.665048 
0.75 0.3 0.176214 0.704492 
0.8 0.3 0.151394 0.741743 
0.85 0.3 0.120766 0.774695 
0.9 0.3 0.0853887 0.801041 
0.95 0.3 0.0465823 0.818605 
1 0.3 0.00587594 0.825756 
1.05 0.3 -0.0350786 0.821789 
1.1 0.3 -0.0746128 0.807093 
1.15 0.3 -0.111151 0.783062 
1.2 0.3 -0.143304 0.751756 
1.25 0.3 -0.16993 0.715483 
1.3 0.3 -0.190166 0.676433 
1.35 0.3 -0.203428 0.636455 
1.4 0.3 -0.209393 0.596993 
1.45 0.3 -0.207976 0.559138 
1.5 0.3 -0.199309 0.523731 
1.55 0.3 -0.183732 0.491467 
1.6 0.3 -0.161784 0.462983 
1.65 0.3 -0.134203 0.438899 
1.7 0.3 -0.101919 0.419815 
1.75 0.3 -0.0660395 0.40628 
1.8 0.3 -0.0278166 0.398728 
1.85 0.3 0.0113942 0.397421 
1.9 0.3 0.0501931 0.402408 
1.95 0.3 0.0871981 0.413516 
2 0.3 0.121106 0.430379 
2.05 0.3 0.150741 0.45249 
2.1 0.3 0.175095 0.479266 
2.15 0.3 0.193346 0.510092 
2.2 0.3 0.204869 0.544339 
2.25 0.3 0.20924 0.581339 
2.3 0.3 0.206239 0.620317 
2.35 0.3 0.195861 0.660287 
2.4 0.3 0.178332 0.699947 
2.45 0.3 0.154133 0.737596 
2.5 0.3 0.124019 0.771152 
2.55 0.3 0.0890297 0.798306 
2.6 0.3 0.0504695 0.816842 
2.65 0.3 0.00985959 0.825054 
2.7 0.3 -0.0311463 0.822133 
2.75 0.3 -0.0708674 0.808371 
2.8 0.3 -0.107706 0.785082 
2.85 0.3 -0.140245 0.754291 
2.9 0.3 -0.167311 0.718312 
2.95 0.3 -0.188013 0.679368 
3 0.3 -0.201738 0.639353 
3.05 0.3 -0.208144 0.599761 
3.1 0.3 -0.207128 0.56172 
3.15 0.3 -0.198815 0.526098 
3.2 0.3 -0.183538 0.493613 
3.25 0.3 -0.161834 0.464914 
3.3 0.3 -0.134443 0.440628 
3.35 0.3 -0.1023 0.421363 
3.4 0.3 -0.0665158 0.407672 
3.45 0.3 -0.0283534 0.399995 
3.5 0.3 0.0108228 0.398598 
3.55 0.3 0.049602 0.403534 
3.6 0.3 0.0865907 0.414632 
3.65 0.3 0.120473 0.431525 
3.7 0.3 0.150064 0.453706 
3.75 0.3 0.174344 0.480584 
3.8 0.3 0.192484 0.51154 
3.85 0.3 0.203854 0.545932 
3.9 0.3 0.20803 0.583076 
3.95 0.3 0.204796 0.622175 
4 0.3 0.194155 0.662213 
4.05 0.3 0.176349 0.701852 
4.1 0.3 0.151877 0.739356 
4.15 0.3 0.121519 0.772611 
4.2 0.3 0.0863408 0.799298 
4.25 0.3 0.0476722 0.817218 
4.3 0.3 0.00705612 0.824711 
4.35 0.3 -0.0338381 0.821042 
4.4 0.3 -0.0733218 0.806578 
4.45 0.3 -0.109798 0.782699 
4.5 0.3 -0.141857 0.751465 
4.55 0.3 -0.168341 0.715199 
4.6 0.3 -0.188373 0.676109 
4.65 0.3 -0.201365 0.636068 
4.7 0.3 -0.206995 0.596544 
4.75 0.3 -0.205189 0.55865 
4.8 0.3 -0.196096 0.523245 
4.85 0.3 -0.180073 0.491042 
4.9 0.3 -0.157677 0.462693 
4.95 0.3 -0.12965 0.438837 
5 0.3 -0.0969061 0.42011 
0 0.35 -0.150617 0.393982 
0.05 0.35 -0.11278 0.373127 
0.1 0.35 -0.070772 0.358402 
0.15 0.35 -0.0261145 0.350435 
0.2 0.35 0.0195583 0.349582 
0.25 0.35 0.0645738 0.355875 
0.3 0.35 0.107298 0.369022 
0.35 0.35 0.146206 0.388468 
0.4 0.35 0.179942 0.41349 
0.45 0.35 0.207358 0.443295 
0.5 0.35 0.227534 0.477099 
0.55 0.35 0.239792 0.51415 
0.6 0.35 0.243689 0.553702 
0.65 0.35 0.239027 0.59493 
0.7 0.35 0.225855 0.636805 
0.75 0.35 0.204492 0.677979 
0.8 0.35 0.175546 0.7167 
0.85 0.35 0.139935 0.750839 
0.9 0.35 0.0988894 0.778065 
0.95 0.35 0.0539301 0.796184 
1 0.35 0.00680502 0.803556 
1.05 0.35 -0.0406027 0.799471 
1.1 0.35 -0.0863917 0.784322 
1.15 0.35 -0.128762 0.759509 
1.2 0.35 -0.166118 0.727109 
1.25 0.35 -0.197138 0.689451 
1.3 0.35 -0.220808 0.64875 
1.35 0.35 -0.236429 0.606875 
1.4 0.35 -0.243595 0.565286 
1.45 0.35 -0.242178 0.525089 
1.5 0.35 -0.2323 0.487153 
1.55 0.35 -0.214329 0.452235 
1.6 0.35 -0.188874 0.421074 
1.65 0.35 -0.156781 0.394443 
1.7 0.35 -0.119132 0.373136 
1.75 0.35 -0.0772254 0.357902 
1.8 0.35 -0.0325412 0.349354 
1.85 0.35 0.0133151 0.347868 
1.9 0.35 0.0586827 0.353512 
1.95 0.35 0.101923 0.366038 
2 0.35 0.141493 0.384924 
2.05 0.35 0.176012 0.409468 
2.1 0.35 0.204301 0.438885 
2.15 0.35 0.225411 0.472388 
2.2 0.35 0.238631 0.509225 
2.25 0.35 0.243493 0.54865 
2.3 0.35 0.239771 0.589846 
2.35 0.35 0.22749 0.631811 
2.4 0.35 0.206944 0.673225 
2.45 0.35 0.178714 0.71237 
2.5 0.35 0.143696 0.74714 
2.55 0.35 0.103097 0.775202 
2.6 0.35 0.0584214 0.794321 
2.65 0.35 0.0114091 0.802781 
2.7 0.35 -0.0360541 0.799769 
2.75 0.35 -0.0820526 0.785577 
2.8 0.35 -0.124762 0.761526 
2.85 0.35 -0.162556 0.729658 
2.9 0.35 -0.194076 0.692308 
2.95 0.35 -0.218278 0.651721 
3 0.35 -0.234431 0.609816 
3.05 0.35 -0.242106 0.568099 
3.1 0.35 -0.241154 0.527716 
3.15 0.35 -0.231689 0.489567 
3.2 0.35 -0.214071 0.454425 
3.25 0.35 -0.188905 0.423043 
3.3 0.35 -0.157039 0.396203 
3.35 0.35 -0.11956 0.374703 
3.4 0.35 -0.0777737 0.3593 
3.45 0.35 -0.0331676 0.350613 
3.5 0.35 0.0126412 0.349024 
3.55 0.35 0.0579791 0.354606 
3.6 0.35 0.101194 0.367114 
3.65 0.35 0.14073 0.386028 
3.7 0.35 0.175192 0.41064 
3.75 0.35 0.203392 0.440163 
3.8 0.35 0.22437 0.4738 
3.85 0.35 0.237412 0.510787 
3.9 0.35 0.242048 0.550361 
3.95 0.35 0.238057 0.591683 
4 0.35 0.225474 0.633718 
4.05 0.35 0.204611 0.675111 
4.1 0.35 0.176072 0.714107 
4.15 0.35 0.140778 0.748567 
4.2 0.35 0.0999668 0.776148 
4.25 0.35 0.0551714 0.794632 
4.3 0.35 0.00815671 0.802349 
4.35 0.35 -0.0391731 0.798559 
4.4 0.35 -0.0848928 0.783632 
4.45 0.35 -0.127177 0.758953 
4.5 0.35 -0.164406 0.7266 
4.55 0.35 -0.195235 0.688917 
4.6 0.35 -0.218636 0.648137 
4.65 0.35 -0.2339 0.606153 
4.7 0.35 -0.240621 0.564454 
4.75 0.35 -0.238679 0.524171 
4.8 0.35 -0.228214 0.486202 
4.85 0.35 -0.20962 0.451329 
4.9 0.35 -0.183532 0.420323 
4.95 0.35 -0.150828 0.393982 
5 0.35 -0.112621 0.373127 
0 0.4 -0.166707 0.361709 
0.05 0.4 -0.124749 0.338723 
0.1 0.4 -0.0781515 0.322379 
0.15 0.4 -0.0285871 0.313515 
0.2 0.4 0.0221218 0.312618 
0.25 0.4 0.0720957 0.31973 
0.3 0.4 0.119493 0.334449 
0.35 0.4 0.162599 0.356007 
0.4 0.4 0.199895 0.383422 
0.45 0.4 0.230108 0.415646 
0.5 0.4 0.25223 0.451681 
0.55 0.4 0.265531 0.490632 
0.6 0.4 0.269553 0.531672 
0.65 0.4 0.264111 0.573952 
0.7 0.4 0.249298 0.616465 
0.75 0.4 0.225498 0.657912 
0.8 0.4 0.19341 0.696617 
0.85 0.4 0.154063 0.730549 
0.9 0.4 0.108813 0.757494 
0.95 0.4 0.0593227 0.775371 
1 0.4 0.00748884 0.782636 
1.05 0.4 -0.0446505 0.778617 
1.1 0.4 -0.0950389 0.763685 
1.15 0.4 -0.141725 0.739161 
1.2 0.4 -0.182968 0.70701 
1.25 0.4 -0.217315 0.669443 
1.3 0.4 -0.243637 0.62857 
1.35 0.4 -0.261136 0.586178 
1.4 0.4 -0.269332 0.543667 
1.45 0.4 -0.268045 0.502115 
1.5 0.4 -0.257373 0.462398 
1.55 0.4 -0.237691 0.425333 
1.6 0.4 -0.209644 0.391788 
1.65 0.4 -0.174154 0.362729 
1.7 0.4 -0.132416 0.339198 
1.75 0.4 -0.0858775 0.322213 
1.8 0.4 -0.0362022 0.312619 
1.85 0.4 0.0147985 0.310942 
1.9 0.4 0.0652465 0.317278 
1.95 0.4 0.113291 0.331277 
2 0.4 0.157195 0.352213 
2.05 0.4 0.195412 0.379125 
2.1 0.4 0.226634 0.410966 
2.15 0.4 0.249822 0.446729 
2.2 0.4 0.264212 0.485505 
2.25 0.4 0.269317 0.526462 
2.3 0.4 0.264924 0.568754 
2.35 0.4 0.251097 0.611394 
2.4 0.4 0.228197 0.653111 
2.45 0.4 0.196896 0.69226 
2.5 0.4 0.158195 0.726832 
2.55 0.4 0.113433 0.754609 
2.6 0.4 0.064251 0.773472 
2.65 0.4 0.0125411 0.781802 
2.7 0.4 -0.0396559 0.778832 
2.75 0.4 -0.0902682 0.764837 
2.8 0.4 -0.137318 0.741063 
2.85 0.4 -0.179033 0.709442 
2.9 0.4 -0.213923 0.672188 
2.95 0.4 -0.240821 0.631441 
3 0.4 -0.2589 0.589033 
3.05 0.4 -0.267653 0.546411 
3.1 0.4 -0.266879 0.504689 
3.15 0.4 -0.256665 0.464772 
3.2 0.4 -0.237376 0.427494 
3.25 0.4 -0.209654 0.393735 
3.3 0.4 -0.174422 0.364467 
3.35 0.4 -0.132879 0.340739 
3.4 0.4 -0.08648 0.323575 
3.45 0.4 -0.0368982 0.313829 
3.5 0.4 0.014043 0.312035 
3.55 0.4 0.0644521 0.318295 
3.6 0.4 0.112463 0.332266 
3.65 0.4 0.156324 0.353222 
3.7 0.4 0.194475 0.380197 
3.75 0.4 0.225595 0.412139 
3.8 0.4 0.248636 0.448033 
3.85 0.4 0.262828 0.486957 
3.9 0.4 0.267684 0.528059 
3.95 0.4 0.262996 0.570472 
4 0.4 0.248841 0.613179 
4.05 0.4 0.225597 0.654871 
4.1 0.4 0.19396 0.693869 
4.15 0.4 0.154963 0.728133 
4.2 0.4 0.109972 0.755434 
4.25 0.4 0.0606638 0.773671 
4.3 0.4 0.00895483 0.781266 
4.35 0.4 -0.0430929 0.777522 
4.4 0.4 -0.0933959 0.762785 
4.45 0.4 -0.139974 0.738365 
4.5 0.4 -0.181058 0.706226 
4.55 0.4 -0.21517 0.668592 
4.6 0.4 -0.241161 0.627592 
4.65 0.4 -0.25822 0.585037 
4.7 0.4 -0.265866 0.542358 
4.75 0.4 -0.263925 0.500661 
4.8 0.4 -0.252517 0.46086 
4.85 0.4 -0.232044 0.423813 
4.9 0.4 -0.203195 0.390428 
4.95 0.4 -0.166948 0.361709 
5 0.4 -0.124568 0.338723 
0 0.45 -0.176905 0.33809 
0.05 0.45 -0.132324 0.312923 
0.1 0.45 -0.0827778 0.294897 
0.15 0.45 -0.0300409 0.285101 
0.2 0.45 0.0239305 0.284175 
0.25 0.45 0.0771077 0.292173 
0.3 0.45 0.127501 0.308553 
0.35 0.45 0.17326 0.332297 
0.4 0.45 0.212758 0.362115 
0.45 0.45 0.244642 0.396655 
0.5 0.45 0.267859 0.434672 
0.55 0.45 0.281661 0.475096 
0.6 0.45 0.285598 0.517008 
0.65 0.45 0.279514 0.559539 
0.7 0.45 0.263548 0.601725 
0.75 0.45 0.238146 0.642363 
0.8 0.45 0.204073 0.679927 
0.85 0.45 0.162433 0.712586 
0.9 0.45 0.11466 0.738354 
0.95 0.45 0.062489 0.755376 
1 0.45 0.00789294 0.762277 
1.05 0.45 -0.0470192 0.758466 
1.1 0.45 -0.100119 0.744271 
1.15 0.45 -0.149383 0.720862 
1.2 0.45 -0.192994 0.689989 
1.25 0.45 -0.229423 0.653633 
1.3 0.45 -0.257464 0.613692 
1.35 0.45 -0.276248 0.571788 
1.4 0.45 -0.285234 0.529209 
1.45 0.45 -0.284186 0.486972 
1.5 0.45 -0.273169 0.445954 
1.55 0.45 -0.25254 0.407043 
1.6 0.45 -0.222951 0.371256 
1.65 0.45 -0.185361 0.339791 
1.7 0.45 -0.141031 0.313984 
1.75 0.45 -0.0915121 0.295168 
1.8 0.45 -0.0385937 0.284469 
1.85 0.45 0.0157622 0.282588 
1.9 0.45 0.0695189 0.289656 
1.95 0.45 0.12067 0.305203 
2 0.45 0.16734 0.328258 
2.05 0.45 0.20787 0.357552 
2.1 0.45 0.240871 0.391727 
2.15 0.45 0.265253 0.429516 
2.2 0.45 0.280234 0.469826 
2.25 0.45 0.285334 0.51172 
2.3 0.45 0.280368 0.554325 
2.35 0.45 0.265449 0.596689 
2.4 0.45 0.240994 0.637635 
2.45 0.45 0.207746 0.675662 
2.5 0.45 0.166782 0.708957 
2.55 0.45 0.119515 0.73553 
2.6 0.45 0.0676659 0.75349 
2.65 0.45 0.013199 0.761397 
2.7 0.45 -0.0417717 0.758572 
2.75 0.45 -0.0951018 0.745259 
2.8 0.45 -0.144741 0.722564 
2.85 0.45 -0.188839 0.692203 
2.9 0.45 -0.22583 0.65616 
2.95 0.45 -0.254471 0.616361 
3 0.45 -0.273862 0.574466 
3.05 0.45 -0.283431 0.531803 
3.1 0.45 -0.282925 0.489425 
3.15 0.45 -0.272392 0.448233 
3.2 0.45 -0.252181 0.409131 
3.25 0.45 -0.222941 0.373144 
3.3 0.45 -0.18563 0.341478 
3.35 0.45 -0.141514 0.315473 
3.4 0.45 -0.0921488 0.296471 
3.45 0.45 -0.0393358 0.285607 
3.5 0.45 0.0149514 0.283595 
3.55 0.45 0.0686617 0.290573 
3.6 0.45 0.119773 0.306077 
3.65 0.45 0.166395 0.32914 
3.7 0.45 0.206851 0.358487 
3.75 0.45 0.239742 0.392755 
3.8 0.45 0.263967 0.430666 
3.85 0.45 0.278738 0.471112 
3.9 0.45 0.283576 0.51314 
3.95 0.45 0.278301 0.555854 
4 0.45 0.263039 0.598273 
4.05 0.45 0.238226 0.639186 
4.1 0.45 0.204629 0.677062 
4.15 0.45 0.163357 0.710058 
4.2 0.45 0.115854 0.736175 
4.25 0.45 0.0638744 0.753537 
4.3 0.45 0.00941024 0.760743 
4.35 0.45 -0.0454025 0.757173 
4.4 0.45 -0.098406 0.743134 
4.45 0.45 -0.147544 0.719787 
4.5 0.45 -0.190971 0.688882 
4.55 0.45 -0.227128 0.65241 
4.6 0.45 -0.254787 0.612288 
4.65 0.45 -0.273064 0.570161 
4.7 0.45 -0.281411 0.527346 
4.75 0.45 -0.279602 0.484896 
4.8 0.45 -0.267721 0.443734 
4.85 0.45 -0.246161 0.404801 
4.9 0.45 -0.215631 0.36917 
4.95 0.45 -0.177165 0.33809 
5 0.45 -0.132129 0.312923 
0 0.5 -0.180683 0.319362 
0.05 0.5 -0.135119 0.292075 
0.1 0.5 -0.084426 0.272399 
0.15 0.5 -0.0304274 0.261691 
0.2 0.5 0.0248515 0.260751 
0.25 0.5 0.0793008 0.269643 
0.3 0.5 0.13085 0.287678 
0.35 0.5 0.17758 0.31357 
0.4 0.5 0.217814 0.345704 
0.45 0.5 0.250173 0.382412 
0.5 0.5 0.273597 0.422183 
0.55 0.5 0.287355 0.463763 
0.6 0.5 0.291026 0.506129 
0.65 0.5 0.284494 0.548388 
0.7 0.5 0.267944 0.589624 
0.75 0.5 0.241866 0.628758 
0.8 0.5 0.20707 0.664461 
0.85 0.5 0.164692 0.695163 
0.9 0.5 0.116187 0.719179 
0.95 0.5 0.0633004 0.73495 
1 0.5 0.00800053 0.741327 
1.05 0.5 -0.0476136 0.737815 
1.1 0.5 -0.101425 0.724687 
1.15 0.5 -0.151416 0.702921 
1.2 0.5 -0.195764 0.673987 
1.25 0.5 -0.232922 0.639559 
1.3 0.5 -0.261654 0.601258 
1.35 0.5 -0.28105 0.560488 
1.4 0.5 -0.290521 0.518392 
1.45 0.5 -0.289786 0.475916 
1.5 0.5 -0.278867 0.433941 
1.55 0.5 -0.258083 0.393433 
1.6 0.5 -0.228069 0.355575 
1.65 0.5 -0.189779 0.321808 
1.7 0.5 -0.144495 0.293778 
1.75 0.5 -0.0938092 0.273153 
1.8 0.5 -0.0395789 0.261353 
1.85 0.5 0.0161525 0.25927 
1.9 0.5 0.0712584 0.267068 
1.95 0.5 0.123645 0.284148 
2 0.5 0.171366 0.309284 
2.05 0.5 0.212705 0.340878 
2.1 0.5 0.246247 0.377246 
2.15 0.5 0.270894 0.416846 
2.2 0.5 0.285878 0.458385 
2.25 0.5 0.29075 0.500811 
2.3 0.5 0.285364 0.543219 
2.35 0.5 0.269879 0.584696 
2.4 0.5 0.244761 0.624181 
2.45 0.5 0.210795 0.660366 
2.5 0.5 0.169095 0.691692 
2.55 0.5 0.121095 0.716471 
2.6 0.5 0.0685282 0.733112 
2.65 0.5 0.0133564 0.74041 
2.7 0.5 -0.0423159 0.737797 
2.75 0.5 -0.0963561 0.725476 
2.8 0.5 -0.14672 0.704371 
2.85 0.5 -0.191553 0.675923 
2.9 0.5 -0.229272 0.641807 
2.95 0.5 -0.258604 0.603665 
3 0.5 -0.278609 0.562934 
3.05 0.5 -0.288669 0.520791 
3.1 0.5 -0.288483 0.478211 
3.15 0.5 -0.278056 0.436095 
3.2 0.5 -0.257701 0.395423 
3.25 0.5 -0.228045 0.357385 
3.3 0.5 -0.190044 0.323427 
3.35 0.5 -0.144982 0.295203 
3.4 0.5 -0.094459 0.274386 
3.45 0.5 -0.0403409 0.262411 
3.5 0.5 0.0153163 0.26018 
3.55 0.5 0.0703713 0.267873 
3.6 0.5 0.122715 0.284896 
3.65 0.5 0.170384 0.310026 
3.7 0.5 0.211648 0.34166 
3.75 0.5 0.245076 0.378109 
3.8 0.5 0.269562 0.417817 
3.85 0.5 0.284334 0.459476 
3.9 0.5 0.28894 0.502018 
3.95 0.5 0.283242 0.544515 
4 0.5 0.267411 0.58603 
4.05 0.5 0.241933 0.625471 
4.1 0.5 0.207618 0.661502 
4.15 0.5 0.165608 0.692543 
4.2 0.5 0.117373 0.716895 
4.25 0.5 0.0646749 0.73298 
4.3 0.5 0.00950541 0.739624 
4.35 0.5 -0.0460087 0.736311 
4.4 0.5 -0.0997196 0.723294 
4.45 0.5 -0.149576 0.701544 
4.5 0.5 -0.193724 0.672529 
4.55 0.5 -0.230585 0.637932 
4.6 0.5 -0.2589 0.599391 
4.65 0.5 -0.277741 0.558333 
4.7 0.5 -0.286512 0.515929 
4.75 0.5 -0.28494 0.473168 
4.8 0.5 -0.273066 0.430983 
4.85 0.5 -0.251254 0.39041 
4.9 0.5 -0.2202 0.3527 
4.95 0.5 -0.180952 0.319362 
5 0.5 -0.134917 0.292075 
0 0.55 -0.17781 0.302339 
0.05 0.55 -0.132961 0.273237 
0.1 0.55 -0.0830017 0.252138 
0.15 0.55 -0.0297394 0.240646 
0.2 0.55 0.024801 0.239711 
0.25 0.55 0.0785044 0.249401 
0.3 0.55 0.129295 0.268891 
0.35 0.55 0.175258 0.296648 
0.4 0.55 0.214729 0.330756 
0.45 0.55 0.246353 0.369259 
0.5 0.55 0.26911 0.410403 
0.55 0.55 0.282309 0.45276 
0.6 0.55 0.285577 0.495205 
0.65 0.55 0.278843 0.536815 
0.7 0.55 0.26233 0.576722 
0.75 0.55 0.236555 0.613973 
0.8 0.55 0.202339 0.647449 
0.85 0.55 0.160807 0.675864 
0.9 0.55 0.113382 0.697862 
0.95 0.55 0.0617525 0.712204 
1 0.55 0.0078104 0.717983 
1.05 0.55 -0.0464327 0.714809 
1.1 0.55 -0.0989494 0.702898 
1.15 0.55 -0.147801 0.683019 
1.2 0.55 -0.191229 0.656337 
1.25 0.55 -0.227726 0.624194 
1.3 0.55 -0.256072 0.587909 
1.35 0.55 -0.275352 0.548651 
1.4 0.55 -0.284954 0.507412 
1.45 0.55 -0.28456 0.46507 
1.5 0.55 -0.274147 0.422511 
1.55 0.55 -0.253989 0.380786 
1.6 0.55 -0.224674 0.34123 
1.65 0.55 -0.187116 0.305514 
1.7 0.55 -0.142569 0.275567 
1.75 0.55 -0.0926081 0.253364 
1.8 0.55 -0.0390875 0.240598 
1.85 0.55 0.0159425 0.238335 
1.9 0.55 0.0703438 0.246774 
1.95 0.55 0.122013 0.265197 
2 0.55 0.169002 0.292136 
2.05 0.55 0.209606 0.325694 
2.1 0.55 0.242433 0.363889 
2.15 0.55 0.266421 0.404921 
2.2 0.55 0.280847 0.447311 
2.25 0.55 0.285307 0.489896 
2.3 0.55 0.279703 0.531732 
2.35 0.55 0.264233 0.571945 
2.4 0.55 0.239393 0.609592 
2.45 0.55 0.205981 0.643565 
2.5 0.55 0.165101 0.672588 
2.55 0.55 0.118161 0.6953 
2.6 0.55 0.0668358 0.710434 
2.65 0.55 0.0130145 0.717039 
2.7 0.55 -0.0412859 0.714667 
2.75 0.55 -0.0940224 0.703478 
2.8 0.55 -0.143232 0.6842 
2.85 0.55 -0.187126 0.657973 
2.9 0.55 -0.224163 0.626138 
2.95 0.55 -0.253089 0.590029 
3 0.55 -0.272958 0.550842 
3.05 0.55 -0.283131 0.509595 
3.1 0.55 -0.283272 0.467188 
3.15 0.55 -0.273342 0.424524 
3.2 0.55 -0.253605 0.382665 
3.25 0.55 -0.224643 0.34295 
3.3 0.55 -0.187372 0.307057 
3.35 0.55 -0.143047 0.276919 
3.4 0.55 -0.0932494 0.254522 
3.45 0.55 -0.039842 0.241571 
3.5 0.55 0.0151127 0.239148 
3.55 0.55 0.0694624 0.247467 
3.6 0.55 0.121089 0.265818 
3.65 0.55 0.168026 0.292737 
3.7 0.55 0.208556 0.326322 
3.75 0.55 0.241271 0.364582 
3.8 0.55 0.265103 0.405706 
3.85 0.55 0.279321 0.448198 
3.9 0.55 0.283522 0.490877 
3.95 0.55 0.277615 0.53278 
4 0.55 0.261809 0.573009 
4.05 0.55 0.236619 0.610598 
4.1 0.55 0.202867 0.644415 
4.15 0.55 0.161688 0.673166 
4.2 0.55 0.114518 0.695483 
4.25 0.55 0.0630644 0.710108 
4.3 0.55 0.00924277 0.716115 
4.35 0.55 -0.0449071 0.713094 
4.4 0.55 -0.0973265 0.701246 
4.45 0.55 -0.146044 0.681334 
4.5 0.55 -0.189268 0.654521 
4.55 0.55 -0.22546 0.622157 
4.6 0.55 -0.253374 0.585575 
4.65 0.55 -0.272078 0.545965 
4.7 0.55 -0.280951 0.504351 
4.75 0.55 -0.279683 0.461655 
4.8 0.55 -0.268271 0.418826 
4.85 0.55 -0.247036 0.376993 
4.9 0.55 -0.216632 0.337581 
4.95 0.55 -0.178077 0.302339 
5 0.55 -0.132761 0.273238 
0 0.6 -0.168361 0.284494 
0.05 0.6 -0.125904 0.254211 
0.1 0.6 -0.0785438 0.232169 
0.15 0.6 -0.0280097 0.220162 
0.2 0.6 0.0237508 0.219251 
0.25 0.6 0.074698 0.229511 
0.3 0.6 0.122832 0.250007 
0.35 0.6 0.166314 0.279016 
0.4 0.6 0.203558 0.314398 
0.45 0.6 0.233287 0.353975 
0.5 0.6 0.254553 0.395814 
0.55 0.6 0.266734 0.43835 
0.6 0.6 0.269513 0.480379 
0.65 0.6 0.262864 0.520951 
0.7 0.6 0.247033 0.559238 
0.75 0.6 0.222542 0.594401 
0.8 0.6 0.190187 0.625517 
0.85 0.6 0.151041 0.651569 
0.9 0.6 0.106439 0.671516 
0.95 0.6 0.0579536 0.684418 
1 0.6 0.00733543 0.689596 
1.05 0.6 -0.0435603 0.686761 
1.1 0.6 -0.0928643 0.676072 
1.15 0.6 -0.138785 0.658104 
1.2 0.6 -0.179689 0.633735 
1.25 0.6 -0.214163 0.603989 
1.3 0.6 -0.241051 0.5699 
1.35 0.6 -0.25947 0.532417 
1.4 0.6 -0.268812 0.492393 
1.45 0.6 -0.268739 0.450646 
1.5 0.6 -0.25919 0.408071 
1.55 0.6 -0.240385 0.365785 
1.6 0.6 -0.212846 0.325245 
1.65 0.6 -0.177417 0.288294 
1.7 0.6 -0.135273 0.257077 
1.75 0.6 -0.087915 0.2338 
1.8 0.6 -0.0371202 0.220367 
1.85 0.6 0.0151335 0.217979 
1.9 0.6 0.0667798 0.226862 
1.95 0.6 0.115788 0.246202 
2 0.6 0.160283 0.27435 
2.05 0.6 0.198639 0.309178 
2.1 0.6 0.229538 0.348478 
2.15 0.6 0.251994 0.390257 
2.2 0.6 0.265352 0.432893 
2.25 0.6 0.269267 0.475132 
2.3 0.6 0.263687 0.515997 
2.35 0.6 0.248838 0.554645 
2.4 0.6 0.225221 0.59024 
2.45 0.6 0.193614 0.621865 
2.5 0.6 0.155071 0.648506 
2.55 0.6 0.110915 0.669113 
2.6 0.6 0.0627079 0.682728 
2.65 0.6 0.0121982 0.688637 
2.7 0.6 -0.038753 0.686508 
2.75 0.6 -0.0882619 0.676458 
2.8 0.6 -0.134515 0.659029 
2.85 0.6 -0.17585 0.635081 
2.9 0.6 -0.210825 0.605637 
2.95 0.6 -0.238253 0.571739 
3 0.6 -0.257221 0.534355 
3.05 0.6 -0.267097 0.494358 
3.1 0.6 -0.267525 0.452581 
3.15 0.6 -0.25843 0.409934 
3.2 0.6 -0.240022 0.367541 
3.25 0.6 -0.212819 0.326863 
3.3 0.6 -0.177661 0.289749 
3.35 0.6 -0.135729 0.258348 
3.4 0.6 -0.088526 0.234877 
3.45 0.6 -0.0378393 0.221254 
3.5 0.6 0.0143427 0.218697 
3.55 0.6 0.0659404 0.227447 
3.6 0.6 0.114908 0.246703 
3.65 0.6 0.159356 0.274818 
3.7 0.6 0.197643 0.309661 
3.75 0.6 0.228438 0.349012 
3.8 0.6 0.250748 0.390866 
3.85 0.6 0.263911 0.433584 
3.9 0.6 0.267584 0.475895 
3.95 0.6 0.26172 0.516803 
4 0.6 0.246556 0.555447 
4.05 0.6 0.222611 0.590969 
4.1 0.6 0.190686 0.622434 
4.15 0.6 0.151861 0.648816 
4.2 0.6 0.107488 0.669059 
4.25 0.6 0.0591573 0.682211 
4.3 0.6 0.0086426 0.687577 
4.35 0.6 -0.0421732 0.684851 
4.4 0.6 -0.0913906 0.674181 
4.45 0.6 -0.137186 0.656135 
4.5 0.6 -0.177894 0.631589 
4.55 0.6 -0.212071 0.601577 
4.6 0.6 -0.238537 0.567142 
4.65 0.6 -0.256389 0.529254 
4.7 0.6 -0.26501 0.488801 
4.75 0.6 -0.26407 0.446645 
4.8 0.6 -0.253529 0.403753 
4.85 0.6 -0.233653 0.361329 
4.9 0.6 -0.205032 0.320931 
4.95 0.6 -0.168614 0.284494 
5 0.6 -0.125714 0.254212 
0 0.65 -0.152741 0.26392 
0.05 0.65 -0.114244 0.233431 
0.1 0.65 -0.071239 0.211183 
0.15 0.65 -0.0253141 0.199069 
0.2 0.65 0.0217361 0.198208 
0.25 0.65 0.0680289 0.208672 
0.3 0.65 0.111721 0.229468 
0.35 0.65 0.151122 0.258775 
0.4 0.65 0.184786 0.294336 
0.45 0.65 0.21156 0.333867 
0.5 0.65 0.230604 0.375344 
0.55 0.65 0.24138 0.417135 
0.6 0.65 0.243634 0.457995 
0.65 0.65 0.237375 0.496965 
0.7 0.65 0.222858 0.533254 
0.75 0.65 0.200581 0.566119 
0.8 0.65 0.171282 0.594804 
0.85 0.65 0.135937 0.618519 
0.9 0.65 0.0957484 0.636485 
0.95 0.65 0.0521189 0.648018 
1 0.65 0.00660206 0.652629 
1.05 0.65 -0.0391604 0.650113 
1.1 0.65 -0.0835148 0.640582 
1.15 0.65 -0.124873 0.624448 
1.2 0.65 -0.16178 0.602345 
1.25 0.65 -0.192968 0.575034 
1.3 0.65 -0.217388 0.543304 
1.35 0.65 -0.234226 0.507919 
1.4 0.65 -0.242907 0.469618 
1.45 0.65 -0.243096 0.429164 
1.5 0.65 -0.234703 0.38745 
1.55 0.65 -0.217892 0.345628 
1.6 0.65 -0.193109 0.305217 
1.65 0.65 -0.161096 0.268146 
1.7 0.65 -0.122912 0.236666 
1.75 0.65 -0.0799209 0.213105 
1.8 0.65 -0.0337559 0.199472 
1.85 0.65 0.0137583 0.197045 
1.9 0.65 0.0607111 0.206059 
1.95 0.65 0.105227 0.225655 
2 0.65 0.145579 0.254084 
2.05 0.65 0.180281 0.2891 
2.1 0.65 0.208141 0.328381 
2.15 0.65 0.228283 0.369838 
2.2 0.65 0.240138 0.411777 
2.25 0.65 0.243427 0.452896 
2.3 0.65 0.238136 0.492205 
2.35 0.65 0.224502 0.528892 
2.4 0.65 0.203007 0.56221 
2.45 0.65 0.174373 0.591402 
2.5 0.65 0.139563 0.615678 
2.55 0.65 0.0997664 0.634252 
2.6 0.65 0.0563797 0.646421 
2.65 0.65 0.0109552 0.651675 
2.7 0.65 -0.0348598 0.649774 
2.75 0.65 -0.0793986 0.640804 
2.8 0.65 -0.121053 0.62515 
2.85 0.65 -0.158345 0.603434 
2.9 0.65 -0.18998 0.576413 
2.95 0.65 -0.214881 0.544882 
3 0.65 -0.23221 0.509617 
3.05 0.65 -0.24137 0.471369 
3.1 0.65 -0.242009 0.430914 
3.15 0.65 -0.234023 0.389155 
3.2 0.65 -0.217571 0.347248 
3.25 0.65 -0.193091 0.306718 
3.3 0.65 -0.161324 0.269497 
3.35 0.65 -0.123331 0.237843 
3.4 0.65 -0.0804805 0.214092 
3.45 0.65 -0.0344128 0.200269 
3.5 0.65 0.0130375 0.197669 
3.55 0.65 0.0599478 0.206546 
3.6 0.65 0.104429 0.226049 
3.65 0.65 0.14474 0.254435 
3.7 0.65 0.179382 0.289454 
3.75 0.65 0.207152 0.328773 
3.8 0.65 0.227163 0.37029 
3.85 0.65 0.238844 0.412292 
3.9 0.65 0.241915 0.453463 
3.95 0.65 0.236368 0.492794 
4 0.65 0.222452 0.529457 
4.05 0.65 0.200661 0.56269 
4.1 0.65 0.17174 0.591722 
4.15 0.65 0.136674 0.615751 
4.2 0.65 0.0966798 0.633989 
4.25 0.65 0.053177 0.645739 
4.3 0.65 0.0077417 0.650499 
4.35 0.65 -0.0379589 0.648053 
4.4 0.65 -0.082243 0.638502 
4.45 0.65 -0.123493 0.622253 
4.5 0.65 -0.160224 0.599941 
4.55 0.65 -0.19114 0.572329 
4.6 0.65 -0.215169 0.540221 
4.65 0.65 -0.231478 0.504401 
4.7 0.65 -0.239485 0.465637 
4.75 0.65 -0.238859 0.424745 
4.8 0.65 -0.229532 0.382689 
4.85 0.65 -0.211712 0.340716 
4.9 0.65 -0.185911 0.30045 
4.95 0.65 -0.152968 0.26392 
5 0.65 -0.114073 0.233431 
0 0.7 -0.131736 0.239272 
0.05 0.7 -0.0985588 0.209839 
0.1 0.7 -0.0614446 0.188336 
0.15 0.7 -0.0217803 0.176638 
0.2 0.7 0.0188627 0.17585 
0.25 0.7 0.058835 0.186042 
0.3 0.7 0.0965231 0.206223 
0.35 0.7 0.130454 0.234586 
0.4 0.7 0.159376 0.268894 
0.45 0.7 0.1823 0.306889 
0.5 0.7 0.198519 0.346573 
0.55 0.7 0.207591 0.386333 
0.6 0.7 0.209325 0.42494 
0.65 0.7 0.203754 0.461457 
0.7 0.7 0.191123 0.495136 
0.75 0.7 0.171878 0.525321 
0.8 0.7 0.146667 0.551385 
0.85 0.7 0.116334 0.572715 
0.9 0.7 0.081906 0.588735 
0.95 0.7 0.044574 0.598953 
1 0.7 0.00565083 0.603026 
1.05 0.7 -0.0334794 0.600811 
1.1 0.7 -0.0714232 0.592384 
1.15 0.7 -0.106839 0.578035 
1.2 0.7 -0.138495 0.558214 
1.25 0.7 -0.165309 0.533477 
1.3 0.7 -0.186376 0.504427 
1.35 0.7 -0.200988 0.471684 
1.4 0.7 -0.208631 0.435887 
1.45 0.7 -0.208994 0.397745 
1.5 0.7 -0.201971 0.358128 
1.55 0.7 -0.18768 0.318169 
1.6 0.7 -0.166478 0.279373 
1.65 0.7 -0.138987 0.243648 
1.7 0.7 -0.10611 0.21322 
1.75 0.7 -0.0690281 0.190395 
1.8 0.7 -0.0291635 0.177168 
1.85 0.7 0.0118854 0.17481 
1.9 0.7 0.0524418 0.183556 
1.95 0.7 0.0908608 0.202549 
2 0.7 0.125634 0.230052 
2.05 0.7 0.155472 0.263839 
2.1 0.7 0.17935 0.301609 
2.15 0.7 0.196528 0.3413 
2.2 0.7 0.206538 0.381231 
2.25 0.7 0.209166 0.42012 
2.3 0.7 0.204426 0.456993 
2.35 0.7 0.19255 0.49108 
2.4 0.7 0.17397 0.521715 
2.45 0.7 0.149322 0.548268 
2.5 0.7 0.119437 0.570121 
2.55 0.7 0.085337 0.586691 
2.6 0.7 0.0482056 0.597472 
2.65 0.7 0.00935613 0.602105 
2.7 0.7 -0.0298224 0.600423 
2.75 0.7 -0.0679251 0.592483 
2.8 0.7 -0.103595 0.578557 
2.85 0.7 -0.135578 0.559086 
2.9 0.7 -0.162771 0.534621 
2.95 0.7 -0.184248 0.505769 
3 0.7 -0.199277 0.473154 
3.05 0.7 -0.207328 0.437425 
3.1 0.7 -0.208075 0.399301 
3.15 0.7 -0.201402 0.359656 
3.2 0.7 -0.187417 0.319632 
3.25 0.7 -0.166473 0.280734 
3.3 0.7 -0.139193 0.244873 
3.35 0.7 -0.106479 0.214284 
3.4 0.7 -0.0695168 0.19128 
3.45 0.7 -0.0297342 0.177871 
3.5 0.7 0.011262 0.175345 
3.55 0.7 0.0517846 0.183953 
3.6 0.7 0.090177 0.202852 
3.65 0.7 0.124919 0.230307 
3.7 0.7 0.154708 0.264088 
3.75 0.7 0.178511 0.301885 
3.8 0.7 0.195579 0.34162 
3.85 0.7 0.205442 0.381599 
3.9 0.7 0.207884 0.420521 
3.95 0.7 0.202925 0.457399 
4 0.7 0.190806 0.491449 
4.05 0.7 0.171972 0.521991 
4.1 0.7 0.147076 0.548385 
4.15 0.7 0.11697 0.570007 
4.2 0.7 0.0826953 0.58627 
4.25 0.7 0.0454589 0.596672 
4.3 0.7 0.00659321 0.600861 
4.35 0.7 -0.0324954 0.598682 
4.4 0.7 -0.0703886 0.590208 
4.45 0.7 -0.105719 0.57572 
4.5 0.7 -0.137228 0.555672 
4.55 0.7 -0.163808 0.530622 
4.6 0.7 -0.184536 0.501185 
4.65 0.7 -0.198683 0.468 
4.7 0.7 -0.205732 0.431737 
4.75 0.7 -0.205374 0.393159 
4.8 0.7 -0.197525 0.353202 
4.85 0.7 -0.18234 0.313097 
4.9 0.7 -0.160236 0.274452 
4.95 0.7 -0.131924 0.239272 
5 0.7 -0.0984177 0.209839 
0 0.75 -0.106568 0.209767 
0.05 0.75 -0.0797525 0.182815 
0.1 0.75 -0.049717 0.163122 
0.15 0.75 -0.0175985 0.152419 
0.2 0.75 0.0153149 0.151729 
0.25 0.75 0.0476704 0.161112 
0.3 0.75 0.0781465 0.179648 
0.35 0.75 0.105541 0.20566 
0.4 0.75 0.128839 0.237079 
0.45 0.75 0.147248 0.271813 
0.5 0.75 0.160207 0.308008 
0.55 0.75 0.16738 0.344166 
0.6 0.75 0.168631 0.379138 
0.65 0.75 0.164005 0.412053 
0.7 0.75 0.153719 0.442227 
0.75 0.75 0.138143 0.469084 
0.8 0.75 0.11781 0.492107 
0.85 0.75 0.0933989 0.510815 
0.9 0.75 0.0657352 0.52478 
0.95 0.75 0.0357673 0.533647 
1 0.75 0.00453802 0.537174 
1.05 0.75 -0.0268556 0.53526 
1.1 0.75 -0.057309 0.527961 
1.15 0.75 -0.0857579 0.515476 
1.2 0.75 -0.111221 0.498127 
1.25 0.75 -0.132832 0.476325 
1.3 0.75 -0.149863 0.450533 
1.35 0.75 -0.161736 0.421253 
1.4 0.75 -0.168024 0.389038 
1.45 0.75 -0.168461 0.354529 
1.5 0.75 -0.162944 0.318533 
1.55 0.75 -0.151544 0.282112 
1.6 0.75 -0.134533 0.246666 
1.65 0.75 -0.112398 0.213968 
1.7 0.75 -0.085862 0.186081 
1.75 0.75 -0.0558804 0.165142 
1.8 0.75 -0.0236146 0.153 
1.85 0.75 0.00962462 0.150834 
1.9 0.75 0.0424593 0.158861 
1.95 0.75 0.0735389 0.176288 
2 0.75 0.101629 0.201503 
2.05 0.75 0.125682 0.232443 
2.1 0.75 0.144873 0.266977 
2.15 0.75 0.158616 0.30319 
2.2 0.75 0.16655 0.33952 
2.25 0.75 0.168523 0.374767 
2.3 0.75 0.164566 0.408025 
2.35 0.75 0.154883 0.438587 
2.4 0.75 0.139837 0.465866 
2.45 0.75 0.119949 0.489337 
2.5 0.75 0.0958922 0.508515 
2.55 0.75 0.0684848 0.522963 
2.6 0.75 0.038672 0.532317 
2.65 0.75 0.00749702 0.536322 
2.7 0.75 -0.0239387 0.534863 
2.75 0.75 -0.0545218 0.527979 
2.8 0.75 -0.083175 0.515859 
2.85 0.75 -0.108901 0.498818 
2.9 0.75 -0.130816 0.477261 
2.95 0.75 -0.148174 0.451652 
3 0.75 -0.160381 0.422498 
3.05 0.75 -0.166996 0.390356 
3.1 0.75 -0.167741 0.355874 
3.15 0.75 -0.162502 0.319864 
3.2 0.75 -0.151347 0.28339 
3.25 0.75 -0.134542 0.247857 
3.3 0.75 -0.112576 0.215041 
3.35 0.75 -0.0861693 0.18701 
3.4 0.75 -0.0562818 0.165909 
3.45 0.75 -0.0240796 0.153602 
3.5 0.75 0.0091201 0.15128 
3.55 0.75 0.0419308 0.15918 
3.6 0.75 0.0729924 0.176516 
3.65 0.75 0.101061 0.201682 
3.7 0.75 0.125077 0.232611 
3.75 0.75 0.144211 0.267162 
3.8 0.75 0.157868 0.303408 
3.85 0.75 0.165685 0.339771 
3.9 0.75 0.16751 0.375038 
3.95 0.75 0.163377 0.408289 
4 0.75 0.153498 0.438806 
4.05 0.75 0.138246 0.465991 
4.1 0.75 0.118156 0.489312 
4.15 0.75 0.0939176 0.508279 
4.2 0.75 0.0663657 0.522453 
4.25 0.75 0.0364626 0.531471 
4.3 0.75 0.00526764 0.535085 
4.35 0.75 -0.0261037 0.533185 
4.4 0.75 -0.0565265 0.525822 
4.45 0.75 -0.084915 0.513191 
4.5 0.75 -0.110266 0.495617 
4.55 0.75 -0.131693 0.473512 
4.6 0.75 -0.14845 0.44735 
4.65 0.75 -0.159945 0.417653 
4.7 0.75 -0.165746 0.385003 
4.75 0.75 -0.16559 0.35009 
4.8 0.75 -0.159391 0.313786 
4.85 0.75 -0.147256 0.277239 
4.9 0.75 -0.129506 0.241947 
4.95 0.75 -0.106702 0.209767 
5 0.75 -0.0796513 0.182815 
0 0.8 -0.0789568 0.175196 
0.05 0.8 -0.0591032 0.152129 
0.1 0.8 -0.0368443 0.135288 
0.15 0.8 -0.0130352 0.126147 
0.2 0.8 0.0113603 0.125576 
0.25 0.8 0.0353296 0.133625 
0.3 0.8 0.0578841 0.149504 
0.35 0.8 0.0781272 0.17178 
0.4 0.8 0.0953062 0.19868 
0.45 0.8 0.10884 0.228409 
0.5 0.8 0.118324 0.25937 
0.55 0.8 0.123523 0.290265 
0.6 0.8 0.12435 0.320093 
0.65 0.8 0.120851 0.348093 
0.7 0.8 0.113196 0.373676 
0.75 0.8 0.101668 0.396354 
0.8 0.8 0.0866608 0.415709 
0.85 0.8 0.0686775 0.431369 
0.9 0.8 0.0483228 0.443013 
0.95 0.8 0.0262896 0.450385 
1 0.8 0.0033382 0.453313 
1.05 0.8 -0.019733 0.451728 
1.1 0.8 -0.04212 0.445666 
1.15 0.8 -0.0630475 0.435268 
1.2 0.8 -0.081799 0.420767 
1.25 0.8 -0.0977401 0.402463 
1.3 0.8 -0.110335 0.380711 
1.35 0.8 -0.119153 0.355914 
1.4 0.8 -0.123874 0.328531 
1.45 0.8 -0.124292 0.299116 
1.5 0.8 -0.120316 0.268371 
1.55 0.8 -0.111987 0.237222 
1.6 0.8 -0.0994921 0.206887 
1.65 0.8 -0.0831797 0.178896 
1.7 0.8 -0.0635783 0.155022 
1.75 0.8 -0.0413951 0.137096 
1.8 0.8 -0.0174969 0.126703 
1.85 0.8 0.00713292 0.124848 
1.9 0.8 0.031459 0.131718 
1.95 0.8 0.0544669 0.146634 
2 0.8 0.0752333 0.168219 
2.05 0.8 0.092979 0.194705 
2.1 0.8 0.107098 0.224262 
2.15 0.8 0.117166 0.255241 
2.2 0.8 0.12293 0.286289 
2.25 0.8 0.124289 0.31636 
2.3 0.8 0.121282 0.344662 
2.35 0.8 0.114069 0.370585 
2.4 0.8 0.102926 0.39363 
2.45 0.8 0.0882412 0.41337 
2.5 0.8 0.0705131 0.429428 
2.55 0.8 0.0503418 0.441477 
2.6 0.8 0.0284182 0.449252 
2.65 0.8 0.00550281 0.452574 
2.7 0.8 -0.0176024 0.451361 
2.75 0.8 -0.0400871 0.44564 
2.8 0.8 -0.0611663 0.435545 
2.85 0.8 -0.0801118 0.4213 
2.9 0.8 -0.0962768 0.403204 
2.95 0.8 -0.109112 0.381612 
3 0.8 -0.118175 0.356926 
3.05 0.8 -0.123136 0.329612 
3.1 0.8 -0.123779 0.300225 
3.15 0.8 -0.120007 0.269473 
3.2 0.8 -0.111857 0.238284 
3.25 0.8 -0.0995126 0.207878 
3.3 0.8 -0.0833219 0.179788 
3.35 0.8 -0.063814 0.155793 
3.4 0.8 -0.0416978 0.13773 
3.45 0.8 -0.0178439 0.127195 
3.5 0.8 0.0067598 0.125207 
3.55 0.8 0.0310714 0.131966 
3.6 0.8 0.0540694 0.146803 
3.65 0.8 0.074823 0.168343 
3.7 0.8 0.0925454 0.194815 
3.75 0.8 0.106625 0.224383 
3.8 0.8 0.116632 0.255384 
3.85 0.8 0.12231 0.286454 
3.9 0.8 0.123561 0.316534 
3.95 0.8 0.120424 0.344823 
4 0.8 0.113066 0.370699 
4.05 0.8 0.101769 0.393658 
4.1 0.8 0.0869339 0.413265 
4.15 0.8 0.0690686 0.42914 
4.2 0.8 0.0487865 0.440955 
4.25 0.8 0.0267911 0.448447 
4.3 0.8 0.0038549 0.451438 
4.35 0.8 -0.0192096 0.449852 
4.4 0.8 -0.0415832 0.443723 
4.45 0.8 -0.0624744 0.43319 
4.5 0.8 -0.08115 0.418484 
4.55 0.8 -0.0969602 0.399911 
4.6 0.8 -0.109355 0.377835 
4.65 0.8 -0.117894 0.352674 
4.7 0.8 -0.122252 0.324917 
4.75 0.8 -0.122226 0.295158 
4.8 0.8 -0.11774 0.264157 
4.85 0.8 -0.108863 0.232916 
4.9 0.8 -0.0958225 0.202729 
4.95 0.8 -0.0790234 0.175196 
5 0.8 -0.0590524 0.152129 
0 0.85 -0.0511967 0.13592 
0.05 0.85 -0.0383169 0.117914 
0.1 0.85 -0.0238816 0.10479 
0.15 0.85 -0.00845 0.0976787 
0.2 0.85 0.00735412 0.0972446 
0.25 0.85 0.0228722 0.103523 
0.3 0.85 0.0374591 0.115907 
0.35 0.85 0.050531 0.133288 
0.4 0.85 0.061601 0.154294 
0.45 0.85 0.0702971 0.177529 
0.5 0.85 0.0763654 0.20174 
0.55 0.85 0.0796619 0.225902 
0.6 0.85 0.0801394 0.249219 
0.65 0.85 0.0778359 0.271084 
0.7 0.85 0.0728657 0.291026 
0.75 0.85 0.0654145 0.308666 
0.8 0.85 0.0557377 0.323684 
0.85 0.85 0.0441588 0.335805 
0.9 0.85 0.031065 0.344798 
0.95 0.85 0.0168994 0.350482 
1 0.85 0.00214757 0.352738 
1.05 0.85 -0.0126808 0.351518 
1.1 0.85 -0.0270726 0.346848 
1.15 0.85 -0.0405327 0.338824 
1.2 0.85 -0.0526032 0.327609 
1.25 0.85 -0.0628779 0.313417 
1.3 0.85 -0.0710125 0.29651 
1.35 0.85 -0.0767292 0.27719 
1.4 0.85 -0.0798189 0.255816 
1.45 0.85 -0.0801429 0.232826 
1.5 0.85 -0.0776365 0.208781 
1.55 0.85 -0.072317 0.184421 
1.6 0.85 -0.0642957 0.160708 
1.65 0.85 -0.0537906 0.138845 
1.7 0.85 -0.0411384 0.120217 
1.75 0.85 -0.0267959 0.106242 
1.8 0.85 -0.0113284 0.0981446 
1.85 0.85 0.00462001 0.0966992 
1.9 0.85 0.0203689 0.10205 
1.95 0.85 0.0352527 0.113674 
2 0.85 0.0486679 0.130509 
2.05 0.85 0.0601087 0.151186 
2.1 0.85 0.0691867 0.174283 
2.15 0.85 0.0756338 0.198505 
2.2 0.85 0.0792951 0.222787 
2.25 0.85 0.0801155 0.246296 
2.3 0.85 0.0781266 0.2684 
2.35 0.85 0.0734382 0.288612 
2.4 0.85 0.0662318 0.306542 
2.45 0.85 0.0567594 0.321862 
2.5 0.85 0.0453412 0.334294 
2.55 0.85 0.0323622 0.343599 
2.6 0.85 0.018264 0.349593 
2.65 0.85 0.00353257 0.352151 
2.7 0.85 -0.0113201 0.351215 
2.75 0.85 -0.0257767 0.346806 
2.8 0.85 -0.0393359 0.339014 
2.85 0.85 -0.0515323 0.327997 
2.9 0.85 -0.0619517 0.313968 
2.95 0.85 -0.0702414 0.297186 
3 0.85 -0.0761159 0.277957 
3.05 0.85 -0.0793592 0.256639 
3.1 0.85 -0.0798271 0.233675 
3.15 0.85 -0.077451 0.209627 
3.2 0.85 -0.0722453 0.185237 
3.25 0.85 -0.0643195 0.161471 
3.3 0.85 -0.0538912 0.139532 
3.35 0.85 -0.0412974 0.12081 
3.4 0.85 -0.0269961 0.106729 
3.45 0.85 -0.0115547 0.0985207 
3.5 0.85 0.00437925 0.0969716 
3.55 0.85 0.0201215 0.102235 
3.6 0.85 0.0350017 0.113796 
3.65 0.85 0.0484113 0.130594 
3.7 0.85 0.0598396 0.151258 
3.75 0.85 0.0688941 0.174359 
3.8 0.85 0.0753037 0.198596 
3.85 0.85 0.0789115 0.22289 
3.9 0.85 0.0796625 0.246403 
3.95 0.85 0.07759 0.268491 
4 0.85 0.072807 0.288662 
4.05 0.85 0.0655004 0.30652 
4.1 0.85 0.0559285 0.321733 
4.15 0.85 0.0444191 0.334019 
4.2 0.85 0.0313651 0.343141 
4.25 0.85 0.0172167 0.348913 
4.3 0.85 0.00246733 0.351212 
4.35 0.85 -0.0123641 0.349986 
4.4 0.85 -0.0267543 0.345257 
4.45 0.85 -0.0401975 0.337121 
4.5 0.85 -0.0522248 0.325741 
4.55 0.85 -0.0624198 0.311334 
4.6 0.85 -0.0704287 0.294169 
4.65 0.85 -0.0759667 0.274564 
4.7 0.85 -0.0788214 0.252899 
4.75 0.85 -0.0788566 0.229646 
4.8 0.85 -0.0760179 0.205412 
4.85 0.85 -0.0703437 0.180994 
4.9 0.85 -0.0619784 0.157413 
4.95 0.85 -0.0511823 0.135919 
5 0.85 -0.038327 0.117914 
0 0.9 -0.0262297 0.0927993 
0.05 0.9 -0.019587 0.0806212 
0.1 0.9 -0.0121931 0.0717728 
0.15 0.9 -0.0043151 0.0669879 
0.2 0.9 0.00374301 0.0667 
0.25 0.9 0.0116487 0.0709314 
0.3 0.9 0.0190718 0.0792816 
0.35 0.9 0.025713 0.0910178 
0.4 0.9 0.0313245 0.105226 
0.45 0.9 0.0357197 0.120969 
0.5 0.9 0.0387738 0.137399 
0.55 0.9 0.0404184 0.153812 
0.6 0.9 0.0406342 0.169658 
0.65 0.9 0.0394443 0.184517 
0.7 0.9 0.0369088 0.198061 
0.75 0.9 0.0331227 0.210029 
0.8 0.9 0.0282154 0.220205 
0.85 0.9 0.0223498 0.228408 
0.9 0.9 0.015721 0.234486 
0.95 0.9 0.00855214 0.238324 
1 0.9 0.00108768 0.239848 
1.05 0.9 -0.00641542 0.239025 
1.1 0.9 -0.0136985 0.235872 
1.15 0.9 -0.0205122 0.230451 
1.2 0.9 -0.0266258 0.222865 
1.25 0.9 -0.0318349 0.213252 
1.3 0.9 -0.035966 0.201785 
1.35 0.9 -0.0388786 0.188668 
1.4 0.9 -0.0404663 0.174144 
1.45 0.9 -0.0406566 0.158518 
1.5 0.9 -0.0394136 0.142181 
1.55 0.9 -0.0367416 0.125645 
1.6 0.9 -0.0326917 0.109571 
1.65 0.9 -0.0273705 0.0947772 
1.7 0.9 -0.0209458 0.0821951 
1.75 0.9 -0.0136496 0.0727717 
1.8 0.9 -0.00577169 0.0673176 
1.85 0.9 0.00235514 0.0663444 
1.9 0.9 0.0103788 0.0699468 
1.95 0.9 0.0179551 0.0777802 
2 0.9 0.0247733 0.0891419 
2.05 0.9 0.0305755 0.103122 
2.1 0.9 0.0351661 0.118766 
2.15 0.9 0.0384131 0.1352 
2.2 0.9 0.0402426 0.151692 
2.25 0.9 0.0406315 0.167668 
2.3 0.9 0.0395997 0.18269 
2.35 0.9 0.0372052 0.196418 
2.4 0.9 0.0335414 0.208583 
2.45 0.9 0.0287357 0.218966 
2.5 0.9 0.0229498 0.227379 
2.55 0.9 0.0163774 0.233669 
2.6 0.9 0.00924105 0.237716 
2.65 0.9 0.00178542 0.239442 
2.7 0.9 -0.00573139 0.23881 
2.75 0.9 -0.0130486 0.235833 
2.8 0.9 -0.0199135 0.230568 
2.85 0.9 -0.0260918 0.223116 
2.9 0.9 -0.0313749 0.213614 
2.95 0.9 -0.0355849 0.202234 
3 0.9 -0.0385775 0.189178 
3.05 0.9 -0.0402428 0.174695 
3.1 0.9 -0.0405057 0.159088 
3.15 0.9 -0.0393281 0.14275 
3.2 0.9 -0.0367128 0.126195 
3.25 0.9 -0.0327104 0.110085 
3.3 0.9 -0.027427 0.0952406 
3.35 0.9 -0.0210307 0.0825952 
3.4 0.9 -0.013754 0.0731 
3.45 0.9 -0.005888 0.0675717 
3.5 0.9 0.0022331 0.0665285 
3.55 0.9 0.0102551 0.0700718 
3.6 0.9 0.0178312 0.0778619 
3.65 0.9 0.0246482 0.0891975 
3.7 0.9 0.0304457 0.103167 
3.75 0.9 0.0350258 0.118813 
3.8 0.9 0.0382548 0.135253 
3.85 0.9 0.0400579 0.151752 
3.9 0.9 0.0404119 0.167728 
3.95 0.9 0.0393376 0.182736 
4 0.9 0.0368947 0.196434 
4.05 0.9 0.033179 0.208549 
4.1 0.9 0.0283215 0.218856 
4.15 0.9 0.0224876 0.227169 
4.2 0.9 0.0158751 0.233333 
4.25 0.9 0.00871082 0.237229 
4.3 0.9 0.00124342 0.238779 
4.35 0.9 -0.00626544 0.237949 
4.4 0.9 -0.013552 0.234754 
4.45 0.9 -0.0203611 0.229255 
4.5 0.9 -0.0264566 0.221555 
4.55 0.9 -0.0316285 0.211795 
4.6 0.9 -0.0356982 0.200153 
4.65 0.9 -0.0385217 0.186842 
4.7 0.9 -0.0399903 0.172124 
4.75 0.9 -0.040033 0.156325 
4.8 0.9 -0.0386197 0.139869 
4.85 0.9 -0.0357682 0.123305 
4.9 0.9 -0.0315542 0.107335 
4.95 0.9 -0.0261207 0.0927993 
5 0.9 -0.0196683 0.0806212 
0 0.95 -0.00774775 0.0470443 
0.05 0.95 -0.00567045 0.0409808 
0.1 0.95 -0.00350705 0.0366001 
0.15 0.95 -0.00123982 0.0342358 
0.2 0.95 0.00107157 0.0340946 
0.25 0.95 0.00333699 0.0361879 
0.3 0.95 0.00546137 0.0403233 
0.35 0.95 0.00735813 0.0461466 
0.4 0.95 0.00895635 0.0532133 
0.45 0.95 0.0102037 0.0610619 
0.5 0.95 0.0110661 0.0692707 
0.55 0.95 0.0115259 0.0774858 
0.6 0.95 0.0115794 0.0854271 
0.65 0.95 0.0112342 0.0928784 
0.7 0.95 0.0105078 0.0996718 
0.75 0.95 0.00942744 0.105674 
0.8 0.95 0.00802948 0.110776 
0.85 0.95 0.00635983 0.114886 
0.9 0.95 0.00447352 0.11793 
0.95 0.95 0.00243369 0.119852 
1 0.95 0.000309793 0.120614 
1.05 0.95 -0.00182512 0.120202 
1.1 0.95 -0.00389748 0.118624 
1.15 0.95 -0.00583643 0.11591 
1.2 0.95 -0.00757661 0.112109 
1.25 0.95 -0.00906029 0.107291 
1.3 0.95 -0.0102386 0.10154 
1.35 0.95 -0.011072 0.0949606 
1.4 0.95 -0.0115303 0.0876765 
1.45 0.95 -0.0115925 0.0798438 
1.5 0.95 -0.0112474 0.0716635 
1.55 0.95 -0.0104946 0.0633969 
1.6 0.95 -0.00934697 0.0553785 
1.65 0.95 -0.00783295 0.0480163 
1.7 0.95 -0.00599927 0.04177 
1.75 0.95 -0.0039119 0.0371019 
1.8 0.95 -0.00165457 0.0344042 
1.85 0.95 0.00067566 0.033923 
1.9 0.95 0.00297571 0.035704 
1.95 0.95 0.00514496 0.0395814 
2 0.95 0.00709322 0.0452162 
2.05 0.95 0.00874655 0.052166 
2.1 0.95 0.01005 0.0599621 
2.15 0.95 0.0109675 0.0681701 
2.2 0.95 0.0114798 0.0764227 
2.25 0.95 0.0115821 0.0844278 
2.3 0.95 0.0112813 0.09196 
2.35 0.95 0.0105945 0.0988456 
2.4 0.95 0.00954831 0.104947 
2.45 0.95 0.0081787 0.110152 
2.5 0.95 0.00653117 0.114368 
2.55 0.95 0.00466039 0.117518 
2.6 0.95 0.00262933 0.119544 
2.65 0.95 0.000507454 0.120408 
2.7 0.95 -0.00163185 0.120091 
2.75 0.95 -0.00371439 0.118601 
2.8 0.95 -0.0056684 0.115965 
2.85 0.95 -0.00742741 0.112231 
2.9 0.95 -0.00893246 0.107469 
2.95 0.95 -0.0101335 0.101762 
3 0.95 -0.0109897 0.0952142 
3.05 0.95 -0.0114701 0.0879505 
3.1 0.95 -0.0115528 0.0801278 
3.15 0.95 -0.0112261 0.0719474 
3.2 0.95 -0.0104892 0.0636716 
3.25 0.95 -0.00935468 0.0556355 
3.3 0.95 -0.00785104 0.048248 
3.35 0.95 -0.00602501 0.0419703 
3.4 0.95 -0.00394272 0.0372666 
3.45 0.95 -0.00168825 0.0345321 
3.5 0.95 0.000640932 0.0340164 
3.55 0.95 0.00294111 0.035768 
3.6 0.95 0.00511096 0.0396237 
3.65 0.95 0.00705951 0.0452451 
3.7 0.95 0.00871207 0.0521891 
3.75 0.95 0.010013 0.059985 
3.8 0.95 0.0109257 0.0681956 
3.85 0.95 0.0114308 0.0764504 
3.9 0.95 0.0115234 0.0844543 
3.95 0.95 0.0112104 0.0919791 
4 0.95 0.0105095 0.0988487 
4.05 0.95 0.00944819 0.104924 
4.1 0.95 0.00806329 0.11009 
4.15 0.95 0.00640141 0.114255 
4.2 0.95 0.00451844 0.117342 
4.25 0.95 0.00247857 0.119292 
4.3 0.95 0.000352418 0.120067 
4.35 0.95 -0.0017856 0.119652 
4.4 0.95 -0.00386042 0.118052 
4.45 0.95 -0.00579957 0.115297 
4.5 0.95 -0.00753603 0.111439 
4.55 0.95 -0.00901042 0.106547 
4.6 0.95 -0.0101723 0.100709 
4.65 0.95 -0.010981 0.0940342 
4.7 0.95 -0.0114056 0.0866545 
4.75 0.95 -0.0114252 0.0787385 
4.8 0.95 -0.0110305 0.0705032 
4.85 0.95 -0.0102263 0.0622297 
4.9 0.95 -0.00903855 0.0542713 
4.95 0.95 -0.00753031 0.0470442 
5 0.95 -0.00583365 0.0409808 
0 1 0 0 
0.05 1 0 0 
0.1 1 0 0 
0.15 1 0 0 
0.2 1 0 0 
0.25 1 0 0 
0.3 1 0 0 
0.35 1 0 0 
0.4 1 0 0 
0.45 1 0 0 
0.5 1 0 0 
0.55 1 0 0 
0.6 1 0 0 
0.65 1 0 0 
0.7 1 0 0 
0.75 1 0 0 
0.8 1 0 0 
0.85 1 0 0 
0.9 1 0 0 
0.95 1 0 0 
1 1 0 0 
1.05 1 0 0 
1.1 1 0 0 
1.15 1 0 0 
1.2 1 0 0 
1.25 1 0 0 
1.3 1 0 0 
1.35 1 0 0 
1.4 1 0 0 
1.45 1 0 0 
1.5 1 0 0 
1.55 1 0 0 
1.6 1 0 0 
1.65 1 0 0 
1.7 1 0 0 
1.75 1 0 0 
1.8 1 0 0 
1.85 1 0 0 
1.9 1 0 0 
1.95 1 0 0 
2 1 0 0 
2.05 1 0 0 
2.1 1 0 0 
2.15 1 0 0 
2.2 1 0 0 
2.25 1 0 0 
2.3 1 0 0 
2.35 1 0 0 
2.4 1 0 0 
2.45 1 0 0 
2.5 1 0 0 
2.55 1 0 0 
2.6 1 0 0 
2.65 1 0 0 
2.7 1 0 0 
2.75 1 0 0 
2.8 1 0 0 
2.85 1 0 0 
2.9 1 0 0 
2.95 1 0 0 
3 1 0 0 
3.05 1 0 0 
3.1 1 0 0 
3.15 1 0 0 
3.2 1 0 0 
3.25 1 0 0 
3.3 1 0 0 
3.35 1 0 0 
3.4 1 0 0 
3.45 1 0 0 
3.5 1 0 0 
3.55 1 0 0 
3.6 1 0 0 
3.65 1 0 0 
3.7 1 0 0 
3.75 1 0 0 
3.8 1 0 0 
3.85 1 0 0 
3.9 1 0 0 
3.95 1 0 0 
4 1 0 0 
4.05 1 0 0 
4.1 1 0 0 
4.15 1 0 0 
4.2 1 0 0 
4.25 1 0 0 
4.3 1 0 0 
4.35 1 0 0 
4.4 1 0 0 
4.45 1 0 0 
4.5 1 0 0 
4.55 1 0 0 
4.6 1 0 0 
4.65 1 0 0 
4.7 1 0 0 
4.75 1 0 0 
4.8 1 0 0 
4.85 1 0 0 
4.9 1 0 0 
4.95 1 0 0 
5 1 0 0 
