x, y, ksi, T
#iter= 900000
0 0 0 1 
0.05 0 0 1 
0.1 0 0 1 
0.15 0 0 1 
0.2 0 0 1 
0.25 0 0 1 
0.3 0 0 1 
0.35 0 0 1 
0.4 0 0 1 
0.45 0 0 1 
0.5 0 0 1 
0.55 0 0 1 
0.6 0 0 1 
0.65 0 0 1 
0.7 0 0 1 
0.75 0 0 1 
0.8 0 0 1 
0.85 0 0 1 
0.9 0 0 1 
0.95 0 0 1 
1 0 0 1 
1.05 0 0 1 
1.1 0 0 1 
1.15 0 0 1 
1.2 0 0 1 
1.25 0 0 1 
1.3 0 0 1 
1.35 0 0 1 
1.4 0 0 1 
1.45 0 0 1 
1.5 0 0 1 
1.55 0 0 1 
1.6 0 0 1 
1.65 0 0 1 
1.7 0 0 1 
1.75 0 0 1 
1.8 0 0 1 
1.85 0 0 1 
1.9 0 0 1 
1.95 0 0 1 
2 0 0 1 
2.05 0 0 1 
2.1 0 0 1 
2.15 0 0 1 
2.2 0 0 1 
2.25 0 0 1 
2.3 0 0 1 
2.35 0 0 1 
2.4 0 0 1 
2.45 0 0 1 
2.5 0 0 1 
2.55 0 0 1 
2.6 0 0 1 
2.65 0 0 1 
2.7 0 0 1 
2.75 0 0 1 
2.8 0 0 1 
2.85 0 0 1 
2.9 0 0 1 
2.95 0 0 1 
3 0 0 1 
3.05 0 0 1 
3.1 0 0 1 
3.15 0 0 1 
3.2 0 0 1 
3.25 0 0 1 
3.3 0 0 1 
3.35 0 0 1 
3.4 0 0 1 
3.45 0 0 1 
3.5 0 0 1 
3.55 0 0 1 
3.6 0 0 1 
3.65 0 0 1 
3.7 0 0 1 
3.75 0 0 1 
3.8 0 0 1 
3.85 0 0 1 
3.9 0 0 1 
3.95 0 0 1 
4 0 0 1 
4.05 0 0 1 
4.1 0 0 1 
4.15 0 0 1 
4.2 0 0 1 
4.25 0 0 1 
4.3 0 0 1 
4.35 0 0 1 
4.4 0 0 1 
4.45 0 0 1 
4.5 0 0 1 
4.55 0 0 1 
4.6 0 0 1 
4.65 0 0 1 
4.7 0 0 1 
4.75 0 0 1 
4.8 0 0 1 
4.85 0 0 1 
4.9 0 0 1 
4.95 0 0 1 
5 0 0 1 
0 0.05 -0.00739429 0.88689 
0.05 0.05 -0.00537945 0.883279 
0.1 0.05 -0.00326395 0.880902 
0.15 0.05 -0.00109109 0.879731 
0.2 0.05 0.0010887 0.87976 
0.25 0.05 0.00321302 0.880973 
0.3 0.05 0.00521573 0.88334 
0.35 0.05 0.00703291 0.886813 
0.4 0.05 0.00860644 0.891327 
0.45 0.05 0.00988602 0.896801 
0.5 0.05 0.0108302 0.903136 
0.55 0.05 0.0114064 0.910215 
0.6 0.05 0.0115912 0.917892 
0.65 0.05 0.0113707 0.925982 
0.7 0.05 0.0107411 0.934242 
0.75 0.05 0.00971125 0.942362 
0.8 0.05 0.00830464 0.949953 
0.85 0.05 0.00656241 0.956569 
0.9 0.05 0.00454479 0.961741 
0.95 0.05 0.00233052 0.96505 
1 0.05 1.32324e-05 0.966198 
1.05 0.05 -0.00230507 0.965079 
1.1 0.05 -0.00452227 0.961795 
1.15 0.05 -0.00654452 0.956642 
1.2 0.05 -0.00829276 0.950037 
1.25 0.05 -0.00970638 0.942448 
1.3 0.05 -0.0107439 0.934324 
1.35 0.05 -0.0113814 0.926052 
1.4 0.05 -0.0116099 0.917947 
1.45 0.05 -0.011433 0.910251 
1.5 0.05 -0.0108646 0.903151 
1.55 0.05 -0.00992825 0.896793 
1.6 0.05 -0.00865689 0.891297 
1.65 0.05 -0.00709276 0.886759 
1.7 0.05 -0.00528742 0.883263 
1.75 0.05 -0.0033011 0.88087 
1.8 0.05 -0.00120119 0.879627 
1.85 0.05 0.000940154 0.879558 
1.9 0.05 0.00304889 0.880665 
1.95 0.05 0.00505241 0.882926 
2 0.05 0.00688249 0.886299 
2.05 0.05 0.00847782 0.890722 
2.1 0.05 0.00978553 0.896117 
2.15 0.05 0.010762 0.902388 
2.2 0.05 0.0113732 0.909417 
2.25 0.05 0.0115942 0.917063 
2.3 0.05 0.0114097 0.925142 
2.35 0.05 0.0108151 0.933416 
2.4 0.05 0.00981787 0.941578 
2.45 0.05 0.00844028 0.949247 
2.5 0.05 0.00672213 0.955976 
2.55 0.05 0.00472237 0.961295 
2.6 0.05 0.00251868 0.964777 
2.65 0.05 0.000204108 0.966112 
2.7 0.05 -0.00211925 0.965173 
2.75 0.05 -0.00434851 0.96205 
2.8 0.05 -0.00638845 0.957024 
2.85 0.05 -0.00815828 0.950509 
2.9 0.05 -0.00959556 0.942972 
2.95 0.05 -0.0106571 0.934868 
3 0.05 -0.0113177 0.926592 
3.05 0.05 -0.0115674 0.918465 
3.1 0.05 -0.011409 0.910736 
3.15 0.05 -0.0108562 0.903599 
3.2 0.05 -0.00993247 0.897202 
3.25 0.05 -0.00867071 0.891668 
3.3 0.05 -0.00711338 0.887096 
3.35 0.05 -0.00531235 0.883568 
3.4 0.05 -0.0033282 0.88115 
3.45 0.05 -0.00122875 0.879887 
3.5 0.05 0.000913306 0.879805 
3.55 0.05 0.0030234 0.880903 
3.6 0.05 0.00502832 0.883163 
3.65 0.05 0.00685925 0.886542 
3.7 0.05 0.0084543 0.890976 
3.75 0.05 0.0097601 0.896388 
3.8 0.05 0.0107326 0.902679 
3.85 0.05 0.0113374 0.90973 
3.9 0.05 0.0115496 0.917396 
3.95 0.05 0.0113541 0.92549 
4 0.05 0.0107465 0.933769 
4.05 0.05 0.00973508 0.94192 
4.1 0.05 0.00834319 0.949556 
4.15 0.05 0.00661191 0.956228 
4.2 0.05 0.00460165 0.961464 
4.25 0.05 0.00239146 0.96484 
4.3 0.05 7.5544e-05 0.966056 
4.35 0.05 -0.00224331 0.964998 
4.4 0.05 -0.00446206 0.961765 
4.45 0.05 -0.00648586 0.956651 
4.5 0.05 -0.00823473 0.950073 
4.55 0.05 -0.00964744 0.942503 
4.6 0.05 -0.0106823 0.934391 
4.65 0.05 -0.011316 0.926131 
4.7 0.05 -0.0115409 0.918039 
4.75 0.05 -0.0113632 0.910359 
4.8 0.05 -0.0108012 0.90328 
4.85 0.05 -0.00988538 0.896941 
4.9 0.05 -0.00866049 0.891453 
4.95 0.05 -0.00718799 0.88689 
5 0.05 -0.00553209 0.883279 
0 0.1 -0.0249789 0.775093 
0.05 0.1 -0.0184914 0.767998 
0.1 0.1 -0.0113047 0.763236 
0.15 0.1 -0.00376391 0.760876 
0.2 0.1 0.00385852 0.760919 
0.25 0.1 0.0113075 0.763334 
0.3 0.1 0.0183376 0.768057 
0.35 0.1 0.0247184 0.774987 
0.4 0.1 0.0302423 0.783991 
0.45 0.1 0.0347298 0.794906 
0.5 0.1 0.0380331 0.807535 
0.55 0.1 0.0400368 0.821648 
0.6 0.1 0.0406594 0.83696 
0.65 0.1 0.0398544 0.853111 
0.7 0.1 0.0376137 0.869626 
0.75 0.1 0.0339743 0.885892 
0.8 0.1 0.0290252 0.901135 
0.85 0.1 0.0229158 0.914452 
0.9 0.1 0.0158589 0.924888 
0.95 0.1 0.00812829 0.931575 
1 0.1 4.55463e-05 0.933898 
1.05 0.1 -0.00804064 0.931634 
1.1 0.1 -0.0157813 0.924998 
1.15 0.1 -0.0228541 0.914601 
1.2 0.1 -0.0289842 0.901305 
1.25 0.1 -0.0339574 0.886066 
1.3 0.1 -0.0376234 0.869791 
1.35 0.1 -0.0398917 0.853253 
1.4 0.1 -0.0407246 0.837071 
1.45 0.1 -0.0401296 0.821721 
1.5 0.1 -0.038153 0.807565 
1.55 0.1 -0.0348768 0.79489 
1.6 0.1 -0.0304173 0.783928 
1.65 0.1 -0.0249247 0.774875 
1.7 0.1 -0.0185819 0.767894 
1.75 0.1 -0.0116021 0.763116 
1.8 0.1 -0.00422268 0.760633 
1.85 0.1 0.00330225 0.760495 
1.9 0.1 0.0107125 0.762705 
1.95 0.1 0.0177526 0.767221 
2 0.1 0.0241822 0.773954 
2.05 0.1 0.0297844 0.782781 
2.1 0.1 0.0343718 0.793541 
2.15 0.1 0.0377897 0.806043 
2.2 0.1 0.039917 0.820059 
2.25 0.1 0.0406672 0.835308 
2.3 0.1 0.0399895 0.851435 
2.35 0.1 0.0378718 0.867975 
2.4 0.1 0.0343466 0.884324 
2.45 0.1 0.0294989 0.89972 
2.5 0.1 0.0234734 0.913262 
2.55 0.1 0.0164787 0.923993 
2.6 0.1 0.00878527 0.93103 
2.65 0.1 0.000712903 0.933729 
2.7 0.1 -0.00738935 0.93183 
2.75 0.1 -0.01517 0.925517 
2.8 0.1 -0.022302 0.915375 
2.85 0.1 -0.0285051 0.902256 
2.9 0.1 -0.033559 0.887118 
2.95 0.1 -0.0373077 0.870879 
3 0.1 -0.0396561 0.854328 
3.05 0.1 -0.040563 0.8381 
3.1 0.1 -0.0400335 0.822684 
3.15 0.1 -0.0381126 0.808452 
3.2 0.1 -0.0348819 0.795698 
3.25 0.1 -0.0304577 0.784661 
3.3 0.1 -0.0249907 0.775538 
3.35 0.1 -0.0186649 0.768495 
3.4 0.1 -0.0116946 0.763665 
3.45 0.1 -0.00431887 0.761142 
3.5 0.1 0.00320659 0.760976 
3.55 0.1 0.0106196 0.763172 
3.6 0.1 0.0176628 0.767685 
3.65 0.1 0.0240935 0.77443 
3.7 0.1 0.0296931 0.78328 
3.75 0.1 0.0342724 0.794073 
3.8 0.1 0.0376751 0.806617 
3.85 0.1 0.0397795 0.820677 
3.9 0.1 0.0404988 0.835969 
3.95 0.1 0.0397825 0.852128 
4 0.1 0.0376202 0.868681 
4.05 0.1 0.034047 0.885011 
4.1 0.1 0.0291513 0.900343 
4.15 0.1 0.0230822 0.913772 
4.2 0.1 0.0160533 0.924335 
4.25 0.1 0.00833938 0.931159 
4.3 0.1 0.000264179 0.933618 
4.35 0.1 -0.00782096 0.931475 
4.4 0.1 -0.0155639 0.924941 
4.45 0.1 -0.0226388 0.91462 
4.5 0.1 -0.0287681 0.901377 
4.55 0.1 -0.0337352 0.886171 
4.6 0.1 -0.0373893 0.869917 
4.65 0.1 -0.0396413 0.853398 
4.7 0.1 -0.0404578 0.837239 
4.75 0.1 -0.0398532 0.821918 
4.8 0.1 -0.0378844 0.807797 
4.85 0.1 -0.0346458 0.795153 
4.9 0.1 -0.0302631 0.784196 
4.95 0.1 -0.0248746 0.775093 
5 0.1 -0.0185669 0.767998 
0 0.15 -0.04871 0.669329 
0.05 0.15 -0.0360755 0.658959 
0.1 0.15 -0.0220555 0.651934 
0.15 0.15 -0.00727038 0.648422 
0.2 0.15 0.00772497 0.648462 
0.25 0.15 0.0224053 0.652019 
0.3 0.15 0.036271 0.658994 
0.35 0.15 0.0488577 0.66923 
0.4 0.15 0.0597488 0.68252 
0.45 0.15 0.0685858 0.698613 
0.5 0.15 0.0750741 0.717215 
0.55 0.15 0.0789864 0.737987 
0.6 0.15 0.0801643 0.760516 
0.65 0.15 0.0785212 0.784282 
0.7 0.15 0.0740498 0.808604 
0.75 0.15 0.0668321 0.832589 
0.8 0.15 0.0570532 0.855105 
0.85 0.15 0.0450138 0.874812 
0.9 0.15 0.0311352 0.890281 
0.95 0.15 0.0159522 0.900207 
1 0.15 8.87566e-05 0.903659 
1.05 0.15 -0.0157813 0.900295 
1.1 0.15 -0.0309837 0.890446 
1.15 0.15 -0.044893 0.875033 
1.2 0.15 -0.0569725 0.855359 
1.25 0.15 -0.0667983 0.83285 
1.3 0.15 -0.0740675 0.80885 
1.35 0.15 -0.0785926 0.784495 
1.4 0.15 -0.0802898 0.760683 
1.45 0.15 -0.0791651 0.738097 
1.5 0.15 -0.0753045 0.71726 
1.55 0.15 -0.0688666 0.698587 
1.6 0.15 -0.0600804 0.682419 
1.65 0.15 -0.0492432 0.669048 
1.7 0.15 -0.0367185 0.658724 
1.75 0.15 -0.0229294 0.651651 
1.8 0.15 -0.00834769 0.647972 
1.85 0.15 0.00652271 0.647767 
1.9 0.15 0.0211655 0.651041 
1.95 0.15 0.0350739 0.657726 
2 0.15 0.0477704 0.667685 
2.05 0.15 0.0588247 0.680723 
2.1 0.15 0.0678644 0.696596 
2.15 0.15 0.0745829 0.715017 
2.2 0.15 0.078742 0.735649 
2.25 0.15 0.0801737 0.758086 
2.3 0.15 0.0787832 0.781817 
2.35 0.15 0.0745548 0.806174 
2.4 0.15 0.0675625 0.83028 
2.45 0.15 0.0579828 0.853017 
2.5 0.15 0.046108 0.873054 
2.55 0.15 0.0323516 0.888959 
2.6 0.15 0.0172421 0.899402 
2.65 0.15 0.00140045 0.90341 
2.7 0.15 -0.0144987 0.900589 
2.75 0.15 -0.0297762 0.891217 
2.8 0.15 -0.0437983 0.87618 
2.85 0.15 -0.0560174 0.856763 
2.9 0.15 -0.0659985 0.834398 
2.95 0.15 -0.0734279 0.810446 
3 0.15 -0.0781092 0.786068 
3.05 0.15 -0.0799516 0.762185 
3.1 0.15 -0.0789567 0.739499 
3.15 0.15 -0.0752074 0.71855 
3.2 0.15 -0.0688611 0.69976 
3.25 0.15 -0.0601469 0.683479 
3.3 0.15 -0.0493632 0.670005 
3.35 0.15 -0.0368751 0.65959 
3.4 0.15 -0.0231081 0.65244 
3.45 0.15 -0.00853681 0.648701 
3.5 0.15 0.00633137 0.648455 
3.55 0.15 0.0209765 0.651706 
3.6 0.15 0.0348876 0.658389 
3.65 0.15 0.0475837 0.668364 
3.7 0.15 0.0586302 0.681437 
3.75 0.15 0.0676517 0.69736 
3.8 0.15 0.0743388 0.715843 
3.85 0.15 0.0784518 0.736542 
3.9 0.15 0.0798222 0.759045 
3.95 0.15 0.0783565 0.782828 
4 0.15 0.0740419 0.807207 
4.05 0.15 0.0669574 0.831287 
4.1 0.15 0.0572865 0.853935 
4.15 0.15 0.0453296 0.873806 
4.2 0.15 0.0315094 0.889464 
4.25 0.15 0.0163631 0.899592 
4.3 0.15 0.000518839 0.903243 
4.35 0.15 -0.0153444 0.900058 
4.4 0.15 -0.030546 0.890357 
4.45 0.15 -0.0444539 0.875053 
4.5 0.15 -0.0565256 0.85545 
4.55 0.15 -0.0663328 0.832984 
4.6 0.15 -0.0735709 0.809007 
4.65 0.15 -0.0780542 0.78467 
4.7 0.15 -0.0797049 0.76088 
4.75 0.15 -0.0785395 0.738325 
4.8 0.15 -0.0746573 0.717528 
4.85 0.15 -0.0682298 0.69889 
4.9 0.15 -0.0594874 0.682733 
4.95 0.15 -0.0486928 0.669329 
5 0.15 -0.036086 0.658959 
0 0.2 -0.0751291 0.575214 
0.05 0.2 -0.0555724 0.561918 
0.1 0.2 -0.0339159 0.552863 
0.15 0.2 -0.0110414 0.548305 
0.2 0.2 0.012198 0.548336 
0.25 0.2 0.0349741 0.552926 
0.3 0.2 0.0564955 0.561943 
0.35 0.2 0.0760283 0.575167 
0.4 0.2 0.0929165 0.592306 
0.45 0.2 0.106598 0.613014 
0.5 0.2 0.116613 0.636901 
0.55 0.2 0.122612 0.663522 
0.6 0.2 0.124354 0.692356 
0.65 0.2 0.121716 0.722749 
0.7 0.2 0.114697 0.753848 
0.75 0.2 0.103439 0.784528 
0.8 0.2 0.0882414 0.81335 
0.85 0.2 0.0695777 0.8386 
0.9 0.2 0.0481024 0.858439 
0.95 0.2 0.0246377 0.871179 
1 0.2 0.000136743 0.875612 
1.05 0.2 -0.0243742 0.871294 
1.1 0.2 -0.0478685 0.858653 
1.15 0.2 -0.0693905 0.838888 
1.2 0.2 -0.0881152 0.81368 
1.25 0.2 -0.103385 0.784869 
1.3 0.2 -0.114721 0.754171 
1.35 0.2 -0.121821 0.723031 
1.4 0.2 -0.124541 0.692579 
1.45 0.2 -0.122879 0.663672 
1.5 0.2 -0.116955 0.636965 
1.55 0.2 -0.107012 0.612983 
1.6 0.2 -0.0933987 0.592168 
1.65 0.2 -0.0765781 0.574911 
1.7 0.2 -0.0571164 0.561554 
1.75 0.2 -0.035675 0.552383 
1.8 0.2 -0.012992 0.547607 
1.85 0.2 0.0101432 0.54734 
1.9 0.2 0.0329217 0.55159 
1.95 0.2 0.0545497 0.560256 
2 0.2 0.0742801 0.573143 
2.05 0.2 0.0914397 0.589974 
2.1 0.2 0.105448 0.610414 
2.15 0.2 0.11583 0.634078 
2.2 0.2 0.122218 0.660528 
2.25 0.2 0.124359 0.689249 
2.3 0.2 0.122115 0.7196 
2.35 0.2 0.115474 0.750743 
2.4 0.2 0.104566 0.781575 
2.45 0.2 0.0896764 0.810676 
2.5 0.2 0.0712668 0.836346 
2.55 0.2 0.04998 0.856742 
2.6 0.2 0.0266295 0.870143 
2.65 0.2 0.00216414 0.875289 
2.7 0.2 -0.0223886 0.871666 
2.75 0.2 -0.0459945 0.859636 
2.8 0.2 -0.0676856 0.840348 
2.85 0.2 -0.0866211 0.815467 
2.9 0.2 -0.102126 0.786835 
2.95 0.2 -0.113707 0.756195 
3 0.2 -0.121046 0.725022 
3.05 0.2 -0.123991 0.694475 
3.1 0.2 -0.12253 0.665439 
3.15 0.2 -0.116781 0.638587 
3.2 0.2 -0.106982 0.614455 
3.25 0.2 -0.0934843 0.593495 
3.3 0.2 -0.0767507 0.576105 
3.35 0.2 -0.05735 0.56263 
3.4 0.2 -0.0359473 0.55336 
3.45 0.2 -0.013285 0.548506 
3.5 0.2 0.00984214 0.548185 
3.55 0.2 0.0326198 0.552405 
3.6 0.2 0.0542481 0.561067 
3.65 0.2 0.0739738 0.573975 
3.7 0.2 0.0911181 0.590852 
3.75 0.2 0.105096 0.611357 
3.8 0.2 0.115427 0.635102 
3.85 0.2 0.121742 0.661641 
3.9 0.2 0.123788 0.690449 
3.95 0.2 0.121428 0.720868 
4 0.2 0.114657 0.752044 
4.05 0.2 0.103609 0.782848 
4.1 0.2 0.0885819 0.811839 
4.15 0.2 0.07005 0.837299 
4.2 0.2 0.0486694 0.85738 
4.25 0.2 0.0252663 0.870377 
4.3 0.2 0.000800636 0.875062 
4.35 0.2 -0.0236933 0.87097 
4.4 0.2 -0.0471788 0.858515 
4.45 0.2 -0.0686904 0.838882 
4.5 0.2 -0.0873933 0.813757 
4.55 0.2 -0.102622 0.784988 
4.6 0.2 -0.113896 0.754308 
4.65 0.2 -0.120913 0.723174 
4.7 0.2 -0.123534 0.692731 
4.75 0.2 -0.121769 0.663845 
4.8 0.2 -0.115754 0.637171 
4.85 0.2 -0.10574 0.613228 
4.9 0.2 -0.0920754 0.592447 
4.95 0.2 -0.0751852 0.575214 
5 0.2 -0.0555288 0.561918 
0 0.25 -0.101518 0.49695 
0.05 0.25 -0.0749873 0.481132 
0.1 0.25 -0.0456604 0.470315 
0.15 0.25 -0.0146653 0.464846 
0.2 0.25 0.0168536 0.464875 
0.25 0.25 0.0477624 0.470383 
0.3 0.25 0.0769705 0.481198 
0.35 0.25 0.103466 0.497016 
0.4 0.25 0.126348 0.517443 
0.45 0.25 0.144848 0.542021 
0.5 0.25 0.158342 0.570253 
0.55 0.25 0.166363 0.601602 
0.6 0.25 0.168595 0.635454 
0.65 0.25 0.164884 0.671057 
0.7 0.25 0.155251 0.707435 
0.75 0.25 0.139903 0.743292 
0.8 0.25 0.119262 0.776966 
0.85 0.25 0.0939797 0.806463 
0.9 0.25 0.0649421 0.82964 
0.95 0.25 0.033253 0.844525 
1 0.25 0.000184879 0.849705 
1.05 0.25 -0.0328966 0.844661 
1.1 0.25 -0.0646247 0.829895 
1.15 0.25 -0.0937244 0.806806 
1.2 0.25 -0.119088 0.777361 
1.25 0.25 -0.139824 0.743703 
1.3 0.25 -0.155275 0.707828 
1.35 0.25 -0.165016 0.671406 
1.4 0.25 -0.168834 0.635735 
1.45 0.25 -0.166705 0.601798 
1.5 0.25 -0.158779 0.570348 
1.55 0.25 -0.14537 0.541998 
1.6 0.25 -0.126947 0.517285 
1.65 0.25 -0.104131 0.496704 
1.7 0.25 -0.0776955 0.480707 
1.75 0.25 -0.0485424 0.469686 
1.8 0.25 -0.0176842 0.463932 
1.85 0.25 0.0137951 0.463608 
1.9 0.25 0.0447844 0.468725 
1.95 0.25 0.0741933 0.47914 
2 0.25 0.100998 0.494578 
2.05 0.25 0.124277 0.514659 
2.1 0.25 0.143242 0.538937 
2.15 0.25 0.157249 0.566923 
2.2 0.25 0.165808 0.598083 
2.25 0.25 0.168587 0.631811 
2.3 0.25 0.165416 0.667371 
2.35 0.25 0.156296 0.703803 
2.4 0.25 0.141422 0.739838 
2.45 0.25 0.121198 0.773836 
2.5 0.25 0.0962575 0.803822 
2.55 0.25 0.0674739 0.827647 
2.6 0.25 0.0359394 0.843303 
2.65 0.25 0.00292128 0.849314 
2.7 0.25 -0.0302128 0.845079 
2.75 0.25 -0.0620865 0.831023 
2.8 0.25 -0.0914084 0.80849 
2.85 0.25 -0.11705 0.779422 
2.9 0.25 -0.138099 0.74597 
2.95 0.25 -0.153876 0.71016 
3 0.25 -0.163938 0.673696 
3.05 0.25 -0.168058 0.637914 
3.1 0.25 -0.166202 0.603826 
3.15 0.25 -0.158515 0.572205 
3.2 0.25 -0.145305 0.54368 
3.25 0.25 -0.127042 0.518799 
3.3 0.25 -0.104349 0.498061 
3.35 0.25 -0.0780014 0.481925 
3.4 0.25 -0.0489063 0.470786 
3.45 0.25 -0.0180819 0.464938 
3.5 0.25 0.0133812 0.464548 
3.55 0.25 0.0443641 0.469628 
3.6 0.25 0.0737685 0.480038 
3.65 0.25 0.100562 0.4955 
3.7 0.25 0.123817 0.515633 
3.75 0.25 0.142737 0.539989 
3.8 0.25 0.156673 0.568071 
3.85 0.25 0.165132 0.599337 
3.9 0.25 0.167782 0.63317 
3.95 0.25 0.164456 0.668814 
4 0.25 0.155162 0.705287 
4.05 0.25 0.140103 0.741294 
4.1 0.25 0.119698 0.775167 
4.15 0.25 0.0945977 0.80491 
4.2 0.25 0.0656926 0.828369 
4.25 0.25 0.0340922 0.843552 
4.3 0.25 0.0010779 0.849023 
4.35 0.25 -0.031973 0.844238 
4.4 0.25 -0.0636804 0.829679 
4.45 0.25 -0.092755 0.806735 
4.5 0.25 -0.118076 0.777374 
4.55 0.25 -0.138741 0.743749 
4.6 0.25 -0.154086 0.707874 
4.65 0.25 -0.163685 0.671435 
4.7 0.25 -0.16733 0.63575 
4.75 0.25 -0.165007 0.601812 
4.8 0.25 -0.156881 0.570382 
4.85 0.25 -0.143276 0.542075 
4.9 0.25 -0.124661 0.517429 
4.95 0.25 -0.101635 0.496949 
5 0.25 -0.0748992 0.481132 
0 0.3 -0.125774 0.435951 
0.05 0.3 -0.0927889 0.417927 
0.1 0.3 -0.0563662 0.40555 
0.15 0.3 -0.0178579 0.399271 
0.2 0.3 0.021323 0.399318 
0.25 0.3 0.0597545 0.405678 
0.3 0.3 0.0960618 0.418114 
0.35 0.3 0.128969 0.43621 
0.4 0.3 0.157345 0.459427 
0.45 0.3 0.180229 0.487164 
0.5 0.3 0.196853 0.518799 
0.55 0.3 0.206643 0.553696 
0.6 0.3 0.209229 0.591169 
0.65 0.3 0.204441 0.630404 
0.7 0.3 0.192327 0.670353 
0.75 0.3 0.17317 0.709629 
0.8 0.3 0.147509 0.746441 
0.85 0.3 0.116165 0.778641 
0.9 0.3 0.0802335 0.803917 
0.95 0.3 0.0410708 0.820138 
1 0.3 0.00022962 0.825782 
1.05 0.3 -0.0406277 0.820289 
1.1 0.3 -0.0798378 0.804201 
1.15 0.3 -0.115844 0.779026 
1.2 0.3 -0.147287 0.746887 
1.25 0.3 -0.173062 0.710096 
1.3 0.3 -0.192345 0.670806 
1.35 0.3 -0.204589 0.630814 
1.4 0.3 -0.209504 0.591511 
1.45 0.3 -0.207038 0.553948 
1.5 0.3 -0.197354 0.518941 
1.55 0.3 -0.180821 0.487174 
1.6 0.3 -0.158009 0.459282 
1.65 0.3 -0.129683 0.435883 
1.7 0.3 -0.0968041 0.417574 
1.75 0.3 -0.060502 0.404889 
1.8 0.3 -0.0220495 0.398241 
1.85 0.3 0.0171866 0.397864 
1.9 0.3 0.0558044 0.403771 
1.95 0.3 0.0924289 0.41576 
2 0.3 0.125772 0.433437 
2.05 0.3 0.15468 0.456283 
2.1 0.3 0.178172 0.483704 
2.15 0.3 0.195453 0.515085 
2.2 0.3 0.205928 0.549792 
2.25 0.3 0.209202 0.587146 
2.3 0.3 0.205089 0.626344 
2.35 0.3 0.193615 0.666362 
2.4 0.3 0.175045 0.705837 
2.45 0.3 0.149898 0.743008 
2.5 0.3 0.118975 0.775743 
2.55 0.3 0.0833565 0.801723 
2.6 0.3 0.0443847 0.818782 
2.65 0.3 0.00360697 0.825328 
2.7 0.3 -0.0373115 0.820713 
2.75 0.3 -0.0766956 0.805396 
2.8 0.3 -0.11297 0.780823 
2.85 0.3 -0.144749 0.749093 
2.9 0.3 -0.170904 0.712527 
2.95 0.3 -0.190585 0.673307 
3 0.3 -0.203222 0.633271 
3.05 0.3 -0.208509 0.593848 
3.1 0.3 -0.206382 0.556122 
3.15 0.3 -0.196995 0.520931 
3.2 0.3 -0.180713 0.488976 
3.25 0.3 -0.158104 0.4609 
3.3 0.3 -0.129937 0.437329 
3.35 0.3 -0.0971726 0.418865 
3.4 0.3 -0.0609487 0.406047 
3.45 0.3 -0.0225444 0.399292 
3.5 0.3 0.0166657 0.398837 
3.55 0.3 0.0552699 0.4047 
3.6 0.3 0.0918837 0.416678 
3.65 0.3 0.125209 0.43438 
3.7 0.3 0.154083 0.457282 
3.75 0.3 0.177515 0.484789 
3.8 0.3 0.194706 0.516276 
3.85 0.3 0.205056 0.551102 
3.9 0.3 0.208172 0.588571 
3.95 0.3 0.203868 0.627864 
4 0.3 0.192181 0.667929 
4.05 0.3 0.173386 0.707376 
4.1 0.3 0.148021 0.744413 
4.15 0.3 0.116906 0.776886 
4.2 0.3 0.0811425 0.802468 
4.25 0.3 0.0420943 0.819012 
4.3 0.3 0.00132564 0.824968 
4.35 0.3 -0.0394862 0.819749 
4.4 0.3 -0.0786607 0.803874 
4.45 0.3 -0.114623 0.778843 
4.5 0.3 -0.145997 0.746776 
4.55 0.3 -0.171664 0.71 
4.6 0.3 -0.190788 0.670684 
4.65 0.3 -0.202819 0.630643 
4.7 0.3 -0.20747 0.591291 
4.75 0.3 -0.204698 0.553696 
4.8 0.3 -0.194679 0.518688 
4.85 0.3 -0.177796 0.486965 
4.9 0.3 -0.154629 0.459174 
4.95 0.3 -0.12594 0.435951 
5 0.3 -0.0926649 0.417927 
0 0.35 -0.146303 0.390817 
0.05 0.35 -0.107825 0.370727 
0.1 0.35 -0.0653531 0.356856 
0.15 0.35 -0.020432 0.349805 
0.2 0.35 0.0252898 0.349894 
0.25 0.35 0.0701365 0.357112 
0.3 0.35 0.112481 0.37113 
0.35 0.35 0.150816 0.391364 
0.4 0.35 0.183808 0.417077 
0.45 0.35 0.210338 0.447472 
0.5 0.35 0.229516 0.481768 
0.55 0.35 0.240694 0.519217 
0.6 0.35 0.243463 0.559065 
0.65 0.35 0.237657 0.600465 
0.7 0.35 0.22336 0.642352 
0.75 0.35 0.200931 0.683323 
0.8 0.35 0.171019 0.721568 
0.85 0.35 0.134588 0.754914 
0.9 0.35 0.0929112 0.781026 
0.95 0.35 0.0475463 0.797756 
1 0.35 0.000268229 0.803574 
1.05 0.35 -0.0470282 0.797916 
1.1 0.35 -0.0924469 0.781328 
1.15 0.35 -0.134209 0.755326 
1.2 0.35 -0.170752 0.722049 
1.25 0.35 -0.200794 0.683834 
1.3 0.35 -0.223365 0.642856 
1.35 0.35 -0.237806 0.600932 
1.4 0.35 -0.243754 0.559469 
1.45 0.35 -0.241114 0.519535 
1.5 0.35 -0.230047 0.481976 
1.55 0.35 -0.210955 0.447544 
1.6 0.35 -0.184482 0.416983 
1.65 0.35 -0.151511 0.391072 
1.7 0.35 -0.113157 0.370603 
1.75 0.35 -0.0707511 0.356314 
1.8 0.35 -0.0257952 0.348786 
1.85 0.35 0.0200908 0.348354 
1.9 0.35 0.065243 0.355039 
1.95 0.35 0.108031 0.368547 
2 0.35 0.146933 0.388322 
2.05 0.35 0.180594 0.413644 
2.1 0.35 0.207866 0.443723 
2.15 0.35 0.227837 0.477775 
2.2 0.35 0.239831 0.515051 
2.25 0.35 0.243414 0.554801 
2.3 0.35 0.238399 0.596186 
2.35 0.35 0.22485 0.638163 
2.4 0.35 0.203102 0.679355 
2.45 0.35 0.173784 0.717982 
2.5 0.35 0.137838 0.751887 
2.55 0.35 0.0965211 0.778727 
2.6 0.35 0.051376 0.79632 
2.65 0.35 0.00417255 0.803063 
2.7 0.35 -0.043191 0.798305 
2.75 0.35 -0.0888052 0.782507 
2.8 0.35 -0.13087 0.757125 
2.85 0.35 -0.167795 0.724272 
2.9 0.35 -0.198269 0.686291 
2.95 0.35 -0.221294 0.645391 
3 0.35 -0.236188 0.603428 
3.05 0.35 -0.242566 0.561847 
3.1 0.35 -0.24032 0.521751 
3.15 0.35 -0.229599 0.484008 
3.2 0.35 -0.210802 0.449384 
3.25 0.35 -0.184571 0.418635 
3.3 0.35 -0.151789 0.392545 
3.35 0.35 -0.113576 0.371912 
3.4 0.35 -0.071267 0.357477 
3.45 0.35 -0.0263734 0.34983 
3.5 0.35 0.0194761 0.349309 
3.55 0.35 0.064607 0.355939 
3.6 0.35 0.107378 0.36943 
3.65 0.35 0.146254 0.389227 
3.7 0.35 0.179871 0.414606 
3.75 0.35 0.207072 0.444772 
3.8 0.35 0.226936 0.478935 
3.85 0.35 0.238784 0.516334 
3.9 0.35 0.242184 0.556204 
3.95 0.35 0.236949 0.597688 
4 0.35 0.223155 0.639715 
4.05 0.35 0.201151 0.680879 
4.1 0.35 0.171586 0.719368 
4.15 0.35 0.135423 0.753002 
4.2 0.35 0.0939432 0.779433 
4.25 0.35 0.0487142 0.796493 
4.3 0.35 0.00152512 0.802626 
4.35 0.35 -0.0457115 0.797239 
4.4 0.35 -0.0910793 0.780855 
4.45 0.35 -0.132778 0.754981 
4.5 0.35 -0.169222 0.721756 
4.55 0.35 -0.199114 0.683526 
4.6 0.35 -0.221469 0.642487 
4.65 0.35 -0.235622 0.600475 
4.7 0.35 -0.241207 0.55892 
4.75 0.35 -0.238139 0.518913 
4.8 0.35 -0.226592 0.481323 
4.85 0.35 -0.206988 0.446926 
4.9 0.35 -0.179992 0.416489 
4.95 0.35 -0.146508 0.390817 
5 0.35 -0.107673 0.370727 
0 0.4 -0.161932 0.358283 
0.05 0.4 -0.119252 0.336111 
0.1 0.4 -0.0721328 0.320702 
0.15 0.4 -0.0222727 0.312857 
0.2 0.4 0.0284894 0.313013 
0.25 0.4 0.0782706 0.321155 
0.3 0.4 0.125238 0.336825 
0.35 0.4 0.167697 0.359221 
0.4 0.4 0.204157 0.387341 
0.45 0.4 0.233376 0.420139 
0.5 0.4 0.254384 0.456627 
0.55 0.4 0.266485 0.495922 
0.6 0.4 0.269258 0.537198 
0.65 0.4 0.262555 0.579592 
0.7 0.4 0.246506 0.622063 
0.75 0.4 0.22154 0.663262 
0.8 0.4 0.188399 0.701458 
0.85 0.4 0.14816 0.734579 
0.9 0.4 0.102226 0.760406 
0.95 0.4 0.0522973 0.776908 
1 0.4 0.000298574 0.782641 
1.05 0.4 -0.0517199 0.777072 
1.1 0.4 -0.101707 0.760716 
1.15 0.4 -0.147733 0.735004 
1.2 0.4 -0.188092 0.70196 
1.25 0.4 -0.221373 0.663803 
1.3 0.4 -0.246491 0.622609 
1.35 0.4 -0.262694 0.580112 
1.4 0.4 -0.269545 0.537666 
1.45 0.4 -0.266904 0.496312 
1.5 0.4 -0.25491 0.456914 
1.55 0.4 -0.233977 0.420293 
1.6 0.4 -0.20479 0.387328 
1.65 0.4 -0.168314 0.359004 
1.7 0.4 -0.125782 0.336365 
1.75 0.4 -0.0786799 0.320416 
1.8 0.4 -0.0286978 0.311962 
1.85 0.4 0.0223358 0.311472 
1.9 0.4 0.0725399 0.318973 
1.95 0.4 0.120074 0.334055 
2 0.4 0.163224 0.355945 
2.05 0.4 0.200475 0.38366 
2.1 0.4 0.230559 0.41615 
2.15 0.4 0.252474 0.452423 
2.2 0.4 0.265499 0.491582 
2.25 0.4 0.269188 0.532799 
2.3 0.4 0.263367 0.575216 
2.35 0.4 0.248146 0.617809 
2.4 0.4 0.22393 0.659255 
2.45 0.4 0.191441 0.697849 
2.5 0.4 0.151732 0.731535 
2.55 0.4 0.10619 0.758088 
2.6 0.4 0.0565005 0.77544 
2.65 0.4 0.00458405 0.782078 
2.7 0.4 -0.0475052 0.777389 
2.75 0.4 -0.0977017 0.761807 
2.8 0.4 -0.144053 0.736706 
2.85 0.4 -0.184824 0.704084 
2.9 0.4 -0.218572 0.666168 
2.95 0.4 -0.244185 0.625062 
3 0.4 -0.260881 0.582539 
3.05 0.4 -0.268204 0.53999 
3.1 0.4 -0.265997 0.498488 
3.15 0.4 -0.254388 0.458917 
3.2 0.4 -0.233783 0.422113 
3.25 0.4 -0.204868 0.388965 
3.3 0.4 -0.168606 0.360461 
3.35 0.4 -0.126236 0.337653 
3.4 0.4 -0.0792482 0.321549 
3.45 0.4 -0.029341 0.312964 
3.5 0.4 0.0216467 0.312372 
3.55 0.4 0.0718222 0.319808 
3.6 0.4 0.119332 0.334864 
3.65 0.4 0.162451 0.356769 
3.7 0.4 0.199651 0.384535 
3.75 0.4 0.229653 0.417111 
3.8 0.4 0.251449 0.453492 
3.85 0.4 0.264313 0.492772 
3.9 0.4 0.267798 0.534107 
3.95 0.4 0.261737 0.57662 
4 0.4 0.24625 0.61926 
4.05 0.4 0.221756 0.660675 
4.1 0.4 0.188999 0.69913 
4.15 0.4 0.149056 0.732548 
4.2 0.4 0.10334 0.758696 
4.25 0.4 0.0535615 0.775522 
4.3 0.4 0.00166354 0.781556 
4.35 0.4 -0.0502839 0.776239 
4.4 0.4 -0.100206 0.760064 
4.45 0.4 -0.146149 0.734451 
4.5 0.4 -0.186382 0.701427 
4.55 0.4 -0.219473 0.663219 
4.6 0.4 -0.24432 0.621921 
4.65 0.4 -0.260159 0.579288 
4.7 0.4 -0.266553 0.536699 
4.75 0.4 -0.263366 0.495223 
4.8 0.4 -0.250754 0.455753 
4.85 0.4 -0.229154 0.419145 
4.9 0.4 -0.199288 0.386317 
4.95 0.4 -0.162166 0.358283 
5 0.4 -0.11908 0.336111 
0 0.45 -0.17184 0.334405 
0.05 0.45 -0.126482 0.310095 
0.1 0.45 -0.0763718 0.293083 
0.15 0.45 -0.0233165 0.284413 
0.2 0.45 0.0307106 0.284658 
0.25 0.45 0.083677 0.293792 
0.3 0.45 0.133603 0.311205 
0.35 0.45 0.178662 0.33583 
0.4 0.45 0.217259 0.366356 
0.45 0.45 0.248076 0.401437 
0.5 0.45 0.270101 0.439846 
0.55 0.45 0.282625 0.480536 
0.6 0.45 0.285237 0.5226 
0.65 0.45 0.27782 0.565162 
0.7 0.45 0.260556 0.607232 
0.75 0.45 0.233931 0.647566 
0.8 0.45 0.19876 0.684589 
0.85 0.45 0.156193 0.716436 
0.9 0.45 0.10771 0.741117 
0.95 0.45 0.0550853 0.756821 
1 0.45 0.000319021 0.762267 
1.05 0.45 -0.0544677 0.756983 
1.1 0.45 -0.107152 0.741425 
1.15 0.45 -0.15573 0.716862 
1.2 0.45 -0.198421 0.6851 
1.25 0.45 -0.233736 0.648125 
1.3 0.45 -0.260517 0.607809 
1.35 0.45 -0.277938 0.565727 
1.4 0.45 -0.285503 0.523126 
1.45 0.45 -0.283019 0.480998 
1.5 0.45 -0.270594 0.440214 
1.55 0.45 -0.248626 0.401678 
1.6 0.45 -0.217813 0.366433 
1.65 0.45 -0.179161 0.335704 
1.7 0.45 -0.133975 0.310836 
1.75 0.45 -0.0838451 0.293148 
1.8 0.45 -0.0305944 0.283716 
1.85 0.45 0.023797 0.283162 
1.9 0.45 0.0772886 0.291529 
1.95 0.45 0.127886 0.30826 
2 0.45 0.173741 0.332329 
2.05 0.45 0.21323 0.362436 
2.1 0.45 0.245007 0.397231 
2.15 0.45 0.268027 0.435466 
2.2 0.45 0.281553 0.476074 
2.25 0.45 0.285149 0.518136 
2.3 0.45 0.278675 0.560774 
2.35 0.45 0.262288 0.60301 
2.4 0.45 0.236454 0.643622 
2.45 0.45 0.201966 0.681058 
2.5 0.45 0.159952 0.713464 
2.55 0.45 0.111877 0.738845 
2.6 0.45 0.0595013 0.755357 
2.65 0.45 0.00482069 0.761657 
2.7 0.45 -0.0500383 0.757201 
2.75 0.45 -0.102938 0.742373 
2.8 0.45 -0.151852 0.718393 
2.85 0.45 -0.194969 0.687041 
2.9 0.45 -0.230769 0.65031 
2.95 0.45 -0.258064 0.610095 
3 0.45 -0.276001 0.568009 
3.05 0.45 -0.284061 0.52533 
3.1 0.45 -0.282035 0.483077 
3.15 0.45 -0.270017 0.442143 
3.2 0.45 -0.248401 0.403442 
3.25 0.45 -0.21788 0.368025 
3.3 0.45 -0.179459 0.337121 
3.35 0.45 -0.13445 0.312082 
3.4 0.45 -0.0844468 0.294232 
3.45 0.45 -0.0312807 0.284656 
3.5 0.45 0.0230574 0.283988 
3.55 0.45 0.0765148 0.292276 
3.6 0.45 0.127084 0.30897 
3.65 0.45 0.172903 0.333043 
3.7 0.45 0.212335 0.363196 
3.75 0.45 0.244024 0.398068 
3.8 0.45 0.266917 0.436404 
3.85 0.45 0.280273 0.477125 
3.9 0.45 0.283655 0.519296 
3.95 0.45 0.276929 0.562019 
4 0.45 0.260263 0.604294 
4.05 0.45 0.23414 0.644869 
4.1 0.45 0.199372 0.682168 
4.15 0.45 0.157116 0.714314 
4.2 0.45 0.10886 0.739308 
4.25 0.45 0.0563935 0.755319 
4.3 0.45 0.00173364 0.76104 
4.35 0.45 -0.0529754 0.755977 
4.4 0.45 -0.105585 0.740566 
4.45 0.45 -0.154065 0.716066 
4.5 0.45 -0.196607 0.684284 
4.55 0.45 -0.231698 0.647215 
4.6 0.45 -0.25816 0.606746 
4.65 0.45 -0.275155 0.564474 
4.7 0.45 -0.282179 0.521671 
4.75 0.45 -0.279049 0.479361 
4.8 0.45 -0.265887 0.438456 
4.85 0.45 -0.243122 0.399903 
4.9 0.45 -0.211501 0.364797 
4.95 0.45 -0.172093 0.334405 
5 0.45 -0.126295 0.310095 
0 0.5 -0.175515 0.315429 
0.05 0.5 -0.129144 0.289036 
0.1 0.5 -0.0778661 0.270449 
0.15 0.5 -0.0235373 0.260971 
0.2 0.5 0.0317977 0.261318 
0.25 0.5 0.0860252 0.271453 
0.3 0.5 0.137086 0.290598 
0.35 0.5 0.183088 0.317409 
0.4 0.5 0.222386 0.350247 
0.45 0.5 0.253643 0.387453 
0.5 0.5 0.275841 0.427545 
0.55 0.5 0.288289 0.469301 
0.6 0.5 0.290608 0.51172 
0.65 0.5 0.282723 0.553914 
0.7 0.5 0.264859 0.594949 
0.75 0.5 0.237551 0.633717 
0.8 0.5 0.201653 0.668848 
0.85 0.5 0.158348 0.698746 
0.9 0.5 0.109136 0.721727 
0.95 0.5 0.0557974 0.736268 
1 0.5 0.000328378 0.741299 
1.05 0.5 -0.055161 0.736425 
1.1 0.5 -0.108559 0.722027 
1.15 0.5 -0.157866 0.699166 
1.2 0.5 -0.201294 0.669358 
1.25 0.5 -0.237335 0.634286 
1.3 0.5 -0.264796 0.595548 
1.35 0.5 -0.282814 0.554514 
1.4 0.5 -0.290842 0.512296 
1.45 0.5 -0.288643 0.469825 
1.5 0.5 -0.27628 0.427985 
1.55 0.5 -0.254119 0.387773 
1.6 0.5 -0.222841 0.350407 
1.65 0.5 -0.18345 0.317368 
1.7 0.5 -0.137275 0.29032 
1.75 0.5 -0.0859533 0.270912 
1.8 0.5 -0.0313762 0.260503 
1.85 0.5 0.024392 0.259887 
1.9 0.5 0.079221 0.269115 
1.95 0.5 0.131031 0.28748 
2 0.5 0.177903 0.313683 
2.05 0.5 0.218163 0.346095 
2.1 0.5 0.250439 0.383041 
2.15 0.5 0.273683 0.423011 
2.2 0.5 0.287176 0.464749 
2.25 0.5 0.290512 0.507234 
2.3 0.5 0.283593 0.549567 
2.35 0.5 0.266623 0.590821 
2.4 0.5 0.240115 0.629902 
2.45 0.5 0.204905 0.665459 
2.5 0.5 0.162154 0.695904 
2.55 0.5 0.113348 0.719547 
2.6 0.5 0.0602575 0.734835 
2.65 0.5 0.00487328 0.740647 
2.7 0.5 -0.0506881 0.736529 
2.75 0.5 -0.1043 0.7228 
2.8 0.5 -0.15394 0.70048 
2.85 0.5 -0.197793 0.671063 
2.9 0.5 -0.234319 0.636235 
2.95 0.5 -0.262295 0.597617 
3 0.5 -0.280832 0.556606 
3.05 0.5 -0.289359 0.514341 
3.1 0.5 -0.287624 0.471776 
3.15 0.5 -0.275676 0.429815 
3.2 0.5 -0.253876 0.38946 
3.25 0.5 -0.222898 0.351938 
3.3 0.5 -0.183747 0.318733 
3.35 0.5 -0.137757 0.291513 
3.4 0.5 -0.086568 0.271938 
3.45 0.5 -0.0320812 0.261375 
3.5 0.5 0.0236293 0.260631 
3.55 0.5 0.0784206 0.269765 
3.6 0.5 0.1302 0.288081 
3.65 0.5 0.177033 0.314277 
3.7 0.5 0.217234 0.346723 
3.75 0.5 0.24942 0.383738 
3.8 0.5 0.272535 0.423798 
3.85 0.5 0.285855 0.465636 
3.9 0.5 0.288974 0.508215 
3.95 0.5 0.281801 0.550619 
4 0.5 0.26455 0.591898 
4.05 0.5 0.237752 0.630934 
4.1 0.5 0.202261 0.666354 
4.15 0.5 0.159267 0.696552 
4.2 0.5 0.11028 0.719832 
4.25 0.5 0.0570972 0.734655 
4.3 0.5 0.00173323 0.739927 
4.35 0.5 -0.0536776 0.735236 
4.4 0.5 -0.106997 0.720943 
4.45 0.5 -0.156196 0.698102 
4.5 0.5 -0.19946 0.66823 
4.55 0.5 -0.235253 0.633016 
4.6 0.5 -0.262363 0.594073 
4.65 0.5 -0.279908 0.552792 
4.7 0.5 -0.287337 0.51031 
4.75 0.5 -0.284417 0.467593 
4.8 0.5 -0.271231 0.425577 
4.85 0.5 -0.24818 0.385313 
4.9 0.5 -0.216 0.348085 
4.95 0.5 -0.175776 0.315429 
5 0.5 -0.128951 0.289036 
0 0.55 -0.172731 0.298198 
0.05 0.55 -0.127076 0.270018 
0.1 0.55 -0.0765315 0.250071 
0.15 0.55 -0.0229394 0.2399 
0.2 0.55 0.0316556 0.240351 
0.25 0.55 0.0851346 0.251376 
0.3 0.55 0.135435 0.272042 
0.35 0.55 0.180667 0.300747 
0.4 0.55 0.219203 0.33555 
0.45 0.55 0.249731 0.374507 
0.5 0.55 0.271273 0.415901 
0.55 0.55 0.28318 0.458343 
0.6 0.55 0.28512 0.500744 
0.65 0.55 0.277063 0.542193 
0.7 0.55 0.259271 0.581815 
0.75 0.55 0.232303 0.618637 
0.8 0.55 0.197022 0.651514 
0.85 0.55 0.154598 0.679141 
0.9 0.55 0.106493 0.700166 
0.95 0.55 0.0544302 0.71338 
1 0.55 0.000325904 0.717937 
1.05 0.55 -0.0537979 0.713529 
1.1 0.55 -0.105918 0.700454 
1.15 0.55 -0.154113 0.679549 
1.2 0.55 -0.196656 0.652016 
1.25 0.55 -0.232074 0.619207 
1.3 0.55 -0.259188 0.582426 
1.35 0.55 -0.277126 0.542818 
1.4 0.55 -0.285316 0.501357 
1.45 0.55 -0.283484 0.458914 
1.5 0.55 -0.271647 0.416395 
1.55 0.55 -0.250125 0.374885 
1.6 0.55 -0.219552 0.335771 
1.65 0.55 -0.180895 0.30077 
1.7 0.55 -0.135456 0.271837 
1.75 0.55 -0.0848568 0.250926 
1.8 0.55 -0.0309877 0.23966 
1.85 0.55 0.0240795 0.23899 
1.9 0.55 0.0782024 0.248973 
1.95 0.55 0.129293 0.268767 
2 0.55 0.175431 0.296816 
2.05 0.55 0.214957 0.33119 
2.1 0.55 0.246524 0.369918 
2.15 0.55 0.269122 0.411243 
2.2 0.55 0.282075 0.453735 
2.25 0.55 0.285026 0.49627 
2.3 0.55 0.277921 0.537923 
2.35 0.55 0.261004 0.577818 
2.4 0.55 0.234816 0.614989 
2.45 0.55 0.2002 0.648302 
2.5 0.55 0.15831 0.676459 
2.55 0.55 0.110595 0.698101 
2.6 0.55 0.0587674 0.711993 
2.65 0.55 0.00474274 0.717251 
2.7 0.55 -0.0494514 0.713517 
2.75 0.55 -0.101777 0.701043 
2.8 0.55 -0.150293 0.68063 
2.85 0.55 -0.193243 0.653466 
2.9 0.55 -0.229128 0.620902 
2.95 0.55 -0.25674 0.584258 
3 0.55 -0.27518 0.544701 
3.05 0.55 -0.283856 0.503226 
3.1 0.55 -0.282476 0.460723 
3.15 0.55 -0.271047 0.418111 
3.2 0.55 -0.249878 0.376483 
3.25 0.55 -0.219603 0.33723 
3.3 0.55 -0.181184 0.302073 
3.35 0.55 -0.135929 0.272972 
3.4 0.55 -0.0854636 0.25189 
3.45 0.55 -0.0316855 0.240461 
3.5 0.55 0.023323 0.23965 
3.55 0.55 0.0774076 0.249528 
3.6 0.55 0.128467 0.269258 
3.65 0.55 0.174567 0.29729 
3.7 0.55 0.214036 0.331687 
3.75 0.55 0.245515 0.37047 
3.8 0.55 0.267986 0.411873 
3.85 0.55 0.28077 0.454449 
3.9 0.55 0.28351 0.497062 
3.95 0.55 0.276158 0.538768 
4 0.55 0.258969 0.578671 
4.05 0.55 0.232497 0.615787 
4.1 0.55 0.19761 0.648963 
4.15 0.55 0.155482 0.676886 
4.2 0.55 0.10759 0.698193 
4.25 0.55 0.0556722 0.711659 
4.3 0.55 0.00166472 0.716421 
4.35 0.55 -0.0523859 0.712154 
4.4 0.55 -0.104429 0.69914 
4.45 0.55 -0.152516 0.678211 
4.5 0.55 -0.194888 0.65057 
4.55 0.55 -0.230048 0.617572 
4.6 0.55 -0.256795 0.580534 
4.65 0.55 -0.274238 0.540623 
4.7 0.55 -0.281799 0.498838 
4.75 0.55 -0.279208 0.45609 
4.8 0.55 -0.266503 0.413341 
4.85 0.55 -0.244042 0.371747 
4.9 0.55 -0.212519 0.33277 
4.95 0.55 -0.172991 0.298198 
5 0.55 -0.126885 0.270018 
0 0.6 -0.163559 0.280229 
0.05 0.6 -0.120329 0.250878 
0.1 0.6 -0.0724056 0.230027 
0.15 0.6 -0.0215546 0.219401 
0.2 0.6 0.030257 0.219945 
0.25 0.6 0.0809861 0.231601 
0.3 0.6 0.128646 0.253314 
0.35 0.6 0.171424 0.283285 
0.4 0.6 0.207771 0.319346 
0.45 0.6 0.236451 0.359336 
0.5 0.6 0.25656 0.401362 
0.55 0.6 0.267515 0.443908 
0.6 0.6 0.269041 0.485809 
0.65 0.6 0.261147 0.526137 
0.7 0.6 0.244118 0.564066 
0.75 0.6 0.218514 0.59875 
0.8 0.6 0.185169 0.629249 
0.85 0.6 0.145195 0.654536 
0.9 0.6 0.0999648 0.673575 
0.95 0.6 0.0510794 0.685452 
1 0.6 0.000311361 0.689535 
1.05 0.6 -0.0504747 0.685594 
1.1 0.6 -0.099413 0.67385 
1.15 0.6 -0.144727 0.654929 
1.2 0.6 -0.184811 0.629738 
1.25 0.6 -0.218282 0.599313 
1.3 0.6 -0.244022 0.564679 
1.35 0.6 -0.261184 0.526773 
1.4 0.6 -0.269198 0.486441 
1.45 0.6 -0.267767 0.444505 
1.5 0.6 -0.256868 0.401886 
1.55 0.6 -0.236763 0.359746 
1.6 0.6 -0.208022 0.319601 
1.65 0.6 -0.171537 0.283347 
1.7 0.6 -0.128535 0.25316 
1.75 0.6 -0.0805606 0.231225 
1.8 0.6 -0.0294289 0.219367 
1.85 0.6 0.0228609 0.218657 
1.9 0.6 0.0742383 0.229163 
1.95 0.6 0.122688 0.24993 
2 0.6 0.166365 0.279213 
2.05 0.6 0.203685 0.314846 
2.1 0.6 0.233378 0.354636 
2.15 0.6 0.254509 0.396641 
2.2 0.6 0.266469 0.439294 
2.25 0.6 0.268958 0.48139 
2.3 0.6 0.261966 0.52198 
2.35 0.6 0.245761 0.560228 
2.4 0.6 0.220886 0.595289 
2.45 0.6 0.188159 0.626231 
2.5 0.6 0.148679 0.652028 
2.55 0.6 0.103807 0.671636 
2.6 0.6 0.0551362 0.684122 
2.65 0.6 0.00443905 0.688825 
2.7 0.6 -0.0464142 0.685477 
2.75 0.6 -0.0955443 0.674265 
2.8 0.6 -0.141156 0.655788 
2.85 0.6 -0.181617 0.630941 
2.9 0.6 -0.215522 0.600759 
2.95 0.6 -0.241724 0.566277 
3 0.6 -0.259355 0.528447 
3.05 0.6 -0.267823 0.488131 
3.1 0.6 -0.266817 0.446165 
3.15 0.6 -0.2563 0.403481 
3.2 0.6 -0.23653 0.361246 
3.25 0.6 -0.20807 0.320979 
3.3 0.6 -0.171812 0.28458 
3.35 0.6 -0.128985 0.254229 
3.4 0.6 -0.0811385 0.232122 
3.45 0.6 -0.0300937 0.220095 
3.5 0.6 0.0221403 0.219236 
3.55 0.6 0.0734817 0.229625 
3.6 0.6 0.121902 0.250319 
3.65 0.6 0.165544 0.279573 
3.7 0.6 0.202811 0.315218 
3.75 0.6 0.232423 0.355053 
3.8 0.6 0.253436 0.397122 
3.85 0.6 0.265238 0.439844 
3.9 0.6 0.26753 0.481999 
3.95 0.6 0.260306 0.522623 
4 0.6 0.243845 0.560863 
4.05 0.6 0.218704 0.595859 
4.1 0.6 0.185722 0.626663 
4.15 0.6 0.146019 0.652238 
4.2 0.6 0.100979 0.671538 
4.25 0.6 0.0522199 0.683637 
4.3 0.6 0.00153454 0.687887 
4.35 0.6 -0.0491891 0.684045 
4.4 0.6 -0.0980588 0.672322 
4.45 0.6 -0.143271 0.653336 
4.5 0.6 -0.183189 0.627996 
4.55 0.6 -0.216408 0.59734 
4.6 0.6 -0.241784 0.562407 
4.65 0.6 -0.258455 0.524151 
4.7 0.6 -0.265843 0.483445 
4.75 0.6 -0.263656 0.441157 
4.8 0.6 -0.251889 0.398267 
4.85 0.6 -0.230846 0.356018 
4.9 0.6 -0.201156 0.316013 
4.95 0.6 -0.163805 0.280229 
5 0.6 -0.120147 0.250878 
0 0.65 -0.148392 0.259657 
0.05 0.65 -0.109184 0.230088 
0.1 0.65 -0.0656611 0.209035 
0.15 0.65 -0.019445 0.198315 
0.2 0.65 0.0276511 0.198926 
0.25 0.65 0.0737413 0.2108 
0.3 0.65 0.116994 0.232818 
0.35 0.65 0.155747 0.263076 
0.4 0.65 0.188587 0.299292 
0.45 0.65 0.214402 0.339197 
0.5 0.65 0.23239 0.380813 
0.55 0.65 0.242054 0.422559 
0.6 0.65 0.243174 0.463232 
0.65 0.65 0.235793 0.5019 
0.7 0.65 0.220201 0.537784 
0.75 0.65 0.196928 0.570139 
0.8 0.65 0.166746 0.598205 
0.85 0.65 0.130665 0.621187 
0.9 0.65 0.089919 0.638314 
0.95 0.65 0.045935 0.648922 
1 0.65 0.000285105 0.652556 
1.05 0.65 -0.0453808 0.649055 
1.1 0.65 -0.089412 0.638574 
1.15 0.65 -0.130233 0.621561 
1.2 0.65 -0.166411 0.598676 
1.25 0.65 -0.196706 0.570687 
1.3 0.65 -0.220099 0.538385 
1.35 0.65 -0.23581 0.502531 
1.4 0.65 -0.243295 0.463863 
1.45 0.65 -0.242255 0.423158 
1.5 0.65 -0.232635 0.381341 
1.55 0.65 -0.21464 0.339614 
1.6 0.65 -0.188757 0.299556 
1.65 0.65 -0.155775 0.263156 
1.7 0.65 -0.116799 0.232696 
1.75 0.65 -0.0732392 0.210484 
1.8 0.65 -0.0267624 0.198447 
1.85 0.65 0.0207853 0.197724 
1.9 0.65 0.0674897 0.208385 
1.95 0.65 0.111489 0.229419 
2 0.65 0.151088 0.258975 
2.05 0.65 0.184838 0.294772 
2.1 0.65 0.211595 0.334504 
2.15 0.65 0.230528 0.376135 
2.2 0.65 0.241113 0.41803 
2.25 0.65 0.243111 0.45894 
2.3 0.65 0.236547 0.497909 
2.35 0.65 0.221696 0.534141 
2.4 0.65 0.199075 0.566891 
2.45 0.65 0.169444 0.595395 
2.5 0.65 0.1338 0.618861 
2.55 0.65 0.0933679 0.636509 
2.6 0.65 0.0495709 0.647661 
2.65 0.65 0.00398055 0.651839 
2.7 0.65 -0.0417478 0.648856 
2.75 0.65 -0.0859514 0.638842 
2.8 0.65 -0.127038 0.622227 
2.85 0.65 -0.163553 0.599659 
2.9 0.65 -0.194234 0.571907 
2.95 0.65 -0.218041 0.539765 
3 0.65 -0.23417 0.504005 
3.05 0.65 -0.242063 0.465376 
3.1 0.65 -0.241404 0.424666 
3.15 0.65 -0.232129 0.382806 
3.2 0.65 -0.214435 0.341002 
3.25 0.65 -0.188806 0.300838 
3.3 0.65 -0.156029 0.264303 
3.35 0.65 -0.117213 0.233687 
3.4 0.65 -0.0737678 0.211305 
3.45 0.65 -0.0273692 0.1991 
3.5 0.65 0.020129 0.198224 
3.55 0.65 0.0668022 0.208764 
3.6 0.65 0.110777 0.229717 
3.65 0.65 0.150346 0.259237 
3.7 0.65 0.184051 0.295037 
3.75 0.65 0.210736 0.334802 
3.8 0.65 0.229564 0.376484 
3.85 0.65 0.240008 0.418432 
3.9 0.65 0.241828 0.459385 
3.95 0.65 0.235056 0.498372 
4 0.65 0.219974 0.534581 
4.05 0.65 0.197114 0.567256 
4.1 0.65 0.167251 0.595623 
4.15 0.65 0.131404 0.618879 
4.2 0.65 0.0908189 0.636244 
4.25 0.65 0.0469379 0.647042 
4.3 0.65 0.00135256 0.65081 
4.35 0.65 -0.0442656 0.647371 
4.4 0.65 -0.0882411 0.636875 
4.45 0.65 -0.128973 0.619765 
4.5 0.65 -0.165002 0.596699 
4.55 0.65 -0.195064 0.56845 
4.6 0.65 -0.218118 0.53582 
4.65 0.65 -0.233368 0.499585 
4.7 0.65 -0.240264 0.460514 
4.75 0.65 -0.238511 0.41943 
4.8 0.65 -0.228072 0.377321 
4.85 0.65 -0.209189 0.335473 
4.9 0.65 -0.182411 0.295561 
4.95 0.65 -0.148613 0.259657 
5 0.65 -0.10902 0.230088 
0 0.7 -0.127991 0.235179 
0.05 0.7 -0.0941935 0.206623 
0.1 0.7 -0.0566274 0.18627 
0.15 0.7 -0.016709 0.175919 
0.2 0.7 0.0239733 0.176557 
0.25 0.7 0.063767 0.188112 
0.3 0.7 0.10107 0.20947 
0.35 0.7 0.134434 0.238741 
0.4 0.7 0.162637 0.273664 
0.45 0.7 0.184728 0.311997 
0.5 0.7 0.200033 0.351786 
0.55 0.7 0.208145 0.39147 
0.6 0.7 0.208905 0.42986 
0.65 0.7 0.202373 0.46605 
0.7 0.7 0.188823 0.499308 
0.75 0.7 0.168731 0.528981 
0.8 0.7 0.142772 0.554445 
0.85 0.7 0.111815 0.57509 
0.9 0.7 0.0769157 0.590346 
0.95 0.7 0.0392841 0.599738 
1 0.7 0.000248219 0.602948 
1.05 0.7 -0.0388013 0.599861 
1.1 0.7 -0.0764731 0.590588 
1.15 0.7 -0.111437 0.57544 
1.2 0.7 -0.142476 0.554889 
1.25 0.7 -0.168532 0.529501 
1.3 0.7 -0.188726 0.499882 
1.35 0.7 -0.202376 0.466655 
1.4 0.7 -0.208996 0.430467 
1.45 0.7 -0.208302 0.392046 
1.5 0.7 -0.200222 0.352293 
1.55 0.7 -0.184905 0.312396 
1.6 0.7 -0.162747 0.273917 
1.65 0.7 -0.13441 0.238822 
1.7 0.7 -0.100842 0.209369 
1.75 0.7 -0.0632607 0.187846 
1.8 0.7 -0.0231221 0.176167 
1.85 0.7 0.0179565 0.175463 
1.9 0.7 0.0582953 0.185806 
1.95 0.7 0.0962624 0.206188 
2 0.7 0.130377 0.234773 
2.05 0.7 0.159385 0.269296 
2.1 0.7 0.182304 0.307478 
2.15 0.7 0.198435 0.347304 
2.2 0.7 0.207349 0.387157 
2.25 0.7 0.208867 0.425804 
2.3 0.7 0.203037 0.462309 
2.35 0.7 0.190121 0.495923 
2.4 0.7 0.170582 0.525987 
2.45 0.7 0.145087 0.551873 
2.5 0.7 0.114498 0.572967 
2.55 0.7 0.0798606 0.588693 
2.6 0.7 0.0423832 0.598564 
2.65 0.7 0.00339393 0.602248 
2.7 0.7 -0.0357116 0.59961 
2.75 0.7 -0.0735318 0.590744 
2.8 0.7 -0.108722 0.575948 
2.85 0.7 -0.140048 0.555686 
2.9 0.7 -0.166433 0.53052 
2.95 0.7 -0.186979 0.501061 
3 0.7 -0.200985 0.467937 
3.05 0.7 -0.207952 0.431802 
3.1 0.7 -0.207584 0.393391 
3.15 0.7 -0.199799 0.353612 
3.2 0.7 -0.184739 0.313653 
3.25 0.7 -0.162798 0.275081 
3.3 0.7 -0.134638 0.239864 
3.35 0.7 -0.101204 0.210267 
3.4 0.7 -0.0637214 0.188583 
3.45 0.7 -0.0236486 0.176741 
3.5 0.7 0.0173894 0.175889 
3.55 0.7 0.0577037 0.186111 
3.6 0.7 0.0956525 0.20641 
3.65 0.7 0.129744 0.234954 
3.7 0.7 0.158716 0.269473 
3.75 0.7 0.181576 0.307679 
3.8 0.7 0.197618 0.347544 
3.85 0.7 0.206412 0.387437 
3.9 0.7 0.207778 0.426112 
3.95 0.7 0.20177 0.462621 
4 0.7 0.188656 0.496201 
4.05 0.7 0.168911 0.526185 
4.1 0.7 0.143216 0.551936 
4.15 0.7 0.11245 0.572834 
4.2 0.7 0.0776773 0.588301 
4.25 0.7 0.0401229 0.597854 
4.3 0.7 0.00113159 0.601165 
4.35 0.7 -0.0378866 0.598113 
4.4 0.7 -0.0755186 0.588799 
4.45 0.7 -0.110411 0.573532 
4.5 0.7 -0.141326 0.552783 
4.55 0.7 -0.16718 0.527122 
4.6 0.7 -0.187079 0.497165 
4.65 0.7 -0.200323 0.463551 
4.7 0.7 -0.206421 0.426957 
4.75 0.7 -0.205095 0.388156 
4.8 0.7 -0.196287 0.348115 
4.85 0.7 -0.180182 0.308101 
4.9 0.7 -0.157231 0.269773 
4.95 0.7 -0.128174 0.235179 
5 0.7 -0.0940586 0.206623 
0 0.75 -0.103543 0.206033 
0.05 0.75 -0.0762213 0.179879 
0.1 0.75 -0.0458165 0.161237 
0.15 0.75 -0.0134903 0.151769 
0.2 0.75 0.0194545 0.152385 
0.25 0.75 0.0516627 0.163017 
0.3 0.75 0.0818226 0.182628 
0.35 0.75 0.108753 0.209468 
0.4 0.75 0.131464 0.241442 
0.45 0.75 0.149194 0.276475 
0.5 0.75 0.161413 0.312754 
0.55 0.75 0.16781 0.348825 
0.6 0.75 0.168275 0.38358 
0.65 0.75 0.162878 0.416175 
0.7 0.75 0.151856 0.445945 
0.75 0.75 0.135604 0.472321 
0.8 0.75 0.114673 0.494792 
0.85 0.75 0.0897667 0.512882 
0.9 0.75 0.061728 0.526171 
0.95 0.75 0.0315219 0.534317 
1 0.75 0.000202671 0.537096 
1.05 0.75 -0.0311276 0.534428 
1.1 0.75 -0.0613659 0.52639 
1.15 0.75 -0.089456 0.5132 
1.2 0.75 -0.114429 0.495196 
1.25 0.75 -0.135438 0.472796 
1.3 0.75 -0.151772 0.446471 
1.35 0.75 -0.162875 0.41673 
1.4 0.75 -0.168342 0.384136 
1.45 0.75 -0.167928 0.349351 
1.5 0.75 -0.161555 0.313215 
1.55 0.75 -0.149323 0.276836 
1.6 0.75 -0.131534 0.24167 
1.65 0.75 -0.108709 0.209542 
1.7 0.75 -0.0816058 0.182545 
1.75 0.75 -0.0512145 0.162798 
1.8 0.75 -0.0187232 0.152077 
1.85 0.75 0.0145409 0.15143 
1.9 0.75 0.0471971 0.160923 
1.95 0.75 0.077906 0.179622 
2 0.75 0.105457 0.205824 
2.05 0.75 0.128832 0.237433 
2.1 0.75 0.147242 0.272333 
2.15 0.75 0.160136 0.308656 
2.2 0.75 0.167184 0.344896 
2.25 0.75 0.168262 0.379901 
2.3 0.75 0.163429 0.4128 
2.35 0.75 0.152914 0.442908 
2.4 0.75 0.137102 0.46965 
2.45 0.75 0.116539 0.492506 
2.5 0.75 0.0919216 0.510999 
2.55 0.75 0.0640879 0.524701 
2.6 0.75 0.0340007 0.533261 
2.65 0.75 0.00271485 0.536444 
2.7 0.75 -0.0286631 0.534159 
2.75 0.75 -0.0590222 0.526469 
2.8 0.75 -0.0872946 0.513583 
2.85 0.75 -0.112498 0.495833 
2.9 0.75 -0.13377 0.473635 
2.95 0.75 -0.150385 0.447459 
3 0.75 -0.161773 0.41782 
3.05 0.75 -0.167518 0.385283 
3.1 0.75 -0.167365 0.350517 
3.15 0.75 -0.161228 0.314365 
3.2 0.75 -0.149202 0.277936 
3.25 0.75 -0.131586 0.242691 
3.3 0.75 -0.108901 0.210456 
3.35 0.75 -0.0819062 0.183329 
3.4 0.75 -0.051592 0.163437 
3.45 0.75 -0.0191516 0.152568 
3.5 0.75 0.0140822 0.151783 
3.55 0.75 0.0467216 0.161163 
3.6 0.75 0.0774188 0.179784 
3.65 0.75 0.104954 0.205945 
3.7 0.75 0.128303 0.237544 
3.75 0.75 0.146668 0.27246 
3.8 0.75 0.159492 0.308813 
3.85 0.75 0.166445 0.345081 
3.9 0.75 0.167402 0.380103 
3.95 0.75 0.162426 0.412995 
4 0.75 0.15175 0.443064 
4.05 0.75 0.135771 0.469726 
4.1 0.75 0.115045 0.492455 
4.15 0.75 0.090282 0.51077 
4.2 0.75 0.062335 0.52424 
4.25 0.75 0.0321806 0.532518 
4.3 0.75 0.000886966 0.535372 
4.35 0.75 -0.0304276 0.532717 
4.4 0.75 -0.0606425 0.524624 
4.45 0.75 -0.0886824 0.511307 
4.5 0.75 -0.11356 0.493106 
4.55 0.75 -0.134409 0.470441 
4.6 0.75 -0.150504 0.443792 
4.65 0.75 -0.161275 0.413685 
4.7 0.75 -0.166313 0.380711 
4.75 0.75 -0.165378 0.345575 
4.8 0.75 -0.158405 0.309175 
4.85 0.75 -0.145524 0.272698 
4.9 0.75 -0.127085 0.237684 
4.95 0.75 -0.103673 0.206033 
5 0.75 -0.0761245 0.179879 
0 0.8 -0.0767189 0.172008 
0.05 0.8 -0.056488 0.149624 
0.1 0.8 -0.0339534 0.133681 
0.15 0.8 -0.00998914 0.125596 
0.2 0.8 0.0144293 0.126142 
0.25 0.8 0.0382876 0.135258 
0.3 0.8 0.0606047 0.152057 
0.35 0.8 0.0804998 0.175041 
0.4 0.8 0.0972408 0.202415 
0.45 0.8 0.11027 0.232398 
0.5 0.8 0.119204 0.263427 
0.55 0.8 0.12383 0.294241 
0.6 0.8 0.124077 0.323874 
0.65 0.8 0.120012 0.351591 
0.7 0.8 0.111817 0.376817 
0.75 0.8 0.0997935 0.399077 
0.8 0.8 0.0843498 0.417956 
0.85 0.8 0.0660045 0.43309 
0.9 0.8 0.045376 0.444165 
0.95 0.8 0.0231689 0.450935 
1 0.8 0.000151495 0.453242 
1.05 0.8 -0.0228741 0.451031 
1.1 0.8 -0.0451051 0.444353 
1.15 0.8 -0.0657716 0.433363 
1.2 0.8 -0.0841665 0.418304 
1.25 0.8 -0.0996678 0.399486 
1.3 0.8 -0.111753 0.377271 
1.35 0.8 -0.120007 0.352069 
1.4 0.8 -0.124124 0.324352 
1.45 0.8 -0.123915 0.294692 
1.5 0.8 -0.119307 0.26382 
1.55 0.8 -0.110361 0.232704 
1.6 0.8 -0.0972863 0.202607 
1.65 0.8 -0.0804581 0.175104 
1.7 0.8 -0.060432 0.151992 
1.75 0.8 -0.037941 0.135088 
1.8 0.8 -0.0138731 0.12591 
1.85 0.8 0.0107758 0.125356 
1.9 0.8 0.0349679 0.13348 
1.95 0.8 0.057698 0.149486 
2 0.8 0.0780605 0.171916 
2.05 0.8 0.0953003 0.198974 
2.1 0.8 0.108838 0.228843 
2.15 0.8 0.118276 0.259913 
2.2 0.8 0.123384 0.290878 
2.25 0.8 0.124084 0.320732 
2.3 0.8 0.120433 0.348717 
2.35 0.8 0.112609 0.374239 
2.4 0.8 0.100905 0.396816 
2.45 0.8 0.0857281 0.416026 
2.5 0.8 0.0675908 0.431501 
2.55 0.8 0.0471089 0.442921 
2.6 0.8 0.0249853 0.450035 
2.65 0.8 0.00198919 0.452674 
2.7 0.8 -0.021074 0.450776 
2.75 0.8 -0.0433956 0.444384 
2.8 0.8 -0.0641974 0.433646 
2.85 0.8 -0.0827623 0.4188 
2.9 0.8 -0.0984572 0.400154 
2.95 0.8 -0.110749 0.378069 
3 0.8 -0.119212 0.352958 
3.05 0.8 -0.123534 0.325296 
3.1 0.8 -0.123515 0.295656 
3.15 0.8 -0.119079 0.264774 
3.2 0.8 -0.110284 0.23362 
3.25 0.8 -0.0973358 0.203458 
3.3 0.8 -0.0806095 0.175865 
3.35 0.8 -0.0606609 0.152644 
3.4 0.8 -0.0382248 0.135616 
3.45 0.8 -0.0141922 0.126312 
3.5 0.8 0.010437 0.125639 
3.55 0.8 0.0346195 0.133666 
3.6 0.8 0.0573437 0.149603 
3.65 0.8 0.0776979 0.171995 
3.7 0.8 0.0949206 0.199042 
3.75 0.8 0.108427 0.22892 
3.8 0.8 0.117816 0.26001 
3.85 0.8 0.122855 0.290993 
3.9 0.8 0.123466 0.320857 
3.95 0.8 0.119709 0.348829 
4 0.8 0.111766 0.374313 
4.05 0.8 0.0999377 0.396815 
4.1 0.8 0.084638 0.415913 
4.15 0.8 0.0663905 0.431234 
4.2 0.8 0.0458211 0.442457 
4.25 0.8 0.0236434 0.449331 
4.3 0.8 0.000636189 0.451692 
4.35 0.8 -0.0223862 0.449481 
4.4 0.8 -0.0446077 0.442744 
4.45 0.8 -0.0652441 0.431635 
4.5 0.8 -0.0835739 0.416397 
4.55 0.8 -0.0989612 0.397343 
4.6 0.8 -0.110871 0.374843 
4.65 0.8 -0.11888 0.349323 
4.7 0.8 -0.122678 0.321278 
4.75 0.8 -0.122077 0.291319 
4.8 0.8 -0.117019 0.260229 
4.85 0.8 -0.10759 0.229041 
4.9 0.8 -0.0940364 0.19909 
4.95 0.8 -0.0767839 0.172008 
5 0.8 -0.0564394 0.149624 
0 0.85 -0.0497478 0.133435 
0.05 0.85 -0.0366235 0.115964 
0.1 0.85 -0.0220087 0.103541 
0.15 0.85 -0.00647599 0.0972524 
0.2 0.85 0.00934287 0.0976879 
0.25 0.85 0.0247878 0.104798 
0.3 0.85 0.039219 0.117899 
0.35 0.85 0.0520633 0.135834 
0.4 0.85 0.0628476 0.157213 
0.45 0.85 0.0712155 0.180648 
0.5 0.85 0.0769279 0.204912 
0.55 0.85 0.079854 0.22901 
0.6 0.85 0.0799588 0.252172 
0.65 0.85 0.077291 0.273811 
0.7 0.85 0.0719749 0.29347 
0.75 0.85 0.0642062 0.310779 
0.8 0.85 0.05425 0.325423 
0.85 0.85 0.0424394 0.337133 
0.9 0.85 0.0291704 0.345683 
0.95 0.85 0.0148934 0.350903 
1 0.85 9.89853e-05 0.35268 
1.05 0.85 -0.0147007 0.350978 
1.1 0.85 -0.0289933 0.345832 
1.15 0.85 -0.0422871 0.337348 
1.2 0.85 -0.0541301 0.325697 
1.25 0.85 -0.0641238 0.311102 
1.3 0.85 -0.0719326 0.293828 
1.35 0.85 -0.0772878 0.274188 
1.4 0.85 -0.07999 0.252548 
1.45 0.85 -0.0799104 0.229364 
1.5 0.85 -0.0769958 0.20522 
1.55 0.85 -0.0712764 0.180886 
1.6 0.85 -0.0628781 0.157363 
1.65 0.85 -0.0520365 0.135884 
1.7 0.85 -0.0391063 0.117853 
1.75 0.85 -0.0245617 0.104677 
1.8 0.85 -0.00898238 0.0975268 
1.85 0.85 0.00697875 0.0970944 
1.9 0.85 0.02264 0.103423 
1.95 0.85 0.0373418 0.115897 
2 0.85 0.0504928 0.133394 
2.05 0.85 0.0616037 0.154521 
2.1 0.85 0.0703038 0.177863 
2.15 0.85 0.0763425 0.202159 
2.2 0.85 0.0795805 0.226375 
2.25 0.85 0.0799762 0.249712 
2.3 0.85 0.0775737 0.271563 
2.35 0.85 0.0724936 0.291457 
2.4 0.85 0.0649285 0.309016 
2.45 0.85 0.0551409 0.32392 
2.5 0.85 0.0434612 0.335895 
2.55 0.85 0.0302836 0.344713 
2.6 0.85 0.0160577 0.350195 
2.65 0.85 0.00127472 0.352227 
2.7 0.85 -0.0135512 0.350765 
2.75 0.85 -0.0279036 0.345837 
2.8 0.85 -0.0412857 0.337547 
2.85 0.85 -0.0532389 0.326062 
2.9 0.85 -0.0633578 0.3116 
2.95 0.85 -0.0712997 0.29443 
3 0.85 -0.0767896 0.274863 
3.05 0.85 -0.0796223 0.253268 
3.1 0.85 -0.0796648 0.230103 
3.15 0.85 -0.0768603 0.205953 
3.2 0.85 -0.0712368 0.181591 
3.25 0.85 -0.0629188 0.158018 
3.3 0.85 -0.0521414 0.13647 
3.35 0.85 -0.0392595 0.118354 
3.4 0.85 -0.0247487 0.105082 
3.45 0.85 -0.00919009 0.0978331 
3.5 0.85 0.00676041 0.0973086 
3.55 0.85 0.0224177 0.10356 
3.6 0.85 0.037118 0.11598 
3.65 0.85 0.0502659 0.133445 
3.7 0.85 0.0613679 0.154561 
3.75 0.85 0.0700497 0.177908 
3.8 0.85 0.0760582 0.202216 
3.85 0.85 0.0792526 0.226444 
3.9 0.85 0.0795914 0.249784 
3.95 0.85 0.0771203 0.271622 
4 0.85 0.0719629 0.291482 
4.05 0.85 0.064316 0.308979 
4.1 0.85 0.0544475 0.323793 
4.15 0.85 0.0426943 0.335645 
4.2 0.85 0.0294574 0.344308 
4.25 0.85 0.015193 0.349603 
4.3 0.85 0.000398878 0.351418 
4.35 0.85 -0.014405 0.34971 
4.4 0.85 -0.0286975 0.344512 
4.45 0.85 -0.0419775 0.33593 
4.5 0.85 -0.0537834 0.324134 
4.55 0.85 -0.0637075 0.30935 
4.6 0.85 -0.0714058 0.29185 
4.65 0.85 -0.0766036 0.271959 
4.7 0.85 -0.0790984 0.250065 
4.75 0.85 -0.0787639 0.226652 
4.8 0.85 -0.0755562 0.202346 
4.85 0.85 -0.0695249 0.17797 
4.9 0.85 -0.0608263 0.154575 
4.95 0.85 -0.049734 0.133435 
5 0.85 -0.036633 0.115964 
0 0.9 -0.0254886 0.0911214 
0.05 0.9 -0.0187232 0.0793078 
0.1 0.9 -0.0112381 0.0709335 
0.15 0.9 -0.00330821 0.0667025 
0.2 0.9 0.00475737 0.0669998 
0.25 0.9 0.0126252 0.0717914 
0.3 0.9 0.0199678 0.0806265 
0.35 0.9 0.0264917 0.0927389 
0.4 0.9 0.0319567 0.107202 
0.45 0.9 0.0361841 0.123084 
0.5 0.9 0.0390568 0.139552 
0.55 0.9 0.0405135 0.155924 
0.6 0.9 0.0405407 0.171665 
0.65 0.9 0.0391667 0.186369 
0.7 0.9 0.0364566 0.199719 
0.75 0.9 0.0325104 0.21146 
0.8 0.9 0.0274621 0.221381 
0.85 0.9 0.0214796 0.229304 
0.9 0.9 0.0147623 0.235083 
0.95 0.9 0.00753705 0.238607 
1 0.9 5.09052e-05 0.239807 
1.05 0.9 -0.00743798 0.238658 
1.1 0.9 -0.0146713 0.235184 
1.15 0.9 -0.0214014 0.229451 
1.2 0.9 -0.0274006 0.221569 
1.25 0.9 -0.0324683 0.211681 
1.3 0.9 -0.0364353 0.199964 
1.35 0.9 -0.0391658 0.186627 
1.4 0.9 -0.0405579 0.171922 
1.45 0.9 -0.0405441 0.156165 
1.5 0.9 -0.0390939 0.139762 
1.55 0.9 -0.036218 0.123247 
1.6 0.9 -0.0319755 0.107305 
1.65 0.9 -0.0264813 0.0927754 
1.7 0.9 -0.0199132 0.0806002 
1.75 0.9 -0.0125125 0.0717168 
1.8 0.9 -0.00457658 0.0669018 
1.85 0.9 0.00355702 0.0666105 
1.9 0.9 0.0115354 0.0708715 
1.95 0.9 0.0190177 0.0792797 
2 0.9 0.0256999 0.091091 
2.05 0.9 0.0313328 0.105379 
2.1 0.9 0.0357302 0.121194 
2.15 0.9 0.0387691 0.13768 
2.2 0.9 0.0403837 0.154129 
2.25 0.9 0.0405576 0.16999 
2.3 0.9 0.0393169 0.184838 
2.35 0.9 0.0367249 0.198349 
2.4 0.9 0.0328802 0.210261 
2.45 0.9 0.0279157 0.220359 
2.5 0.9 0.021998 0.228462 
2.55 0.9 0.0153256 0.234421 
2.6 0.9 0.0081248 0.238122 
2.65 0.9 0.000643138 0.239493 
2.7 0.9 -0.00686018 0.238506 
2.75 0.9 -0.0141249 0.235179 
2.8 0.9 -0.0209006 0.229577 
2.85 0.9 -0.0269563 0.221806 
2.9 0.9 -0.032088 0.21201 
2.95 0.9 -0.0361227 0.200363 
3 0.9 -0.0389215 0.187077 
3.05 0.9 -0.0403795 0.172404 
3.1 0.9 -0.0404271 0.156661 
3.15 0.9 -0.0390322 0.140255 
3.2 0.9 -0.0362042 0.123722 
3.25 0.9 -0.0320015 0.107747 
3.3 0.9 -0.026539 0.0931709 
3.35 0.9 -0.0199944 0.0809382 
3.4 0.9 -0.0126096 0.0719902 
3.45 0.9 -0.00468305 0.0671087 
3.5 0.9 0.00344649 0.0667553 
3.55 0.9 0.0114243 0.0709644 
3.6 0.9 0.0189073 0.0793349 
3.65 0.9 0.0255894 0.0911239 
3.7 0.9 0.031219 0.105403 
3.75 0.9 0.0356082 0.12122 
3.8 0.9 0.0386326 0.137712 
3.85 0.9 0.0402257 0.154168 
3.9 0.9 0.040371 0.170028 
3.95 0.9 0.0390953 0.184865 
4 0.9 0.0364636 0.19835 
4.05 0.9 0.0325766 0.210219 
4.1 0.9 0.0275699 0.220254 
4.15 0.9 0.0216133 0.228272 
4.2 0.9 0.0149089 0.234125 
4.25 0.9 0.0076865 0.237699 
4.3 0.9 0.000196868 0.238922 
4.35 0.9 -0.0072978 0.237767 
4.4 0.9 -0.0145347 0.234256 
4.45 0.9 -0.0212613 0.228454 
4.5 0.9 -0.0272448 0.220472 
4.55 0.9 -0.03228 0.210454 
4.6 0.9 -0.036193 0.198583 
4.65 0.9 -0.0388448 0.185076 
4.7 0.9 -0.0401316 0.170201 
4.75 0.9 -0.0399873 0.154294 
4.8 0.9 -0.038387 0.13779 
4.85 0.9 -0.0353538 0.121257 
4.9 0.9 -0.0309693 0.105415 
4.95 0.9 -0.0253828 0.0911214 
5 0.9 -0.0188008 0.0793079 
0 0.95 -0.00752909 0.0462104 
0.05 0.95 -0.00542169 0.0403305 
0.1 0.95 -0.00323298 0.0361855 
0.15 0.95 -0.000950808 0.0340953 
0.2 0.95 0.00136275 0.0342434 
0.25 0.95 0.00361709 0.036614 
0.3 0.95 0.00571799 0.0409903 
0.35 0.95 0.00758067 0.047002 
0.4 0.95 0.00913651 0.0541976 
0.45 0.95 0.0103355 0.0621179 
0.5 0.95 0.0111461 0.070348 
0.55 0.95 0.0115524 0.0785436 
0.6 0.95 0.0115523 0.0864331 
0.65 0.95 0.0111548 0.0938072 
0.7 0.95 0.010379 0.100503 
0.75 0.95 0.00925323 0.106391 
0.8 0.95 0.00781527 0.111365 
0.85 0.95 0.00611236 0.115334 
0.9 0.95 0.00420082 0.118228 
0.95 0.95 0.00214488 0.119992 
1 0.95 1.47343e-05 0.120593 
1.05 0.95 -0.00211621 0.120018 
1.1 0.95 -0.0041745 0.118279 
1.15 0.95 -0.00608977 0.115408 
1.2 0.95 -0.00779756 0.111459 
1.25 0.95 -0.00924124 0.106502 
1.3 0.95 -0.0103732 0.100626 
1.35 0.95 -0.011155 0.0939364 
1.4 0.95 -0.0115579 0.0865618 
1.45 0.95 -0.0115622 0.0786644 
1.5 0.95 -0.011158 0.0704529 
1.55 0.95 -0.0103469 0.0621993 
1.6 0.95 -0.0091438 0.0542495 
1.65 0.95 -0.00757974 0.0470216 
1.7 0.95 -0.00570434 0.0409795 
1.75 0.95 -0.00358639 0.0365801 
1.8 0.95 -0.00131203 0.0341988 
1.85 0.95 0.00102025 0.0340547 
1.9 0.95 0.00330711 0.0361616 
1.95 0.95 0.00544896 0.0403246 
2 0.95 0.00735769 0.0461843 
2.05 0.95 0.00896204 0.0532896 
2.1 0.95 0.0102099 0.0611736 
2.15 0.95 0.0110678 0.0694103 
2.2 0.95 0.0115189 0.0776434 
2.25 0.95 0.0115601 0.0855914 
2.3 0.95 0.0112001 0.0930375 
2.35 0.95 0.0104574 0.099814 
2.4 0.95 0.00935994 0.105788 
2.45 0.95 0.00794531 0.11085 
2.5 0.95 0.00626036 0.11491 
2.55 0.95 0.00436115 0.117894 
2.6 0.95 0.00231176 0.119747 
2.65 0.95 0.00018247 0.120433 
2.7 0.95 -0.001953 0.119939 
2.75 0.95 -0.00402063 0.118273 
2.8 0.95 -0.00594927 0.115468 
2.85 0.95 -0.00767349 0.111575 
2.9 0.95 -0.00913562 0.106664 
2.95 0.95 -0.010287 0.100824 
3 0.95 -0.0110884 0.0941602 
3.05 0.95 -0.01151 0.086802 
3.1 0.95 -0.0115316 0.0789118 
3.15 0.95 -0.0111429 0.0706992 
3.2 0.95 -0.0103452 0.0624365 
3.25 0.95 -0.00915316 0.0544704 
3.3 0.95 -0.00759778 0.0472193 
3.35 0.95 -0.00572871 0.0411487 
3.4 0.95 -0.00361491 0.0367173 
3.45 0.95 -0.00134276 0.0343031 
3.5 0.95 0.000988849 0.0341283 
3.55 0.95 0.00327606 0.0362094 
3.6 0.95 0.00541866 0.0403534 
3.65 0.95 0.00732787 0.0462016 
3.7 0.95 0.00893177 0.0533021 
3.75 0.95 0.0101777 0.0611863 
3.8 0.95 0.0110318 0.0694254 
3.85 0.95 0.0114769 0.0776605 
3.9 0.95 0.0115101 0.0856076 
3.95 0.95 0.0111401 0.0930475 
4 0.95 0.0103858 0.0998105 
4.05 0.95 0.00927598 0.105762 
4.1 0.95 0.00784885 0.110792 
4.15 0.95 0.00615227 0.114809 
4.2 0.95 0.00424328 0.11774 
4.25 0.95 0.00218699 0.119529 
4.3 0.95 5.46256e-05 0.12014 
4.35 0.95 -0.00207924 0.119562 
4.4 0.95 -0.00413983 0.117803 
4.45 0.95 -0.00605539 0.114898 
4.5 0.95 -0.00775998 0.110898 
4.55 0.95 -0.0091955 0.105876 
4.6 0.95 -0.010313 0.0999234 
4.65 0.95 -0.011073 0.0931496 
4.7 0.95 -0.011446 0.0856914 
4.75 0.95 -0.0114126 0.0777217 
4.8 0.95 -0.0109647 0.0694639 
4.85 0.95 -0.0101086 0.0612075 
4.9 0.95 -0.00887167 0.053315 
4.95 0.95 -0.00731788 0.0462103 
5 0.95 -0.00557766 0.0403305 
0 1 0 0 
0.05 1 0 0 
0.1 1 0 0 
0.15 1 0 0 
0.2 1 0 0 
0.25 1 0 0 
0.3 1 0 0 
0.35 1 0 0 
0.4 1 0 0 
0.45 1 0 0 
0.5 1 0 0 
0.55 1 0 0 
0.6 1 0 0 
0.65 1 0 0 
0.7 1 0 0 
0.75 1 0 0 
0.8 1 0 0 
0.85 1 0 0 
0.9 1 0 0 
0.95 1 0 0 
1 1 0 0 
1.05 1 0 0 
1.1 1 0 0 
1.15 1 0 0 
1.2 1 0 0 
1.25 1 0 0 
1.3 1 0 0 
1.35 1 0 0 
1.4 1 0 0 
1.45 1 0 0 
1.5 1 0 0 
1.55 1 0 0 
1.6 1 0 0 
1.65 1 0 0 
1.7 1 0 0 
1.75 1 0 0 
1.8 1 0 0 
1.85 1 0 0 
1.9 1 0 0 
1.95 1 0 0 
2 1 0 0 
2.05 1 0 0 
2.1 1 0 0 
2.15 1 0 0 
2.2 1 0 0 
2.25 1 0 0 
2.3 1 0 0 
2.35 1 0 0 
2.4 1 0 0 
2.45 1 0 0 
2.5 1 0 0 
2.55 1 0 0 
2.6 1 0 0 
2.65 1 0 0 
2.7 1 0 0 
2.75 1 0 0 
2.8 1 0 0 
2.85 1 0 0 
2.9 1 0 0 
2.95 1 0 0 
3 1 0 0 
3.05 1 0 0 
3.1 1 0 0 
3.15 1 0 0 
3.2 1 0 0 
3.25 1 0 0 
3.3 1 0 0 
3.35 1 0 0 
3.4 1 0 0 
3.45 1 0 0 
3.5 1 0 0 
3.55 1 0 0 
3.6 1 0 0 
3.65 1 0 0 
3.7 1 0 0 
3.75 1 0 0 
3.8 1 0 0 
3.85 1 0 0 
3.9 1 0 0 
3.95 1 0 0 
4 1 0 0 
4.05 1 0 0 
4.1 1 0 0 
4.15 1 0 0 
4.2 1 0 0 
4.25 1 0 0 
4.3 1 0 0 
4.35 1 0 0 
4.4 1 0 0 
4.45 1 0 0 
4.5 1 0 0 
4.55 1 0 0 
4.6 1 0 0 
4.65 1 0 0 
4.7 1 0 0 
4.75 1 0 0 
4.8 1 0 0 
4.85 1 0 0 
4.9 1 0 0 
4.95 1 0 0 
5 1 0 0 
