x, y, ksi, T
#iter= 910000
0 0 0 1 
0.05 0 0 1 
0.1 0 0 1 
0.15 0 0 1 
0.2 0 0 1 
0.25 0 0 1 
0.3 0 0 1 
0.35 0 0 1 
0.4 0 0 1 
0.45 0 0 1 
0.5 0 0 1 
0.55 0 0 1 
0.6 0 0 1 
0.65 0 0 1 
0.7 0 0 1 
0.75 0 0 1 
0.8 0 0 1 
0.85 0 0 1 
0.9 0 0 1 
0.95 0 0 1 
1 0 0 1 
1.05 0 0 1 
1.1 0 0 1 
1.15 0 0 1 
1.2 0 0 1 
1.25 0 0 1 
1.3 0 0 1 
1.35 0 0 1 
1.4 0 0 1 
1.45 0 0 1 
1.5 0 0 1 
1.55 0 0 1 
1.6 0 0 1 
1.65 0 0 1 
1.7 0 0 1 
1.75 0 0 1 
1.8 0 0 1 
1.85 0 0 1 
1.9 0 0 1 
1.95 0 0 1 
2 0 0 1 
2.05 0 0 1 
2.1 0 0 1 
2.15 0 0 1 
2.2 0 0 1 
2.25 0 0 1 
2.3 0 0 1 
2.35 0 0 1 
2.4 0 0 1 
2.45 0 0 1 
2.5 0 0 1 
2.55 0 0 1 
2.6 0 0 1 
2.65 0 0 1 
2.7 0 0 1 
2.75 0 0 1 
2.8 0 0 1 
2.85 0 0 1 
2.9 0 0 1 
2.95 0 0 1 
3 0 0 1 
3.05 0 0 1 
3.1 0 0 1 
3.15 0 0 1 
3.2 0 0 1 
3.25 0 0 1 
3.3 0 0 1 
3.35 0 0 1 
3.4 0 0 1 
3.45 0 0 1 
3.5 0 0 1 
3.55 0 0 1 
3.6 0 0 1 
3.65 0 0 1 
3.7 0 0 1 
3.75 0 0 1 
3.8 0 0 1 
3.85 0 0 1 
3.9 0 0 1 
3.95 0 0 1 
4 0 0 1 
4.05 0 0 1 
4.1 0 0 1 
4.15 0 0 1 
4.2 0 0 1 
4.25 0 0 1 
4.3 0 0 1 
4.35 0 0 1 
4.4 0 0 1 
4.45 0 0 1 
4.5 0 0 1 
4.55 0 0 1 
4.6 0 0 1 
4.65 0 0 1 
4.7 0 0 1 
4.75 0 0 1 
4.8 0 0 1 
4.85 0 0 1 
4.9 0 0 1 
4.95 0 0 1 
5 0 0 1 
0 0.05 -0.00734651 0.886764 
0.05 0.05 -0.0053269 0.883186 
0.1 0.05 -0.00320716 0.880841 
0.15 0.05 -0.00103174 0.879704 
0.2 0.05 0.00114853 0.879767 
0.25 0.05 0.00327115 0.881015 
0.3 0.05 0.00527004 0.883416 
0.35 0.05 0.00708144 0.886922 
0.4 0.05 0.00864745 0.891467 
0.45 0.05 0.00991804 0.896969 
0.5 0.05 0.010852 0.903329 
0.55 0.05 0.011417 0.910429 
0.6 0.05 0.01159 0.918123 
0.65 0.05 0.0113573 0.926223 
0.7 0.05 0.0107155 0.934486 
0.75 0.05 0.00967383 0.942596 
0.8 0.05 0.0082563 0.950166 
0.85 0.05 0.00650464 0.956745 
0.9 0.05 0.0044797 0.961867 
0.95 0.05 0.00226075 0.965114 
1 0.05 -5.81945e-05 0.966194 
1.05 0.05 -0.00237496 0.965005 
1.1 0.05 -0.00458755 0.961659 
1.15 0.05 -0.00660246 0.956454 
1.2 0.05 -0.00834116 0.949811 
1.25 0.05 -0.00974359 0.942199 
1.3 0.05 -0.0107688 0.934065 
1.35 0.05 -0.0113935 0.925794 
1.4 0.05 -0.0116091 0.917698 
1.45 0.05 -0.0114194 0.910017 
1.5 0.05 -0.0108388 0.902938 
1.55 0.05 -0.00989113 0.896607 
1.6 0.05 -0.00860957 0.891139 
1.65 0.05 -0.00703672 0.886634 
1.7 0.05 -0.00522447 0.883172 
1.75 0.05 -0.00323331 0.880817 
1.8 0.05 -0.00113085 0.879612 
1.85 0.05 0.00101062 0.879582 
1.9 0.05 0.00311705 0.880727 
1.95 0.05 0.00511591 0.883025 
2 0.05 0.00693918 0.886434 
2.05 0.05 0.00852576 0.890891 
2.1 0.05 0.00982311 0.896317 
2.15 0.05 0.0107879 0.902615 
2.2 0.05 0.0113864 0.909668 
2.25 0.05 0.011594 0.917332 
2.3 0.05 0.0113958 0.925421 
2.35 0.05 0.0107874 0.933697 
2.4 0.05 0.00977691 0.941849 
2.45 0.05 0.00838706 0.949493 
2.5 0.05 0.00665833 0.956182 
2.55 0.05 0.0046503 0.961446 
2.6 0.05 0.00244126 0.964859 
2.65 0.05 0.000124686 0.966117 
2.7 0.05 -0.00219715 0.965102 
2.75 0.05 -0.00442149 0.961908 
2.8 0.05 -0.00645352 0.956825 
2.85 0.05 -0.00821301 0.950267 
2.9 0.05 -0.00963818 0.942703 
2.95 0.05 -0.0106865 0.934587 
3 0.05 -0.0113333 0.926311 
3.05 0.05 -0.0115691 0.918194 
3.1 0.05 -0.0113972 0.910482 
3.15 0.05 -0.0108315 0.903367 
3.2 0.05 -0.00989587 0.896998 
3.25 0.05 -0.00862348 0.891495 
3.3 0.05 -0.00705713 0.886956 
3.35 0.05 -0.00524898 0.883465 
3.4 0.05 -0.00325988 0.881084 
3.45 0.05 -0.00115784 0.87986 
3.5 0.05 0.00098435 0.879816 
3.55 0.05 0.00309212 0.880954 
3.6 0.05 0.00509236 0.883251 
3.65 0.05 0.00691648 0.886665 
3.7 0.05 0.00850285 0.891133 
3.75 0.05 0.00979842 0.896574 
3.8 0.05 0.0107595 0.902891 
3.85 0.05 0.011352 0.909965 
3.9 0.05 0.0115512 0.917648 
3.95 0.05 0.0113425 0.925751 
4 0.05 0.0107219 0.934031 
4.05 0.05 0.00969796 0.942172 
4.1 0.05 0.00829463 0.949785 
4.15 0.05 0.00655354 0.956419 
4.2 0.05 0.00453569 0.961603 
4.25 0.05 0.00232067 0.964916 
4.3 0.05 3.02238e-06 0.966061 
4.35 0.05 -0.00231434 0.964933 
4.4 0.05 -0.00452853 0.961637 
4.45 0.05 -0.00654509 0.95647 
4.5 0.05 -0.00828462 0.949855 
4.55 0.05 -0.00968647 0.942261 
4.6 0.05 -0.0107096 0.93414 
4.65 0.05 -0.0113312 0.92588 
4.7 0.05 -0.011544 0.917798 
4.75 0.05 -0.0113547 0.910134 
4.8 0.05 -0.0107817 0.903075 
4.85 0.05 -0.00985582 0.89676 
4.9 0.05 -0.008622 0.891299 
4.95 0.05 -0.00714159 0.886764 
5 0.05 -0.00547798 0.883186 
0 0.1 -0.0248161 0.774844 
0.05 0.1 -0.0183076 0.767811 
0.1 0.1 -0.0111052 0.763115 
0.15 0.1 -0.00355553 0.760823 
0.2 0.1 0.00406844 0.760935 
0.25 0.1 0.0115114 0.76342 
0.3 0.1 0.0185279 0.76821 
0.35 0.1 0.0248883 0.775205 
0.4 0.1 0.0303857 0.784271 
0.45 0.1 0.0348415 0.795241 
0.5 0.1 0.0381086 0.807921 
0.55 0.1 0.040073 0.822077 
0.6 0.1 0.0406539 0.837423 
0.65 0.1 0.039806 0.853594 
0.7 0.1 0.0375226 0.870114 
0.75 0.1 0.033842 0.886363 
0.8 0.1 0.0288552 0.901564 
0.85 0.1 0.0227133 0.914809 
0.9 0.1 0.0156314 0.925143 
0.95 0.1 0.00788479 0.931705 
1 0.1 -0.000203537 0.933889 
1.05 0.1 -0.00828441 0.931485 
1.1 0.1 -0.0160093 0.924723 
1.15 0.1 -0.0230568 0.914222 
1.2 0.1 -0.0291539 0.900852 
1.25 0.1 -0.0340884 0.885567 
1.3 0.1 -0.0377116 0.869272 
1.35 0.1 -0.039935 0.852736 
1.4 0.1 -0.0407223 0.836574 
1.45 0.1 -0.0400823 0.821255 
1.5 0.1 -0.0380626 0.807142 
1.55 0.1 -0.0347464 0.794518 
1.6 0.1 -0.0302509 0.783614 
1.65 0.1 -0.0247276 0.774625 
1.7 0.1 -0.0183605 0.767714 
1.75 0.1 -0.0113637 0.763009 
1.8 0.1 -0.00397541 0.760603 
1.85 0.1 0.00354993 0.760542 
1.9 0.1 0.010952 0.762829 
1.95 0.1 0.0179758 0.76742 
2 0.1 0.0243813 0.774225 
2.05 0.1 0.0299526 0.783119 
2.1 0.1 0.0345034 0.79394 
2.15 0.1 0.03788 0.806497 
2.2 0.1 0.0399624 0.820559 
2.25 0.1 0.0406655 0.835844 
2.3 0.1 0.0399394 0.851993 
2.35 0.1 0.0377735 0.868537 
2.4 0.1 0.034202 0.884868 
2.45 0.1 0.0293119 0.900216 
2.5 0.1 0.0232498 0.913678 
2.55 0.1 0.0162269 0.924297 
2.6 0.1 0.00851509 0.931195 
2.65 0.1 0.000435912 0.933739 
2.7 0.1 -0.00766114 0.931685 
2.75 0.1 -0.0154249 0.92523 
2.8 0.1 -0.0225298 0.914972 
2.85 0.1 -0.0286973 0.901769 
2.9 0.1 -0.0337093 0.886579 
2.95 0.1 -0.0374119 0.870316 
3 0.1 -0.039712 0.853767 
3.05 0.1 -0.0405702 0.837559 
3.1 0.1 -0.039993 0.822177 
3.15 0.1 -0.0380266 0.807991 
3.2 0.1 -0.0347538 0.795291 
3.25 0.1 -0.0302921 0.784314 
3.3 0.1 -0.0247932 0.775258 
3.35 0.1 -0.0184423 0.768288 
3.4 0.1 -0.0114546 0.763533 
3.45 0.1 -0.00406966 0.761088 
3.5 0.1 0.00345631 0.761 
3.55 0.1 0.0108612 0.763273 
3.6 0.1 0.0178879 0.767861 
3.65 0.1 0.0242948 0.774677 
3.7 0.1 0.0298638 0.783592 
3.75 0.1 0.034407 0.794445 
3.8 0.1 0.0377694 0.807041 
3.85 0.1 0.0398302 0.821145 
3.9 0.1 0.0405039 0.83647 
3.95 0.1 0.0397413 0.85265 
4 0.1 0.0375332 0.869205 
4.05 0.1 0.0339164 0.885516 
4.1 0.1 0.028981 0.900803 
4.15 0.1 0.022878 0.914156 
4.2 0.1 0.015823 0.924616 
4.25 0.1 0.00809248 0.931311 
4.3 0.1 1.12811e-05 0.933628 
4.35 0.1 -0.00806886 0.931344 
4.4 0.1 -0.0157963 0.924682 
4.45 0.1 -0.0228465 0.914256 
4.5 0.1 -0.0289436 0.900938 
4.55 0.1 -0.0338732 0.885687 
4.6 0.1 -0.0374864 0.869415 
4.65 0.1 -0.039696 0.852898 
4.7 0.1 -0.0404701 0.836758 
4.75 0.1 -0.0398244 0.821469 
4.8 0.1 -0.0378168 0.807389 
4.85 0.1 -0.0345425 0.794792 
4.9 0.1 -0.0301282 0.783889 
4.95 0.1 -0.0247126 0.774844 
5 0.1 -0.0183823 0.767811 
0 0.15 -0.0483905 0.668962 
0.05 0.15 -0.0357129 0.658684 
0.1 0.15 -0.0216617 0.651756 
0.15 0.15 -0.00685897 0.648345 
0.2 0.15 0.00813922 0.648488 
0.25 0.15 0.0228073 0.652147 
0.3 0.15 0.0366461 0.659222 
0.35 0.15 0.0491922 0.669554 
0.4 0.15 0.0600306 0.682934 
0.45 0.15 0.0688045 0.699108 
0.5 0.15 0.0752213 0.717784 
0.55 0.15 0.0790556 0.738618 
0.6 0.15 0.080151 0.761196 
0.65 0.15 0.0784235 0.784993 
0.7 0.15 0.0738681 0.809323 
0.75 0.15 0.0665698 0.833285 
0.8 0.15 0.0567173 0.855739 
0.85 0.15 0.0446149 0.87534 
0.9 0.15 0.0306878 0.89066 
0.95 0.15 0.0154741 0.9004 
1 0.15 -0.000400047 0.903646 
1.05 0.15 -0.0162598 0.900075 
1.1 0.15 -0.0314315 0.890038 
1.15 0.15 -0.0452918 0.874473 
1.2 0.15 -0.057307 0.854688 
1.25 0.15 -0.067057 0.832113 
1.3 0.15 -0.0742424 0.808086 
1.35 0.15 -0.0786791 0.783734 
1.4 0.15 -0.0802863 0.75995 
1.45 0.15 -0.0790728 0.737411 
1.5 0.15 -0.0751267 0.716637 
1.55 0.15 -0.0686093 0.698038 
1.6 0.15 -0.0597517 0.681955 
1.65 0.15 -0.0488537 0.668678 
1.7 0.15 -0.0362808 0.658457 
1.75 0.15 -0.0224582 0.651492 
1.8 0.15 -0.00785887 0.647926 
1.85 0.15 0.00701226 0.647836 
1.9 0.15 0.0216388 0.651224 
1.95 0.15 0.0355145 0.65802 
2 0.15 0.0481633 0.668085 
2.05 0.15 0.0591562 0.681221 
2.1 0.15 0.0681232 0.697184 
2.15 0.15 0.0747598 0.715685 
2.2 0.15 0.07883 0.736384 
2.25 0.15 0.0801683 0.758874 
2.3 0.15 0.0786823 0.782639 
2.35 0.15 0.0743592 0.807003 
2.4 0.15 0.0672762 0.831082 
2.45 0.15 0.0576137 0.85375 
2.5 0.15 0.0456679 0.87367 
2.55 0.15 0.0318565 0.88941 
2.6 0.15 0.0167116 0.899647 
2.65 0.15 0.000856877 0.903426 
2.7 0.15 -0.0150322 0.900374 
2.75 0.15 -0.0302772 0.890792 
2.8 0.15 -0.0442466 0.875583 
2.85 0.15 -0.0563965 0.856042 
2.9 0.15 -0.0662958 0.833601 
2.95 0.15 -0.073635 0.809618 
3 0.15 -0.0782215 0.785242 
3.05 0.15 -0.0799678 0.761389 
3.1 0.15 -0.0788785 0.738754 
3.15 0.15 -0.0750389 0.71787 
3.2 0.15 -0.0686092 0.699159 
3.25 0.15 -0.0598205 0.682968 
3.3 0.15 -0.0489735 0.669592 
3.35 0.15 -0.0364355 0.659284 
3.4 0.15 -0.0226338 0.652245 
3.45 0.15 -0.00804427 0.648621 
3.5 0.15 0.00682496 0.64849 
3.55 0.15 0.021454 0.651857 
3.6 0.15 0.0353327 0.658649 
3.65 0.15 0.0479813 0.668729 
3.7 0.15 0.0589672 0.681898 
3.75 0.15 0.0679172 0.697909 
3.8 0.15 0.0745243 0.716468 
3.85 0.15 0.0785509 0.737232 
3.9 0.15 0.0798313 0.759784 
3.95 0.15 0.0782741 0.783596 
4 0.15 0.0738695 0.80798 
4.05 0.15 0.0666994 0.832033 
4.1 0.15 0.0569509 0.854615 
4.15 0.15 0.044928 0.874376 
4.2 0.15 0.0310571 0.88988 
4.25 0.15 0.0158786 0.899818 
4.3 0.15 2.25932e-05 0.903258 
4.35 0.15 -0.0158311 0.899863 
4.4 0.15 -0.0310028 0.889972 
4.45 0.15 -0.044863 0.874514 
4.5 0.15 -0.0568723 0.854802 
4.55 0.15 -0.0666064 0.832269 
4.6 0.15 -0.0737646 0.808267 
4.65 0.15 -0.0781646 0.783935 
4.7 0.15 -0.0797316 0.760173 
4.75 0.15 -0.0784848 0.737665 
4.8 0.15 -0.0745255 0.716928 
4.85 0.15 -0.0680271 0.69836 
4.9 0.15 -0.0592217 0.682281 
4.95 0.15 -0.0483734 0.668962 
5 0.15 -0.0357233 0.658684 
0 0.2 -0.0746339 0.574743 
0.05 0.2 -0.0550092 0.561565 
0.1 0.2 -0.0333038 0.552635 
0.15 0.2 -0.0104019 0.548208 
0.2 0.2 0.0128417 0.548373 
0.25 0.2 0.0355983 0.553095 
0.3 0.2 0.0570773 0.562242 
0.35 0.2 0.0765465 0.575588 
0.4 0.2 0.0933521 0.592841 
0.45 0.2 0.106935 0.613654 
0.5 0.2 0.116838 0.637632 
0.55 0.2 0.122716 0.664332 
0.6 0.2 0.12433 0.693227 
0.65 0.2 0.12156 0.723659 
0.7 0.2 0.114412 0.754768 
0.75 0.2 0.10303 0.785418 
0.8 0.2 0.0877195 0.814162 
0.85 0.2 0.0689595 0.839277 
0.9 0.2 0.0474103 0.858925 
0.95 0.2 0.0238988 0.871427 
1 0.2 -0.000618174 0.875595 
1.05 0.2 -0.0251133 0.87101 
1.1 0.2 -0.0485605 0.85813 
1.15 0.2 -0.0700076 0.838169 
1.2 0.2 -0.0886339 0.812821 
1.25 0.2 -0.103787 0.783926 
1.3 0.2 -0.114994 0.753193 
1.35 0.2 -0.121957 0.722058 
1.4 0.2 -0.124538 0.691641 
1.45 0.2 -0.122737 0.662793 
1.5 0.2 -0.116681 0.636165 
1.55 0.2 -0.106613 0.612276 
1.6 0.2 -0.0928883 0.591569 
1.65 0.2 -0.0759726 0.574432 
1.7 0.2 -0.0564356 0.561207 
1.75 0.2 -0.0349416 0.552176 
1.8 0.2 -0.0122312 0.547546 
1.85 0.2 0.010905 0.547428 
1.9 0.2 0.033658 0.551826 
1.95 0.2 0.0552347 0.560636 
2 0.2 0.0748901 0.573658 
2.05 0.2 0.0919538 0.590616 
2.1 0.2 0.105849 0.61117 
2.15 0.2 0.116102 0.634934 
2.2 0.2 0.122352 0.66147 
2.25 0.2 0.124347 0.690257 
2.3 0.2 0.121955 0.72065 
2.35 0.2 0.115168 0.751802 
2.4 0.2 0.10412 0.7826 
2.45 0.2 0.0891033 0.811615 
2.5 0.2 0.070585 0.837136 
2.55 0.2 0.0492144 0.85732 
2.6 0.2 0.0258101 0.870458 
2.65 0.2 0.0013247 0.87531 
2.7 0.2 -0.0232127 0.87139 
2.75 0.2 -0.0467691 0.85909 
2.8 0.2 -0.0683799 0.839583 
2.85 0.2 -0.0872094 0.814543 
2.9 0.2 -0.102589 0.785816 
2.95 0.2 -0.11403 0.755135 
3 0.2 -0.121224 0.723966 
3.05 0.2 -0.124019 0.693457 
3.1 0.2 -0.122411 0.664485 
3.15 0.2 -0.116522 0.637716 
3.2 0.2 -0.106592 0.613683 
3.25 0.2 -0.0929782 0.592837 
3.3 0.2 -0.0761455 0.575573 
3.35 0.2 -0.0566667 0.562234 
3.4 0.2 -0.0352095 0.553108 
3.45 0.2 -0.0125187 0.548403 
3.5 0.2 0.0106103 0.548233 
3.55 0.2 0.0333629 0.552601 
3.6 0.2 0.0549403 0.561407 
3.65 0.2 0.0745919 0.574449 
3.7 0.2 0.0916415 0.591449 
3.75 0.2 0.105508 0.612065 
3.8 0.2 0.115714 0.635906 
3.85 0.2 0.121895 0.662525 
3.9 0.2 0.1238 0.691394 
3.95 0.2 0.121299 0.721852 
4 0.2 0.114388 0.753033 
4.05 0.2 0.103208 0.783803 
4.1 0.2 0.0880616 0.812711 
4.15 0.2 0.0694285 0.83803 
4.2 0.2 0.0479704 0.857914 
4.25 0.2 0.024518 0.870667 
4.3 0.2 3.43488e-05 0.875082 
4.35 0.2 -0.0244453 0.87072 
4.4 0.2 -0.0478855 0.858021 
4.45 0.2 -0.0693243 0.838191 
4.5 0.2 -0.0879319 0.812927 
4.55 0.2 -0.103049 0.784075 
4.6 0.2 -0.1142 0.753361 
4.65 0.2 -0.121087 0.722234 
4.7 0.2 -0.123579 0.691828 
4.75 0.2 -0.121687 0.663 
4.8 0.2 -0.115552 0.636402 
4.85 0.2 -0.105427 0.612548 
4.9 0.2 -0.0916639 0.591866 
4.95 0.2 -0.0746898 0.574743 
5 0.2 -0.054966 0.561565 
0 0.25 -0.100847 0.496392 
0.05 0.25 -0.0742224 0.480714 
0.1 0.25 -0.0448283 0.470048 
0.15 0.25 -0.0137961 0.464736 
0.2 0.25 0.0177282 0.464926 
0.25 0.25 0.04861 0.470594 
0.3 0.25 0.0777596 0.481562 
0.35 0.25 0.104168 0.497524 
0.4 0.25 0.126936 0.518084 
0.45 0.25 0.145301 0.542781 
0.5 0.25 0.158643 0.571119 
0.55 0.25 0.166498 0.602556 
0.6 0.25 0.168556 0.636477 
0.65 0.25 0.164669 0.672124 
0.7 0.25 0.15486 0.708511 
0.75 0.25 0.139346 0.744333 
0.8 0.25 0.118554 0.777914 
0.85 0.25 0.0931425 0.807253 
0.9 0.25 0.0640065 0.830207 
0.95 0.25 0.0322554 0.844814 
1 0.25 -0.000834013 0.849684 
1.05 0.25 -0.0338942 0.844329 
1.1 0.25 -0.0655597 0.829282 
1.15 0.25 -0.0945592 0.805965 
1.2 0.25 -0.119791 0.776357 
1.25 0.25 -0.14037 0.7426 
1.3 0.25 -0.155648 0.706683 
1.35 0.25 -0.165204 0.670265 
1.4 0.25 -0.168832 0.634634 
1.45 0.25 -0.166515 0.600763 
1.5 0.25 -0.158409 0.569401 
1.55 0.25 -0.14483 0.541158 
1.6 0.25 -0.126254 0.51657 
1.65 0.25 -0.103309 0.496129 
1.7 0.25 -0.0767695 0.480289 
1.75 0.25 -0.0475444 0.469435 
1.8 0.25 -0.0166487 0.463857 
1.85 0.25 0.0148319 0.463712 
1.9 0.25 0.045786 0.469007 
1.95 0.25 0.0751244 0.479594 
2 0.25 0.101826 0.495193 
2.05 0.25 0.124974 0.515421 
2.1 0.25 0.143783 0.539832 
2.15 0.25 0.157615 0.567933 
2.2 0.25 0.165985 0.599189 
2.25 0.25 0.168567 0.632993 
2.3 0.25 0.165195 0.668599 
2.35 0.25 0.155878 0.705041 
2.4 0.25 0.140816 0.741036 
2.45 0.25 0.12042 0.774932 
2.5 0.25 0.0953348 0.804744 
2.55 0.25 0.0664393 0.828323 
2.6 0.25 0.0348332 0.843671 
2.65 0.25 0.00178849 0.849338 
2.7 0.25 -0.0313252 0.844756 
2.75 0.25 -0.0631329 0.830386 
2.8 0.25 -0.0923477 0.807596 
2.85 0.25 -0.117848 0.778343 
2.9 0.25 -0.138728 0.74478 
2.95 0.25 -0.154318 0.708921 
3 0.25 -0.164183 0.67246 
3.05 0.25 -0.1681 0.636721 
3.1 0.25 -0.166045 0.602705 
3.15 0.25 -0.158166 0.571179 
3.2 0.25 -0.144779 0.542768 
3.25 0.25 -0.126356 0.518017 
3.3 0.25 -0.103528 0.497426 
3.35 0.25 -0.0770728 0.481452 
3.4 0.25 -0.0479029 0.470484 
3.45 0.25 -0.017039 0.464816 
3.5 0.25 0.0144266 0.464608 
3.55 0.25 0.0453752 0.469867 
3.6 0.25 0.0747101 0.480447 
3.65 0.25 0.101402 0.496068 
3.7 0.25 0.124527 0.516346 
3.75 0.25 0.143294 0.54083 
3.8 0.25 0.15706 0.569022 
3.85 0.25 0.165336 0.600379 
3.9 0.25 0.167796 0.634281 
3.95 0.25 0.164277 0.669966 
4 0.25 0.154795 0.706445 
4.05 0.25 0.139558 0.742411 
4.1 0.25 0.118993 0.776186 
4.15 0.25 0.0937572 0.805765 
4.2 0.25 0.0647485 0.828994 
4.25 0.25 0.0330823 0.843892 
4.3 0.25 4.39089e-05 0.849047 
4.35 0.25 -0.0329881 0.843946 
4.4 0.25 -0.0646354 0.829103 
4.45 0.25 -0.0936131 0.80593 
4.5 0.25 -0.118807 0.776405 
4.55 0.25 -0.139321 0.742684 
4.6 0.25 -0.154501 0.706769 
4.65 0.25 -0.163927 0.670338 
4.7 0.25 -0.167396 0.634693 
4.75 0.25 -0.164901 0.600822 
4.8 0.25 -0.15661 0.569478 
4.85 0.25 -0.142854 0.541273 
4.9 0.25 -0.124104 0.516743 
4.95 0.25 -0.100963 0.496392 
5 0.25 -0.0741351 0.480714 
0 0.3 -0.12494 0.435322 
0.05 0.3 -0.0918374 0.417456 
0.1 0.3 -0.0553304 0.40525 
0.15 0.3 -0.0167755 0.399154 
0.2 0.3 0.0224117 0.399386 
0.25 0.3 0.0608087 0.405928 
0.3 0.3 0.097042 0.418539 
0.35 0.3 0.129839 0.436796 
0.4 0.3 0.158072 0.460158 
0.45 0.3 0.180787 0.488022 
0.5 0.3 0.19722 0.519767 
0.55 0.3 0.206805 0.554756 
0.6 0.3 0.209174 0.592299 
0.65 0.3 0.204167 0.631577 
0.7 0.3 0.191837 0.671533 
0.75 0.3 0.172475 0.710767 
0.8 0.3 0.146629 0.747476 
0.85 0.3 0.115127 0.779503 
0.9 0.3 0.0790761 0.804534 
0.95 0.3 0.0398381 0.820451 
1 0.3 -0.00102883 0.825758 
1.05 0.3 -0.0418601 0.819926 
1.1 0.3 -0.0809937 0.803531 
1.15 0.3 -0.116878 0.778107 
1.2 0.3 -0.148159 0.745788 
1.25 0.3 -0.173743 0.708887 
1.3 0.3 -0.192811 0.669549 
1.35 0.3 -0.204826 0.629557 
1.4 0.3 -0.209507 0.590292 
1.45 0.3 -0.206807 0.552797 
1.5 0.3 -0.196897 0.517881 
1.55 0.3 -0.180152 0.486227 
1.6 0.3 -0.157149 0.458469 
1.65 0.3 -0.12866 0.435225 
1.7 0.3 -0.095651 0.41709 
1.75 0.3 -0.0592582 0.404596 
1.8 0.3 -0.0207585 0.398152 
1.85 0.3 0.0184791 0.397982 
1.9 0.3 0.0570523 0.404095 
1.95 0.3 0.0935879 0.416279 
2 0.3 0.126801 0.434137 
2.05 0.3 0.155544 0.457145 
2.1 0.3 0.17884 0.484709 
2.15 0.3 0.195902 0.516212 
2.2 0.3 0.206142 0.55102 
2.25 0.3 0.209171 0.58845 
2.3 0.3 0.204809 0.627695 
2.35 0.3 0.193091 0.667719 
2.4 0.3 0.174289 0.707147 
2.45 0.3 0.148933 0.744204 
2.5 0.3 0.117832 0.776748 
2.55 0.3 0.0820772 0.802459 
2.6 0.3 0.0430182 0.819183 
2.65 0.3 0.00220817 0.825354 
2.7 0.3 -0.0386855 0.820362 
2.75 0.3 -0.0779893 0.804701 
2.8 0.3 -0.114133 0.779848 
2.85 0.3 -0.145739 0.747916 
2.9 0.3 -0.171688 0.711225 
2.95 0.3 -0.191138 0.67195 
3 0.3 -0.203531 0.631912 
3.05 0.3 -0.208568 0.592531 
3.1 0.3 -0.206193 0.554878 
3.15 0.3 -0.196568 0.519786 
3.2 0.3 -0.180063 0.487951 
3.25 0.3 -0.157254 0.460016 
3.3 0.3 -0.128916 0.436607 
3.35 0.3 -0.0960169 0.418323 
3.4 0.3 -0.0596985 0.405701 
3.45 0.3 -0.0212443 0.399153 
3.5 0.3 0.017969 0.398908 
3.55 0.3 0.0565301 0.404978 
3.6 0.3 0.0930563 0.417151 
3.65 0.3 0.126253 0.435032 
3.7 0.3 0.154965 0.458093 
3.75 0.3 0.178206 0.485738 
3.8 0.3 0.195183 0.517342 
3.85 0.3 0.205305 0.552262 
3.9 0.3 0.208184 0.589801 
3.95 0.3 0.203641 0.629135 
4 0.3 0.191722 0.669202 
4.05 0.3 0.172708 0.708602 
4.1 0.3 0.147147 0.745529 
4.15 0.3 0.115865 0.77782 
4.2 0.3 0.0799756 0.803151 
4.25 0.3 0.040847 0.819384 
4.3 0.3 4.89241e-05 0.824996 
4.35 0.3 -0.0407401 0.819433 
4.4 0.3 -0.0798416 0.803249 
4.45 0.3 -0.115686 0.777966 
4.5 0.3 -0.146905 0.745721 
4.55 0.3 -0.172387 0.708837 
4.6 0.3 -0.191308 0.669476 
4.65 0.3 -0.203125 0.629439 
4.7 0.3 -0.207558 0.590128 
4.75 0.3 -0.204572 0.552602 
4.8 0.3 -0.194348 0.517683 
4.85 0.3 -0.177276 0.486069 
4.9 0.3 -0.153939 0.458403 
4.95 0.3 -0.125106 0.435322 
5 0.3 -0.0917146 0.417456 
0 0.35 -0.145332 0.390127 
0.05 0.35 -0.106715 0.370209 
0.1 0.35 -0.0641432 0.356528 
0.15 0.35 -0.0191674 0.349682 
0.2 0.35 0.0265614 0.34998 
0.25 0.35 0.0713668 0.357403 
0.3 0.35 0.113624 0.371613 
0.35 0.35 0.151828 0.392022 
0.4 0.35 0.184652 0.417886 
0.45 0.35 0.210982 0.448411 
0.5 0.35 0.229936 0.482815 
0.55 0.35 0.240873 0.52035 
0.6 0.35 0.243391 0.560263 
0.65 0.35 0.23733 0.601699 
0.7 0.35 0.222783 0.643585 
0.75 0.35 0.200118 0.684507 
0.8 0.35 0.169994 0.72264 
0.85 0.35 0.133383 0.755804 
0.9 0.35 0.0915693 0.78166 
0.95 0.35 0.0461185 0.798077 
1 0.35 -0.00118866 0.803547 
1.05 0.35 -0.0484552 0.79754 
1.1 0.35 -0.0937866 0.780635 
1.15 0.35 -0.135409 0.754373 
1.2 0.35 -0.171767 0.720907 
1.25 0.35 -0.201588 0.682573 
1.3 0.35 -0.223912 0.641539 
1.35 0.35 -0.238089 0.599607 
1.4 0.35 -0.243764 0.558175 
1.45 0.35 -0.240852 0.518302 
1.5 0.35 -0.22952 0.480829 
1.55 0.35 -0.210179 0.446508 
1.6 0.35 -0.183481 0.416084 
1.65 0.35 -0.150317 0.390336 
1.7 0.35 -0.11181 0.370057 
1.75 0.35 -0.0692968 0.35598 
1.8 0.35 -0.0242849 0.348681 
1.85 0.35 0.0216027 0.348485 
1.9 0.35 0.0667018 0.355402 
1.95 0.35 0.109385 0.369127 
2 0.35 0.148133 0.389099 
2.05 0.35 0.181598 0.414593 
2.1 0.35 0.208641 0.444817 
2.15 0.35 0.228354 0.47899 
2.2 0.35 0.240072 0.516362 
2.25 0.35 0.24337 0.556181 
2.3 0.35 0.238066 0.597606 
2.35 0.35 0.224234 0.639581 
2.4 0.35 0.202219 0.680719 
2.45 0.35 0.172661 0.719222 
2.5 0.35 0.136512 0.752926 
2.55 0.35 0.0950384 0.779487 
2.6 0.35 0.0497939 0.796732 
2.65 0.35 0.00255365 0.803089 
2.7 0.35 -0.0447816 0.797943 
2.75 0.35 -0.0903043 0.78179 
2.8 0.35 -0.13222 0.756117 
2.85 0.35 -0.168946 0.723051 
2.9 0.35 -0.199183 0.684937 
2.95 0.35 -0.221944 0.643973 
3 0.35 -0.236555 0.602001 
3.05 0.35 -0.242643 0.560454 
3.1 0.35 -0.240107 0.520424 
3.15 0.35 -0.229108 0.482774 
3.2 0.35 -0.21005 0.448269 
3.25 0.35 -0.183583 0.417664 
3.3 0.35 -0.150599 0.391744 
3.35 0.35 -0.112226 0.371306 
3.4 0.35 -0.0698057 0.357089 
3.45 0.35 -0.0248528 0.349676 
3.5 0.35 0.0210008 0.349393 
3.55 0.35 0.0660805 0.356257 
3.6 0.35 0.108748 0.369965 
3.65 0.35 0.147473 0.389957 
3.7 0.35 0.180898 0.415504 
3.75 0.35 0.207874 0.445811 
3.8 0.35 0.227487 0.480089 
3.85 0.35 0.239068 0.517578 
3.9 0.35 0.242191 0.557511 
3.95 0.35 0.23668 0.599028 
4 0.35 0.222616 0.64105 
4.05 0.35 0.20036 0.682158 
4.1 0.35 0.170568 0.720528 
4.15 0.35 0.134216 0.753971 
4.2 0.35 0.0925912 0.78014 
4.25 0.35 0.0472704 0.79688 
4.3 0.35 4.7616e-05 0.802657 
4.35 0.35 -0.0471632 0.796916 
4.4 0.35 -0.0924478 0.780213 
4.45 0.35 -0.134012 0.754078 
4.5 0.35 -0.170279 0.720665 
4.55 0.35 -0.199959 0.68232 
4.6 0.35 -0.22208 0.641228 
4.65 0.35 -0.235985 0.599214 
4.7 0.35 -0.241317 0.557694 
4.75 0.35 -0.237999 0.51775 
4.8 0.35 -0.226213 0.480247 
4.85 0.35 -0.206386 0.445957 
4.9 0.35 -0.17919 0.415649 
4.95 0.35 -0.145536 0.390127 
5 0.35 -0.106564 0.370209 
0 0.4 -0.160857 0.357535 
0.05 0.4 -0.11802 0.335547 
0.1 0.4 -0.070789 0.320347 
0.15 0.4 -0.0208675 0.31273 
0.2 0.4 0.0299022 0.31312 
0.25 0.4 0.0796362 0.321489 
0.3 0.4 0.126504 0.337369 
0.35 0.4 0.168816 0.359949 
0.4 0.4 0.205087 0.388224 
0.45 0.4 0.234083 0.421147 
0.5 0.4 0.254841 0.457735 
0.55 0.4 0.266674 0.497104 
0.6 0.4 0.269168 0.538431 
0.65 0.4 0.262184 0.580848 
0.7 0.4 0.245861 0.623307 
0.75 0.4 0.220636 0.664446 
0.8 0.4 0.187264 0.702523 
0.85 0.4 0.14683 0.735457 
0.9 0.4 0.100748 0.76103 
0.95 0.4 0.0507261 0.777222 
1 0.4 -0.00130394 0.782611 
1.05 0.4 -0.05329 0.776698 
1.1 0.4 -0.103183 0.760028 
1.15 0.4 -0.149057 0.734056 
1.2 0.4 -0.189215 0.700819 
1.25 0.4 -0.222254 0.662536 
1.3 0.4 -0.247101 0.621274 
1.35 0.4 -0.263014 0.578758 
1.4 0.4 -0.269564 0.536329 
1.45 0.4 -0.266622 0.495023 
1.5 0.4 -0.254334 0.455698 
1.55 0.4 -0.233122 0.419178 
1.6 0.4 -0.203684 0.386346 
1.65 0.4 -0.166991 0.358189 
1.7 0.4 -0.124286 0.335753 
1.75 0.4 -0.077063 0.320037 
1.8 0.4 -0.0270178 0.31184 
1.85 0.4 0.0240176 0.311615 
1.9 0.4 0.0741616 0.319376 
1.95 0.4 0.121576 0.334697 
2 0.4 0.164553 0.356798 
2.05 0.4 0.201585 0.384688 
2.1 0.4 0.231411 0.417321 
2.15 0.4 0.253039 0.453705 
2.2 0.4 0.265758 0.492948 
2.25 0.4 0.269129 0.53422 
2.3 0.4 0.262989 0.576662 
2.35 0.4 0.247457 0.619241 
2.4 0.4 0.22295 0.660621 
2.45 0.4 0.190198 0.699084 
2.5 0.4 0.150269 0.732565 
2.55 0.4 0.104557 0.758838 
2.6 0.4 0.0547602 0.775846 
2.65 0.4 0.00280398 0.782104 
2.7 0.4 -0.0492546 0.777032 
2.75 0.4 -0.0993521 0.761099 
2.8 0.4 -0.145541 0.735707 
2.85 0.4 -0.186097 0.702869 
2.9 0.4 -0.219587 0.664812 
2.95 0.4 -0.244909 0.623631 
3 0.4 -0.261295 0.581087 
3.05 0.4 -0.268298 0.538557 
3.1 0.4 -0.265771 0.497107 
3.15 0.4 -0.253851 0.457617 
3.2 0.4 -0.232955 0.420921 
3.25 0.4 -0.203777 0.387913 
3.3 0.4 -0.167289 0.359582 
3.35 0.4 -0.124738 0.336983 
3.4 0.4 -0.0776238 0.321118 
3.45 0.4 -0.0276495 0.312794 
3.5 0.4 0.0233428 0.31247 
3.55 0.4 0.0734607 0.320168 
3.6 0.4 0.120854 0.335463 
3.65 0.4 0.163802 0.357577 
3.7 0.4 0.200786 0.385517 
3.75 0.4 0.230536 0.41823 
3.8 0.4 0.252052 0.454717 
3.85 0.4 0.264619 0.494074 
3.9 0.4 0.267798 0.535459 
3.95 0.4 0.261432 0.57799 
4 0.4 0.245648 0.620612 
4.05 0.4 0.220878 0.661961 
4.1 0.4 0.187874 0.70029 
4.15 0.4 0.147725 0.733513 
4.2 0.4 0.101851 0.759399 
4.25 0.4 0.0519735 0.775907 
4.3 0.4 3.90337e-05 0.781591 
4.35 0.4 -0.0518806 0.775925 
4.4 0.4 -0.101713 0.759434 
4.45 0.4 -0.14751 0.733562 
4.5 0.4 -0.18755 0.700346 
4.55 0.4 -0.220411 0.662017 
4.6 0.4 -0.245001 0.620657 
4.65 0.4 -0.260569 0.578011 
4.7 0.4 -0.266683 0.535444 
4.75 0.4 -0.26322 0.494019 
4.8 0.4 -0.250341 0.454625 
4.85 0.4 -0.228493 0.418117 
4.9 0.4 -0.198403 0.385415 
4.95 0.4 -0.161089 0.357535 
5 0.4 -0.11785 0.335547 
0 0.45 -0.1707 0.3336 
0.05 0.45 -0.125172 0.309484 
0.1 0.45 -0.0749414 0.292699 
0.15 0.45 -0.02182 0.284281 
0.2 0.45 0.0322148 0.284786 
0.25 0.45 0.0851297 0.294171 
0.3 0.45 0.134948 0.311812 
0.35 0.45 0.179847 0.33663 
0.4 0.45 0.21824 0.36731 
0.45 0.45 0.248818 0.402508 
0.5 0.45 0.270576 0.441003 
0.55 0.45 0.282814 0.48175 
0.6 0.45 0.28513 0.523846 
0.65 0.45 0.277417 0.566413 
0.7 0.45 0.259864 0.608454 
0.75 0.45 0.23297 0.648716 
0.8 0.45 0.197557 0.685614 
0.85 0.45 0.154787 0.717275 
0.9 0.45 0.10615 0.741708 
0.95 0.45 0.0534297 0.757116 
1 0.45 -0.00136899 0.762235 
1.05 0.45 -0.0561222 0.756624 
1.1 0.45 -0.108708 0.740765 
1.15 0.45 -0.157129 0.71595 
1.2 0.45 -0.19961 0.683995 
1.25 0.45 -0.234674 0.646887 
1.3 0.45 -0.26117 0.606491 
1.35 0.45 -0.278286 0.564372 
1.4 0.45 -0.285533 0.521769 
1.45 0.45 -0.282729 0.479668 
1.5 0.45 -0.26999 0.438939 
1.55 0.45 -0.247725 0.40049 
1.6 0.45 -0.216642 0.365369 
1.65 0.45 -0.177756 0.334808 
1.7 0.45 -0.132383 0.310155 
1.75 0.45 -0.0821226 0.292722 
1.8 0.45 -0.0288035 0.283574 
1.85 0.45 0.0255897 0.283318 
1.9 0.45 0.0790161 0.291973 
1.95 0.45 0.129485 0.308966 
2 0.45 0.175153 0.333257 
2.05 0.45 0.214405 0.363543 
2.1 0.45 0.245904 0.398472 
2.15 0.45 0.268617 0.436804 
2.2 0.45 0.281817 0.477476 
2.25 0.45 0.285076 0.519573 
2.3 0.45 0.278265 0.562215 
2.35 0.45 0.261551 0.604419 
2.4 0.45 0.235411 0.644951 
2.45 0.45 0.200649 0.682249 
2.5 0.45 0.158406 0.71445 
2.55 0.45 0.110155 0.739559 
2.6 0.45 0.0576681 0.755742 
2.65 0.45 0.00294643 0.761681 
2.7 0.45 -0.0518809 0.756862 
2.75 0.45 -0.104678 0.741699 
2.8 0.45 -0.153424 0.717437 
2.85 0.45 -0.196317 0.68587 
2.9 0.45 -0.231848 0.648991 
2.95 0.45 -0.258838 0.608689 
3 0.45 -0.27645 0.566563 
3.05 0.45 -0.284171 0.523884 
3.1 0.45 -0.281806 0.481662 
3.15 0.45 -0.269458 0.440789 
3.2 0.45 -0.247529 0.402181 
3.25 0.45 -0.216725 0.366895 
3.3 0.45 -0.178061 0.336165 
3.35 0.45 -0.132857 0.311346 
3.4 0.45 -0.0827166 0.293757 
3.45 0.45 -0.0294776 0.28447 
3.5 0.45 0.0248656 0.284102 
3.55 0.45 0.0782605 0.292681 
3.6 0.45 0.128703 0.309637 
3.65 0.45 0.174338 0.333932 
3.7 0.45 0.213538 0.36426 
3.75 0.45 0.244955 0.399263 
3.8 0.45 0.267549 0.437691 
3.85 0.45 0.280588 0.47847 
3.9 0.45 0.283645 0.52067 
3.95 0.45 0.276596 0.563393 
4 0.45 0.259619 0.605632 
4.05 0.45 0.233206 0.646128 
4.1 0.45 0.198181 0.683292 
4.15 0.45 0.15571 0.715244 
4.2 0.45 0.107291 0.739983 
4.25 0.45 0.054721 0.75569 
4.3 0.45 2.32639e-05 0.761079 
4.35 0.45 -0.0546571 0.755685 
4.4 0.45 -0.107174 0.739971 
4.45 0.45 -0.155503 0.71522 
4.5 0.45 -0.197844 0.683248 
4.55 0.45 -0.232695 0.646051 
4.6 0.45 -0.258888 0.605509 
4.65 0.45 -0.275596 0.563208 
4.7 0.45 -0.282327 0.520411 
4.75 0.45 -0.278903 0.478135 
4.8 0.45 -0.265457 0.437288 
4.85 0.45 -0.242427 0.398823 
4.9 0.45 -0.210566 0.363836 
4.95 0.45 -0.170951 0.3336 
5 0.45 -0.124988 0.309484 
0 0.5 -0.174351 0.314569 
0.05 0.5 -0.127805 0.288378 
0.1 0.5 -0.0764014 0.270037 
0.15 0.5 -0.022004 0.260834 
0.2 0.5 0.0333386 0.261466 
0.25 0.5 0.087512 0.271876 
0.3 0.5 0.13846 0.291265 
0.35 0.5 0.184295 0.318277 
0.4 0.5 0.223383 0.351268 
0.45 0.5 0.254392 0.388581 
0.5 0.5 0.276315 0.428742 
0.55 0.5 0.288471 0.470534 
0.6 0.5 0.290489 0.512964 
0.65 0.5 0.282302 0.555141 
0.7 0.5 0.264147 0.596129 
0.75 0.5 0.236567 0.634811 
0.8 0.5 0.200427 0.669812 
0.85 0.5 0.156919 0.699526 
0.9 0.5 0.107553 0.722272 
0.95 0.5 0.0541197 0.736536 
1 0.5 -0.00138152 0.741265 
1.05 0.5 -0.0568374 0.736089 
1.1 0.5 -0.110137 0.72141 
1.15 0.5 -0.159287 0.698309 
1.2 0.5 -0.202506 0.668311 
1.25 0.5 -0.238294 0.633098 
1.3 0.5 -0.26547 0.594267 
1.35 0.5 -0.283178 0.553177 
1.4 0.5 -0.290883 0.510934 
1.45 0.5 -0.288357 0.468466 
1.5 0.5 -0.275673 0.42666 
1.55 0.5 -0.253207 0.386517 
1.6 0.5 -0.221649 0.349265 
1.65 0.5 -0.182015 0.316394 
1.7 0.5 -0.135646 0.28957 
1.75 0.5 -0.0841882 0.270438 
1.8 0.5 -0.0295398 0.260343 
1.85 0.5 0.0262303 0.260056 
1.9 0.5 0.0809912 0.2696 
1.95 0.5 0.132667 0.288249 
2 0.5 0.179344 0.314685 
2.05 0.5 0.219358 0.347275 
2.1 0.5 0.251348 0.384346 
2.15 0.5 0.274276 0.424395 
2.2 0.5 0.287434 0.466175 
2.25 0.5 0.290426 0.50867 
2.3 0.5 0.283165 0.550983 
2.35 0.5 0.265865 0.592185 
2.4 0.5 0.239049 0.63117 
2.45 0.5 0.203564 0.666582 
2.5 0.5 0.160583 0.696825 
2.55 0.5 0.111602 0.720208 
2.6 0.5 0.0584006 0.735191 
2.65 0.5 0.00297557 0.740669 
2.7 0.5 -0.0525543 0.736215 
2.75 0.5 -0.106064 0.722175 
2.8 0.5 -0.155537 0.699587 
2.85 0.5 -0.199166 0.669959 
2.9 0.5 -0.235421 0.634978 
2.95 0.5 -0.263092 0.596258 
3 0.5 -0.281298 0.555187 
3.05 0.5 -0.289483 0.512898 
3.1 0.5 -0.287401 0.47034 
3.15 0.5 -0.275115 0.428416 
3.2 0.5 -0.252993 0.388135 
3.25 0.5 -0.221723 0.350733 
3.3 0.5 -0.18232 0.317701 
3.35 0.5 -0.136127 0.290712 
3.4 0.5 -0.0847952 0.271418 
3.45 0.5 -0.0302322 0.261173 
3.5 0.5 0.0254837 0.260761 
3.55 0.5 0.0802098 0.270215 
3.6 0.5 0.131857 0.288815 
3.65 0.5 0.178499 0.315244 
3.7 0.5 0.218459 0.347867 
3.75 0.5 0.250365 0.385002 
3.8 0.5 0.273172 0.425137 
3.85 0.5 0.286166 0.467012 
3.9 0.5 0.288954 0.509597 
3.95 0.5 0.281453 0.551977 
4 0.5 0.263887 0.593201 
4.05 0.5 0.236796 0.632143 
4.1 0.5 0.201047 0.667422 
4.15 0.5 0.157838 0.697427 
4.2 0.5 0.108688 0.720464 
4.25 0.5 0.0554031 0.735004 
4.3 0.5 1.55411e-06 0.739969 
4.35 0.5 -0.0553807 0.734972 
4.4 0.5 -0.108607 0.720398 
4.45 0.5 -0.157656 0.697319 
4.5 0.5 -0.200719 0.66726 
4.55 0.5 -0.236271 0.631913 
4.6 0.5 -0.263111 0.592885 
4.65 0.5 -0.280366 0.551557 
4.7 0.5 -0.287496 0.50906 
4.75 0.5 -0.284277 0.466356 
4.8 0.5 -0.270801 0.424379 
4.85 0.5 -0.247476 0.384187 
4.9 0.5 -0.215049 0.34707 
4.95 0.5 -0.174611 0.314569 
5 0.5 -0.127614 0.288378 
0 0.55 -0.171588 0.297292 
0.05 0.55 -0.125757 0.26932 
0.1 0.55 -0.0750868 0.249634 
0.15 0.55 -0.0214261 0.239758 
0.2 0.55 0.0331761 0.240517 
0.25 0.55 0.0866003 0.251837 
0.3 0.55 0.136787 0.272761 
0.35 0.55 0.181853 0.301673 
0.4 0.55 0.220178 0.336626 
0.45 0.55 0.25046 0.375679 
0.5 0.55 0.271729 0.417126 
0.55 0.55 0.283348 0.459586 
0.6 0.55 0.284993 0.501974 
0.65 0.55 0.276641 0.543385 
0.7 0.55 0.258566 0.582941 
0.75 0.55 0.231334 0.619665 
0.8 0.55 0.195819 0.652406 
0.85 0.55 0.153199 0.679853 
0.9 0.55 0.104947 0.700658 
0.95 0.55 0.052793 0.713618 
1 0.55 -0.00134217 0.717902 
1.05 0.55 -0.055434 0.71322 
1.1 0.55 -0.10746 0.699888 
1.15 0.55 -0.155505 0.678756 
1.2 0.55 -0.197845 0.651037 
1.25 0.55 -0.233019 0.618083 
1.3 0.55 -0.259856 0.581193 
1.35 0.55 -0.277493 0.54151 
1.4 0.55 -0.285367 0.500002 
1.45 0.55 -0.283214 0.457539 
1.5 0.55 -0.27106 0.415031 
1.55 0.55 -0.249235 0.373573 
1.6 0.55 -0.218384 0.334563 
1.65 0.55 -0.179485 0.299728 
1.7 0.55 -0.133851 0.271027 
1.75 0.55 -0.083115 0.250411 
1.8 0.55 -0.0291741 0.239483 
1.85 0.55 0.0258949 0.239168 
1.9 0.55 0.0799493 0.249495 
1.95 0.55 0.130904 0.26959 
2 0.55 0.176848 0.297882 
2.05 0.55 0.216128 0.332432 
2.1 0.55 0.247411 0.371274 
2.15 0.55 0.269696 0.41266 
2.2 0.55 0.282318 0.455171 
2.25 0.55 0.284931 0.497693 
2.3 0.55 0.277492 0.539302 
2.35 0.55 0.260253 0.579123 
2.4 0.55 0.233766 0.616184 
2.45 0.55 0.198885 0.649346 
2.5 0.55 0.156773 0.677305 
2.55 0.55 0.10889 0.698703 
2.6 0.55 0.0569561 0.712315 
2.65 0.55 0.00289236 0.71727 
2.7 0.55 -0.0512716 0.713233 
2.75 0.55 -0.1035 0.700473 
2.8 0.55 -0.151855 0.679811 
2.85 0.55 -0.194589 0.652442 
2.9 0.55 -0.230213 0.619719 
2.95 0.55 -0.257528 0.582958 
3 0.55 -0.275647 0.543322 
3.05 0.55 -0.283988 0.501799 
3.1 0.55 -0.282268 0.459278 
3.15 0.55 -0.270504 0.416681 
3.2 0.55 -0.249018 0.375109 
3.25 0.55 -0.218452 0.335964 
3.3 0.55 -0.179781 0.300978 
3.35 0.55 -0.134323 0.272114 
3.4 0.55 -0.0837142 0.251331 
3.45 0.55 -0.0298596 0.240245 
3.5 0.55 0.0251544 0.239794 
3.55 0.55 0.0791735 0.250017 
3.6 0.55 0.1301 0.270051 
3.65 0.55 0.176009 0.298325 
3.7 0.55 0.215237 0.332897 
3.75 0.55 0.246437 0.371792 
3.8 0.55 0.268603 0.413252 
3.85 0.55 0.281066 0.455844 
3.9 0.55 0.28348 0.498439 
3.95 0.55 0.275807 0.540098 
4 0.55 0.258311 0.579926 
4.05 0.55 0.231556 0.616934 
4.1 0.55 0.196419 0.649964 
4.15 0.55 0.154084 0.677698 
4.2 0.55 0.106036 0.698777 
4.25 0.55 0.0540197 0.711982 
4.3 0.55 -2.37034e-05 0.716467 
4.35 0.55 -0.0540468 0.711922 
4.4 0.55 -0.106001 0.698652 
4.45 0.55 -0.153943 0.6775 
4.5 0.55 -0.196122 0.649677 
4.55 0.55 -0.23105 0.616542 
4.6 0.55 -0.257534 0.579407 
4.65 0.55 -0.274695 0.539431 
4.7 0.55 -0.281964 0.49761 
4.75 0.55 -0.27908 0.454854 
4.8 0.55 -0.266088 0.412125 
4.85 0.55 -0.243355 0.370586 
4.9 0.55 -0.211587 0.331711 
4.95 0.55 -0.171845 0.297292 
5 0.55 -0.125568 0.269321 
0 0.6 -0.162478 0.279295 
0.05 0.6 -0.119079 0.250156 
0.1 0.6 -0.0710349 0.229574 
0.15 0.6 -0.0201181 0.219257 
0.2 0.6 0.0317001 0.220125 
0.25 0.6 0.0823761 0.232088 
0.3 0.6 0.129926 0.254068 
0.35 0.6 0.172544 0.284248 
0.4 0.6 0.208689 0.320455 
0.45 0.6 0.237133 0.360532 
0.5 0.6 0.256983 0.402597 
0.55 0.6 0.267665 0.445143 
0.6 0.6 0.268912 0.487013 
0.65 0.6 0.260741 0.527284 
0.7 0.6 0.243446 0.565132 
0.75 0.6 0.217596 0.599707 
0.8 0.6 0.184034 0.630066 
0.85 0.6 0.143879 0.65518 
0.9 0.6 0.0985124 0.674014 
0.95 0.6 0.0495425 0.685661 
1 0.6 -0.00125411 0.689499 
1.05 0.6 -0.0520108 0.685311 
1.1 0.6 -0.100863 0.673334 
1.15 0.6 -0.146038 0.654202 
1.2 0.6 -0.185934 0.628831 
1.25 0.6 -0.219178 0.598257 
1.3 0.6 -0.244659 0.563504 
1.35 0.6 -0.261539 0.525506 
1.4 0.6 -0.269256 0.485107 
1.45 0.6 -0.267522 0.443131 
1.5 0.6 -0.256321 0.400505 
1.55 0.6 -0.235928 0.358403 
1.6 0.6 -0.206921 0.318351 
1.65 0.6 -0.170204 0.28226 
1.7 0.6 -0.127014 0.252309 
1.75 0.6 -0.0789078 0.23068 
1.8 0.6 -0.0277067 0.219177 
1.85 0.6 0.0245849 0.218843 
1.9 0.6 0.0758961 0.229709 
1.95 0.6 0.124215 0.25079 
2 0.6 0.167704 0.280319 
2.05 0.6 0.204789 0.316125 
2.1 0.6 0.23421 0.35602 
2.15 0.6 0.255043 0.398071 
2.2 0.6 0.26669 0.440724 
2.25 0.6 0.26886 0.482785 
2.3 0.6 0.261553 0.52331 
2.35 0.6 0.245046 0.561466 
2.4 0.6 0.219891 0.596405 
2.45 0.6 0.186918 0.627191 
2.5 0.6 0.147233 0.652796 
2.55 0.6 0.102205 0.672178 
2.6 0.6 0.0534366 0.68441 
2.65 0.6 0.00270338 0.688841 
2.7 0.6 -0.048122 0.685222 
2.75 0.6 -0.0971619 0.673752 
2.8 0.6 -0.142625 0.655044 
2.85 0.6 -0.182886 0.629999 
2.9 0.6 -0.216548 0.599655 
2.95 0.6 -0.242474 0.565045 
3 0.6 -0.259804 0.527119 
3.05 0.6 -0.267957 0.486734 
3.1 0.6 -0.26663 0.444729 
3.15 0.6 -0.255796 0.40204 
3.2 0.6 -0.235723 0.359845 
3.25 0.6 -0.206986 0.319675 
3.3 0.6 -0.170486 0.283443 
3.35 0.6 -0.127464 0.253333 
3.4 0.6 -0.0794784 0.231536 
3.45 0.6 -0.0283597 0.21987 
3.5 0.6 0.0238796 0.21939 
3.55 0.6 0.0751577 0.230143 
3.6 0.6 0.12345 0.251152 
3.65 0.6 0.166908 0.280653 
3.7 0.6 0.203944 0.316471 
3.75 0.6 0.233289 0.356408 
3.8 0.6 0.254011 0.39852 
3.85 0.6 0.265509 0.441239 
3.9 0.6 0.267492 0.483357 
3.95 0.6 0.259966 0.523914 
4 0.6 0.243217 0.562062 
4.05 0.6 0.217812 0.596938 
4.1 0.6 0.184598 0.627591 
4.15 0.6 0.144703 0.652985 
4.2 0.6 0.0995186 0.672072 
4.25 0.6 0.0506692 0.683934 
4.3 0.6 -4.91692e-05 0.687935 
4.35 0.6 -0.0507473 0.683846 
4.4 0.6 -0.0995348 0.67189 
4.45 0.6 -0.144613 0.652698 
4.5 0.6 -0.184352 0.627183 
4.55 0.6 -0.217354 0.596388 
4.6 0.6 -0.242486 0.561346 
4.65 0.6 -0.258893 0.52301 
4.7 0.6 -0.266007 0.482251 
4.75 0.6 -0.263542 0.439935 
4.8 0.6 -0.251503 0.397049 
4.85 0.6 -0.230202 0.354843 
4.9 0.6 -0.200277 0.314929 
4.95 0.6 -0.162722 0.279295 
5 0.6 -0.118899 0.250156 
0 0.65 -0.147412 0.258724 
0.05 0.65 -0.108049 0.229364 
0.1 0.65 -0.0644155 0.20858 
0.15 0.65 -0.0181388 0.198173 
0.2 0.65 0.0289631 0.199111 
0.25 0.65 0.0750039 0.211296 
0.3 0.65 0.118155 0.233582 
0.35 0.65 0.15676 0.264046 
0.4 0.65 0.189415 0.300402 
0.45 0.65 0.215014 0.340386 
0.5 0.65 0.232767 0.382029 
0.55 0.65 0.242182 0.423763 
0.6 0.65 0.243049 0.464391 
0.65 0.65 0.235419 0.502991 
0.7 0.65 0.219589 0.538782 
0.75 0.65 0.196096 0.571023 
0.8 0.65 0.16572 0.598948 
0.85 0.65 0.129478 0.621765 
0.9 0.65 0.0886114 0.638703 
0.95 0.65 0.0445524 0.649103 
1 0.65 -0.00112279 0.65252 
1.05 0.65 -0.0467629 0.648799 
1.1 0.65 -0.0907178 0.638107 
1.15 0.65 -0.131415 0.6209 
1.2 0.65 -0.167427 0.597842 
1.25 0.65 -0.19752 0.569704 
1.3 0.65 -0.220682 0.537277 
1.35 0.65 -0.236139 0.50132 
1.4 0.65 -0.243357 0.462571 
1.45 0.65 -0.242042 0.421813 
1.5 0.65 -0.232149 0.379977 
1.55 0.65 -0.21389 0.338275 
1.6 0.65 -0.187763 0.298302 
1.65 0.65 -0.154568 0.262058 
1.7 0.65 -0.11542 0.231833 
1.75 0.65 -0.0717374 0.209929 
1.8 0.65 -0.0251964 0.198253 
1.85 0.65 0.022353 0.197911 
1.9 0.65 0.0689963 0.208937 
1.95 0.65 0.112875 0.230286 
2 0.65 0.152301 0.260088 
2.05 0.65 0.185835 0.296053 
2.1 0.65 0.212343 0.335879 
2.15 0.65 0.231004 0.377544 
2.2 0.65 0.241305 0.419425 
2.25 0.65 0.243014 0.460286 
2.3 0.65 0.236166 0.499176 
2.35 0.65 0.221045 0.535304 
2.4 0.65 0.198174 0.567924 
2.45 0.65 0.168322 0.596273 
2.5 0.65 0.132496 0.619555 
2.55 0.65 0.0919264 0.636994 
2.6 0.65 0.0480427 0.647916 
2.65 0.65 0.0024204 0.651854 
2.7 0.65 -0.0432834 0.648628 
2.75 0.65 -0.087407 0.638383 
2.8 0.65 -0.128362 0.621555 
2.85 0.65 -0.1647 0.598799 
2.9 0.65 -0.195164 0.570886 
2.95 0.65 -0.218724 0.53861 
3 0.65 -0.234583 0.502742 
3.05 0.65 -0.242192 0.46403 
3.1 0.65 -0.241243 0.423266 
3.15 0.65 -0.23168 0.381387 
3.2 0.65 -0.213711 0.339611 
3.25 0.65 -0.187827 0.299535 
3.3 0.65 -0.154828 0.26316 
3.35 0.65 -0.115832 0.232783 
3.4 0.65 -0.0722592 0.210714 
3.45 0.65 -0.0257923 0.198873 
3.5 0.65 0.0217108 0.198383 
3.55 0.65 0.0683255 0.209291 
3.6 0.65 0.112183 0.230562 
3.65 0.65 0.151581 0.260328 
3.7 0.65 0.185074 0.296295 
3.75 0.65 0.211515 0.336154 
3.8 0.65 0.230077 0.377867 
3.85 0.65 0.240244 0.419799 
3.9 0.65 0.241786 0.460701 
3.95 0.65 0.234741 0.499608 
4 0.65 0.219401 0.535714 
4.05 0.65 0.196305 0.568263 
4.1 0.65 0.166235 0.596479 
4.15 0.65 0.130218 0.619561 
4.2 0.65 0.0895043 0.63673 
4.25 0.65 0.0455434 0.647315 
4.3 0.65 -7.09606e-05 0.650861 
4.35 0.65 -0.0456663 0.647202 
4.4 0.65 -0.089569 0.636497 
4.45 0.65 -0.130182 0.619197 
4.5 0.65 -0.166052 0.595965 
4.55 0.65 -0.19592 0.567577 
4.6 0.65 -0.218756 0.534832 
4.65 0.65 -0.233769 0.498508 
4.7 0.65 -0.240418 0.459371 
4.75 0.65 -0.238414 0.418246 
4.8 0.65 -0.227728 0.376128 
4.85 0.65 -0.20861 0.334312 
4.9 0.65 -0.181617 0.294483 
4.95 0.65 -0.147632 0.258724 
5 0.65 -0.107888 0.229364 
0 0.7 -0.127148 0.234283 
0.05 0.7 -0.0932148 0.205926 
0.1 0.7 -0.0555516 0.185833 
0.15 0.7 -0.0155804 0.175784 
0.2 0.7 0.0251068 0.176739 
0.25 0.7 0.064857 0.188594 
0.3 0.7 0.102071 0.21021 
0.35 0.7 0.135306 0.239678 
0.4 0.7 0.163347 0.274732 
0.45 0.7 0.18525 0.313136 
0.5 0.7 0.200351 0.352945 
0.55 0.7 0.20825 0.392609 
0.6 0.7 0.208792 0.430949 
0.65 0.7 0.202047 0.467065 
0.7 0.7 0.188294 0.500227 
0.75 0.7 0.168015 0.529784 
0.8 0.7 0.141891 0.555113 
0.85 0.7 0.110798 0.575604 
0.9 0.7 0.0757964 0.590688 
0.95 0.7 0.0381014 0.599895 
1 0.7 -0.000955911 0.602912 
1.05 0.7 -0.0399838 0.599632 
1.1 0.7 -0.0775914 0.59017 
1.15 0.7 -0.112451 0.574845 
1.2 0.7 -0.14335 0.554133 
1.25 0.7 -0.169234 0.528601 
1.3 0.7 -0.189232 0.498857 
1.35 0.7 -0.202665 0.465523 
1.4 0.7 -0.209055 0.42925 
1.45 0.7 -0.208126 0.390769 
1.5 0.7 -0.19981 0.350989 
1.55 0.7 -0.184265 0.31111 
1.6 0.7 -0.161895 0.272708 
1.65 0.7 -0.133372 0.23776 
1.7 0.7 -0.0996524 0.208533 
1.75 0.7 -0.0619642 0.187306 
1.8 0.7 -0.0217693 0.175977 
1.85 0.7 0.019311 0.175643 
1.9 0.7 0.0595962 0.18634 
1.95 0.7 0.0974578 0.207027 
2 0.7 0.131421 0.235846 
2.05 0.7 0.160241 0.270528 
2.1 0.7 0.182944 0.308795 
2.15 0.7 0.198839 0.348647 
2.2 0.7 0.207507 0.388479 
2.25 0.7 0.208777 0.427068 
2.3 0.7 0.202704 0.463489 
2.35 0.7 0.189557 0.496995 
2.4 0.7 0.169806 0.526929 
2.45 0.7 0.144125 0.552664 
2.5 0.7 0.113381 0.573586 
2.55 0.7 0.0786271 0.589122 
2.6 0.7 0.0410765 0.598789 
2.65 0.7 0.00206027 0.60226 
2.7 0.7 -0.0370246 0.599409 
2.75 0.7 -0.0747773 0.590337 
2.8 0.7 -0.109856 0.575348 
2.85 0.7 -0.141032 0.55491 
2.9 0.7 -0.167234 0.52959 
2.95 0.7 -0.187569 0.499998 
3 0.7 -0.201345 0.466762 
3.05 0.7 -0.208069 0.430538 
3.1 0.7 -0.207452 0.392066 
3.15 0.7 -0.199418 0.35226 
3.2 0.7 -0.18412 0.312321 
3.25 0.7 -0.161958 0.273828 
3.3 0.7 -0.133604 0.238762 
3.35 0.7 -0.100014 0.209393 
3.4 0.7 -0.0624189 0.18801 
3.45 0.7 -0.0222862 0.176522 
3.5 0.7 0.0187561 0.176044 
3.55 0.7 0.059019 0.186623 
3.6 0.7 0.0968643 0.20723 
3.65 0.7 0.130807 0.236009 
3.7 0.7 0.159593 0.270687 
3.75 0.7 0.182241 0.308977 
3.8 0.7 0.198053 0.348866 
3.85 0.7 0.206608 0.388737 
3.9 0.7 0.207735 0.427354 
3.95 0.7 0.201493 0.463777 
4 0.7 0.188159 0.497252 
4.05 0.7 0.168213 0.527109 
4.1 0.7 0.142343 0.552715 
4.15 0.7 0.111433 0.57345 
4.2 0.7 0.0765519 0.588738 
4.25 0.7 0.0389303 0.598102 
4.3 0.7 -8.52524e-05 0.601218 
4.35 0.7 -0.039084 0.597971 
4.4 0.7 -0.0766544 0.58847 
4.45 0.7 -0.111446 0.573032 
4.5 0.7 -0.142226 0.552129 
4.55 0.7 -0.167917 0.526333 
4.6 0.7 -0.187629 0.496262 
4.65 0.7 -0.200671 0.462555 
4.7 0.7 -0.206558 0.425889 
4.75 0.7 -0.205016 0.387042 
4.8 0.7 -0.195995 0.346984 
4.85 0.7 -0.179687 0.306994 
4.9 0.7 -0.156549 0.268741 
4.95 0.7 -0.127329 0.234282 
5 0.7 -0.0930812 0.205926 
0 0.75 -0.102861 0.205215 
0.05 0.75 -0.0754296 0.179243 
0.1 0.75 -0.0449454 0.160838 
0.15 0.75 -0.0125761 0.151646 
0.2 0.75 0.0203725 0.152553 
0.25 0.75 0.0525449 0.16346 
0.3 0.75 0.0826319 0.183307 
0.35 0.75 0.109456 0.210326 
0.4 0.75 0.132035 0.242419 
0.45 0.75 0.149613 0.277514 
0.5 0.75 0.161666 0.313809 
0.55 0.75 0.16789 0.349858 
0.6 0.75 0.168181 0.384562 
0.65 0.75 0.162613 0.417085 
0.7 0.75 0.151428 0.446763 
0.75 0.75 0.135026 0.473031 
0.8 0.75 0.113964 0.495377 
0.85 0.75 0.0889491 0.513329 
0.9 0.75 0.0608292 0.526466 
0.95 0.75 0.0305728 0.534451 
1 0.75 -0.000763608 0.537063 
1.05 0.75 -0.0320768 0.534227 
1.1 0.75 -0.0622644 0.526024 
1.15 0.75 -0.0902718 0.512678 
1.2 0.75 -0.115134 0.494529 
1.25 0.75 -0.136006 0.471996 
1.3 0.75 -0.152183 0.445553 
1.35 0.75 -0.163112 0.415711 
1.4 0.75 -0.168395 0.383034 
1.45 0.75 -0.167792 0.34819 
1.5 0.75 -0.161228 0.312026 
1.55 0.75 -0.148811 0.27566 
1.6 0.75 -0.130849 0.240562 
1.65 0.75 -0.107871 0.208568 
1.7 0.75 -0.0806449 0.181777 
1.75 0.75 -0.0501655 0.162302 
1.8 0.75 -0.0176278 0.151901 
1.85 0.75 0.0156377 0.151594 
1.9 0.75 0.0482499 0.161412 
1.95 0.75 0.0788723 0.18039 
2 0.75 0.106299 0.206807 
2.05 0.75 0.129521 0.238558 
2.1 0.75 0.147755 0.273535 
2.15 0.75 0.160457 0.309878 
2.2 0.75 0.167307 0.346095 
2.25 0.75 0.168185 0.381043 
2.3 0.75 0.163158 0.413859 
2.35 0.75 0.152457 0.443864 
2.4 0.75 0.136476 0.470484 
2.45 0.75 0.115764 0.493201 
2.5 0.75 0.0910236 0.51154 
2.55 0.75 0.0630976 0.525073 
2.6 0.75 0.0329523 0.533455 
2.65 0.75 0.00164516 0.536455 
2.7 0.75 -0.0297164 0.533985 
2.75 0.75 -0.060022 0.526115 
2.8 0.75 -0.0882062 0.51306 
2.85 0.75 -0.113291 0.495152 
2.9 0.75 -0.134416 0.472812 
2.95 0.75 -0.150864 0.446512 
3 0.75 -0.162067 0.416765 
3.05 0.75 -0.167617 0.384143 
3.1 0.75 -0.167263 0.349316 
3.15 0.75 -0.160925 0.313135 
3.2 0.75 -0.148706 0.276721 
3.25 0.75 -0.13091 0.241546 
3.3 0.75 -0.108067 0.209447 
3.35 0.75 -0.0809437 0.182529 
3.4 0.75 -0.0505378 0.162913 
3.45 0.75 -0.0180482 0.152367 
3.5 0.75 0.015189 0.151926 
3.55 0.75 0.047786 0.161634 
3.6 0.75 0.0783982 0.180537 
3.65 0.75 0.105812 0.206913 
3.7 0.75 0.129009 0.238656 
3.75 0.75 0.147201 0.273647 
3.8 0.75 0.159838 0.310019 
3.85 0.75 0.166598 0.346263 
3.9 0.75 0.167362 0.381227 
3.95 0.75 0.162198 0.414038 
4 0.75 0.151346 0.444005 
4.05 0.75 0.135207 0.470548 
4.1 0.75 0.114341 0.493144 
4.15 0.75 0.0894635 0.511312 
4.2 0.75 0.0614311 0.524625 
4.25 0.75 0.0312236 0.532737 
4.3 0.75 -8.90298e-05 0.535423 
4.35 0.75 -0.031388 0.5326 
4.4 0.75 -0.0615538 0.524344 
4.45 0.75 -0.0895136 0.510876 
4.5 0.75 -0.114284 0.492536 
4.55 0.75 -0.135002 0.469748 
4.6 0.75 -0.150948 0.442992 
4.65 0.75 -0.161558 0.412796 
4.7 0.75 -0.166426 0.379752 
4.75 0.75 -0.165317 0.344568 
4.8 0.75 -0.158172 0.30815 
4.85 0.75 -0.145127 0.271691 
4.9 0.75 -0.126536 0.236743 
4.95 0.75 -0.102991 0.205215 
5 0.75 -0.0753337 0.179243 
0 0.8 -0.0762146 0.17131 
0.05 0.8 -0.0559017 0.149081 
0.1 0.8 -0.0333077 0.133341 
0.15 0.8 -0.00931128 0.125492 
0.2 0.8 0.0151099 0.126287 
0.25 0.8 0.0389412 0.135639 
0.3 0.8 0.0612035 0.152639 
0.35 0.8 0.0810195 0.175776 
0.4 0.8 0.0976618 0.203251 
0.45 0.8 0.110577 0.233287 
0.5 0.8 0.119389 0.264328 
0.55 0.8 0.123886 0.295122 
0.6 0.8 0.124005 0.32471 
0.65 0.8 0.119814 0.352363 
0.7 0.8 0.1115 0.377508 
0.75 0.8 0.099367 0.399673 
0.8 0.8 0.0838273 0.418446 
0.85 0.8 0.0654028 0.433461 
0.9 0.8 0.0447151 0.444409 
0.95 0.8 0.0224713 0.451045 
1 0.8 -0.00055879 0.453213 
1.05 0.8 -0.0235721 0.450862 
1.1 0.8 -0.0457662 0.444047 
1.15 0.8 -0.0663727 0.432926 
1.2 0.8 -0.0846863 0.417743 
1.25 0.8 -0.100088 0.398811 
1.3 0.8 -0.112058 0.376494 
1.35 0.8 -0.120185 0.351203 
1.4 0.8 -0.124168 0.323413 
1.45 0.8 -0.123818 0.2937 
1.5 0.8 -0.119069 0.262803 
1.55 0.8 -0.109986 0.231697 
1.6 0.8 -0.0967822 0.201658 
1.65 0.8 -0.0798404 0.174269 
1.7 0.8 -0.0597215 0.151334 
1.75 0.8 -0.0371644 0.134663 
1.8 0.8 -0.0130616 0.12576 
1.85 0.8 0.0115885 0.125496 
1.9 0.8 0.0357477 0.133899 
1.95 0.8 0.0584128 0.150144 
2 0.8 0.0786828 0.172757 
2.05 0.8 0.0958078 0.199937 
2.1 0.8 0.109215 0.229871 
2.15 0.8 0.118511 0.260957 
2.2 0.8 0.123472 0.2919 
2.25 0.8 0.124024 0.321704 
2.3 0.8 0.12023 0.349616 
2.35 0.8 0.11227 0.375047 
2.4 0.8 0.100443 0.397518 
2.45 0.8 0.0851569 0.416609 
2.5 0.8 0.06693 0.431952 
2.55 0.8 0.0463808 0.443231 
2.6 0.8 0.024215 0.450196 
2.65 0.8 0.00120327 0.452683 
2.7 0.8 -0.021848 0.450632 
2.75 0.8 -0.0441307 0.44409 
2.8 0.8 -0.0648683 0.433209 
2.85 0.8 -0.083346 0.41823 
2.9 0.8 -0.0989342 0.399461 
2.95 0.8 -0.111103 0.377268 
3 0.8 -0.119431 0.352064 
3.05 0.8 -0.123609 0.324325 
3.1 0.8 -0.123443 0.294631 
3.15 0.8 -0.118859 0.263723 
3.2 0.8 -0.10992 0.23258 
3.25 0.8 -0.096838 0.202478 
3.3 0.8 -0.0799937 0.175001 
3.35 0.8 -0.0599489 0.151959 
3.4 0.8 -0.0374441 0.135167 
3.45 0.8 -0.0133745 0.12614 
3.5 0.8 0.0112571 0.125762 
3.55 0.8 0.0354077 0.13407 
3.6 0.8 0.0580681 0.150248 
3.65 0.8 0.0783309 0.172824 
3.7 0.8 0.0954403 0.199994 
3.75 0.8 0.108818 0.229937 
3.8 0.8 0.118068 0.261042 
3.85 0.8 0.122964 0.292003 
3.9 0.8 0.123433 0.321816 
3.95 0.8 0.119538 0.349716 
4 0.8 0.111466 0.37511 
4.05 0.8 0.0995201 0.39751 
4.1 0.8 0.0841185 0.416494 
4.15 0.8 0.0657876 0.43169 
4.2 0.8 0.0451562 0.442781 
4.25 0.8 0.02294 0.449517 
4.3 0.8 -8.09112e-05 0.451738 
4.35 0.8 -0.0230918 0.449387 
4.4 0.8 -0.0452773 0.442515 
4.45 0.8 -0.0658552 0.43128 
4.5 0.8 -0.0841065 0.415924 
4.55 0.8 -0.0993983 0.396764 
4.6 0.8 -0.1112 0.374171 
4.65 0.8 -0.119089 0.348572 
4.7 0.8 -0.122762 0.320465 
4.75 0.8 -0.122034 0.290462 
4.8 0.8 -0.116849 0.259355 
4.85 0.8 -0.107298 0.228182 
4.9 0.8 -0.0936312 0.198287 
4.95 0.8 -0.0762793 0.17131 
5 0.8 -0.0558535 0.149081 
0 0.85 -0.0494213 0.132891 
0.05 0.85 -0.0362437 0.115542 
0.1 0.85 -0.0215905 0.103277 
0.15 0.85 -0.00603669 0.0971726 
0.2 0.85 0.0097839 0.0978013 
0.25 0.85 0.0252111 0.105095 
0.3 0.85 0.0396063 0.118353 
0.35 0.85 0.0523989 0.136407 
0.4 0.85 0.0631189 0.157866 
0.45 0.85 0.0714132 0.181343 
0.5 0.85 0.077046 0.205617 
0.55 0.85 0.0798895 0.229699 
0.6 0.85 0.0799115 0.252825 
0.65 0.85 0.0771628 0.274413 
0.7 0.85 0.0717701 0.294008 
0.75 0.85 0.0639313 0.311242 
0.8 0.85 0.0539137 0.325802 
0.85 0.85 0.0420524 0.33742 
0.9 0.85 0.0287455 0.345871 
0.95 0.85 0.0144449 0.350986 
1 0.85 -0.000357638 0.352657 
1.05 0.85 -0.0151496 0.350847 
1.1 0.85 -0.0294188 0.345595 
1.15 0.85 -0.0426743 0.337009 
1.2 0.85 -0.0544654 0.325262 
1.25 0.85 -0.0643955 0.310577 
1.3 0.85 -0.0721308 0.293223 
1.35 0.85 -0.0774047 0.273511 
1.4 0.85 -0.08002 0.251814 
1.45 0.85 -0.0798501 0.228588 
1.5 0.85 -0.0768444 0.204424 
1.55 0.85 -0.0710359 0.180099 
1.6 0.85 -0.0625542 0.156621 
1.65 0.85 -0.0516383 0.135233 
1.7 0.85 -0.0386473 0.11734 
1.75 0.85 -0.0240594 0.104345 
1.8 0.85 -0.00845697 0.0974091 
1.85 0.85 0.00750497 0.0972033 
1.9 0.85 0.0231446 0.103748 
1.95 0.85 0.0378039 0.11641 
2 0.85 0.0508944 0.13405 
2.05 0.85 0.0619304 0.155273 
2.1 0.85 0.0705453 0.178667 
2.15 0.85 0.0764923 0.202975 
2.2 0.85 0.0796354 0.227174 
2.25 0.85 0.0799363 0.250471 
2.3 0.85 0.0774417 0.272264 
2.35 0.85 0.0722746 0.292086 
2.4 0.85 0.0646301 0.309561 
2.45 0.85 0.054773 0.324371 
2.5 0.85 0.043036 0.336244 
2.55 0.85 0.0298155 0.344952 
2.6 0.85 0.0155626 0.350319 
2.65 0.85 0.000769698 0.352234 
2.7 0.85 -0.0140486 0.350653 
2.75 0.85 -0.0283762 0.34561 
2.8 0.85 -0.0417173 0.33721 
2.85 0.85 -0.0536148 0.32562 
2.9 0.85 -0.0636655 0.311063 
2.95 0.85 -0.0715288 0.293807 
3 0.85 -0.0769321 0.274165 
3.05 0.85 -0.0796727 0.25251 
3.1 0.85 -0.0796199 0.229301 
3.15 0.85 -0.0767198 0.205131 
3.2 0.85 -0.0710032 0.180778 
3.25 0.85 -0.0625984 0.157252 
3.3 0.85 -0.0517441 0.135797 
3.35 0.85 -0.0387993 0.11782 
3.4 0.85 -0.0242434 0.104732 
3.45 0.85 -0.00866065 0.0977 
3.5 0.85 0.00729146 0.0974045 
3.55 0.85 0.0229277 0.103875 
3.6 0.85 0.0375861 0.116483 
3.65 0.85 0.0506742 0.134092 
3.7 0.85 0.0617022 0.155305 
3.75 0.85 0.0703001 0.178704 
3.8 0.85 0.0762187 0.203024 
3.85 0.85 0.0793208 0.227234 
3.9 0.85 0.079568 0.250534 
3.95 0.85 0.0770084 0.272315 
4 0.85 0.071768 0.292104 
4.05 0.85 0.064046 0.309521 
4.1 0.85 0.0541125 0.324244 
4.15 0.85 0.042306 0.336 
4.2 0.85 0.0290296 0.344559 
4.25 0.85 0.0147408 0.349748 
4.3 0.85 -6.1943e-05 0.351455 
4.35 0.85 -0.0148584 0.34964 
4.4 0.85 -0.0291277 0.344338 
4.45 0.85 -0.0423702 0.335657 
4.5 0.85 -0.0541258 0.32377 
4.55 0.85 -0.0639888 0.308902 
4.6 0.85 -0.0716174 0.291329 
4.65 0.85 -0.076739 0.271375 
4.7 0.85 -0.0791536 0.249431 
4.75 0.85 -0.0787368 0.225984 
4.8 0.85 -0.0754472 0.201665 
4.85 0.85 -0.0693369 0.1773 
4.9 0.85 -0.0605648 0.153949 
4.95 0.85 -0.0494076 0.132891 
5 0.85 -0.0362531 0.115542 
0 0.9 -0.0253216 0.0907538 
0.05 0.9 -0.0185295 0.0790233 
0.1 0.9 -0.0110247 0.0707561 
0.15 0.9 -0.00308414 0.0666492 
0.2 0.9 0.00498231 0.0670765 
0.25 0.9 0.012841 0.0719916 
0.3 0.9 0.020165 0.0809329 
0.35 0.9 0.0266623 0.0931268 
0.4 0.9 0.0320942 0.107645 
0.45 0.9 0.036284 0.123556 
0.5 0.9 0.0391162 0.140031 
0.55 0.9 0.040531 0.156392 
0.6 0.9 0.0405163 0.172109 
0.65 0.9 0.0391014 0.186778 
0.7 0.9 0.0363527 0.200084 
0.75 0.9 0.0323711 0.211774 
0.8 0.9 0.0272918 0.221638 
0.85 0.9 0.0212838 0.229498 
0.9 0.9 0.0145474 0.235209 
0.95 0.9 0.00731012 0.238663 
1 0.9 -0.000180198 0.239791 
1.05 0.9 -0.00766524 0.23857 
1.1 0.9 -0.0148868 0.235024 
1.15 0.9 -0.0215976 0.229222 
1.2 0.9 -0.0275708 0.221274 
1.25 0.9 -0.0326064 0.211325 
1.3 0.9 -0.0365365 0.199552 
1.35 0.9 -0.039226 0.186167 
1.4 0.9 -0.0405742 0.171422 
1.45 0.9 -0.0405147 0.155637 
1.5 0.9 -0.0390183 0.139221 
1.55 0.9 -0.036097 0.122713 
1.6 0.9 -0.0318117 0.106803 
1.65 0.9 -0.0262794 0.0923351 
1.7 0.9 -0.01968 0.0802536 
1.75 0.9 -0.0122568 0.0714933 
1.8 0.9 -0.00430891 0.0668226 
1.85 0.9 0.00382515 0.0666838 
1.9 0.9 0.0117924 0.0710909 
1.95 0.9 0.0192528 0.0796253 
2 0.9 0.0259038 0.0915343 
2.05 0.9 0.0314983 0.105888 
2.1 0.9 0.0358521 0.121739 
2.15 0.9 0.0388443 0.138234 
2.2 0.9 0.0404108 0.154672 
2.25 0.9 0.0405367 0.170505 
2.3 0.9 0.0392494 0.185314 
2.35 0.9 0.0366136 0.198776 
2.4 0.9 0.0327289 0.21063 
2.45 0.9 0.0277294 0.220664 
2.5 0.9 0.0217828 0.228697 
2.55 0.9 0.0150887 0.234582 
2.6 0.9 0.00787431 0.238206 
2.65 0.9 0.000387641 0.239498 
2.7 0.9 -0.00711185 0.238431 
2.75 0.9 -0.0143641 0.235025 
2.8 0.9 -0.0211191 0.229348 
2.85 0.9 -0.0271468 0.221507 
2.9 0.9 -0.032244 0.211645 
2.95 0.9 -0.0362392 0.19994 
3 0.9 -0.0389943 0.186603 
3.05 0.9 -0.0404057 0.171889 
3.1 0.9 -0.0404052 0.156116 
3.15 0.9 -0.0389617 0.139697 
3.2 0.9 -0.0360864 0.123171 
3.25 0.9 -0.0318392 0.107229 
3.3 0.9 -0.0263373 0.0927155 
3.35 0.9 -0.0197604 0.080578 
3.4 0.9 -0.0123523 0.0717546 
3.45 0.9 -0.00441325 0.067019 
3.5 0.9 0.0037171 0.0668198 
3.55 0.9 0.011684 0.0711764 
3.6 0.9 0.0191453 0.0796742 
3.65 0.9 0.0257965 0.0915616 
3.7 0.9 0.0313881 0.105907 
3.75 0.9 0.0357344 0.12176 
3.8 0.9 0.038713 0.138261 
3.85 0.9 0.0402592 0.154705 
3.9 0.9 0.040358 0.170538 
3.95 0.9 0.0390377 0.185336 
4 0.9 0.0363641 0.198773 
4.05 0.9 0.0324393 0.210587 
4.1 0.9 0.0273998 0.22056 
4.15 0.9 0.0214165 0.228513 
4.2 0.9 0.0146923 0.234296 
4.25 0.9 0.0074576 0.237798 
4.3 0.9 -3.62812e-05 0.238948 
4.35 0.9 -0.0075271 0.237721 
4.4 0.9 -0.0147523 0.234139 
4.45 0.9 -0.0214599 0.228271 
4.5 0.9 -0.027418 0.220226 
4.55 0.9 -0.0324223 0.210152 
4.6 0.9 -0.0363002 0.19823 
4.65 0.9 -0.0389135 0.18468 
4.7 0.9 -0.0401598 0.169771 
4.75 0.9 -0.0399739 0.15384 
4.8 0.9 -0.038332 0.137327 
4.85 0.9 -0.0352587 0.120803 
4.9 0.9 -0.0308366 0.104992 
4.95 0.9 -0.0252165 0.0907538 
5 0.9 -0.0186063 0.0790233 
0 0.95 -0.00747981 0.0460277 
0.05 0.95 -0.0053659 0.0401896 
0.1 0.95 -0.00317176 0.0360979 
0.15 0.95 -0.000886488 0.0340691 
0.2 0.95 0.00142732 0.0342815 
0.25 0.95 0.00367897 0.0367132 
0.3 0.95 0.00577446 0.0411423 
0.35 0.95 0.0076294 0.0471948 
0.4 0.95 0.00917569 0.0544181 
0.45 0.95 0.0103639 0.0623533 
0.5 0.95 0.0111628 0.0705874 
0.55 0.95 0.0115572 0.078778 
0.6 0.95 0.0115452 0.0866555 
0.65 0.95 0.0111362 0.0940121 
0.7 0.95 0.0103494 0.100686 
0.75 0.95 0.00921361 0.106549 
0.8 0.95 0.00776685 0.111493 
0.85 0.95 0.00605667 0.115431 
0.9 0.95 0.00413967 0.118291 
0.95 0.95 0.00208032 0.12002 
1 0.95 -5.10387e-05 0.120585 
1.05 0.95 -0.00218091 0.119974 
1.1 0.95 -0.00423587 0.118199 
1.15 0.95 -0.00614569 0.115293 
1.2 0.95 -0.0078461 0.111311 
1.25 0.95 -0.00928072 0.106324 
1.3 0.95 -0.0104022 0.10042 
1.35 0.95 -0.0111725 0.0937057 
1.4 0.95 -0.0115629 0.0863113 
1.45 0.95 -0.0115542 0.0783999 
1.5 0.95 -0.0111368 0.0701823 
1.55 0.95 -0.0103128 0.0619326 
1.6 0.95 -0.00909733 0.0539994 
1.65 0.95 -0.00752223 0.0468028 
1.7 0.95 -0.0056377 0.0408077 
1.75 0.95 -0.00351317 0.0364695 
1.8 0.95 -0.0012353 0.0341597 
1.85 0.95 0.00109712 0.034091 
1.9 0.95 0.00338074 0.0362702 
1.95 0.95 0.0055162 0.0404959 
2 0.95 0.00741588 0.0464045 
2.05 0.95 0.00900911 0.0535432 
2.1 0.95 0.0102444 0.0614456 
2.15 0.95 0.0110889 0.0696876 
2.2 0.95 0.0115263 0.0779154 
2.25 0.95 0.011554 0.08585 
2.3 0.95 0.0111808 0.0932763 
2.35 0.95 0.0104256 0.100028 
2.4 0.95 0.00931683 0.105973 
2.45 0.95 0.00789227 0.111003 
2.5 0.95 0.00619913 0.115028 
2.55 0.95 0.00429376 0.117975 
2.6 0.95 0.0022405 0.119789 
2.65 0.95 0.000109781 0.120435 
2.7 0.95 -0.0020246 0.119901 
2.75 0.95 -0.00408867 0.118197 
2.8 0.95 -0.00601144 0.115354 
2.85 0.95 -0.0077277 0.111425 
2.9 0.95 -0.00918008 0.106482 
2.95 0.95 -0.0103202 0.100612 
3 0.95 -0.0111092 0.0939225 
3.05 0.95 -0.0115177 0.0865436 
3.1 0.95 -0.0115256 0.078639 
3.15 0.95 -0.0111231 0.0704201 
3.2 0.95 -0.0103119 0.0621614 
3.25 0.95 -0.00910703 0.0542122 
3.3 0.95 -0.00754025 0.046993 
3.35 0.95 -0.00566178 0.0409701 
3.4 0.95 -0.00354119 0.0366007 
3.45 0.95 -0.0012654 0.0342587 
3.5 0.95 0.00106643 0.0341602 
3.55 0.95 0.00335044 0.0363142 
3.6 0.95 0.00548669 0.0405215 
3.65 0.95 0.0073869 0.046419 
3.7 0.95 0.00897979 0.053553 
3.75 0.95 0.0102133 0.0614555 
3.8 0.95 0.0110543 0.0696999 
3.85 0.95 0.0114861 0.0779298 
3.9 0.95 0.0115061 0.0858635 
3.95 0.95 0.0111234 0.093284 
4 0.95 0.0103573 0.100023 
4.05 0.95 0.00923674 0.105947 
4.1 0.95 0.00780034 0.110946 
4.15 0.95 0.00609619 0.11493 
4.2 0.95 0.00418158 0.117826 
4.25 0.95 0.00212184 0.119578 
4.3 0.95 -1.17131e-05 0.120153 
4.35 0.95 -0.00214445 0.119539 
4.4 0.95 -0.00420169 0.117745 
4.45 0.95 -0.00611183 0.114806 
4.5 0.95 -0.00780918 0.110775 
4.55 0.95 -0.00923593 0.105725 
4.6 0.95 -0.0103434 0.0997466 
4.65 0.95 -0.0110925 0.0929513 
4.7 0.95 -0.0114541 0.0854761 
4.75 0.95 -0.0114088 0.0774949 
4.8 0.95 -0.0109491 0.0692328 
4.85 0.95 -0.0100815 0.060981 
4.9 0.95 -0.00883379 0.053104 
4.95 0.95 -0.00726999 0.0460277 
5 0.95 -0.00552025 0.0401896 
0 1 0 0 
0.05 1 0 0 
0.1 1 0 0 
0.15 1 0 0 
0.2 1 0 0 
0.25 1 0 0 
0.3 1 0 0 
0.35 1 0 0 
0.4 1 0 0 
0.45 1 0 0 
0.5 1 0 0 
0.55 1 0 0 
0.6 1 0 0 
0.65 1 0 0 
0.7 1 0 0 
0.75 1 0 0 
0.8 1 0 0 
0.85 1 0 0 
0.9 1 0 0 
0.95 1 0 0 
1 1 0 0 
1.05 1 0 0 
1.1 1 0 0 
1.15 1 0 0 
1.2 1 0 0 
1.25 1 0 0 
1.3 1 0 0 
1.35 1 0 0 
1.4 1 0 0 
1.45 1 0 0 
1.5 1 0 0 
1.55 1 0 0 
1.6 1 0 0 
1.65 1 0 0 
1.7 1 0 0 
1.75 1 0 0 
1.8 1 0 0 
1.85 1 0 0 
1.9 1 0 0 
1.95 1 0 0 
2 1 0 0 
2.05 1 0 0 
2.1 1 0 0 
2.15 1 0 0 
2.2 1 0 0 
2.25 1 0 0 
2.3 1 0 0 
2.35 1 0 0 
2.4 1 0 0 
2.45 1 0 0 
2.5 1 0 0 
2.55 1 0 0 
2.6 1 0 0 
2.65 1 0 0 
2.7 1 0 0 
2.75 1 0 0 
2.8 1 0 0 
2.85 1 0 0 
2.9 1 0 0 
2.95 1 0 0 
3 1 0 0 
3.05 1 0 0 
3.1 1 0 0 
3.15 1 0 0 
3.2 1 0 0 
3.25 1 0 0 
3.3 1 0 0 
3.35 1 0 0 
3.4 1 0 0 
3.45 1 0 0 
3.5 1 0 0 
3.55 1 0 0 
3.6 1 0 0 
3.65 1 0 0 
3.7 1 0 0 
3.75 1 0 0 
3.8 1 0 0 
3.85 1 0 0 
3.9 1 0 0 
3.95 1 0 0 
4 1 0 0 
4.05 1 0 0 
4.1 1 0 0 
4.15 1 0 0 
4.2 1 0 0 
4.25 1 0 0 
4.3 1 0 0 
4.35 1 0 0 
4.4 1 0 0 
4.45 1 0 0 
4.5 1 0 0 
4.55 1 0 0 
4.6 1 0 0 
4.65 1 0 0 
4.7 1 0 0 
4.75 1 0 0 
4.8 1 0 0 
4.85 1 0 0 
4.9 1 0 0 
4.95 1 0 0 
5 1 0 0 
