x, y, ksi, T
#iter= 930000
0 0 0 1 
0.05 0 0 1 
0.1 0 0 1 
0.15 0 0 1 
0.2 0 0 1 
0.25 0 0 1 
0.3 0 0 1 
0.35 0 0 1 
0.4 0 0 1 
0.45 0 0 1 
0.5 0 0 1 
0.55 0 0 1 
0.6 0 0 1 
0.65 0 0 1 
0.7 0 0 1 
0.75 0 0 1 
0.8 0 0 1 
0.85 0 0 1 
0.9 0 0 1 
0.95 0 0 1 
1 0 0 1 
1.05 0 0 1 
1.1 0 0 1 
1.15 0 0 1 
1.2 0 0 1 
1.25 0 0 1 
1.3 0 0 1 
1.35 0 0 1 
1.4 0 0 1 
1.45 0 0 1 
1.5 0 0 1 
1.55 0 0 1 
1.6 0 0 1 
1.65 0 0 1 
1.7 0 0 1 
1.75 0 0 1 
1.8 0 0 1 
1.85 0 0 1 
1.9 0 0 1 
1.95 0 0 1 
2 0 0 1 
2.05 0 0 1 
2.1 0 0 1 
2.15 0 0 1 
2.2 0 0 1 
2.25 0 0 1 
2.3 0 0 1 
2.35 0 0 1 
2.4 0 0 1 
2.45 0 0 1 
2.5 0 0 1 
2.55 0 0 1 
2.6 0 0 1 
2.65 0 0 1 
2.7 0 0 1 
2.75 0 0 1 
2.8 0 0 1 
2.85 0 0 1 
2.9 0 0 1 
2.95 0 0 1 
3 0 0 1 
3.05 0 0 1 
3.1 0 0 1 
3.15 0 0 1 
3.2 0 0 1 
3.25 0 0 1 
3.3 0 0 1 
3.35 0 0 1 
3.4 0 0 1 
3.45 0 0 1 
3.5 0 0 1 
3.55 0 0 1 
3.6 0 0 1 
3.65 0 0 1 
3.7 0 0 1 
3.75 0 0 1 
3.8 0 0 1 
3.85 0 0 1 
3.9 0 0 1 
3.95 0 0 1 
4 0 0 1 
4.05 0 0 1 
4.1 0 0 1 
4.15 0 0 1 
4.2 0 0 1 
4.25 0 0 1 
4.3 0 0 1 
4.35 0 0 1 
4.4 0 0 1 
4.45 0 0 1 
4.5 0 0 1 
4.55 0 0 1 
4.6 0 0 1 
4.65 0 0 1 
4.7 0 0 1 
4.75 0 0 1 
4.8 0 0 1 
4.85 0 0 1 
4.9 0 0 1 
4.95 0 0 1 
5 0 0 1 
0 0.05 -0.00725699 0.886534 
0.05 0.05 -0.00522867 0.883014 
0.1 0.05 -0.00310118 0.880731 
0.15 0.05 -0.000921155 0.879657 
0.2 0.05 0.00125984 0.879785 
0.25 0.05 0.00337912 0.881097 
0.3 0.05 0.00537075 0.883562 
0.35 0.05 0.00717125 0.887128 
0.4 0.05 0.00872314 0.89173 
0.45 0.05 0.00997686 0.897284 
0.5 0.05 0.0108917 0.903691 
0.55 0.05 0.0114359 0.910831 
0.6 0.05 0.0115868 0.918556 
0.65 0.05 0.0113313 0.926675 
0.7 0.05 0.0106668 0.93494 
0.75 0.05 0.00960312 0.943033 
0.8 0.05 0.00816533 0.95056 
0.85 0.05 0.00639625 0.957071 
0.9 0.05 0.00435783 0.962097 
0.95 0.05 0.00213039 0.965227 
1 0.05 -0.000191375 0.966179 
1.05 0.05 -0.00250501 0.964862 
1.1 0.05 -0.00470876 0.9614 
1.15 0.05 -0.00670978 0.9561 
1.2 0.05 -0.00843051 0.949388 
1.25 0.05 -0.00981197 0.941734 
1.3 0.05 -0.0108143 0.933581 
1.35 0.05 -0.011415 0.925312 
1.4 0.05 -0.0116064 0.917233 
1.45 0.05 -0.011393 0.909583 
1.5 0.05 -0.0107897 0.902545 
1.55 0.05 -0.00982088 0.896261 
1.6 0.05 -0.00852039 0.890849 
1.65 0.05 -0.00693142 0.886404 
1.7 0.05 -0.00510642 0.883008 
1.75 0.05 -0.00310643 0.880721 
1.8 0.05 -0.000999412 0.879588 
1.85 0.05 0.00114208 0.87963 
1.9 0.05 0.003244 0.880846 
1.95 0.05 0.00523397 0.883215 
2 0.05 0.00704431 0.886691 
2.05 0.05 0.00861442 0.891211 
2.1 0.05 0.00989228 0.896694 
2.15 0.05 0.0108352 0.903043 
2.2 0.05 0.0114099 0.910139 
2.25 0.05 0.0115924 0.917835 
2.3 0.05 0.0113685 0.925944 
2.35 0.05 0.0107345 0.934221 
2.4 0.05 0.00969922 0.942354 
2.45 0.05 0.00828662 0.949951 
2.5 0.05 0.00653828 0.956563 
2.55 0.05 0.00451505 0.961722 
2.6 0.05 0.00229631 0.965005 
2.65 0.05 -2.36746e-05 0.96612 
2.7 0.05 -0.00234235 0.964961 
2.75 0.05 -0.00455722 0.961637 
2.8 0.05 -0.00657421 0.956446 
2.85 0.05 -0.0083142 0.949811 
2.9 0.05 -0.00971664 0.942199 
2.95 0.05 -0.0107402 0.934062 
3 0.05 -0.0113612 0.925787 
3.05 0.05 -0.0115712 0.917688 
3.1 0.05 -0.011374 0.910009 
3.15 0.05 -0.0107843 0.902937 
3.2 0.05 -0.00982655 0.896619 
3.25 0.05 -0.00853445 0.891173 
3.3 0.05 -0.00695142 0.886698 
3.35 0.05 -0.00513016 0.883274 
3.4 0.05 -0.00313201 0.880964 
3.45 0.05 -0.00102535 0.879812 
3.5 0.05 0.00111686 0.879842 
3.55 0.05 0.00322006 0.881051 
3.6 0.05 0.00521138 0.883418 
3.65 0.05 0.00702261 0.886898 
3.7 0.05 0.00859264 0.891427 
3.75 0.05 0.00986902 0.896925 
3.8 0.05 0.0108087 0.90329 
3.85 0.05 0.011378 0.910404 
3.9 0.05 0.0115532 0.918117 
3.95 0.05 0.0113199 0.926239 
4 0.05 0.0106749 0.934519 
4.05 0.05 0.00962777 0.942641 
4.1 0.05 0.00820321 0.950209 
4.15 0.05 0.00644402 0.956771 
4.2 0.05 0.00441224 0.961857 
4.25 0.05 0.00218845 0.96505 
4.3 0.05 -0.000132153 0.966065 
4.35 0.05 -0.00244647 0.964806 
4.4 0.05 -0.00465192 0.961393 
4.45 0.05 -0.0066548 0.956131 
4.5 0.05 -0.00837674 0.949446 
4.55 0.05 -0.00975829 0.941811 
4.6 0.05 -0.0107595 0.933672 
4.65 0.05 -0.0113584 0.925415 
4.7 0.05 -0.0115489 0.91735 
4.75 0.05 -0.0113378 0.909716 
4.8 0.05 -0.0107445 0.902695 
4.85 0.05 -0.00980003 0.896426 
4.9 0.05 -0.00854967 0.891014 
4.95 0.05 -0.00705465 0.886534 
5 0.05 -0.00537682 0.883014 
0 0.1 -0.0245111 0.774385 
0.05 0.1 -0.017964 0.767468 
0.1 0.1 -0.010733 0.762894 
0.15 0.1 -0.00316727 0.760729 
0.2 0.1 0.00445896 0.76097 
0.25 0.1 0.01189 0.763584 
0.3 0.1 0.0188808 0.768501 
0.35 0.1 0.0252028 0.775617 
0.4 0.1 0.0306503 0.784796 
0.45 0.1 0.0350465 0.795871 
0.5 0.1 0.0382462 0.808644 
0.55 0.1 0.0401369 0.822879 
0.6 0.1 0.0406401 0.838286 
0.65 0.1 0.0397123 0.854496 
0.7 0.1 0.0373493 0.871023 
0.75 0.1 0.0335922 0.887239 
0.8 0.1 0.0285353 0.902358 
0.85 0.1 0.0223334 0.915466 
0.9 0.1 0.0152054 0.925609 
0.95 0.1 0.00742987 0.931936 
1 0.1 -0.000667959 0.93386 
1.05 0.1 -0.00873804 0.931197 
1.1 0.1 -0.0164325 0.9242 
1.15 0.1 -0.0234322 0.913508 
1.2 0.1 -0.0294673 0.900001 
1.25 0.1 -0.0343289 0.884634 
1.3 0.1 -0.0378722 0.868304 
1.35 0.1 -0.0400116 0.851773 
1.4 0.1 -0.0407139 0.835647 
1.45 0.1 -0.0399902 0.82039 
1.5 0.1 -0.0378903 0.806357 
1.55 0.1 -0.0344995 0.793828 
1.6 0.1 -0.0299373 0.783034 
1.65 0.1 -0.0243572 0.774165 
1.7 0.1 -0.0179454 0.767384 
1.75 0.1 -0.0109175 0.762817 
1.8 0.1 -0.00351334 0.760553 
1.85 0.1 0.004012 0.760637 
1.9 0.1 0.0113981 0.763067 
1.95 0.1 0.0183905 0.767798 
2 0.1 0.0247504 0.774737 
2.05 0.1 0.0302636 0.783755 
2.1 0.1 0.0347456 0.794691 
2.15 0.1 0.0380447 0.807349 
2.2 0.1 0.0400432 0.821497 
2.25 0.1 0.0406578 0.836848 
2.3 0.1 0.0398413 0.853037 
2.35 0.1 0.0375856 0.869587 
2.4 0.1 0.033928 0.88588 
2.45 0.1 0.028959 0.901136 
2.5 0.1 0.0228294 0.914447 
2.55 0.1 0.0157542 0.924854 
2.6 0.1 0.00800931 0.93149 
2.65 0.1 -8.15109e-05 0.933745 
2.7 0.1 -0.00816776 0.931401 
2.75 0.1 -0.0158992 0.924683 
2.8 0.1 -0.0229524 0.91421 
2.85 0.1 -0.0290527 0.900852 
2.9 0.1 -0.0339859 0.885567 
2.95 0.1 -0.0376022 0.869265 
3 0.1 -0.0398122 0.85272 
3.05 0.1 -0.0405795 0.836551 
3.1 0.1 -0.0399132 0.821234 
3.15 0.1 -0.0378621 0.807133 
3.2 0.1 -0.0345111 0.794535 
3.25 0.1 -0.0299797 0.783673 
3.3 0.1 -0.024422 0.774743 
3.35 0.1 -0.0180249 0.767907 
3.4 0.1 -0.0110053 0.763293 
3.45 0.1 -0.00360405 0.760993 
3.5 0.1 0.00392207 0.761051 
3.55 0.1 0.011311 0.763468 
3.6 0.1 0.0183065 0.768195 
3.65 0.1 0.024668 0.775142 
3.7 0.1 0.0301795 0.78418 
3.75 0.1 0.034655 0.795144 
3.8 0.1 0.0379417 0.807837 
3.85 0.1 0.039921 0.822022 
3.9 0.1 0.0405096 0.837408 
3.95 0.1 0.0396607 0.853623 
4 0.1 0.0373674 0.870183 
4.05 0.1 0.0336695 0.886456 
4.1 0.1 0.0286605 0.901656 
4.15 0.1 0.0224949 0.914866 
4.2 0.1 0.015392 0.925128 
4.25 0.1 0.00763134 0.931583 
4.3 0.1 -0.000460113 0.933635 
4.35 0.1 -0.00853001 0.931088 
4.4 0.1 -0.0162277 0.924188 
4.45 0.1 -0.0232311 0.913571 
4.5 0.1 -0.0292678 0.900116 
4.55 0.1 -0.0341272 0.884783 
4.6 0.1 -0.037664 0.868478 
4.65 0.1 -0.0397946 0.851968 
4.7 0.1 -0.0404897 0.835865 
4.75 0.1 -0.0397675 0.820635 
4.8 0.1 -0.0376878 0.806632 
4.85 0.1 -0.0343475 0.794125 
4.9 0.1 -0.0298747 0.783322 
4.95 0.1 -0.0244089 0.774385 
5 0.1 -0.0180371 0.767468 
0 0.15 -0.0477919 0.668287 
0.05 0.15 -0.0350351 0.658179 
0.1 0.15 -0.0209268 0.651432 
0.15 0.15 -0.00609243 0.648209 
0.2 0.15 0.00890986 0.648544 
0.25 0.15 0.023554 0.652394 
0.3 0.15 0.0373415 0.659655 
0.35 0.15 0.0498111 0.670165 
0.4 0.15 0.0605505 0.683711 
0.45 0.15 0.0692061 0.700038 
0.5 0.15 0.075489 0.71885 
0.55 0.15 0.0791775 0.7398 
0.6 0.15 0.0801192 0.762468 
0.65 0.15 0.0782342 0.786322 
0.7 0.15 0.0735224 0.810663 
0.75 0.15 0.0660744 0.834578 
0.8 0.15 0.0560853 0.856913 
0.85 0.15 0.0438666 0.876313 
0.9 0.15 0.0298504 0.891352 
0.95 0.15 0.0145809 0.900744 
1 0.15 -0.00131142 0.903603 
1.05 0.15 -0.0171501 0.899647 
1.1 0.15 -0.0322629 0.889262 
1.15 0.15 -0.0460304 0.873416 
1.2 0.15 -0.0579247 0.853431 
1.25 0.15 -0.0675324 0.830735 
1.3 0.15 -0.0745609 0.806659 
1.35 0.15 -0.0788325 0.782316 
1.4 0.15 -0.0802717 0.758586 
1.45 0.15 -0.0788925 0.736137 
1.5 0.15 -0.0747875 0.71548 
1.55 0.15 -0.0681223 0.697021 
1.6 0.15 -0.0591323 0.681097 
1.65 0.15 -0.0481217 0.667998 
1.7 0.15 -0.0354601 0.657968 
1.75 0.15 -0.0215761 0.651206 
1.8 0.15 -0.00694543 0.647851 
1.85 0.15 0.00792555 0.647975 
1.9 0.15 0.0225203 0.651576 
1.95 0.15 0.0363336 0.658578 
2 0.15 0.0488918 0.66884 
2.05 0.15 0.0597692 0.68216 
2.1 0.15 0.0685995 0.69829 
2.15 0.15 0.0750823 0.716939 
2.2 0.15 0.078986 0.737764 
2.25 0.15 0.0801495 0.760351 
2.3 0.15 0.0784851 0.784175 
2.35 0.15 0.0739853 0.80855 
2.4 0.15 0.0667335 0.832575 
2.45 0.15 0.0569171 0.85511 
2.5 0.15 0.0448401 0.874808 
2.55 0.15 0.0309276 0.890235 
2.6 0.15 0.0157187 0.900086 
2.65 0.15 -0.000158521 0.903435 
2.7 0.15 -0.0160268 0.899952 
2.75 0.15 -0.0312091 0.88998 
2.8 0.15 -0.0450785 0.874454 
2.85 0.15 -0.0570978 0.854686 
2.9 0.15 -0.0668434 0.832109 
2.95 0.15 -0.0740136 0.808068 
3 0.15 -0.0784227 0.783701 
3.05 0.15 -0.0799896 0.759906 
3.1 0.15 -0.0787242 0.737366 
3.15 0.15 -0.0747168 0.716608 
3.2 0.15 -0.0681318 0.698046 
3.25 0.15 -0.0592049 0.682023 
3.3 0.15 -0.048241 0.668831 
3.35 0.15 -0.0356112 0.658721 
3.4 0.15 -0.0217461 0.65189 
3.45 0.15 -0.00712406 0.648481 
3.5 0.15 0.00774561 0.648567 
3.55 0.15 0.0223431 0.652147 
3.6 0.15 0.0361599 0.659145 
3.65 0.15 0.0487187 0.669419 
3.7 0.15 0.0595906 0.682768 
3.75 0.15 0.0684064 0.69894 
3.8 0.15 0.0748634 0.717641 
3.85 0.15 0.0787286 0.738523 
3.9 0.15 0.0798407 0.761164 
3.95 0.15 0.078113 0.78503 
4 0.15 0.0735408 0.809421 
4.05 0.15 0.0662117 0.833421 
4.1 0.15 0.0563193 0.855876 
4.15 0.15 0.0441746 0.875427 
4.2 0.15 0.0302106 0.890641 
4.25 0.15 0.0149736 0.900222 
4.3 0.15 -0.000902411 0.903269 
4.35 0.15 -0.0167366 0.899483 
4.4 0.15 -0.0318511 0.88924 
4.45 0.15 -0.0456208 0.873499 
4.5 0.15 -0.0575129 0.853586 
4.55 0.15 -0.0671101 0.830936 
4.6 0.15 -0.0741189 0.806887 
4.65 0.15 -0.0783636 0.782566 
4.7 0.15 -0.0797748 0.75886 
4.75 0.15 -0.0783765 0.73644 
4.8 0.15 -0.074274 0.715815 
4.85 0.15 -0.0676443 0.697378 
4.9 0.15 -0.0587225 0.681446 
4.95 0.15 -0.0477751 0.668287 
5 0.15 -0.0350451 0.658179 
0 0.2 -0.0737061 0.573875 
0.05 0.2 -0.0539564 0.560918 
0.1 0.2 -0.0321614 0.552222 
0.15 0.2 -0.00921047 0.548039 
0.2 0.2 0.014039 0.548452 
0.25 0.2 0.0367575 0.553422 
0.3 0.2 0.058156 0.562809 
0.35 0.2 0.0775051 0.576383 
0.4 0.2 0.0941556 0.593848 
0.45 0.2 0.107553 0.614853 
0.5 0.2 0.117248 0.639002 
0.55 0.2 0.122898 0.665847 
0.6 0.2 0.124273 0.694855 
0.65 0.2 0.12126 0.725359 
0.7 0.2 0.11387 0.756483 
0.75 0.2 0.102258 0.787074 
0.8 0.2 0.0867376 0.815666 
0.85 0.2 0.0677999 0.840525 
0.9 0.2 0.0461149 0.859813 
0.95 0.2 0.0225187 0.871868 
1 0.2 -0.0020257 0.87554 
1.05 0.2 -0.0264885 0.87046 
1.1 0.2 -0.0498458 0.857134 
1.15 0.2 -0.0711509 0.836813 
1.2 0.2 -0.0895918 0.81121 
1.25 0.2 -0.104526 0.782162 
1.3 0.2 -0.115491 0.751367 
1.35 0.2 -0.122199 0.720244 
1.4 0.2 -0.124519 0.689895 
1.45 0.2 -0.12246 0.661159 
1.5 0.2 -0.116156 0.634678 
1.55 0.2 -0.105857 0.610966 
1.6 0.2 -0.0919262 0.590461 
1.65 0.2 -0.0748346 0.57355 
1.7 0.2 -0.0551589 0.560571 
1.75 0.2 -0.0335689 0.551803 
1.8 0.2 -0.0108096 0.547447 
1.85 0.2 0.0123261 0.547607 
1.9 0.2 0.0350291 0.55228 
1.95 0.2 0.0565079 0.561357 
2 0.2 0.0760214 0.574633 
2.05 0.2 0.0929041 0.591824 
2.1 0.2 0.106585 0.612591 
2.15 0.2 0.116599 0.636543 
2.2 0.2 0.122589 0.663236 
2.25 0.2 0.124312 0.692145 
2.3 0.2 0.121643 0.722613 
2.35 0.2 0.114583 0.75378 
2.4 0.2 0.103275 0.78451 
2.45 0.2 0.0880221 0.813356 
2.5 0.2 0.0693029 0.838594 
2.55 0.2 0.0477781 0.858379 
2.6 0.2 0.0242761 0.871021 
2.65 0.2 -0.000243373 0.875321 
2.7 0.2 -0.024749 0.870847 
2.75 0.2 -0.0482099 0.858049 
2.8 0.2 -0.0696681 0.838137 
2.85 0.2 -0.0882977 0.812807 
2.9 0.2 -0.103441 0.783906 
2.95 0.2 -0.114622 0.753154 
3 0.2 -0.121541 0.721995 
3.05 0.2 -0.124059 0.691561 
3.1 0.2 -0.122177 0.662709 
3.15 0.2 -0.116026 0.636097 
3.2 0.2 -0.105854 0.612252 
3.25 0.2 -0.0920238 0.59162 
3.3 0.2 -0.075008 0.57459 
3.35 0.2 -0.0553854 0.561507 
3.4 0.2 -0.0338288 0.55265 
3.45 0.2 -0.0110868 0.548224 
3.5 0.2 0.012043 0.548334 
3.55 0.2 0.0347464 0.55298 
3.6 0.2 0.0562271 0.562051 
3.65 0.2 0.0757382 0.575343 
3.7 0.2 0.0926096 0.592572 
3.75 0.2 0.106266 0.613393 
3.8 0.2 0.116238 0.637413 
3.85 0.2 0.122167 0.664181 
3.9 0.2 0.123811 0.693162 
3.95 0.2 0.121045 0.723687 
4 0.2 0.113875 0.754877 
4.05 0.2 0.10245 0.785579 
4.1 0.2 0.0870826 0.814326 
4.15 0.2 0.0682627 0.839379 
4.2 0.2 0.0466622 0.858891 
4.25 0.2 0.0231205 0.871186 
4.3 0.2 -0.00139404 0.875097 
4.35 0.2 -0.0258442 0.870232 
4.4 0.2 -0.0491976 0.857083 
4.45 0.2 -0.0704987 0.836892 
4.5 0.2 -0.0889272 0.811372 
4.55 0.2 -0.103834 0.78237 
4.6 0.2 -0.114755 0.751598 
4.65 0.2 -0.121403 0.720486 
4.7 0.2 -0.123653 0.69015 
4.75 0.2 -0.121525 0.661434 
4.8 0.2 -0.115166 0.634978 
4.85 0.2 -0.104835 0.61129 
4.9 0.2 -0.0908904 0.590794 
4.95 0.2 -0.0737614 0.573875 
5 0.2 -0.0539138 0.560918 
0 0.25 -0.0995887 0.495364 
0.05 0.25 -0.0727923 0.479948 
0.1 0.25 -0.0432756 0.469563 
0.15 0.25 -0.0121765 0.464545 
0.2 0.25 0.0193552 0.465034 
0.25 0.25 0.0501841 0.470998 
0.3 0.25 0.0792226 0.482251 
0.35 0.25 0.105466 0.498482 
0.4 0.25 0.128022 0.519288 
0.45 0.25 0.146133 0.544207 
0.5 0.25 0.15919 0.572739 
0.55 0.25 0.166736 0.60434 
0.6 0.25 0.168469 0.638388 
0.65 0.25 0.164252 0.674114 
0.7 0.25 0.154117 0.710516 
0.75 0.25 0.138293 0.746267 
0.8 0.25 0.117221 0.779671 
0.85 0.25 0.0915723 0.80871 
0.9 0.25 0.0622554 0.831243 
0.95 0.25 0.0303918 0.845328 
1 0.25 -0.00273369 0.849619 
1.05 0.25 -0.0357506 0.843685 
1.1 0.25 -0.067296 0.828117 
1.15 0.25 -0.0961058 0.80438 
1.2 0.25 -0.121089 0.774472 
1.25 0.25 -0.141375 0.740537 
1.3 0.25 -0.156326 0.704546 
1.35 0.25 -0.165537 0.668139 
1.4 0.25 -0.168812 0.632584 
1.45 0.25 -0.166145 0.598839 
1.5 0.25 -0.157701 0.567644 
1.55 0.25 -0.143807 0.539602 
1.6 0.25 -0.124949 0.515247 
1.65 0.25 -0.101762 0.495071 
1.7 0.25 -0.075033 0.479522 
1.75 0.25 -0.0456764 0.468982 
1.8 0.25 -0.0147137 0.463733 
1.85 0.25 0.016766 0.463924 
1.9 0.25 0.0476511 0.469551 
1.95 0.25 0.0768549 0.480457 
2 0.25 0.103361 0.496355 
2.05 0.25 0.126261 0.516858 
2.1 0.25 0.144778 0.541514 
2.15 0.25 0.158282 0.569829 
2.2 0.25 0.166298 0.601265 
2.25 0.25 0.16851 0.635206 
2.3 0.25 0.164764 0.670897 
2.35 0.25 0.155078 0.707352 
2.4 0.25 0.139666 0.743267 
2.45 0.25 0.118954 0.776966 
2.5 0.25 0.0935996 0.806447 
2.55 0.25 0.0644985 0.829559 
2.6 0.25 0.0327625 0.844328 
2.65 0.25 -0.000327565 0.84935 
2.7 0.25 -0.033399 0.844123 
2.75 0.25 -0.0650796 0.829169 
2.8 0.25 -0.0940908 0.805906 
2.85 0.25 -0.119324 0.776316 
2.9 0.25 -0.139887 0.742549 
2.95 0.25 -0.155127 0.706606 
3 0.25 -0.164622 0.670155 
3.05 0.25 -0.168163 0.634498 
3.1 0.25 -0.165735 0.600618 
3.15 0.25 -0.1575 0.56927 
3.2 0.25 -0.143781 0.541074 
3.25 0.25 -0.125063 0.51657 
3.3 0.25 -0.101984 0.496255 
3.35 0.25 -0.0753312 0.480582 
3.4 0.25 -0.0460247 0.469936 
3.45 0.25 -0.0150904 0.464603 
3.5 0.25 0.0163766 0.464734 
3.55 0.25 0.0472579 0.470326 
3.6 0.25 0.07646 0.481224 
3.65 0.25 0.10296 0.49714 
3.7 0.25 0.125841 0.517686 
3.75 0.25 0.144321 0.542407 
3.8 0.25 0.157767 0.570804 
3.85 0.25 0.165701 0.60233 
3.9 0.25 0.167805 0.636358 
3.95 0.25 0.163928 0.672118 
4 0.25 0.154095 0.708604 
4.05 0.25 0.138529 0.744489 
4.1 0.25 0.117666 0.778075 
4.15 0.25 0.0921807 0.807343 
4.2 0.25 0.0629817 0.830137 
4.25 0.25 0.0311962 0.844501 
4.3 0.25 -0.00188353 0.849066 
4.35 0.25 -0.0348768 0.843378 
4.4 0.25 -0.0664088 0.828009 
4.45 0.25 -0.0952032 0.804414 
4.5 0.25 -0.120158 0.774591 
4.55 0.25 -0.140391 0.740694 
4.6 0.25 -0.155262 0.704711 
4.65 0.25 -0.164363 0.668295 
4.7 0.25 -0.167505 0.63273 
4.75 0.25 -0.164689 0.598985 
4.8 0.25 -0.156094 0.567802 
4.85 0.25 -0.142056 0.539789 
4.9 0.25 -0.123057 0.515476 
4.95 0.25 -0.0997036 0.495364 
5 0.25 -0.0727065 0.479948 
0 0.3 -0.123378 0.434164 
0.05 0.3 -0.0900584 0.416592 
0.1 0.3 -0.0533973 0.404707 
0.15 0.3 -0.0147588 0.398949 
0.2 0.3 0.0244369 0.399526 
0.25 0.3 0.0627665 0.406408 
0.3 0.3 0.0988593 0.419343 
0.35 0.3 0.131448 0.437899 
0.4 0.3 0.159414 0.46153 
0.45 0.3 0.181812 0.489631 
0.5 0.3 0.197888 0.521581 
0.55 0.3 0.207087 0.556739 
0.6 0.3 0.209053 0.594411 
0.65 0.3 0.203637 0.633766 
0.7 0.3 0.190905 0.673731 
0.75 0.3 0.171162 0.712882 
0.8 0.3 0.144973 0.749393 
0.85 0.3 0.113181 0.781091 
0.9 0.3 0.0769102 0.805661 
0.95 0.3 0.0375354 0.821009 
1 0.3 -0.00337511 0.825684 
1.05 0.3 -0.0441535 0.819222 
1.1 0.3 -0.0831405 0.802259 
1.15 0.3 -0.118793 0.776375 
1.2 0.3 -0.149771 0.743726 
1.25 0.3 -0.174993 0.706626 
1.3 0.3 -0.19366 0.667201 
1.35 0.3 -0.205248 0.627214 
1.4 0.3 -0.209491 0.588023 
1.45 0.3 -0.206356 0.550655 
1.5 0.3 -0.196025 0.515912 
1.55 0.3 -0.178886 0.484471 
1.6 0.3 -0.155528 0.456965 
1.65 0.3 -0.126737 0.434011 
1.7 0.3 -0.0934882 0.416204 
1.75 0.3 -0.0569299 0.404069 
1.8 0.3 -0.018346 0.398004 
1.85 0.3 0.0208903 0.398222 
1.9 0.3 0.0593762 0.404718 
1.95 0.3 0.0957418 0.417266 
2 0.3 0.128709 0.43546 
2.05 0.3 0.157141 0.458769 
2.1 0.3 0.18007 0.486598 
2.15 0.3 0.196722 0.518328 
2.2 0.3 0.20652 0.553322 
2.25 0.3 0.20909 0.590892 
2.3 0.3 0.204263 0.630221 
2.35 0.3 0.19209 0.670252 
2.4 0.3 0.172857 0.709587 
2.45 0.3 0.147113 0.746425 
2.5 0.3 0.115683 0.778605 
2.55 0.3 0.0796775 0.803806 
2.6 0.3 0.0404604 0.819898 
2.65 0.3 -0.00040479 0.825367 
2.7 0.3 -0.041247 0.819671 
2.75 0.3 -0.0803959 0.803374 
2.8 0.3 -0.116291 0.778005 
2.85 0.3 -0.147571 0.745701 
2.9 0.3 -0.173131 0.708785 
2.95 0.3 -0.19215 0.669412 
3 0.3 -0.204086 0.629378 
3.05 0.3 -0.208657 0.590077 
3.1 0.3 -0.205819 0.552564 
3.15 0.3 -0.195749 0.517657 
3.2 0.3 -0.17883 0.486048 
3.25 0.3 -0.155651 0.45838 
3.3 0.3 -0.126997 0.435273 
3.35 0.3 -0.0938492 0.417328 
3.4 0.3 -0.0573584 0.405073 
3.45 0.3 -0.0188152 0.398912 
3.5 0.3 0.0204002 0.399059 
3.55 0.3 0.0588766 0.405513 
3.6 0.3 0.0952357 0.418049 
3.65 0.3 0.128191 0.436262 
3.7 0.3 0.156596 0.459618 
3.75 0.3 0.179477 0.487519 
3.8 0.3 0.196055 0.519338 
3.85 0.3 0.20575 0.554432 
3.9 0.3 0.208186 0.5921 
3.95 0.3 0.2032 0.631506 
4 0.3 0.190847 0.671574 
4.05 0.3 0.171427 0.71088 
4.1 0.3 0.145501 0.747596 
4.15 0.3 0.113914 0.779545 
4.2 0.3 0.077792 0.8044 
4.25 0.3 0.0385177 0.820051 
4.3 0.3 -0.00233099 0.82502 
4.35 0.3 -0.0430732 0.818818 
4.4 0.3 -0.0820346 0.80206 
4.45 0.3 -0.117656 0.776317 
4.5 0.3 -0.148582 0.743744 
4.55 0.3 -0.17372 0.706665 
4.6 0.3 -0.192261 0.667224 
4.65 0.3 -0.203677 0.627199 
4.7 0.3 -0.207705 0.587967 
4.75 0.3 -0.20432 0.55057 
4.8 0.3 -0.193716 0.515821 
4.85 0.3 -0.176292 0.48441 
4.9 0.3 -0.152641 0.456979 
4.95 0.3 -0.123541 0.434164 
5 0.3 -0.0899379 0.416592 
0 0.35 -0.143512 0.388855 
0.05 0.35 -0.104639 0.369259 
0.1 0.35 -0.0618854 0.355935 
0.15 0.35 -0.0168112 0.34947 
0.2 0.35 0.0289269 0.350157 
0.25 0.35 0.0736516 0.357961 
0.3 0.35 0.115741 0.372529 
0.35 0.35 0.153699 0.393259 
0.4 0.35 0.186207 0.419405 
0.45 0.35 0.212164 0.45017 
0.5 0.35 0.2307 0.484774 
0.55 0.35 0.241186 0.522469 
0.6 0.35 0.243234 0.562499 
0.65 0.35 0.236698 0.604 
0.7 0.35 0.221688 0.645882 
0.75 0.35 0.198584 0.686706 
0.8 0.35 0.168065 0.724626 
0.85 0.35 0.131123 0.757443 
0.9 0.35 0.089058 0.78282 
0.95 0.35 0.0434517 0.798648 
1 0.35 -0.00390492 0.803467 
1.05 0.35 -0.0511109 0.79681 
1.1 0.35 -0.0962748 0.779317 
1.15 0.35 -0.137632 0.752577 
1.2 0.35 -0.173642 0.718764 
1.25 0.35 -0.203048 0.680214 
1.3 0.35 -0.224909 0.639078 
1.35 0.35 -0.238592 0.597137 
1.4 0.35 -0.243758 0.555765 
1.45 0.35 -0.240338 0.516007 
1.5 0.35 -0.228513 0.478698 
1.55 0.35 -0.20871 0.444585 
1.6 0.35 -0.181595 0.414418 
1.65 0.35 -0.148073 0.388977 
1.7 0.35 -0.109284 0.369054 
1.75 0.35 -0.0665743 0.355376 
1.8 0.35 -0.0214628 0.348507 
1.85 0.35 0.024423 0.348751 
1.9 0.35 0.0694183 0.356099 
1.95 0.35 0.111899 0.37023 
2 0.35 0.150357 0.390567 
2.05 0.35 0.183454 0.416379 
2.1 0.35 0.210064 0.446873 
2.15 0.35 0.229296 0.481268 
2.2 0.35 0.240498 0.518818 
2.25 0.35 0.24326 0.558766 
2.3 0.35 0.237417 0.60026 
2.35 0.35 0.223058 0.642228 
2.4 0.35 0.200547 0.683257 
2.45 0.35 0.170542 0.721525 
2.5 0.35 0.134017 0.754846 
2.55 0.35 0.0922573 0.780876 
2.6 0.35 0.0468326 0.797469 
2.65 0.35 -0.000470435 0.803103 
2.7 0.35 -0.047747 0.797231 
2.75 0.35 -0.0930932 0.780421 
2.8 0.35 -0.134725 0.754211 
2.85 0.35 -0.171077 0.720755 
2.9 0.35 -0.200869 0.682398 
2.95 0.35 -0.223132 0.64132 
3 0.35 -0.237215 0.599337 
3.05 0.35 -0.24276 0.557858 
3.1 0.35 -0.239686 0.517954 
3.15 0.35 -0.228166 0.480481 
3.2 0.35 -0.208622 0.446199 
3.25 0.35 -0.181719 0.415864 
3.3 0.35 -0.148363 0.390264 
3.35 0.35 -0.109695 0.370194 
3.4 0.35 -0.0670702 0.356386 
3.45 0.35 -0.0220114 0.349408 
3.5 0.35 0.0238447 0.349571 
3.55 0.35 0.0688243 0.356868 
3.6 0.35 0.111294 0.370981 
3.65 0.35 0.149733 0.391335 
3.7 0.35 0.182796 0.417193 
3.75 0.35 0.209349 0.447761 
3.8 0.35 0.228493 0.48225 
3.85 0.35 0.239574 0.519904 
3.9 0.35 0.242182 0.559953 
3.95 0.35 0.236155 0.601529 
4 0.35 0.221591 0.643536 
4.05 0.35 0.198865 0.684535 
4.1 0.35 0.168655 0.722678 
4.15 0.35 0.131951 0.75576 
4.2 0.35 0.0900612 0.781435 
4.25 0.35 0.0445741 0.797572 
4.3 0.35 -0.00270662 0.802688 
4.35 0.35 -0.0498644 0.796288 
4.4 0.35 -0.0949896 0.778992 
4.45 0.35 -0.136298 0.752378 
4.5 0.35 -0.172231 0.718622 
4.55 0.35 -0.201516 0.680067 
4.6 0.35 -0.223199 0.638882 
4.65 0.35 -0.236641 0.596867 
4.7 0.35 -0.241502 0.555415 
4.75 0.35 -0.23772 0.515591 
4.8 0.35 -0.225488 0.478251 
4.85 0.35 -0.205248 0.444163 
4.9 0.35 -0.177683 0.414096 
4.95 0.35 -0.143714 0.388855 
5 0.35 -0.104491 0.369259 
0 0.4 -0.158842 0.356156 
0.05 0.4 -0.115717 0.334512 
0.1 0.4 -0.0682812 0.319703 
0.15 0.4 -0.0182494 0.312511 
0.2 0.4 0.0325299 0.313337 
0.25 0.4 0.082172 0.322129 
0.3 0.4 0.128851 0.338399 
0.35 0.4 0.170884 0.361319 
0.4 0.4 0.2068 0.38988 
0.45 0.4 0.235378 0.423035 
0.5 0.4 0.255669 0.459805 
0.55 0.4 0.267001 0.499312 
0.6 0.4 0.268976 0.540732 
0.65 0.4 0.261469 0.583189 
0.7 0.4 0.244636 0.625621 
0.75 0.4 0.218932 0.666645 
0.8 0.4 0.18513 0.704495 
0.85 0.4 0.144336 0.737077 
0.9 0.4 0.0979817 0.76217 
0.95 0.4 0.0477916 0.777779 
1 0.4 -0.00429169 0.782527 
1.05 0.4 -0.0562121 0.775973 
1.1 0.4 -0.105923 0.758721 
1.15 0.4 -0.151509 0.732269 
1.2 0.4 -0.191288 0.698678 
1.25 0.4 -0.223875 0.660165 
1.3 0.4 -0.248215 0.618782 
1.35 0.4 -0.263585 0.576232 
1.4 0.4 -0.269573 0.533838 
1.45 0.4 -0.266067 0.492621 
1.5 0.4 -0.253231 0.453436 
1.55 0.4 -0.231504 0.417107 
1.6 0.4 -0.201598 0.384526 
1.65 0.4 -0.164503 0.356684 
1.7 0.4 -0.12148 0.334629 
1.75 0.4 -0.074036 0.319352 
1.8 0.4 -0.0238783 0.311636 
1.85 0.4 0.0271548 0.311906 
1.9 0.4 0.0771812 0.320151 
1.95 0.4 0.124368 0.335917 
2 0.4 0.167017 0.358408 
2.05 0.4 0.203635 0.386624 
2.1 0.4 0.232976 0.41952 
2.15 0.4 0.254067 0.456109 
2.2 0.4 0.266212 0.495505 
2.25 0.4 0.26899 0.536879 
2.3 0.4 0.262255 0.579363 
2.35 0.4 0.246144 0.621911 
2.4 0.4 0.221093 0.663162 
2.45 0.4 0.187855 0.701375 
2.5 0.4 0.147517 0.734466 
2.55 0.4 0.101495 0.760208 
2.6 0.4 0.0515029 0.776571 
2.65 0.4 -0.000521174 0.782116 
2.7 0.4 -0.0525163 0.776331 
2.75 0.4 -0.102423 0.759748 
2.8 0.4 -0.148305 0.73382 
2.85 0.4 -0.188453 0.700585 
2.9 0.4 -0.221457 0.66227 
2.95 0.4 -0.246236 0.620955 
3 0.4 -0.262041 0.578375 
3.05 0.4 -0.268446 0.535886 
3.1 0.4 -0.265322 0.494536 
3.15 0.4 -0.252824 0.455197 
3.2 0.4 -0.231385 0.418706 
3.25 0.4 -0.201718 0.385962 
3.3 0.4 -0.164811 0.357959 
3.35 0.4 -0.121929 0.335752 
3.4 0.4 -0.0745831 0.320336 
3.45 0.4 -0.0244889 0.3125 
3.5 0.4 0.0265067 0.312678 
3.55 0.4 0.0765114 0.320861 
3.6 0.4 0.123681 0.336601 
3.65 0.4 0.166308 0.359102 
3.7 0.4 0.202886 0.387362 
3.75 0.4 0.232161 0.42033 
3.8 0.4 0.253154 0.457011 
3.85 0.4 0.265165 0.496509 
3.9 0.4 0.267773 0.537983 
3.95 0.4 0.260837 0.580547 
4 0.4 0.244503 0.623131 
4.05 0.4 0.21922 0.664351 
4.1 0.4 0.185759 0.702438 
4.15 0.4 0.145228 0.735293 
4.2 0.4 0.099066 0.760685 
4.25 0.4 0.049008 0.776597 
4.3 0.4 -0.00298926 0.781628 
4.35 0.4 -0.0548517 0.775314 
4.4 0.4 -0.104512 0.758236 
4.45 0.4 -0.150033 0.731886 
4.5 0.4 -0.18971 0.698321 
4.55 0.4 -0.222139 0.65977 
4.6 0.4 -0.24625 0.618299 
4.65 0.4 -0.261309 0.575631 
4.7 0.4 -0.266904 0.533111 
4.75 0.4 -0.262926 0.491783 
4.8 0.4 -0.249552 0.452532 
4.85 0.4 -0.227243 0.416212 
4.9 0.4 -0.19674 0.383746 
4.95 0.4 -0.159071 0.356156 
5 0.4 -0.11555 0.334512 
0 0.45 -0.168563 0.332115 
0.05 0.45 -0.122724 0.308362 
0.1 0.45 -0.0722721 0.292004 
0.15 0.45 -0.0190319 0.284055 
0.2 0.45 0.0350124 0.285044 
0.25 0.45 0.0878269 0.294897 
0.3 0.45 0.137439 0.312958 
0.35 0.45 0.182038 0.338132 
0.4 0.45 0.220048 0.369098 
0.45 0.45 0.250177 0.404512 
0.5 0.45 0.271436 0.443163 
0.55 0.45 0.283141 0.484015 
0.6 0.45 0.284906 0.526168 
0.65 0.45 0.276642 0.568742 
0.7 0.45 0.258552 0.610727 
0.75 0.45 0.231156 0.650851 
0.8 0.45 0.195295 0.687511 
0.85 0.45 0.152151 0.718819 
0.9 0.45 0.103232 0.742788 
0.95 0.45 0.0503376 0.757638 
1 0.45 -0.00451612 0.762148 
1.05 0.45 -0.0592012 0.755928 
1.1 0.45 -0.111599 0.739511 
1.15 0.45 -0.159721 0.71423 
1.2 0.45 -0.201808 0.681919 
1.25 0.45 -0.236399 0.644568 
1.3 0.45 -0.262364 0.604026 
1.35 0.45 -0.278908 0.561843 
1.4 0.45 -0.285561 0.519239 
1.45 0.45 -0.282159 0.477189 
1.5 0.45 -0.268836 0.436565 
1.55 0.45 -0.246018 0.398281 
1.6 0.45 -0.214433 0.363397 
1.65 0.45 -0.175114 0.333154 
1.7 0.45 -0.129398 0.308904 
1.75 0.45 -0.0788977 0.291951 
1.8 0.45 -0.0254567 0.283338 
1.85 0.45 0.0289338 0.283636 
1.9 0.45 0.0822326 0.292828 
1.95 0.45 0.132454 0.310307 
2 0.45 0.177768 0.33501 
2.05 0.45 0.216574 0.365624 
2.1 0.45 0.247553 0.400801 
2.15 0.45 0.269691 0.43931 
2.2 0.45 0.282279 0.480099 
2.25 0.45 0.284909 0.522258 
2.3 0.45 0.277469 0.564906 
2.35 0.45 0.260146 0.607045 
2.4 0.45 0.233438 0.647424 
2.45 0.45 0.198168 0.684458 
2.5 0.45 0.155499 0.71627 
2.55 0.45 0.106926 0.740864 
2.6 0.45 0.0542372 0.75643 
2.65 0.45 -0.000554652 0.761692 
2.7 0.45 -0.0553163 0.756195 
2.75 0.45 -0.107916 0.740411 
2.8 0.45 -0.156342 0.715629 
2.85 0.45 -0.198812 0.683666 
2.9 0.45 -0.233836 0.646517 
2.95 0.45 -0.260257 0.606056 
3 0.45 -0.277257 0.563862 
3.05 0.45 -0.284347 0.521185 
3.1 0.45 -0.281349 0.479024 
3.15 0.45 -0.268384 0.438266 
3.2 0.45 -0.245875 0.399835 
3.25 0.45 -0.214546 0.364797 
3.3 0.45 -0.175431 0.334397 
3.35 0.45 -0.129868 0.309992 
3.4 0.45 -0.0794776 0.292893 
3.45 0.45 -0.0261085 0.284149 
3.5 0.45 0.0282384 0.284342 
3.55 0.45 0.0815108 0.29346 
3.6 0.45 0.131712 0.310903 
3.65 0.45 0.176999 0.335608 
3.7 0.45 0.215761 0.366259 
3.75 0.45 0.24667 0.401502 
3.8 0.45 0.268704 0.440097 
3.85 0.45 0.28115 0.480983 
3.9 0.45 0.283601 0.523234 
3.95 0.45 0.27595 0.565953 
4 0.45 0.258394 0.608123 
4.05 0.45 0.231443 0.648466 
4.1 0.45 0.195941 0.685376 
4.15 0.45 0.153072 0.71696 
4.2 0.45 0.104354 0.741218 
4.25 0.45 0.0515977 0.756355 
4.3 0.45 -0.00316512 0.761124 
4.35 0.45 -0.0577863 0.755114 
4.4 0.45 -0.110125 0.73884 
4.45 0.45 -0.158167 0.713625 
4.5 0.45 -0.200131 0.681305 
4.55 0.45 -0.234532 0.643875 
4.6 0.45 -0.260223 0.603202 
4.65 0.45 -0.276397 0.560851 
4.7 0.45 -0.282579 0.518067 
4.75 0.45 -0.278609 0.475855 
4.8 0.45 -0.264635 0.435121 
4.85 0.45 -0.241112 0.39682 
4.9 0.45 -0.208806 0.362058 
4.95 0.45 -0.168811 0.332114 
5 0.45 -0.122543 0.308362 
0 0.5 -0.17217 0.312982 
0.05 0.5 -0.125301 0.287171 
0.1 0.5 -0.0736678 0.269289 
0.15 0.5 -0.0191474 0.2606 
0.2 0.5 0.0362045 0.261765 
0.25 0.5 0.0902724 0.272684 
0.3 0.5 0.141006 0.292525 
0.35 0.5 0.186528 0.319907 
0.4 0.5 0.225219 0.353179 
0.45 0.5 0.255764 0.390689 
0.5 0.5 0.277174 0.430975 
0.55 0.5 0.288784 0.472834 
0.6 0.5 0.29024 0.51528 
0.65 0.5 0.281494 0.557424 
0.7 0.5 0.262797 0.598322 
0.75 0.5 0.234712 0.636842 
0.8 0.5 0.198122 0.671593 
0.85 0.5 0.15424 0.700962 
0.9 0.5 0.104593 0.723266 
0.95 0.5 0.0509864 0.737011 
1 0.5 -0.00456946 0.741177 
1.05 0.5 -0.0599576 0.735437 
1.1 0.5 -0.11307 0.720238 
1.15 0.5 -0.161922 0.696692 
1.2 0.5 -0.204746 0.666342 
1.25 0.5 -0.24006 0.630873 
1.3 0.5 -0.2667 0.59187 
1.35 0.5 -0.283829 0.550678 
1.4 0.5 -0.290931 0.508392 
1.45 0.5 -0.287795 0.465932 
1.5 0.5 -0.274512 0.42419 
1.55 0.5 -0.251477 0.38418 
1.6 0.5 -0.2194 0.347146 
1.65 0.5 -0.179318 0.314593 
1.7 0.5 -0.132591 0.288193 
1.75 0.5 -0.0808833 0.269581 
1.8 0.5 -0.0261077 0.260073 
1.85 0.5 0.0296596 0.260399 
1.9 0.5 0.0842871 0.270535 
1.95 0.5 0.135705 0.289709 
2 0.5 0.182014 0.316576 
2.05 0.5 0.221565 0.349493 
2.1 0.5 0.253018 0.386793 
2.15 0.5 0.275354 0.426985 
2.2 0.5 0.287885 0.46884 
2.25 0.5 0.290236 0.511352 
2.3 0.5 0.282336 0.553626 
2.35 0.5 0.26442 0.594724 
2.4 0.5 0.237031 0.633529 
2.45 0.5 0.201036 0.668664 
2.5 0.5 0.15763 0.698524 
2.55 0.5 0.108328 0.721418 
2.6 0.5 0.0549256 0.735825 
2.65 0.5 -0.000569269 0.740679 
2.7 0.5 -0.0560339 0.735599 
2.75 0.5 -0.109347 0.72098 
2.8 0.5 -0.158502 0.697899 
2.85 0.5 -0.201707 0.667881 
2.9 0.5 -0.237453 0.632618 
2.95 0.5 -0.264551 0.593712 
3 0.5 -0.282139 0.552535 
3.05 0.5 -0.289682 0.510203 
3.1 0.5 -0.286955 0.467659 
3.15 0.5 -0.274037 0.425808 
3.2 0.5 -0.251319 0.385671 
3.25 0.5 -0.219506 0.348497 
3.3 0.5 -0.179635 0.315794 
3.35 0.5 -0.133069 0.289238 
3.4 0.5 -0.0814761 0.270473 
3.45 0.5 -0.0267773 0.260824 
3.5 0.5 0.0289426 0.261032 
3.55 0.5 0.083541 0.271081 
3.6 0.5 0.134936 0.290208 
3.65 0.5 0.181217 0.317067 
3.7 0.5 0.220723 0.350012 
3.75 0.5 0.252103 0.387369 
3.8 0.5 0.274334 0.427639 
3.85 0.5 0.286721 0.46958 
3.9 0.5 0.28889 0.512173 
3.95 0.5 0.280777 0.554506 
4 0.5 0.262625 0.595624 
4.05 0.5 0.234993 0.634387 
4.1 0.5 0.198765 0.6694 
4.15 0.5 0.155159 0.699042 
4.2 0.5 0.105711 0.721623 
4.25 0.5 0.0522397 0.73563 
4.3 0.5 -0.00322655 0.740023 
4.35 0.5 -0.05855 0.734457 
4.4 0.5 -0.111599 0.719362 
4.45 0.5 -0.160362 0.695842 
4.5 0.5 -0.203047 0.665442 
4.55 0.5 -0.238148 0.629851 
4.6 0.5 -0.264482 0.590668 
4.65 0.5 -0.281197 0.549256 
4.7 0.5 -0.28777 0.506734 
4.75 0.5 -0.283994 0.464055 
4.8 0.5 -0.269978 0.422154 
4.85 0.5 -0.246146 0.382098 
4.9 0.5 -0.213259 0.34519 
4.95 0.5 -0.172427 0.312982 
5 0.5 -0.125114 0.287171 
0 0.55 -0.169444 0.295619 
0.05 0.55 -0.123291 0.268041 
0.1 0.55 -0.0723904 0.248841 
0.15 0.55 -0.0186069 0.239518 
0.2 0.55 0.0360039 0.240851 
0.25 0.55 0.0893216 0.252717 
0.3 0.55 0.139292 0.274118 
0.35 0.55 0.184045 0.30341 
0.4 0.55 0.221974 0.338639 
0.45 0.55 0.251794 0.377869 
0.5 0.55 0.272555 0.41941 
0.55 0.55 0.283636 0.461899 
0.6 0.55 0.28473 0.504263 
0.65 0.55 0.275831 0.545601 
0.7 0.55 0.257228 0.585033 
0.75 0.55 0.229506 0.621571 
0.8 0.55 0.193558 0.654053 
0.85 0.55 0.150578 0.681164 
0.9 0.55 0.102056 0.701555 
0.95 0.55 0.0497354 0.714039 
1 0.55 -0.00445216 0.717813 
1.05 0.55 -0.0584791 0.71262 
1.1 0.55 -0.110326 0.698809 
1.15 0.55 -0.158084 0.677259 
1.2 0.55 -0.200045 0.649196 
1.25 0.55 -0.23476 0.615974 
1.3 0.55 -0.261077 0.578886 
1.35 0.55 -0.27815 0.539064 
1.4 0.55 -0.285434 0.49747 
1.45 0.55 -0.282681 0.454972 
1.5 0.55 -0.269936 0.412489 
1.55 0.55 -0.247547 0.371132 
1.6 0.55 -0.216179 0.332321 
1.65 0.55 -0.176832 0.297801 
1.7 0.55 -0.13084 0.26954 
1.75 0.55 -0.0798536 0.249477 
1.8 0.55 -0.0257848 0.239184 
1.85 0.55 0.0292813 0.239534 
1.9 0.55 0.0832017 0.250498 
1.95 0.55 0.133898 0.271152 
2 0.55 0.179473 0.299891 
2.05 0.55 0.218291 0.334765 
2.1 0.55 0.249039 0.373814 
2.15 0.55 0.270738 0.415311 
2.2 0.55 0.282742 0.457855 
2.25 0.55 0.284724 0.500347 
2.3 0.55 0.276661 0.541873 
2.35 0.55 0.258822 0.581552 
2.4 0.55 0.231779 0.618404 
2.45 0.55 0.196406 0.651278 
2.5 0.55 0.153884 0.678863 
2.55 0.55 0.105693 0.699803 
2.6 0.55 0.0535665 0.712888 
2.65 0.55 -0.000564072 0.717279 
2.7 0.55 -0.0546655 0.712674 
2.75 0.55 -0.106705 0.699385 
2.8 0.55 -0.154754 0.67826 
2.85 0.55 -0.197082 0.650512 
2.9 0.55 -0.232213 0.617497 
2.95 0.55 -0.258973 0.580523 
3 0.55 -0.27649 0.540741 
3.05 0.55 -0.284204 0.499131 
3.1 0.55 -0.281849 0.456579 
3.15 0.55 -0.269463 0.414013 
3.2 0.55 -0.247385 0.37255 
3.25 0.55 -0.216279 0.333613 
3.3 0.55 -0.177141 0.298951 
3.35 0.55 -0.13131 0.270536 
3.4 0.55 -0.0804389 0.250316 
3.45 0.55 -0.0264476 0.239873 
3.5 0.55 0.0285704 0.240094 
3.55 0.55 0.0824612 0.250959 
3.6 0.55 0.133135 0.271554 
3.65 0.55 0.178682 0.300275 
3.7 0.55 0.217456 0.335167 
3.75 0.55 0.248133 0.374265 
3.8 0.55 0.269728 0.415828 
3.85 0.55 0.281592 0.458445 
3.9 0.55 0.283398 0.501004 
3.95 0.55 0.275127 0.542574 
4 0.55 0.25706 0.582259 
4.05 0.55 0.22978 0.619062 
4.1 0.55 0.19418 0.651815 
4.15 0.55 0.151463 0.679196 
4.2 0.55 0.103128 0.699845 
4.25 0.55 0.0509339 0.712564 
4.3 0.55 -0.0031712 0.716529 
4.35 0.55 -0.0571378 0.71147 
4.4 0.55 -0.108922 0.697723 
4.45 0.55 -0.156589 0.676159 
4.5 0.55 -0.198404 0.648003 
4.55 0.55 -0.232896 0.614615 
4.6 0.55 -0.25889 0.577301 
4.65 0.55 -0.275525 0.537208 
4.7 0.55 -0.282249 0.495322 
4.75 0.55 -0.278818 0.452552 
4.8 0.55 -0.265293 0.409863 
4.85 0.55 -0.242058 0.368432 
4.9 0.55 -0.209833 0.329748 
4.95 0.55 -0.169698 0.295619 
5 0.55 -0.123105 0.268041 
0 0.6 -0.160451 0.27757 
0.05 0.6 -0.116741 0.24883 
0.1 0.6 -0.0684767 0.228753 
0.15 0.6 -0.0174419 0.219013 
0.2 0.6 0.034384 0.220483 
0.25 0.6 0.0849565 0.233018 
0.3 0.6 0.132298 0.255491 
0.35 0.6 0.174614 0.286055 
0.4 0.6 0.210379 0.32253 
0.45 0.6 0.238383 0.362766 
0.5 0.6 0.257748 0.404898 
0.55 0.6 0.26792 0.447441 
0.6 0.6 0.268646 0.489252 
0.65 0.6 0.259961 0.529417 
0.7 0.6 0.242173 0.567111 
0.75 0.6 0.215866 0.601479 
0.8 0.6 0.1819 0.631575 
0.85 0.6 0.141411 0.656364 
0.9 0.6 0.0957953 0.674813 
0.95 0.6 0.0466722 0.686029 
1 0.6 -0.00417282 0.68941 
1.05 0.6 -0.0548699 0.684764 
1.1 0.6 -0.103556 0.672352 
1.15 0.6 -0.148467 0.65283 
1.2 0.6 -0.188011 0.627124 
1.25 0.6 -0.220829 0.596274 
1.3 0.6 -0.245824 0.561301 
1.35 0.6 -0.262176 0.523134 
1.4 0.6 -0.269338 0.482612 
1.45 0.6 -0.267036 0.440565 
1.5 0.6 -0.255275 0.39793 
1.55 0.6 -0.234344 0.355901 
1.6 0.6 -0.204843 0.31603 
1.65 0.6 -0.167696 0.280248 
1.7 0.6 -0.124161 0.250746 
1.75 0.6 -0.0758129 0.229693 
1.8 0.6 -0.0244881 0.218857 
1.85 0.6 0.0278007 0.219223 
1.9 0.6 0.0789825 0.230759 
1.95 0.6 0.127052 0.252421 
2 0.6 0.170186 0.282404 
2.05 0.6 0.206827 0.318528 
2.1 0.6 0.235738 0.358611 
2.15 0.6 0.256012 0.400742 
2.2 0.6 0.267072 0.443393 
2.25 0.6 0.268646 0.485386 
2.3 0.6 0.260752 0.525789 
2.35 0.6 0.243684 0.56377 
2.4 0.6 0.218011 0.598478 
2.45 0.6 0.18458 0.628969 
2.5 0.6 0.144515 0.654213 
2.55 0.6 0.0992023 0.673168 
2.6 0.6 0.050256 0.684923 
2.65 0.6 -0.000538766 0.688848 
2.7 0.6 -0.0513065 0.684721 
2.75 0.6 -0.100172 0.672771 
2.8 0.6 -0.145353 0.653634 
2.85 0.6 -0.185237 0.628223 
2.9 0.6 -0.218442 0.597581 
2.95 0.6 -0.243849 0.562736 
3 0.6 -0.260616 0.524631 
3.05 0.6 -0.268179 0.484121 
3.1 0.6 -0.266252 0.442045 
3.15 0.6 -0.254828 0.399351 
3.2 0.6 -0.234192 0.357235 
3.25 0.6 -0.204938 0.317253 
3.3 0.6 -0.16799 0.281339 
3.35 0.6 -0.124608 0.251686 
3.4 0.6 -0.0763701 0.230474 
3.45 0.6 -0.0251193 0.219482 
3.5 0.6 0.0271238 0.219711 
3.55 0.6 0.0782779 0.231138 
3.6 0.6 0.126327 0.252732 
3.65 0.6 0.169435 0.282688 
3.7 0.6 0.206036 0.318821 
3.75 0.6 0.234881 0.358942 
3.8 0.6 0.255059 0.401129 
3.85 0.6 0.265987 0.44384 
3.9 0.6 0.267397 0.485884 
3.95 0.6 0.259308 0.526316 
4 0.6 0.242024 0.56429 
4.05 0.6 0.216129 0.59894 
4.1 0.6 0.182485 0.62931 
4.15 0.6 0.142236 0.654361 
4.2 0.6 0.0967869 0.67305 
4.25 0.6 0.0477735 0.68447 
4.3 0.6 -0.00300145 0.688006 
4.35 0.6 -0.0536472 0.683456 
4.4 0.6 -0.102277 0.671069 
4.45 0.6 -0.147101 0.651494 
4.5 0.6 -0.186503 0.625658 
4.55 0.6 -0.2191 0.594605 
4.6 0.6 -0.243774 0.559364 
4.65 0.6 -0.259688 0.520882 
4.7 0.6 -0.26629 0.480025 
4.75 0.6 -0.263309 0.43766 
4.8 0.6 -0.250765 0.394783 
4.85 0.6 -0.228985 0.352659 
4.9 0.6 -0.198624 0.31292 
4.95 0.6 -0.160692 0.27757 
5 0.6 -0.116565 0.24883 
0 0.65 -0.145576 0.256999 
0.05 0.65 -0.105928 0.228034 
0.1 0.65 -0.0620907 0.207757 
0.15 0.65 -0.0157056 0.197933 
0.2 0.65 0.0314029 0.199481 
0.25 0.65 0.0773477 0.212242 
0.3 0.65 0.120307 0.235021 
0.35 0.65 0.158633 0.265866 
0.4 0.65 0.190939 0.302478 
0.45 0.65 0.216135 0.342604 
0.5 0.65 0.233447 0.384295 
0.55 0.65 0.242399 0.426002 
0.6 0.65 0.242796 0.466547 
0.65 0.65 0.234702 0.505017 
0.7 0.65 0.218429 0.540634 
0.75 0.65 0.194528 0.572658 
0.8 0.65 0.163792 0.60032 
0.85 0.65 0.127254 0.622827 
0.9 0.65 0.0861654 0.639411 
0.95 0.65 0.0419705 0.649424 
1 0.65 -0.00374773 0.652433 
1.05 0.65 -0.0493353 0.648303 
1.1 0.65 -0.0931438 0.637219 
1.15 0.65 -0.133607 0.61965 
1.2 0.65 -0.169306 0.596272 
1.25 0.65 -0.199019 0.567858 
1.3 0.65 -0.221746 0.535198 
1.35 0.65 -0.236729 0.49905 
1.4 0.65 -0.243446 0.460155 
1.45 0.65 -0.241619 0.419299 
1.5 0.65 -0.231216 0.377429 
1.55 0.65 -0.212467 0.33578 
1.6 0.65 -0.185888 0.295971 
1.65 0.65 -0.152297 0.260027 
1.7 0.65 -0.112831 0.230248 
1.75 0.65 -0.0689251 0.208923 
1.8 0.65 -0.0222697 0.197923 
1.85 0.65 0.0252774 0.198293 
1.9 0.65 0.0718011 0.209998 
1.95 0.65 0.11545 0.231931 
2 0.65 0.154548 0.262184 
2.05 0.65 0.187676 0.298455 
2.1 0.65 0.213716 0.338452 
2.15 0.65 0.231868 0.380175 
2.2 0.65 0.241636 0.422027 
2.25 0.65 0.242806 0.462793 
2.3 0.65 0.235429 0.501535 
2.35 0.65 0.219804 0.537466 
2.4 0.65 0.196469 0.569842 
2.45 0.65 0.16621 0.597896 
2.5 0.65 0.130046 0.620833 
2.55 0.65 0.089224 0.637879 
2.6 0.65 0.0451829 0.648371 
2.65 0.65 -0.000493855 0.651858 
2.7 0.65 -0.0461466 0.648182 
2.75 0.65 -0.0901161 0.637505 
2.8 0.65 -0.130821 0.620282 
2.85 0.65 -0.166823 0.597177 
2.9 0.65 -0.196881 0.568966 
2.95 0.65 -0.219976 0.536442 
3 0.65 -0.23533 0.500375 
3.05 0.65 -0.242407 0.461511 
3.1 0.65 -0.240916 0.420648 
3.15 0.65 -0.230817 0.378738 
3.2 0.65 -0.212334 0.337019 
3.25 0.65 -0.185978 0.297112 
3.3 0.65 -0.152568 0.261045 
3.35 0.65 -0.11324 0.231121 
3.4 0.65 -0.0694344 0.209639 
3.45 0.65 -0.0228455 0.198483 
3.5 0.65 0.024661 0.198712 
3.55 0.65 0.071161 0.210304 
3.6 0.65 0.114793 0.232163 
3.65 0.65 0.15387 0.262382 
3.7 0.65 0.186963 0.298654 
3.75 0.65 0.212946 0.33868 
3.8 0.65 0.231012 0.380448 
3.85 0.65 0.240662 0.422347 
3.9 0.65 0.241684 0.46315 
3.95 0.65 0.234132 0.501907 
4 0.65 0.218312 0.537819 
4.05 0.65 0.194777 0.57013 
4.1 0.65 0.164325 0.598063 
4.15 0.65 0.127993 0.620818 
4.2 0.65 0.0870451 0.637619 
4.25 0.65 0.0429395 0.647807 
4.3 0.65 -0.00272461 0.650939 
4.35 0.65 -0.0482733 0.64687 
4.4 0.65 -0.0920362 0.635777 
4.45 0.65 -0.132424 0.618125 
4.5 0.65 -0.167993 0.594587 
4.55 0.65 -0.1975 0.565941 
4.6 0.65 -0.219927 0.532986 
4.65 0.65 -0.234498 0.496496 
4.7 0.65 -0.240685 0.457237 
4.75 0.65 -0.238214 0.416039 
4.8 0.65 -0.227069 0.373908 
4.85 0.65 -0.207516 0.332154 
4.9 0.65 -0.180124 0.292485 
4.95 0.65 -0.145793 0.256999 
5 0.65 -0.105769 0.228034 
0 0.7 -0.125566 0.232626 
0.05 0.7 -0.0913845 0.204647 
0.1 0.7 -0.0535438 0.185041 
0.15 0.7 -0.0134779 0.175556 
0.2 0.7 0.0272146 0.177101 
0.25 0.7 0.0668804 0.189514 
0.3 0.7 0.103926 0.211605 
0.35 0.7 0.136917 0.241434 
0.4 0.7 0.164654 0.276728 
0.45 0.7 0.186207 0.31526 
0.5 0.7 0.200926 0.355103 
0.55 0.7 0.208426 0.394728 
0.6 0.7 0.208564 0.432972 
0.65 0.7 0.201422 0.468947 
0.7 0.7 0.187291 0.501929 
0.75 0.7 0.166665 0.53127 
0.8 0.7 0.140236 0.556346 
0.85 0.7 0.108892 0.576547 
0.9 0.7 0.0737027 0.59131 
0.95 0.7 0.0358929 0.600171 
1 0.7 -0.00320097 0.602829 
1.05 0.7 -0.0421849 0.599187 
1.1 0.7 -0.0796692 0.589374 
1.15 0.7 -0.114331 0.573721 
1.2 0.7 -0.144965 0.552709 
1.25 0.7 -0.170527 0.526909 
1.3 0.7 -0.190156 0.496933 
1.35 0.7 -0.203184 0.463402 
1.4 0.7 -0.209146 0.426971 
1.45 0.7 -0.207776 0.38838 
1.5 0.7 -0.19902 0.348555 
1.55 0.7 -0.18305 0.308713 
1.6 0.7 -0.160286 0.27046 
1.65 0.7 -0.131419 0.235795 
1.7 0.7 -0.0974204 0.206994 
1.75 0.7 -0.0595363 0.186328 
1.8 0.7 -0.0192408 0.175654 
1.85 0.7 0.0218375 0.176012 
1.9 0.7 0.0620179 0.187366 
1.95 0.7 0.0996781 0.208617 
2 0.7 0.133355 0.237868 
2.05 0.7 0.16182 0.272838 
2.1 0.7 0.184117 0.311259 
2.15 0.7 0.199571 0.351154 
2.2 0.7 0.20778 0.390942 
2.25 0.7 0.208587 0.429424 
2.3 0.7 0.202061 0.465684 
2.35 0.7 0.188483 0.498986 
2.4 0.7 0.168338 0.528676 
2.45 0.7 0.142311 0.554127 
2.5 0.7 0.111281 0.574727 
2.55 0.7 0.0763145 0.589906 
2.6 0.7 0.0386312 0.599191 
2.65 0.7 -0.000430906 0.602264 
2.7 0.7 -0.0394728 0.599015 
2.75 0.7 -0.0770956 0.589558 
2.8 0.7 -0.111963 0.57421 
2.85 0.7 -0.142856 0.553448 
2.9 0.7 -0.168711 0.52784 
2.95 0.7 -0.188652 0.498001 
3 0.7 -0.201997 0.464558 
3.05 0.7 -0.208266 0.428172 
3.1 0.7 -0.207183 0.389588 
3.15 0.7 -0.198687 0.349736 
3.2 0.7 -0.182944 0.309838 
3.25 0.7 -0.160371 0.271499 
3.3 0.7 -0.131659 0.236721 
3.35 0.7 -0.0977789 0.207785 
3.4 0.7 -0.0599797 0.18697 
3.45 0.7 -0.0197401 0.176146 
3.5 0.7 0.0213052 0.176366 
3.55 0.7 0.0614673 0.187609 
3.6 0.7 0.0991152 0.208783 
3.65 0.7 0.132777 0.237996 
3.7 0.7 0.161214 0.272961 
3.75 0.7 0.183463 0.311404 
3.8 0.7 0.198846 0.351333 
3.85 0.7 0.206955 0.391157 
3.9 0.7 0.207635 0.429663 
3.95 0.7 0.200959 0.465927 
4 0.7 0.187214 0.499201 
4.05 0.7 0.166896 0.528822 
4.1 0.7 0.140701 0.554155 
4.15 0.7 0.109525 0.574585 
4.2 0.7 0.0744468 0.58954 
4.25 0.7 0.0367034 0.598548 
4.3 0.7 -0.00235363 0.6013 
4.35 0.7 -0.0413126 0.597691 
4.4 0.7 -0.0787647 0.587845 
4.45 0.7 -0.113366 0.572087 
4.5 0.7 -0.143891 0.550899 
4.55 0.7 -0.169275 0.524855 
4.6 0.7 -0.188639 0.494573 
4.65 0.7 -0.201304 0.460694 
4.7 0.7 -0.206795 0.423896 
4.75 0.7 -0.204852 0.384963 
4.8 0.7 -0.195436 0.344877 
4.85 0.7 -0.178751 0.304936 
4.9 0.7 -0.155267 0.266826 
4.95 0.7 -0.125745 0.232625 
5 0.7 -0.0912535 0.204647 
0 0.75 -0.101583 0.203703 
0.05 0.75 -0.0739488 0.178075 
0.1 0.75 -0.0433196 0.160115 
0.15 0.75 -0.0108729 0.151441 
0.2 0.75 0.0220798 0.152888 
0.25 0.75 0.0541826 0.164306 
0.3 0.75 0.0841308 0.184587 
0.35 0.75 0.110756 0.211935 
0.4 0.75 0.133087 0.244245 
0.45 0.75 0.15038 0.279453 
0.5 0.75 0.162123 0.315772 
0.55 0.75 0.168025 0.351778 
0.6 0.75 0.16799 0.386387 
0.65 0.75 0.162103 0.418773 
0.7 0.75 0.150616 0.448279 
0.75 0.75 0.133937 0.474343 
0.8 0.75 0.112632 0.496457 
0.85 0.75 0.0874169 0.514149 
0.9 0.75 0.0591481 0.527002 
0.95 0.75 0.0288004 0.534685 
1 0.75 -0.00256523 0.536986 
1.05 0.75 -0.0338439 0.533837 
1.1 0.75 -0.063934 0.525328 
1.15 0.75 -0.0917847 0.511691 
1.2 0.75 -0.116436 0.493271 
1.25 0.75 -0.137052 0.470493 
1.3 0.75 -0.152934 0.443832 
1.35 0.75 -0.16354 0.413801 
1.4 0.75 -0.168478 0.380972 
1.45 0.75 -0.167519 0.34602 
1.5 0.75 -0.160599 0.309806 
1.55 0.75 -0.147838 0.273469 
1.6 0.75 -0.129555 0.238504 
1.65 0.75 -0.106296 0.206765 
1.7 0.75 -0.0788413 0.180364 
1.75 0.75 -0.048201 0.161402 
1.8 0.75 -0.0155805 0.151603 
1.85 0.75 0.0176835 0.151931 
1.9 0.75 0.0502098 0.162352 
1.95 0.75 0.0806671 0.181847 
2 0.75 0.10786 0.208658 
2.05 0.75 0.130792 0.24067 
2.1 0.75 0.148695 0.275783 
2.15 0.75 0.16104 0.31216 
2.2 0.75 0.167518 0.348329 
2.25 0.75 0.168024 0.383169 
2.3 0.75 0.162632 0.415829 
2.35 0.75 0.151587 0.445639 
2.4 0.75 0.135291 0.47203 
2.45 0.75 0.114304 0.494487 
2.5 0.75 0.0893367 0.512535 
2.55 0.75 0.0612412 0.525754 
2.6 0.75 0.0309907 0.533802 
2.65 0.75 -0.000352915 0.536457 
2.7 0.75 -0.0316804 0.533644 
2.75 0.75 -0.061883 0.525439 
2.8 0.75 -0.0898995 0.512066 
2.85 0.75 -0.114758 0.493867 
2.9 0.75 -0.135608 0.471263 
2.95 0.75 -0.151741 0.444731 
3 0.75 -0.1626 0.414788 
3.05 0.75 -0.167784 0.382007 
3.1 0.75 -0.167055 0.347069 
3.15 0.75 -0.160343 0.310838 
3.2 0.75 -0.147763 0.274456 
3.25 0.75 -0.129634 0.239416 
3.3 0.75 -0.106498 0.207578 
3.35 0.75 -0.0791372 0.181056 
3.4 0.75 -0.0485637 0.16196 
3.45 0.75 -0.0159863 0.152023 
3.5 0.75 0.0172532 0.152223 
3.55 0.75 0.0497673 0.162541 
3.6 0.75 0.0802173 0.181963 
3.65 0.75 0.1074 0.208735 
3.7 0.75 0.130312 0.240739 
3.75 0.75 0.14818 0.275866 
3.8 0.75 0.160468 0.312269 
3.85 0.75 0.166867 0.348464 
3.9 0.75 0.167271 0.383318 
3.95 0.75 0.161759 0.415974 
4 0.75 0.150579 0.445751 
4.05 0.75 0.134142 0.472072 
4.1 0.75 0.113018 0.494419 
4.15 0.75 0.0879293 0.512313 
4.2 0.75 0.0597404 0.52533 
4.25 0.75 0.0294367 0.533134 
4.3 0.75 -0.00190842 0.535504 
4.35 0.75 -0.0331755 0.532368 
4.4 0.75 -0.0632471 0.523812 
4.45 0.75 -0.0910552 0.510062 
4.5 0.75 -0.115623 0.491466 
4.55 0.75 -0.136096 0.468449 
4.6 0.75 -0.151764 0.441496 
4.65 0.75 -0.162071 0.411134 
4.7 0.75 -0.166623 0.377961 
4.75 0.75 -0.165191 0.34269 
4.8 0.75 -0.157726 0.30624 
4.85 0.75 -0.144375 0.269819 
4.9 0.75 -0.125503 0.234999 
4.95 0.75 -0.101711 0.203703 
5 0.75 -0.0738548 0.178075 
0 0.8 -0.0752691 0.170019 
0.05 0.8 -0.0548049 0.148084 
0.1 0.8 -0.0321026 0.132725 
0.15 0.8 -0.00804843 0.125318 
0.2 0.8 0.0163756 0.126576 
0.25 0.8 0.0401545 0.136363 
0.3 0.8 0.0623127 0.153735 
0.35 0.8 0.0819796 0.177153 
0.4 0.8 0.0984368 0.204814 
0.45 0.8 0.11114 0.234945 
0.5 0.8 0.119723 0.266006 
0.55 0.8 0.123982 0.29676 
0.6 0.8 0.123861 0.326263 
0.65 0.8 0.119435 0.353794 
0.7 0.8 0.1109 0.378789 
0.75 0.8 0.0985633 0.400776 
0.8 0.8 0.0828459 0.419349 
0.85 0.8 0.0642754 0.434144 
0.9 0.8 0.043479 0.444853 
0.95 0.8 0.0211685 0.451237 
1 0.8 -0.00188313 0.453147 
1.05 0.8 -0.0248715 0.450535 
1.1 0.8 -0.0469949 0.443465 
1.15 0.8 -0.0674873 0.432098 
1.2 0.8 -0.0856478 0.416685 
1.25 0.8 -0.100862 0.397542 
1.3 0.8 -0.112617 0.375035 
1.35 0.8 -0.120506 0.349579 
1.4 0.8 -0.124235 0.321654 
1.45 0.8 -0.123624 0.291845 
1.5 0.8 -0.118612 0.260903 
1.55 0.8 -0.109272 0.229821 
1.6 0.8 -0.0958304 0.199895 
1.65 0.8 -0.078678 0.172725 
1.7 0.8 -0.058388 0.150123 
1.75 0.8 -0.0357099 0.133891 
1.8 0.8 -0.0115447 0.125504 
1.85 0.8 0.0131044 0.125783 
1.9 0.8 0.0371991 0.134703 
1.95 0.8 0.0597405 0.15139 
2 0.8 0.0798353 0.174341 
2.05 0.8 0.0967442 0.201744 
2.1 0.8 0.109905 0.231794 
2.15 0.8 0.118936 0.262907 
2.2 0.8 0.123622 0.293806 
2.25 0.8 0.1239 0.323514 
2.3 0.8 0.119838 0.351287 
2.35 0.8 0.111626 0.376548 
2.4 0.8 0.0995683 0.398819 
2.45 0.8 0.084081 0.417685 
2.5 0.8 0.0656886 0.432782 
2.55 0.8 0.0450159 0.443796 
2.6 0.8 0.0227735 0.450483 
2.65 0.8 -0.000264751 0.452685 
2.7 0.8 -0.0232913 0.450348 
2.75 0.8 -0.045499 0.443527 
2.8 0.8 -0.0661143 0.43238 
2.85 0.8 -0.0844275 0.417153 
2.9 0.8 -0.0998148 0.398158 
2.95 0.8 -0.111753 0.375763 
3 0.8 -0.119828 0.350385 
3.05 0.8 -0.123738 0.322506 
3.1 0.8 -0.123294 0.292713 
3.15 0.8 -0.118434 0.261761 
3.2 0.8 -0.109228 0.230643 
3.25 0.8 -0.0958976 0.200656 
3.3 0.8 -0.0788347 0.173402 
3.35 0.8 -0.0586125 0.150699 
3.4 0.8 -0.035982 0.134352 
3.45 0.8 -0.0118466 0.125847 
3.5 0.8 0.0127867 0.126017 
3.55 0.8 0.0368748 0.134847 
3.6 0.8 0.0594134 0.15147 
3.65 0.8 0.0795034 0.174386 
3.7 0.8 0.0963999 0.201778 
3.75 0.8 0.109536 0.231837 
3.8 0.8 0.118527 0.262968 
3.85 0.8 0.123156 0.293885 
3.9 0.8 0.12336 0.3236 
3.95 0.8 0.119208 0.351364 
4 0.8 0.110896 0.376591 
4.05 0.8 0.0987326 0.398798 
4.1 0.8 0.0831423 0.417567 
4.15 0.8 0.0646576 0.432531 
4.2 0.8 0.0439124 0.443374 
4.25 0.8 0.0216265 0.449852 
4.3 0.8 -0.00141767 0.451812 
4.35 0.8 -0.024405 0.449202 
4.4 0.8 -0.0465216 0.44208 
4.45 0.8 -0.0669886 0.430607 
4.5 0.8 -0.085092 0.415033 
4.55 0.8 -0.100205 0.395677 
4.6 0.8 -0.111802 0.372912 
4.65 0.8 -0.11947 0.347167 
4.7 0.8 -0.12291 0.318945 
4.75 0.8 -0.121943 0.288865 
4.8 0.8 -0.116523 0.257728 
4.85 0.8 -0.106744 0.226586 
4.9 0.8 -0.0928686 0.196798 
4.95 0.8 -0.075333 0.170019 
5 0.8 -0.0547576 0.148084 
0 0.85 -0.048809 0.131885 
0.05 0.85 -0.0355335 0.114766 
0.1 0.85 -0.0208097 0.102799 
0.15 0.85 -0.00521828 0.0970384 
0.2 0.85 0.0106041 0.098027 
0.25 0.85 0.0259968 0.10566 
0.3 0.85 0.0403237 0.119208 
0.35 0.85 0.0530188 0.137483 
0.4 0.85 0.0636181 0.159087 
0.45 0.85 0.0717748 0.182639 
0.5 0.85 0.077259 0.206929 
0.55 0.85 0.0799487 0.230979 
0.6 0.85 0.0798163 0.254038 
0.65 0.85 0.0769172 0.275528 
0.7 0.85 0.0713822 0.295004 
0.75 0.85 0.0634133 0.312098 
0.8 0.85 0.053282 0.3265 
0.85 0.85 0.0413273 0.337945 
0.9 0.85 0.0279508 0.346212 
0.95 0.85 0.0136075 0.351133 
1 0.85 -0.00120904 0.352604 
1.05 0.85 -0.0159853 0.350594 
1.1 0.85 -0.0302094 0.345144 
1.15 0.85 -0.0433923 0.336368 
1.2 0.85 -0.0550857 0.324441 
1.25 0.85 -0.0648961 0.30959 
1.3 0.85 -0.0724936 0.292085 
1.35 0.85 -0.0776153 0.272243 
1.4 0.85 -0.0800679 0.250438 
1.45 0.85 -0.0797294 0.227136 
1.5 0.85 -0.0765536 0.202937 
1.55 0.85 -0.0705793 0.178631 
1.6 0.85 -0.0619422 0.155243 
1.65 0.85 -0.0508889 0.134027 
1.7 0.85 -0.0377858 0.116395 
1.75 0.85 -0.0231184 0.103744 
1.8 0.85 -0.00747493 0.0972094 
1.85 0.85 0.00848652 0.0974269 
1.9 0.85 0.0240839 0.104375 
1.95 0.85 0.0386621 0.117381 
2 0.85 0.0516381 0.135286 
2.05 0.85 0.0625333 0.156684 
2.1 0.85 0.0709882 0.18017 
2.15 0.85 0.0767634 0.2045 
2.2 0.85 0.0797294 0.228664 
2.25 0.85 0.0798534 0.251884 
2.3 0.85 0.077187 0.273568 
2.35 0.85 0.0718581 0.293254 
2.4 0.85 0.0640661 0.310571 
2.45 0.85 0.0540803 0.325205 
2.5 0.85 0.0422375 0.336885 
2.55 0.85 0.0289381 0.345387 
2.6 0.85 0.0146363 0.35054 
2.65 0.85 -0.000173631 0.352235 
2.7 0.85 -0.0149761 0.350435 
2.75 0.85 -0.0292559 0.345176 
2.8 0.85 -0.0425189 0.336569 
2.85 0.85 -0.0543113 0.324786 
2.9 0.85 -0.0642334 0.310051 
2.95 0.85 -0.0719492 0.292635 
3 0.85 -0.0771902 0.272856 
3.05 0.85 -0.0797584 0.25109 
3.1 0.85 -0.0795276 0.227802 
3.15 0.85 -0.0764491 0.203596 
3.2 0.85 -0.0705593 0.179264 
3.25 0.85 -0.061993 0.155829 
3.3 0.85 -0.0509961 0.134549 
3.35 0.85 -0.0379354 0.116838 
3.4 0.85 -0.0232971 0.104097 
3.45 0.85 -0.00767121 0.0974713 
3.5 0.85 0.00828188 0.0976035 
3.55 0.85 0.023877 0.104481 
3.6 0.85 0.0384554 0.117436 
3.65 0.85 0.0514303 0.135312 
3.7 0.85 0.0623193 0.1567 
3.75 0.85 0.0707601 0.18019 
3.8 0.85 0.0765107 0.204531 
3.85 0.85 0.0794405 0.228706 
3.9 0.85 0.0795167 0.25193 
3.95 0.85 0.0767925 0.273602 
4 0.85 0.0713981 0.293259 
4.05 0.85 0.0635369 0.310524 
4.1 0.85 0.0534829 0.325079 
4.15 0.85 0.0415784 0.336653 
4.2 0.85 0.0282295 0.34502 
4.25 0.85 0.0138964 0.350011 
4.3 0.85 -0.000920952 0.351516 
4.35 0.85 -0.0157021 0.349501 
4.4 0.85 -0.0299272 0.344006 
4.45 0.85 -0.0430986 0.335142 
4.5 0.85 -0.0547595 0.323084 
4.55 0.85 -0.0645078 0.308062 
4.6 0.85 -0.0720059 0.290353 
4.65 0.85 -0.0769853 0.270283 
4.7 0.85 -0.07925 0.248247 
4.75 0.85 -0.07868 0.224738 
4.8 0.85 -0.0752381 0.200395 
4.85 0.85 -0.068981 0.176054 
4.9 0.85 -0.0600728 0.152788 
4.95 0.85 -0.0487956 0.131885 
5 0.85 -0.0355427 0.114766 
0 0.9 -0.0250083 0.0900745 
0.05 0.9 -0.0181672 0.0785007 
0.1 0.9 -0.0106266 0.0704345 
0.15 0.9 -0.00266668 0.0665595 
0.2 0.9 0.00540062 0.067229 
0.25 0.9 0.0132414 0.0723732 
0.3 0.9 0.0205302 0.0815104 
0.35 0.9 0.0269773 0.0938542 
0.4 0.9 0.0323473 0.108472 
0.45 0.9 0.0364668 0.124435 
0.5 0.9 0.0392234 0.140922 
0.55 0.9 0.0405601 0.157262 
0.6 0.9 0.0404673 0.172933 
0.65 0.9 0.0389764 0.187535 
0.7 0.9 0.0361559 0.200759 
0.75 0.9 0.0321087 0.212353 
0.8 0.9 0.0269721 0.22211 
0.85 0.9 0.0209168 0.229852 
0.9 0.9 0.0141452 0.235439 
0.95 0.9 0.00688633 0.238761 
1 0.9 -0.00061111 0.239754 
1.05 0.9 -0.00808832 0.238398 
1.1 0.9 -0.0152873 0.234718 
1.15 0.9 -0.0219616 0.228788 
1.2 0.9 -0.0278856 0.220717 
1.25 0.9 -0.0328611 0.210655 
1.3 0.9 -0.0367217 0.198779 
1.35 0.9 -0.0393345 0.185304 
1.4 0.9 -0.0406005 0.170487 
1.45 0.9 -0.0404557 0.15465 
1.5 0.9 -0.0388729 0.138211 
1.55 0.9 -0.0358671 0.121717 
1.6 0.9 -0.0315023 0.105869 
1.65 0.9 -0.0258994 0.09152 
1.7 0.9 -0.0192422 0.0796164 
1.75 0.9 -0.0117778 0.0710883 
1.8 0.9 -0.00380859 0.0666882 
1.85 0.9 0.00432528 0.0668344 
1.9 0.9 0.0122708 0.0715128 
1.95 0.9 0.0196893 0.0802808 
2 0.9 0.0262814 0.0923694 
2.05 0.9 0.0318035 0.106844 
2.1 0.9 0.0360756 0.122758 
2.15 0.9 0.0389804 0.139269 
2.2 0.9 0.0404569 0.155685 
2.25 0.9 0.0404933 0.171466 
2.3 0.9 0.0391193 0.1862 
2.35 0.9 0.0364019 0.199568 
2.4 0.9 0.0324428 0.211315 
2.45 0.9 0.0273785 0.221228 
2.5 0.9 0.0213786 0.229131 
2.55 0.9 0.0146447 0.234876 
2.6 0.9 0.00740563 0.238355 
2.65 0.9 -8.95948e-05 0.239498 
2.7 0.9 -0.00758113 0.238283 
2.75 0.9 -0.0148092 0.234732 
2.8 0.9 -0.0215249 0.228915 
2.85 0.9 -0.0274996 0.220942 
2.9 0.9 -0.0325321 0.210959 
2.95 0.9 -0.0364529 0.199145 
3 0.9 -0.0391262 0.185714 
3.05 0.9 -0.0404505 0.170924 
3.1 0.9 -0.0403599 0.155098 
3.15 0.9 -0.0388259 0.138655 
3.2 0.9 -0.0358623 0.122144 
3.25 0.9 -0.0315327 0.106265 
3.3 0.9 -0.0259576 0.0918723 
3.35 0.9 -0.019321 0.0799152 
3.4 0.9 -0.0118704 0.071327 
3.45 0.9 -0.00390905 0.0668651 
3.5 0.9 0.00422175 0.0669538 
3.55 0.9 0.0121673 0.0715843 
3.6 0.9 0.0195872 0.0803174 
3.65 0.9 0.02618 0.0923856 
3.7 0.9 0.0317002 0.106852 
3.75 0.9 0.035966 0.122768 
3.8 0.9 0.038859 0.139285 
3.85 0.9 0.0403177 0.155706 
3.9 0.9 0.04033 0.171487 
3.95 0.9 0.0389265 0.186212 
4 0.9 0.0361753 0.199558 
4.05 0.9 0.0321804 0.211268 
4.1 0.9 0.0270803 0.221127 
4.15 0.9 0.0210477 0.228956 
4.2 0.9 0.0142871 0.234609 
4.25 0.9 0.00703023 0.237977 
4.3 0.9 -0.000470884 0.238991 
4.35 0.9 -0.00795383 0.23763 
4.4 0.9 -0.0151566 0.233917 
4.45 0.9 -0.0218282 0.227924 
4.5 0.9 -0.0277385 0.219764 
4.55 0.9 -0.0326849 0.209584 
4.6 0.9 -0.0364969 0.197569 
4.65 0.9 -0.0390385 0.18394 
4.7 0.9 -0.0402091 0.168968 
4.75 0.9 -0.0399457 0.152995 
4.8 0.9 -0.0382266 0.136466 
4.85 0.9 -0.0350785 0.119959 
4.9 0.9 -0.0305868 0.104206 
4.95 0.9 -0.0249046 0.0900745 
5 0.9 -0.0182425 0.0785008 
0 0.95 -0.00738739 0.0456902 
0.05 0.95 -0.00526154 0.0399309 
0.1 0.95 -0.00305748 0.0359391 
0.15 0.95 -0.000766658 0.034025 
0.2 0.95 0.0015474 0.0343571 
0.25 0.95 0.00379384 0.0369023 
0.3 0.95 0.00587904 0.0414288 
0.35 0.95 0.00771942 0.0475564 
0.4 0.95 0.00924782 0.0548302 
0.45 0.95 0.0104158 0.0627923 
0.5 0.95 0.0111931 0.071033 
0.55 0.95 0.0115653 0.0792138 
0.6 0.95 0.0115311 0.0870684 
0.65 0.95 0.0111005 0.0943919 
0.7 0.95 0.0102934 0.101025 
0.75 0.95 0.00913897 0.106839 
0.8 0.95 0.00767591 0.111729 
0.85 0.95 0.00595231 0.115609 
0.9 0.95 0.00402528 0.118406 
0.95 0.95 0.00195974 0.120069 
1 0.95 -0.000173682 0.120566 
1.05 0.95 -0.00230136 0.119888 
1.1 0.95 -0.00434994 0.118046 
1.15 0.95 -0.00624942 0.115075 
1.2 0.95 -0.00793591 0.111032 
1.25 0.95 -0.0093535 0.105987 
1.3 0.95 -0.0104553 0.100032 
1.35 0.95 -0.0112039 0.0932729 
1.4 0.95 -0.0115711 0.0858421 
1.45 0.95 -0.0115381 0.0779053 
1.5 0.95 -0.0110962 0.0696769 
1.55 0.95 -0.0102479 0.0614355 
1.6 0.95 -0.00900952 0.0535346 
1.65 0.95 -0.00741396 0.046398 
1.7 0.95 -0.00551259 0.040492 
1.75 0.95 -0.00337603 0.0362692 
1.8 0.95 -0.00109188 0.0340934 
1.85 0.95 0.00124051 0.0341655 
1.9 0.95 0.00351776 0.036479 
1.95 0.95 0.00564104 0.0408209 
2 0.95 0.0075236 0.0468194 
2.05 0.95 0.00909594 0.054019 
2.1 0.95 0.0103077 0.0619544 
2.15 0.95 0.0111272 0.0702053 
2.2 0.95 0.011539 0.0784226 
2.25 0.95 0.0115412 0.0863315 
2.3 0.95 0.0111434 0.0937204 
2.35 0.95 0.0103652 0.100425 
2.4 0.95 0.00923535 0.106316 
2.45 0.95 0.00779239 0.111286 
2.5 0.95 0.00608413 0.115245 
2.55 0.95 0.00416745 0.118122 
2.6 0.95 0.00210716 0.119864 
2.65 0.95 -2.59932e-05 0.120436 
2.7 0.95 -0.00215812 0.119827 
2.75 0.95 -0.00421532 0.11805 
2.8 0.95 -0.00612692 0.115137 
2.85 0.95 -0.00782814 0.111142 
2.9 0.95 -0.00926217 0.106138 
2.95 0.95 -0.0103812 0.100213 
3 0.95 -0.0111471 0.0934766 
3.05 0.95 -0.0115308 0.0860597 
3.1 0.95 -0.0115132 0.0781288 
3.15 0.95 -0.0110849 0.0698988 
3.2 0.95 -0.0102484 0.0616487 
3.25 0.95 -0.00901984 0.0537323 
3.3 0.95 -0.00743192 0.0465741 
3.35 0.95 -0.0055361 0.0406415 
3.4 0.95 -0.00340313 0.036389 
3.45 0.95 -0.00112083 0.0341826 
3.5 0.95 0.00121112 0.0342263 
3.55 0.95 0.00348886 0.036516 
3.6 0.95 0.005613 0.0408403 
3.65 0.95 0.00749621 0.0468283 
3.7 0.95 0.0090684 0.0540235 
3.75 0.95 0.0102788 0.061959 
3.8 0.95 0.0110952 0.0702121 
3.85 0.95 0.011502 0.0784314 
3.9 0.95 0.0114975 0.0863397 
3.95 0.95 0.0110912 0.0937234 
4 0.95 0.0103031 0.100417 
4.05 0.95 0.00916276 0.106288 
4.1 0.95 0.00770921 0.11123 
4.15 0.95 0.0059911 0.115152 
4.2 0.95 0.0040662 0.117983 
4.25 0.95 0.00200019 0.119668 
4.3 0.95 -0.000135369 0.120176 
4.35 0.95 -0.00226582 0.119494 
4.4 0.95 -0.00431662 0.117635 
4.45 0.95 -0.0062165 0.114633 
4.5 0.95 -0.00790022 0.110544 
4.55 0.95 -0.00931052 0.105441 
4.6 0.95 -0.0103993 0.0994156 
4.65 0.95 -0.0111281 0.0925804 
4.7 0.95 -0.0114682 0.0850739 
4.75 0.95 -0.0114009 0.0770719 
4.8 0.95 -0.0109193 0.0688023 
4.85 0.95 -0.0100303 0.0605599 
4.9 0.95 -0.00876249 0.0527129 
4.95 0.95 -0.0071802 0.0456902 
5 0.95 -0.00541286 0.0399309 
0 1 0 0 
0.05 1 0 0 
0.1 1 0 0 
0.15 1 0 0 
0.2 1 0 0 
0.25 1 0 0 
0.3 1 0 0 
0.35 1 0 0 
0.4 1 0 0 
0.45 1 0 0 
0.5 1 0 0 
0.55 1 0 0 
0.6 1 0 0 
0.65 1 0 0 
0.7 1 0 0 
0.75 1 0 0 
0.8 1 0 0 
0.85 1 0 0 
0.9 1 0 0 
0.95 1 0 0 
1 1 0 0 
1.05 1 0 0 
1.1 1 0 0 
1.15 1 0 0 
1.2 1 0 0 
1.25 1 0 0 
1.3 1 0 0 
1.35 1 0 0 
1.4 1 0 0 
1.45 1 0 0 
1.5 1 0 0 
1.55 1 0 0 
1.6 1 0 0 
1.65 1 0 0 
1.7 1 0 0 
1.75 1 0 0 
1.8 1 0 0 
1.85 1 0 0 
1.9 1 0 0 
1.95 1 0 0 
2 1 0 0 
2.05 1 0 0 
2.1 1 0 0 
2.15 1 0 0 
2.2 1 0 0 
2.25 1 0 0 
2.3 1 0 0 
2.35 1 0 0 
2.4 1 0 0 
2.45 1 0 0 
2.5 1 0 0 
2.55 1 0 0 
2.6 1 0 0 
2.65 1 0 0 
2.7 1 0 0 
2.75 1 0 0 
2.8 1 0 0 
2.85 1 0 0 
2.9 1 0 0 
2.95 1 0 0 
3 1 0 0 
3.05 1 0 0 
3.1 1 0 0 
3.15 1 0 0 
3.2 1 0 0 
3.25 1 0 0 
3.3 1 0 0 
3.35 1 0 0 
3.4 1 0 0 
3.45 1 0 0 
3.5 1 0 0 
3.55 1 0 0 
3.6 1 0 0 
3.65 1 0 0 
3.7 1 0 0 
3.75 1 0 0 
3.8 1 0 0 
3.85 1 0 0 
3.9 1 0 0 
3.95 1 0 0 
4 1 0 0 
4.05 1 0 0 
4.1 1 0 0 
4.15 1 0 0 
4.2 1 0 0 
4.25 1 0 0 
4.3 1 0 0 
4.35 1 0 0 
4.4 1 0 0 
4.45 1 0 0 
4.5 1 0 0 
4.55 1 0 0 
4.6 1 0 0 
4.65 1 0 0 
4.7 1 0 0 
4.75 1 0 0 
4.8 1 0 0 
4.85 1 0 0 
4.9 1 0 0 
4.95 1 0 0 
5 1 0 0 
