x, y, ksi, T
#iter= 970000
0 0 0 1 
0.05 0 0 1 
0.1 0 0 1 
0.15 0 0 1 
0.2 0 0 1 
0.25 0 0 1 
0.3 0 0 1 
0.35 0 0 1 
0.4 0 0 1 
0.45 0 0 1 
0.5 0 0 1 
0.55 0 0 1 
0.6 0 0 1 
0.65 0 0 1 
0.7 0 0 1 
0.75 0 0 1 
0.8 0 0 1 
0.85 0 0 1 
0.9 0 0 1 
0.95 0 0 1 
1 0 0 1 
1.05 0 0 1 
1.1 0 0 1 
1.15 0 0 1 
1.2 0 0 1 
1.25 0 0 1 
1.3 0 0 1 
1.35 0 0 1 
1.4 0 0 1 
1.45 0 0 1 
1.5 0 0 1 
1.55 0 0 1 
1.6 0 0 1 
1.65 0 0 1 
1.7 0 0 1 
1.75 0 0 1 
1.8 0 0 1 
1.85 0 0 1 
1.9 0 0 1 
1.95 0 0 1 
2 0 0 1 
2.05 0 0 1 
2.1 0 0 1 
2.15 0 0 1 
2.2 0 0 1 
2.25 0 0 1 
2.3 0 0 1 
2.35 0 0 1 
2.4 0 0 1 
2.45 0 0 1 
2.5 0 0 1 
2.55 0 0 1 
2.6 0 0 1 
2.65 0 0 1 
2.7 0 0 1 
2.75 0 0 1 
2.8 0 0 1 
2.85 0 0 1 
2.9 0 0 1 
2.95 0 0 1 
3 0 0 1 
3.05 0 0 1 
3.1 0 0 1 
3.15 0 0 1 
3.2 0 0 1 
3.25 0 0 1 
3.3 0 0 1 
3.35 0 0 1 
3.4 0 0 1 
3.45 0 0 1 
3.5 0 0 1 
3.55 0 0 1 
3.6 0 0 1 
3.65 0 0 1 
3.7 0 0 1 
3.75 0 0 1 
3.8 0 0 1 
3.85 0 0 1 
3.9 0 0 1 
3.95 0 0 1 
4 0 0 1 
4.05 0 0 1 
4.1 0 0 1 
4.15 0 0 1 
4.2 0 0 1 
4.25 0 0 1 
4.3 0 0 1 
4.35 0 0 1 
4.4 0 0 1 
4.45 0 0 1 
4.5 0 0 1 
4.55 0 0 1 
4.6 0 0 1 
4.65 0 0 1 
4.7 0 0 1 
4.75 0 0 1 
4.8 0 0 1 
4.85 0 0 1 
4.9 0 0 1 
4.95 0 0 1 
5 0 0 1 
0 0.05 -0.00710053 0.886144 
0.05 0.05 -0.00505763 0.882726 
0.1 0.05 -0.00291726 0.880548 
0.15 0.05 -0.000729778 0.879584 
0.2 0.05 0.00145195 0.879824 
0.25 0.05 0.00356497 0.881247 
0.3 0.05 0.00554356 0.883821 
0.35 0.05 0.00732478 0.887492 
0.4 0.05 0.00885188 0.892193 
0.45 0.05 0.0100761 0.897837 
0.5 0.05 0.0109576 0.904324 
0.55 0.05 0.0114655 0.911532 
0.6 0.05 0.0115781 0.919308 
0.65 0.05 0.0112832 0.927457 
0.7 0.05 0.0105793 0.935725 
0.75 0.05 0.00947771 0.943785 
0.8 0.05 0.00800514 0.951236 
0.85 0.05 0.00620631 0.957623 
0.9 0.05 0.00414517 0.962482 
0.95 0.05 0.00190373 0.965408 
1 0.05 -0.000422119 0.966136 
1.05 0.05 -0.00272953 0.964597 
1.1 0.05 -0.0049172 0.960936 
1.15 0.05 -0.00689352 0.955474 
1.2 0.05 -0.00858259 0.948647 
1.25 0.05 -0.00992735 0.940922 
1.3 0.05 -0.0108897 0.932741 
1.35 0.05 -0.0114488 0.924477 
1.4 0.05 -0.0115983 0.916432 
1.45 0.05 -0.0113437 0.908836 
1.5 0.05 -0.0107011 0.901868 
1.55 0.05 -0.00969593 0.895669 
1.6 0.05 -0.00836295 0.890353 
1.65 0.05 -0.00674641 0.886014 
1.7 0.05 -0.00489981 0.882732 
1.75 0.05 -0.00288506 0.880565 
1.8 0.05 -0.000770791 0.879556 
1.85 0.05 0.00137009 0.879723 
1.9 0.05 0.0034635 0.881065 
1.95 0.05 0.0054374 0.883555 
2 0.05 0.00722473 0.887147 
2.05 0.05 0.00876574 0.891775 
2.1 0.05 0.0100093 0.897357 
2.15 0.05 0.0109138 0.903793 
2.2 0.05 0.0114469 0.910962 
2.25 0.05 0.0115858 0.918714 
2.3 0.05 0.0113171 0.926854 
2.35 0.05 0.0106386 0.935132 
2.4 0.05 0.00956059 0.943226 
2.45 0.05 0.00810882 0.950737 
2.5 0.05 0.00632699 0.957212 
2.55 0.05 0.00427809 0.962182 
2.6 0.05 0.00204339 0.965238 
2.65 0.05 -0.000281544 0.966103 
2.7 0.05 -0.00259374 0.964696 
2.75 0.05 -0.00479124 0.961148 
2.8 0.05 -0.00678136 0.955776 
2.85 0.05 -0.00848689 0.949009 
2.9 0.05 -0.00984943 0.941318 
2.95 0.05 -0.0108297 0.933147 
3 0.05 -0.011406 0.924877 
3.05 0.05 -0.011571 0.916814 
3.1 0.05 -0.0113301 0.909193 
3.15 0.05 -0.010699 0.902196 
3.2 0.05 -0.00970309 0.895968 
3.25 0.05 -0.00837718 0.890623 
3.3 0.05 -0.00676566 0.886258 
3.35 0.05 -0.00492222 0.882952 
3.4 0.05 -0.00290901 0.880765 
3.45 0.05 -0.000794993 0.87974 
3.5 0.05 0.00134657 0.879895 
3.55 0.05 0.00344119 0.88123 
3.6 0.05 0.00541641 0.883717 
3.65 0.05 0.00720473 0.887312 
3.7 0.05 0.00874595 0.891946 
3.75 0.05 0.00998866 0.897539 
3.8 0.05 0.0108908 0.903988 
3.85 0.05 0.01142 0.911171 
3.9 0.05 0.0115532 0.918935 
3.95 0.05 0.0112773 0.927085 
4 0.05 0.0105903 0.935365 
4.05 0.05 0.0095031 0.943449 
4.1 0.05 0.00804216 0.950936 
4.15 0.05 0.00625209 0.957369 
4.2 0.05 0.00419687 0.962282 
4.25 0.05 0.00195868 0.965267 
4.3 0.05 -0.000366211 0.966054 
4.35 0.05 -0.00267443 0.96457 
4.4 0.05 -0.004864 0.960956 
4.45 0.05 -0.00684257 0.955531 
4.5 0.05 -0.00853363 0.948732 
4.55 0.05 -0.00987972 0.941027 
4.6 0.05 -0.0108428 0.932861 
4.65 0.05 -0.0114026 0.924611 
4.7 0.05 -0.0115543 0.916579 
4.75 0.05 -0.0113059 0.908998 
4.8 0.05 -0.0106776 0.902044 
4.85 0.05 -0.00970122 0.895853 
4.9 0.05 -0.00842261 0.890529 
4.95 0.05 -0.00690271 0.886144 
5 0.05 -0.0052007 0.882726 
0 0.1 -0.023978 0.773608 
0.05 0.1 -0.0173658 0.766893 
0.1 0.1 -0.0100872 0.762531 
0.15 0.1 -0.00249539 0.760585 
0.2 0.1 0.00513295 0.76105 
0.25 0.1 0.0125416 0.763886 
0.3 0.1 0.0194864 0.76902 
0.35 0.1 0.0257403 0.776345 
0.4 0.1 0.0311002 0.78572 
0.45 0.1 0.0353923 0.796974 
0.5 0.1 0.0384743 0.809907 
0.55 0.1 0.040237 0.824277 
0.6 0.1 0.0406051 0.839788 
0.65 0.1 0.0395389 0.85606 
0.7 0.1 0.0370382 0.872595 
0.75 0.1 0.0331492 0.888748 
0.8 0.1 0.027972 0.903717 
0.85 0.1 0.021668 0.916581 
0.9 0.1 0.0144622 0.926386 
0.95 0.1 0.00663899 0.932301 
1 0.1 -0.00147257 0.933774 
1.05 0.1 -0.00952119 0.930662 
1.1 0.1 -0.0171605 0.923264 
1.15 0.1 -0.0240751 0.912249 
1.2 0.1 -0.0300008 0.898511 
1.25 0.1 -0.0347349 0.883007 
1.3 0.1 -0.0381387 0.866623 
1.35 0.1 -0.0401322 0.850107 
1.4 0.1 -0.0406869 0.834048 
1.45 0.1 -0.0398182 0.818899 
1.5 0.1 -0.0375796 0.805007 
1.55 0.1 -0.0340603 0.792647 
1.6 0.1 -0.0293836 0.782044 
1.65 0.1 -0.0237065 0.773386 
1.7 0.1 -0.0172187 0.766832 
1.75 0.1 -0.0101391 0.762505 
1.8 0.1 -0.00270964 0.760488 
1.85 0.1 0.00481336 0.760823 
1.9 0.1 0.0121694 0.763503 
1.95 0.1 0.0191051 0.768476 
2 0.1 0.0253839 0.775646 
2.05 0.1 0.0307943 0.78488 
2.1 0.1 0.0351553 0.796013 
2.15 0.1 0.0383186 0.808845 
2.2 0.1 0.0401703 0.823139 
2.25 0.1 0.0406309 0.838601 
2.3 0.1 0.0396571 0.854855 
2.35 0.1 0.0372456 0.87141 
2.4 0.1 0.0334391 0.887629 
2.45 0.1 0.0283344 0.902717 
2.5 0.1 0.0220894 0.915754 
2.55 0.1 0.0149263 0.925784 
2.6 0.1 0.00712685 0.931961 
2.65 0.1 -0.000980861 0.933711 
2.7 0.1 -0.00904499 0.930864 
2.75 0.1 -0.016717 0.923696 
2.8 0.1 -0.023678 0.912858 
2.85 0.1 -0.0296595 0.89924 
2.9 0.1 -0.0344544 0.8838 
2.95 0.1 -0.0379199 0.867435 
3 0.1 -0.0399729 0.850903 
3.05 0.1 -0.0405823 0.834807 
3.1 0.1 -0.0397619 0.819606 
3.15 0.1 -0.0375645 0.805657 
3.2 0.1 -0.0340787 0.793237 
3.25 0.1 -0.029428 0.782576 
3.3 0.1 -0.0237698 0.773866 
3.35 0.1 -0.0172945 0.767264 
3.4 0.1 -0.0102217 0.762897 
3.45 0.1 -0.00279447 0.760848 
3.5 0.1 0.00472952 0.76116 
3.55 0.1 0.0120885 0.763825 
3.6 0.1 0.0190274 0.768793 
3.65 0.1 0.0253084 0.775968 
3.7 0.1 0.0307185 0.785216 
3.75 0.1 0.0350753 0.79637 
3.8 0.1 0.0382298 0.809229 
3.85 0.1 0.0400672 0.823551 
3.9 0.1 0.0405079 0.83904 
3.95 0.1 0.0395092 0.855314 
4 0.1 0.0370688 0.871874 
4.05 0.1 0.0332312 0.888076 
4.1 0.1 0.0280959 0.903117 
4.15 0.1 0.0218238 0.916072 
4.2 0.1 0.0146402 0.925987 
4.25 0.1 0.00682998 0.93202 
4.3 0.1 -0.00127638 0.933612 
4.35 0.1 -0.00932574 0.93061 
4.4 0.1 -0.0169694 0.923306 
4.45 0.1 -0.0238897 0.912364 
4.5 0.1 -0.0298201 0.898679 
4.55 0.1 -0.0345568 0.883212 
4.6 0.1 -0.037961 0.866856 
4.65 0.1 -0.0399547 0.850362 
4.7 0.1 -0.0405134 0.834328 
4.75 0.1 -0.0396594 0.819204 
4.8 0.1 -0.0374557 0.805336 
4.85 0.1 -0.0340022 0.792986 
4.9 0.1 -0.0294294 0.782356 
4.95 0.1 -0.0238783 0.773608 
5 0.1 -0.0174361 0.766893 
0 0.15 -0.0467456 0.667143 
0.05 0.15 -0.0338551 0.657332 
0.1 0.15 -0.0196514 0.650898 
0.15 0.15 -0.00476596 0.648001 
0.2 0.15 0.0102398 0.648667 
0.25 0.15 0.0248389 0.652846 
0.3 0.15 0.0385346 0.660429 
0.35 0.15 0.0508689 0.671245 
0.4 0.15 0.0614343 0.685077 
0.45 0.15 0.0698831 0.701667 
0.5 0.15 0.0759326 0.720711 
0.55 0.15 0.0793675 0.741859 
0.6 0.15 0.0800422 0.764679 
0.65 0.15 0.0778844 0.788626 
0.7 0.15 0.0729023 0.812981 
0.75 0.15 0.0651963 0.836807 
0.8 0.15 0.054973 0.858925 
0.85 0.15 0.0425559 0.877966 
0.9 0.15 0.0283894 0.892506 
0.95 0.15 0.0130281 0.901287 
1 0.15 -0.00289034 0.903475 
1.05 0.15 -0.0186872 0.898853 
1.1 0.15 -0.0336929 0.887874 
1.15 0.15 -0.0472952 0.87155 
1.2 0.15 -0.0589764 0.851228 
1.25 0.15 -0.0683349 0.828334 
1.3 0.15 -0.0750897 0.804181 
1.35 0.15 -0.0790739 0.779862 
1.4 0.15 -0.0802216 0.756232 
1.45 0.15 -0.0785554 0.733942 
1.5 0.15 -0.0741757 0.713491 
1.55 0.15 -0.0672557 0.695277 
1.6 0.15 -0.0580385 0.679634 
1.65 0.15 -0.0468356 0.666844 
1.7 0.15 -0.0340237 0.65715 
1.75 0.15 -0.0200373 0.650742 
1.8 0.15 -0.00535664 0.647754 
1.85 0.15 0.00950943 0.64825 
1.9 0.15 0.0240443 0.652219 
1.95 0.15 0.0377449 0.65958 
2 0.15 0.0501418 0.670182 
2.05 0.15 0.060815 0.683818 
2.1 0.15 0.0694049 0.700237 
2.15 0.15 0.0756184 0.71914 
2.2 0.15 0.0792312 0.740179 
2.25 0.15 0.08009 0.762929 
2.3 0.15 0.0781154 0.786851 
2.35 0.15 0.0733093 0.811235 
2.4 0.15 0.0657658 0.835156 
2.45 0.15 0.0556848 0.857448 
2.5 0.15 0.0433836 0.876744 
2.55 0.15 0.0293006 0.891616 
2.6 0.15 0.0139864 0.900785 
2.65 0.15 -0.00192343 0.903384 
2.7 0.15 -0.0177489 0.899155 
2.75 0.15 -0.0328164 0.888515 
2.8 0.15 -0.046507 0.872452 
2.85 0.15 -0.0582952 0.852303 
2.9 0.15 -0.067771 0.829501 
2.95 0.15 -0.0746457 0.805372 
3 0.15 -0.078746 0.781028 
3.05 0.15 -0.0800014 0.75734 
3.1 0.15 -0.078431 0.734972 
3.15 0.15 -0.0741336 0.714435 
3.2 0.15 -0.0672813 0.696134 
3.25 0.15 -0.0581172 0.680405 
3.3 0.15 -0.0469537 0.667536 
3.35 0.15 -0.0341684 0.657772 
3.4 0.15 -0.0201978 0.651304 
3.45 0.15 -0.00552399 0.648269 
3.5 0.15 0.00934171 0.64873 
3.55 0.15 0.0238799 0.652679 
3.6 0.15 0.0375849 0.660033 
3.65 0.15 0.0499841 0.670642 
3.7 0.15 0.0606549 0.684299 
3.75 0.15 0.0692353 0.700749 
3.8 0.15 0.0754302 0.719692 
3.85 0.15 0.0790143 0.740775 
3.9 0.15 0.0798339 0.763567 
3.95 0.15 0.0778108 0.78752 
4 0.15 0.0729489 0.811914 
4.05 0.15 0.0653461 0.835813 
4.1 0.15 0.0552071 0.858037 
4.15 0.15 0.0428549 0.877214 
4.2 0.15 0.0287342 0.891914 
4.25 0.15 0.013401 0.90087 
4.3 0.15 -0.00250421 0.903234 
4.35 0.15 -0.0182991 0.898774 
4.4 0.15 -0.0333096 0.88793 
4.45 0.15 -0.0469187 0.871711 
4.5 0.15 -0.0586046 0.851463 
4.55 0.15 -0.0679628 0.828618 
4.6 0.15 -0.0747118 0.804498 
4.65 0.15 -0.0786872 0.780204 
4.7 0.15 -0.0798293 0.756599 
4.75 0.15 -0.0781699 0.734336 
4.8 0.15 -0.0738212 0.713908 
4.85 0.15 -0.0669662 0.695701 
4.9 0.15 -0.0578453 0.680024 
4.95 0.15 -0.0467294 0.667143 
5 0.15 -0.0338645 0.657332 
0 0.2 -0.0720845 0.572406 
0.05 0.2 -0.0521234 0.559831 
0.1 0.2 -0.030179 0.551542 
0.15 0.2 -0.0071488 0.547782 
0.2 0.2 0.0161051 0.548625 
0.25 0.2 0.0387524 0.554021 
0.3 0.2 0.0600063 0.563821 
0.35 0.2 0.0791431 0.577787 
0.4 0.2 0.0955213 0.595616 
0.45 0.2 0.108596 0.616953 
0.5 0.2 0.117926 0.641395 
0.55 0.2 0.123181 0.668487 
0.6 0.2 0.124142 0.697687 
0.65 0.2 0.120705 0.728307 
0.7 0.2 0.112898 0.759448 
0.75 0.2 0.100889 0.789926 
0.8 0.2 0.0850098 0.818243 
0.85 0.2 0.0657691 0.842644 
0.9 0.2 0.0438552 0.861293 
0.95 0.2 0.0201197 0.872565 
1 0.2 -0.00446412 0.875375 
1.05 0.2 -0.0288629 0.869441 
1.1 0.2 -0.0520565 0.855352 
1.15 0.2 -0.0731088 0.834421 
1.2 0.2 -0.091223 0.808388 
1.25 0.2 -0.105774 0.779088 
1.3 0.2 -0.116316 0.748198 
1.35 0.2 -0.122579 0.717103 
1.4 0.2 -0.124447 0.68688 
1.45 0.2 -0.121942 0.658344 
1.5 0.2 -0.11521 0.632122 
1.55 0.2 -0.104513 0.60872 
1.6 0.2 -0.0902271 0.58857 
1.65 0.2 -0.0728349 0.572054 
1.7 0.2 -0.0529241 0.559506 
1.75 0.2 -0.0311742 0.551197 
1.8 0.2 -0.00833693 0.547317 
1.85 0.2 0.0147907 0.54796 
1.9 0.2 0.0373995 0.553112 
1.95 0.2 0.0587015 0.562651 
2 0.2 0.0779622 0.576364 
2.05 0.2 0.0945253 0.593959 
2.1 0.2 0.107831 0.615092 
2.15 0.2 0.117424 0.639365 
2.2 0.2 0.12296 0.666327 
2.25 0.2 0.12421 0.695442 
2.3 0.2 0.12106 0.726034 
2.35 0.2 0.113526 0.757213 
2.4 0.2 0.101769 0.787813 
2.45 0.2 0.0861095 0.81635 
2.5 0.2 0.0670473 0.841076 
2.55 0.2 0.0452624 0.86015 
2.6 0.2 0.0216001 0.871918 
2.65 0.2 -0.00296892 0.875255 
2.7 0.2 -0.0274095 0.869825 
2.75 0.2 -0.0506953 0.856169 
2.8 0.2 -0.0718805 0.83557 
2.85 0.2 -0.0901565 0.809756 
2.9 0.2 -0.104885 0.78057 
2.95 0.2 -0.115611 0.749708 
3 0.2 -0.122053 0.718578 
3.05 0.2 -0.124087 0.688279 
3.1 0.2 -0.121731 0.659643 
3.15 0.2 -0.115128 0.63331 
3.2 0.2 -0.104538 0.609795 
3.25 0.2 -0.0903371 0.589536 
3.3 0.2 -0.0730089 0.572919 
3.35 0.2 -0.0531427 0.56028 
3.4 0.2 -0.0314204 0.551894 
3.45 0.2 -0.00859705 0.547952 
3.5 0.2 0.0145269 0.54855 
3.55 0.2 0.0371378 0.553674 
3.6 0.2 0.0584437 0.563205 
3.65 0.2 0.0777054 0.576927 
3.7 0.2 0.0942625 0.594549 
3.75 0.2 0.107551 0.615723 
3.8 0.2 0.117114 0.640049 
3.85 0.2 0.122606 0.667069 
3.9 0.2 0.123794 0.69624 
3.95 0.2 0.12057 0.726874 
4 0.2 0.112952 0.758069 
4.05 0.2 0.101105 0.788642 
4.1 0.2 0.0853587 0.817096 
4.15 0.2 0.0662208 0.841671 
4.2 0.2 0.0443806 0.860526 
4.25 0.2 0.0206919 0.87202 
4.3 0.2 -0.00386762 0.875053 
4.35 0.2 -0.0282587 0.869324 
4.4 0.2 -0.0514541 0.855404 
4.45 0.2 -0.0725104 0.834601 
4.5 0.2 -0.0906239 0.808655 
4.55 0.2 -0.105164 0.779407 
4.6 0.2 -0.115685 0.748546 
4.65 0.2 -0.121917 0.71747 
4.7 0.2 -0.123749 0.687262 
4.75 0.2 -0.121215 0.658743 
4.8 0.2 -0.114471 0.632537 
4.85 0.2 -0.103788 0.609139 
4.9 0.2 -0.0895313 0.58897 
4.95 0.2 -0.0721387 0.572406 
5 0.2 -0.052082 0.559831 
0 0.25 -0.0973898 0.493624 
0.05 0.25 -0.0703024 0.478662 
0.1 0.25 -0.0405811 0.468764 
0.15 0.25 -0.00937408 0.464255 
0.2 0.25 0.0221626 0.465261 
0.25 0.25 0.0528925 0.471737 
0.3 0.25 0.0817318 0.483481 
0.35 0.25 0.107683 0.500173 
0.4 0.25 0.129866 0.521402 
0.45 0.25 0.147535 0.546701 
0.5 0.25 0.160095 0.575567 
0.55 0.25 0.167103 0.607448 
0.6 0.25 0.168273 0.64171 
0.65 0.25 0.163484 0.677566 
0.7 0.25 0.152786 0.713984 
0.75 0.25 0.136429 0.7496 
0.8 0.25 0.114876 0.78268 
0.85 0.25 0.0888228 0.811185 
0.9 0.25 0.0592013 0.832971 
0.95 0.25 0.0271528 0.84614 
1 0.25 -0.00602465 0.849424 
1.05 0.25 -0.0389558 0.842492 
1.1 0.25 -0.0702827 0.826033 
1.15 0.25 -0.0987547 0.801583 
1.2 0.25 -0.123301 0.771172 
1.25 0.25 -0.143071 0.736941 
1.3 0.25 -0.157454 0.700836 
1.35 0.25 -0.166064 0.664457 
1.4 0.25 -0.168725 0.629042 
1.45 0.25 -0.165451 0.595522 
1.5 0.25 -0.156423 0.56462 
1.55 0.25 -0.141987 0.536933 
1.6 0.25 -0.122643 0.512989 
1.65 0.25 -0.0990447 0.493276 
1.7 0.25 -0.0719932 0.478237 
1.75 0.25 -0.0424174 0.468245 
1.8 0.25 -0.0113481 0.46357 
1.85 0.25 0.0201201 0.464344 
1.9 0.25 0.0508754 0.470546 
1.95 0.25 0.079836 0.482005 
2 0.25 0.105995 0.498419 
2.05 0.25 0.128457 0.519394 
2.1 0.25 0.146459 0.544472 
2.15 0.25 0.159389 0.573154 
2.2 0.25 0.166788 0.604896 
2.25 0.25 0.168356 0.63907 
2.3 0.25 0.163958 0.674898 
2.35 0.25 0.153633 0.711364 
2.4 0.25 0.137617 0.747124 
2.45 0.25 0.11636 0.780462 
2.5 0.25 0.0905477 0.809346 
2.55 0.25 0.0610998 0.831628 
2.6 0.25 0.0291503 0.845376 
2.65 0.25 -0.00400558 0.849273 
2.7 0.25 -0.0369904 0.842928 
2.75 0.25 -0.0684379 0.826974 
2.8 0.25 -0.097085 0.802909 
2.85 0.25 -0.121845 0.772752 
2.9 0.25 -0.141852 0.738652 
2.95 0.25 -0.15648 0.702577 
3 0.25 -0.165329 0.666156 
3.05 0.25 -0.168215 0.630651 
3.1 0.25 -0.165144 0.597014 
3.15 0.25 -0.156292 0.565983 
3.2 0.25 -0.142003 0.538165 
3.25 0.25 -0.122777 0.514093 
3.3 0.25 -0.0992699 0.494261 
3.35 0.25 -0.0722828 0.479115 
3.4 0.25 -0.0427485 0.469031 
3.45 0.25 -0.011702 0.464281 
3.5 0.25 0.0197574 0.465 
3.55 0.25 0.050512 0.471168 
3.6 0.25 0.0794746 0.482615 
3.65 0.25 0.105632 0.499041 
3.7 0.25 0.128083 0.520047 
3.75 0.25 0.146061 0.545174 
3.8 0.25 0.158949 0.57392 
3.85 0.25 0.166286 0.605731 
3.9 0.25 0.167772 0.639972 
3.95 0.25 0.163274 0.675853 
4 0.25 0.152837 0.71234 
4.05 0.25 0.136702 0.748072 
4.1 0.25 0.115331 0.781315 
4.15 0.25 0.0894197 0.810024 
4.2 0.25 0.0599006 0.832051 
4.25 0.25 0.0279187 0.845478 
4.3 0.25 -0.00522142 0.849019 
4.35 0.25 -0.0381366 0.84232 
4.4 0.25 -0.0694589 0.826052 
4.45 0.25 -0.0979274 0.801742 
4.5 0.25 -0.122461 0.771422 
4.55 0.25 -0.142203 0.737238 
4.6 0.25 -0.156536 0.701149 
4.65 0.25 -0.165076 0.66477 
4.7 0.25 -0.167651 0.62935 
4.75 0.25 -0.164283 0.595829 
4.8 0.25 -0.155164 0.564931 
4.85 0.25 -0.140644 0.537251 
4.9 0.25 -0.121217 0.513317 
4.95 0.25 -0.0975023 0.493624 
5 0.25 -0.0702194 0.478662 
0 0.3 -0.120647 0.4322 
0.05 0.3 -0.0869611 0.415141 
0.1 0.3 -0.0500427 0.403813 
0.15 0.3 -0.0112694 0.398641 
0.2 0.3 0.0279313 0.399815 
0.25 0.3 0.0661349 0.407283 
0.3 0.3 0.101976 0.420774 
0.35 0.3 0.134197 0.439844 
0.4 0.3 0.161693 0.463936 
0.45 0.3 0.183536 0.492444 
0.5 0.3 0.198991 0.524743 
0.55 0.3 0.20752 0.56019 
0.6 0.3 0.208787 0.59808 
0.65 0.3 0.202663 0.637562 
0.7 0.3 0.189237 0.677532 
0.75 0.3 0.168839 0.716525 
0.8 0.3 0.14206 0.752678 
0.85 0.3 0.109775 0.783786 
0.9 0.3 0.0731327 0.807541 
0.95 0.3 0.0335334 0.821889 
1 0.3 -0.00743973 0.825467 
1.05 0.3 -0.0481132 0.817917 
1.1 0.3 -0.0868335 0.799981 
1.15 0.3 -0.122073 0.773317 
1.2 0.3 -0.152515 0.740115 
1.25 0.3 -0.177105 0.702685 
1.3 0.3 -0.195071 0.663124 
1.35 0.3 -0.205917 0.623155 
1.4 0.3 -0.209399 0.584101 
1.45 0.3 -0.205508 0.546962 
1.5 0.3 -0.194449 0.512523 
1.55 0.3 -0.176631 0.481457 
1.6 0.3 -0.152664 0.454394 
1.65 0.3 -0.123356 0.431951 
1.7 0.3 -0.089702 0.414718 
1.75 0.3 -0.0528677 0.403209 
1.8 0.3 -0.0141498 0.397806 
1.85 0.3 0.0250716 0.398699 
1.9 0.3 0.0633933 0.405857 
1.95 0.3 0.099452 0.419034 
2 0.3 0.131982 0.437808 
2.05 0.3 0.159863 0.461636 
2.1 0.3 0.182147 0.489919 
2.15 0.3 0.19808 0.522036 
2.2 0.3 0.207108 0.557347 
2.25 0.3 0.208878 0.595154 
2.3 0.3 0.203244 0.634618 
2.35 0.3 0.190282 0.674649 
2.4 0.3 0.170306 0.713806 
2.45 0.3 0.143894 0.750242 
2.5 0.3 0.111904 0.781767 
2.55 0.3 0.0754757 0.80606 
2.6 0.3 0.0359987 0.821039 
2.65 0.3 -0.0049465 0.825283 
2.7 0.3 -0.0456833 0.81837 
2.75 0.3 -0.0845483 0.800982 
2.8 0.3 -0.119999 0.774735 
2.85 0.3 -0.1507 0.741809 
2.9 0.3 -0.175579 0.704521 
2.95 0.3 -0.193844 0.664994 
3 0.3 -0.204983 0.62498 
3.05 0.3 -0.208743 0.58583 
3.1 0.3 -0.205103 0.548565 
3.15 0.3 -0.194265 0.513987 
3.2 0.3 -0.176632 0.482779 
3.25 0.3 -0.152816 0.455577 
3.3 0.3 -0.123624 0.433003 
3.35 0.3 -0.0900544 0.41565 
3.4 0.3 -0.0532761 0.404037 
3.45 0.3 -0.0145909 0.398547 
3.5 0.3 0.0246152 0.399376 
3.55 0.3 0.0629323 0.406494 
3.6 0.3 0.0989899 0.419656 
3.65 0.3 0.131515 0.43844 
3.7 0.3 0.15938 0.462302 
3.75 0.3 0.181631 0.49064 
3.8 0.3 0.197511 0.522827 
3.85 0.3 0.206462 0.558216 
3.9 0.3 0.208131 0.596099 
3.95 0.3 0.202375 0.635622 
4 0.3 0.189275 0.675678 
4.05 0.3 0.169156 0.714807 
4.1 0.3 0.142606 0.751141 
4.15 0.3 0.110497 0.782477 
4.2 0.3 0.073984 0.806493 
4.25 0.3 0.0344702 0.821122 
4.3 0.3 -0.0064526 0.824975 
4.35 0.3 -0.0471005 0.817671 
4.4 0.3 -0.0858071 0.799934 
4.45 0.3 -0.121032 0.773409 
4.5 0.3 -0.151444 0.74029 
4.55 0.3 -0.175979 0.702891 
4.6 0.3 -0.193858 0.663326 
4.65 0.3 -0.204581 0.623331 
4.7 0.3 -0.207907 0.584245 
4.75 0.3 -0.203834 0.547079 
4.8 0.3 -0.192576 0.512628 
4.85 0.3 -0.174548 0.481573 
4.9 0.3 -0.150361 0.454552 
4.95 0.3 -0.120807 0.4322 
5 0.3 -0.0868446 0.415141 
0 0.35 -0.140332 0.386698 
0.05 0.35 -0.101025 0.367661 
0.1 0.35 -0.0579672 0.354958 
0.15 0.35 -0.0127344 0.349153 
0.2 0.35 0.0330081 0.350515 
0.25 0.35 0.0775821 0.358975 
0.3 0.35 0.119372 0.374156 
0.35 0.35 0.156894 0.395439 
0.4 0.35 0.188848 0.422067 
0.45 0.35 0.214152 0.453241 
0.5 0.35 0.231958 0.488186 
0.55 0.35 0.241662 0.526154 
0.6 0.35 0.242896 0.566381 
0.65 0.35 0.235539 0.607987 
0.7 0.35 0.219726 0.64985 
0.75 0.35 0.195868 0.690492 
0.8 0.35 0.164674 0.728025 
0.85 0.35 0.127167 0.760224 
0.9 0.35 0.0846788 0.784753 
0.95 0.35 0.038817 0.799549 
1 0.35 -0.0086104 0.803236 
1.05 0.35 -0.0556964 0.795457 
1.1 0.35 -0.100556 0.776958 
1.15 0.35 -0.141441 0.749405 
1.2 0.35 -0.176836 0.715008 
1.25 0.35 -0.205515 0.6761 
1.3 0.35 -0.226567 0.634802 
1.35 0.35 -0.239389 0.592854 
1.4 0.35 -0.243672 0.551596 
1.45 0.35 -0.23937 0.512045 
1.5 0.35 -0.226694 0.475025 
1.55 0.35 -0.206093 0.441282 
1.6 0.35 -0.178261 0.411568 
1.65 0.35 -0.144129 0.386668 
1.7 0.35 -0.10486 0.367371 
1.75 0.35 -0.061824 0.354391 
1.8 0.35 -0.0165539 0.34827 
1.85 0.35 0.0293137 0.349279 
1.9 0.35 0.0741137 0.357375 
1.95 0.35 0.116231 0.372205 
2 0.35 0.154171 0.39317 
2.05 0.35 0.186617 0.419527 
2.1 0.35 0.212468 0.450483 
2.15 0.35 0.230857 0.485259 
2.2 0.35 0.241158 0.52311 
2.25 0.35 0.242988 0.563273 
2.3 0.35 0.236207 0.604878 
2.35 0.35 0.220936 0.646821 
2.4 0.35 0.197568 0.687644 
2.45 0.35 0.166797 0.72548 
2.5 0.35 0.129631 0.758112 
2.55 0.35 0.0873883 0.7832 
2.6 0.35 0.0416674 0.798644 
2.65 0.35 -0.00572674 0.803015 
2.7 0.35 -0.0528831 0.795889 
2.75 0.35 -0.0979056 0.777952 
2.8 0.35 -0.13903 0.75083 
2.85 0.35 -0.17472 0.716719 
2.9 0.35 -0.203728 0.67796 
2.95 0.35 -0.225122 0.636701 
3 0.35 -0.238283 0.594712 
3.05 0.35 -0.242886 0.55336 
3.1 0.35 -0.238877 0.513684 
3.15 0.35 -0.226458 0.476525 
3.2 0.35 -0.206076 0.442637 
3.25 0.35 -0.178423 0.41278 
3.3 0.35 -0.14443 0.387742 
3.35 0.35 -0.105264 0.368317 
3.4 0.35 -0.0622978 0.355224 
3.45 0.35 -0.0170702 0.349006 
3.5 0.35 0.0287754 0.349941 
3.55 0.35 0.0735663 0.357989 
3.6 0.35 0.115679 0.372798 
3.65 0.35 0.15361 0.393771 
3.7 0.35 0.186036 0.420162 
3.75 0.35 0.211847 0.451175 
3.8 0.35 0.230173 0.486024 
3.85 0.35 0.240384 0.523957 
3.9 0.35 0.242096 0.5642 
3.95 0.35 0.235176 0.605868 
4 0.35 0.219747 0.647838 
4.05 0.35 0.196216 0.688632 
4.1 0.35 0.165288 0.726364 
4.15 0.35 0.127987 0.758802 
4.2 0.35 0.0856498 0.783603 
4.25 0.35 0.0398891 0.798685 
4.3 0.35 -0.00747661 0.80265 
4.35 0.35 -0.0545274 0.795116 
4.4 0.35 -0.0993626 0.776808 
4.45 0.35 -0.140218 0.749383 
4.5 0.35 -0.175563 0.71505 
4.55 0.35 -0.204156 0.67615 
4.6 0.35 -0.225076 0.634819 
4.65 0.35 -0.237716 0.592813 
4.7 0.35 -0.241762 0.551488 
4.75 0.35 -0.237178 0.511879 
4.8 0.35 -0.22418 0.474825 
4.85 0.35 -0.203231 0.441091 
4.9 0.35 -0.175034 0.411447 
4.95 0.35 -0.140528 0.386698 
5 0.35 -0.100882 0.367661 
0 0.4 -0.15532 0.353815 
0.05 0.4 -0.111707 0.332771 
0.1 0.4 -0.0639292 0.318644 
0.15 0.4 -0.0137195 0.312189 
0.2 0.4 0.0370634 0.313768 
0.25 0.4 0.0865338 0.323289 
0.3 0.4 0.132873 0.340226 
0.35 0.4 0.174415 0.363729 
0.4 0.4 0.209708 0.392777 
0.45 0.4 0.237555 0.426327 
0.5 0.4 0.257033 0.463408 
0.55 0.4 0.267495 0.503148 
0.6 0.4 0.268569 0.544722 
0.65 0.4 0.260157 0.587243 
0.7 0.4 0.242444 0.629618 
0.75 0.4 0.215916 0.670428 
0.8 0.4 0.181378 0.70787 
0.85 0.4 0.13997 0.739822 
0.9 0.4 0.0931581 0.764069 
0.95 0.4 0.042692 0.778657 
1 0.4 -0.00946746 0.78229 
1.05 0.4 -0.0612577 0.77463 
1.1 0.4 -0.110638 0.75638 
1.15 0.4 -0.155712 0.729113 
1.2 0.4 -0.194822 0.694923 
1.25 0.4 -0.226615 0.656027 
1.3 0.4 -0.250069 0.614447 
1.35 0.4 -0.264492 0.57185 
1.4 0.4 -0.269504 0.529524 
1.45 0.4 -0.265022 0.488469 
1.5 0.4 -0.251238 0.449533 
1.55 0.4 -0.228619 0.413545 
1.6 0.4 -0.19791 0.381408 
1.65 0.4 -0.160129 0.354123 
1.7 0.4 -0.116567 0.332739 
1.75 0.4 -0.0687538 0.318233 
1.8 0.4 -0.0184172 0.311355 
1.85 0.4 0.0325949 0.312487 
1.9 0.4 0.0824003 0.321567 
1.95 0.4 0.129176 0.3381 
2 0.4 0.171242 0.361259 
2.05 0.4 0.207129 0.390033 
2.1 0.4 0.235619 0.423377 
2.15 0.4 0.255769 0.460315 
2.2 0.4 0.266912 0.499968 
2.25 0.4 0.268658 0.541511 
2.3 0.4 0.26089 0.58406 
2.35 0.4 0.243777 0.62654 
2.4 0.4 0.217789 0.667551 
2.45 0.4 0.183715 0.705308 
2.5 0.4 0.14268 0.7377 
2.55 0.4 0.0961344 0.762501 
2.6 0.4 0.0458217 0.777727 
2.65 0.4 -0.00630075 0.78203 
2.7 0.4 -0.058166 0.775008 
2.75 0.4 -0.107722 0.75731 
2.8 0.4 -0.153053 0.730469 
2.85 0.4 -0.192482 0.696565 
2.9 0.4 -0.224631 0.657824 
2.95 0.4 -0.248458 0.616292 
3 0.4 -0.26325 0.573664 
3.05 0.4 -0.268615 0.531254 
3.1 0.4 -0.264455 0.490085 
3.15 0.4 -0.250957 0.451019 
3.2 0.4 -0.228583 0.414893 
3.25 0.4 -0.198075 0.382615 
3.3 0.4 -0.160453 0.355192 
3.35 0.4 -0.117008 0.333675 
3.4 0.4 -0.0692775 0.319046 
3.45 0.4 -0.0189922 0.312061 
3.5 0.4 0.0319918 0.313108 
3.55 0.4 0.0817838 0.32213 
3.6 0.4 0.128551 0.338635 
3.65 0.4 0.170605 0.361797 
3.7 0.4 0.206468 0.390602 
3.75 0.4 0.234913 0.424002 
3.8 0.4 0.254992 0.461012 
3.85 0.4 0.266036 0.500747 
3.9 0.4 0.267652 0.542369 
3.95 0.4 0.259731 0.58498 
4 0.4 0.242447 0.627487 
4.05 0.4 0.216281 0.668468 
4.1 0.4 0.182037 0.706121 
4.15 0.4 0.140857 0.738319 
4.2 0.4 0.0942098 0.762838 
4.25 0.4 0.0438555 0.777706 
4.3 0.4 -0.00823399 0.781605 
4.35 0.4 -0.059981 0.774172 
4.4 0.4 -0.109328 0.756094 
4.45 0.4 -0.154358 0.728932 
4.5 0.4 -0.193395 0.69478 
4.55 0.4 -0.22507 0.655861 
4.6 0.4 -0.248347 0.614214 
4.65 0.4 -0.262524 0.57152 
4.7 0.4 -0.26722 0.529086 
4.75 0.4 -0.262354 0.487934 
4.8 0.4 -0.248128 0.448936 
4.85 0.4 -0.225026 0.412947 
4.9 0.4 -0.193815 0.380897 
4.95 0.4 -0.155544 0.353815 
5 0.4 -0.111546 0.332771 
0 0.45 -0.164826 0.32959 
0.05 0.45 -0.11846 0.306473 
0.1 0.45 -0.0676397 0.290859 
0.15 0.45 -0.0142081 0.283726 
0.2 0.45 0.0398387 0.285552 
0.25 0.45 0.0924659 0.296207 
0.3 0.45 0.14171 0.314989 
0.35 0.45 0.185778 0.340772 
0.4 0.45 0.223117 0.372221 
0.45 0.45 0.252461 0.408003 
0.5 0.45 0.272851 0.446917 
0.55 0.45 0.28363 0.487945 
0.6 0.45 0.284441 0.530192 
0.65 0.45 0.275221 0.572769 
0.7 0.45 0.256207 0.614648 
0.75 0.45 0.227948 0.654522 
0.8 0.45 0.19132 0.690755 
0.85 0.45 0.147538 0.721437 
0.9 0.45 0.098144 0.744585 
0.95 0.45 0.0449642 0.75846 
1 0.45 -0.009968 0.76191 
1.05 0.45 -0.0645181 0.754638 
1.1 0.45 -0.116574 0.737265 
1.15 0.45 -0.164163 0.711189 
1.2 0.45 -0.205554 0.678277 
1.25 0.45 -0.239315 0.640517 
1.3 0.45 -0.264351 0.599736 
1.35 0.45 -0.279898 0.55745 
1.4 0.45 -0.285519 0.51485 
1.45 0.45 -0.281081 0.472898 
1.5 0.45 -0.266746 0.432464 
1.55 0.45 -0.242975 0.394475 
1.6 0.45 -0.210527 0.360013 
1.65 0.45 -0.170469 0.330335 
1.7 0.45 -0.124169 0.306798 
1.75 0.45 -0.0732698 0.290689 
1.8 0.45 -0.0196351 0.283009 
1.85 0.45 0.0347325 0.284271 
1.9 0.45 0.0877914 0.294391 
1.95 0.45 0.137568 0.312705 
2 0.45 0.182251 0.338111 
2.05 0.45 0.220269 0.369284 
2.1 0.45 0.250335 0.40488 
2.15 0.45 0.271467 0.443688 
2.2 0.45 0.282988 0.484672 
2.25 0.45 0.284523 0.526931 
2.3 0.45 0.275992 0.569578 
2.35 0.45 0.257616 0.611594 
2.4 0.45 0.229926 0.651691 
2.45 0.45 0.193784 0.688248 
2.5 0.45 0.15039 0.719364 
2.55 0.45 0.101274 0.743047 
2.6 0.45 0.0482536 0.757527 
2.65 0.45 -0.00664 0.761609 
2.7 0.45 -0.0612672 0.754938 
2.75 0.45 -0.113503 0.738087 
2.8 0.45 -0.161359 0.712418 
2.85 0.45 -0.203079 0.679786 
2.9 0.45 -0.237211 0.642186 
2.95 0.45 -0.262635 0.601465 
3 0.45 -0.278569 0.559164 
3.05 0.45 -0.28456 0.5165 
3.1 0.45 -0.280463 0.474452 
3.15 0.45 -0.266433 0.433904 
3.2 0.45 -0.242923 0.39579 
3.25 0.45 -0.210691 0.361195 
3.3 0.45 -0.170805 0.331381 
3.35 0.45 -0.124634 0.307708 
3.4 0.45 -0.0738255 0.291468 
3.45 0.45 -0.0202488 0.283671 
3.5 0.45 0.0340857 0.284836 
3.55 0.45 0.0871277 0.294887 
3.6 0.45 0.136893 0.313164 
3.65 0.45 0.181562 0.338567 
3.7 0.45 0.219553 0.369766 
3.75 0.45 0.249571 0.405413 
3.8 0.45 0.270627 0.44429 
3.85 0.45 0.282043 0.485351 
3.9 0.45 0.283443 0.527684 
3.95 0.45 0.274751 0.570388 
4 0.45 0.256195 0.612425 
4.05 0.45 0.228319 0.652491 
4.1 0.45 0.192 0.688945 
4.15 0.45 0.148456 0.719875 
4.2 0.45 0.0992347 0.743288 
4.25 0.45 0.0461711 0.757426 
4.3 0.45 -0.0086872 0.761119 
4.35 0.45 -0.0631892 0.754047 
4.4 0.45 -0.115203 0.736816 
4.45 0.45 -0.162736 0.710813 
4.5 0.45 -0.204034 0.677906 
4.55 0.45 -0.237649 0.640089 
4.6 0.45 -0.262465 0.5992 
4.65 0.45 -0.277712 0.556773 
4.7 0.45 -0.282944 0.514019 
4.75 0.45 -0.278031 0.471925 
4.8 0.45 -0.263149 0.431392 
4.85 0.45 -0.238778 0.393383 
4.9 0.45 -0.205712 0.359019 
4.95 0.45 -0.165068 0.32959 
5 0.45 -0.118286 0.306474 
0 0.5 -0.168356 0.310282 
0.05 0.5 -0.12094 0.285139 
0.1 0.5 -0.0689238 0.268059 
0.15 0.5 -0.0142049 0.260263 
0.2 0.5 0.0411481 0.262347 
0.25 0.5 0.0950195 0.274142 
0.3 0.5 0.145369 0.294754 
0.35 0.5 0.190338 0.322766 
0.4 0.5 0.228333 0.356513 
0.45 0.5 0.258069 0.394355 
0.5 0.5 0.278585 0.43485 
0.55 0.5 0.289247 0.476819 
0.6 0.5 0.289731 0.519287 
0.65 0.5 0.280016 0.561367 
0.7 0.5 0.260384 0.6021 
0.75 0.5 0.231431 0.640329 
0.8 0.5 0.194072 0.674637 
0.85 0.5 0.149553 0.703392 
0.9 0.5 0.0994325 0.724918 
0.95 0.5 0.0455417 0.737755 
1 0.5 -0.0100921 0.740942 
1.05 0.5 -0.0653459 0.734229 
1.1 0.5 -0.118118 0.718135 
1.15 0.5 -0.166438 0.69383 
1.2 0.5 -0.208565 0.662884 
1.25 0.5 -0.243046 0.626982 
1.3 0.5 -0.268749 0.587691 
1.35 0.5 -0.28487 0.546331 
1.4 0.5 -0.290923 0.503976 
1.45 0.5 -0.286727 0.461538 
1.5 0.5 -0.272408 0.419917 
1.55 0.5 -0.248391 0.380149 
1.6 0.5 -0.215422 0.343508 
1.65 0.5 -0.174573 0.311522 
1.7 0.5 -0.127239 0.285873 
1.75 0.5 -0.0751153 0.268175 
1.8 0.5 -0.0201375 0.259696 
1.85 0.5 0.0356055 0.261088 
1.9 0.5 0.0899825 0.272242 
1.95 0.5 0.140936 0.292316 
2 0.5 0.186589 0.319919 
2.05 0.5 0.225324 0.353389 
2.1 0.5 0.255833 0.391072 
2.15 0.5 0.277135 0.431503 
2.2 0.5 0.288573 0.473479 
2.25 0.5 0.289807 0.516012 
2.3 0.5 0.2808 0.558209 
2.35 0.5 0.261818 0.599118 
2.4 0.5 0.233441 0.637594 
2.45 0.5 0.196572 0.672233 
2.5 0.5 0.152442 0.70141 
2.55 0.5 0.102598 0.723439 
2.6 0.5 0.0488654 0.736836 
2.65 0.5 -0.00673064 0.740601 
2.7 0.5 -0.0620615 0.734438 
2.75 0.5 -0.115013 0.718823 
2.8 0.5 -0.163598 0.694898 
2.85 0.5 -0.206054 0.664221 
2.9 0.5 -0.240905 0.628483 
2.95 0.5 -0.266998 0.589267 
3 0.5 -0.283508 0.547914 
3.05 0.5 -0.289935 0.505518 
3.1 0.5 -0.286086 0.463008 
3.15 0.5 -0.272076 0.421294 
3.2 0.5 -0.248327 0.381417 
3.25 0.5 -0.215582 0.344653 
3.3 0.5 -0.174911 0.312536 
3.35 0.5 -0.127712 0.286749 
3.4 0.5 -0.0756839 0.268915 
3.45 0.5 -0.0207681 0.260308 
3.5 0.5 0.0349391 0.261591 
3.55 0.5 0.0892971 0.272666 
3.6 0.5 0.140239 0.292693 
3.65 0.5 0.185876 0.320283 
3.7 0.5 0.224583 0.353773 
3.75 0.5 0.255043 0.391501 
3.8 0.5 0.276268 0.431994 
3.85 0.5 0.287599 0.47404 
3.9 0.5 0.288696 0.516638 
3.95 0.5 0.279526 0.558882 
4 0.5 0.260363 0.599806 
4.05 0.5 0.231799 0.638247 
4.1 0.5 0.194752 0.672785 
4.15 0.5 0.15047 0.701786 
4.2 0.5 0.10052 0.723563 
4.25 0.5 0.0467436 0.73664 
4.3 0.5 -0.00881752 0.74004 
4.35 0.5 -0.0640223 0.733493 
4.4 0.5 -0.116748 0.717505 
4.45 0.5 -0.165003 0.693236 
4.5 0.5 -0.207023 0.662258 
4.55 0.5 -0.241335 0.626259 
4.6 0.5 -0.266787 0.586818 
4.65 0.5 -0.282564 0.54527 
4.7 0.5 -0.288172 0.502711 
4.75 0.5 -0.283435 0.460082 
4.8 0.5 -0.268487 0.418321 
4.85 0.5 -0.243784 0.37851 
4.9 0.5 -0.210112 0.341973 
4.95 0.5 -0.168607 0.310282 
5 0.5 -0.12076 0.285139 
0 0.55 -0.165694 0.292771 
0.05 0.55 -0.118995 0.265885 
0.1 0.55 -0.0677109 0.247537 
0.15 0.55 -0.0137292 0.239174 
0.2 0.55 0.0408816 0.241498 
0.25 0.55 0.0940008 0.254303 
0.3 0.55 0.143585 0.276518 
0.35 0.55 0.187784 0.306455 
0.4 0.55 0.225019 0.342147 
0.45 0.55 0.254034 0.381673 
0.5 0.55 0.273911 0.423369 
0.55 0.55 0.284057 0.465901 
0.6 0.55 0.284196 0.508217 
0.65 0.55 0.274351 0.549423 
0.7 0.55 0.254839 0.588632 
0.75 0.55 0.226276 0.624839 
0.8 0.55 0.189585 0.656863 
0.85 0.55 0.145992 0.683379 
0.9 0.55 0.0970152 0.703043 
0.95 0.55 0.0444225 0.714697 
1 0.55 -0.00983978 0.717584 
1.05 0.55 -0.0637383 0.711507 
1.1 0.55 -0.115258 0.696874 
1.15 0.55 -0.162506 0.674608 
1.2 0.55 -0.203795 0.645959 
1.25 0.55 -0.237705 0.612281 
1.3 0.55 -0.263113 0.574858 
1.35 0.55 -0.279203 0.534803 
1.4 0.55 -0.28546 0.493065 
1.45 0.55 -0.281665 0.450515 
1.5 0.55 -0.267897 0.408084 
1.55 0.55 -0.244534 0.366916 
1.6 0.55 -0.212279 0.328465 
1.65 0.55 -0.172165 0.294511 
1.7 0.55 -0.125565 0.267032 
1.75 0.55 -0.0741609 0.247945 
1.8 0.55 -0.0198888 0.238763 
1.85 0.55 0.035153 0.240269 
1.9 0.55 0.0888214 0.252332 
1.95 0.55 0.139052 0.273942 
2 0.55 0.18397 0.303439 
2.05 0.55 0.221974 0.338858 
2.1 0.55 0.251783 0.378252 
2.15 0.55 0.272457 0.419928 
2.2 0.55 0.283383 0.462519 
2.25 0.55 0.284269 0.504952 
2.3 0.55 0.275123 0.546324 
2.35 0.55 0.256248 0.585747 
2.4 0.55 0.228247 0.622226 
2.45 0.55 0.192029 0.654588 
2.5 0.55 0.14881 0.68151 
2.55 0.55 0.100098 0.701641 
2.6 0.55 0.0476557 0.713803 
2.65 0.55 -0.00657174 0.717207 
2.7 0.55 -0.0605451 0.711621 
2.75 0.55 -0.112238 0.69742 
2.8 0.55 -0.15974 0.675502 
2.85 0.55 -0.201346 0.647109 
2.9 0.55 -0.235613 0.613598 
2.95 0.55 -0.261397 0.576266 
3 0.55 -0.277865 0.536241 
3.05 0.55 -0.284486 0.494488 
3.1 0.55 -0.28103 0.45189 
3.15 0.55 -0.267565 0.409388 
3.2 0.55 -0.244467 0.368127 
3.25 0.55 -0.212432 0.329567 
3.3 0.55 -0.172496 0.295487 
3.35 0.55 -0.126031 0.26787 
3.4 0.55 -0.0747223 0.248642 
3.45 0.55 -0.0205129 0.239324 
3.5 0.55 0.0344924 0.240711 
3.55 0.55 0.0881416 0.252682 
3.6 0.55 0.13836 0.274236 
3.65 0.55 0.183263 0.303713 
3.7 0.55 0.22124 0.339143 
3.75 0.55 0.251001 0.378576 
3.8 0.55 0.2716 0.420305 
3.85 0.55 0.282422 0.462956 
3.9 0.55 0.283175 0.505445 
3.95 0.55 0.27387 0.546853 
4 0.55 0.254818 0.586281 
4.05 0.55 0.226635 0.622719 
4.1 0.55 0.190244 0.654982 
4.15 0.55 0.146876 0.681738 
4.2 0.55 0.09806 0.701636 
4.25 0.55 0.0455731 0.713504 
4.3 0.55 -0.00862258 0.716569 
4.35 0.55 -0.0624752 0.710622 
4.4 0.55 -0.113949 0.696057 
4.45 0.55 -0.161128 0.67379 
4.5 0.55 -0.202303 0.645069 
4.55 0.55 -0.236031 0.611255 
4.6 0.55 -0.261171 0.573639 
4.65 0.55 -0.276892 0.533351 
4.7 0.55 -0.282672 0.491362 
4.75 0.55 -0.278296 0.448573 
4.8 0.55 -0.263854 0.405962 
4.85 0.55 -0.239755 0.364727 
4.9 0.55 -0.206748 0.326386 
4.95 0.55 -0.165943 0.292771 
5 0.55 -0.118816 0.265885 
0 0.6 -0.156905 0.274632 
0.05 0.6 -0.112671 0.246596 
0.1 0.6 -0.0640369 0.227402 
0.15 0.6 -0.0128118 0.218668 
0.2 0.6 0.0390132 0.221177 
0.25 0.6 0.0893931 0.234692 
0.3 0.6 0.136362 0.258005 
0.35 0.6 0.178145 0.28922 
0.4 0.6 0.213243 0.326143 
0.45 0.6 0.240478 0.366641 
0.5 0.6 0.259002 0.408881 
0.55 0.6 0.268289 0.451411 
0.6 0.6 0.268114 0.493114 
0.65 0.6 0.258539 0.533088 
0.7 0.6 0.2399 0.570509 
0.75 0.6 0.212809 0.604514 
0.8 0.6 0.178153 0.634145 
0.85 0.6 0.137096 0.658362 
0.9 0.6 0.0910598 0.676139 
0.95 0.6 0.0416851 0.686603 
1 0.6 -0.00922916 0.689188 
1.05 0.6 -0.059808 0.683749 
1.1 0.6 -0.108193 0.670589 
1.15 0.6 -0.152632 0.650397 
1.2 0.6 -0.191553 0.624119 
1.25 0.6 -0.223623 0.592799 
1.3 0.6 -0.247769 0.557451 
1.35 0.6 -0.263199 0.518995 
1.4 0.6 -0.269394 0.478267 
1.45 0.6 -0.266109 0.436103 
1.5 0.6 -0.253376 0.393463 
1.55 0.6 -0.231517 0.351575 
1.6 0.6 -0.201166 0.312035 
1.65 0.6 -0.163283 0.276811 
1.7 0.6 -0.119162 0.248108 
1.75 0.6 -0.0704103 0.228072 
1.8 0.6 -0.018889 0.218404 
1.85 0.6 0.0333764 0.219988 
1.9 0.6 0.0843149 0.232677 
1.95 0.6 0.131935 0.255331 
2 0.6 0.174437 0.286085 
2.05 0.6 0.210297 0.322739 
2.1 0.6 0.23831 0.363132 
2.15 0.6 0.257608 0.40539 
2.2 0.6 0.267647 0.448025 
2.25 0.6 0.268186 0.489891 
2.3 0.6 0.259274 0.530074 
2.35 0.6 0.241234 0.567744 
2.4 0.6 0.214668 0.602041 
2.45 0.6 0.180452 0.63201 
2.5 0.6 0.139741 0.656615 
2.55 0.6 0.0939483 0.674821 
2.6 0.6 0.0447101 0.685739 
2.65 0.6 -0.00617393 0.688782 
2.7 0.6 -0.0568236 0.683776 
2.75 0.6 -0.10537 0.670999 
2.8 0.6 -0.150045 0.651124 
2.85 0.6 -0.18926 0.625088 
2.9 0.6 -0.22166 0.593936 
2.95 0.6 -0.246158 0.558692 
3 0.6 -0.261941 0.520286 
3.05 0.6 -0.268476 0.479566 
3.1 0.6 -0.265509 0.437377 
3.15 0.6 -0.253062 0.394685 
3.2 0.6 -0.231453 0.352721 
3.25 0.6 -0.201311 0.313083 
3.3 0.6 -0.163597 0.277741 
3.35 0.6 -0.119605 0.248902 
3.4 0.6 -0.0709446 0.228721 
3.45 0.6 -0.019483 0.218912 
3.5 0.6 0.0327478 0.220369 
3.55 0.6 0.0836684 0.232959 
3.6 0.6 0.131278 0.255548 
3.65 0.6 0.173767 0.286274 
3.7 0.6 0.209602 0.322934 
3.75 0.6 0.237571 0.363357 
3.8 0.6 0.2568 0.40566 
3.85 0.6 0.26674 0.448345 
3.9 0.6 0.267154 0.490254 
3.95 0.6 0.258093 0.530462 
4 0.6 0.239888 0.568126 
4.05 0.6 0.213151 0.602376 
4.1 0.6 0.178771 0.632248 
4.15 0.6 0.13792 0.656697 
4.2 0.6 0.092026 0.674688 
4.25 0.6 0.0427431 0.685338 
4.3 0.6 -0.00811475 0.688069 
4.35 0.6 -0.0586549 0.682723 
4.4 0.6 -0.106998 0.669594 
4.45 0.6 -0.15137 0.649366 
4.5 0.6 -0.190178 0.622982 
4.55 0.6 -0.222065 0.59149 
4.6 0.6 -0.245942 0.555913 
4.65 0.6 -0.261 0.517185 
4.7 0.6 -0.266714 0.476165 
4.75 0.6 -0.26284 0.433723 
4.8 0.6 -0.249426 0.390871 
4.85 0.6 -0.226823 0.3489 
4.9 0.6 -0.195716 0.309477 
4.95 0.6 -0.157141 0.274631 
5 0.6 -0.1125 0.246596 
0 0.65 -0.142363 0.254059 
0.05 0.65 -0.102232 0.225792 
0.1 0.65 -0.0580558 0.206402 
0.15 0.65 -0.0114958 0.197594 
0.2 0.65 0.035611 0.200194 
0.25 0.65 0.0813772 0.213945 
0.3 0.65 0.123991 0.237565 
0.35 0.65 0.161827 0.26905 
0.4 0.65 0.193521 0.30609 
0.45 0.65 0.218014 0.34645 
0.5 0.65 0.234559 0.388213 
0.55 0.65 0.242708 0.429866 
0.6 0.65 0.242291 0.470261 
0.65 0.65 0.233397 0.508499 
0.7 0.65 0.21636 0.543812 
0.75 0.65 0.191757 0.575454 
0.8 0.65 0.160407 0.602654 
0.85 0.65 0.123364 0.624617 
0.9 0.65 0.0819026 0.640583 
0.95 0.65 0.0374847 0.649919 
1 0.65 -0.00829522 0.652221 
1.05 0.65 -0.0537786 0.647383 
1.1 0.65 -0.0973207 0.635622 
1.15 0.65 -0.137366 0.617433 
1.2 0.65 -0.172512 0.593504 
1.25 0.65 -0.201557 0.564617 
1.3 0.65 -0.223525 0.531559 
1.35 0.65 -0.23768 0.495086 
1.4 0.65 -0.243526 0.455941 
1.45 0.65 -0.240808 0.414924 
1.5 0.65 -0.229521 0.373007 
1.55 0.65 -0.209925 0.331463 
1.6 0.65 -0.182567 0.291959 
1.65 0.65 -0.1483 0.256556 
1.7 0.65 -0.108294 0.227571 
1.75 0.65 -0.0640154 0.207271 
1.8 0.65 -0.0171781 0.197456 
1.85 0.65 0.0303475 0.199063 
1.9 0.65 0.0766465 0.211936 
1.95 0.65 0.119881 0.234867 
2 0.65 0.158397 0.265883 
2.05 0.65 0.190807 0.302664 
2.1 0.65 0.216027 0.34294 
2.15 0.65 0.233289 0.38475 
2.2 0.65 0.242129 0.426541 
2.25 0.65 0.242364 0.467132 
2.3 0.65 0.23407 0.505608 
2.35 0.65 0.217573 0.541191 
2.4 0.65 0.193441 0.573135 
2.45 0.65 0.162482 0.600669 
2.5 0.65 0.125744 0.622998 
2.55 0.65 0.0844961 0.639356 
2.6 0.65 0.0401967 0.649096 
2.65 0.65 -0.00555907 0.651799 
2.7 0.65 -0.0511074 0.64734 
2.75 0.65 -0.094794 0.635917 
2.8 0.65 -0.13505 0.618013 
2.85 0.65 -0.170458 0.594311 
2.9 0.65 -0.199799 0.565589 
2.95 0.65 -0.22208 0.532643 
3 0.65 -0.236551 0.496235 
3.05 0.65 -0.242702 0.457116 
3.1 0.65 -0.24027 0.416091 
3.15 0.65 -0.229241 0.374138 
3.2 0.65 -0.209871 0.332532 
3.25 0.65 -0.182702 0.29294 
3.3 0.65 -0.148588 0.257426 
3.35 0.65 -0.108699 0.22831 
3.4 0.65 -0.0645033 0.207868 
3.45 0.65 -0.0177197 0.19791 
3.5 0.65 0.0297754 0.199387 
3.55 0.65 0.0760594 0.212157 
3.6 0.65 0.119286 0.235018 
3.65 0.65 0.157792 0.266 
3.7 0.65 0.190181 0.30278 
3.75 0.65 0.215362 0.343079 
3.8 0.65 0.232563 0.384926 
3.85 0.65 0.241316 0.426757 
3.9 0.65 0.241438 0.46738 
3.95 0.65 0.23301 0.50587 
4 0.65 0.216363 0.541438 
4.05 0.65 0.192076 0.57333 
4.1 0.65 0.160968 0.600768 
4.15 0.65 0.124101 0.622951 
4.2 0.65 0.0827597 0.63911 
4.25 0.65 0.0384161 0.648605 
4.3 0.65 -0.0073207 0.651021 
4.35 0.65 -0.0527753 0.646244 
4.4 0.65 -0.0962838 0.634483 
4.45 0.65 -0.13627 0.616228 
4.5 0.65 -0.171311 0.592166 
4.55 0.65 -0.200185 0.563081 
4.6 0.65 -0.221898 0.529768 
4.65 0.65 -0.2357 0.492998 
4.7 0.65 -0.241088 0.453535 
4.75 0.65 -0.23781 0.412218 
4.8 0.65 -0.225874 0.370072 
4.85 0.65 -0.205571 0.328437 
4.9 0.65 -0.177496 0.289057 
4.95 0.65 -0.142575 0.254059 
5 0.65 -0.10208 0.225792 
0 0.7 -0.122798 0.229801 
0.05 0.7 -0.0881962 0.202489 
0.1 0.7 -0.0500589 0.183738 
0.15 0.7 -0.00984036 0.175236 
0.2 0.7 0.03085 0.177799 
0.25 0.7 0.0703585 0.191169 
0.3 0.7 0.107102 0.214068 
0.35 0.7 0.139664 0.244508 
0.4 0.7 0.166868 0.280202 
0.45 0.7 0.187811 0.318942 
0.5 0.7 0.201867 0.358833 
0.55 0.7 0.208674 0.398381 
0.6 0.7 0.208113 0.436454 
0.65 0.7 0.200286 0.472181 
0.7 0.7 0.185504 0.504847 
0.75 0.7 0.164281 0.533808 
0.8 0.7 0.13733 0.55844 
0.85 0.7 0.105558 0.578136 
0.9 0.7 0.0700542 0.592338 
0.95 0.7 0.0320559 0.600598 
1 0.7 -0.00709044 0.60263 
1.05 0.7 -0.045987 0.598362 
1.1 0.7 -0.0832471 0.587944 
1.15 0.7 -0.117556 0.571723 
1.2 0.7 -0.147722 0.550195 
1.25 0.7 -0.172718 0.523937 
1.3 0.7 -0.191701 0.493561 
1.35 0.7 -0.204023 0.459694 
1.4 0.7 -0.209237 0.422995 
1.45 0.7 -0.207101 0.384222 
1.5 0.7 -0.197582 0.344326 
1.55 0.7 -0.180878 0.304566 
1.6 0.7 -0.157437 0.266589 
1.65 0.7 -0.127979 0.232435 
1.7 0.7 -0.0935085 0.204396 
1.75 0.7 -0.0552974 0.18472 
1.8 0.7 -0.0148419 0.175195 
1.85 0.7 0.0262178 0.176754 
1.9 0.7 0.0662012 0.189241 
1.95 0.7 0.103498 0.211454 
2 0.7 0.136667 0.241434 
2.05 0.7 0.164507 0.276884 
2.1 0.7 0.186091 0.315556 
2.15 0.7 0.200775 0.355511 
2.2 0.7 0.208184 0.395213 
2.25 0.7 0.208187 0.433496 
2.3 0.7 0.200876 0.469471 
2.35 0.7 0.186555 0.502414 
2.4 0.7 0.165731 0.531673 
2.45 0.7 0.139111 0.556625 
2.5 0.7 0.107596 0.576659 
2.55 0.7 0.0722691 0.591214 
2.6 0.7 0.034368 0.599829 
2.65 0.7 -0.00476073 0.60221 
2.7 0.7 -0.0437146 0.598271 
2.75 0.7 -0.0810989 0.588149 
2.8 0.7 -0.115588 0.572182 
2.85 0.7 -0.145977 0.55086 
2.9 0.7 -0.171224 0.524761 
2.95 0.7 -0.190473 0.494498 
3 0.7 -0.203064 0.460702 
3.05 0.7 -0.20854 0.42404 
3.1 0.7 -0.206647 0.385271 
3.15 0.7 -0.197349 0.345351 
3.2 0.7 -0.180838 0.30554 
3.25 0.7 -0.15756 0.267485 
3.3 0.7 -0.128233 0.233229 
3.35 0.7 -0.093862 0.205068 
3.4 0.7 -0.0557215 0.185256 
3.45 0.7 -0.0153111 0.175594 
3.5 0.7 0.0257238 0.177026 
3.55 0.7 0.0656962 0.18941 
3.6 0.7 0.102988 0.211553 
3.65 0.7 0.136151 0.241496 
3.7 0.7 0.163974 0.27694 
3.75 0.7 0.185527 0.315628 
3.8 0.7 0.20016 0.355612 
3.85 0.7 0.207495 0.395345 
3.9 0.7 0.207401 0.433651 
3.95 0.7 0.199975 0.469631 
4 0.7 0.185525 0.502552 
4.05 0.7 0.164567 0.531756 
4.1 0.7 0.137817 0.556613 
4.15 0.7 0.106189 0.57651 
4.2 0.7 0.0707785 0.590883 
4.25 0.7 0.0328352 0.599275 
4.3 0.7 -0.0062824 0.601395 
4.35 0.7 -0.0451614 0.597162 
4.4 0.7 -0.0823983 0.58672 
4.45 0.7 -0.11666 0.570414 
4.5 0.7 -0.146738 0.548736 
4.55 0.7 -0.171584 0.522268 
4.6 0.7 -0.190341 0.491627 
4.65 0.7 -0.202349 0.457455 
4.7 0.7 -0.207156 0.420435 
4.75 0.7 -0.204519 0.381361 
4.8 0.7 -0.194421 0.341237 
4.85 0.7 -0.177087 0.30139 
4.9 0.7 -0.153009 0.263542 
4.95 0.7 -0.122974 0.229801 
5 0.7 -0.0880697 0.202489 
0 0.75 -0.0993473 0.201125 
0.05 0.75 -0.0713694 0.176105 
0.1 0.75 -0.0404976 0.158927 
0.15 0.75 -0.00792622 0.151152 
0.2 0.75 0.0250242 0.153534 
0.25 0.75 0.0569975 0.165827 
0.3 0.75 0.0866978 0.186847 
0.35 0.75 0.112972 0.21475 
0.4 0.75 0.134868 0.247421 
0.45 0.75 0.151665 0.282811 
0.5 0.75 0.16287 0.319164 
0.55 0.75 0.168213 0.355089 
0.6 0.75 0.167615 0.389526 
0.65 0.75 0.161178 0.42167 
0.7 0.75 0.149169 0.450874 
0.75 0.75 0.132014 0.476583 
0.8 0.75 0.110293 0.49829 
0.85 0.75 0.0847381 0.515528 
0.9 0.75 0.0562188 0.527888 
0.95 0.75 0.0257211 0.535046 
1 0.75 -0.00568654 0.536805 
1.05 0.75 -0.0368965 0.533114 
1.1 0.75 -0.0668092 0.524076 
1.15 0.75 -0.0943802 0.509936 
1.2 0.75 -0.11866 0.49105 
1.25 0.75 -0.138824 0.46785 
1.3 0.75 -0.154191 0.440813 
1.35 0.75 -0.164231 0.410461 
1.4 0.75 -0.168569 0.377371 
1.45 0.75 -0.166992 0.342238 
1.5 0.75 -0.159456 0.305948 
1.55 0.75 -0.146098 0.269676 
1.6 0.75 -0.127264 0.234957 
1.65 0.75 -0.103522 0.203682 
1.7 0.75 -0.0756799 0.177977 
1.75 0.75 -0.0447709 0.159923 
1.8 0.75 -0.0120186 0.151179 
1.85 0.75 0.0212304 0.152609 
1.9 0.75 0.0535951 0.16407 
1.95 0.75 0.0837546 0.184446 
2 0.75 0.110532 0.211922 
2.05 0.75 0.132953 0.244368 
2.1 0.75 0.150277 0.279702 
2.15 0.75 0.161997 0.316123 
2.2 0.75 0.167829 0.3522 
2.25 0.75 0.167687 0.386843 
2.3 0.75 0.161666 0.419226 
2.35 0.75 0.150026 0.448692 
2.4 0.75 0.133188 0.47468 
2.45 0.75 0.111728 0.496679 
2.5 0.75 0.0863748 0.51422 
2.55 0.75 0.057994 0.526887 
2.6 0.75 0.0275707 0.534353 
2.65 0.75 -0.00382567 0.53641 
2.7 0.75 -0.0350835 0.532999 
2.75 0.75 -0.0650969 0.524215 
2.8 0.75 -0.0928128 0.510295 
2.85 0.75 -0.117271 0.491592 
2.9 0.75 -0.137637 0.468536 
2.95 0.75 -0.153217 0.441606 
3 0.75 -0.163472 0.411325 
3.05 0.75 -0.168019 0.378275 
3.1 0.75 -0.166638 0.343153 
3.15 0.75 -0.159278 0.306847 
3.2 0.75 -0.146075 0.270533 
3.25 0.75 -0.12737 0.235747 
3.3 0.75 -0.103733 0.204382 
3.35 0.75 -0.0759704 0.178566 
3.4 0.75 -0.0451171 0.160389 
3.45 0.75 -0.0123996 0.151518 
3.5 0.75 0.0208313 0.152832 
3.55 0.75 0.0531892 0.164197 
3.6 0.75 0.083347 0.184506 
3.65 0.75 0.110121 0.211946 
3.7 0.75 0.132532 0.244383 
3.75 0.75 0.149832 0.279728 
3.8 0.75 0.161512 0.316171 
3.85 0.75 0.167286 0.35227 
3.9 0.75 0.167066 0.386928 
3.95 0.75 0.160952 0.419309 
4 0.75 0.149207 0.44875 
4.05 0.75 0.13226 0.474682 
4.1 0.75 0.110694 0.496593 
4.15 0.75 0.0852464 0.514008 
4.2 0.75 0.0567945 0.526513 
4.25 0.75 0.0263329 0.53378 
4.3 0.75 -0.0050595 0.535603 
4.35 0.75 -0.0362625 0.531928 
4.4 0.75 -0.0661627 0.522853 
4.45 0.75 -0.0937008 0.508619 
4.5 0.75 -0.117912 0.489582 
4.55 0.75 -0.137957 0.466174 
4.6 0.75 -0.153139 0.438883 
4.65 0.75 -0.162921 0.408241 
4.7 0.75 -0.166922 0.374849 
4.75 0.75 -0.164931 0.339436 
4.8 0.75 -0.156915 0.302938 
4.85 0.75 -0.143038 0.266594 
4.9 0.75 -0.123683 0.232006 
4.95 0.75 -0.0994729 0.201125 
5 0.75 -0.0712786 0.176105 
0 0.8 -0.0736145 0.167818 
0.05 0.8 -0.0528943 0.146403 
0.1 0.8 -0.0300109 0.131712 
0.15 0.8 -0.00586362 0.125075 
0.2 0.8 0.0185584 0.127131 
0.25 0.8 0.0422399 0.137667 
0.3 0.8 0.064212 0.15567 
0.35 0.8 0.0836162 0.179563 
0.4 0.8 0.0997491 0.207532 
0.45 0.8 0.112083 0.237817 
0.5 0.8 0.120267 0.268904 
0.55 0.8 0.124113 0.299583 
0.6 0.8 0.123577 0.328933 
0.65 0.8 0.118747 0.35625 
0.7 0.8 0.10983 0.38098 
0.75 0.8 0.0971447 0.402658 
0.8 0.8 0.0811234 0.420881 
0.85 0.8 0.0623045 0.43529 
0.9 0.8 0.0413251 0.445584 
0.95 0.8 0.018905 0.451532 
1 0.8 -0.00417763 0.452992 
1.05 0.8 -0.0271164 0.449929 
1.1 0.8 -0.049111 0.442417 
1.15 0.8 -0.0694001 0.430627 
1.2 0.8 -0.0872897 0.414818 
1.25 0.8 -0.102175 0.39531 
1.3 0.8 -0.113552 0.372476 
1.35 0.8 -0.121027 0.346737 
1.4 0.8 -0.124315 0.318582 
1.45 0.8 -0.123247 0.288612 
1.5 0.8 -0.117779 0.257601 
1.55 0.8 -0.107997 0.226572 
1.6 0.8 -0.0941437 0.196856 
1.65 0.8 -0.0766306 0.170083 
1.7 0.8 -0.0560501 0.148078 
1.75 0.8 -0.0331701 0.132624 
1.8 0.8 -0.00890556 0.125139 
1.85 0.8 0.0157325 0.126362 
1.9 0.8 0.0397061 0.136172 
1.95 0.8 0.0620242 0.153613 
2 0.8 0.081808 0.177134 
2.05 0.8 0.098336 0.204908 
2.1 0.8 0.111066 0.235146 
2.15 0.8 0.119634 0.266294 
2.2 0.8 0.123843 0.297108 
2.25 0.8 0.123643 0.32664 
2.3 0.8 0.119118 0.354169 
2.35 0.8 0.11047 0.379128 
2.4 0.8 0.0980157 0.401048 
2.45 0.8 0.0821835 0.419521 
2.5 0.8 0.0635094 0.434187 
2.55 0.8 0.0426287 0.444738 
2.6 0.8 0.0202604 0.45094 
2.65 0.8 -0.00281622 0.452645 
2.7 0.8 -0.0257921 0.449813 
2.75 0.8 -0.047862 0.442509 
2.8 0.8 -0.0682583 0.430902 
2.85 0.8 -0.0862797 0.415246 
2.9 0.8 -0.101313 0.395862 
2.95 0.8 -0.112847 0.373121 
3 0.8 -0.120479 0.347446 
3.05 0.8 -0.12392 0.319329 
3.1 0.8 -0.122996 0.289372 
3.15 0.8 -0.117657 0.258349 
3.2 0.8 -0.107988 0.227288 
3.25 0.8 -0.0942298 0.197516 
3.3 0.8 -0.0767927 0.170667 
3.35 0.8 -0.0562696 0.148569 
3.4 0.8 -0.0334292 0.133009 
3.45 0.8 -0.00918866 0.125416 
3.5 0.8 0.0154379 0.126539 
3.55 0.8 0.0394085 0.136266 
3.6 0.8 0.0617276 0.153649 
3.65 0.8 0.0815112 0.177136 
3.7 0.8 0.0980333 0.2049 
3.75 0.8 0.110747 0.235145 
3.8 0.8 0.119287 0.266308 
3.85 0.8 0.123453 0.297138 
3.9 0.8 0.123197 0.326678 
3.95 0.8 0.118603 0.354201 
4 0.8 0.109877 0.379134 
4.05 0.8 0.0973402 0.401004 
4.1 0.8 0.0814276 0.419399 
4.15 0.8 0.0626818 0.433956 
4.2 0.8 0.0417455 0.444368 
4.25 0.8 0.0193452 0.4504 
4.3 0.8 -0.00373282 0.451907 
4.35 0.8 -0.0266729 0.448848 
4.4 0.8 -0.0486641 0.441294 
4.45 0.8 -0.0689338 0.429414 
4.5 0.8 -0.0867765 0.413466 
4.55 0.8 -0.101576 0.393773 
4.6 0.8 -0.112818 0.370713 
4.65 0.8 -0.1201 0.344721 
4.7 0.8 -0.123135 0.316305 
4.75 0.8 -0.121757 0.286096 
4.8 0.8 -0.115929 0.254913 
4.85 0.8 -0.105761 0.223833 
4.9 0.8 -0.0915261 0.194243 
4.95 0.8 -0.0736772 0.167818 
5 0.8 -0.0528486 0.146403 
0 0.85 -0.0477376 0.13017 
0.05 0.85 -0.0342961 0.113458 
0.1 0.85 -0.0194545 0.102013 
0.15 0.85 -0.00380238 0.096851 
0.2 0.85 0.0120184 0.0984611 
0.25 0.85 0.0273471 0.106677 
0.3 0.85 0.0415521 0.120718 
0.35 0.85 0.0540755 0.139365 
0.4 0.85 0.0644635 0.161211 
0.45 0.85 0.0723803 0.184884 
0.5 0.85 0.0776066 0.209195 
0.55 0.85 0.0800296 0.233186 
0.6 0.85 0.0796303 0.256122 
0.65 0.85 0.0764716 0.277443 
0.7 0.85 0.0706915 0.296707 
0.75 0.85 0.0624993 0.313557 
0.8 0.85 0.0521734 0.327684 
0.85 0.85 0.0400597 0.338829 
0.9 0.85 0.0265661 0.346774 
0.95 0.85 0.0121524 0.351357 
1 0.85 -0.00268419 0.352482 
1.05 0.85 -0.0174291 0.350124 
1.1 0.85 -0.0315713 0.344333 
1.15 0.85 -0.0446245 0.335228 
1.2 0.85 -0.0561451 0.322991 
1.25 0.85 -0.0657453 0.307853 
1.3 0.85 -0.0731012 0.29009 
1.35 0.85 -0.077957 0.270023 
1.4 0.85 -0.0801262 0.248036 
1.45 0.85 -0.0794943 0.224606 
1.5 0.85 -0.0760235 0.200353 
1.55 0.85 -0.0697622 0.17609 
1.6 0.85 -0.0608575 0.152868 
1.65 0.85 -0.0495686 0.131965 
1.7 0.85 -0.0362752 0.1148 
1.75 0.85 -0.0214751 0.102755 
1.8 0.85 -0.00576622 0.0969248 
1.85 0.85 0.0101882 0.0978774 
1.9 0.85 0.0257062 0.105519 
1.95 0.85 0.0401382 0.119115 
2 0.85 0.0529109 0.137465 
2.05 0.85 0.0635578 0.159155 
2.1 0.85 0.0717327 0.182789 
2.15 0.85 0.0772082 0.207147 
2.2 0.85 0.079866 0.231245 
2.25 0.85 0.0796829 0.254326 
2.3 0.85 0.0767192 0.275814 
2.35 0.85 0.0711108 0.295261 
2.4 0.85 0.063065 0.312302 
2.45 0.85 0.0528585 0.326626 
2.5 0.85 0.0408358 0.337969 
2.55 0.85 0.0274035 0.346113 
2.6 0.85 0.0130213 0.350892 
2.65 0.85 -0.00181315 0.352205 
2.7 0.85 -0.0165833 0.350022 
2.75 0.85 -0.0307751 0.344391 
2.8 0.85 -0.0438982 0.335427 
2.85 0.85 -0.0555041 0.323309 
2.9 0.85 -0.0651999 0.308267 
2.95 0.85 -0.0726568 0.290578 
3 0.85 -0.077614 0.270564 
3.05 0.85 -0.0798814 0.248608 
3.1 0.85 -0.0793411 0.22519 
3.15 0.85 -0.0759529 0.200929 
3.2 0.85 -0.0697636 0.176641 
3.25 0.85 -0.0609191 0.153377 
3.3 0.85 -0.0496782 0.132415 
3.35 0.85 -0.0364206 0.115178 
3.4 0.85 -0.0216449 0.103051 
3.45 0.85 -0.00595004 0.0971365 
3.5 0.85 0.00999849 0.0980108 
3.55 0.85 0.0255163 0.105587 
3.6 0.85 0.0399506 0.119136 
3.65 0.85 0.0527248 0.13746 
3.7 0.85 0.0633694 0.15914 
3.75 0.85 0.0715354 0.182778 
3.8 0.85 0.0769935 0.207145 
3.85 0.85 0.0796244 0.231253 
3.9 0.85 0.0794049 0.254338 
3.95 0.85 0.0763965 0.275818 
4 0.85 0.0707371 0.295242 
4.05 0.85 0.0626371 0.312241 
4.1 0.85 0.0523772 0.326502 
4.15 0.85 0.0403061 0.33776 
4.2 0.85 0.0268356 0.345794 
4.25 0.85 0.0124299 0.350439 
4.3 0.85 -0.00240865 0.351596 
4.35 0.85 -0.0171592 0.349236 
4.4 0.85 -0.0313038 0.343407 
4.45 0.85 -0.0443488 0.334227 
4.5 0.85 -0.0558427 0.321877 
4.55 0.85 -0.0653902 0.30659 
4.6 0.85 -0.0726606 0.288647 
4.65 0.85 -0.0773927 0.268381 
4.7 0.85 -0.0793975 0.24619 
4.75 0.85 -0.0785625 0.222578 
4.8 0.85 -0.0748577 0.198198 
4.85 0.85 -0.0683481 0.173907 
4.9 0.85 -0.0592066 0.150795 
4.95 0.85 -0.0477246 0.13017 
5 0.85 -0.0343049 0.113458 
0 0.9 -0.0244602 0.0889167 
0.05 0.9 -0.017536 0.0776199 
0.1 0.9 -0.00993545 0.069906 
0.15 0.9 -0.00194444 0.0664345 
0.2 0.9 0.00612198 0.0675222 
0.25 0.9 0.0139297 0.0730595 
0.3 0.9 0.0211555 0.0825301 
0.35 0.9 0.0275142 0.0951268 
0.4 0.9 0.0327759 0.109911 
0.45 0.9 0.0367729 0.125959 
0.5 0.9 0.0393982 0.142461 
0.55 0.9 0.0405996 0.158761 
0.6 0.9 0.0403717 0.174349 
0.65 0.9 0.0387497 0.188835 
0.7 0.9 0.0358055 0.201914 
0.75 0.9 0.0316456 0.213341 
0.8 0.9 0.0264108 0.22291 
0.85 0.9 0.0202754 0.230449 
0.9 0.9 0.0134445 0.235817 
0.95 0.9 0.00615003 0.238911 
1 0.9 -0.00135775 0.23967 
1.05 0.9 -0.00881935 0.238079 
1.1 0.9 -0.0159772 0.234169 
1.15 0.9 -0.0225864 0.228015 
1.2 0.9 -0.0284234 0.219734 
1.25 0.9 -0.0332931 0.209476 
1.3 0.9 -0.0370321 0.197424 
1.35 0.9 -0.0395109 0.183795 
1.4 0.9 -0.0406338 0.168853 
1.45 0.9 -0.0403404 0.15293 
1.5 0.9 -0.0386078 0.136456 
1.55 0.9 -0.0354557 0.119993 
1.6 0.9 -0.0309538 0.104262 
1.65 0.9 -0.0252297 0.0901265 
1.7 0.9 -0.0184743 0.0785405 
1.75 0.9 -0.0109412 0.0704225 
1.8 0.9 -0.00293802 0.0664966 
1.85 0.9 0.00519232 0.0671377 
1.9 0.9 0.0130968 0.0722837 
1.95 0.9 0.0204399 0.0814502 
2 0.9 0.0269274 0.0938424 
2.05 0.9 0.0323223 0.108517 
2.1 0.9 0.0364512 0.124535 
2.15 0.9 0.0392034 0.141067 
2.2 0.9 0.0405236 0.157439 
2.25 0.9 0.0404047 0.173125 
2.3 0.9 0.0388806 0.187726 
2.35 0.9 0.0360221 0.20093 
2.4 0.9 0.0319352 0.212487 
2.45 0.9 0.0267596 0.22219 
2.5 0.9 0.0206691 0.229864 
2.55 0.9 0.0138682 0.235366 
2.6 0.9 0.00658859 0.238592 
2.65 0.9 -0.000919031 0.239478 
2.7 0.9 -0.00839427 0.238005 
2.75 0.9 -0.015578 0.234202 
2.8 0.9 -0.0222232 0.228143 
2.85 0.9 -0.028104 0.219943 
2.9 0.9 -0.0330224 0.209751 
2.95 0.9 -0.0368127 0.197749 
3 0.9 -0.0393428 0.184157 
3.05 0.9 -0.0405153 0.169237 
3.1 0.9 -0.040268 0.153323 
3.15 0.9 -0.0385768 0.136844 
3.2 0.9 -0.0354606 0.120365 
3.25 0.9 -0.0309887 0.104605 
3.3 0.9 -0.0252884 0.0904303 
3.35 0.9 -0.0185504 0.0787953 
3.4 0.9 -0.0110289 0.0706223 
3.45 0.9 -0.00303195 0.0666397 
3.5 0.9 0.00509639 0.067228 
3.55 0.9 0.0130018 0.0723299 
3.6 0.9 0.0203471 0.0814644 
3.65 0.9 0.0268364 0.0938376 
3.7 0.9 0.032231 0.108505 
3.75 0.9 0.0363563 0.124523 
3.8 0.9 0.0391002 0.141061 
3.85 0.9 0.0404071 0.157438 
3.9 0.9 0.0402698 0.173125 
3.95 0.9 0.0387228 0.187719 
4 0.9 0.0358381 0.200906 
4.05 0.9 0.0317229 0.212434 
4.1 0.9 0.0265193 0.222093 
4.15 0.9 0.0204029 0.229707 
4.2 0.9 0.0135812 0.235134 
4.25 0.9 0.00628799 0.238269 
4.3 0.9 -0.00122354 0.239048 
4.35 0.9 -0.00869079 0.237454 
4.4 0.9 -0.0158527 0.233516 
4.45 0.9 -0.0224604 0.227309 
4.5 0.9 -0.0282863 0.218949 
4.55 0.9 -0.0331313 0.208589 
4.6 0.9 -0.0368285 0.196414 
4.65 0.9 -0.0392452 0.18265 
4.7 0.9 -0.0402845 0.167572 
4.75 0.9 -0.039887 0.15153 
4.8 0.9 -0.0380346 0.134977 
4.85 0.9 -0.034758 0.118504 
4.9 0.9 -0.0301469 0.102858 
4.95 0.9 -0.0243588 0.0889167 
5 0.9 -0.0176085 0.0776199 
0 0.95 -0.00722563 0.045115 
0.05 0.95 -0.0050797 0.039495 
0.1 0.95 -0.00285911 0.0356781 
0.15 0.95 -0.000559337 0.0339636 
0.2 0.95 0.00175446 0.0345025 
0.25 0.95 0.00399123 0.0372423 
0.3 0.95 0.00605809 0.0419348 
0.35 0.95 0.0078728 0.0481892 
0.4 0.95 0.00936991 0.0555471 
0.45 0.95 0.0105027 0.0635531 
0.5 0.95 0.0112425 0.071803 
0.55 0.95 0.0115761 0.0799648 
0.6 0.95 0.0115036 0.0877785 
0.65 0.95 0.0110358 0.0950436 
0.7 0.95 0.0101937 0.101604 
0.75 0.95 0.00900728 0.107334 
0.8 0.95 0.00751633 0.11213 
0.85 0.95 0.00576989 0.115907 
0.9 0.95 0.00382597 0.118595 
0.95 0.95 0.00175023 0.120144 
1 0.95 -0.000386193 0.120524 
1.05 0.95 -0.0025095 0.119728 
1.1 0.95 -0.00454645 0.11777 
1.15 0.95 -0.00642748 0.114688 
1.2 0.95 -0.00808937 0.110538 
1.25 0.95 -0.00947701 0.105396 
1.3 0.95 -0.0105444 0.0993514 
1.35 0.95 -0.0112551 0.0925155 
1.4 0.95 -0.0115817 0.0850228 
1.45 0.95 -0.0115065 0.0770438 
1.5 0.95 -0.0110219 0.0687991 
1.55 0.95 -0.0101316 0.0605753 
1.6 0.95 -0.00885381 0.0527341 
1.65 0.95 -0.00722313 0.0457059 
1.7 0.95 -0.00529314 0.0399589 
1.75 0.95 -0.00313646 0.03594 
1.8 0.95 -0.000842315 0.0339988 
1.85 0.95 0.00148909 0.0343156 
1.9 0.95 0.00375439 0.0368606 
1.95 0.95 0.00585569 0.0414007 
2 0.95 0.00770788 0.0475514 
2.05 0.95 0.00924343 0.0548526 
2.1 0.95 0.0104141 0.0628416 
2.15 0.95 0.01119 0.0711048 
2.2 0.95 0.0115572 0.0793012 
2.25 0.95 0.0115153 0.0871634 
2.3 0.95 0.011075 0.0944858 
2.35 0.95 0.0102568 0.101109 
2.4 0.95 0.00909076 0.106904 
2.45 0.95 0.00761628 0.111768 
2.5 0.95 0.00588226 0.115612 
2.55 0.95 0.00394654 0.118367 
2.6 0.95 0.00187472 0.119982 
2.65 0.95 -0.000261966 0.120425 
2.7 0.95 -0.00238946 0.119688 
2.75 0.95 -0.00443406 0.117784 
2.8 0.95 -0.00632563 0.11475 
2.85 0.95 -0.00800018 0.110641 
2.9 0.95 -0.00940188 0.105532 
2.95 0.95 -0.010484 0.099513 
3 0.95 -0.0112093 0.0926955 
3.05 0.95 -0.01155 0.0852142 
3.1 0.95 -0.0114878 0.0772397 
3.15 0.95 -0.0110148 0.0689931 
3.2 0.95 -0.0101346 0.0607611 
3.25 0.95 -0.00886511 0.0529057 
3.3 0.95 -0.00724095 0.0458578 
3.35 0.95 -0.00531568 0.0400865 
3.4 0.95 -0.00316201 0.0360402 
3.45 0.95 -0.000869326 0.034071 
3.5 0.95 0.00146186 0.0343617 
3.55 0.95 0.00372781 0.0368848 
3.6 0.95 0.00583013 0.0414088 
3.65 0.95 0.00768322 0.0475497 
3.7 0.95 0.00921905 0.0548466 
3.75 0.95 0.0103889 0.0628355 
3.8 0.95 0.0111627 0.0711008 
3.85 0.95 0.0115263 0.0792991 
3.9 0.95 0.0114792 0.0871613 
3.95 0.95 0.0110323 0.0944798 
4 0.95 0.0102064 0.101094 
4.05 0.95 0.00903202 0.106874 
4.1 0.95 0.00754917 0.111715 
4.15 0.95 0.00580738 0.115529 
4.2 0.95 0.00386519 0.118247 
4.25 0.95 0.00178892 0.119816 
4.3 0.95 -0.00034951 0.120205 
4.35 0.95 -0.0024754 0.119407 
4.4 0.95 -0.0045145 0.117435 
4.45 0.95 -0.00639612 0.114326 
4.5 0.95 -0.00805582 0.110137 
4.55 0.95 -0.00943732 0.104943 
4.6 0.95 -0.0104935 0.0988371 
4.65 0.95 -0.0111869 0.0919342 
4.7 0.95 -0.0114898 0.0843748 
4.75 0.95 -0.0113845 0.0763384 
4.8 0.95 -0.0108649 0.0680579 
4.85 0.95 -0.0099392 0.0598342 
4.9 0.95 -0.00863692 0.0520419 
4.95 0.95 -0.00702305 0.045115 
5 0.95 -0.00522574 0.039495 
0 1 0 0 
0.05 1 0 0 
0.1 1 0 0 
0.15 1 0 0 
0.2 1 0 0 
0.25 1 0 0 
0.3 1 0 0 
0.35 1 0 0 
0.4 1 0 0 
0.45 1 0 0 
0.5 1 0 0 
0.55 1 0 0 
0.6 1 0 0 
0.65 1 0 0 
0.7 1 0 0 
0.75 1 0 0 
0.8 1 0 0 
0.85 1 0 0 
0.9 1 0 0 
0.95 1 0 0 
1 1 0 0 
1.05 1 0 0 
1.1 1 0 0 
1.15 1 0 0 
1.2 1 0 0 
1.25 1 0 0 
1.3 1 0 0 
1.35 1 0 0 
1.4 1 0 0 
1.45 1 0 0 
1.5 1 0 0 
1.55 1 0 0 
1.6 1 0 0 
1.65 1 0 0 
1.7 1 0 0 
1.75 1 0 0 
1.8 1 0 0 
1.85 1 0 0 
1.9 1 0 0 
1.95 1 0 0 
2 1 0 0 
2.05 1 0 0 
2.1 1 0 0 
2.15 1 0 0 
2.2 1 0 0 
2.25 1 0 0 
2.3 1 0 0 
2.35 1 0 0 
2.4 1 0 0 
2.45 1 0 0 
2.5 1 0 0 
2.55 1 0 0 
2.6 1 0 0 
2.65 1 0 0 
2.7 1 0 0 
2.75 1 0 0 
2.8 1 0 0 
2.85 1 0 0 
2.9 1 0 0 
2.95 1 0 0 
3 1 0 0 
3.05 1 0 0 
3.1 1 0 0 
3.15 1 0 0 
3.2 1 0 0 
3.25 1 0 0 
3.3 1 0 0 
3.35 1 0 0 
3.4 1 0 0 
3.45 1 0 0 
3.5 1 0 0 
3.55 1 0 0 
3.6 1 0 0 
3.65 1 0 0 
3.7 1 0 0 
3.75 1 0 0 
3.8 1 0 0 
3.85 1 0 0 
3.9 1 0 0 
3.95 1 0 0 
4 1 0 0 
4.05 1 0 0 
4.1 1 0 0 
4.15 1 0 0 
4.2 1 0 0 
4.25 1 0 0 
4.3 1 0 0 
4.35 1 0 0 
4.4 1 0 0 
4.45 1 0 0 
4.5 1 0 0 
4.55 1 0 0 
4.6 1 0 0 
4.65 1 0 0 
4.7 1 0 0 
4.75 1 0 0 
4.8 1 0 0 
4.85 1 0 0 
4.9 1 0 0 
4.95 1 0 0 
5 1 0 0 
