x, y, ksi, T
#iter= 980000
0 0 0 1 
0.05 0 0 1 
0.1 0 0 1 
0.15 0 0 1 
0.2 0 0 1 
0.25 0 0 1 
0.3 0 0 1 
0.35 0 0 1 
0.4 0 0 1 
0.45 0 0 1 
0.5 0 0 1 
0.55 0 0 1 
0.6 0 0 1 
0.65 0 0 1 
0.7 0 0 1 
0.75 0 0 1 
0.8 0 0 1 
0.85 0 0 1 
0.9 0 0 1 
0.95 0 0 1 
1 0 0 1 
1.05 0 0 1 
1.1 0 0 1 
1.15 0 0 1 
1.2 0 0 1 
1.25 0 0 1 
1.3 0 0 1 
1.35 0 0 1 
1.4 0 0 1 
1.45 0 0 1 
1.5 0 0 1 
1.55 0 0 1 
1.6 0 0 1 
1.65 0 0 1 
1.7 0 0 1 
1.75 0 0 1 
1.8 0 0 1 
1.85 0 0 1 
1.9 0 0 1 
1.95 0 0 1 
2 0 0 1 
2.05 0 0 1 
2.1 0 0 1 
2.15 0 0 1 
2.2 0 0 1 
2.25 0 0 1 
2.3 0 0 1 
2.35 0 0 1 
2.4 0 0 1 
2.45 0 0 1 
2.5 0 0 1 
2.55 0 0 1 
2.6 0 0 1 
2.65 0 0 1 
2.7 0 0 1 
2.75 0 0 1 
2.8 0 0 1 
2.85 0 0 1 
2.9 0 0 1 
2.95 0 0 1 
3 0 0 1 
3.05 0 0 1 
3.1 0 0 1 
3.15 0 0 1 
3.2 0 0 1 
3.25 0 0 1 
3.3 0 0 1 
3.35 0 0 1 
3.4 0 0 1 
3.45 0 0 1 
3.5 0 0 1 
3.55 0 0 1 
3.6 0 0 1 
3.65 0 0 1 
3.7 0 0 1 
3.75 0 0 1 
3.8 0 0 1 
3.85 0 0 1 
3.9 0 0 1 
3.95 0 0 1 
4 0 0 1 
4.05 0 0 1 
4.1 0 0 1 
4.15 0 0 1 
4.2 0 0 1 
4.25 0 0 1 
4.3 0 0 1 
4.35 0 0 1 
4.4 0 0 1 
4.45 0 0 1 
4.5 0 0 1 
4.55 0 0 1 
4.6 0 0 1 
4.65 0 0 1 
4.7 0 0 1 
4.75 0 0 1 
4.8 0 0 1 
4.85 0 0 1 
4.9 0 0 1 
4.95 0 0 1 
5 0 0 1 
0 0.05 -0.00706578 0.886059 
0.05 0.05 -0.00501976 0.882664 
0.1 0.05 -0.00287663 0.88051 
0.15 0.05 -0.000687593 0.87957 
0.2 0.05 0.0014942 0.879834 
0.25 0.05 0.00360576 0.881282 
0.3 0.05 0.0055814 0.88388 
0.35 0.05 0.0073583 0.887574 
0.4 0.05 0.00887987 0.892296 
0.45 0.05 0.0100976 0.89796 
0.5 0.05 0.0109717 0.904465 
0.55 0.05 0.0114715 0.911688 
0.6 0.05 0.0115757 0.919475 
0.65 0.05 0.0112721 0.92763 
0.7 0.05 0.0105595 0.935898 
0.75 0.05 0.00944954 0.94395 
0.8 0.05 0.00796935 0.951384 
0.85 0.05 0.00616404 0.957743 
0.9 0.05 0.00409799 0.962564 
0.95 0.05 0.00185358 0.965444 
1 0.05 -0.000473023 0.966123 
1.05 0.05 -0.00277892 0.964536 
1.1 0.05 -0.00496292 0.960831 
1.15 0.05 -0.00693368 0.955334 
1.2 0.05 -0.00861568 0.948482 
1.25 0.05 -0.00995227 0.940742 
1.3 0.05 -0.0109058 0.932555 
1.35 0.05 -0.0114557 0.924293 
1.4 0.05 -0.0115959 0.916255 
1.45 0.05 -0.0113323 0.908672 
1.5 0.05 -0.010681 0.90172 
1.55 0.05 -0.00966781 0.89554 
1.6 0.05 -0.0083277 0.890245 
1.65 0.05 -0.00670516 0.88593 
1.7 0.05 -0.00485387 0.882672 
1.75 0.05 -0.00283596 0.880533 
1.8 0.05 -0.000720201 0.879551 
1.85 0.05 0.00142043 0.879746 
1.9 0.05 0.00351184 0.881115 
1.95 0.05 0.00548208 0.883632 
2 0.05 0.00726424 0.887249 
2.05 0.05 0.00879872 0.891901 
2.1 0.05 0.0100347 0.897505 
2.15 0.05 0.0109306 0.903961 
2.2 0.05 0.0114545 0.911146 
2.25 0.05 0.0115837 0.918909 
2.3 0.05 0.0113051 0.927055 
2.35 0.05 0.0106168 0.935334 
2.4 0.05 0.00952931 0.943418 
2.45 0.05 0.00806894 0.95091 
2.5 0.05 0.00627981 0.957353 
2.55 0.05 0.00422536 0.962281 
2.6 0.05 0.00198729 0.965286 
2.65 0.05 -0.000338571 0.966095 
2.7 0.05 -0.00264917 0.964634 
2.75 0.05 -0.00484268 0.961037 
2.8 0.05 -0.00682672 0.955625 
2.85 0.05 -0.00852453 0.94883 
2.9 0.05 -0.00987819 0.941122 
2.95 0.05 -0.0108489 0.932945 
3 0.05 -0.0114152 0.924676 
3.05 0.05 -0.0115703 0.916621 
3.1 0.05 -0.0113198 0.909013 
3.15 0.05 -0.0106796 0.902034 
3.2 0.05 -0.00967527 0.895825 
3.25 0.05 -0.00834196 0.890503 
3.3 0.05 -0.00672424 0.886162 
3.35 0.05 -0.00487599 0.882882 
3.4 0.05 -0.00285956 0.880723 
3.45 0.05 -0.000744035 0.879725 
3.5 0.05 0.00139727 0.879909 
3.55 0.05 0.00348988 0.881271 
3.6 0.05 0.00546144 0.883785 
3.65 0.05 0.0072446 0.887404 
3.7 0.05 0.00877939 0.892062 
3.75 0.05 0.0100146 0.897676 
3.8 0.05 0.0109084 0.904143 
3.85 0.05 0.0114287 0.911341 
3.9 0.05 0.0115526 0.919116 
3.95 0.05 0.0112673 0.927271 
4 0.05 0.0105711 0.935551 
4.05 0.05 0.00947508 0.943626 
4.1 0.05 0.00800617 0.951095 
4.15 0.05 0.00620939 0.957499 
4.2 0.05 0.0041491 0.962373 
4.25 0.05 0.00190787 0.965311 
4.3 0.05 -0.000417823 0.966048 
4.35 0.05 -0.00272455 0.964516 
4.4 0.05 -0.0049105 0.960857 
4.45 0.05 -0.00688361 0.955398 
4.5 0.05 -0.00856778 0.948573 
4.55 0.05 -0.00990601 0.940854 
4.6 0.05 -0.0108607 0.932682 
4.65 0.05 -0.0114119 0.924434 
4.7 0.05 -0.011555 0.91641 
4.75 0.05 -0.0112984 0.90884 
4.8 0.05 -0.0106624 0.901902 
4.85 0.05 -0.00967905 0.895729 
4.9 0.05 -0.00839428 0.890424 
4.95 0.05 -0.00686897 0.886059 
5 0.05 -0.00516169 0.882664 
0 0.1 -0.0238596 0.773439 
0.05 0.1 -0.0172333 0.76677 
0.1 0.1 -0.00994449 0.762454 
0.15 0.1 -0.00234729 0.760556 
0.2 0.1 0.0052812 0.76107 
0.25 0.1 0.0126846 0.763955 
0.3 0.1 0.0196189 0.769138 
0.35 0.1 0.0258576 0.776508 
0.4 0.1 0.0311981 0.785926 
0.45 0.1 0.035467 0.797219 
0.5 0.1 0.0385229 0.810187 
0.55 0.1 0.0402573 0.824587 
0.6 0.1 0.0405955 0.840121 
0.65 0.1 0.0394988 0.856406 
0.7 0.1 0.0369678 0.872941 
0.75 0.1 0.0330498 0.889079 
0.8 0.1 0.0278462 0.904015 
0.85 0.1 0.0215199 0.916823 
0.9 0.1 0.0142973 0.926552 
0.95 0.1 0.00646405 0.932375 
1 0.1 -0.00165008 0.933749 
1.05 0.1 -0.00969349 0.930538 
1.1 0.1 -0.0173202 0.923052 
1.15 0.1 -0.0242157 0.911967 
1.2 0.1 -0.0301169 0.898179 
1.25 0.1 -0.0348227 0.882646 
1.3 0.1 -0.0381955 0.866251 
1.35 0.1 -0.0401567 0.849739 
1.4 0.1 -0.0406788 0.833696 
1.45 0.1 -0.0397781 0.818572 
1.5 0.1 -0.037509 0.804711 
1.55 0.1 -0.0339615 0.792389 
1.6 0.1 -0.0292596 0.781828 
1.65 0.1 -0.0235614 0.773218 
1.7 0.1 -0.0170572 0.766714 
1.75 0.1 -0.0099665 0.76244 
1.8 0.1 -0.0025318 0.760478 
1.85 0.1 0.00499028 0.760868 
1.9 0.1 0.0123393 0.763603 
1.95 0.1 0.0192621 0.768629 
2 0.1 0.0255226 0.77585 
2.05 0.1 0.03091 0.785132 
2.1 0.1 0.0352439 0.796308 
2.15 0.1 0.0383771 0.809178 
2.2 0.1 0.0401962 0.823504 
2.25 0.1 0.0406226 0.83899 
2.3 0.1 0.0396141 0.855258 
2.35 0.1 0.0371681 0.871813 
2.4 0.1 0.0333288 0.888014 
2.45 0.1 0.0281944 0.903064 
2.5 0.1 0.0219242 0.916039 
2.55 0.1 0.0147421 0.925984 
2.6 0.1 0.00693111 0.932058 
2.65 0.1 -0.00117975 0.933696 
2.7 0.1 -0.00923841 0.930738 
2.75 0.1 -0.0168967 0.923471 
2.8 0.1 -0.0238369 0.912554 
2.85 0.1 -0.0297917 0.89888 
2.9 0.1 -0.0345559 0.883407 
2.95 0.1 -0.0379879 0.86703 
3 0.1 -0.0400061 0.850502 
3.05 0.1 -0.0405807 0.834422 
3.1 0.1 -0.0397263 0.819248 
3.15 0.1 -0.0374967 0.805333 
3.2 0.1 -0.0339813 0.792953 
3.25 0.1 -0.0293044 0.782337 
3.3 0.1 -0.0236243 0.773675 
3.35 0.1 -0.0171321 0.767126 
3.4 0.1 -0.0100479 0.762812 
3.45 0.1 -0.00261537 0.76082 
3.5 0.1 0.00490774 0.761187 
3.55 0.1 0.0122597 0.763908 
3.6 0.1 0.0191858 0.768929 
3.65 0.1 0.0254486 0.776154 
3.7 0.1 0.030836 0.785448 
3.75 0.1 0.0351664 0.796643 
3.8 0.1 0.0382915 0.809538 
3.85 0.1 0.0400975 0.823891 
3.9 0.1 0.0405056 0.839402 
3.95 0.1 0.0394738 0.855688 
4 0.1 0.0370009 0.872247 
4.05 0.1 0.0331327 0.888432 
4.1 0.1 0.0279698 0.903437 
4.15 0.1 0.0216744 0.916334 
4.2 0.1 0.0144734 0.926171 
4.25 0.1 0.00665278 0.93211 
4.3 0.1 -0.00145638 0.933601 
4.35 0.1 -0.00950073 0.930499 
4.4 0.1 -0.0171321 0.923106 
4.45 0.1 -0.0240336 0.912094 
4.5 0.1 -0.0299404 0.89836 
4.55 0.1 -0.0346499 0.882865 
4.6 0.1 -0.0380247 0.866498 
4.65 0.1 -0.0399882 0.850009 
4.7 0.1 -0.0405169 0.83399 
4.75 0.1 -0.0396339 0.818891 
4.8 0.1 -0.037403 0.805053 
4.85 0.1 -0.0339248 0.792737 
4.9 0.1 -0.0293301 0.782146 
4.95 0.1 -0.0237604 0.773439 
5 0.1 -0.017303 0.76677 
0 0.15 -0.0465133 0.666895 
0.05 0.15 -0.0335938 0.65715 
0.1 0.15 -0.0193697 0.650785 
0.15 0.15 -0.00447358 0.647959 
0.2 0.15 0.0105323 0.648698 
0.25 0.15 0.025121 0.652951 
0.3 0.15 0.0387958 0.660603 
0.35 0.15 0.0510997 0.671487 
0.4 0.15 0.0616264 0.685382 
0.45 0.15 0.0700293 0.702029 
0.5 0.15 0.076027 0.721125 
0.55 0.15 0.0794058 0.742315 
0.6 0.15 0.0800215 0.765169 
0.65 0.15 0.0778035 0.789135 
0.7 0.15 0.0727618 0.813492 
0.75 0.15 0.0649993 0.837296 
0.8 0.15 0.0547246 0.859365 
0.85 0.15 0.0422644 0.878325 
0.9 0.15 0.0280654 0.892753 
0.95 0.15 0.0126847 0.901398 
1 0.15 -0.00323865 0.903438 
1.05 0.15 -0.0190254 0.89867 
1.1 0.15 -0.0340066 0.88756 
1.15 0.15 -0.0475717 0.871133 
1.2 0.15 -0.0592053 0.850738 
1.25 0.15 -0.0685083 0.827803 
1.3 0.15 -0.0752024 0.803634 
1.35 0.15 -0.0791229 0.779321 
1.4 0.15 -0.0802063 0.755714 
1.45 0.15 -0.0784768 0.733459 
1.5 0.15 -0.0740366 0.713055 
1.55 0.15 -0.0670607 0.694896 
1.6 0.15 -0.0577937 0.679315 
1.65 0.15 -0.0465489 0.666594 
1.7 0.15 -0.0337043 0.656974 
1.75 0.15 -0.019696 0.650645 
1.8 0.15 -0.00500507 0.647738 
1.85 0.15 0.00985911 0.648316 
1.9 0.15 0.0243799 0.652367 
1.95 0.15 0.0380549 0.659807 
2 0.15 0.0504154 0.670483 
2.05 0.15 0.0610429 0.68419 
2.1 0.15 0.0695793 0.700671 
2.15 0.15 0.0757328 0.719631 
2.2 0.15 0.079281 0.740716 
2.25 0.15 0.0800722 0.763502 
2.3 0.15 0.0780289 0.787444 
2.35 0.15 0.0731552 0.811829 
2.4 0.15 0.0655476 0.835725 
2.45 0.15 0.0554086 0.85796 
2.5 0.15 0.0430584 0.877166 
2.55 0.15 0.0289387 0.891912 
2.6 0.15 0.0136021 0.900929 
2.65 0.15 -0.00231373 0.903361 
2.7 0.15 -0.0181287 0.898968 
2.75 0.15 -0.0331697 0.888182 
2.8 0.15 -0.0468199 0.872002 
2.85 0.15 -0.0585564 0.851772 
2.9 0.15 -0.067972 0.828922 
2.95 0.15 -0.0747811 0.804776 
3 0.15 -0.078813 0.780438 
3.05 0.15 -0.0799996 0.756774 
3.1 0.15 -0.0783619 0.734445 
3.15 0.15 -0.0740006 0.713958 
3.2 0.15 -0.0670896 0.695715 
3.25 0.15 -0.0578737 0.680052 
3.3 0.15 -0.0466666 0.667255 
3.35 0.15 -0.0338477 0.657567 
3.4 0.15 -0.0198544 0.65118 
3.45 0.15 -0.00517001 0.648227 
3.5 0.15 0.009694 0.648771 
3.55 0.15 0.0242184 0.652801 
3.6 0.15 0.0378978 0.660234 
3.65 0.15 0.0502612 0.670916 
3.7 0.15 0.0608871 0.684641 
3.75 0.15 0.069415 0.701152 
3.8 0.15 0.0755517 0.720148 
3.85 0.15 0.0790735 0.741275 
3.9 0.15 0.0798285 0.7641 
3.95 0.15 0.0777401 0.78807 
4 0.15 0.0728145 0.812464 
4.05 0.15 0.0651516 0.836338 
4.1 0.15 0.0549587 0.858509 
4.15 0.15 0.0425613 0.877602 
4.2 0.15 0.0284068 0.892188 
4.25 0.15 0.0130533 0.901005 
4.3 0.15 -0.00285745 0.903217 
4.35 0.15 -0.0186428 0.898609 
4.4 0.15 -0.0336295 0.887635 
4.45 0.15 -0.0472025 0.871312 
4.5 0.15 -0.0588424 0.850992 
4.55 0.15 -0.0681475 0.828106 
4.6 0.15 -0.0748391 0.803972 
4.65 0.15 -0.0787551 0.779685 
4.7 0.15 -0.0798379 0.756103 
4.75 0.15 -0.078121 0.733875 
4.8 0.15 -0.0737183 0.713491 
4.85 0.15 -0.0668141 0.695335 
4.9 0.15 -0.0576497 0.679715 
4.95 0.15 -0.0464972 0.666895 
5 0.15 -0.033603 0.65715 
0 0.2 -0.0717244 0.572088 
0.05 0.2 -0.0517175 0.559597 
0.1 0.2 -0.0297411 0.551397 
0.15 0.2 -0.00669438 0.547731 
0.2 0.2 0.0165596 0.548668 
0.25 0.2 0.0391902 0.554159 
0.3 0.2 0.0604114 0.564049 
0.35 0.2 0.0795006 0.578102 
0.4 0.2 0.095818 0.596011 
0.45 0.2 0.108821 0.61742 
0.5 0.2 0.11807 0.641926 
0.55 0.2 0.123238 0.669072 
0.6 0.2 0.124107 0.698313 
0.65 0.2 0.120577 0.728958 
0.7 0.2 0.112678 0.760102 
0.75 0.2 0.100582 0.790553 
0.8 0.2 0.0846241 0.818807 
0.85 0.2 0.0653173 0.843104 
0.9 0.2 0.0433541 0.86161 
0.95 0.2 0.0195891 0.872707 
1 0.2 -0.00500203 0.875327 
1.05 0.2 -0.0293853 0.869205 
1.1 0.2 -0.0525414 0.854949 
1.15 0.2 -0.0735368 0.833886 
1.2 0.2 -0.0915779 0.80776 
1.25 0.2 -0.106043 0.778407 
1.3 0.2 -0.116492 0.747497 
1.35 0.2 -0.122657 0.71641 
1.4 0.2 -0.124425 0.686216 
1.45 0.2 -0.121821 0.657726 
1.5 0.2 -0.114994 0.631561 
1.55 0.2 -0.104211 0.608228 
1.6 0.2 -0.0898467 0.588158 
1.65 0.2 -0.0723889 0.57173 
1.7 0.2 -0.0524272 0.559278 
1.75 0.2 -0.030643 0.55107 
1.8 0.2 -0.00778978 0.547295 
1.85 0.2 0.0153349 0.548045 
1.9 0.2 0.0379215 0.553303 
1.95 0.2 0.0591833 0.562944 
2 0.2 0.0783871 0.576753 
2.05 0.2 0.0948786 0.594438 
2.1 0.2 0.1081 0.61565 
2.15 0.2 0.117599 0.639993 
2.2 0.2 0.123035 0.667015 
2.25 0.2 0.12418 0.696174 
2.3 0.2 0.120923 0.726791 
2.35 0.2 0.113285 0.757972 
2.4 0.2 0.101429 0.78854 
2.45 0.2 0.0856809 0.817006 
2.5 0.2 0.0665439 0.841616 
2.55 0.2 0.0447028 0.86053 
2.6 0.2 0.0210066 0.872103 
2.65 0.2 -0.00357167 0.875226 
2.7 0.2 -0.0279961 0.869585 
2.75 0.2 -0.0512417 0.855742 
2.8 0.2 -0.0723652 0.834994 
2.85 0.2 -0.0905619 0.809076 
2.9 0.2 -0.105198 0.779829 
2.95 0.2 -0.115823 0.748945 
3 0.2 -0.122159 0.717823 
3.05 0.2 -0.124086 0.687556 
3.1 0.2 -0.121625 0.658969 
3.15 0.2 -0.114923 0.632698 
3.2 0.2 -0.104242 0.609256 
3.25 0.2 -0.0899593 0.589081 
3.3 0.2 -0.072563 0.572556 
3.35 0.2 -0.052644 0.560016 
3.4 0.2 -0.0308863 0.551733 
3.45 0.2 -0.00804622 0.547898 
3.5 0.2 0.0150751 0.548604 
3.55 0.2 0.0376644 0.553834 
3.6 0.2 0.0589306 0.563466 
3.65 0.2 0.0781361 0.577282 
3.7 0.2 0.094623 0.594991 
3.75 0.2 0.10783 0.616242 
3.8 0.2 0.117302 0.640634 
3.85 0.2 0.122696 0.66771 
3.9 0.2 0.123785 0.696921 
3.95 0.2 0.120459 0.727578 
4 0.2 0.112742 0.758773 
4.05 0.2 0.100803 0.789315 
4.1 0.2 0.0849737 0.817702 
4.15 0.2 0.0657666 0.842169 
4.2 0.2 0.0438746 0.860877 
4.25 0.2 0.0201549 0.872193 
4.3 0.2 -0.00441312 0.875032 
4.35 0.2 -0.0287897 0.869112 
4.4 0.2 -0.0519491 0.855025 
4.45 0.2 -0.0729503 0.83409 
4.5 0.2 -0.0909935 0.808052 
4.55 0.2 -0.105452 0.778752 
4.6 0.2 -0.115885 0.747874 
4.65 0.2 -0.122024 0.716806 
4.7 0.2 -0.123765 0.686628 
4.75 0.2 -0.121141 0.658153 
4.8 0.2 -0.114314 0.632003 
4.85 0.2 -0.103553 0.60867 
4.9 0.2 -0.0892282 0.588572 
4.95 0.2 -0.0717783 0.572088 
5 0.2 -0.0516763 0.559597 
0 0.25 -0.0969014 0.493246 
0.05 0.25 -0.0697511 0.478385 
0.1 0.25 -0.0399858 0.468594 
0.15 0.25 -0.0087564 0.464197 
0.2 0.25 0.0227801 0.465318 
0.25 0.25 0.0534869 0.471906 
0.3 0.25 0.0822811 0.483759 
0.35 0.25 0.108167 0.500552 
0.4 0.25 0.130266 0.521874 
0.45 0.25 0.147837 0.547256 
0.5 0.25 0.160287 0.576194 
0.55 0.25 0.167176 0.608136 
0.6 0.25 0.168222 0.642445 
0.65 0.25 0.163306 0.678328 
0.7 0.25 0.152485 0.714748 
0.75 0.25 0.136011 0.750332 
0.8 0.25 0.114352 0.783338 
0.85 0.25 0.0882112 0.811722 
0.9 0.25 0.058524 0.833341 
0.95 0.25 0.0264364 0.846306 
1 0.25 -0.00675062 0.849367 
1.05 0.25 -0.039661 0.842216 
1.1 0.25 -0.0709379 0.825562 
1.15 0.25 -0.0993339 0.800957 
1.2 0.25 -0.123782 0.770438 
1.25 0.25 -0.143438 0.736145 
1.3 0.25 -0.157694 0.700016 
1.35 0.25 -0.166171 0.663645 
1.4 0.25 -0.168697 0.628262 
1.45 0.25 -0.165289 0.594793 
1.5 0.25 -0.156133 0.563957 
1.55 0.25 -0.141577 0.536349 
1.6 0.25 -0.122126 0.512497 
1.65 0.25 -0.0984386 0.492887 
1.7 0.25 -0.0713173 0.477961 
1.75 0.25 -0.0416945 0.468091 
1.8 0.25 -0.0106034 0.463543 
1.85 0.25 0.0208606 0.464446 
1.9 0.25 0.0515854 0.470775 
1.95 0.25 0.0804908 0.482355 
2 0.25 0.106572 0.498883 
2.05 0.25 0.128935 0.519961 
2.1 0.25 0.146823 0.545132 
2.15 0.25 0.159625 0.573895 
2.2 0.25 0.166887 0.605704 
2.25 0.25 0.168312 0.639927 
2.3 0.25 0.16377 0.675784 
2.35 0.25 0.153304 0.712251 
2.4 0.25 0.137155 0.747974 
2.45 0.25 0.115779 0.781228 
2.5 0.25 0.0898665 0.809977 
2.55 0.25 0.0603438 0.832071 
2.6 0.25 0.0283492 0.845591 
2.65 0.25 -0.00481898 0.849239 
2.7 0.25 -0.0377824 0.842648 
2.75 0.25 -0.0691762 0.826475 
2.8 0.25 -0.097741 0.802235 
2.85 0.25 -0.122395 0.771957 
2.9 0.25 -0.142279 0.737786 
2.95 0.25 -0.15677 0.701685 
3 0.25 -0.165476 0.665273 
3.05 0.25 -0.168218 0.629803 
3.1 0.25 -0.165004 0.596221 
3.15 0.25 -0.156017 0.565262 
3.2 0.25 -0.141602 0.537527 
3.25 0.25 -0.122265 0.513552 
3.3 0.25 -0.0986645 0.493827 
3.35 0.25 -0.0716049 0.478798 
3.4 0.25 -0.0420219 0.468838 
3.45 0.25 -0.0109523 0.464218 
3.5 0.25 0.0205036 0.465066 
3.55 0.25 0.0512286 0.471362 
3.6 0.25 0.0801367 0.48293 
3.65 0.25 0.106218 0.499467 
3.7 0.25 0.128572 0.520574 
3.75 0.25 0.146438 0.54579 
3.8 0.25 0.159202 0.574612 
3.85 0.25 0.166407 0.606486 
3.9 0.25 0.167757 0.640772 
3.95 0.25 0.163122 0.676678 
4 0.25 0.152551 0.713164 
4.05 0.25 0.136292 0.74886 
4.1 0.25 0.11481 0.782024 
4.15 0.25 0.0888056 0.810607 
4.2 0.25 0.0592173 0.832462 
4.25 0.25 0.0271941 0.845681 
4.3 0.25 -0.00595756 0.848995 
4.35 0.25 -0.0388537 0.842074 
4.4 0.25 -0.0701281 0.82561 
4.45 0.25 -0.0985232 0.801146 
4.5 0.25 -0.122963 0.770718 
4.55 0.25 -0.142596 0.736473 
4.6 0.25 -0.15681 0.700364 
4.65 0.25 -0.165225 0.663995 
4.7 0.25 -0.167676 0.628608 
4.75 0.25 -0.164186 0.595137 
4.8 0.25 -0.154952 0.564303 
4.85 0.25 -0.140327 0.536698 
4.9 0.25 -0.120806 0.512847 
4.95 0.25 -0.0970133 0.493246 
5 0.25 -0.0696686 0.478385 
0 0.3 -0.120041 0.431774 
0.05 0.3 -0.0862752 0.414829 
0.1 0.3 -0.0493017 0.403624 
0.15 0.3 -0.0105003 0.398582 
0.2 0.3 0.0286998 0.399887 
0.25 0.3 0.066874 0.407484 
0.3 0.3 0.102658 0.421097 
0.35 0.3 0.134797 0.440279 
0.4 0.3 0.162188 0.464472 
0.45 0.3 0.183908 0.49307 
0.5 0.3 0.199225 0.525445 
0.55 0.3 0.207606 0.560954 
0.6 0.3 0.208719 0.598891 
0.65 0.3 0.202438 0.6384 
0.7 0.3 0.18886 0.678369 
0.75 0.3 0.168317 0.717326 
0.8 0.3 0.14141 0.753396 
0.85 0.3 0.109017 0.784372 
0.9 0.3 0.0722951 0.807943 
0.95 0.3 0.0326483 0.822069 
1 0.3 -0.00833635 0.825404 
1.05 0.3 -0.0489844 0.817615 
1.1 0.3 -0.0876438 0.799466 
1.15 0.3 -0.12279 0.772632 
1.2 0.3 -0.153112 0.739312 
1.25 0.3 -0.177562 0.701811 
1.3 0.3 -0.195372 0.662223 
1.35 0.3 -0.206053 0.62226 
1.4 0.3 -0.209367 0.583237 
1.45 0.3 -0.20531 0.54615 
1.5 0.3 -0.19409 0.511779 
1.55 0.3 -0.176123 0.480797 
1.6 0.3 -0.152023 0.453833 
1.65 0.3 -0.122601 0.431504 
1.7 0.3 -0.08886 0.414398 
1.75 0.3 -0.0519666 0.403029 
1.8 0.3 -0.0132212 0.397772 
1.85 0.3 0.0259946 0.398814 
1.9 0.3 0.0642779 0.406119 
1.95 0.3 0.100267 0.419435 
2 0.3 0.132699 0.438335 
2.05 0.3 0.160456 0.462277 
2.1 0.3 0.182596 0.49066 
2.15 0.3 0.198369 0.522861 
2.2 0.3 0.207226 0.558242 
2.25 0.3 0.208819 0.5961 
2.3 0.3 0.203007 0.635592 
2.35 0.3 0.189871 0.67562 
2.4 0.3 0.169731 0.714734 
2.45 0.3 0.143173 0.751078 
2.5 0.3 0.111061 0.782454 
2.55 0.3 0.0745411 0.806543 
2.6 0.3 0.0350092 0.821274 
2.65 0.3 -0.00595091 0.825246 
2.7 0.3 -0.0466616 0.818064 
2.75 0.3 -0.0854614 0.800438 
2.8 0.3 -0.120812 0.774001 
2.85 0.3 -0.151383 0.740941 
2.9 0.3 -0.17611 0.703574 
2.95 0.3 -0.194207 0.664016 
3 0.3 -0.20517 0.624008 
3.05 0.3 -0.20875 0.584893 
3.1 0.3 -0.204934 0.547685 
3.15 0.3 -0.193926 0.513181 
3.2 0.3 -0.176137 0.482062 
3.25 0.3 -0.152181 0.454964 
3.3 0.3 -0.122871 0.432509 
3.35 0.3 -0.0892105 0.415287 
3.4 0.3 -0.0523707 0.403817 
3.45 0.3 -0.0136563 0.398476 
3.5 0.3 0.0255455 0.399455 
3.55 0.3 0.0638253 0.406719 
3.6 0.3 0.0998143 0.420019 
3.65 0.3 0.132243 0.438928 
3.7 0.3 0.159987 0.462901 
3.75 0.3 0.182098 0.491334 
3.8 0.3 0.197823 0.523602 
3.85 0.3 0.206609 0.559055 
3.9 0.3 0.208108 0.596984 
3.95 0.3 0.202182 0.636531 
4 0.3 0.188918 0.676583 
4.05 0.3 0.168645 0.71567 
4.1 0.3 0.141959 0.751917 
4.15 0.3 0.109737 0.783114 
4.2 0.3 0.0731397 0.806942 
4.25 0.3 0.0335753 0.821344 
4.3 0.3 -0.0073616 0.82495 
4.35 0.3 -0.0479864 0.817404 
4.4 0.3 -0.0866348 0.799454 
4.45 0.3 -0.12177 0.77276 
4.5 0.3 -0.152068 0.739523 
4.55 0.3 -0.176469 0.702057 
4.6 0.3 -0.194202 0.662467 
4.65 0.3 -0.204771 0.622481 
4.7 0.3 -0.207943 0.583427 
4.75 0.3 -0.203719 0.546313 
4.8 0.3 -0.192317 0.511929 
4.85 0.3 -0.174157 0.480953 
4.9 0.3 -0.149853 0.454024 
4.95 0.3 -0.1202 0.431774 
5 0.3 -0.0861596 0.414829 
0 0.35 -0.139625 0.38623 
0.05 0.35 -0.100224 0.367317 
0.1 0.35 -0.0571017 0.354751 
0.15 0.35 -0.0118359 0.349092 
0.2 0.35 0.0339057 0.350602 
0.25 0.35 0.0784444 0.359207 
0.3 0.35 0.120167 0.374522 
0.35 0.35 0.157591 0.395926 
0.4 0.35 0.189421 0.422659 
0.45 0.35 0.21458 0.453923 
0.5 0.35 0.232225 0.488942 
0.55 0.35 0.241756 0.52697 
0.6 0.35 0.24281 0.56724 
0.65 0.35 0.235272 0.608867 
0.7 0.35 0.219283 0.650724 
0.75 0.35 0.195259 0.691324 
0.8 0.35 0.163917 0.728768 
0.85 0.35 0.126287 0.760827 
0.9 0.35 0.0837079 0.785167 
0.95 0.35 0.037792 0.799732 
1 0.35 -0.00964839 0.80317 
1.05 0.35 -0.0567053 0.795144 
1.1 0.35 -0.101495 0.776424 
1.15 0.35 -0.142274 0.748695 
1.2 0.35 -0.177531 0.714172 
1.25 0.35 -0.206048 0.675188 
1.3 0.35 -0.226921 0.633856 
1.35 0.35 -0.239553 0.591909 
1.4 0.35 -0.243639 0.550677 
1.45 0.35 -0.239144 0.511174 
1.5 0.35 -0.226279 0.474219 
1.55 0.35 -0.205504 0.440558 
1.6 0.35 -0.177514 0.410945 
1.65 0.35 -0.143249 0.386166 
1.7 0.35 -0.103876 0.367008 
1.75 0.35 -0.0607703 0.354185 
1.8 0.35 -0.0154676 0.348229 
1.85 0.35 0.0303933 0.349408 
1.9 0.35 0.0751477 0.357669 
1.95 0.35 0.117182 0.372652 
2 0.35 0.155005 0.393755 
2.05 0.35 0.187306 0.420231 
2.1 0.35 0.212988 0.451288 
2.15 0.35 0.231189 0.486147 
2.2 0.35 0.24129 0.524063 
2.25 0.35 0.242913 0.564272 
2.3 0.35 0.235926 0.605901 
2.35 0.35 0.220454 0.647835 
2.4 0.35 0.196898 0.68861 
2.45 0.35 0.165958 0.726346 
2.5 0.35 0.128652 0.758823 
2.55 0.35 0.0863055 0.783698 
2.6 0.35 0.0405219 0.798886 
2.65 0.35 -0.00688918 0.802977 
2.7 0.35 -0.0540159 0.795575 
2.75 0.35 -0.0989639 0.777391 
2.8 0.35 -0.139973 0.75007 
2.85 0.35 -0.175515 0.715818 
2.9 0.35 -0.204348 0.676975 
2.95 0.35 -0.225549 0.635679 
3 0.35 -0.238505 0.59369 
3.05 0.35 -0.2429 0.552367 
3.1 0.35 -0.238685 0.512744 
3.15 0.35 -0.226067 0.475655 
3.2 0.35 -0.205502 0.441856 
3.25 0.35 -0.177684 0.412105 
3.3 0.35 -0.143553 0.387193 
3.35 0.35 -0.104279 0.367912 
3.4 0.35 -0.0612392 0.354977 
3.45 0.35 -0.0159769 0.348928 
3.5 0.35 0.0298637 0.350034 
3.55 0.35 0.0746105 0.358247 
3.6 0.35 0.116642 0.373208 
3.65 0.35 0.154459 0.394317 
3.7 0.35 0.186742 0.420825 
3.75 0.35 0.212389 0.451934 
3.8 0.35 0.230532 0.486862 
3.85 0.35 0.240551 0.524855 
3.9 0.35 0.242066 0.565139 
3.95 0.35 0.234948 0.606826 
4 0.35 0.219329 0.648786 
4.05 0.35 0.195621 0.689533 
4.1 0.35 0.164536 0.72717 
4.15 0.35 0.127105 0.759463 
4.2 0.35 0.0846717 0.784069 
4.25 0.35 0.0388532 0.798916 
4.3 0.35 -0.00852862 0.802627 
4.35 0.35 -0.0555532 0.794843 
4.4 0.35 -0.100322 0.776314 
4.45 0.35 -0.141076 0.748713 
4.5 0.35 -0.176289 0.714257 
4.55 0.35 -0.204729 0.675284 
4.6 0.35 -0.22548 0.633923 
4.65 0.35 -0.237942 0.591921 
4.7 0.35 -0.241809 0.550625 
4.75 0.35 -0.237049 0.511064 
4.8 0.35 -0.223883 0.474075 
4.85 0.35 -0.202778 0.44042 
4.9 0.35 -0.174443 0.410869 
4.95 0.35 -0.139821 0.38623 
5 0.35 -0.100083 0.367317 
0 0.4 -0.154537 0.353307 
0.05 0.4 -0.110819 0.332396 
0.1 0.4 -0.0629678 0.31842 
0.15 0.4 -0.0127212 0.312128 
0.2 0.4 0.0380603 0.313873 
0.25 0.4 0.0874907 0.323554 
0.3 0.4 0.133754 0.340637 
0.35 0.4 0.175186 0.364267 
0.4 0.4 0.21034 0.393422 
0.45 0.4 0.238024 0.427057 
0.5 0.4 0.257322 0.464206 
0.55 0.4 0.267592 0.503996 
0.6 0.4 0.268467 0.545603 
0.65 0.4 0.259856 0.588136 
0.7 0.4 0.241949 0.630497 
0.75 0.4 0.21524 0.671259 
0.8 0.4 0.180541 0.708608 
0.85 0.4 0.139 0.740418 
0.9 0.4 0.0920887 0.764475 
0.95 0.4 0.0415643 0.778836 
1 0.4 -0.0106092 0.782222 
1.05 0.4 -0.0623679 0.774318 
1.1 0.4 -0.111673 0.75585 
1.15 0.4 -0.156631 0.728406 
1.2 0.4 -0.195592 0.694087 
1.25 0.4 -0.227208 0.655109 
1.3 0.4 -0.250465 0.613488 
1.35 0.4 -0.264678 0.570882 
1.4 0.4 -0.269475 0.528572 
1.45 0.4 -0.264777 0.487555 
1.5 0.4 -0.250783 0.448675 
1.55 0.4 -0.227969 0.412764 
1.6 0.4 -0.197084 0.380726 
1.65 0.4 -0.159154 0.353566 
1.7 0.4 -0.115474 0.332332 
1.75 0.4 -0.0675821 0.317998 
1.8 0.4 -0.0172088 0.311306 
1.85 0.4 0.0337958 0.312628 
1.9 0.4 0.0835495 0.321892 
1.95 0.4 0.130231 0.338594 
2 0.4 0.172166 0.361898 
2.05 0.4 0.207889 0.390794 
2.1 0.4 0.23619 0.424236 
2.15 0.4 0.256131 0.461249 
2.2 0.4 0.267052 0.500959 
2.25 0.4 0.268569 0.542537 
2.3 0.4 0.260572 0.585099 
2.35 0.4 0.243239 0.627562 
2.4 0.4 0.217045 0.668517 
2.45 0.4 0.182788 0.70617 
2.5 0.4 0.1416 0.738402 
2.55 0.4 0.0949423 0.762993 
2.6 0.4 0.0445619 0.777965 
2.65 0.4 -0.00757892 0.781992 
2.7 0.4 -0.059412 0.774698 
2.75 0.4 -0.108887 0.756755 
2.8 0.4 -0.154094 0.729716 
2.85 0.4 -0.193361 0.695668 
2.9 0.4 -0.22532 0.656836 
2.95 0.4 -0.248935 0.615259 
3 0.4 -0.263503 0.572622 
3.05 0.4 -0.268637 0.530232 
3.1 0.4 -0.264249 0.489104 
3.15 0.4 -0.25053 0.450099 
3.2 0.4 -0.227951 0.414055 
3.25 0.4 -0.197259 0.381883 
3.3 0.4 -0.159481 0.354589 
3.35 0.4 -0.115914 0.333226 
3.4 0.4 -0.0681006 0.318772 
3.45 0.4 -0.0177759 0.311976 
3.5 0.4 0.0332025 0.313215 
3.55 0.4 0.0829447 0.322422 
3.6 0.4 0.129621 0.339095 
3.65 0.4 0.171546 0.362401 
3.7 0.4 0.207248 0.391324 
3.75 0.4 0.235509 0.424818 
3.8 0.4 0.255386 0.4619 
3.85 0.4 0.266215 0.501686 
3.9 0.4 0.267613 0.543338 
3.95 0.4 0.259474 0.585958 
4 0.4 0.241981 0.628446 
4.05 0.4 0.215621 0.669373 
4.1 0.4 0.181206 0.706926 
4.15 0.4 0.139885 0.738977 
4.2 0.4 0.0931333 0.763301 
4.25 0.4 0.0427163 0.777937 
4.3 0.4 -0.00939073 0.781585 
4.35 0.4 -0.0611096 0.773907 
4.4 0.4 -0.110385 0.755609 
4.45 0.4 -0.155304 0.728271 
4.5 0.4 -0.194199 0.693993 
4.55 0.4 -0.225706 0.654997 
4.6 0.4 -0.248798 0.613313 
4.65 0.4 -0.262781 0.570614 
4.7 0.4 -0.267279 0.528201 
4.75 0.4 -0.262216 0.487089 
4.8 0.4 -0.247803 0.448147 
4.85 0.4 -0.224528 0.412232 
4.9 0.4 -0.193162 0.380275 
4.95 0.4 -0.154761 0.353307 
5 0.4 -0.110659 0.332396 
0 0.45 -0.163995 0.329042 
0.05 0.45 -0.117516 0.306066 
0.1 0.45 -0.0666163 0.290617 
0.15 0.45 -0.013145 0.283664 
0.2 0.45 0.0409 0.285674 
0.25 0.45 0.0934835 0.296506 
0.3 0.45 0.142645 0.315445 
0.35 0.45 0.186593 0.34136 
0.4 0.45 0.223782 0.372915 
0.45 0.45 0.252953 0.408776 
0.5 0.45 0.27315 0.447747 
0.55 0.45 0.283724 0.488813 
0.6 0.45 0.284325 0.531079 
0.65 0.45 0.274895 0.573657 
0.7 0.45 0.255678 0.61551 
0.75 0.45 0.227229 0.655327 
0.8 0.45 0.190433 0.691463 
0.85 0.45 0.146512 0.722004 
0.9 0.45 0.0970161 0.744969 
0.95 0.45 0.043776 0.758627 
1 0.45 -0.0111706 0.761843 
1.05 0.45 -0.0656881 0.754339 
1.1 0.45 -0.117665 0.736756 
1.15 0.45 -0.165135 0.710508 
1.2 0.45 -0.20637 0.677466 
1.25 0.45 -0.239946 0.639618 
1.3 0.45 -0.264775 0.598786 
1.35 0.45 -0.280102 0.556478 
1.4 0.45 -0.285494 0.513881 
1.45 0.45 -0.280827 0.471952 
1.5 0.45 -0.26627 0.431561 
1.55 0.45 -0.242289 0.393639 
1.6 0.45 -0.209652 0.359272 
1.65 0.45 -0.169432 0.329721 
1.7 0.45 -0.123006 0.306344 
1.75 0.45 -0.0720213 0.290423 
1.8 0.45 -0.0183468 0.28295 
1.85 0.45 0.0360125 0.284425 
1.9 0.45 0.0890152 0.29475 
1.95 0.45 0.13869 0.313246 
2 0.45 0.183231 0.338806 
2.05 0.45 0.221074 0.3701 
2.1 0.45 0.250936 0.405788 
2.15 0.45 0.271844 0.44466 
2.2 0.45 0.283129 0.485686 
2.25 0.45 0.284421 0.527965 
2.3 0.45 0.27565 0.570611 
2.35 0.45 0.257041 0.612598 
2.4 0.45 0.229135 0.65263 
2.45 0.45 0.192802 0.689078 
2.5 0.45 0.149251 0.720036 
2.55 0.45 0.100018 0.743514 
2.6 0.45 0.0469269 0.757753 
2.65 0.45 -0.00798579 0.761573 
2.7 0.45 -0.0625798 0.754643 
2.75 0.45 -0.114733 0.737558 
2.8 0.45 -0.162459 0.711696 
2.85 0.45 -0.204011 0.67892 
2.9 0.45 -0.237944 0.641223 
2.95 0.45 -0.263146 0.600447 
3 0.45 -0.278844 0.558125 
3.05 0.45 -0.284592 0.515465 
3.1 0.45 -0.280251 0.473444 
3.15 0.45 -0.265986 0.432944 
3.2 0.45 -0.242256 0.394901 
3.25 0.45 -0.209827 0.360406 
3.3 0.45 -0.169772 0.330723 
3.35 0.45 -0.12347 0.307214 
3.4 0.45 -0.0725717 0.291166 
3.45 0.45 -0.0189523 0.283579 
3.5 0.45 0.0353764 0.284959 
3.55 0.45 0.0883644 0.295215 
3.6 0.45 0.138031 0.313675 
3.65 0.45 0.182561 0.339229 
3.7 0.45 0.22038 0.370547 
3.75 0.45 0.250199 0.406282 
3.8 0.45 0.271039 0.445219 
3.85 0.45 0.282226 0.486317 
3.9 0.45 0.283394 0.528667 
3.95 0.45 0.274472 0.571366 
4 0.45 0.255697 0.613372 
4.05 0.45 0.227618 0.653374 
4.1 0.45 0.191121 0.689726 
4.15 0.45 0.14743 0.720509 
4.2 0.45 0.0980998 0.743732 
4.25 0.45 0.0449713 0.757648 
4.3 0.45 -0.00990513 0.761104 
4.35 0.45 -0.064378 0.753799 
4.4 0.45 -0.116317 0.736358 
4.45 0.45 -0.163736 0.710184 
4.5 0.45 -0.204886 0.677151 
4.55 0.45 -0.238325 0.63925 
4.6 0.45 -0.262948 0.598317 
4.65 0.45 -0.277989 0.555874 
4.7 0.45 -0.283012 0.513128 
4.75 0.45 -0.277892 0.471061 
4.8 0.45 -0.262811 0.430574 
4.85 0.45 -0.238254 0.39263 
4.9 0.45 -0.205022 0.358355 
4.95 0.45 -0.164237 0.329042 
5 0.45 -0.117343 0.306066 
0 0.5 -0.167509 0.309694 
0.05 0.5 -0.119974 0.2847 
0.1 0.5 -0.0678758 0.267799 
0.15 0.5 -0.0131157 0.260201 
0.2 0.5 0.0422351 0.262487 
0.25 0.5 0.0960607 0.274474 
0.3 0.5 0.146323 0.295254 
0.35 0.5 0.191169 0.323403 
0.4 0.5 0.229009 0.357253 
0.45 0.5 0.258565 0.395166 
0.5 0.5 0.278883 0.435706 
0.55 0.5 0.289336 0.477697 
0.6 0.5 0.289605 0.52017 
0.65 0.5 0.279676 0.562235 
0.7 0.5 0.25984 0.60293 
0.75 0.5 0.230696 0.641093 
0.8 0.5 0.193169 0.6753 
0.85 0.5 0.148511 0.703918 
0.9 0.5 0.0982887 0.725271 
0.95 0.5 0.0443378 0.737906 
1 0.5 -0.0113103 0.740876 
1.05 0.5 -0.0665317 0.733949 
1.1 0.5 -0.119225 0.717659 
1.15 0.5 -0.167426 0.693189 
1.2 0.5 -0.209397 0.662113 
1.25 0.5 -0.243693 0.626118 
1.3 0.5 -0.269188 0.586764 
1.35 0.5 -0.285085 0.545369 
1.4 0.5 -0.290905 0.503 
1.45 0.5 -0.286476 0.460568 
1.5 0.5 -0.271928 0.418976 
1.55 0.5 -0.247695 0.379263 
1.6 0.5 -0.21453 0.34271 
1.65 0.5 -0.173514 0.310853 
1.7 0.5 -0.126048 0.285372 
1.75 0.5 -0.0738356 0.267879 
1.8 0.5 -0.0188164 0.259628 
1.85 0.5 0.036918 0.261255 
1.9 0.5 0.0912364 0.272634 
1.95 0.5 0.142084 0.292905 
2 0.5 0.18759 0.320667 
2.05 0.5 0.226142 0.354258 
2.1 0.5 0.256441 0.392023 
2.15 0.5 0.277513 0.432505 
2.2 0.5 0.288709 0.474506 
2.25 0.5 0.289696 0.517042 
2.3 0.5 0.280444 0.55922 
2.35 0.5 0.261227 0.600086 
2.4 0.5 0.232633 0.638487 
2.45 0.5 0.195572 0.673014 
2.5 0.5 0.151284 0.702037 
2.55 0.5 0.101324 0.723872 
2.6 0.5 0.0475217 0.737044 
2.65 0.5 -0.00809324 0.740567 
2.7 0.5 -0.0633911 0.734165 
2.75 0.5 -0.116259 0.718332 
2.8 0.5 -0.164716 0.694223 
2.85 0.5 -0.207004 0.663403 
2.9 0.5 -0.241655 0.627563 
2.95 0.5 -0.267524 0.58828 
3 0.5 -0.283795 0.546891 
3.05 0.5 -0.289975 0.504482 
3.1 0.5 -0.285878 0.461981 
3.15 0.5 -0.271627 0.420299 
3.2 0.5 -0.247652 0.380481 
3.25 0.5 -0.214702 0.343811 
3.3 0.5 -0.173856 0.311826 
3.35 0.5 -0.12652 0.286211 
3.4 0.5 -0.0743989 0.268585 
3.45 0.5 -0.0194384 0.260209 
3.5 0.5 0.0362626 0.26173 
3.55 0.5 0.0905643 0.27303 
3.6 0.5 0.141403 0.293254 
3.65 0.5 0.186896 0.321003 
3.7 0.5 0.225424 0.35461 
3.75 0.5 0.255679 0.392418 
3.8 0.5 0.276681 0.432958 
3.85 0.5 0.287779 0.475025 
3.9 0.5 0.288639 0.517623 
3.95 0.5 0.279236 0.559847 
4 0.5 0.259851 0.600725 
4.05 0.5 0.231083 0.639093 
4.1 0.5 0.193857 0.673525 
4.15 0.5 0.149428 0.702382 
4.2 0.5 0.0993696 0.723979 
4.25 0.5 0.0455284 0.736851 
4.3 0.5 -0.0100507 0.74003 
4.35 0.5 -0.0652264 0.733268 
4.4 0.5 -0.117878 0.717085 
4.45 0.5 -0.166019 0.692653 
4.5 0.5 -0.207891 0.661549 
4.55 0.5 -0.242026 0.625463 
4.6 0.5 -0.267284 0.585967 
4.65 0.5 -0.282854 0.544391 
4.7 0.5 -0.288249 0.501825 
4.75 0.5 -0.2833 0.459208 
4.8 0.5 -0.268148 0.41748 
4.85 0.5 -0.243253 0.377723 
4.9 0.5 -0.209409 0.341269 
4.95 0.5 -0.167758 0.309694 
5 0.5 -0.119795 0.2847 
0 0.55 -0.164861 0.292151 
0.05 0.55 -0.118043 0.26542 
0.1 0.55 -0.0666771 0.247261 
0.15 0.55 -0.0126543 0.23911 
0.2 0.55 0.0419541 0.241653 
0.25 0.55 0.0950271 0.254663 
0.3 0.55 0.144524 0.277056 
0.35 0.55 0.188599 0.307132 
0.4 0.55 0.225679 0.342924 
0.45 0.55 0.254516 0.382514 
0.5 0.55 0.274197 0.424242 
0.55 0.55 0.284137 0.466783 
0.6 0.55 0.284066 0.509088 
0.65 0.55 0.274012 0.550263 
0.7 0.55 0.2543 0.589421 
0.75 0.55 0.225553 0.625554 
0.8 0.55 0.188699 0.657476 
0.85 0.55 0.144972 0.683859 
0.9 0.55 0.095898 0.703361 
0.95 0.55 0.0432478 0.71483 
1 0.55 -0.0110283 0.717521 
1.05 0.55 -0.0648956 0.711249 
1.1 0.55 -0.116341 0.696436 
1.15 0.55 -0.163474 0.674014 
1.2 0.55 -0.204612 0.645236 
1.25 0.55 -0.238343 0.611459 
1.3 0.55 -0.263549 0.573964 
1.35 0.55 -0.27942 0.533859 
1.4 0.55 -0.28545 0.49209 
1.45 0.55 -0.281426 0.44953 
1.5 0.55 -0.267431 0.407113 
1.55 0.55 -0.243855 0.365988 
1.6 0.55 -0.211404 0.32762 
1.65 0.55 -0.171124 0.293793 
1.7 0.55 -0.124392 0.26649 
1.75 0.55 -0.0728978 0.247622 
1.8 0.55 -0.0185841 0.238687 
1.85 0.55 0.036449 0.240448 
1.9 0.55 0.0900585 0.252753 
1.95 0.55 0.140183 0.274571 
2 0.55 0.184953 0.304234 
2.05 0.55 0.222775 0.339769 
2.1 0.55 0.252375 0.379238 
2.15 0.55 0.272821 0.42095 
2.2 0.55 0.283509 0.46355 
2.25 0.55 0.284152 0.50597 
2.3 0.55 0.274767 0.547306 
2.35 0.55 0.255663 0.586671 
2.4 0.55 0.227452 0.623065 
2.45 0.55 0.191049 0.655312 
2.5 0.55 0.147678 0.682084 
2.55 0.55 0.0988545 0.702034 
2.6 0.55 0.0463452 0.71399 
2.65 0.55 -0.00790034 0.717176 
2.7 0.55 -0.061842 0.711374 
2.75 0.55 -0.113455 0.696972 
2.8 0.55 -0.160834 0.674882 
2.85 0.55 -0.202277 0.646348 
2.9 0.55 -0.236351 0.61273 
2.95 0.55 -0.261919 0.57532 
3 0.55 -0.278153 0.535243 
3.05 0.55 -0.284532 0.49346 
3.1 0.55 -0.280833 0.450853 
3.15 0.55 -0.26713 0.408367 
3.2 0.55 -0.243807 0.367154 
3.25 0.55 -0.211569 0.328679 
3.3 0.55 -0.171459 0.294731 
3.35 0.55 -0.124856 0.267294 
3.4 0.55 -0.073454 0.248287 
3.45 0.55 -0.0191997 0.239219 
3.5 0.55 0.0357995 0.240863 
3.55 0.55 0.0893921 0.253078 
3.6 0.55 0.139507 0.274841 
3.65 0.55 0.184266 0.304481 
3.7 0.55 0.222064 0.340027 
3.75 0.55 0.251622 0.379531 
3.8 0.55 0.271999 0.421295 
3.85 0.55 0.282591 0.463952 
3.9 0.55 0.283112 0.506424 
3.95 0.55 0.273578 0.547794 
4 0.55 0.254311 0.587165 
4.05 0.55 0.22593 0.62352 
4.1 0.55 0.189365 0.655673 
4.15 0.55 0.145857 0.68229 
4.2 0.55 0.0969367 0.70202 
4.25 0.55 0.0443879 0.713699 
4.3 0.55 -0.00982495 0.716566 
4.35 0.55 -0.0636497 0.710423 
4.4 0.55 -0.115053 0.695679 
4.45 0.55 -0.162122 0.673259 
4.5 0.55 -0.203153 0.644416 
4.55 0.55 -0.236712 0.61051 
4.6 0.55 -0.261662 0.57283 
4.65 0.55 -0.277181 0.5325 
4.7 0.55 -0.282754 0.490488 
4.75 0.55 -0.27817 0.447696 
4.8 0.55 -0.263525 0.405104 
4.85 0.55 -0.239237 0.363914 
4.9 0.55 -0.20606 0.325651 
4.95 0.55 -0.165109 0.292151 
5 0.55 -0.117866 0.26542 
0 0.6 -0.156117 0.273992 
0.05 0.6 -0.111769 0.246114 
0.1 0.6 -0.063056 0.227117 
0.15 0.6 -0.0117914 0.218604 
0.2 0.6 0.0400309 0.221343 
0.25 0.6 0.0903661 0.235072 
0.3 0.6 0.13725 0.258568 
0.35 0.6 0.178914 0.289924 
0.4 0.6 0.213864 0.326943 
0.45 0.6 0.240929 0.367497 
0.5 0.6 0.259266 0.409759 
0.55 0.6 0.268357 0.452285 
0.6 0.6 0.267984 0.493963 
0.65 0.6 0.258213 0.533894 
0.7 0.6 0.239388 0.571254 
0.75 0.6 0.212124 0.605178 
0.8 0.6 0.177317 0.634704 
0.85 0.6 0.136137 0.658794 
0.9 0.6 0.0900103 0.676421 
0.95 0.6 0.0405824 0.686718 
1 0.6 -0.0103446 0.689128 
1.05 0.6 -0.0608948 0.683514 
1.1 0.6 -0.109211 0.670189 
1.15 0.6 -0.153543 0.649851 
1.2 0.6 -0.192325 0.623448 
1.25 0.6 -0.224228 0.592025 
1.3 0.6 -0.248186 0.556595 
1.35 0.6 -0.263412 0.518077 
1.4 0.6 -0.269392 0.477305 
1.45 0.6 -0.265889 0.435116 
1.5 0.6 -0.252942 0.392476 
1.55 0.6 -0.230879 0.350622 
1.6 0.6 -0.200341 0.311159 
1.65 0.6 -0.162297 0.276062 
1.7 0.6 -0.11805 0.247538 
1.75 0.6 -0.0692115 0.227729 
1.8 0.6 -0.0176499 0.218321 
1.85 0.6 0.0346071 0.220174 
1.9 0.6 0.0854887 0.233117 
1.95 0.6 0.133006 0.255987 
2 0.6 0.175367 0.286908 
2.05 0.6 0.211051 0.323677 
2.1 0.6 0.238865 0.364135 
2.15 0.6 0.257947 0.406419 
2.2 0.6 0.267759 0.449048 
2.25 0.6 0.268069 0.490885 
2.3 0.6 0.258932 0.531018 
2.35 0.6 0.240679 0.568617 
2.4 0.6 0.213916 0.602822 
2.45 0.6 0.179529 0.632674 
2.5 0.6 0.138677 0.657136 
2.55 0.6 0.0927804 0.675174 
2.6 0.6 0.0434806 0.685907 
2.65 0.6 -0.00742015 0.688755 
2.7 0.6 -0.0580407 0.683554 
2.75 0.6 -0.106513 0.670595 
2.8 0.6 -0.151074 0.650559 
2.85 0.6 -0.190139 0.624386 
2.9 0.6 -0.22236 0.593124 
2.95 0.6 -0.246655 0.557792 
3 0.6 -0.262219 0.519321 
3.05 0.6 -0.268527 0.478557 
3.1 0.6 -0.265329 0.436344 
3.15 0.6 -0.252657 0.393654 
3.2 0.6 -0.230834 0.351727 
3.25 0.6 -0.200497 0.312168 
3.3 0.6 -0.162615 0.276955 
3.35 0.6 -0.118491 0.2483 
3.4 0.6 -0.0697408 0.22835 
3.45 0.6 -0.0182358 0.218803 
3.5 0.6 0.033989 0.220532 
3.55 0.6 0.0848549 0.233377 
3.6 0.6 0.132365 0.256183 
3.65 0.6 0.174714 0.287076 
3.7 0.6 0.210378 0.323848 
3.75 0.6 0.238153 0.364335 
3.8 0.6 0.257171 0.406662 
3.85 0.6 0.266893 0.449339 
3.9 0.6 0.267088 0.491217 
3.95 0.6 0.257812 0.531373 
4 0.6 0.239405 0.568968 
4.05 0.6 0.212483 0.603129 
4.1 0.6 0.177943 0.632889 
4.15 0.6 0.13696 0.657204 
4.2 0.6 0.0909708 0.67504 
4.25 0.6 0.0416311 0.685519 
4.3 0.6 -0.00924256 0.688072 
4.35 0.6 -0.0597569 0.682551 
4.4 0.6 -0.108035 0.66926 
4.45 0.6 -0.152305 0.648889 
4.5 0.6 -0.19098 0.622386 
4.55 0.6 -0.222709 0.590799 
4.6 0.6 -0.246409 0.555149 
4.65 0.6 -0.261278 0.516368 
4.7 0.6 -0.266796 0.475313 
4.75 0.6 -0.262726 0.432856 
4.8 0.6 -0.24912 0.39001 
4.85 0.6 -0.226337 0.348075 
4.9 0.6 -0.195067 0.308723 
4.95 0.6 -0.156352 0.273992 
5 0.6 -0.1116 0.246114 
0 0.65 -0.141649 0.253419 
0.05 0.65 -0.101414 0.225308 
0.1 0.65 -0.0571644 0.206116 
0.15 0.65 -0.010568 0.197532 
0.2 0.65 0.0365361 0.200364 
0.25 0.65 0.0822608 0.214331 
0.3 0.65 0.124797 0.238134 
0.35 0.65 0.162523 0.269758 
0.4 0.65 0.194081 0.30689 
0.45 0.65 0.218418 0.347299 
0.5 0.65 0.234793 0.389076 
0.55 0.65 0.242765 0.430716 
0.6 0.65 0.242168 0.471076 
0.65 0.65 0.233098 0.509263 
0.7 0.65 0.215893 0.544507 
0.75 0.65 0.191137 0.576064 
0.8 0.65 0.159653 0.603161 
0.85 0.65 0.1225 0.625004 
0.9 0.65 0.0809579 0.640832 
0.95 0.65 0.0364929 0.650019 
1 0.65 -0.00929841 0.652164 
1.05 0.65 -0.0547566 0.64717 
1.1 0.65 -0.0982376 0.63526 
1.15 0.65 -0.138188 0.616935 
1.2 0.65 -0.173211 0.592886 
1.25 0.65 -0.202107 0.563895 
1.3 0.65 -0.223906 0.530749 
1.35 0.65 -0.237878 0.494206 
1.4 0.65 -0.24353 0.455007 
1.45 0.65 -0.240615 0.413956 
1.5 0.65 -0.229134 0.37203 
1.55 0.65 -0.209352 0.330512 
1.6 0.65 -0.181822 0.291078 
1.65 0.65 -0.147408 0.255798 
1.7 0.65 -0.107284 0.226992 
1.75 0.65 -0.062926 0.206922 
1.8 0.65 -0.0160513 0.19737 
1.85 0.65 0.0314666 0.199251 
1.9 0.65 0.077713 0.212381 
1.95 0.65 0.120853 0.235529 
2 0.65 0.159239 0.26671 
2.05 0.65 0.191488 0.3036 
2.1 0.65 0.216525 0.343935 
2.15 0.65 0.23359 0.385762 
2.2 0.65 0.242225 0.427537 
2.25 0.65 0.242252 0.468088 
2.3 0.65 0.233756 0.506504 
2.35 0.65 0.217068 0.542009 
2.4 0.65 0.19276 0.573856 
2.45 0.65 0.161648 0.601274 
2.5 0.65 0.124785 0.623468 
2.55 0.65 0.0834453 0.639672 
2.6 0.65 0.0390912 0.649245 
2.65 0.65 -0.00667925 0.651774 
2.7 0.65 -0.0522018 0.647142 
2.75 0.65 -0.0958233 0.635556 
2.8 0.65 -0.135978 0.617502 
2.85 0.65 -0.171252 0.593669 
2.9 0.65 -0.200433 0.564836 
2.95 0.65 -0.222533 0.531797 
3 0.65 -0.236808 0.495315 
3.05 0.65 -0.242754 0.45614 
3.1 0.65 -0.240114 0.415082 
3.15 0.65 -0.22888 0.373122 
3.2 0.65 -0.209314 0.331543 
3.25 0.65 -0.181967 0.292024 
3.3 0.65 -0.147699 0.256636 
3.35 0.65 -0.107688 0.227703 
3.4 0.65 -0.0634091 0.207493 
3.45 0.65 -0.0165854 0.197801 
3.5 0.65 0.0309041 0.199554 
3.55 0.65 0.0771375 0.212582 
3.6 0.65 0.120272 0.235662 
3.65 0.65 0.15865 0.266809 
3.7 0.65 0.190882 0.303697 
3.75 0.65 0.215885 0.344053 
3.8 0.65 0.232894 0.385916 
3.85 0.65 0.241448 0.427729 
3.9 0.65 0.241372 0.468311 
3.95 0.65 0.232751 0.506741 
4 0.65 0.215923 0.542232 
4.05 0.65 0.19147 0.574031 
4.1 0.65 0.160219 0.601358 
4.15 0.65 0.123236 0.623413 
4.2 0.65 0.08181 0.63943 
4.25 0.65 0.0374161 0.648772 
4.3 0.65 -0.00833443 0.65103 
4.35 0.65 -0.0537661 0.646097 
4.4 0.65 -0.0972164 0.63419 
4.45 0.65 -0.137112 0.615803 
4.5 0.65 -0.172036 0.591627 
4.55 0.65 -0.200768 0.562446 
4.6 0.65 -0.222323 0.529055 
4.65 0.65 -0.235956 0.492224 
4.7 0.65 -0.241167 0.452718 
4.75 0.65 -0.237711 0.411376 
4.8 0.65 -0.225601 0.369228 
4.85 0.65 -0.205134 0.327621 
4.9 0.65 -0.17691 0.288306 
4.95 0.65 -0.14186 0.253419 
5 0.65 -0.101262 0.225308 
0 0.7 -0.122183 0.229186 
0.05 0.7 -0.0874899 0.202024 
0.1 0.7 -0.0492889 0.183462 
0.15 0.7 -0.00903874 0.175178 
0.2 0.7 0.0316491 0.177966 
0.25 0.7 0.0711212 0.191544 
0.3 0.7 0.107796 0.214619 
0.35 0.7 0.140262 0.245191 
0.4 0.7 0.167348 0.280971 
0.45 0.7 0.188156 0.319754 
0.5 0.7 0.202065 0.359654 
0.55 0.7 0.208719 0.399185 
0.6 0.7 0.208003 0.437218 
0.65 0.7 0.200026 0.472889 
0.7 0.7 0.185101 0.505486 
0.75 0.7 0.163747 0.534362 
0.8 0.7 0.136682 0.558895 
0.85 0.7 0.104818 0.578478 
0.9 0.7 0.0692457 0.592557 
0.95 0.7 0.0312075 0.600683 
1 0.7 -0.00794848 0.602576 
1.05 0.7 -0.0468239 0.59817 
1.1 0.7 -0.0840327 0.587619 
1.15 0.7 -0.118262 0.571274 
1.2 0.7 -0.148324 0.549633 
1.25 0.7 -0.173193 0.523274 
1.3 0.7 -0.192032 0.492811 
1.35 0.7 -0.204197 0.45887 
1.4 0.7 -0.209246 0.422113 
1.45 0.7 -0.20694 0.383301 
1.5 0.7 -0.197253 0.343391 
1.55 0.7 -0.180388 0.303651 
1.6 0.7 -0.156798 0.265739 
1.65 0.7 -0.127211 0.231701 
1.7 0.7 -0.0926378 0.203835 
1.75 0.7 -0.0543567 0.18438 
1.8 0.7 -0.0138684 0.175111 
1.85 0.7 0.0271846 0.176935 
1.9 0.7 0.0671219 0.189671 
1.95 0.7 0.104336 0.212094 
2 0.7 0.137391 0.242232 
2.05 0.7 0.165091 0.277784 
2.1 0.7 0.186516 0.316508 
2.15 0.7 0.20103 0.356474 
2.2 0.7 0.208262 0.396155 
2.25 0.7 0.208086 0.434393 
2.3 0.7 0.200603 0.470304 
2.35 0.7 0.186118 0.503166 
2.4 0.7 0.165145 0.53233 
2.45 0.7 0.138395 0.55717 
2.5 0.7 0.106774 0.577077 
2.55 0.7 0.07137 0.591493 
2.6 0.7 0.0334229 0.59996 
2.65 0.7 -0.00571827 0.602188 
2.7 0.7 -0.0446504 0.598096 
2.75 0.7 -0.0819798 0.587828 
2.8 0.7 -0.116383 0.571725 
2.85 0.7 -0.146659 0.55028 
2.9 0.7 -0.171771 0.524073 
2.95 0.7 -0.190866 0.493717 
3 0.7 -0.203289 0.459845 
3.05 0.7 -0.208589 0.423123 
3.1 0.7 -0.206517 0.384315 
3.15 0.7 -0.197042 0.344382 
3.2 0.7 -0.180362 0.304592 
3.25 0.7 -0.156928 0.266604 
3.3 0.7 -0.127468 0.232467 
3.35 0.7 -0.0929901 0.204481 
3.4 0.7 -0.0547766 0.184893 
3.45 0.7 -0.0143311 0.175489 
3.5 0.7 0.026699 0.177189 
3.55 0.7 0.066627 0.189824 
3.6 0.7 0.103838 0.212177 
3.65 0.7 0.136889 0.242278 
3.7 0.7 0.164575 0.277824 
3.75 0.7 0.185973 0.316563 
3.8 0.7 0.20044 0.356557 
3.85 0.7 0.207604 0.396268 
3.9 0.7 0.207339 0.434528 
3.95 0.7 0.199748 0.470444 
4 0.7 0.185144 0.503286 
4.05 0.7 0.164045 0.532398 
4.1 0.7 0.137174 0.557149 
4.15 0.7 0.105447 0.576928 
4.2 0.7 0.0699657 0.591172 
4.25 0.7 0.0319801 0.599427 
4.3 0.7 -0.00714894 0.601407 
4.35 0.7 -0.0460085 0.597037 
4.4 0.7 -0.0831961 0.586465 
4.45 0.7 -0.117381 0.570039 
4.5 0.7 -0.147359 0.548254 
4.55 0.7 -0.172086 0.521692 
4.6 0.7 -0.190708 0.490974 
4.65 0.7 -0.202571 0.456738 
4.7 0.7 -0.207226 0.41967 
4.75 0.7 -0.204437 0.380566 
4.8 0.7 -0.194189 0.340435 
4.85 0.7 -0.176712 0.30061 
4.9 0.7 -0.152505 0.262823 
4.95 0.7 -0.122358 0.229186 
5 0.7 -0.0873644 0.202024 
0 0.75 -0.0988503 0.200564 
0.05 0.75 -0.0707979 0.17568 
0.1 0.75 -0.0398741 0.158676 
0.15 0.75 -0.00727686 0.1511 
0.2 0.75 0.0256714 0.153687 
0.25 0.75 0.0576147 0.166172 
0.3 0.75 0.087259 0.187352 
0.35 0.75 0.113455 0.215376 
0.4 0.75 0.135254 0.248123 
0.45 0.75 0.151941 0.283552 
0.5 0.75 0.163027 0.319911 
0.55 0.75 0.168246 0.355816 
0.6 0.75 0.167524 0.390215 
0.65 0.75 0.160967 0.422305 
0.7 0.75 0.148843 0.451442 
0.75 0.75 0.131584 0.477072 
0.8 0.75 0.109772 0.498688 
0.85 0.75 0.084143 0.515826 
0.9 0.75 0.0555697 0.528075 
0.95 0.75 0.0250403 0.535118 
1 0.75 -0.00637514 0.536757 
1.05 0.75 -0.0375684 0.532946 
1.1 0.75 -0.0674405 0.523792 
1.15 0.75 -0.0949485 0.509541 
1.2 0.75 -0.119145 0.490553 
1.25 0.75 -0.139209 0.46726 
1.3 0.75 -0.154461 0.440141 
1.35 0.75 -0.164375 0.409718 
1.4 0.75 -0.16858 0.376572 
1.45 0.75 -0.166867 0.3414 
1.5 0.75 -0.159194 0.305095 
1.55 0.75 -0.145705 0.26884 
1.6 0.75 -0.126749 0.234178 
1.65 0.75 -0.102902 0.203009 
1.7 0.75 -0.0749761 0.177461 
1.75 0.75 -0.0440096 0.159611 
1.8 0.75 -0.0112303 0.151101 
1.85 0.75 0.0220132 0.152775 
1.9 0.75 0.0543401 0.164464 
1.95 0.75 0.0844319 0.185032 
2 0.75 0.111116 0.212652 
2.05 0.75 0.133423 0.24519 
2.1 0.75 0.150618 0.280571 
2.15 0.75 0.1622 0.316999 
2.2 0.75 0.167889 0.353054 
2.25 0.75 0.167604 0.387652 
2.3 0.75 0.161443 0.419973 
2.35 0.75 0.149672 0.449362 
2.4 0.75 0.132715 0.47526 
2.45 0.75 0.111152 0.497157 
2.5 0.75 0.0857147 0.514584 
2.55 0.75 0.0572723 0.527129 
2.6 0.75 0.0268126 0.534466 
2.65 0.75 -0.00459366 0.536391 
2.7 0.75 -0.0358343 0.532848 
2.75 0.75 -0.0658042 0.523936 
2.8 0.75 -0.093452 0.509896 
2.85 0.75 -0.117821 0.491082 
2.9 0.75 -0.138078 0.467927 
2.95 0.75 -0.153535 0.44091 
3 0.75 -0.163656 0.410555 
3.05 0.75 -0.168062 0.377447 
3.1 0.75 -0.166536 0.342285 
3.15 0.75 -0.159033 0.305964 
3.2 0.75 -0.145693 0.269668 
3.25 0.75 -0.126862 0.234941 
3.3 0.75 -0.103116 0.203684 
3.35 0.75 -0.0752655 0.178028 
3.4 0.75 -0.0443522 0.160056 
3.45 0.75 -0.0116059 0.151423 
3.5 0.75 0.0216209 0.152982 
3.55 0.75 0.0539423 0.164577 
3.6 0.75 0.0840337 0.18508 
3.65 0.75 0.110716 0.212663 
3.7 0.75 0.133015 0.245192 
3.75 0.75 0.150189 0.280583 
3.8 0.75 0.161735 0.317032 
3.85 0.75 0.16737 0.353109 
3.9 0.75 0.167013 0.387721 
3.95 0.75 0.160766 0.420041 
4 0.75 0.148897 0.449407 
4.05 0.75 0.131838 0.475253 
4.1 0.75 0.110175 0.497067 
4.15 0.75 0.0846503 0.514376 
4.2 0.75 0.0561418 0.526767 
4.25 0.75 0.0256468 0.533915 
4.3 0.75 -0.00575451 0.535619 
4.35 0.75 -0.0369419 0.531824 
4.4 0.75 -0.0668029 0.522635 
4.45 0.75 -0.0942802 0.508295 
4.5 0.75 -0.118412 0.489161 
4.55 0.75 -0.138361 0.465668 
4.6 0.75 -0.153436 0.438303 
4.65 0.75 -0.163101 0.4076 
4.7 0.75 -0.166981 0.374161 
4.75 0.75 -0.164867 0.338717 
4.8 0.75 -0.15673 0.302211 
4.85 0.75 -0.142738 0.265885 
4.9 0.75 -0.123277 0.23135 
4.95 0.75 -0.0989752 0.200564 
5 0.75 -0.0707078 0.17568 
0 0.8 -0.0732467 0.167339 
0.05 0.8 -0.052471 0.14604 
0.1 0.8 -0.0295488 0.131498 
0.15 0.8 -0.00538215 0.125031 
0.2 0.8 0.0190382 0.127263 
0.25 0.8 0.0426971 0.137963 
0.3 0.8 0.0646272 0.156103 
0.35 0.8 0.0839726 0.180099 
0.4 0.8 0.100033 0.208133 
0.45 0.8 0.112286 0.238451 
0.5 0.8 0.120382 0.269542 
0.55 0.8 0.124136 0.300204 
0.6 0.8 0.123509 0.329519 
0.65 0.8 0.11859 0.356788 
0.7 0.8 0.109589 0.381459 
0.75 0.8 0.0968272 0.403068 
0.8 0.8 0.0807395 0.421213 
0.85 0.8 0.0618667 0.435537 
0.9 0.8 0.0408479 0.445739 
0.95 0.8 0.0184046 0.45159 
1 0.8 -0.00468384 0.452951 
1.05 0.8 -0.0276106 0.449789 
1.1 0.8 -0.0495757 0.442179 
1.15 0.8 -0.0698189 0.430296 
1.2 0.8 -0.0876478 0.414399 
1.25 0.8 -0.10246 0.394811 
1.3 0.8 -0.113753 0.371906 
1.35 0.8 -0.121135 0.346105 
1.4 0.8 -0.124325 0.317901 
1.45 0.8 -0.123157 0.287896 
1.5 0.8 -0.117588 0.256871 
1.55 0.8 -0.107709 0.225856 
1.6 0.8 -0.0937652 0.196189 
1.65 0.8 -0.0761732 0.169507 
1.7 0.8 -0.0555297 0.147636 
1.75 0.8 -0.0326064 0.132356 
1.8 0.8 -0.00832145 0.125072 
1.85 0.8 0.0163125 0.126504 
1.9 0.8 0.0402578 0.136509 
1.95 0.8 0.0625251 0.154115 
2 0.8 0.082239 0.177758 
2.05 0.8 0.098682 0.205611 
2.1 0.8 0.111316 0.235888 
2.15 0.8 0.119781 0.267042 
2.2 0.8 0.123884 0.297837 
2.25 0.8 0.12358 0.327329 
2.3 0.8 0.118952 0.354802 
2.35 0.8 0.110208 0.379693 
2.4 0.8 0.0976667 0.401536 
2.45 0.8 0.0817591 0.419921 
2.5 0.8 0.0630237 0.434491 
2.55 0.8 0.0420982 0.444939 
2.6 0.8 0.0197034 0.451034 
2.65 0.8 -0.00338047 0.452629 
2.7 0.8 -0.0263438 0.449687 
2.75 0.8 -0.048382 0.442277 
2.8 0.8 -0.0687287 0.430568 
2.85 0.8 -0.0866846 0.414818 
2.9 0.8 -0.101639 0.395348 
2.95 0.8 -0.113083 0.372532 
3 0.8 -0.120617 0.346792 
3.05 0.8 -0.123954 0.318624 
3.1 0.8 -0.122924 0.288631 
3.15 0.8 -0.117478 0.257595 
3.2 0.8 -0.107708 0.226548 
3.25 0.8 -0.0938554 0.196826 
3.3 0.8 -0.0763365 0.17007 
3.35 0.8 -0.055748 0.148108 
3.4 0.8 -0.0328626 0.132725 
3.45 0.8 -0.00860048 0.125335 
3.5 0.8 0.016023 0.126668 
3.55 0.8 0.0399661 0.136592 
3.6 0.8 0.0622353 0.15414 
3.65 0.8 0.0819501 0.177751 
3.7 0.8 0.0983886 0.205594 
3.75 0.8 0.111009 0.235877 
3.8 0.8 0.119448 0.267045 
3.85 0.8 0.123512 0.297855 
3.9 0.8 0.123155 0.327356 
3.95 0.8 0.118464 0.354824 
4 0.8 0.109647 0.379691 
4.05 0.8 0.0970283 0.401486 
4.1 0.8 0.0810453 0.419798 
4.15 0.8 0.0622429 0.434265 
4.2 0.8 0.0412654 0.444582 
4.25 0.8 0.0188409 0.450515 
4.3 0.8 -0.00424345 0.451922 
4.35 0.8 -0.027172 0.448765 
4.4 0.8 -0.0491345 0.441115 
4.45 0.8 -0.0693598 0.429146 
4.5 0.8 -0.0871443 0.413116 
4.55 0.8 -0.101874 0.393349 
4.6 0.8 -0.113037 0.370225 
4.65 0.8 -0.120234 0.344179 
4.7 0.8 -0.12318 0.315721 
4.75 0.8 -0.121711 0.285485 
4.8 0.8 -0.115793 0.254293 
4.85 0.8 -0.10554 0.223229 
4.9 0.8 -0.0912263 0.193683 
4.95 0.8 -0.0733091 0.167339 
5 0.8 -0.0524257 0.14604 
0 0.85 -0.0474994 0.129797 
0.05 0.85 -0.034022 0.113176 
0.1 0.85 -0.0191551 0.101846 
0.15 0.85 -0.00349035 0.0968173 
0.2 0.85 0.0123293 0.0985642 
0.25 0.85 0.0276432 0.106908 
0.3 0.85 0.0418206 0.121056 
0.35 0.85 0.0543056 0.139783 
0.4 0.85 0.0646467 0.161681 
0.45 0.85 0.0725103 0.18538 
0.5 0.85 0.0776796 0.209694 
0.55 0.85 0.0800438 0.233671 
0.6 0.85 0.0795856 0.25658 
0.65 0.85 0.0763698 0.277862 
0.7 0.85 0.070536 0.29708 
0.75 0.85 0.0622948 0.313874 
0.8 0.85 0.0519264 0.327941 
0.85 0.85 0.0397781 0.339019 
0.9 0.85 0.0262592 0.346893 
0.95 0.85 0.0118307 0.351401 
1 0.85 -0.00300964 0.35245 
1.05 0.85 -0.0177469 0.350015 
1.1 0.85 -0.0318704 0.344149 
1.15 0.85 -0.0448944 0.334971 
1.2 0.85 -0.0563763 0.322666 
1.25 0.85 -0.0659295 0.307465 
1.3 0.85 -0.0732317 0.289645 
1.35 0.85 -0.0780284 0.269529 
1.4 0.85 -0.0801348 0.247503 
1.45 0.85 -0.079438 0.224046 
1.5 0.85 -0.0759021 0.199782 
1.55 0.85 -0.0695775 0.17553 
1.6 0.85 -0.0606141 0.152346 
1.65 0.85 -0.0492737 0.131514 
1.7 0.85 -0.0359389 0.114455 
1.75 0.85 -0.0211104 0.102547 
1.8 0.85 -0.00538802 0.0968725 
1.85 0.85 0.0105637 0.0979876 
1.9 0.85 0.0260632 0.105781 
1.95 0.85 0.0404619 0.119506 
2 0.85 0.053189 0.137952 
2.05 0.85 0.0637805 0.159705 
2.1 0.85 0.071893 0.18337 
2.15 0.85 0.0773021 0.207733 
2.2 0.85 0.0798916 0.231815 
2.25 0.85 0.0796407 0.254864 
2.3 0.85 0.0766114 0.276308 
2.35 0.85 0.0709416 0.295701 
2.4 0.85 0.06284 0.31268 
2.45 0.85 0.0525853 0.326935 
2.5 0.85 0.0405234 0.338204 
2.55 0.85 0.0270625 0.346268 
2.6 0.85 0.0126633 0.350964 
2.65 0.85 -0.00217573 0.352192 
2.7 0.85 -0.0169379 0.349925 
2.75 0.85 -0.0311095 0.344212 
2.8 0.85 -0.0442009 0.335169 
2.85 0.85 -0.0557649 0.322978 
2.9 0.85 -0.0654101 0.307869 
2.95 0.85 -0.0728093 0.29012 
3 0.85 -0.0777035 0.270054 
3.05 0.85 -0.0799042 0.248057 
3.1 0.85 -0.0792953 0.224611 
3.15 0.85 -0.0758388 0.200339 
3.2 0.85 -0.0695834 0.176063 
3.25 0.85 -0.0606779 0.152838 
3.3 0.85 -0.0493837 0.131949 
3.35 0.85 -0.0360834 0.114819 
3.4 0.85 -0.0212782 0.10283 
3.45 0.85 -0.00556916 0.0970731 
3.5 0.85 0.0103773 0.0981114 
3.55 0.85 0.025877 0.105841 
3.6 0.85 0.0402785 0.11952 
3.65 0.85 0.0530077 0.13794 
3.7 0.85 0.0635978 0.159683 
3.75 0.85 0.0717028 0.183351 
3.8 0.85 0.0770962 0.207722 
3.85 0.85 0.079661 0.231814 
3.9 0.85 0.0793763 0.254867 
3.95 0.85 0.0763054 0.276305 
4 0.85 0.0705878 0.295677 
4.05 0.85 0.0624355 0.312616 
4.1 0.85 0.0521307 0.326812 
4.15 0.85 0.0400235 0.338 
4.2 0.85 0.0265267 0.34596 
4.25 0.85 0.0121057 0.350529 
4.3 0.85 -0.00273677 0.351609 
4.35 0.85 -0.0174798 0.349173 
4.4 0.85 -0.031606 0.343271 
4.45 0.85 -0.0446225 0.334021 
4.5 0.85 -0.0560792 0.321607 
4.55 0.85 -0.065582 0.306262 
4.6 0.85 -0.0728019 0.288269 
4.65 0.85 -0.0774792 0.267959 
4.7 0.85 -0.0794268 0.245735 
4.75 0.85 -0.0785333 0.222101 
4.8 0.85 -0.0747707 0.197714 
4.85 0.85 -0.0682056 0.173435 
4.9 0.85 -0.0590131 0.150359 
4.95 0.85 -0.0474865 0.129797 
5 0.85 -0.0340307 0.113176 
0 0.9 -0.0243383 0.0886645 
0.05 0.9 -0.0173961 0.0774298 
0.1 0.9 -0.00978274 0.0697943 
0.15 0.9 -0.00178528 0.066412 
0.2 0.9 0.00628054 0.0675919 
0.25 0.9 0.0140806 0.0732151 
0.3 0.9 0.0212922 0.0827583 
0.35 0.9 0.0276311 0.0954097 
0.4 0.9 0.0328687 0.110229 
0.45 0.9 0.0368386 0.126295 
0.5 0.9 0.0394349 0.1428 
0.55 0.9 0.0406064 0.15909 
0.6 0.9 0.0403488 0.17466 
0.65 0.9 0.038698 0.18912 
0.7 0.9 0.0357266 0.202167 
0.75 0.9 0.0315421 0.213557 
0.8 0.9 0.0262858 0.223084 
0.85 0.9 0.0201329 0.230577 
0.9 0.9 0.0132893 0.235897 
0.95 0.9 0.00598724 0.238941 
1 0.9 -0.00152248 0.239648 
1.05 0.9 -0.00898029 0.238005 
1.1 0.9 -0.0161288 0.234044 
1.15 0.9 -0.0227232 0.227841 
1.2 0.9 -0.0285408 0.219513 
1.25 0.9 -0.0333869 0.209212 
1.3 0.9 -0.0370988 0.197121 
1.35 0.9 -0.0395478 0.183459 
1.4 0.9 -0.040639 0.168491 
1.45 0.9 -0.0403127 0.152549 
1.5 0.9 -0.038547 0.136068 
1.55 0.9 -0.0353626 0.119614 
1.6 0.9 -0.0308307 0.103909 
1.65 0.9 -0.0250801 0.0898223 
1.7 0.9 -0.0183033 0.078308 
1.75 0.9 -0.0107555 0.0702819 
1.8 0.9 -0.00274533 0.0664615 
1.85 0.9 0.00538368 0.0672119 
1.9 0.9 0.0132786 0.0724605 
1.95 0.9 0.0206046 0.081714 
2 0.9 0.0270685 0.0941718 
2.05 0.9 0.032435 0.108889 
2.1 0.9 0.0365321 0.124929 
2.15 0.9 0.0392504 0.141465 
2.2 0.9 0.0405361 0.157826 
2.25 0.9 0.0403828 0.17349 
2.3 0.9 0.0388256 0.188061 
2.35 0.9 0.0359362 0.201229 
2.4 0.9 0.0318211 0.212744 
2.45 0.9 0.0266213 0.2224 
2.5 0.9 0.0205109 0.230022 
2.55 0.9 0.0136957 0.235471 
2.6 0.9 0.00640748 0.238641 
2.65 0.9 -0.00110246 0.239469 
2.7 0.9 -0.00857367 0.237939 
2.75 0.9 -0.0157472 0.234081 
2.8 0.9 -0.0223764 0.227969 
2.85 0.9 -0.0282361 0.219718 
2.9 0.9 -0.033129 0.20948 
2.95 0.9 -0.0368903 0.197438 
3 0.9 -0.0393886 0.18381 
3.05 0.9 -0.0405274 0.168863 
3.1 0.9 -0.0402454 0.152929 
3.15 0.9 -0.0385195 0.136444 
3.2 0.9 -0.0353697 0.119973 
3.25 0.9 -0.0308666 0.104241 
3.3 0.9 -0.0251388 0.0901155 
3.35 0.9 -0.0183788 0.0785532 
3.4 0.9 -0.0108421 0.0704731 
3.45 0.9 -0.00283785 0.066597 
3.5 0.9 0.00528938 0.0672957 
3.55 0.9 0.0131854 0.072501 
3.6 0.9 0.0205138 0.081723 
3.65 0.9 0.0269799 0.094162 
3.7 0.9 0.0323465 0.108872 
3.75 0.9 0.0364405 0.124912 
3.8 0.9 0.0391514 0.141453 
3.85 0.9 0.0404248 0.157819 
3.9 0.9 0.0402546 0.173485 
3.95 0.9 0.038676 0.18805 
4 0.9 0.0357619 0.201202 
4.05 0.9 0.0316204 0.212689 
4.1 0.9 0.0263942 0.222303 
4.15 0.9 0.0202597 0.22987 
4.2 0.9 0.0134248 0.235247 
4.25 0.9 0.00612393 0.238331 
4.3 0.9 -0.00138953 0.239058 
4.35 0.9 -0.00885298 0.237412 
4.4 0.9 -0.0160055 0.233425 
4.45 0.9 -0.0225988 0.227171 
4.5 0.9 -0.0284059 0.218767 
4.55 0.9 -0.0332284 0.208367 
4.6 0.9 -0.0369 0.196158 
4.65 0.9 -0.0392891 0.182365 
4.7 0.9 -0.0402995 0.167264 
4.75 0.9 -0.0398724 0.151206 
4.8 0.9 -0.0379907 0.134649 
4.85 0.9 -0.0346859 0.118185 
4.9 0.9 -0.0300486 0.102563 
4.95 0.9 -0.0242375 0.0886645 
5 0.9 -0.0174681 0.0774298 
0 0.95 -0.00718967 0.0449897 
0.05 0.95 -0.00503941 0.0394009 
0.1 0.95 -0.00281528 0.0356229 
0.15 0.95 -0.000513647 0.0339526 
0.2 0.95 0.00179998 0.034537 
0.25 0.95 0.0040345 0.0373194 
0.3 0.95 0.00609722 0.042048 
0.35 0.95 0.0079062 0.0483298 
0.4 0.95 0.00939636 0.0557058 
0.45 0.95 0.0105214 0.063721 
0.5 0.95 0.0112528 0.0719726 
0.55 0.95 0.011578 0.0801299 
0.6 0.95 0.011497 0.0879342 
0.65 0.95 0.0110211 0.0951862 
0.7 0.95 0.0101712 0.10173 
0.75 0.95 0.00897781 0.107442 
0.8 0.95 0.00748077 0.112217 
0.85 0.95 0.00572937 0.115971 
0.9 0.95 0.00378181 0.118635 
0.95 0.95 0.00170391 0.120158 
1 0.95 -0.000433082 0.120513 
1.05 0.95 -0.00255532 0.11969 
1.1 0.95 -0.00458961 0.117707 
1.15 0.95 -0.00646649 0.114601 
1.2 0.95 -0.00812286 0.110428 
1.25 0.95 -0.00950382 0.105264 
1.3 0.95 -0.0105636 0.0991998 
1.35 0.95 -0.0112658 0.092347 
1.4 0.95 -0.0115835 0.0848409 
1.45 0.95 -0.0114989 0.0768529 
1.5 0.95 -0.0110048 0.068605 
1.55 0.95 -0.0101053 0.0603857 
1.6 0.95 -0.00881884 0.0525584 
1.65 0.95 -0.00718048 0.0455549 
1.7 0.95 -0.00524426 0.0398438 
1.75 0.95 -0.00308328 0.0358705 
1.8 0.95 -0.000787074 0.0339815 
1.85 0.95 0.00154395 0.0343524 
1.9 0.95 0.00380645 0.0369482 
1.95 0.95 0.00590276 0.0415315 
2 0.95 0.00774812 0.0477151 
2.05 0.95 0.00927547 0.055038 
2.1 0.95 0.010437 0.0630382 
2.15 0.95 0.0112032 0.0713036 
2.2 0.95 0.0115606 0.079495 
2.25 0.95 0.011509 0.0873466 
2.3 0.95 0.0110593 0.0946539 
2.35 0.95 0.0102323 0.101258 
2.4 0.95 0.00905828 0.107033 
2.45 0.95 0.00757691 0.111873 
2.5 0.95 0.00583728 0.115691 
2.55 0.95 0.00389746 0.11842 
2.6 0.95 0.0018232 0.120007 
2.65 0.95 -0.00031415 0.120421 
2.7 0.95 -0.0024405 0.119655 
2.75 0.95 -0.0044822 0.117724 
2.8 0.95 -0.00636923 0.114663 
2.85 0.95 -0.0080378 0.110529 
2.9 0.95 -0.00943227 0.105396 
2.95 0.95 -0.0105062 0.0993569 
3 0.95 -0.0112224 0.0925218 
3.05 0.95 -0.0115536 0.0850264 
3.1 0.95 -0.0114816 0.0770427 
3.15 0.95 -0.0109986 0.0687929 
3.2 0.95 -0.0101088 0.0605655 
3.25 0.95 -0.00883034 0.0527242 
3.3 0.95 -0.00719826 0.0457015 
3.35 0.95 -0.00526659 0.0399664 
3.4 0.95 -0.00310849 0.0359664 
3.45 0.95 -0.00081367 0.0340499 
3.5 0.95 0.00151718 0.0343951 
3.55 0.95 0.00378037 0.0369694 
3.6 0.95 0.00587774 0.041537 
3.65 0.95 0.00772407 0.0477109 
3.7 0.95 0.0092518 0.0550296 
3.75 0.95 0.0104127 0.0630297 
3.8 0.95 0.011177 0.071297 
3.85 0.95 0.011531 0.0794903 
3.9 0.95 0.0114746 0.087342 
3.95 0.95 0.0110187 0.0946459 
4 0.95 0.0101846 0.101242 
4.05 0.95 0.00900274 0.107002 
4.1 0.95 0.0075135 0.111821 
4.15 0.95 0.00576657 0.115611 
4.2 0.95 0.00382066 0.118303 
4.25 0.95 0.00174223 0.119846 
4.3 0.95 -0.000396736 0.12021 
4.35 0.95 -0.00252153 0.119386 
4.4 0.95 -0.00455795 0.117389 
4.45 0.95 -0.00643545 0.114257 
4.5 0.95 -0.00808979 0.110046 
4.55 0.95 -0.00946488 0.104832 
4.6 0.95 -0.0105139 0.0987087 
4.65 0.95 -0.0111994 0.091791 
4.7 0.95 -0.0114941 0.0842202 
4.75 0.95 -0.0113804 0.0761765 
4.8 0.95 -0.0108524 0.067894 
4.85 0.95 -0.00991869 0.0596748 
4.9 0.95 -0.00860887 0.051895 
4.95 0.95 -0.0069881 0.0449897 
5 0.95 -0.00518428 0.0394009 
0 1 0 0 
0.05 1 0 0 
0.1 1 0 0 
0.15 1 0 0 
0.2 1 0 0 
0.25 1 0 0 
0.3 1 0 0 
0.35 1 0 0 
0.4 1 0 0 
0.45 1 0 0 
0.5 1 0 0 
0.55 1 0 0 
0.6 1 0 0 
0.65 1 0 0 
0.7 1 0 0 
0.75 1 0 0 
0.8 1 0 0 
0.85 1 0 0 
0.9 1 0 0 
0.95 1 0 0 
1 1 0 0 
1.05 1 0 0 
1.1 1 0 0 
1.15 1 0 0 
1.2 1 0 0 
1.25 1 0 0 
1.3 1 0 0 
1.35 1 0 0 
1.4 1 0 0 
1.45 1 0 0 
1.5 1 0 0 
1.55 1 0 0 
1.6 1 0 0 
1.65 1 0 0 
1.7 1 0 0 
1.75 1 0 0 
1.8 1 0 0 
1.85 1 0 0 
1.9 1 0 0 
1.95 1 0 0 
2 1 0 0 
2.05 1 0 0 
2.1 1 0 0 
2.15 1 0 0 
2.2 1 0 0 
2.25 1 0 0 
2.3 1 0 0 
2.35 1 0 0 
2.4 1 0 0 
2.45 1 0 0 
2.5 1 0 0 
2.55 1 0 0 
2.6 1 0 0 
2.65 1 0 0 
2.7 1 0 0 
2.75 1 0 0 
2.8 1 0 0 
2.85 1 0 0 
2.9 1 0 0 
2.95 1 0 0 
3 1 0 0 
3.05 1 0 0 
3.1 1 0 0 
3.15 1 0 0 
3.2 1 0 0 
3.25 1 0 0 
3.3 1 0 0 
3.35 1 0 0 
3.4 1 0 0 
3.45 1 0 0 
3.5 1 0 0 
3.55 1 0 0 
3.6 1 0 0 
3.65 1 0 0 
3.7 1 0 0 
3.75 1 0 0 
3.8 1 0 0 
3.85 1 0 0 
3.9 1 0 0 
3.95 1 0 0 
4 1 0 0 
4.05 1 0 0 
4.1 1 0 0 
4.15 1 0 0 
4.2 1 0 0 
4.25 1 0 0 
4.3 1 0 0 
4.35 1 0 0 
4.4 1 0 0 
4.45 1 0 0 
4.5 1 0 0 
4.55 1 0 0 
4.6 1 0 0 
4.65 1 0 0 
4.7 1 0 0 
4.75 1 0 0 
4.8 1 0 0 
4.85 1 0 0 
4.9 1 0 0 
4.95 1 0 0 
5 1 0 0 
