x, y, ksi, T
#iter= 990000
0 0 0 1 
0.05 0 0 1 
0.1 0 0 1 
0.15 0 0 1 
0.2 0 0 1 
0.25 0 0 1 
0.3 0 0 1 
0.35 0 0 1 
0.4 0 0 1 
0.45 0 0 1 
0.5 0 0 1 
0.55 0 0 1 
0.6 0 0 1 
0.65 0 0 1 
0.7 0 0 1 
0.75 0 0 1 
0.8 0 0 1 
0.85 0 0 1 
0.9 0 0 1 
0.95 0 0 1 
1 0 0 1 
1.05 0 0 1 
1.1 0 0 1 
1.15 0 0 1 
1.2 0 0 1 
1.25 0 0 1 
1.3 0 0 1 
1.35 0 0 1 
1.4 0 0 1 
1.45 0 0 1 
1.5 0 0 1 
1.55 0 0 1 
1.6 0 0 1 
1.65 0 0 1 
1.7 0 0 1 
1.75 0 0 1 
1.8 0 0 1 
1.85 0 0 1 
1.9 0 0 1 
1.95 0 0 1 
2 0 0 1 
2.05 0 0 1 
2.1 0 0 1 
2.15 0 0 1 
2.2 0 0 1 
2.25 0 0 1 
2.3 0 0 1 
2.35 0 0 1 
2.4 0 0 1 
2.45 0 0 1 
2.5 0 0 1 
2.55 0 0 1 
2.6 0 0 1 
2.65 0 0 1 
2.7 0 0 1 
2.75 0 0 1 
2.8 0 0 1 
2.85 0 0 1 
2.9 0 0 1 
2.95 0 0 1 
3 0 0 1 
3.05 0 0 1 
3.1 0 0 1 
3.15 0 0 1 
3.2 0 0 1 
3.25 0 0 1 
3.3 0 0 1 
3.35 0 0 1 
3.4 0 0 1 
3.45 0 0 1 
3.5 0 0 1 
3.55 0 0 1 
3.6 0 0 1 
3.65 0 0 1 
3.7 0 0 1 
3.75 0 0 1 
3.8 0 0 1 
3.85 0 0 1 
3.9 0 0 1 
3.95 0 0 1 
4 0 0 1 
4.05 0 0 1 
4.1 0 0 1 
4.15 0 0 1 
4.2 0 0 1 
4.25 0 0 1 
4.3 0 0 1 
4.35 0 0 1 
4.4 0 0 1 
4.45 0 0 1 
4.5 0 0 1 
4.55 0 0 1 
4.6 0 0 1 
4.65 0 0 1 
4.7 0 0 1 
4.75 0 0 1 
4.8 0 0 1 
4.85 0 0 1 
4.9 0 0 1 
4.95 0 0 1 
5 0 0 1 
0 0.05 -0.00703265 0.885979 
0.05 0.05 -0.00498369 0.882606 
0.1 0.05 -0.00283797 0.880473 
0.15 0.05 -0.00064749 0.879557 
0.2 0.05 0.00153435 0.879844 
0.25 0.05 0.00364448 0.881316 
0.3 0.05 0.00561729 0.883936 
0.35 0.05 0.00739006 0.887652 
0.4 0.05 0.00890636 0.892394 
0.45 0.05 0.0101178 0.898077 
0.5 0.05 0.0109849 0.904599 
0.55 0.05 0.0114771 0.911836 
0.6 0.05 0.0115732 0.919633 
0.65 0.05 0.0112613 0.927795 
0.7 0.05 0.0105405 0.936062 
0.75 0.05 0.00942259 0.944106 
0.8 0.05 0.00793517 0.951524 
0.85 0.05 0.00612373 0.957857 
0.9 0.05 0.00405304 0.962641 
0.95 0.05 0.00180586 0.965478 
1 0.05 -0.00052143 0.96611 
1.05 0.05 -0.00282584 0.964477 
1.1 0.05 -0.00500631 0.96073 
1.15 0.05 -0.00697174 0.9552 
1.2 0.05 -0.00864699 0.948324 
1.25 0.05 -0.0099758 0.940571 
1.3 0.05 -0.0109209 0.932378 
1.35 0.05 -0.011462 0.924118 
1.4 0.05 -0.0115934 0.916088 
1.45 0.05 -0.0113211 0.908516 
1.5 0.05 -0.0106617 0.901579 
1.55 0.05 -0.00964089 0.895417 
1.6 0.05 -0.00829402 0.890142 
1.65 0.05 -0.00666578 0.88585 
1.7 0.05 -0.00481007 0.882617 
1.75 0.05 -0.00278918 0.880502 
1.8 0.05 -0.000672041 0.879547 
1.85 0.05 0.00146831 0.879768 
1.9 0.05 0.00355779 0.881164 
1.95 0.05 0.00552452 0.883706 
2 0.05 0.00730171 0.887347 
2.05 0.05 0.00882996 0.892022 
2.1 0.05 0.0100586 0.897647 
2.15 0.05 0.0109464 0.90412 
2.2 0.05 0.0114615 0.91132 
2.25 0.05 0.0115814 0.919094 
2.3 0.05 0.0112934 0.927247 
2.35 0.05 0.0105957 0.935525 
2.4 0.05 0.00949933 0.9436 
2.45 0.05 0.0080308 0.951073 
2.5 0.05 0.00623475 0.957486 
2.55 0.05 0.00417507 0.962374 
2.6 0.05 0.00193384 0.96533 
2.65 0.05 -0.000392845 0.966087 
2.7 0.05 -0.00270186 0.964573 
2.75 0.05 -0.00489152 0.96093 
2.8 0.05 -0.00686974 0.955481 
2.85 0.05 -0.00856017 0.948659 
2.9 0.05 -0.00990536 0.940935 
2.95 0.05 -0.0108669 0.932752 
3 0.05 -0.0114238 0.924485 
3.05 0.05 -0.0115695 0.916438 
3.1 0.05 -0.0113098 0.908843 
3.15 0.05 -0.0106609 0.901879 
3.2 0.05 -0.00964863 0.89569 
3.25 0.05 -0.0083083 0.890389 
3.3 0.05 -0.0066847 0.886072 
3.35 0.05 -0.00483191 0.882816 
3.4 0.05 -0.00281245 0.880683 
3.45 0.05 -0.00069553 0.879712 
3.5 0.05 0.00144549 0.879923 
3.55 0.05 0.00353615 0.881311 
3.6 0.05 0.00550419 0.88385 
3.65 0.05 0.00728242 0.887493 
3.7 0.05 0.00881105 0.892173 
3.75 0.05 0.0100391 0.897806 
3.8 0.05 0.010925 0.904291 
3.85 0.05 0.0114368 0.911503 
3.9 0.05 0.0115519 0.919289 
3.95 0.05 0.0112577 0.927449 
4 0.05 0.0105526 0.935728 
4.05 0.05 0.00944825 0.943795 
4.1 0.05 0.00797179 0.951246 
4.15 0.05 0.00616865 0.957622 
4.2 0.05 0.00410359 0.962459 
4.25 0.05 0.00185951 0.965353 
4.3 0.05 -0.000466895 0.966042 
4.35 0.05 -0.00277217 0.964463 
4.4 0.05 -0.00495462 0.960763 
4.45 0.05 -0.0069225 0.95527 
4.5 0.05 -0.0086001 0.948422 
4.55 0.05 -0.00993083 0.940689 
4.6 0.05 -0.0108775 0.932512 
4.65 0.05 -0.0114205 0.924266 
4.7 0.05 -0.0115555 0.916249 
4.75 0.05 -0.0112911 0.908691 
4.8 0.05 -0.0106478 0.901767 
4.85 0.05 -0.00965786 0.89561 
4.9 0.05 -0.00836723 0.890324 
4.95 0.05 -0.0068368 0.885979 
5 0.05 -0.00512455 0.882606 
0 0.1 -0.0237467 0.77328 
0.05 0.1 -0.0171072 0.766653 
0.1 0.1 -0.00980875 0.762382 
0.15 0.1 -0.0022065 0.76053 
0.2 0.1 0.00542203 0.761091 
0.25 0.1 0.0128204 0.764023 
0.3 0.1 0.0197447 0.76925 
0.35 0.1 0.0259688 0.776664 
0.4 0.1 0.0312906 0.786122 
0.45 0.1 0.0355375 0.797454 
0.5 0.1 0.0385685 0.810454 
0.55 0.1 0.0402759 0.824882 
0.6 0.1 0.0405858 0.840437 
0.65 0.1 0.0394599 0.856734 
0.7 0.1 0.0369001 0.873271 
0.75 0.1 0.0329546 0.889394 
0.8 0.1 0.0277261 0.904296 
0.85 0.1 0.0213787 0.917051 
0.9 0.1 0.0141403 0.926709 
0.95 0.1 0.00629754 0.932444 
1 0.1 -0.00181887 0.933722 
1.05 0.1 -0.00985717 0.930418 
1.1 0.1 -0.0174717 0.922849 
1.15 0.1 -0.0243489 0.911697 
1.2 0.1 -0.0302267 0.897863 
1.25 0.1 -0.0349055 0.882303 
1.3 0.1 -0.0382488 0.865898 
1.35 0.1 -0.0401793 0.84939 
1.4 0.1 -0.0406704 0.833361 
1.45 0.1 -0.0397392 0.818261 
1.5 0.1 -0.0374412 0.804431 
1.55 0.1 -0.0338668 0.792144 
1.6 0.1 -0.0291412 0.781624 
1.65 0.1 -0.0234229 0.773058 
1.7 0.1 -0.0169031 0.766602 
1.75 0.1 -0.00980203 0.762379 
1.8 0.1 -0.0023625 0.760469 
1.85 0.1 0.00515857 0.760913 
1.9 0.1 0.0125008 0.7637 
1.95 0.1 0.0194111 0.768777 
2 0.1 0.0256541 0.776046 
2.05 0.1 0.0310195 0.785373 
2.1 0.1 0.0353277 0.79659 
2.15 0.1 0.038432 0.809496 
2.2 0.1 0.04022 0.823852 
2.25 0.1 0.040614 0.839361 
2.3 0.1 0.0395723 0.855641 
2.35 0.1 0.0370936 0.872196 
2.4 0.1 0.0332231 0.88838 
2.45 0.1 0.0280605 0.903392 
2.5 0.1 0.0217665 0.916307 
2.55 0.1 0.0145664 0.926172 
2.6 0.1 0.00674463 0.932147 
2.65 0.1 -0.00136904 0.933678 
2.7 0.1 -0.0094223 0.930616 
2.75 0.1 -0.0170674 0.923255 
2.8 0.1 -0.0239876 0.912263 
2.85 0.1 -0.029917 0.898537 
2.9 0.1 -0.0346518 0.883033 
2.95 0.1 -0.0380519 0.866644 
3 0.1 -0.040037 0.850121 
3.05 0.1 -0.0405784 0.834057 
3.1 0.1 -0.0396917 0.818908 
3.15 0.1 -0.0374315 0.805025 
3.2 0.1 -0.033888 0.792683 
3.25 0.1 -0.0291863 0.78211 
3.3 0.1 -0.0234855 0.773495 
3.35 0.1 -0.0169772 0.766995 
3.4 0.1 -0.00988239 0.762733 
3.45 0.1 -0.0024449 0.760794 
3.5 0.1 0.00507724 0.761214 
3.55 0.1 0.0124223 0.763987 
3.6 0.1 0.0193361 0.769059 
3.65 0.1 0.0255816 0.776331 
3.7 0.1 0.0309474 0.785669 
3.75 0.1 0.0352525 0.796904 
3.8 0.1 0.0383497 0.809833 
3.85 0.1 0.0401257 0.824214 
3.9 0.1 0.0405026 0.839746 
3.95 0.1 0.0394394 0.856043 
4 0.1 0.0369357 0.872602 
4.05 0.1 0.0330384 0.88877 
4.1 0.1 0.0278493 0.90374 
4.15 0.1 0.021532 0.916582 
4.2 0.1 0.0143146 0.926344 
4.25 0.1 0.00648413 0.932194 
4.3 0.1 -0.00162753 0.933588 
4.35 0.1 -0.00966696 0.930392 
4.4 0.1 -0.0172864 0.922915 
4.45 0.1 -0.0241701 0.911836 
4.5 0.1 -0.0300542 0.898056 
4.55 0.1 -0.0347378 0.882534 
4.6 0.1 -0.0380847 0.866158 
4.65 0.1 -0.0400194 0.849674 
4.7 0.1 -0.0405196 0.83367 
4.75 0.1 -0.0396091 0.818593 
4.8 0.1 -0.0373524 0.804784 
4.85 0.1 -0.0338507 0.792501 
4.9 0.1 -0.0292353 0.781948 
4.95 0.1 -0.0236481 0.77328 
5 0.1 -0.0171763 0.766653 
0 0.15 -0.0462918 0.666661 
0.05 0.15 -0.033345 0.656978 
0.1 0.15 -0.0191017 0.650679 
0.15 0.15 -0.00419563 0.647922 
0.2 0.15 0.0108102 0.64873 
0.25 0.15 0.0253887 0.653051 
0.3 0.15 0.0390435 0.660771 
0.35 0.15 0.0513185 0.671718 
0.4 0.15 0.0618081 0.685673 
0.45 0.15 0.0701672 0.702375 
0.5 0.15 0.0761156 0.721519 
0.55 0.15 0.079441 0.74275 
0.6 0.15 0.0800006 0.765635 
0.65 0.15 0.0777253 0.789619 
0.7 0.15 0.0726271 0.813978 
0.75 0.15 0.0648107 0.837761 
0.8 0.15 0.0544874 0.859782 
0.85 0.15 0.0419863 0.878664 
0.9 0.15 0.0277567 0.892985 
0.95 0.15 0.0123578 0.901501 
1 0.15 -0.00356987 0.903399 
1.05 0.15 -0.0193467 0.898492 
1.1 0.15 -0.0343043 0.887259 
1.15 0.15 -0.0478337 0.870734 
1.2 0.15 -0.0594218 0.850271 
1.25 0.15 -0.0686719 0.827296 
1.3 0.15 -0.0753082 0.803113 
1.35 0.15 -0.0791682 0.778807 
1.4 0.15 -0.0801903 0.755222 
1.45 0.15 -0.0784006 0.733001 
1.5 0.15 -0.073903 0.712641 
1.55 0.15 -0.0668739 0.694535 
1.6 0.15 -0.0575597 0.679013 
1.65 0.15 -0.0462751 0.666358 
1.7 0.15 -0.0333997 0.656808 
1.75 0.15 -0.0193708 0.650554 
1.8 0.15 -0.0046704 0.647725 
1.85 0.15 0.0101917 0.648381 
1.9 0.15 0.0246989 0.65251 
1.95 0.15 0.0383492 0.660024 
2 0.15 0.050675 0.670772 
2.05 0.15 0.0612587 0.684545 
2.1 0.15 0.0697439 0.701087 
2.15 0.15 0.0758402 0.720099 
2.2 0.15 0.0793268 0.741228 
2.25 0.15 0.0800537 0.764047 
2.3 0.15 0.0779451 0.788008 
2.35 0.15 0.0730071 0.812393 
2.4 0.15 0.0653384 0.836265 
2.45 0.15 0.0551444 0.858446 
2.5 0.15 0.042748 0.877564 
2.55 0.15 0.0285935 0.89219 
2.6 0.15 0.0132361 0.901062 
2.65 0.15 -0.0026852 0.903336 
2.7 0.15 -0.0184897 0.898787 
2.75 0.15 -0.0335053 0.887862 
2.8 0.15 -0.0471167 0.871572 
2.85 0.15 -0.0588037 0.851264 
2.9 0.15 -0.0681619 0.82837 
2.95 0.15 -0.0749084 0.804208 
3 0.15 -0.0788752 0.779876 
3.05 0.15 -0.0799963 0.756237 
3.1 0.15 -0.0782947 0.733945 
3.15 0.15 -0.0738727 0.713505 
3.2 0.15 -0.066906 0.695317 
3.25 0.15 -0.0576408 0.679717 
3.3 0.15 -0.0463925 0.666988 
3.35 0.15 -0.0335418 0.657374 
3.4 0.15 -0.0195273 0.651063 
3.45 0.15 -0.00483307 0.648189 
3.5 0.15 0.0100291 0.648812 
3.55 0.15 0.0245399 0.65292 
3.6 0.15 0.038195 0.660426 
3.65 0.15 0.050524 0.671179 
3.7 0.15 0.0611069 0.684968 
3.75 0.15 0.0695849 0.701537 
3.8 0.15 0.0756661 0.720583 
3.85 0.15 0.0791285 0.741751 
3.9 0.15 0.079822 0.764606 
3.95 0.15 0.0776716 0.788594 
4 0.15 0.0726854 0.812987 
4.05 0.15 0.0649655 0.836838 
4.1 0.15 0.0547214 0.858958 
4.15 0.15 0.0422812 0.87797 
4.2 0.15 0.0280948 0.892445 
4.25 0.15 0.0127224 0.901129 
4.3 0.15 -0.00319332 0.903198 
4.35 0.15 -0.0189693 0.898449 
4.4 0.15 -0.0339331 0.887351 
4.45 0.15 -0.0474714 0.87093 
4.5 0.15 -0.0590674 0.850542 
4.55 0.15 -0.068322 0.827618 
4.6 0.15 -0.0749589 0.803471 
4.65 0.15 -0.0788184 0.779192 
4.7 0.15 -0.0798449 0.755632 
4.75 0.15 -0.0780735 0.733437 
4.8 0.15 -0.0736196 0.713096 
4.85 0.15 -0.0666686 0.694989 
4.9 0.15 -0.057463 0.679422 
4.95 0.15 -0.0462758 0.666661 
5 0.15 -0.0333541 0.656978 
0 0.2 -0.0713811 0.571787 
0.05 0.2 -0.051331 0.559376 
0.1 0.2 -0.0293245 0.551262 
0.15 0.2 -0.00626239 0.547684 
0.2 0.2 0.0169913 0.548712 
0.25 0.2 0.0396058 0.554291 
0.3 0.2 0.0607955 0.564268 
0.35 0.2 0.0798393 0.578402 
0.4 0.2 0.0960987 0.596387 
0.45 0.2 0.109033 0.617865 
0.5 0.2 0.118206 0.642432 
0.55 0.2 0.12329 0.66963 
0.6 0.2 0.124072 0.69891 
0.65 0.2 0.120454 0.729578 
0.7 0.2 0.112467 0.760723 
0.75 0.2 0.100288 0.791148 
0.8 0.2 0.0842557 0.819341 
0.85 0.2 0.0648865 0.843539 
0.9 0.2 0.0428766 0.861909 
0.95 0.2 0.0190841 0.872839 
1 0.2 -0.00551353 0.875277 
1.05 0.2 -0.0298815 0.868977 
1.1 0.2 -0.0530017 0.854563 
1.15 0.2 -0.0739426 0.833375 
1.2 0.2 -0.0919139 0.807162 
1.25 0.2 -0.106298 0.777759 
1.3 0.2 -0.116658 0.746831 
1.35 0.2 -0.122729 0.715752 
1.4 0.2 -0.124401 0.685586 
1.45 0.2 -0.121704 0.657138 
1.5 0.2 -0.114788 0.63103 
1.55 0.2 -0.103921 0.607763 
1.6 0.2 -0.0894832 0.587767 
1.65 0.2 -0.0719632 0.571424 
1.7 0.2 -0.0519533 0.559062 
1.75 0.2 -0.030137 0.550951 
1.8 0.2 -0.00726893 0.547277 
1.85 0.2 0.0158524 0.548129 
1.9 0.2 0.0384177 0.553487 
1.95 0.2 0.0596408 0.563225 
2 0.2 0.07879 0.577125 
2.05 0.2 0.0952131 0.594894 
2.1 0.2 0.108354 0.616183 
2.15 0.2 0.117765 0.640593 
2.2 0.2 0.123105 0.66767 
2.25 0.2 0.124149 0.696872 
2.3 0.2 0.120791 0.727513 
2.35 0.2 0.113054 0.758694 
2.4 0.2 0.101104 0.789231 
2.45 0.2 0.085271 0.817628 
2.5 0.2 0.0660632 0.842127 
2.55 0.2 0.0441692 0.860887 
2.6 0.2 0.0204412 0.872274 
2.65 0.2 -0.00414534 0.875193 
2.7 0.2 -0.0285539 0.869352 
2.75 0.2 -0.0517606 0.855332 
2.8 0.2 -0.072825 0.834442 
2.85 0.2 -0.0909459 0.808426 
2.9 0.2 -0.105494 0.779123 
2.95 0.2 -0.116023 0.748218 
3 0.2 -0.122258 0.717105 
3.05 0.2 -0.124083 0.686868 
3.1 0.2 -0.121523 0.658328 
3.15 0.2 -0.114726 0.632117 
3.2 0.2 -0.103958 0.608746 
3.25 0.2 -0.0895982 0.58865 
3.3 0.2 -0.0721373 0.572212 
3.35 0.2 -0.0521685 0.559766 
3.4 0.2 -0.0303775 0.551582 
3.45 0.2 -0.0075219 0.54785 
3.5 0.2 0.0155966 0.548658 
3.55 0.2 0.0381648 0.553988 
3.6 0.2 0.0593928 0.563716 
3.65 0.2 0.0785447 0.577622 
3.7 0.2 0.0949644 0.595413 
3.75 0.2 0.108093 0.616737 
3.8 0.2 0.117479 0.641193 
3.85 0.2 0.122781 0.66832 
3.9 0.2 0.123773 0.69757 
3.95 0.2 0.120352 0.728248 
4 0.2 0.112541 0.759442 
4.05 0.2 0.100514 0.789955 
4.1 0.2 0.0846059 0.818276 
4.15 0.2 0.0653333 0.842641 
4.2 0.2 0.0433926 0.861207 
4.25 0.2 0.0196438 0.872353 
4.3 0.2 -0.0049318 0.875008 
4.35 0.2 -0.0292942 0.868908 
4.4 0.2 -0.0524188 0.854662 
4.45 0.2 -0.0733674 0.833601 
4.5 0.2 -0.0913434 0.807477 
4.55 0.2 -0.105725 0.778129 
4.6 0.2 -0.116073 0.747234 
4.65 0.2 -0.122125 0.716176 
4.7 0.2 -0.123778 0.686026 
4.75 0.2 -0.12107 0.657594 
4.8 0.2 -0.114162 0.631496 
4.85 0.2 -0.103328 0.608225 
4.9 0.2 -0.0889389 0.588197 
4.95 0.2 -0.0714348 0.571787 
5 0.2 -0.0512901 0.559376 
0 0.25 -0.0964358 0.49289 
0.05 0.25 -0.0692261 0.478124 
0.1 0.25 -0.0394196 0.468436 
0.15 0.25 -0.00816921 0.464146 
0.2 0.25 0.0233666 0.465375 
0.25 0.25 0.054051 0.472069 
0.3 0.25 0.0828019 0.484025 
0.35 0.25 0.108625 0.500914 
0.4 0.25 0.130645 0.522323 
0.45 0.25 0.148123 0.547785 
0.5 0.25 0.160467 0.576792 
0.55 0.25 0.167243 0.608792 
0.6 0.25 0.168171 0.643144 
0.65 0.25 0.163135 0.679054 
0.7 0.25 0.152196 0.715474 
0.75 0.25 0.135611 0.751027 
0.8 0.25 0.113852 0.783962 
0.85 0.25 0.0876281 0.81223 
0.9 0.25 0.0578788 0.833689 
0.95 0.25 0.0257546 0.846459 
1 0.25 -0.00744095 0.849308 
1.05 0.25 -0.040331 0.841948 
1.1 0.25 -0.0715598 0.82511 
1.15 0.25 -0.0998828 0.800358 
1.2 0.25 -0.124237 0.769738 
1.25 0.25 -0.143784 0.735386 
1.3 0.25 -0.15792 0.699236 
1.35 0.25 -0.16627 0.662874 
1.4 0.25 -0.168667 0.627521 
1.45 0.25 -0.165132 0.594101 
1.5 0.25 -0.155853 0.563328 
1.55 0.25 -0.141184 0.535795 
1.6 0.25 -0.121633 0.51203 
1.65 0.25 -0.09786 0.492519 
1.7 0.25 -0.0706727 0.477701 
1.75 0.25 -0.0410059 0.467947 
1.8 0.25 -0.00989446 0.46352 
1.85 0.25 0.0215649 0.464545 
1.9 0.25 0.0522603 0.470995 
1.95 0.25 0.0811124 0.482691 
2 0.25 0.107119 0.499327 
2.05 0.25 0.129388 0.520504 
2.1 0.25 0.147166 0.545763 
2.15 0.25 0.159846 0.574602 
2.2 0.25 0.166978 0.606473 
2.25 0.25 0.168267 0.640744 
2.3 0.25 0.163588 0.676628 
2.35 0.25 0.152988 0.713094 
2.4 0.25 0.136712 0.748781 
2.45 0.25 0.115223 0.781955 
2.5 0.25 0.0892162 0.810573 
2.55 0.25 0.0596228 0.832489 
2.6 0.25 0.027586 0.845791 
2.65 0.25 -0.00559312 0.849201 
2.7 0.25 -0.0385354 0.842376 
2.75 0.25 -0.0698775 0.825995 
2.8 0.25 -0.0983633 0.801591 
2.85 0.25 -0.122916 0.771198 
2.9 0.25 -0.142681 0.736962 
2.95 0.25 -0.157042 0.700836 
3 0.25 -0.165613 0.664433 
3.05 0.25 -0.168217 0.628996 
3.1 0.25 -0.164867 0.595468 
3.15 0.25 -0.155751 0.564576 
3.2 0.25 -0.141218 0.536922 
3.25 0.25 -0.121776 0.513039 
3.3 0.25 -0.0980865 0.493417 
3.35 0.25 -0.0709585 0.478499 
3.4 0.25 -0.0413297 0.468658 
3.45 0.25 -0.0102387 0.46416 
3.5 0.25 0.0212133 0.465133 
3.55 0.25 0.0519095 0.471549 
3.6 0.25 0.0807653 0.483232 
3.65 0.25 0.106773 0.499875 
3.7 0.25 0.129035 0.521077 
3.75 0.25 0.146794 0.546378 
3.8 0.25 0.15944 0.575272 
3.85 0.25 0.166519 0.607204 
3.9 0.25 0.167739 0.641534 
3.95 0.25 0.162974 0.677463 
4 0.25 0.152277 0.713947 
4.05 0.25 0.135899 0.749608 
4.1 0.25 0.114311 0.782696 
4.15 0.25 0.0882199 0.811159 
4.2 0.25 0.0585665 0.832848 
4.25 0.25 0.0265044 0.845869 
4.3 0.25 -0.0066575 0.848968 
4.35 0.25 -0.0395349 0.841836 
4.4 0.25 -0.0707631 0.825186 
4.45 0.25 -0.0990881 0.800576 
4.5 0.25 -0.123438 0.770048 
4.55 0.25 -0.142967 0.735746 
4.6 0.25 -0.157067 0.699617 
4.65 0.25 -0.165365 0.663259 
4.7 0.25 -0.167698 0.627904 
4.75 0.25 -0.164092 0.594481 
4.8 0.25 -0.154749 0.563707 
4.85 0.25 -0.140023 0.536173 
4.9 0.25 -0.120415 0.512402 
4.95 0.25 -0.0965473 0.492889 
5 0.25 -0.0691442 0.478124 
0 0.3 -0.119462 0.431371 
0.05 0.3 -0.0856221 0.414534 
0.1 0.3 -0.0485967 0.403446 
0.15 0.3 -0.00976917 0.398527 
0.2 0.3 0.0294298 0.399957 
0.25 0.3 0.0675756 0.407677 
0.3 0.3 0.103304 0.421406 
0.35 0.3 0.135364 0.440694 
0.4 0.3 0.162656 0.464984 
0.45 0.3 0.184259 0.493665 
0.5 0.3 0.199444 0.526113 
0.55 0.3 0.207684 0.561682 
0.6 0.3 0.20865 0.599664 
0.65 0.3 0.202221 0.639197 
0.7 0.3 0.188498 0.679165 
0.75 0.3 0.167819 0.718085 
0.8 0.3 0.14079 0.754076 
0.85 0.3 0.108295 0.784925 
0.9 0.3 0.0714972 0.808321 
0.95 0.3 0.0318059 0.822235 
1 0.3 -0.00918896 0.825339 
1.05 0.3 -0.0498121 0.817322 
1.1 0.3 -0.0884127 0.798973 
1.15 0.3 -0.12347 0.771978 
1.2 0.3 -0.153678 0.738545 
1.25 0.3 -0.177993 0.70098 
1.3 0.3 -0.195655 0.661366 
1.35 0.3 -0.206179 0.621408 
1.4 0.3 -0.209333 0.582417 
1.45 0.3 -0.205117 0.545379 
1.5 0.3 -0.193745 0.511074 
1.55 0.3 -0.175637 0.480171 
1.6 0.3 -0.15141 0.453302 
1.65 0.3 -0.121881 0.431081 
1.7 0.3 -0.0880571 0.414097 
1.75 0.3 -0.0511082 0.40286 
1.8 0.3 -0.0123373 0.397743 
1.85 0.3 0.0268726 0.398927 
1.9 0.3 0.0651186 0.406371 
1.95 0.3 0.10104 0.419818 
2 0.3 0.133378 0.43884 
2.05 0.3 0.161017 0.46289 
2.1 0.3 0.18302 0.491367 
2.15 0.3 0.198641 0.523649 
2.2 0.3 0.207335 0.559095 
2.25 0.3 0.208759 0.597001 
2.3 0.3 0.202777 0.636519 
2.35 0.3 0.189475 0.676544 
2.4 0.3 0.16918 0.715617 
2.45 0.3 0.142483 0.751872 
2.5 0.3 0.110256 0.783105 
2.55 0.3 0.0736499 0.806998 
2.6 0.3 0.0340666 0.821491 
2.65 0.3 -0.00690684 0.825204 
2.7 0.3 -0.0475919 0.817768 
2.75 0.3 -0.0863286 0.799915 
2.8 0.3 -0.121583 0.773298 
2.85 0.3 -0.15203 0.740112 
2.9 0.3 -0.176611 0.702672 
2.95 0.3 -0.194549 0.663085 
3 0.3 -0.205344 0.623084 
3.05 0.3 -0.208753 0.584003 
3.1 0.3 -0.204768 0.546849 
3.15 0.3 -0.193599 0.512415 
3.2 0.3 -0.175662 0.481381 
3.25 0.3 -0.151574 0.454383 
3.3 0.3 -0.122153 0.432041 
3.35 0.3 -0.0884058 0.414946 
3.4 0.3 -0.0515081 0.40361 
3.45 0.3 -0.0127666 0.398412 
3.5 0.3 0.0264304 0.399534 
3.55 0.3 0.0646739 0.406937 
3.6 0.3 0.100597 0.420368 
3.65 0.3 0.132933 0.439395 
3.7 0.3 0.160562 0.463473 
3.75 0.3 0.182539 0.491997 
3.8 0.3 0.198117 0.52434 
3.85 0.3 0.206746 0.559855 
3.9 0.3 0.208083 0.597827 
3.95 0.3 0.201996 0.637397 
4 0.3 0.188576 0.677443 
4.05 0.3 0.168157 0.71649 
4.1 0.3 0.141341 0.752652 
4.15 0.3 0.109013 0.783717 
4.2 0.3 0.0723354 0.807365 
4.25 0.3 0.0327236 0.82155 
4.3 0.3 -0.00822592 0.824921 
4.35 0.3 -0.048828 0.817146 
4.4 0.3 -0.0874203 0.798993 
4.45 0.3 -0.12247 0.77214 
4.5 0.3 -0.152658 0.738792 
4.55 0.3 -0.176932 0.701263 
4.6 0.3 -0.194525 0.66165 
4.65 0.3 -0.204949 0.621672 
4.7 0.3 -0.207974 0.582651 
4.75 0.3 -0.203606 0.545587 
4.8 0.3 -0.192068 0.511266 
4.85 0.3 -0.173782 0.480365 
4.9 0.3 -0.149367 0.453523 
4.95 0.3 -0.119621 0.431371 
5 0.3 -0.0855073 0.414534 
0 0.35 -0.138951 0.385787 
0.05 0.35 -0.0994622 0.366993 
0.1 0.35 -0.0562783 0.354557 
0.15 0.35 -0.0109818 0.349037 
0.2 0.35 0.0347582 0.350688 
0.25 0.35 0.0792629 0.35943 
0.3 0.35 0.12092 0.374873 
0.35 0.35 0.158251 0.396391 
0.4 0.35 0.189963 0.423224 
0.45 0.35 0.214984 0.454573 
0.5 0.35 0.232476 0.489663 
0.55 0.35 0.241841 0.527746 
0.6 0.35 0.242724 0.568056 
0.65 0.35 0.235014 0.609704 
0.7 0.35 0.218858 0.651555 
0.75 0.35 0.194677 0.692113 
0.8 0.35 0.163195 0.729473 
0.85 0.35 0.125448 0.761397 
0.9 0.35 0.0827829 0.785556 
0.95 0.35 0.0368166 0.799902 
1 0.35 -0.0106354 0.803101 
1.05 0.35 -0.0576638 0.794841 
1.1 0.35 -0.102386 0.775913 
1.15 0.35 -0.143063 0.748016 
1.2 0.35 -0.178189 0.713375 
1.25 0.35 -0.206552 0.674319 
1.3 0.35 -0.227253 0.632956 
1.35 0.35 -0.239704 0.59101 
1.4 0.35 -0.243604 0.549804 
1.45 0.35 -0.238924 0.510346 
1.5 0.35 -0.225881 0.473453 
1.55 0.35 -0.204939 0.439871 
1.6 0.35 -0.1768 0.410355 
1.65 0.35 -0.142409 0.385691 
1.7 0.35 -0.102938 0.366667 
1.75 0.35 -0.0597664 0.353991 
1.8 0.35 -0.0144336 0.348194 
1.85 0.35 0.0314202 0.349534 
1.9 0.35 0.0761302 0.357951 
1.95 0.35 0.118085 0.37308 
2 0.35 0.155797 0.394314 
2.05 0.35 0.187958 0.420904 
2.1 0.35 0.213478 0.452056 
2.15 0.35 0.231501 0.486994 
2.2 0.35 0.241412 0.524972 
2.25 0.35 0.242838 0.565225 
2.3 0.35 0.235654 0.606874 
2.35 0.35 0.21999 0.6488 
2.4 0.35 0.196255 0.689527 
2.45 0.35 0.165157 0.727168 
2.5 0.35 0.127718 0.759495 
2.55 0.35 0.0852728 0.784167 
2.6 0.35 0.0394307 0.799109 
2.65 0.35 -0.00799553 0.802934 
2.7 0.35 -0.055093 0.795269 
2.75 0.35 -0.099969 0.776851 
2.8 0.35 -0.140868 0.749344 
2.85 0.35 -0.176268 0.714959 
2.9 0.35 -0.204934 0.676035 
2.95 0.35 -0.225951 0.634705 
3 0.35 -0.238713 0.592718 
3.05 0.35 -0.242909 0.551424 
3.1 0.35 -0.238497 0.51185 
3.15 0.35 -0.225692 0.474829 
3.2 0.35 -0.204951 0.441114 
3.25 0.35 -0.176978 0.411466 
3.3 0.35 -0.142715 0.386674 
3.35 0.35 -0.103339 0.36753 
3.4 0.35 -0.0602307 0.354746 
3.45 0.35 -0.0149362 0.348857 
3.5 0.35 0.0308989 0.350125 
3.55 0.35 0.0756027 0.358495 
3.6 0.35 0.117556 0.373602 
3.65 0.35 0.155264 0.39484 
3.7 0.35 0.187411 0.421458 
3.75 0.35 0.2129 0.452658 
3.8 0.35 0.230871 0.48766 
3.85 0.35 0.240706 0.52571 
3.9 0.35 0.242032 0.566033 
3.95 0.35 0.234727 0.607738 
4 0.35 0.218928 0.649687 
4.05 0.35 0.195051 0.690388 
4.1 0.35 0.163818 0.727934 
4.15 0.35 0.126265 0.760088 
4.2 0.35 0.08374 0.784507 
4.25 0.35 0.0378673 0.799131 
4.3 0.35 -0.00952893 0.8026 
4.35 0.35 -0.0565278 0.794579 
4.4 0.35 -0.101233 0.775841 
4.45 0.35 -0.141889 0.748074 
4.5 0.35 -0.176977 0.713501 
4.55 0.35 -0.20527 0.67446 
4.6 0.35 -0.225861 0.633071 
4.65 0.35 -0.238154 0.591074 
4.7 0.35 -0.241851 0.549806 
4.75 0.35 -0.236923 0.510291 
4.8 0.35 -0.223597 0.473363 
4.85 0.35 -0.202345 0.439783 
4.9 0.35 -0.173879 0.410322 
4.95 0.35 -0.139146 0.385787 
5 0.35 -0.0993218 0.366993 
0 0.4 -0.153791 0.352826 
0.05 0.4 -0.109974 0.332042 
0.1 0.4 -0.0620531 0.31821 
0.15 0.4 -0.0117721 0.312072 
0.2 0.4 0.0390072 0.313975 
0.25 0.4 0.0883989 0.323808 
0.3 0.4 0.134588 0.34103 
0.35 0.4 0.175915 0.36478 
0.4 0.4 0.210937 0.394036 
0.45 0.4 0.238467 0.427753 
0.5 0.4 0.257593 0.464965 
0.55 0.4 0.26768 0.504803 
0.6 0.4 0.268366 0.546442 
0.65 0.4 0.259565 0.588986 
0.7 0.4 0.241474 0.631333 
0.75 0.4 0.214593 0.672047 
0.8 0.4 0.179742 0.709306 
0.85 0.4 0.138074 0.740981 
0.9 0.4 0.0910701 0.764857 
0.95 0.4 0.040491 0.779001 
1 0.4 -0.0116949 0.782152 
1.05 0.4 -0.0634226 0.774017 
1.1 0.4 -0.112655 0.755342 
1.15 0.4 -0.157503 0.727731 
1.2 0.4 -0.19632 0.69329 
1.25 0.4 -0.227768 0.654234 
1.3 0.4 -0.250837 0.612575 
1.35 0.4 -0.26485 0.569961 
1.4 0.4 -0.269442 0.527668 
1.45 0.4 -0.264538 0.486686 
1.5 0.4 -0.250347 0.44786 
1.55 0.4 -0.227347 0.412022 
1.6 0.4 -0.196294 0.38008 
1.65 0.4 -0.158222 0.353039 
1.7 0.4 -0.114432 0.331949 
1.75 0.4 -0.0664657 0.317778 
1.8 0.4 -0.0160584 0.311263 
1.85 0.4 0.034938 0.312767 
1.9 0.4 0.0846415 0.322206 
1.95 0.4 0.131233 0.339067 
2 0.4 0.173042 0.36251 
2.05 0.4 0.208609 0.391521 
2.1 0.4 0.236729 0.425055 
2.15 0.4 0.256471 0.462141 
2.2 0.4 0.26718 0.501902 
2.25 0.4 0.268479 0.543514 
2.3 0.4 0.260265 0.586088 
2.35 0.4 0.242722 0.628534 
2.4 0.4 0.216332 0.669435 
2.45 0.4 0.181901 0.706987 
2.5 0.4 0.14057 0.739067 
2.55 0.4 0.0938056 0.763455 
2.6 0.4 0.0433618 0.778185 
2.65 0.4 -0.00879541 0.781949 
2.7 0.4 -0.0605969 0.774397 
2.75 0.4 -0.109994 0.756222 
2.8 0.4 -0.155082 0.728996 
2.85 0.4 -0.194194 0.694812 
2.9 0.4 -0.225971 0.655894 
2.95 0.4 -0.249384 0.614275 
3 0.4 -0.263738 0.571631 
3.05 0.4 -0.268654 0.52926 
3.1 0.4 -0.264048 0.488172 
3.15 0.4 -0.250119 0.449226 
3.2 0.4 -0.227345 0.41326 
3.25 0.4 -0.196478 0.381188 
3.3 0.4 -0.158552 0.354018 
3.35 0.4 -0.11487 0.332803 
3.4 0.4 -0.0669793 0.318516 
3.45 0.4 -0.0166182 0.311899 
3.5 0.4 0.034354 0.313321 
3.55 0.4 0.0840478 0.322703 
3.6 0.4 0.130636 0.339535 
3.65 0.4 0.172438 0.362978 
3.7 0.4 0.207988 0.392014 
3.75 0.4 0.236072 0.425596 
3.8 0.4 0.255755 0.462745 
3.85 0.4 0.266381 0.502579 
3.9 0.4 0.26757 0.544261 
3.95 0.4 0.259225 0.586889 
4 0.4 0.241533 0.629358 
4.05 0.4 0.21499 0.670231 
4.1 0.4 0.180413 0.70769 
4.15 0.4 0.138958 0.739599 
4.2 0.4 0.0921078 0.763736 
4.25 0.4 0.0416321 0.778151 
4.3 0.4 -0.0104906 0.78156 
4.35 0.4 -0.0621817 0.773649 
4.4 0.4 -0.111388 0.755145 
4.45 0.4 -0.156201 0.727641 
4.5 0.4 -0.19496 0.693243 
4.55 0.4 -0.226308 0.654174 
4.6 0.4 -0.249223 0.612456 
4.65 0.4 -0.26302 0.569754 
4.7 0.4 -0.26733 0.527361 
4.75 0.4 -0.262082 0.486287 
4.8 0.4 -0.247492 0.447399 
4.85 0.4 -0.224052 0.411555 
4.9 0.4 -0.192539 0.379687 
4.95 0.4 -0.154014 0.352826 
5 0.4 -0.109814 0.332042 
0 0.45 -0.163204 0.328523 
0.05 0.45 -0.116617 0.305683 
0.1 0.45 -0.0656427 0.29039 
0.15 0.45 -0.0121344 0.283609 
0.2 0.45 0.041908 0.285794 
0.25 0.45 0.0944493 0.296793 
0.3 0.45 0.143531 0.315882 
0.35 0.45 0.187365 0.341922 
0.4 0.45 0.224412 0.373576 
0.45 0.45 0.253417 0.409512 
0.5 0.45 0.273431 0.448538 
0.55 0.45 0.28381 0.489639 
0.6 0.45 0.28421 0.531923 
0.65 0.45 0.27458 0.5745 
0.7 0.45 0.25517 0.616329 
0.75 0.45 0.226541 0.65609 
0.8 0.45 0.189586 0.692134 
0.85 0.45 0.145535 0.72254 
0.9 0.45 0.0959418 0.74533 
0.95 0.45 0.0426451 0.75878 
1 0.45 -0.0123142 0.761774 
1.05 0.45 -0.0667996 0.75405 
1.1 0.45 -0.118702 0.736269 
1.15 0.45 -0.166056 0.709856 
1.2 0.45 -0.207142 0.676692 
1.25 0.45 -0.240542 0.638762 
1.3 0.45 -0.265174 0.597882 
1.35 0.45 -0.280291 0.555554 
1.4 0.45 -0.285466 0.51296 
1.45 0.45 -0.280581 0.471052 
1.5 0.45 -0.265812 0.430703 
1.55 0.45 -0.241632 0.392846 
1.6 0.45 -0.208815 0.35857 
1.65 0.45 -0.168443 0.329141 
1.7 0.45 -0.121897 0.305916 
1.75 0.45 -0.0708317 0.290175 
1.8 0.45 -0.0171204 0.2829 
1.85 0.45 0.0372299 0.284577 
1.9 0.45 0.0901782 0.295095 
1.95 0.45 0.139756 0.313766 
2 0.45 0.184161 0.339471 
2.05 0.45 0.221835 0.37088 
2.1 0.45 0.251503 0.406653 
2.15 0.45 0.272198 0.445586 
2.2 0.45 0.283257 0.486651 
2.25 0.45 0.284319 0.52895 
2.3 0.45 0.275318 0.571594 
2.35 0.45 0.256488 0.613552 
2.4 0.45 0.228378 0.653521 
2.45 0.45 0.191864 0.689865 
2.5 0.45 0.148163 0.720672 
2.55 0.45 0.0988192 0.743954 
2.6 0.45 0.0456629 0.757962 
2.65 0.45 -0.00926664 0.761533 
2.7 0.45 -0.0638279 0.754357 
2.75 0.45 -0.1159 0.73705 
2.8 0.45 -0.163503 0.711006 
2.85 0.45 -0.204894 0.678093 
2.9 0.45 -0.238636 0.640305 
2.95 0.45 -0.263627 0.599478 
3 0.45 -0.2791 0.557135 
3.05 0.45 -0.284616 0.514481 
3.1 0.45 -0.280045 0.472485 
3.15 0.45 -0.265556 0.432031 
3.2 0.45 -0.241617 0.394057 
3.25 0.45 -0.209 0.359658 
3.3 0.45 -0.168786 0.330101 
3.35 0.45 -0.122359 0.306748 
3.4 0.45 -0.0713771 0.290883 
3.45 0.45 -0.0177181 0.283496 
3.5 0.45 0.0366039 0.285081 
3.55 0.45 0.0895395 0.295531 
3.6 0.45 0.139111 0.314164 
3.65 0.45 0.183508 0.339862 
3.7 0.45 0.221162 0.371292 
3.75 0.45 0.250793 0.40711 
3.8 0.45 0.271425 0.446103 
3.85 0.45 0.282396 0.487237 
3.9 0.45 0.283343 0.529602 
3.95 0.45 0.274203 0.572296 
4 0.45 0.255219 0.614272 
4.05 0.45 0.226948 0.654213 
4.1 0.45 0.190281 0.690466 
4.15 0.45 0.146451 0.721108 
4.2 0.45 0.0970187 0.74415 
4.25 0.45 0.0438295 0.757855 
4.3 0.45 -0.0110632 0.761085 
4.35 0.45 -0.0655073 0.753558 
4.4 0.45 -0.117375 0.735919 
4.45 0.45 -0.164684 0.709583 
4.5 0.45 -0.205692 0.67643 
4.55 0.45 -0.238965 0.638452 
4.6 0.45 -0.263403 0.597476 
4.65 0.45 -0.27825 0.555019 
4.7 0.45 -0.283073 0.512282 
4.75 0.45 -0.277756 0.470241 
4.8 0.45 -0.262486 0.429797 
4.85 0.45 -0.237753 0.391917 
4.9 0.45 -0.204363 0.357726 
4.95 0.45 -0.163444 0.328523 
5 0.45 -0.116445 0.305683 
0 0.5 -0.166701 0.309139 
0.05 0.5 -0.119055 0.284287 
0.1 0.5 -0.0668787 0.267555 
0.15 0.5 -0.0120802 0.260145 
0.2 0.5 0.0432676 0.262624 
0.25 0.5 0.0970489 0.274792 
0.3 0.5 0.147228 0.295733 
0.35 0.5 0.191955 0.32401 
0.4 0.5 0.229648 0.357957 
0.45 0.5 0.259032 0.395938 
0.5 0.5 0.279162 0.43652 
0.55 0.5 0.289416 0.478533 
0.6 0.5 0.28948 0.521009 
0.65 0.5 0.279349 0.563059 
0.7 0.5 0.259317 0.603718 
0.75 0.5 0.229993 0.641818 
0.8 0.5 0.192306 0.675929 
0.85 0.5 0.147518 0.704415 
0.9 0.5 0.0971991 0.725602 
0.95 0.5 0.0431921 0.738045 
1 0.5 -0.0124688 0.740809 
1.05 0.5 -0.0676582 0.733678 
1.1 0.5 -0.120277 0.717203 
1.15 0.5 -0.168363 0.692575 
1.2 0.5 -0.210185 0.661377 
1.25 0.5 -0.244303 0.625294 
1.3 0.5 -0.2696 0.585882 
1.35 0.5 -0.285284 0.544453 
1.4 0.5 -0.290883 0.502071 
1.45 0.5 -0.286232 0.459645 
1.5 0.5 -0.271466 0.41808 
1.55 0.5 -0.247028 0.378421 
1.6 0.5 -0.213678 0.341954 
1.65 0.5 -0.172502 0.310219 
1.7 0.5 -0.124913 0.2849 
1.75 0.5 -0.0726163 0.267602 
1.8 0.5 -0.0175587 0.259569 
1.85 0.5 0.0381664 0.26142 
1.9 0.5 0.0924278 0.273012 
1.95 0.5 0.143174 0.29347 
2 0.5 0.188538 0.321383 
2.05 0.5 0.226917 0.355087 
2.1 0.5 0.257015 0.39293 
2.15 0.5 0.277867 0.433459 
2.2 0.5 0.288833 0.475484 
2.25 0.5 0.289584 0.518023 
2.3 0.5 0.280099 0.560183 
2.35 0.5 0.26066 0.601006 
2.4 0.5 0.231859 0.639336 
2.45 0.5 0.194617 0.673754 
2.5 0.5 0.15018 0.702629 
2.55 0.5 0.100109 0.72428 
2.6 0.5 0.0462416 0.737237 
2.65 0.5 -0.0093901 0.74053 
2.7 0.5 -0.0646553 0.7339 
2.75 0.5 -0.117443 0.71786 
2.8 0.5 -0.165776 0.693577 
2.85 0.5 -0.207903 0.662622 
2.9 0.5 -0.242363 0.626685 
2.95 0.5 -0.268019 0.58734 
3 0.5 -0.284063 0.545916 
3.05 0.5 -0.290007 0.503496 
3.1 0.5 -0.285675 0.461004 
3.15 0.5 -0.271195 0.419353 
3.2 0.5 -0.247004 0.379592 
3.25 0.5 -0.21386 0.343011 
3.3 0.5 -0.172849 0.311153 
3.35 0.5 -0.125383 0.285704 
3.4 0.5 -0.0731745 0.268276 
3.45 0.5 -0.0181727 0.26012 
3.5 0.5 0.0375214 0.261867 
3.55 0.5 0.0917685 0.27338 
3.6 0.5 0.142508 0.293791 
3.65 0.5 0.187863 0.32169 
3.7 0.5 0.226221 0.355409 
3.75 0.5 0.25628 0.393291 
3.8 0.5 0.27707 0.433876 
3.85 0.5 0.287945 0.475963 
3.9 0.5 0.28858 0.51856 
3.95 0.5 0.278955 0.560763 
4 0.5 0.259359 0.601599 
4.05 0.5 0.230398 0.639897 
4.1 0.5 0.193002 0.674226 
4.15 0.5 0.148434 0.702945 
4.2 0.5 0.0982737 0.724372 
4.25 0.5 0.044372 0.737046 
4.3 0.5 -0.0112232 0.740017 
4.35 0.5 -0.0663704 0.73305 
4.4 0.5 -0.118951 0.716682 
4.45 0.5 -0.166982 0.692096 
4.5 0.5 -0.208712 0.660874 
4.55 0.5 -0.24268 0.624705 
4.6 0.5 -0.267752 0.585157 
4.65 0.5 -0.283124 0.543555 
4.7 0.5 -0.288318 0.500983 
4.75 0.5 -0.283167 0.458378 
4.8 0.5 -0.267821 0.41668 
4.85 0.5 -0.242745 0.376977 
4.9 0.5 -0.208739 0.340603 
4.95 0.5 -0.166949 0.309139 
5 0.5 -0.118877 0.284287 
0 0.55 -0.164067 0.291565 
0.05 0.55 -0.117137 0.264981 
0.1 0.55 -0.0656936 0.247003 
0.15 0.55 -0.0116324 0.239054 
0.2 0.55 0.0429727 0.241804 
0.25 0.55 0.096001 0.25501 
0.3 0.55 0.145414 0.27757 
0.35 0.55 0.18937 0.307779 
0.4 0.55 0.226303 0.343665 
0.45 0.55 0.25497 0.383314 
0.5 0.55 0.274465 0.425073 
0.55 0.55 0.284208 0.467621 
0.6 0.55 0.283937 0.509914 
0.65 0.55 0.273685 0.551061 
0.7 0.55 0.253783 0.59017 
0.75 0.55 0.224861 0.626232 
0.8 0.55 0.187853 0.658055 
0.85 0.55 0.144001 0.684311 
0.9 0.55 0.0948339 0.703659 
0.95 0.55 0.0421298 0.714953 
1 0.55 -0.0121584 0.717456 
1.05 0.55 -0.0659952 0.711 
1.1 0.55 -0.117368 0.696016 
1.15 0.55 -0.164391 0.673445 
1.2 0.55 -0.205386 0.644546 
1.25 0.55 -0.238945 0.610676 
1.3 0.55 -0.263959 0.573112 
1.35 0.55 -0.279623 0.532959 
1.4 0.55 -0.285436 0.491162 
1.45 0.55 -0.281193 0.448592 
1.5 0.55 -0.266984 0.406188 
1.55 0.55 -0.243203 0.365106 
1.6 0.55 -0.210568 0.326817 
1.65 0.55 -0.170129 0.293114 
1.7 0.55 -0.123272 0.265979 
1.75 0.55 -0.0716943 0.24732 
1.8 0.55 -0.017342 0.238621 
1.85 0.55 0.0376817 0.240624 
1.9 0.55 0.091234 0.253158 
1.95 0.55 0.141257 0.275175 
2 0.55 0.185885 0.304993 
2.05 0.55 0.223533 0.340639 
2.1 0.55 0.252934 0.380177 
2.15 0.55 0.273162 0.421924 
2.2 0.55 0.283623 0.464532 
2.25 0.55 0.284036 0.506937 
2.3 0.55 0.274423 0.548239 
2.35 0.55 0.255102 0.587549 
2.4 0.55 0.226691 0.623862 
2.45 0.55 0.190112 0.655997 
2.5 0.55 0.146598 0.682627 
2.55 0.55 0.0976687 0.702405 
2.6 0.55 0.0450968 0.714164 
2.65 0.55 -0.00916484 0.717142 
2.7 0.55 -0.0630753 0.711134 
2.75 0.55 -0.114612 0.696542 
2.8 0.55 -0.161872 0.674288 
2.85 0.55 -0.20316 0.645621 
2.9 0.55 -0.237049 0.611901 
2.95 0.55 -0.26241 0.574418 
3 0.55 -0.278422 0.534292 
3.05 0.55 -0.284571 0.49248 
3.1 0.55 -0.28064 0.449866 
3.15 0.55 -0.266712 0.407396 
3.2 0.55 -0.243175 0.366228 
3.25 0.55 -0.210744 0.327837 
3.3 0.55 -0.170468 0.294015 
3.35 0.55 -0.123736 0.26675 
3.4 0.55 -0.0722456 0.247955 
3.45 0.55 -0.0179496 0.239125 
3.5 0.55 0.0370426 0.241014 
3.55 0.55 0.0905803 0.253459 
3.6 0.55 0.140596 0.27542 
3.65 0.55 0.185216 0.305216 
3.7 0.55 0.222844 0.340871 
3.75 0.55 0.252208 0.380442 
3.8 0.55 0.272375 0.422238 
3.85 0.55 0.282748 0.4649 
3.9 0.55 0.283047 0.507354 
3.95 0.55 0.273297 0.548689 
4 0.55 0.253824 0.588004 
4.05 0.55 0.225255 0.624281 
4.1 0.55 0.188527 0.656329 
4.15 0.55 0.144885 0.682812 
4.2 0.55 0.0958667 0.702382 
4.25 0.55 0.04326 0.713882 
4.3 0.55 -0.0109682 0.71656 
4.35 0.55 -0.0647655 0.710231 
4.4 0.55 -0.1161 0.695317 
4.45 0.55 -0.163064 0.672752 
4.5 0.55 -0.203959 0.643793 
4.55 0.55 -0.237356 0.6098 
4.6 0.55 -0.262126 0.572059 
4.65 0.55 -0.277453 0.53169 
4.7 0.55 -0.282827 0.489658 
4.75 0.55 -0.278045 0.446864 
4.8 0.55 -0.263209 0.404289 
4.85 0.55 -0.238741 0.363143 
4.9 0.55 -0.205403 0.324954 
4.95 0.55 -0.164313 0.291565 
5 0.55 -0.116961 0.264981 
0 0.6 -0.155365 0.273386 
0.05 0.6 -0.11091 0.245659 
0.1 0.6 -0.0621228 0.226849 
0.15 0.6 -0.0108214 0.218548 
0.2 0.6 0.0409976 0.221504 
0.25 0.6 0.0912894 0.235437 
0.3 0.6 0.138093 0.259106 
0.35 0.6 0.179642 0.290596 
0.4 0.6 0.214451 0.327705 
0.45 0.6 0.241353 0.368311 
0.5 0.6 0.259513 0.410594 
0.55 0.6 0.268419 0.453115 
0.6 0.6 0.267856 0.494769 
0.65 0.6 0.2579 0.534659 
0.7 0.6 0.238896 0.571961 
0.75 0.6 0.211469 0.605807 
0.8 0.6 0.17652 0.635234 
0.85 0.6 0.135223 0.659201 
0.9 0.6 0.0890106 0.676686 
0.95 0.6 0.039533 0.686824 
1 0.6 -0.0114053 0.689067 
1.05 0.6 -0.0619274 0.683286 
1.1 0.6 -0.110177 0.669805 
1.15 0.6 -0.154407 0.649328 
1.2 0.6 -0.193057 0.622807 
1.25 0.6 -0.2248 0.591287 
1.3 0.6 -0.248578 0.55578 
1.35 0.6 -0.263609 0.517202 
1.4 0.6 -0.269386 0.476388 
1.45 0.6 -0.265676 0.434176 
1.5 0.6 -0.252524 0.391538 
1.55 0.6 -0.230267 0.349717 
1.6 0.6 -0.199553 0.310327 
1.65 0.6 -0.161356 0.275352 
1.7 0.6 -0.116989 0.247 
1.75 0.6 -0.0680692 0.227409 
1.8 0.6 -0.0164703 0.218249 
1.85 0.6 0.0357777 0.220358 
1.9 0.6 0.086604 0.233541 
1.95 0.6 0.134024 0.256616 
2 0.6 0.176248 0.287695 
2.05 0.6 0.211765 0.324571 
2.1 0.6 0.239389 0.365091 
2.15 0.6 0.258263 0.407399 
2.2 0.6 0.26786 0.450022 
2.25 0.6 0.267952 0.491831 
2.3 0.6 0.258601 0.531915 
2.35 0.6 0.240145 0.569447 
2.4 0.6 0.213196 0.603563 
2.45 0.6 0.178646 0.633303 
2.5 0.6 0.137661 0.657628 
2.55 0.6 0.0916668 0.675507 
2.6 0.6 0.0423093 0.686063 
2.65 0.6 -0.00860624 0.688724 
2.7 0.6 -0.059198 0.683339 
2.75 0.6 -0.1076 0.670207 
2.8 0.6 -0.15205 0.650018 
2.85 0.6 -0.190972 0.623716 
2.9 0.6 -0.223021 0.592348 
2.95 0.6 -0.247123 0.556935 
3 0.6 -0.262479 0.518402 
3.05 0.6 -0.268571 0.477595 
3.1 0.6 -0.265154 0.43536 
3.15 0.6 -0.252267 0.392673 
3.2 0.6 -0.23024 0.350782 
3.25 0.6 -0.199719 0.311299 
3.3 0.6 -0.161678 0.276212 
3.35 0.6 -0.117429 0.247731 
3.4 0.6 -0.0685937 0.228002 
3.45 0.6 -0.0170486 0.218706 
3.5 0.6 0.0351695 0.220693 
3.55 0.6 0.0859824 0.233779 
3.6 0.6 0.133396 0.256791 
3.65 0.6 0.175613 0.287841 
3.7 0.6 0.211113 0.32472 
3.75 0.6 0.238702 0.365266 
3.8 0.6 0.25752 0.407615 
3.85 0.6 0.267035 0.450284 
3.9 0.6 0.26702 0.492132 
3.95 0.6 0.257541 0.532239 
4 0.6 0.238941 0.569768 
4.05 0.6 0.211844 0.603843 
4.1 0.6 0.177152 0.633497 
4.15 0.6 0.136046 0.657683 
4.2 0.6 0.0899658 0.675371 
4.25 0.6 0.0405727 0.685688 
4.3 0.6 -0.010315 0.688072 
4.35 0.6 -0.0608039 0.682385 
4.4 0.6 -0.109019 0.668939 
4.45 0.6 -0.153192 0.648433 
4.5 0.6 -0.19174 0.621817 
4.55 0.6 -0.223318 0.59014 
4.6 0.6 -0.24685 0.554421 
4.65 0.6 -0.261539 0.51559 
4.7 0.6 -0.266871 0.474503 
4.75 0.6 -0.262614 0.432031 
4.8 0.6 -0.248826 0.389192 
4.85 0.6 -0.225872 0.347291 
4.9 0.6 -0.194447 0.308009 
4.95 0.6 -0.1556 0.273386 
5 0.6 -0.110743 0.245659 
0 0.65 -0.140968 0.252813 
0.05 0.65 -0.100634 0.224852 
0.1 0.65 -0.0563163 0.205847 
0.15 0.65 -0.00968614 0.197478 
0.2 0.65 0.0374148 0.20053 
0.25 0.65 0.0830993 0.214702 
0.3 0.65 0.125561 0.238678 
0.35 0.65 0.163182 0.270433 
0.4 0.65 0.19461 0.307652 
0.45 0.65 0.218799 0.348107 
0.5 0.65 0.235012 0.389896 
0.55 0.65 0.242815 0.431524 
0.6 0.65 0.242048 0.471851 
0.65 0.65 0.23281 0.509988 
0.7 0.65 0.215447 0.545167 
0.75 0.65 0.190544 0.576642 
0.8 0.65 0.158932 0.603641 
0.85 0.65 0.121676 0.625368 
0.9 0.65 0.0800581 0.641066 
0.95 0.65 0.035549 0.65011 
1 0.65 -0.0102524 0.652106 
1.05 0.65 -0.0556858 0.646964 
1.1 0.65 -0.0991081 0.634912 
1.15 0.65 -0.138969 0.616458 
1.2 0.65 -0.173872 0.592295 
1.25 0.65 -0.202626 0.563205 
1.3 0.65 -0.224265 0.529978 
1.35 0.65 -0.238061 0.493367 
1.4 0.65 -0.24353 0.454117 
1.45 0.65 -0.240428 0.413033 
1.5 0.65 -0.228761 0.371101 
1.55 0.65 -0.208802 0.329608 
1.6 0.65 -0.18111 0.290242 
1.65 0.65 -0.146555 0.25508 
1.7 0.65 -0.106321 0.226447 
1.75 0.65 -0.0618878 0.206595 
1.8 0.65 -0.0149785 0.197295 
1.85 0.65 0.032531 0.199435 
1.9 0.65 0.0787263 0.212809 
1.95 0.65 0.121776 0.236164 
2 0.65 0.160036 0.2675 
2.05 0.65 0.192132 0.304494 
2.1 0.65 0.216995 0.344883 
2.15 0.65 0.233872 0.386725 
2.2 0.65 0.242311 0.428485 
2.25 0.65 0.242142 0.468997 
2.3 0.65 0.233453 0.507356 
2.35 0.65 0.216582 0.542785 
2.4 0.65 0.192108 0.57454 
2.45 0.65 0.160851 0.601847 
2.5 0.65 0.12387 0.623911 
2.55 0.65 0.0824433 0.639969 
2.6 0.65 0.0380382 0.649383 
2.65 0.65 -0.00774537 0.651747 
2.7 0.65 -0.0532425 0.64695 
2.75 0.65 -0.0968011 0.635208 
2.8 0.65 -0.136858 0.617013 
2.85 0.65 -0.172005 0.593055 
2.9 0.65 -0.201032 0.564116 
2.95 0.65 -0.22296 0.53099 
3 0.65 -0.237048 0.494438 
3.05 0.65 -0.242799 0.455211 
3.1 0.65 -0.23996 0.414121 
3.15 0.65 -0.228531 0.372154 
3.2 0.65 -0.20878 0.330603 
3.25 0.65 -0.181264 0.291154 
3.3 0.65 -0.14685 0.255887 
3.35 0.65 -0.106724 0.227129 
3.4 0.65 -0.0623665 0.207141 
3.45 0.65 -0.0155057 0.197704 
3.5 0.65 0.0319777 0.199719 
3.55 0.65 0.078162 0.212992 
3.6 0.65 0.121207 0.236278 
3.65 0.65 0.159463 0.267581 
3.7 0.65 0.191545 0.304571 
3.75 0.65 0.216378 0.344981 
3.8 0.65 0.233204 0.386857 
3.85 0.65 0.24157 0.428654 
3.9 0.65 0.241305 0.469196 
3.95 0.65 0.232501 0.507568 
4 0.65 0.2155 0.542986 
4.05 0.65 0.190891 0.574695 
4.1 0.65 0.159504 0.601917 
4.15 0.65 0.122412 0.623851 
4.2 0.65 0.0809055 0.639732 
4.25 0.65 0.0364645 0.648927 
4.3 0.65 -0.00929835 0.651035 
4.35 0.65 -0.0547074 0.645955 
4.4 0.65 -0.0981017 0.633908 
4.45 0.65 -0.137911 0.615396 
4.5 0.65 -0.172722 0.591112 
4.55 0.65 -0.20132 0.56184 
4.6 0.65 -0.222724 0.528376 
4.65 0.65 -0.236195 0.491487 
4.7 0.65 -0.241238 0.45194 
4.75 0.65 -0.237613 0.410574 
4.8 0.65 -0.225339 0.368425 
4.85 0.65 -0.204715 0.326846 
4.9 0.65 -0.176349 0.287595 
4.95 0.65 -0.141178 0.252813 
5 0.65 -0.100484 0.224852 
0 0.7 -0.121597 0.228604 
0.05 0.7 -0.0868172 0.201584 
0.1 0.7 -0.0485564 0.183204 
0.15 0.7 -0.00827673 0.175127 
0.2 0.7 0.0324082 0.178128 
0.25 0.7 0.0718449 0.191904 
0.3 0.7 0.108454 0.215146 
0.35 0.7 0.140829 0.245842 
0.4 0.7 0.167802 0.281703 
0.45 0.7 0.18848 0.320527 
0.5 0.7 0.20225 0.360435 
0.55 0.7 0.208758 0.399948 
0.6 0.7 0.207896 0.437944 
0.65 0.7 0.199775 0.473562 
0.7 0.7 0.184715 0.506091 
0.75 0.7 0.163237 0.534886 
0.8 0.7 0.136064 0.559325 
0.85 0.7 0.104112 0.578802 
0.9 0.7 0.0684756 0.592762 
0.95 0.7 0.0304002 0.60076 
1 0.7 -0.00876443 0.602523 
1.05 0.7 -0.0476191 0.597985 
1.1 0.7 -0.0847784 0.587307 
1.15 0.7 -0.118931 0.570844 
1.2 0.7 -0.148893 0.549095 
1.25 0.7 -0.173642 0.522641 
1.3 0.7 -0.192344 0.492095 
1.35 0.7 -0.204359 0.458084 
1.4 0.7 -0.209251 0.421273 
1.45 0.7 -0.206784 0.382424 
1.5 0.7 -0.196937 0.342502 
1.55 0.7 -0.179917 0.302782 
1.6 0.7 -0.156186 0.264932 
1.65 0.7 -0.126477 0.231006 
1.7 0.7 -0.0918073 0.203305 
1.75 0.7 -0.0534603 0.184063 
1.8 0.7 -0.0129416 0.175037 
1.85 0.7 0.0281041 0.177114 
1.9 0.7 0.0679968 0.190085 
1.95 0.7 0.105132 0.212707 
2 0.7 0.138077 0.242994 
2.05 0.7 0.165643 0.278642 
2.1 0.7 0.186917 0.317415 
2.15 0.7 0.201268 0.357391 
2.2 0.7 0.208331 0.397051 
2.25 0.7 0.207987 0.435246 
2.3 0.7 0.200338 0.471096 
2.35 0.7 0.185699 0.50388 
2.4 0.7 0.164584 0.532952 
2.45 0.7 0.137711 0.557685 
2.5 0.7 0.10599 0.577473 
2.55 0.7 0.0705128 0.591756 
2.6 0.7 0.0325226 0.600082 
2.65 0.7 -0.0066296 0.602164 
2.7 0.7 -0.0455403 0.597927 
2.75 0.7 -0.0828167 0.587519 
2.8 0.7 -0.117137 0.571287 
2.85 0.7 -0.147306 0.549726 
2.9 0.7 -0.172287 0.523416 
2.95 0.7 -0.191235 0.492973 
3 0.7 -0.203499 0.459028 
3.05 0.7 -0.208631 0.422249 
3.1 0.7 -0.20639 0.383404 
3.15 0.7 -0.196746 0.343459 
3.2 0.7 -0.179905 0.303691 
3.25 0.7 -0.156325 0.265767 
3.3 0.7 -0.126737 0.231745 
3.35 0.7 -0.0921585 0.203926 
3.4 0.7 -0.0538762 0.184553 
3.45 0.7 -0.0133981 0.175395 
3.5 0.7 0.0276265 0.17735 
3.55 0.7 0.0675113 0.190222 
3.6 0.7 0.104645 0.212775 
3.65 0.7 0.137588 0.243025 
3.7 0.7 0.165144 0.278666 
3.75 0.7 0.186394 0.317454 
3.8 0.7 0.200703 0.357456 
3.85 0.7 0.207704 0.397145 
3.9 0.7 0.207277 0.435362 
3.95 0.7 0.199529 0.471217 
4 0.7 0.184777 0.503983 
4.05 0.7 0.163546 0.533007 
4.1 0.7 0.13656 0.557657 
4.15 0.7 0.104741 0.577323 
4.2 0.7 0.0691915 0.591444 
4.25 0.7 0.0311663 0.59957 
4.3 0.7 -0.00797291 0.601417 
4.35 0.7 -0.0468132 0.596916 
4.4 0.7 -0.0839535 0.58622 
4.45 0.7 -0.118066 0.569679 
4.5 0.7 -0.147947 0.547793 
4.55 0.7 -0.17256 0.521144 
4.6 0.7 -0.191054 0.490351 
4.65 0.7 -0.202779 0.456055 
4.7 0.7 -0.207291 0.418942 
4.75 0.7 -0.204356 0.37981 
4.8 0.7 -0.193966 0.339673 
4.85 0.7 -0.176354 0.299871 
4.9 0.7 -0.152024 0.262141 
4.95 0.7 -0.12177 0.228604 
5 0.7 -0.0866927 0.201584 
0 0.75 -0.0983764 0.200032 
0.05 0.75 -0.0702537 0.175278 
0.1 0.75 -0.039281 0.15844 
0.15 0.75 -0.00665958 0.151054 
0.2 0.75 0.0262862 0.153837 
0.25 0.75 0.0582004 0.166503 
0.3 0.75 0.087791 0.187835 
0.35 0.75 0.113912 0.215972 
0.4 0.75 0.135619 0.248792 
0.45 0.75 0.1522 0.284256 
0.5 0.75 0.163174 0.320621 
0.55 0.75 0.168276 0.356507 
0.6 0.75 0.167436 0.390869 
0.65 0.75 0.160763 0.422907 
0.7 0.75 0.148531 0.45198 
0.75 0.75 0.131172 0.477534 
0.8 0.75 0.109275 0.499065 
0.85 0.75 0.0835757 0.516106 
0.9 0.75 0.0549514 0.528251 
0.95 0.75 0.0243924 0.535183 
1 0.75 -0.00702996 0.536709 
1.05 0.75 -0.0382069 0.532784 
1.1 0.75 -0.0680398 0.523519 
1.15 0.75 -0.0954874 0.509164 
1.2 0.75 -0.119605 0.490078 
1.25 0.75 -0.139572 0.466696 
1.3 0.75 -0.154715 0.4395 
1.35 0.75 -0.164509 0.40901 
1.4 0.75 -0.168588 0.375811 
1.45 0.75 -0.166744 0.340602 
1.5 0.75 -0.158942 0.304284 
1.55 0.75 -0.145328 0.268045 
1.6 0.75 -0.126258 0.233439 
1.65 0.75 -0.102311 0.202372 
1.7 0.75 -0.0743048 0.176975 
1.75 0.75 -0.0432842 0.159318 
1.8 0.75 -0.0104798 0.151032 
1.85 0.75 0.0227578 0.152938 
1.9 0.75 0.055048 0.164844 
1.95 0.75 0.0850747 0.185594 
2 0.75 0.111669 0.213349 
2.05 0.75 0.133867 0.245975 
2.1 0.75 0.150939 0.281398 
2.15 0.75 0.162389 0.317833 
2.2 0.75 0.167942 0.353866 
2.25 0.75 0.16752 0.388421 
2.3 0.75 0.161228 0.420682 
2.35 0.75 0.149333 0.449998 
2.4 0.75 0.132263 0.47581 
2.45 0.75 0.110602 0.497609 
2.5 0.75 0.0850847 0.514929 
2.55 0.75 0.0565843 0.527357 
2.6 0.75 0.0260904 0.534571 
2.65 0.75 -0.0053246 0.53637 
2.7 0.75 -0.0365482 0.532701 
2.75 0.75 -0.0664761 0.523667 
2.8 0.75 -0.0940586 0.509513 
2.85 0.75 -0.118341 0.490595 
2.9 0.75 -0.138495 0.467344 
2.95 0.75 -0.153835 0.440245 
3 0.75 -0.163828 0.409821 
3.05 0.75 -0.168099 0.376658 
3.1 0.75 -0.166436 0.341458 
3.15 0.75 -0.158797 0.305124 
3.2 0.75 -0.145326 0.268846 
3.25 0.75 -0.126376 0.234176 
3.3 0.75 -0.102526 0.203023 
3.35 0.75 -0.074593 0.17752 
3.4 0.75 -0.0436234 0.159745 
3.45 0.75 -0.0108504 0.151337 
3.5 0.75 0.0223719 0.15313 
3.55 0.75 0.0546578 0.164944 
3.6 0.75 0.0846854 0.185629 
3.65 0.75 0.11128 0.213348 
3.7 0.75 0.133472 0.245964 
3.75 0.75 0.150526 0.281397 
3.8 0.75 0.161943 0.317852 
3.85 0.75 0.167447 0.353906 
3.9 0.75 0.166959 0.388475 
3.95 0.75 0.160586 0.420736 
4 0.75 0.1486 0.450031 
4.05 0.75 0.131434 0.475794 
4.1 0.75 0.109681 0.497516 
4.15 0.75 0.084082 0.514724 
4.2 0.75 0.0555201 0.527007 
4.25 0.75 0.0249939 0.534042 
4.3 0.75 -0.00641537 0.535631 
4.35 0.75 -0.0375874 0.531723 
4.4 0.75 -0.0674107 0.522425 
4.45 0.75 -0.0948297 0.507985 
4.5 0.75 -0.118885 0.488759 
4.55 0.75 -0.138743 0.465186 
4.6 0.75 -0.153716 0.437751 
4.65 0.75 -0.163271 0.40699 
4.7 0.75 -0.167035 0.373506 
4.75 0.75 -0.164804 0.338034 
4.8 0.75 -0.156552 0.301519 
4.85 0.75 -0.14245 0.265212 
4.9 0.75 -0.122889 0.230729 
4.95 0.75 -0.0985008 0.200032 
5 0.75 -0.0701642 0.175278 
0 0.8 -0.072896 0.166885 
0.05 0.8 -0.0520679 0.145698 
0.1 0.8 -0.0291091 0.131298 
0.15 0.8 -0.00492447 0.124993 
0.2 0.8 0.0194939 0.127391 
0.25 0.8 0.043131 0.138247 
0.3 0.8 0.0650208 0.156517 
0.35 0.8 0.0843101 0.18061 
0.4 0.8 0.100302 0.208706 
0.45 0.8 0.112477 0.239054 
0.5 0.8 0.120489 0.270148 
0.55 0.8 0.124156 0.300793 
0.6 0.8 0.123442 0.330075 
0.65 0.8 0.118439 0.357299 
0.7 0.8 0.109358 0.381912 
0.75 0.8 0.0965239 0.403456 
0.8 0.8 0.0803733 0.421527 
0.85 0.8 0.0614493 0.43577 
0.9 0.8 0.0403933 0.445885 
0.95 0.8 0.0179283 0.451643 
1 0.8 -0.00516522 0.45291 
1.05 0.8 -0.0280802 0.449653 
1.1 0.8 -0.0500169 0.441951 
1.15 0.8 -0.0702161 0.429979 
1.2 0.8 -0.087987 0.413999 
1.25 0.8 -0.102729 0.394335 
1.3 0.8 -0.113942 0.371362 
1.35 0.8 -0.121236 0.345503 
1.4 0.8 -0.124333 0.317251 
1.45 0.8 -0.12307 0.287214 
1.5 0.8 -0.117404 0.256176 
1.55 0.8 -0.107432 0.225175 
1.6 0.8 -0.093403 0.195555 
1.65 0.8 -0.0757363 0.16896 
1.7 0.8 -0.0550332 0.147219 
1.75 0.8 -0.0320692 0.132105 
1.8 0.8 -0.00776537 0.125013 
1.85 0.8 0.0168642 0.126643 
1.9 0.8 0.0407819 0.136833 
1.95 0.8 0.0630005 0.154595 
2 0.8 0.0826475 0.178355 
2.05 0.8 0.0990092 0.206282 
2.1 0.8 0.111551 0.236596 
2.15 0.8 0.119919 0.267754 
2.2 0.8 0.123921 0.298529 
2.25 0.8 0.123516 0.327983 
2.3 0.8 0.118792 0.355403 
2.35 0.8 0.109957 0.38023 
2.4 0.8 0.0973328 0.401998 
2.45 0.8 0.0813536 0.4203 
2.5 0.8 0.0625602 0.434778 
2.55 0.8 0.0415925 0.445129 
2.6 0.8 0.0191727 0.45112 
2.65 0.8 -0.00391749 0.452611 
2.7 0.8 -0.0268685 0.449565 
2.75 0.8 -0.0488761 0.442053 
2.8 0.8 -0.0691752 0.430249 
2.85 0.8 -0.0870683 0.414409 
2.9 0.8 -0.101947 0.394858 
2.95 0.8 -0.113305 0.371969 
3 0.8 -0.120745 0.346169 
3.05 0.8 -0.123984 0.317951 
3.1 0.8 -0.122852 0.287925 
3.15 0.8 -0.117306 0.256877 
3.2 0.8 -0.107439 0.225844 
3.25 0.8 -0.093497 0.196172 
3.3 0.8 -0.0759006 0.169504 
3.35 0.8 -0.0552504 0.147673 
3.4 0.8 -0.0323228 0.132458 
3.45 0.8 -0.00804056 0.125262 
3.5 0.8 0.0165794 0.126796 
3.55 0.8 0.0404958 0.136906 
3.6 0.8 0.0627171 0.154611 
3.65 0.8 0.082366 0.178338 
3.7 0.8 0.0987248 0.206255 
3.75 0.8 0.111255 0.236574 
3.8 0.8 0.1196 0.267746 
3.85 0.8 0.123567 0.298536 
3.9 0.8 0.123113 0.327999 
3.95 0.8 0.118329 0.355415 
4 0.8 0.109426 0.38022 
4.05 0.8 0.0967301 0.401943 
4.1 0.8 0.0806805 0.420176 
4.15 0.8 0.0618244 0.434557 
4.2 0.8 0.0408081 0.444783 
4.25 0.8 0.0183611 0.450623 
4.3 0.8 -0.00472899 0.451934 
4.35 0.8 -0.0276462 0.448684 
4.4 0.8 -0.0495812 0.440944 
4.45 0.8 -0.0697639 0.42889 
4.5 0.8 -0.0874927 0.412781 
4.55 0.8 -0.102156 0.392945 
4.6 0.8 -0.113244 0.36976 
4.65 0.8 -0.12036 0.343663 
4.7 0.8 -0.123221 0.315165 
4.75 0.8 -0.121665 0.284904 
4.8 0.8 -0.115663 0.253704 
4.85 0.8 -0.105328 0.222654 
4.9 0.8 -0.0909399 0.193152 
4.95 0.8 -0.0729581 0.166885 
5 0.8 -0.0520229 0.145698 
0 0.85 -0.0472722 0.129443 
0.05 0.85 -0.0337609 0.11291 
0.1 0.85 -0.0188702 0.101691 
0.15 0.85 -0.00319373 0.0967879 
0.2 0.85 0.0126246 0.0986647 
0.25 0.85 0.0279241 0.10713 
0.3 0.85 0.0420752 0.121379 
0.35 0.85 0.0545234 0.140182 
0.4 0.85 0.0648197 0.162128 
0.45 0.85 0.0726328 0.185851 
0.5 0.85 0.0777478 0.210168 
0.55 0.85 0.080056 0.234131 
0.6 0.85 0.0795419 0.257014 
0.65 0.85 0.0762719 0.27826 
0.7 0.85 0.070387 0.297433 
0.75 0.85 0.0620993 0.314175 
0.8 0.85 0.0516907 0.328184 
0.85 0.85 0.0395097 0.339198 
0.9 0.85 0.025967 0.347004 
0.95 0.85 0.0115246 0.351442 
1 0.85 -0.00331914 0.352417 
1.05 0.85 -0.018049 0.34991 
1.1 0.85 -0.0321544 0.343972 
1.15 0.85 -0.0451503 0.334726 
1.2 0.85 -0.0565952 0.322355 
1.25 0.85 -0.0661036 0.307094 
1.3 0.85 -0.0733546 0.289221 
1.35 0.85 -0.078095 0.269059 
1.4 0.85 -0.0801416 0.246995 
1.45 0.85 -0.079383 0.223512 
1.5 0.85 -0.075785 0.199238 
1.55 0.85 -0.0694004 0.174997 
1.6 0.85 -0.0603811 0.151851 
1.65 0.85 -0.0489919 0.131088 
1.7 0.85 -0.0356181 0.11413 
1.75 0.85 -0.0207628 0.102351 
1.8 0.85 -0.00502798 0.0968264 
1.85 0.85 0.0109209 0.0980961 
1.9 0.85 0.0264024 0.106034 
1.95 0.85 0.0407692 0.11988 
2 0.85 0.0534525 0.138418 
2.05 0.85 0.063991 0.160229 
2.1 0.85 0.0720441 0.183923 
2.15 0.85 0.0773898 0.20829 
2.2 0.85 0.0799144 0.232356 
2.25 0.85 0.079599 0.255375 
2.3 0.85 0.0765074 0.276777 
2.35 0.85 0.0707791 0.296119 
2.4 0.85 0.0626247 0.313039 
2.45 0.85 0.0523242 0.327228 
2.5 0.85 0.0402253 0.338426 
2.55 0.85 0.0267374 0.346414 
2.6 0.85 0.0123223 0.351031 
2.65 0.85 -0.0025208 0.352178 
2.7 0.85 -0.0172751 0.349831 
2.75 0.85 -0.0314271 0.344039 
2.8 0.85 -0.0444881 0.334922 
2.85 0.85 -0.0560121 0.322661 
2.9 0.85 -0.0656089 0.307488 
2.95 0.85 -0.0729531 0.289682 
3 0.85 -0.0777872 0.269567 
3.05 0.85 -0.0799243 0.247532 
3.1 0.85 -0.0792503 0.224059 
3.15 0.85 -0.0757287 0.199778 
3.2 0.85 -0.0694106 0.175513 
3.25 0.85 -0.0604471 0.152327 
3.3 0.85 -0.0491023 0.131507 
3.35 0.85 -0.0357617 0.11448 
3.4 0.85 -0.0209287 0.102622 
3.45 0.85 -0.00520657 0.0970164 
3.5 0.85 0.0107375 0.0982106 
3.55 0.85 0.0262196 0.106086 
3.6 0.85 0.0405897 0.119887 
3.65 0.85 0.0532758 0.138398 
3.7 0.85 0.0638139 0.160199 
3.75 0.85 0.0718607 0.183896 
3.8 0.85 0.0771924 0.208271 
3.85 0.85 0.0796945 0.232347 
3.9 0.85 0.0793478 0.25537 
3.95 0.85 0.0762175 0.276767 
4 0.85 0.0704447 0.296089 
4.05 0.85 0.0622428 0.312972 
4.1 0.85 0.0518954 0.327106 
4.15 0.85 0.0397541 0.338227 
4.2 0.85 0.0262326 0.346117 
4.25 0.85 0.0117972 0.350614 
4.3 0.85 -0.00304876 0.35162 
4.35 0.85 -0.0177845 0.349112 
4.4 0.85 -0.031893 0.34314 
4.45 0.85 -0.0448822 0.333825 
4.5 0.85 -0.0563032 0.321349 
4.55 0.85 -0.0657634 0.305949 
4.6 0.85 -0.0729352 0.287908 
4.65 0.85 -0.0775605 0.267558 
4.7 0.85 -0.0794534 0.245302 
4.75 0.85 -0.0785044 0.221648 
4.8 0.85 -0.0746869 0.197254 
4.85 0.85 -0.0680693 0.172987 
4.9 0.85 -0.0588283 0.149945 
4.95 0.85 -0.0472594 0.129443 
5 0.85 -0.0337695 0.11291 
0 0.9 -0.0242221 0.0884258 
0.05 0.9 -0.0172629 0.0772504 
0.1 0.9 -0.00963745 0.0696897 
0.15 0.9 -0.00163398 0.0663924 
0.2 0.9 0.00643114 0.0676597 
0.25 0.9 0.0142237 0.0733645 
0.3 0.9 0.0214217 0.0829764 
0.35 0.9 0.0277418 0.0956794 
0.4 0.9 0.0329565 0.110532 
0.45 0.9 0.0369004 0.126614 
0.5 0.9 0.0394691 0.143122 
0.55 0.9 0.0406123 0.159403 
0.6 0.9 0.0403264 0.174955 
0.65 0.9 0.0386482 0.189389 
0.7 0.9 0.0356511 0.202406 
0.75 0.9 0.0314431 0.21376 
0.8 0.9 0.0261665 0.223248 
0.85 0.9 0.0199971 0.230698 
0.9 0.9 0.0131414 0.235972 
0.95 0.9 0.00583231 0.238968 
1 0.9 -0.00167913 0.239626 
1.05 0.9 -0.00913322 0.237934 
1.1 0.9 -0.0162726 0.233924 
1.15 0.9 -0.022853 0.227675 
1.2 0.9 -0.028652 0.219303 
1.25 0.9 -0.0334755 0.208961 
1.3 0.9 -0.0371616 0.196833 
1.35 0.9 -0.0395822 0.183139 
1.4 0.9 -0.0406432 0.168145 
1.45 0.9 -0.0402856 0.152186 
1.5 0.9 -0.0384884 0.135699 
1.55 0.9 -0.0352734 0.119252 
1.6 0.9 -0.0307128 0.103574 
1.65 0.9 -0.0249372 0.0895342 
1.7 0.9 -0.0181402 0.0780886 
1.75 0.9 -0.0105785 0.0701503 
1.8 0.9 -0.00256188 0.0664304 
1.85 0.9 0.00556567 0.0672849 
1.9 0.9 0.0134513 0.072631 
1.95 0.9 0.0207608 0.0819667 
2 0.9 0.0272023 0.0944865 
2.05 0.9 0.0325415 0.109244 
2.1 0.9 0.0366083 0.125304 
2.15 0.9 0.0392944 0.141843 
2.2 0.9 0.0405471 0.158193 
2.25 0.9 0.0403612 0.173838 
2.3 0.9 0.0387725 0.18838 
2.35 0.9 0.0358537 0.201512 
2.4 0.9 0.031712 0.212987 
2.45 0.9 0.0264891 0.222598 
2.5 0.9 0.0203601 0.230172 
2.55 0.9 0.0135312 0.235569 
2.6 0.9 0.00623497 0.238686 
2.65 0.9 -0.00127703 0.23946 
2.7 0.9 -0.00874427 0.237876 
2.75 0.9 -0.015908 0.233964 
2.8 0.9 -0.0225219 0.227802 
2.85 0.9 -0.0283613 0.219504 
2.9 0.9 -0.0332299 0.209222 
2.95 0.9 -0.0369634 0.197141 
3 0.9 -0.0394314 0.18348 
3.05 0.9 -0.0405381 0.168506 
3.1 0.9 -0.0402231 0.152555 
3.15 0.9 -0.0384642 0.136063 
3.2 0.9 -0.0352824 0.119601 
3.25 0.9 -0.0307496 0.103895 
3.3 0.9 -0.0249959 0.0898173 
3.35 0.9 -0.0182151 0.0783246 
3.4 0.9 -0.0106641 0.0703333 
3.45 0.9 -0.00265308 0.0665589 
3.5 0.9 0.00547292 0.0673625 
3.55 0.9 0.0133598 0.072666 
3.6 0.9 0.0206719 0.0819707 
3.65 0.9 0.0271158 0.094472 
3.7 0.9 0.0324557 0.109222 
3.75 0.9 0.0365199 0.125282 
3.8 0.9 0.0391995 0.141826 
3.85 0.9 0.040441 0.158182 
3.9 0.9 0.0402394 0.173827 
3.95 0.9 0.0386308 0.188364 
4 0.9 0.0356889 0.201482 
4.05 0.9 0.0315225 0.212931 
4.1 0.9 0.0262748 0.222503 
4.15 0.9 0.0201231 0.230024 
4.2 0.9 0.0132759 0.235354 
4.25 0.9 0.00596781 0.238388 
4.3 0.9 -0.00154737 0.239066 
4.35 0.9 -0.00900707 0.237372 
4.4 0.9 -0.0161506 0.233337 
4.45 0.9 -0.0227301 0.227038 
4.5 0.9 -0.0285192 0.218594 
4.55 0.9 -0.0333202 0.208156 
4.6 0.9 -0.0369675 0.195914 
4.65 0.9 -0.0393304 0.182092 
4.7 0.9 -0.0403132 0.16697 
4.75 0.9 -0.039858 0.150898 
4.8 0.9 -0.0379484 0.134337 
4.85 0.9 -0.0346168 0.117881 
4.9 0.9 -0.0299548 0.102283 
4.95 0.9 -0.0241218 0.0884258 
5 0.9 -0.0173343 0.0772504 
0 0.95 -0.00715538 0.0448712 
0.05 0.95 -0.00500104 0.0393121 
0.1 0.95 -0.00277357 0.0355713 
0.15 0.95 -0.000470215 0.033943 
0.2 0.95 0.00184321 0.0345706 
0.25 0.95 0.00407556 0.0373934 
0.3 0.95 0.00613431 0.0421562 
0.35 0.95 0.00793782 0.0484639 
0.4 0.95 0.00942135 0.0558568 
0.45 0.95 0.0105389 0.0638807 
0.5 0.95 0.0112625 0.0721336 
0.55 0.95 0.0115796 0.0802866 
0.6 0.95 0.0114906 0.0880821 
0.65 0.95 0.0110069 0.0953216 
0.7 0.95 0.0101497 0.10185 
0.75 0.95 0.00894966 0.107544 
0.8 0.95 0.00744684 0.112299 
0.85 0.95 0.00569074 0.116031 
0.9 0.95 0.00373974 0.118672 
0.95 0.95 0.00165982 0.120172 
1 0.95 -0.000477672 0.120502 
1.05 0.95 -0.00259887 0.119655 
1.1 0.95 -0.00463059 0.117647 
1.15 0.95 -0.00650348 0.114517 
1.2 0.95 -0.00815459 0.110322 
1.25 0.95 -0.00952917 0.105137 
1.3 0.95 -0.0105816 0.0990551 
1.35 0.95 -0.0112758 0.0921864 
1.4 0.95 -0.0115849 0.0846676 
1.45 0.95 -0.0114915 0.0766711 
1.5 0.95 -0.0109884 0.0684204 
1.55 0.95 -0.0100801 0.0602055 
1.6 0.95 -0.00878537 0.0523916 
1.65 0.95 -0.00713973 0.0454119 
1.7 0.95 -0.00519763 0.0397351 
1.75 0.95 -0.00303259 0.0358054 
1.8 0.95 -0.000734482 0.0339662 
1.85 0.95 0.00159612 0.0343885 
1.9 0.95 0.00385592 0.0370326 
1.95 0.95 0.00594742 0.0416568 
2 0.95 0.00778626 0.0478716 
2.05 0.95 0.00930577 0.0552149 
2.1 0.95 0.0104586 0.0632255 
2.15 0.95 0.0112155 0.0714928 
2.2 0.95 0.0115636 0.0796793 
2.25 0.95 0.0115027 0.0875206 
2.3 0.95 0.0110441 0.0948137 
2.35 0.95 0.0102088 0.1014 
2.4 0.95 0.00902719 0.107155 
2.45 0.95 0.00753928 0.111972 
2.5 0.95 0.00579435 0.115767 
2.55 0.95 0.00385066 0.118469 
2.6 0.95 0.00177412 0.120029 
2.65 0.95 -0.000363815 0.120417 
2.7 0.95 -0.00248903 0.119624 
2.75 0.95 -0.00452794 0.117665 
2.8 0.95 -0.00641061 0.114579 
2.85 0.95 -0.00807345 0.110421 
2.9 0.95 -0.00946102 0.105267 
2.95 0.95 -0.010527 0.0992079 
3 0.95 -0.0112348 0.092356 
3.05 0.95 -0.0115568 0.0848475 
3.1 0.95 -0.0114754 0.076855 
3.15 0.95 -0.0109831 0.0686023 
3.2 0.95 -0.0100841 0.0603795 
3.25 0.95 -0.00879707 0.052552 
3.3 0.95 -0.00715747 0.0455533 
3.35 0.95 -0.00521976 0.0398532 
3.4 0.95 -0.00305748 0.0358972 
3.45 0.95 -0.000760688 0.034031 
3.5 0.95 0.0015698 0.0344281 
3.55 0.95 0.00383031 0.037051 
3.6 0.95 0.00592292 0.0416598 
3.65 0.95 0.00776278 0.0478649 
3.7 0.95 0.00928277 0.0552041 
3.75 0.95 0.0104351 0.0632145 
3.8 0.95 0.0111904 0.0714837 
3.85 0.95 0.0115354 0.0796721 
3.9 0.95 0.01147 0.0875137 
3.95 0.95 0.0110057 0.0948036 
4 0.95 0.0101636 0.101383 
4.05 0.95 0.00897475 0.107123 
4.1 0.95 0.00747946 0.111921 
4.15 0.95 0.00572766 0.115688 
4.2 0.95 0.00377825 0.118357 
4.25 0.95 0.00169779 0.119875 
4.3 0.95 -0.000441641 0.120214 
4.35 0.95 -0.00256535 0.119366 
4.4 0.95 -0.00459919 0.117345 
4.45 0.95 -0.00647276 0.11419 
4.5 0.95 -0.00812197 0.109959 
4.55 0.95 -0.00949095 0.104726 
4.6 0.95 -0.010533 0.0985863 
4.65 0.95 -0.0112112 0.0916546 
4.7 0.95 -0.011498 0.084073 
4.75 0.95 -0.0113763 0.0760225 
4.8 0.95 -0.0108404 0.0677381 
4.85 0.95 -0.00989905 0.0595233 
4.9 0.95 -0.00858208 0.0517557 
4.95 0.95 -0.00695478 0.0448712 
5 0.95 -0.00514479 0.0393121 
0 1 0 0 
0.05 1 0 0 
0.1 1 0 0 
0.15 1 0 0 
0.2 1 0 0 
0.25 1 0 0 
0.3 1 0 0 
0.35 1 0 0 
0.4 1 0 0 
0.45 1 0 0 
0.5 1 0 0 
0.55 1 0 0 
0.6 1 0 0 
0.65 1 0 0 
0.7 1 0 0 
0.75 1 0 0 
0.8 1 0 0 
0.85 1 0 0 
0.9 1 0 0 
0.95 1 0 0 
1 1 0 0 
1.05 1 0 0 
1.1 1 0 0 
1.15 1 0 0 
1.2 1 0 0 
1.25 1 0 0 
1.3 1 0 0 
1.35 1 0 0 
1.4 1 0 0 
1.45 1 0 0 
1.5 1 0 0 
1.55 1 0 0 
1.6 1 0 0 
1.65 1 0 0 
1.7 1 0 0 
1.75 1 0 0 
1.8 1 0 0 
1.85 1 0 0 
1.9 1 0 0 
1.95 1 0 0 
2 1 0 0 
2.05 1 0 0 
2.1 1 0 0 
2.15 1 0 0 
2.2 1 0 0 
2.25 1 0 0 
2.3 1 0 0 
2.35 1 0 0 
2.4 1 0 0 
2.45 1 0 0 
2.5 1 0 0 
2.55 1 0 0 
2.6 1 0 0 
2.65 1 0 0 
2.7 1 0 0 
2.75 1 0 0 
2.8 1 0 0 
2.85 1 0 0 
2.9 1 0 0 
2.95 1 0 0 
3 1 0 0 
3.05 1 0 0 
3.1 1 0 0 
3.15 1 0 0 
3.2 1 0 0 
3.25 1 0 0 
3.3 1 0 0 
3.35 1 0 0 
3.4 1 0 0 
3.45 1 0 0 
3.5 1 0 0 
3.55 1 0 0 
3.6 1 0 0 
3.65 1 0 0 
3.7 1 0 0 
3.75 1 0 0 
3.8 1 0 0 
3.85 1 0 0 
3.9 1 0 0 
3.95 1 0 0 
4 1 0 0 
4.05 1 0 0 
4.1 1 0 0 
4.15 1 0 0 
4.2 1 0 0 
4.25 1 0 0 
4.3 1 0 0 
4.35 1 0 0 
4.4 1 0 0 
4.45 1 0 0 
4.5 1 0 0 
4.55 1 0 0 
4.6 1 0 0 
4.65 1 0 0 
4.7 1 0 0 
4.75 1 0 0 
4.8 1 0 0 
4.85 1 0 0 
4.9 1 0 0 
4.95 1 0 0 
5 1 0 0 
