x, y, ksi, T
#iter= 1010000
0 0 0 1 
0.05 0 0 1 
0.1 0 0 1 
0.15 0 0 1 
0.2 0 0 1 
0.25 0 0 1 
0.3 0 0 1 
0.35 0 0 1 
0.4 0 0 1 
0.45 0 0 1 
0.5 0 0 1 
0.55 0 0 1 
0.6 0 0 1 
0.65 0 0 1 
0.7 0 0 1 
0.75 0 0 1 
0.8 0 0 1 
0.85 0 0 1 
0.9 0 0 1 
0.95 0 0 1 
1 0 0 1 
1.05 0 0 1 
1.1 0 0 1 
1.15 0 0 1 
1.2 0 0 1 
1.25 0 0 1 
1.3 0 0 1 
1.35 0 0 1 
1.4 0 0 1 
1.45 0 0 1 
1.5 0 0 1 
1.55 0 0 1 
1.6 0 0 1 
1.65 0 0 1 
1.7 0 0 1 
1.75 0 0 1 
1.8 0 0 1 
1.85 0 0 1 
1.9 0 0 1 
1.95 0 0 1 
2 0 0 1 
2.05 0 0 1 
2.1 0 0 1 
2.15 0 0 1 
2.2 0 0 1 
2.25 0 0 1 
2.3 0 0 1 
2.35 0 0 1 
2.4 0 0 1 
2.45 0 0 1 
2.5 0 0 1 
2.55 0 0 1 
2.6 0 0 1 
2.65 0 0 1 
2.7 0 0 1 
2.75 0 0 1 
2.8 0 0 1 
2.85 0 0 1 
2.9 0 0 1 
2.95 0 0 1 
3 0 0 1 
3.05 0 0 1 
3.1 0 0 1 
3.15 0 0 1 
3.2 0 0 1 
3.25 0 0 1 
3.3 0 0 1 
3.35 0 0 1 
3.4 0 0 1 
3.45 0 0 1 
3.5 0 0 1 
3.55 0 0 1 
3.6 0 0 1 
3.65 0 0 1 
3.7 0 0 1 
3.75 0 0 1 
3.8 0 0 1 
3.85 0 0 1 
3.9 0 0 1 
3.95 0 0 1 
4 0 0 1 
4.05 0 0 1 
4.1 0 0 1 
4.15 0 0 1 
4.2 0 0 1 
4.25 0 0 1 
4.3 0 0 1 
4.35 0 0 1 
4.4 0 0 1 
4.45 0 0 1 
4.5 0 0 1 
4.55 0 0 1 
4.6 0 0 1 
4.65 0 0 1 
4.7 0 0 1 
4.75 0 0 1 
4.8 0 0 1 
4.85 0 0 1 
4.9 0 0 1 
4.95 0 0 1 
5 0 0 1 
0 0.05 -0.00697105 0.885832 
0.05 0.05 -0.0049167 0.882499 
0.1 0.05 -0.00276626 0.880408 
0.15 0.05 -0.000573174 0.879533 
0.2 0.05 0.00160866 0.879864 
0.25 0.05 0.00371609 0.881379 
0.3 0.05 0.00568358 0.884042 
0.35 0.05 0.00744864 0.887798 
0.4 0.05 0.00895511 0.892578 
0.45 0.05 0.0101549 0.898296 
0.5 0.05 0.0110089 0.904848 
0.55 0.05 0.011487 0.912111 
0.6 0.05 0.0115681 0.919928 
0.65 0.05 0.0112408 0.9281 
0.7 0.05 0.0105047 0.936367 
0.75 0.05 0.0093722 0.944396 
0.8 0.05 0.00787142 0.951782 
0.85 0.05 0.00604867 0.958065 
0.9 0.05 0.00396949 0.962782 
0.95 0.05 0.00171727 0.965539 
1 0.05 -0.000611166 0.966083 
1.05 0.05 -0.00291271 0.964364 
1.1 0.05 -0.00508651 0.960542 
1.15 0.05 -0.00704197 0.95495 
1.2 0.05 -0.00870463 0.948031 
1.25 0.05 -0.010019 0.940253 
1.3 0.05 -0.0109483 0.932051 
1.35 0.05 -0.0114732 0.923794 
1.4 0.05 -0.0115882 0.915778 
1.45 0.05 -0.0113 0.908228 
1.5 0.05 -0.0106253 0.901319 
1.55 0.05 -0.00959049 0.89519 
1.6 0.05 -0.00823114 0.889954 
1.65 0.05 -0.0065924 0.885703 
1.7 0.05 -0.00472855 0.882515 
1.75 0.05 -0.00270224 0.880447 
1.8 0.05 -0.00058263 0.87954 
1.85 0.05 0.00155711 0.879811 
1.9 0.05 0.0036429 0.881255 
1.95 0.05 0.00560301 0.883844 
2 0.05 0.0073709 0.887531 
2.05 0.05 0.00888751 0.892248 
2.1 0.05 0.0101026 0.89791 
2.15 0.05 0.0109752 0.904417 
2.2 0.05 0.0114739 0.911645 
2.25 0.05 0.0115767 0.91944 
2.3 0.05 0.0112712 0.927604 
2.35 0.05 0.0105561 0.93588 
2.4 0.05 0.00944315 0.943938 
2.45 0.05 0.00795954 0.951375 
2.5 0.05 0.00615073 0.957732 
2.55 0.05 0.00408145 0.962544 
2.6 0.05 0.0018345 0.965409 
2.65 0.05 -0.000493573 0.966068 
2.7 0.05 -0.00279951 0.964458 
2.75 0.05 -0.00498188 0.960729 
2.8 0.05 -0.00694919 0.955211 
2.85 0.05 -0.00862585 0.94834 
2.9 0.05 -0.00995524 0.940588 
2.95 0.05 -0.0108998 0.932394 
3 0.05 -0.0114391 0.924131 
3.05 0.05 -0.0115673 0.916098 
3.1 0.05 -0.0112906 0.908527 
3.15 0.05 -0.0106257 0.901594 
3.2 0.05 -0.00959874 0.89544 
3.25 0.05 -0.00824544 0.890179 
3.3 0.05 -0.006611 0.885905 
3.35 0.05 -0.00474988 0.882696 
3.4 0.05 -0.0027249 0.880611 
3.45 0.05 -0.000605491 0.879689 
3.5 0.05 0.00153489 0.879949 
3.55 0.05 0.00362184 0.881386 
3.6 0.05 0.00558326 0.883972 
3.65 0.05 0.00735226 0.887659 
3.7 0.05 0.00886942 0.89238 
3.75 0.05 0.0100842 0.89805 
3.8 0.05 0.0109553 0.904566 
3.85 0.05 0.0114513 0.911805 
3.9 0.05 0.01155 0.919609 
3.95 0.05 0.0112392 0.927779 
4 0.05 0.0105179 0.936056 
4.05 0.05 0.00939807 0.944106 
4.1 0.05 0.00790766 0.951524 
4.15 0.05 0.00609281 0.957849 
4.2 0.05 0.00401901 0.962616 
4.25 0.05 0.00176977 0.965428 
4.3 0.05 -0.000557844 0.966028 
4.35 0.05 -0.00286029 0.964362 
4.4 0.05 -0.00503616 0.960585 
4.45 0.05 -0.00699427 0.955031 
4.5 0.05 -0.00865962 0.94814 
4.55 0.05 -0.00997642 0.940383 
4.6 0.05 -0.0109082 0.932197 
4.65 0.05 -0.011436 0.923955 
4.7 0.05 -0.011556 0.915952 
4.75 0.05 -0.0112772 0.908415 
4.8 0.05 -0.0106204 0.901518 
4.85 0.05 -0.00961825 0.895392 
4.9 0.05 -0.00831685 0.89014 
4.95 0.05 -0.00677697 0.885832 
5 0.05 -0.00505557 0.882499 
0 0.1 -0.0235368 0.772988 
0.05 0.1 -0.0168729 0.76644 
0.1 0.1 -0.00955694 0.762251 
0.15 0.1 -0.0019456 0.760484 
0.2 0.1 0.00568274 0.761131 
0.25 0.1 0.0130714 0.764149 
0.3 0.1 0.0199769 0.769461 
0.35 0.1 0.0261738 0.776956 
0.4 0.1 0.0314609 0.786489 
0.45 0.1 0.0356667 0.797889 
0.5 0.1 0.0386516 0.810951 
0.55 0.1 0.0403089 0.825431 
0.6 0.1 0.0405661 0.841024 
0.65 0.1 0.0393864 0.857344 
0.7 0.1 0.0367732 0.873881 
0.75 0.1 0.0327767 0.889976 
0.8 0.1 0.0275021 0.904817 
0.85 0.1 0.0211158 0.917472 
0.9 0.1 0.0138483 0.926994 
0.95 0.1 0.00598846 0.932567 
1 0.1 -0.00213177 0.933668 
1.05 0.1 -0.0101602 0.930191 
1.1 0.1 -0.0177518 0.922469 
1.15 0.1 -0.0245946 0.911194 
1.2 0.1 -0.030429 0.897275 
1.25 0.1 -0.0350574 0.881665 
1.3 0.1 -0.0383459 0.865243 
1.35 0.1 -0.0402193 0.848742 
1.4 0.1 -0.0406529 0.832742 
1.45 0.1 -0.0396653 0.817685 
1.5 0.1 -0.0373136 0.803912 
1.55 0.1 -0.0336897 0.791692 
1.6 0.1 -0.02892 0.781247 
1.65 0.1 -0.0231647 0.772765 
1.7 0.1 -0.0166164 0.766399 
1.75 0.1 -0.00949633 0.762269 
1.8 0.1 -0.00204819 0.760457 
1.85 0.1 0.00547066 0.760998 
1.9 0.1 0.0127998 0.763882 
1.95 0.1 0.0196868 0.769053 
2 0.1 0.025897 0.776412 
2.05 0.1 0.0312214 0.785822 
2.1 0.1 0.0354814 0.797115 
2.15 0.1 0.0385321 0.810089 
2.2 0.1 0.0402624 0.8245 
2.25 0.1 0.0405959 0.84005 
2.3 0.1 0.0394927 0.856354 
2.35 0.1 0.0369533 0.872907 
2.4 0.1 0.0330251 0.889058 
2.45 0.1 0.0278102 0.903999 
2.5 0.1 0.0214724 0.916802 
2.55 0.1 0.0142394 0.926515 
2.6 0.1 0.00639804 0.932308 
2.65 0.1 -0.00172035 0.93364 
2.7 0.1 -0.0097631 0.930383 
2.75 0.1 -0.0173833 0.922849 
2.8 0.1 -0.024266 0.91172 
2.85 0.1 -0.0301479 0.897897 
2.9 0.1 -0.0348279 0.882337 
2.95 0.1 -0.0381687 0.865928 
3 0.1 -0.0400923 0.849413 
3.05 0.1 -0.0405721 0.83338 
3.1 0.1 -0.0396255 0.818279 
3.15 0.1 -0.0373086 0.804456 
3.2 0.1 -0.0337133 0.792185 
3.25 0.1 -0.0289658 0.781691 
3.3 0.1 -0.0232267 0.773162 
3.35 0.1 -0.016689 0.766755 
3.4 0.1 -0.00957475 0.76259 
3.45 0.1 -0.00212844 0.760748 
3.5 0.1 0.00539153 0.761268 
3.55 0.1 0.0127236 0.764138 
3.6 0.1 0.0196142 0.769302 
3.65 0.1 0.0258272 0.776662 
3.7 0.1 0.0311526 0.786081 
3.75 0.1 0.0354108 0.797389 
3.8 0.1 0.0384558 0.810382 
3.85 0.1 0.0401762 0.824815 
3.9 0.1 0.0404954 0.840385 
3.95 0.1 0.039374 0.856703 
4 0.1 0.0368132 0.873259 
4.05 0.1 0.032862 0.889395 
4.1 0.1 0.0276245 0.904299 
4.15 0.1 0.0212668 0.917038 
4.2 0.1 0.0140193 0.926661 
4.25 0.1 0.00617114 0.932345 
4.3 0.1 -0.00194473 0.933559 
4.35 0.1 -0.00997462 0.930188 
4.4 0.1 -0.0175717 0.922556 
4.45 0.1 -0.0244219 0.911355 
4.5 0.1 -0.0302639 0.897491 
4.55 0.1 -0.0348992 0.881921 
4.6 0.1 -0.0381943 0.865528 
4.65 0.1 -0.0400758 0.849053 
4.7 0.1 -0.0405231 0.833077 
4.75 0.1 -0.0395617 0.818044 
4.8 0.1 -0.0372573 0.804288 
4.85 0.1 -0.0337122 0.792067 
4.9 0.1 -0.0290587 0.781582 
4.95 0.1 -0.0234392 0.772988 
5 0.1 -0.0169409 0.76644 
0 0.15 -0.0458798 0.66623 
0.05 0.15 -0.0328829 0.656664 
0.1 0.15 -0.0186045 0.650487 
0.15 0.15 -0.00368057 0.647856 
0.2 0.15 0.0113246 0.648792 
0.25 0.15 0.0258837 0.653241 
0.3 0.15 0.0395011 0.661085 
0.35 0.15 0.0517218 0.67215 
0.4 0.15 0.0621425 0.686216 
0.45 0.15 0.0704201 0.703018 
0.5 0.15 0.0762769 0.722251 
0.55 0.15 0.0795031 0.743558 
0.6 0.15 0.0799586 0.7665 
0.65 0.15 0.0775772 0.790518 
0.7 0.15 0.0723741 0.814877 
0.75 0.15 0.0644582 0.838621 
0.8 0.15 0.0540451 0.860552 
0.85 0.15 0.0414686 0.879288 
0.9 0.15 0.0271829 0.893409 
0.95 0.15 0.011751 0.901683 
1 0.15 -0.00418385 0.903319 
1.05 0.15 -0.0199414 0.898155 
1.1 0.15 -0.0348546 0.886695 
1.15 0.15 -0.0483173 0.86999 
1.2 0.15 -0.0598206 0.849401 
1.25 0.15 -0.0689722 0.826355 
1.3 0.15 -0.0755009 0.802147 
1.35 0.15 -0.0792485 0.777853 
1.4 0.15 -0.080157 0.75431 
1.45 0.15 -0.0782557 0.732154 
1.5 0.15 -0.0736517 0.711876 
1.55 0.15 -0.0665243 0.693868 
1.6 0.15 -0.0571228 0.678456 
1.65 0.15 -0.0457649 0.665923 
1.7 0.15 -0.032833 0.656506 
1.75 0.15 -0.0187664 0.650391 
1.8 0.15 -0.00404907 0.647705 
1.85 0.15 0.0108085 0.648507 
1.9 0.15 0.0252898 0.652779 
1.95 0.15 0.0388936 0.660433 
2 0.15 0.0511542 0.671313 
2.05 0.15 0.0616564 0.685208 
2.1 0.15 0.070046 0.701861 
2.15 0.15 0.0760359 0.72097 
2.2 0.15 0.0794081 0.742182 
2.25 0.15 0.0800154 0.765062 
2.3 0.15 0.0777856 0.789057 
2.35 0.15 0.0727283 0.813441 
2.4 0.15 0.0649466 0.837266 
2.45 0.15 0.0546508 0.859344 
2.5 0.15 0.0421691 0.878297 
2.55 0.15 0.0279509 0.892699 
2.6 0.15 0.0125558 0.901299 
2.65 0.15 -0.00337463 0.903279 
2.7 0.15 -0.0191588 0.898441 
2.75 0.15 -0.0341262 0.88726 
2.8 0.15 -0.047665 0.870767 
2.85 0.15 -0.0592595 0.850319 
2.9 0.15 -0.0685107 0.827344 
2.95 0.15 -0.075141 0.803153 
3 0.15 -0.0789868 0.778835 
3.05 0.15 -0.0799863 0.755241 
3.1 0.15 -0.0781662 0.733019 
3.15 0.15 -0.0736319 0.712667 
3.2 0.15 -0.066562 0.694583 
3.25 0.15 -0.057206 0.679099 
3.3 0.15 -0.0458817 0.666498 
3.35 0.15 -0.0329726 0.657019 
3.4 0.15 -0.0189194 0.650851 
3.45 0.15 -0.00420759 0.648123 
3.5 0.15 0.0106503 0.648892 
3.55 0.15 0.0251356 0.653143 
3.6 0.15 0.0387446 0.660788 
3.65 0.15 0.0510093 0.671669 
3.7 0.15 0.0615121 0.685577 
3.75 0.15 0.069897 0.702253 
3.8 0.15 0.075875 0.721392 
3.85 0.15 0.0792273 0.742636 
3.9 0.15 0.0798065 0.765547 
3.95 0.15 0.0775412 0.789565 
4 0.15 0.0724428 0.813956 
4.05 0.15 0.0646173 0.837761 
4.1 0.15 0.0542788 0.859785 
4.15 0.15 0.04176 0.878645 
4.2 0.15 0.0275151 0.892915 
4.25 0.15 0.0121082 0.901353 
4.3 0.15 -0.00381582 0.903155 
4.35 0.15 -0.0195735 0.898146 
4.4 0.15 -0.0344942 0.886819 
4.45 0.15 -0.0479678 0.870219 
4.5 0.15 -0.059482 0.849707 
4.55 0.15 -0.0686425 0.826713 
4.6 0.15 -0.0751779 0.802543 
4.65 0.15 -0.0789327 0.778279 
4.7 0.15 -0.0798548 0.754761 
4.75 0.15 -0.0779826 0.732629 
4.8 0.15 -0.073434 0.712366 
4.85 0.15 -0.0663966 0.694349 
4.9 0.15 -0.0571151 0.678883 
4.95 0.15 -0.0458641 0.66623 
5 0.15 -0.0328917 0.656664 
0 0.2 -0.0707425 0.571234 
0.05 0.2 -0.0506132 0.558973 
0.1 0.2 -0.0285517 0.551017 
0.15 0.2 -0.00546189 0.547603 
0.2 0.2 0.0177904 0.548797 
0.25 0.2 0.0403742 0.554542 
0.3 0.2 0.061505 0.564678 
0.35 0.2 0.0804637 0.578964 
0.4 0.2 0.0966153 0.597089 
0.45 0.2 0.109422 0.618694 
0.5 0.2 0.118452 0.643373 
0.55 0.2 0.123382 0.670665 
0.6 0.2 0.124002 0.700017 
0.65 0.2 0.120219 0.730727 
0.7 0.2 0.112071 0.761874 
0.75 0.2 0.0997389 0.792248 
0.8 0.2 0.0835689 0.820327 
0.85 0.2 0.0640846 0.844339 
0.9 0.2 0.0419893 0.862453 
0.95 0.2 0.0181467 0.873073 
1 0.2 -0.00646172 0.875174 
1.05 0.2 -0.0308003 0.868544 
1.1 0.2 -0.0538525 0.853839 
1.15 0.2 -0.0746913 0.83242 
1.2 0.2 -0.0925324 0.806048 
1.25 0.2 -0.106765 0.776554 
1.3 0.2 -0.116959 0.745595 
1.35 0.2 -0.122856 0.714532 
1.4 0.2 -0.124352 0.684418 
1.45 0.2 -0.12148 0.656052 
1.5 0.2 -0.114399 0.630047 
1.55 0.2 -0.103378 0.606903 
1.6 0.2 -0.0888043 0.587048 
1.65 0.2 -0.0711699 0.57086 
1.7 0.2 -0.0510715 0.558668 
1.75 0.2 -0.0291964 0.550737 
1.8 0.2 -0.00630195 0.54725 
1.85 0.2 0.0168122 0.548291 
1.9 0.2 0.0393366 0.553835 
1.95 0.2 0.0604869 0.563753 
2 0.2 0.079534 0.577822 
2.05 0.2 0.0958293 0.595748 
2.1 0.2 0.108821 0.617177 
2.15 0.2 0.118065 0.64171 
2.2 0.2 0.123227 0.66889 
2.25 0.2 0.124086 0.698169 
2.3 0.2 0.12054 0.728853 
2.35 0.2 0.112618 0.760033 
2.4 0.2 0.100494 0.790511 
2.45 0.2 0.0845052 0.818778 
2.5 0.2 0.065167 0.843067 
2.55 0.2 0.0431758 0.86154 
2.6 0.2 0.0193903 0.872579 
2.65 0.2 -0.00521002 0.87512 
2.7 0.2 -0.0295877 0.868908 
2.75 0.2 -0.0527209 0.85456 
2.8 0.2 -0.0736744 0.833411 
2.85 0.2 -0.0916537 0.807215 
2.9 0.2 -0.106038 0.777811 
2.95 0.2 -0.116387 0.74687 
3 0.2 -0.122435 0.715774 
3.05 0.2 -0.124072 0.685594 
3.1 0.2 -0.121327 0.657142 
3.15 0.2 -0.114354 0.631042 
3.2 0.2 -0.103425 0.607802 
3.25 0.2 -0.0889238 0.587854 
3.3 0.2 -0.0713439 0.571579 
3.35 0.2 -0.0512836 0.559308 
3.4 0.2 -0.0294319 0.551308 
3.45 0.2 -0.00654858 0.547765 
3.5 0.2 0.0165635 0.548763 
3.55 0.2 0.0390917 0.55428 
3.6 0.2 0.0602478 0.564186 
3.65 0.2 0.0792991 0.578258 
3.7 0.2 0.0955937 0.596201 
3.75 0.2 0.108577 0.61766 
3.8 0.2 0.117801 0.642232 
3.85 0.2 0.122932 0.669455 
3.9 0.2 0.123747 0.698775 
3.95 0.2 0.120147 0.729491 
4 0.2 0.112163 0.760682 
4.05 0.2 0.099973 0.791138 
4.1 0.2 0.0839201 0.819337 
4.15 0.2 0.0645269 0.843508 
4.2 0.2 0.0424969 0.861811 
4.25 0.2 0.0186953 0.872641 
4.3 0.2 -0.00589316 0.874953 
4.35 0.2 -0.030228 0.868519 
4.4 0.2 -0.0532871 0.85398 
4.45 0.2 -0.0741371 0.83269 
4.5 0.2 -0.091988 0.806408 
4.55 0.2 -0.106225 0.776972 
4.6 0.2 -0.116417 0.746049 
4.65 0.2 -0.122307 0.71501 
4.7 0.2 -0.123798 0.684914 
4.75 0.2 -0.120933 0.656561 
4.8 0.2 -0.113877 0.630562 
4.85 0.2 -0.102908 0.607405 
4.9 0.2 -0.0883998 0.587504 
4.95 0.2 -0.0707959 0.571234 
5 0.2 -0.0505727 0.558973 
0 0.25 -0.0955699 0.492234 
0.05 0.25 -0.068251 0.477646 
0.1 0.25 -0.0383691 0.468147 
0.15 0.25 -0.00708115 0.464055 
0.2 0.25 0.0244523 0.465485 
0.25 0.25 0.0550942 0.472377 
0.3 0.25 0.0837638 0.484523 
0.35 0.25 0.109471 0.501589 
0.4 0.25 0.131342 0.523162 
0.45 0.25 0.148646 0.548769 
0.5 0.25 0.160795 0.577904 
0.55 0.25 0.167361 0.61001 
0.6 0.25 0.168069 0.644443 
0.65 0.25 0.162811 0.680399 
0.7 0.25 0.151654 0.71682 
0.75 0.25 0.134863 0.752313 
0.8 0.25 0.112921 0.785114 
0.85 0.25 0.0865426 0.813163 
0.9 0.25 0.0566797 0.834324 
0.95 0.25 0.0244891 0.846732 
1 0.25 -0.00872063 0.849187 
1.05 0.25 -0.0415712 0.841441 
1.1 0.25 -0.0727093 0.824262 
1.15 0.25 -0.100896 0.799242 
1.2 0.25 -0.125076 0.768436 
1.25 0.25 -0.144419 0.733977 
1.3 0.25 -0.158332 0.697789 
1.35 0.25 -0.166446 0.661443 
1.4 0.25 -0.168604 0.626149 
1.45 0.25 -0.164832 0.59282 
1.5 0.25 -0.155328 0.562164 
1.55 0.25 -0.140449 0.534773 
1.6 0.25 -0.120711 0.511171 
1.65 0.25 -0.0967817 0.491842 
1.7 0.25 -0.0694732 0.477225 
1.75 0.25 -0.0397258 0.467687 
1.8 0.25 -0.00857828 0.463484 
1.85 0.25 0.022871 0.464738 
1.9 0.25 0.0535101 0.471412 
1.95 0.25 0.0822621 0.483322 
2 0.25 0.108128 0.500158 
2.05 0.25 0.130223 0.521517 
2.1 0.25 0.147796 0.546938 
2.15 0.25 0.16025 0.575918 
2.2 0.25 0.167138 0.607906 
2.25 0.25 0.168175 0.642264 
2.3 0.25 0.163241 0.678196 
2.35 0.25 0.152393 0.714659 
2.4 0.25 0.135884 0.750276 
2.45 0.25 0.114185 0.783298 
2.5 0.25 0.0880039 0.811671 
2.55 0.25 0.0582809 0.833251 
2.6 0.25 0.0261676 0.846147 
2.65 0.25 -0.00702989 0.849115 
2.7 0.25 -0.039931 0.841857 
2.75 0.25 -0.0711753 0.825093 
2.8 0.25 -0.0995131 0.800387 
2.85 0.25 -0.123876 0.769784 
2.9 0.25 -0.143421 0.735428 
2.95 0.25 -0.157541 0.69926 
3 0.25 -0.165859 0.662875 
3.05 0.25 -0.168207 0.627503 
3.1 0.25 -0.164607 0.594074 
3.15 0.25 -0.155252 0.563308 
3.2 0.25 -0.140499 0.535804 
3.25 0.25 -0.120862 0.512093 
3.3 0.25 -0.0970093 0.492661 
3.35 0.25 -0.0697556 0.477951 
3.4 0.25 -0.0400431 0.468331 
3.45 0.25 -0.00891403 0.464061 
3.5 0.25 0.0225293 0.465263 
3.55 0.25 0.0531707 0.471903 
3.6 0.25 0.081928 0.483798 
3.65 0.25 0.107798 0.500637 
3.7 0.25 0.129889 0.522017 
3.75 0.25 0.147449 0.547473 
3.8 0.25 0.159875 0.5765 
3.85 0.25 0.166721 0.60854 
3.9 0.25 0.1677 0.642949 
3.95 0.25 0.162693 0.678921 
4 0.25 0.151762 0.715399 
4.05 0.25 0.135165 0.750991 
4.1 0.25 0.113383 0.783937 
4.15 0.25 0.0871297 0.812173 
4.2 0.25 0.057357 0.833555 
4.25 0.25 0.0252244 0.846206 
4.3 0.25 -0.00795485 0.848905 
4.35 0.25 -0.0407958 0.841383 
4.4 0.25 -0.0719371 0.824392 
4.45 0.25 -0.100131 0.799513 
4.5 0.25 -0.124314 0.768801 
4.55 0.25 -0.143649 0.734397 
4.6 0.25 -0.157539 0.698234 
4.65 0.25 -0.165618 0.661896 
4.7 0.25 -0.167731 0.626601 
4.75 0.25 -0.163912 0.593268 
4.8 0.25 -0.154367 0.562607 
4.85 0.25 -0.139456 0.535205 
4.9 0.25 -0.119685 0.511583 
4.95 0.25 -0.0956804 0.492234 
5 0.25 -0.0681702 0.477646 
0 0.3 -0.118387 0.430631 
0.05 0.3 -0.0844091 0.413995 
0.1 0.3 -0.047289 0.403124 
0.15 0.3 -0.00841442 0.398433 
0.2 0.3 0.0307811 0.400095 
0.25 0.3 0.0688726 0.40804 
0.3 0.3 0.104499 0.421984 
0.35 0.3 0.136412 0.44147 
0.4 0.3 0.163517 0.465937 
0.45 0.3 0.184901 0.494774 
0.5 0.3 0.199843 0.527355 
0.55 0.3 0.207821 0.563034 
0.6 0.3 0.208515 0.601097 
0.65 0.3 0.201811 0.640676 
0.7 0.3 0.187818 0.680639 
0.75 0.3 0.166887 0.719491 
0.8 0.3 0.139633 0.755332 
0.85 0.3 0.10695 0.785942 
0.9 0.3 0.0700143 0.809011 
0.95 0.3 0.0302425 0.822531 
1 0.3 -0.0107694 0.825205 
1.05 0.3 -0.0513444 0.816768 
1.1 0.3 -0.0898343 0.798046 
1.15 0.3 -0.124725 0.770758 
1.2 0.3 -0.154719 0.737119 
1.25 0.3 -0.178784 0.699434 
1.3 0.3 -0.196171 0.659775 
1.35 0.3 -0.206403 0.619831 
1.4 0.3 -0.209261 0.580896 
1.45 0.3 -0.204751 0.543951 
1.5 0.3 -0.193097 0.509768 
1.55 0.3 -0.174726 0.479015 
1.6 0.3 -0.150265 0.452322 
1.65 0.3 -0.12054 0.430304 
1.7 0.3 -0.0865628 0.413546 
1.75 0.3 -0.0495125 0.402556 
1.8 0.3 -0.0106963 0.397699 
1.85 0.3 0.0285007 0.399146 
1.9 0.3 0.0666756 0.406848 
1.95 0.3 0.102471 0.420539 
2 0.3 0.134632 0.439784 
2.05 0.3 0.162051 0.464034 
2.1 0.3 0.183798 0.492685 
2.15 0.3 0.199135 0.525115 
2.2 0.3 0.207527 0.560682 
2.25 0.3 0.208637 0.598676 
2.3 0.3 0.20234 0.638241 
2.35 0.3 0.188731 0.678259 
2.4 0.3 0.168149 0.717252 
2.45 0.3 0.141196 0.753338 
2.5 0.3 0.108755 0.784302 
2.55 0.3 0.0719912 0.807829 
2.6 0.3 0.0323147 0.821879 
2.65 0.3 -0.00868102 0.825111 
2.7 0.3 -0.049316 0.817203 
2.75 0.3 -0.0879336 0.798932 
2.8 0.3 -0.123007 0.771984 
2.85 0.3 -0.153223 0.738567 
2.9 0.3 -0.177533 0.700993 
2.95 0.3 -0.195174 0.661356 
3 0.3 -0.205656 0.62137 
3.05 0.3 -0.208748 0.582353 
3.1 0.3 -0.204452 0.5453 
3.15 0.3 -0.192985 0.510999 
3.2 0.3 -0.174772 0.480124 
3.25 0.3 -0.150439 0.453312 
3.3 0.3 -0.120813 0.43118 
3.35 0.3 -0.0869081 0.414319 
3.4 0.3 -0.0499049 0.403236 
3.45 0.3 -0.0111151 0.3983 
3.5 0.3 0.0280712 0.399688 
3.55 0.3 0.0662457 0.407349 
3.6 0.3 0.102045 0.421021 
3.65 0.3 0.134208 0.440268 
3.7 0.3 0.161621 0.46454 
3.75 0.3 0.18335 0.493231 
3.8 0.3 0.198652 0.525714 
3.85 0.3 0.20699 0.56134 
3.9 0.3 0.208028 0.599392 
3.95 0.3 0.201642 0.639002 
4 0.3 0.187933 0.679037 
4.05 0.3 0.167245 0.718006 
4.1 0.3 0.14019 0.75401 
4.15 0.3 0.107664 0.784826 
4.2 0.3 0.0708407 0.808138 
4.25 0.3 0.0311429 0.82192 
4.3 0.3 -0.00982794 0.824855 
4.35 0.3 -0.050386 0.816656 
4.4 0.3 -0.0888726 0.798129 
4.45 0.3 -0.123762 0.770982 
4.5 0.3 -0.153746 0.737433 
4.55 0.3 -0.177783 0.699789 
4.6 0.3 -0.195117 0.660136 
4.65 0.3 -0.20527 0.620176 
4.7 0.3 -0.208023 0.581216 
4.75 0.3 -0.20339 0.544244 
4.8 0.3 -0.191599 0.510042 
4.85 0.3 -0.173082 0.479282 
4.9 0.3 -0.148462 0.452601 
4.95 0.3 -0.118544 0.430631 
5 0.3 -0.0842959 0.413995 
0 0.35 -0.137699 0.384973 
0.05 0.35 -0.0980466 0.366399 
0.1 0.35 -0.0547508 0.354206 
0.15 0.35 -0.00939908 0.348943 
0.2 0.35 0.0363362 0.350855 
0.25 0.35 0.0807762 0.35985 
0.3 0.35 0.122311 0.375529 
0.35 0.35 0.159468 0.397259 
0.4 0.35 0.190961 0.424276 
0.45 0.35 0.215724 0.455782 
0.5 0.35 0.23293 0.491001 
0.55 0.35 0.24199 0.529188 
0.6 0.35 0.242556 0.569571 
0.65 0.35 0.234527 0.611256 
0.7 0.35 0.21806 0.653093 
0.75 0.35 0.193589 0.693572 
0.8 0.35 0.161848 0.730772 
0.85 0.35 0.123887 0.762446 
0.9 0.35 0.0810641 0.786265 
0.95 0.35 0.0350061 0.800203 
1 0.35 -0.0124651 0.80296 
1.05 0.35 -0.0594384 0.794266 
1.1 0.35 -0.104034 0.774953 
1.15 0.35 -0.14452 0.74675 
1.2 0.35 -0.179401 0.711891 
1.25 0.35 -0.207477 0.672705 
1.3 0.35 -0.227859 0.631286 
1.35 0.35 -0.239973 0.589344 
1.4 0.35 -0.243528 0.548186 
1.45 0.35 -0.238505 0.508812 
1.5 0.35 -0.225132 0.472036 
1.55 0.35 -0.203881 0.438603 
1.6 0.35 -0.175467 0.409267 
1.65 0.35 -0.140843 0.384818 
1.7 0.35 -0.101192 0.366042 
1.75 0.35 -0.0579003 0.353642 
1.8 0.35 -0.0125138 0.348139 
1.85 0.35 0.0333244 0.349777 
1.9 0.35 0.07795 0.358485 
1.95 0.35 0.119755 0.373884 
2 0.35 0.157258 0.395359 
2.05 0.35 0.189159 0.422159 
2.1 0.35 0.214378 0.453487 
2.15 0.35 0.232068 0.48857 
2.2 0.35 0.241625 0.526662 
2.25 0.35 0.242686 0.566994 
2.3 0.35 0.235136 0.608681 
2.35 0.35 0.219118 0.65059 
2.4 0.35 0.195051 0.691226 
2.45 0.35 0.163659 0.728686 
2.5 0.35 0.125976 0.760731 
2.55 0.35 0.083351 0.785024 
2.6 0.35 0.0374028 0.799509 
2.65 0.35 -0.0100489 0.802838 
2.7 0.35 -0.0570893 0.794686 
2.75 0.35 -0.101829 0.775837 
2.8 0.35 -0.142522 0.747984 
2.85 0.35 -0.177656 0.713356 
2.9 0.35 -0.206011 0.674288 
2.95 0.35 -0.226685 0.632896 
3 0.35 -0.239086 0.590914 
3.05 0.35 -0.242913 0.549675 
3.1 0.35 -0.238138 0.510195 
3.15 0.35 -0.224984 0.4733 
3.2 0.35 -0.20392 0.439743 
3.25 0.35 -0.175658 0.410285 
3.3 0.35 -0.141154 0.385717 
3.35 0.35 -0.10159 0.366829 
3.4 0.35 -0.0583563 0.354327 
3.45 0.35 -0.0130043 0.348735 
3.5 0.35 0.0328182 0.350305 
3.55 0.35 0.0774404 0.358965 
3.6 0.35 0.119247 0.37434 
3.65 0.35 0.15675 0.395815 
3.7 0.35 0.188643 0.422637 
3.75 0.35 0.213839 0.454006 
3.8 0.35 0.231488 0.489145 
3.85 0.35 0.240982 0.527299 
3.9 0.35 0.24196 0.567693 
3.95 0.35 0.234308 0.609428 
4 0.35 0.218174 0.651357 
4.05 0.35 0.193987 0.691969 
4.1 0.35 0.162479 0.729346 
4.15 0.35 0.1247 0.761238 
4.2 0.35 0.0820086 0.785309 
4.25 0.35 0.0360377 0.799516 
4.3 0.35 -0.0113831 0.802536 
4.35 0.35 -0.0583319 0.794077 
4.4 0.35 -0.102917 0.774953 
4.45 0.35 -0.14339 0.746881 
4.5 0.35 -0.178244 0.712095 
4.55 0.35 -0.206265 0.67293 
4.6 0.35 -0.226557 0.631492 
4.65 0.35 -0.238538 0.589504 
4.7 0.35 -0.241918 0.54829 
4.75 0.35 -0.23668 0.508862 
4.8 0.35 -0.223059 0.472049 
4.85 0.35 -0.201535 0.438609 
4.9 0.35 -0.172828 0.409315 
4.95 0.35 -0.137892 0.384973 
5 0.35 -0.0979082 0.366399 
0 0.4 -0.152404 0.351942 
0.05 0.4 -0.108403 0.331394 
0.1 0.4 -0.0603565 0.31783 
0.15 0.4 -0.0100136 0.311979 
0.2 0.4 0.0407599 0.314173 
0.25 0.4 0.0900779 0.324287 
0.3 0.4 0.136129 0.341764 
0.35 0.4 0.177259 0.365738 
0.4 0.4 0.212034 0.395179 
0.45 0.4 0.239277 0.429046 
0.5 0.4 0.258084 0.466375 
0.55 0.4 0.267832 0.506301 
0.6 0.4 0.268167 0.547997 
0.65 0.4 0.259015 0.590561 
0.7 0.4 0.240584 0.632881 
0.75 0.4 0.213385 0.673504 
0.8 0.4 0.178252 0.710595 
0.85 0.4 0.136352 0.742015 
0.9 0.4 0.0891771 0.765553 
0.95 0.4 0.0384991 0.779294 
1 0.4 -0.0137074 0.782009 
1.05 0.4 -0.0653754 0.773446 
1.1 0.4 -0.114471 0.754389 
1.15 0.4 -0.159111 0.726469 
1.2 0.4 -0.197662 0.691805 
1.25 0.4 -0.228795 0.652609 
1.3 0.4 -0.251516 0.61088 
1.35 0.4 -0.265158 0.568254 
1.4 0.4 -0.269368 0.525991 
1.45 0.4 -0.264084 0.485076 
1.5 0.4 -0.249525 0.446352 
1.55 0.4 -0.22618 0.410651 
1.6 0.4 -0.194819 0.378887 
1.65 0.4 -0.156485 0.35207 
1.7 0.4 -0.112492 0.331247 
1.75 0.4 -0.0643905 0.317381 
1.8 0.4 -0.0139227 0.311195 
1.85 0.4 0.037056 0.313035 
1.9 0.4 0.0866639 0.322798 
1.95 0.4 0.133087 0.339954 
2 0.4 0.17466 0.363654 
2.05 0.4 0.209935 0.392877 
2.1 0.4 0.237718 0.426582 
2.15 0.4 0.257088 0.463799 
2.2 0.4 0.267404 0.503657 
2.25 0.4 0.268299 0.545331 
2.3 0.4 0.259682 0.587924 
2.35 0.4 0.241749 0.630336 
2.4 0.4 0.214997 0.671133 
2.45 0.4 0.180246 0.708496 
2.5 0.4 0.13865 0.740291 
2.55 0.4 0.0916901 0.7643 
2.6 0.4 0.0411315 0.778578 
2.65 0.4 -0.0110532 0.781854 
2.7 0.4 -0.0627929 0.773823 
2.75 0.4 -0.112043 0.75522 
2.8 0.4 -0.156907 0.727648 
2.85 0.4 -0.195731 0.693215 
2.9 0.4 -0.227168 0.654142 
2.95 0.4 -0.250205 0.612448 
3 0.4 -0.264162 0.569791 
3.05 0.4 -0.268671 0.527456 
3.1 0.4 -0.263661 0.486444 
3.15 0.4 -0.249345 0.447609 
3.2 0.4 -0.226209 0.41179 
3.25 0.4 -0.19502 0.379906 
3.3 0.4 -0.156821 0.352967 
3.35 0.4 -0.112928 0.332026 
3.4 0.4 -0.0648952 0.31805 
3.45 0.4 -0.0144689 0.311767 
3.5 0.4 0.0364892 0.313528 
3.55 0.4 0.0860907 0.323235 
3.6 0.4 0.132513 0.34036 
3.65 0.4 0.174085 0.364056 
3.7 0.4 0.20935 0.393299 
3.75 0.4 0.237106 0.427044 
3.8 0.4 0.256431 0.464317 
3.85 0.4 0.266677 0.504239 
3.9 0.4 0.26748 0.545973 
3.95 0.4 0.258752 0.588615 
4 0.4 0.240693 0.631047 
4.05 0.4 0.21381 0.67182 
4.1 0.4 0.178934 0.709099 
4.15 0.4 0.137233 0.740743 
4.2 0.4 0.0902021 0.764532 
4.25 0.4 0.03962 0.778535 
4.3 0.4 -0.0125294 0.781503 
4.35 0.4 -0.0641665 0.77316 
4.4 0.4 -0.113242 0.754274 
4.45 0.4 -0.157858 0.726464 
4.5 0.4 -0.196363 0.691848 
4.55 0.4 -0.227413 0.652646 
4.6 0.4 -0.250002 0.610867 
4.65 0.4 -0.263455 0.56816 
4.7 0.4 -0.267416 0.525805 
4.75 0.4 -0.261824 0.484803 
4.8 0.4 -0.246905 0.446017 
4.85 0.4 -0.223161 0.410304 
4.9 0.4 -0.191378 0.378601 
4.95 0.4 -0.152624 0.351942 
5 0.4 -0.108246 0.331394 
0 0.45 -0.161732 0.327568 
0.05 0.45 -0.114947 0.304979 
0.1 0.45 -0.0638367 0.289978 
0.15 0.45 -0.0102618 0.283516 
0.2 0.45 0.0437737 0.286025 
0.25 0.45 0.0962348 0.297333 
0.3 0.45 0.145166 0.316697 
0.35 0.45 0.188789 0.342969 
0.4 0.45 0.22557 0.374806 
0.45 0.45 0.254266 0.41088 
0.5 0.45 0.273939 0.450004 
0.55 0.45 0.283957 0.49117 
0.6 0.45 0.283986 0.533488 
0.65 0.45 0.273986 0.576063 
0.7 0.45 0.254218 0.617844 
0.75 0.45 0.225257 0.657502 
0.8 0.45 0.188008 0.693371 
0.85 0.45 0.143715 0.723525 
0.9 0.45 0.0939454 0.745988 
0.95 0.45 0.0405464 0.759053 
1 0.45 -0.0144341 0.761633 
1.05 0.45 -0.0688576 0.753501 
1.1 0.45 -0.120617 0.735354 
1.15 0.45 -0.167757 0.70864 
1.2 0.45 -0.208565 0.67525 
1.25 0.45 -0.241637 0.637169 
1.3 0.45 -0.265903 0.596202 
1.35 0.45 -0.280628 0.553839 
1.4 0.45 -0.2854 0.511251 
1.45 0.45 -0.28011 0.469385 
1.5 0.45 -0.264949 0.429115 
1.55 0.45 -0.240401 0.391378 
1.6 0.45 -0.207252 0.357273 
1.65 0.45 -0.166598 0.328072 
1.7 0.45 -0.119832 0.305132 
1.75 0.45 -0.0686204 0.289726 
1.8 0.45 -0.0148436 0.282818 
1.85 0.45 0.0394874 0.284871 
1.9 0.45 0.092332 0.295749 
1.95 0.45 0.141726 0.314739 
2 0.45 0.185877 0.340713 
2.05 0.45 0.223236 0.372333 
2.1 0.45 0.252543 0.408264 
2.15 0.45 0.272841 0.447309 
2.2 0.45 0.283481 0.488445 
2.25 0.45 0.284115 0.530779 
2.3 0.45 0.274688 0.573418 
2.35 0.45 0.25545 0.61532 
2.4 0.45 0.22696 0.65517 
2.45 0.45 0.190112 0.691318 
2.5 0.45 0.146135 0.721842 
2.55 0.45 0.0965893 0.744758 
2.6 0.45 0.0433141 0.758334 
2.65 0.45 -0.0116438 0.761442 
2.7 0.45 -0.0661412 0.753811 
2.75 0.45 -0.118061 0.736094 
2.8 0.45 -0.165431 0.709714 
2.85 0.45 -0.206522 0.67655 
2.9 0.45 -0.23991 0.638597 
2.95 0.45 -0.264507 0.597675 
3 0.45 -0.279561 0.555298 
3.05 0.45 -0.284647 0.512654 
3.1 0.45 -0.279648 0.470707 
3.15 0.45 -0.264745 0.430339 
3.2 0.45 -0.24042 0.392495 
3.25 0.45 -0.207456 0.358275 
3.3 0.45 -0.166948 0.328954 
3.35 0.45 -0.120292 0.305893 
3.4 0.45 -0.0691566 0.29037 
3.45 0.45 -0.0154268 0.283354 
3.5 0.45 0.03888 0.285318 
3.55 0.45 0.0917157 0.296129 
3.6 0.45 0.141108 0.315081 
3.65 0.45 0.185256 0.341044 
3.7 0.45 0.222604 0.372681 
3.75 0.45 0.251882 0.40865 
3.8 0.45 0.272131 0.447747 
3.85 0.45 0.282699 0.488944 
3.9 0.45 0.283236 0.531337 
3.95 0.45 0.273692 0.574019 
4 0.45 0.254321 0.615939 
4.05 0.45 0.225694 0.655764 
4.1 0.45 0.188716 0.691831 
4.15 0.45 0.14463 0.72221 
4.2 0.45 0.09501 0.744915 
4.25 0.45 0.0417105 0.758227 
4.3 0.45 -0.0132098 0.761037 
4.35 0.45 -0.0675983 0.7531 
4.4 0.45 -0.119332 0.735095 
4.45 0.45 -0.166435 0.708462 
4.5 0.45 -0.207179 0.675091 
4.55 0.45 -0.240141 0.63697 
4.6 0.45 -0.264237 0.595918 
4.65 0.45 -0.278721 0.553436 
4.7 0.45 -0.283176 0.510715 
4.75 0.45 -0.277494 0.468723 
4.8 0.45 -0.261873 0.428361 
4.85 0.45 -0.236815 0.390598 
4.9 0.45 -0.203135 0.356566 
4.95 0.45 -0.16197 0.327568 
5 0.45 -0.114778 0.304979 
0 0.5 -0.165198 0.308116 
0.05 0.5 -0.117346 0.283529 
0.1 0.5 -0.0650291 0.267113 
0.15 0.5 -0.0101617 0.260051 
0.2 0.5 0.0451785 0.262886 
0.25 0.5 0.0988756 0.275391 
0.3 0.5 0.148898 0.296626 
0.35 0.5 0.193405 0.325142 
0.4 0.5 0.230822 0.359268 
0.45 0.5 0.259888 0.397371 
0.5 0.5 0.279669 0.438031 
0.55 0.5 0.289552 0.480083 
0.6 0.5 0.289238 0.522565 
0.65 0.5 0.278732 0.564586 
0.7 0.5 0.258339 0.605176 
0.75 0.5 0.22868 0.643157 
0.8 0.5 0.190699 0.677088 
0.85 0.5 0.145669 0.705328 
0.9 0.5 0.0951745 0.726206 
0.95 0.5 0.0410657 0.738291 
1 0.5 -0.0146162 0.740673 
1.05 0.5 -0.069744 0.733165 
1.1 0.5 -0.122221 0.716346 
1.15 0.5 -0.170092 0.691429 
1.2 0.5 -0.211636 0.660006 
1.25 0.5 -0.245424 0.62376 
1.3 0.5 -0.270352 0.584242 
1.35 0.5 -0.28564 0.542753 
1.4 0.5 -0.290829 0.500347 
1.45 0.5 -0.285765 0.457934 
1.5 0.5 -0.270596 0.416422 
1.55 0.5 -0.245779 0.376863 
1.6 0.5 -0.212085 0.340557 
1.65 0.5 -0.170617 0.309052 
1.7 0.5 -0.122799 0.284035 
1.75 0.5 -0.0703497 0.267101 
1.8 0.5 -0.0152237 0.259473 
1.85 0.5 0.0404811 0.26174 
1.9 0.5 0.0946342 0.273725 
1.95 0.5 0.14519 0.294528 
2 0.5 0.190289 0.32272 
2.05 0.5 0.228342 0.356631 
2.1 0.5 0.258066 0.394617 
2.15 0.5 0.278511 0.435233 
2.2 0.5 0.289047 0.4773 
2.25 0.5 0.289362 0.519842 
2.3 0.5 0.279446 0.561968 
2.35 0.5 0.259593 0.602711 
2.4 0.5 0.230411 0.640904 
2.45 0.5 0.192834 0.67512 
2.5 0.5 0.148121 0.703719 
2.55 0.5 0.097849 0.725024 
2.6 0.5 0.0438629 0.73758 
2.65 0.5 -0.011797 0.740446 
2.7 0.5 -0.0669988 0.733396 
2.75 0.5 -0.119635 0.716973 
2.8 0.5 -0.167736 0.692368 
2.85 0.5 -0.209562 0.661164 
2.9 0.5 -0.243667 0.625051 
2.95 0.5 -0.268926 0.585592 
3 0.5 -0.284546 0.544106 
3.05 0.5 -0.290053 0.501665 
3.1 0.5 -0.285283 0.459191 
3.15 0.5 -0.270379 0.417599 
3.2 0.5 -0.24579 0.377946 
3.25 0.5 -0.212287 0.341534 
3.3 0.5 -0.170971 0.309913 
3.35 0.5 -0.123268 0.284772 
3.4 0.5 -0.0708987 0.267714 
3.45 0.5 -0.0158228 0.259968 
3.5 0.5 0.0398555 0.262134 
3.55 0.5 0.0939984 0.274043 
3.6 0.5 0.144551 0.294798 
3.65 0.5 0.189648 0.322973 
3.7 0.5 0.227688 0.356896 
3.75 0.5 0.257384 0.394915 
3.8 0.5 0.277778 0.43558 
3.85 0.5 0.288241 0.477703 
3.9 0.5 0.288458 0.520297 
3.95 0.5 0.278423 0.562461 
4 0.5 0.258437 0.603216 
4.05 0.5 0.229117 0.641383 
4.1 0.5 0.191408 0.67552 
4.15 0.5 0.146585 0.703981 
4.2 0.5 0.0962374 0.725089 
4.25 0.5 0.042226 0.737398 
4.3 0.5 -0.0133967 0.739982 
4.35 0.5 -0.0684884 0.732636 
4.4 0.5 -0.120935 0.715926 
4.45 0.5 -0.168761 0.691057 
4.5 0.5 -0.210226 0.659618 
4.55 0.5 -0.243883 0.623297 
4.6 0.5 -0.26861 0.583655 
4.65 0.5 -0.283616 0.542005 
4.7 0.5 -0.288434 0.499423 
4.75 0.5 -0.282912 0.456841 
4.8 0.5 -0.267206 0.415201 
4.85 0.5 -0.241795 0.375598 
4.9 0.5 -0.207488 0.339374 
4.95 0.5 -0.165444 0.308116 
5 0.5 -0.117171 0.283529 
0 0.55 -0.162589 0.290485 
0.05 0.55 -0.115454 0.264176 
0.1 0.55 -0.063869 0.246534 
0.15 0.55 -0.00973902 0.238961 
0.2 0.55 0.044858 0.242095 
0.25 0.55 0.0978013 0.25566 
0.3 0.55 0.147058 0.27853 
0.35 0.55 0.190792 0.308982 
0.4 0.55 0.227451 0.345041 
0.45 0.55 0.255802 0.384798 
0.5 0.55 0.27495 0.426613 
0.55 0.55 0.284329 0.469174 
0.6 0.55 0.283686 0.511446 
0.65 0.55 0.273068 0.552537 
0.7 0.55 0.252815 0.591556 
0.75 0.55 0.223569 0.627483 
0.8 0.55 0.186277 0.659124 
0.85 0.55 0.142193 0.685142 
0.9 0.55 0.0928568 0.704202 
0.95 0.55 0.040055 0.715169 
1 0.55 -0.0142534 0.717326 
1.05 0.55 -0.0680313 0.710527 
1.1 0.55 -0.119269 0.695226 
1.15 0.55 -0.166085 0.672382 
1.2 0.55 -0.206812 0.64326 
1.25 0.55 -0.240052 0.609218 
1.3 0.55 -0.264707 0.571528 
1.35 0.55 -0.279984 0.531288 
1.4 0.55 -0.285396 0.489439 
1.45 0.55 -0.280747 0.446853 
1.5 0.55 -0.26614 0.404475 
1.55 0.55 -0.241983 0.363474 
1.6 0.55 -0.209006 0.325335 
1.65 0.55 -0.168274 0.291862 
1.7 0.55 -0.121188 0.265043 
1.75 0.55 -0.0694571 0.246773 
1.8 0.55 -0.0150359 0.238511 
1.85 0.55 0.0399674 0.240966 
1.9 0.55 0.0934108 0.253924 
1.95 0.55 0.143242 0.276306 
2 0.55 0.187606 0.30641 
2.05 0.55 0.224928 0.342259 
2.1 0.55 0.253958 0.381923 
2.15 0.55 0.273783 0.423733 
2.2 0.55 0.28382 0.466354 
2.25 0.55 0.283805 0.508732 
2.3 0.55 0.27377 0.549969 
2.35 0.55 0.254047 0.589173 
2.4 0.55 0.225266 0.625334 
2.45 0.55 0.188364 0.657262 
2.5 0.55 0.144585 0.683626 
2.55 0.55 0.0954621 0.703081 
2.6 0.55 0.0427769 0.714475 
2.65 0.55 -0.0115117 0.717066 
2.7 0.55 -0.0653614 0.710676 
2.75 0.55 -0.116752 0.695733 
2.8 0.55 -0.163789 0.673175 
2.85 0.55 -0.204788 0.644264 
2.9 0.55 -0.238333 0.610358 
2.95 0.55 -0.263309 0.57274 
3 0.55 -0.278909 0.532524 
3.05 0.55 -0.28463 0.490662 
3.1 0.55 -0.280269 0.448035 
3.15 0.55 -0.265921 0.405596 
3.2 0.55 -0.24199 0.364515 
3.25 0.55 -0.209201 0.326279 
3.3 0.55 -0.168621 0.292695 
3.35 0.55 -0.12165 0.265752 
3.4 0.55 -0.0699992 0.247352 
3.45 0.55 -0.0156288 0.238965 
3.5 0.55 0.0393476 0.241308 
3.55 0.55 0.0927806 0.25418 
3.6 0.55 0.142609 0.276506 
3.65 0.55 0.18697 0.306586 
3.7 0.55 0.224281 0.342441 
3.75 0.55 0.253283 0.382133 
3.8 0.55 0.27306 0.423987 
3.85 0.55 0.283025 0.466656 
3.9 0.55 0.282914 0.509079 
3.95 0.55 0.272764 0.550347 
4 0.55 0.252911 0.589556 
4.05 0.55 0.223995 0.625686 
4.1 0.55 0.186964 0.657538 
4.15 0.55 0.143076 0.683772 
4.2 0.55 0.0938786 0.703045 
4.25 0.55 0.0411669 0.71421 
4.3 0.55 -0.0130875 0.716538 
4.35 0.55 -0.0668316 0.709866 
4.4 0.55 -0.118037 0.694638 
4.45 0.55 -0.164804 0.671806 
4.5 0.55 -0.205444 0.642633 
4.55 0.55 -0.23854 0.60848 
4.6 0.55 -0.262975 0.570628 
4.65 0.55 -0.277945 0.530187 
4.7 0.55 -0.282953 0.488118 
4.75 0.55 -0.277805 0.445321 
4.8 0.55 -0.262615 0.402782 
4.85 0.55 -0.237815 0.361717 
4.9 0.55 -0.204177 0.323667 
4.95 0.55 -0.162833 0.290485 
5 0.55 -0.11528 0.264176 
0 0.6 -0.153967 0.272271 
0.05 0.6 -0.109315 0.244825 
0.1 0.6 -0.0603917 0.226364 
0.15 0.6 -0.00902416 0.218456 
0.2 0.6 0.0427866 0.221814 
0.25 0.6 0.0929961 0.236123 
0.3 0.6 0.139648 0.260111 
0.35 0.6 0.180985 0.291845 
0.4 0.6 0.21553 0.329121 
0.45 0.6 0.24213 0.369822 
0.5 0.6 0.259961 0.412141 
0.55 0.6 0.268521 0.454653 
0.6 0.6 0.267609 0.496262 
0.65 0.6 0.257308 0.536074 
0.7 0.6 0.237976 0.573266 
0.75 0.6 0.210247 0.606967 
0.8 0.6 0.175034 0.636209 
0.85 0.6 0.133522 0.659949 
0.9 0.6 0.0871533 0.677168 
0.95 0.6 0.0375855 0.687011 
1 0.6 -0.0133715 0.688943 
1.05 0.6 -0.0638394 0.682855 
1.1 0.6 -0.111964 0.669085 
1.15 0.6 -0.156003 0.648351 
1.2 0.6 -0.194404 0.621611 
1.25 0.6 -0.22585 0.589912 
1.3 0.6 -0.249293 0.554262 
1.35 0.6 -0.263962 0.515575 
1.4 0.6 -0.26936 0.474685 
1.45 0.6 -0.265267 0.432432 
1.5 0.6 -0.251737 0.389797 
1.55 0.6 -0.229121 0.348039 
1.6 0.6 -0.198079 0.308789 
1.65 0.6 -0.159602 0.274043 
1.7 0.6 -0.115013 0.246015 
1.75 0.6 -0.0659457 0.22683 
1.8 0.6 -0.0142802 0.21813 
1.85 0.6 0.037948 0.220714 
1.9 0.6 0.0886692 0.234342 
1.95 0.6 0.135904 0.257795 
2 0.6 0.177873 0.289164 
2.05 0.6 0.213079 0.326236 
2.1 0.6 0.240348 0.366868 
2.15 0.6 0.258838 0.409217 
2.2 0.6 0.268034 0.451829 
2.25 0.6 0.267722 0.493583 
2.3 0.6 0.257975 0.533577 
2.35 0.6 0.239142 0.570983 
2.4 0.6 0.211849 0.604933 
2.45 0.6 0.176998 0.634464 
2.5 0.6 0.135768 0.658533 
2.55 0.6 0.0895949 0.676114 
2.6 0.6 0.0401329 0.68634 
2.65 0.6 -0.0108076 0.688655 
2.7 0.6 -0.0613433 0.682928 
2.75 0.6 -0.109611 0.669477 
2.8 0.6 -0.153855 0.649004 
2.85 0.6 -0.192508 0.622464 
2.9 0.6 -0.224238 0.590903 
2.95 0.6 -0.24798 0.555338 
3 0.6 -0.262949 0.516693 
3.05 0.6 -0.268638 0.475808 
3.1 0.6 -0.264815 0.433534 
3.15 0.6 -0.25153 0.390854 
3.2 0.6 -0.229127 0.34903 
3.25 0.6 -0.198264 0.309693 
3.3 0.6 -0.159931 0.27484 
3.35 0.6 -0.115452 0.246689 
3.4 0.6 -0.0664614 0.227371 
3.45 0.6 -0.0148444 0.218541 
3.5 0.6 0.0373584 0.221006 
3.55 0.6 0.0880701 0.23454 
3.6 0.6 0.135303 0.257931 
3.65 0.6 0.177271 0.289269 
3.7 0.6 0.212467 0.326342 
3.75 0.6 0.23971 0.366996 
3.8 0.6 0.258156 0.409382 
3.85 0.6 0.267285 0.452035 
3.9 0.6 0.266883 0.493826 
3.95 0.6 0.257027 0.533843 
4 0.6 0.238072 0.571246 
4.05 0.6 0.210651 0.605162 
4.1 0.6 0.175678 0.634617 
4.15 0.6 0.134344 0.658564 
4.2 0.6 0.0880986 0.675977 
4.25 0.6 0.0386088 0.685992 
4.3 0.6 -0.0123028 0.688063 
4.35 0.6 -0.0627425 0.682068 
4.4 0.6 -0.110838 0.668337 
4.45 0.6 -0.154829 0.647581 
4.5 0.6 -0.193141 0.620758 
4.55 0.6 -0.224439 0.588915 
4.6 0.6 -0.247658 0.55307 
4.65 0.6 -0.262012 0.514147 
4.7 0.6 -0.266999 0.473 
4.75 0.6 -0.262396 0.430502 
4.8 0.6 -0.248272 0.387678 
4.85 0.6 -0.225002 0.345843 
4.9 0.6 -0.193291 0.306689 
4.95 0.6 -0.1542 0.272271 
5 0.6 -0.10915 0.244825 
0 0.65 -0.139701 0.251697 
0.05 0.65 -0.0991861 0.224015 
0.1 0.65 -0.054743 0.205361 
0.15 0.65 -0.00805209 0.197388 
0.2 0.65 0.0390409 0.200848 
0.25 0.65 0.0846492 0.215399 
0.3 0.65 0.126971 0.239694 
0.35 0.65 0.164396 0.271689 
0.4 0.65 0.195583 0.309066 
0.45 0.65 0.219495 0.349604 
0.5 0.65 0.235409 0.391416 
0.55 0.65 0.242899 0.433019 
0.6 0.65 0.241815 0.473284 
0.65 0.65 0.232267 0.511328 
0.7 0.65 0.214609 0.546385 
0.75 0.65 0.189438 0.577709 
0.8 0.65 0.157591 0.604525 
0.85 0.65 0.120143 0.626037 
0.9 0.65 0.0783864 0.641492 
0.95 0.65 0.0337973 0.65027 
1 0.65 -0.0120208 0.65199 
1.05 0.65 -0.0574064 0.646573 
1.1 0.65 -0.100718 0.63426 
1.15 0.65 -0.140409 0.615566 
1.2 0.65 -0.175092 0.591191 
1.25 0.65 -0.203581 0.561921 
1.3 0.65 -0.22492 0.528541 
1.35 0.65 -0.238391 0.491807 
1.4 0.65 -0.243519 0.452463 
1.45 0.65 -0.240068 0.411321 
1.5 0.65 -0.228058 0.369376 
1.55 0.65 -0.20777 0.327933 
1.6 0.65 -0.179779 0.288695 
1.65 0.65 -0.144966 0.253757 
1.7 0.65 -0.104528 0.225446 
1.75 0.65 -0.0599578 0.206004 
1.8 0.65 -0.0129869 0.197171 
1.85 0.65 0.0345045 0.199794 
1.9 0.65 0.0806027 0.213618 
1.95 0.65 0.123481 0.237352 
2 0.65 0.161508 0.268975 
2.05 0.65 0.193318 0.306156 
2.1 0.65 0.217856 0.346645 
2.15 0.65 0.234383 0.388513 
2.2 0.65 0.242458 0.430243 
2.25 0.65 0.241924 0.470682 
2.3 0.65 0.232879 0.508933 
2.35 0.65 0.21567 0.544222 
2.4 0.65 0.190888 0.575804 
2.45 0.65 0.159363 0.602904 
2.5 0.65 0.122164 0.624726 
2.55 0.65 0.0805792 0.640511 
2.6 0.65 0.0360816 0.649629 
2.65 0.65 -0.00972406 0.651685 
2.7 0.65 -0.0551716 0.646584 
2.75 0.65 -0.0986114 0.634553 
2.8 0.65 -0.138486 0.616096 
2.85 0.65 -0.173394 0.591908 
2.9 0.65 -0.202136 0.562775 
2.95 0.65 -0.223742 0.529488 
3 0.65 -0.237482 0.492807 
3.05 0.65 -0.24287 0.453485 
3.1 0.65 -0.239664 0.412336 
3.15 0.65 -0.227873 0.370359 
3.2 0.65 -0.207779 0.328862 
3.25 0.65 -0.17995 0.289546 
3.3 0.65 -0.145267 0.254507 
3.35 0.65 -0.104929 0.226076 
3.4 0.65 -0.0604283 0.206503 
3.45 0.65 -0.013501 0.197538 
3.5 0.65 0.0339681 0.20004 
3.55 0.65 0.0800588 0.213766 
3.6 0.65 0.122938 0.237433 
3.65 0.65 0.160964 0.269021 
3.7 0.65 0.192766 0.306198 
3.75 0.65 0.217283 0.346704 
3.8 0.65 0.23377 0.388602 
3.85 0.65 0.241786 0.430366 
3.9 0.65 0.24117 0.470834 
3.95 0.65 0.232027 0.509099 
4 0.65 0.214707 0.544379 
4.05 0.65 0.189809 0.575922 
4.1 0.65 0.158172 0.602947 
4.15 0.65 0.120878 0.624655 
4.2 0.65 0.0792249 0.640284 
4.25 0.65 0.0346986 0.649208 
4.3 0.65 -0.0110851 0.651037 
4.35 0.65 -0.0564503 0.645683 
4.4 0.65 -0.099739 0.633379 
4.45 0.65 -0.139387 0.614636 
4.5 0.65 -0.173986 0.590152 
4.55 0.65 -0.202335 0.560713 
4.6 0.65 -0.22346 0.527114 
4.65 0.65 -0.23663 0.490119 
4.7 0.65 -0.241362 0.450497 
4.75 0.65 -0.237424 0.409089 
4.8 0.65 -0.224844 0.366939 
4.85 0.65 -0.203932 0.325412 
4.9 0.65 -0.175305 0.286281 
4.95 0.65 -0.13991 0.251697 
5 0.65 -0.0990378 0.224015 
0 0.7 -0.120505 0.227531 
0.05 0.7 -0.0855677 0.200778 
0.1 0.7 -0.0471975 0.182736 
0.15 0.7 -0.00686483 0.175043 
0.2 0.7 0.0338129 0.178438 
0.25 0.7 0.0731826 0.192581 
0.3 0.7 0.109669 0.216129 
0.35 0.7 0.141873 0.247054 
0.4 0.7 0.168635 0.283062 
0.45 0.7 0.189074 0.321959 
0.5 0.7 0.202584 0.361881 
0.55 0.7 0.208823 0.40136 
0.6 0.7 0.20769 0.439286 
0.65 0.7 0.199303 0.474805 
0.7 0.7 0.183992 0.507208 
0.75 0.7 0.162285 0.535853 
0.8 0.7 0.134912 0.560117 
0.85 0.7 0.102798 0.579394 
0.9 0.7 0.0670449 0.593134 
0.95 0.7 0.0289019 0.600897 
1 0.7 -0.010277 0.602415 
1.05 0.7 -0.0490916 0.597635 
1.1 0.7 -0.0861576 0.586722 
1.15 0.7 -0.120168 0.57004 
1.2 0.7 -0.149942 0.548092 
1.25 0.7 -0.174467 0.521461 
1.3 0.7 -0.192913 0.490762 
1.35 0.7 -0.204651 0.456623 
1.4 0.7 -0.20925 0.41971 
1.45 0.7 -0.206484 0.380795 
1.5 0.7 -0.19634 0.340852 
1.55 0.7 -0.179036 0.301171 
1.6 0.7 -0.155044 0.263439 
1.65 0.7 -0.125109 0.229725 
1.7 0.7 -0.0902609 0.202333 
1.75 0.7 -0.0517937 0.183487 
1.8 0.7 -0.0112208 0.174915 
1.85 0.7 0.029809 0.17746 
1.9 0.7 0.0696165 0.190868 
1.95 0.7 0.106602 0.213855 
2 0.7 0.139343 0.244415 
2.05 0.7 0.16666 0.280239 
2.1 0.7 0.187652 0.3191 
2.15 0.7 0.2017 0.359092 
2.2 0.7 0.20845 0.398713 
2.25 0.7 0.207792 0.436826 
2.3 0.7 0.199838 0.47256 
2.35 0.7 0.184911 0.505201 
2.4 0.7 0.163534 0.534101 
2.45 0.7 0.136434 0.558636 
2.5 0.7 0.104529 0.578199 
2.55 0.7 0.068918 0.592236 
2.6 0.7 0.0308498 0.600298 
2.65 0.7 -0.008321 0.602109 
2.7 0.7 -0.04719 0.597603 
2.75 0.7 -0.084366 0.586937 
2.8 0.7 -0.118532 0.570466 
2.85 0.7 -0.148499 0.54869 
2.9 0.7 -0.173238 0.522191 
2.95 0.7 -0.191912 0.491586 
3 0.7 -0.203879 0.457507 
3.05 0.7 -0.208701 0.420624 
3.1 0.7 -0.206142 0.381712 
3.15 0.7 -0.196187 0.341747 
3.2 0.7 -0.179049 0.302021 
3.25 0.7 -0.155196 0.264219 
3.3 0.7 -0.125373 0.230413 
3.35 0.7 -0.09061 0.202908 
3.4 0.7 -0.0522023 0.183936 
3.45 0.7 -0.0116659 0.175236 
3.5 0.7 0.029346 0.177663 
3.55 0.7 0.0691487 0.190975 
3.6 0.7 0.106136 0.213895 
3.65 0.7 0.138879 0.244418 
3.7 0.7 0.166191 0.280234 
3.75 0.7 0.187166 0.319107 
3.8 0.7 0.201181 0.359123 
3.85 0.7 0.20788 0.398771 
3.9 0.7 0.207153 0.436905 
3.95 0.7 0.199114 0.472646 
4 0.7 0.184091 0.505272 
4.05 0.7 0.162613 0.53413 
4.1 0.7 0.135415 0.558593 
4.15 0.7 0.103426 0.578048 
4.2 0.7 0.0677531 0.591941 
4.25 0.7 0.0296563 0.599826 
4.3 0.7 -0.00950024 0.601428 
4.35 0.7 -0.0483033 0.596685 
4.4 0.7 -0.0853542 0.585759 
4.45 0.7 -0.119329 0.569008 
4.5 0.7 -0.149033 0.546935 
4.55 0.7 -0.173434 0.520123 
4.6 0.7 -0.191689 0.489194 
4.65 0.7 -0.203158 0.454788 
4.7 0.7 -0.207402 0.417591 
4.75 0.7 -0.204198 0.378408 
4.8 0.7 -0.193545 0.338261 
4.85 0.7 -0.175684 0.298502 
4.9 0.7 -0.151127 0.260882 
4.95 0.7 -0.120678 0.227531 
5 0.7 -0.0854449 0.200778 
0 0.75 -0.0974946 0.199053 
0.05 0.75 -0.0692426 0.174542 
0.1 0.75 -0.0381805 0.158014 
0.15 0.75 -0.00551586 0.15098 
0.2 0.75 0.0274238 0.154124 
0.25 0.75 0.0592829 0.167125 
0.3 0.75 0.0887728 0.188737 
0.35 0.75 0.114753 0.217082 
0.4 0.75 0.136289 0.250035 
0.45 0.75 0.152676 0.285563 
0.5 0.75 0.16344 0.321935 
0.55 0.75 0.168323 0.357786 
0.6 0.75 0.167265 0.392078 
0.65 0.75 0.160379 0.424019 
0.7 0.75 0.147946 0.452973 
0.75 0.75 0.130405 0.478387 
0.8 0.75 0.108348 0.499757 
0.85 0.75 0.0825205 0.51662 
0.9 0.75 0.0538029 0.528571 
0.95 0.75 0.0231901 0.535298 
1 0.75 -0.00824387 0.536613 
1.05 0.75 -0.0393892 0.532476 
1.1 0.75 -0.0691484 0.523006 
1.15 0.75 -0.0964826 0.508456 
1.2 0.75 -0.120451 0.489191 
1.25 0.75 -0.14024 0.465646 
1.3 0.75 -0.155178 0.438306 
1.35 0.75 -0.16475 0.407693 
1.4 0.75 -0.168594 0.374395 
1.45 0.75 -0.166509 0.33912 
1.5 0.75 -0.158466 0.302777 
1.55 0.75 -0.144622 0.266572 
1.6 0.75 -0.125338 0.232071 
1.65 0.75 -0.101207 0.201196 
1.7 0.75 -0.0730549 0.176082 
1.75 0.75 -0.0419354 0.158788 
1.8 0.75 -0.00908645 0.150919 
1.85 0.75 0.0241383 0.153255 
1.9 0.75 0.0563587 0.165561 
1.95 0.75 0.086263 0.186646 
2 0.75 0.11269 0.21465 
2.05 0.75 0.134685 0.247435 
2.1 0.75 0.151528 0.282935 
2.15 0.75 0.162732 0.31938 
2.2 0.75 0.168032 0.355371 
2.25 0.75 0.167358 0.389845 
2.3 0.75 0.16082 0.421995 
2.35 0.75 0.148695 0.451173 
2.4 0.75 0.131416 0.476825 
2.45 0.75 0.109574 0.498443 
2.5 0.75 0.083911 0.515562 
2.55 0.75 0.0553043 0.527773 
2.6 0.75 0.0247485 0.534758 
2.65 0.75 -0.00668118 0.536323 
2.7 0.75 -0.0378717 0.532421 
2.75 0.75 -0.0677201 0.523162 
2.8 0.75 -0.0951801 0.508796 
2.85 0.75 -0.119302 0.489683 
2.9 0.75 -0.139263 0.466259 
2.95 0.75 -0.154384 0.439007 
3 0.75 -0.164139 0.408454 
3.05 0.75 -0.168161 0.375189 
3.1 0.75 -0.166243 0.339923 
3.15 0.75 -0.158351 0.303565 
3.2 0.75 -0.144639 0.267322 
3.25 0.75 -0.125467 0.23276 
3.3 0.75 -0.101425 0.201803 
3.35 0.75 -0.073341 0.176587 
3.4 0.75 -0.0422684 0.159179 
3.45 0.75 -0.0094476 0.151193 
3.5 0.75 0.0237642 0.153419 
3.55 0.75 0.0559825 0.165635 
3.6 0.75 0.0858902 0.186657 
3.65 0.75 0.11232 0.214626 
3.7 0.75 0.134313 0.2474 
3.75 0.75 0.151144 0.282908 
3.8 0.75 0.162323 0.319372 
3.85 0.75 0.167582 0.355383 
3.9 0.75 0.166853 0.389871 
3.95 0.75 0.160247 0.422022 
4 0.75 0.148043 0.451183 
4.05 0.75 0.130681 0.476793 
4.1 0.75 0.108759 0.498343 
4.15 0.75 0.0830247 0.515363 
4.2 0.75 0.0543651 0.527445 
4.25 0.75 0.0237823 0.534271 
4.3 0.75 -0.00764036 0.535647 
4.35 0.75 -0.0387826 0.53153 
4.4 0.75 -0.0685347 0.522032 
4.45 0.75 -0.0958447 0.507405 
4.5 0.75 -0.119758 0.488011 
4.55 0.75 -0.139447 0.464287 
4.6 0.75 -0.154229 0.436724 
4.65 0.75 -0.163578 0.405856 
4.7 0.75 -0.167128 0.372291 
4.75 0.75 -0.16468 0.336767 
4.8 0.75 -0.156215 0.300239 
4.85 0.75 -0.141911 0.263967 
4.9 0.75 -0.122166 0.229581 
4.95 0.75 -0.0976179 0.199053 
5 0.75 -0.0691545 0.174542 
0 0.8 -0.0722434 0.166049 
0.05 0.8 -0.051319 0.14507 
0.1 0.8 -0.0282934 0.130934 
0.15 0.8 -0.00407645 0.12493 
0.2 0.8 0.0203372 0.127638 
0.25 0.8 0.0439328 0.13878 
0.3 0.8 0.0657471 0.157289 
0.35 0.8 0.0849317 0.181559 
0.4 0.8 0.100796 0.209769 
0.45 0.8 0.112825 0.240171 
0.5 0.8 0.120682 0.271271 
0.55 0.8 0.124189 0.301883 
0.6 0.8 0.123314 0.331103 
0.65 0.8 0.118154 0.358241 
0.7 0.8 0.108926 0.38275 
0.75 0.8 0.0959576 0.404172 
0.8 0.8 0.0796909 0.422105 
0.85 0.8 0.060673 0.436197 
0.9 0.8 0.0395488 0.446149 
0.95 0.8 0.0170445 0.451736 
1 0.8 -0.00605762 0.452827 
1.05 0.8 -0.0289498 0.449395 
1.1 0.8 -0.0508329 0.441521 
1.15 0.8 -0.0709497 0.429386 
1.2 0.8 -0.0886123 0.413253 
1.25 0.8 -0.103223 0.393448 
1.3 0.8 -0.114287 0.370349 
1.35 0.8 -0.121419 0.344381 
1.4 0.8 -0.124343 0.316043 
1.45 0.8 -0.122901 0.285947 
1.5 0.8 -0.117058 0.254887 
1.55 0.8 -0.106914 0.223913 
1.6 0.8 -0.0927261 0.194384 
1.65 0.8 -0.0749214 0.167953 
1.7 0.8 -0.0541087 0.146454 
1.75 0.8 -0.0310704 0.131651 
1.8 0.8 -0.00673291 0.124915 
1.85 0.8 0.0178871 0.126914 
1.9 0.8 0.0417524 0.137446 
1.95 0.8 0.0638793 0.155495 
2 0.8 0.083401 0.179468 
2.05 0.8 0.0996111 0.207531 
2.1 0.8 0.111983 0.23791 
2.15 0.8 0.120168 0.269076 
2.2 0.8 0.123984 0.299813 
2.25 0.8 0.123393 0.329195 
2.3 0.8 0.118489 0.356516 
2.35 0.8 0.109485 0.381223 
2.4 0.8 0.096708 0.402851 
2.45 0.8 0.0805968 0.420997 
2.5 0.8 0.0616968 0.435305 
2.55 0.8 0.0406515 0.445474 
2.6 0.8 0.0181868 0.451275 
2.65 0.8 -0.00491418 0.452572 
2.7 0.8 -0.0278411 0.449332 
2.75 0.8 -0.0497908 0.441633 
2.8 0.8 -0.0700006 0.42965 
2.85 0.8 -0.0877765 0.413645 
2.9 0.8 -0.102514 0.393943 
2.95 0.8 -0.113712 0.370922 
3 0.8 -0.120978 0.345008 
3.05 0.8 -0.124032 0.316701 
3.1 0.8 -0.122713 0.286615 
3.15 0.8 -0.11698 0.255545 
3.2 0.8 -0.106933 0.224541 
3.25 0.8 -0.0928271 0.194961 
3.3 0.8 -0.0750876 0.168461 
3.35 0.8 -0.0543239 0.146875 
3.4 0.8 -0.0313191 0.131975 
3.45 0.8 -0.00700104 0.125138 
3.5 0.8 0.017611 0.127043 
3.55 0.8 0.0414765 0.137499 
3.6 0.8 0.0636077 0.155492 
3.65 0.8 0.0831336 0.179432 
3.7 0.8 0.0993437 0.207485 
3.75 0.8 0.111708 0.237868 
3.8 0.8 0.119876 0.269047 
3.85 0.8 0.123662 0.299799 
3.9 0.8 0.12303 0.329189 
3.95 0.8 0.118075 0.356508 
4 0.8 0.109012 0.381197 
4.05 0.8 0.0961731 0.402787 
4.1 0.8 0.0800006 0.420872 
4.15 0.8 0.0610459 0.435094 
4.2 0.8 0.0399586 0.445152 
4.25 0.8 0.0174706 0.450817 
4.3 0.8 -0.00562898 0.451953 
4.35 0.8 -0.0285243 0.448528 
4.4 0.8 -0.0504072 0.440621 
4.45 0.8 -0.0705102 0.42841 
4.5 0.8 -0.0881352 0.412158 
4.55 0.8 -0.102674 0.392192 
4.6 0.8 -0.113623 0.368895 
4.65 0.8 -0.120588 0.342704 
4.7 0.8 -0.123292 0.314134 
4.75 0.8 -0.121576 0.283825 
4.8 0.8 -0.115416 0.252612 
4.85 0.8 -0.104931 0.221592 
4.9 0.8 -0.0904059 0.192172 
4.95 0.8 -0.0723051 0.166049 
5 0.8 -0.0512746 0.14507 
0 0.85 -0.0468496 0.128792 
0.05 0.85 -0.0332758 0.112421 
0.1 0.85 -0.0183417 0.101408 
0.15 0.85 -0.00264416 0.0967398 
0.2 0.85 0.013171 0.0988572 
0.25 0.85 0.0284433 0.107545 
0.3 0.85 0.0425449 0.121982 
0.35 0.85 0.0549247 0.140924 
0.4 0.85 0.0651377 0.162959 
0.45 0.85 0.0728567 0.186724 
0.5 0.85 0.077871 0.211046 
0.55 0.85 0.0800755 0.234983 
0.6 0.85 0.0794579 0.257816 
0.65 0.85 0.0760874 0.278994 
0.7 0.85 0.070108 0.298084 
0.75 0.85 0.0617346 0.31473 
0.8 0.85 0.0512516 0.328631 
0.85 0.85 0.0390105 0.339527 
0.9 0.85 0.0254241 0.347206 
0.95 0.85 0.0109564 0.351512 
1 0.85 -0.0038929 0.352353 
1.05 0.85 -0.0186083 0.34971 
1.1 0.85 -0.0326796 0.343639 
1.15 0.85 -0.045623 0.334266 
1.2 0.85 -0.0569988 0.321775 
1.25 0.85 -0.0664237 0.306404 
1.3 0.85 -0.0735792 0.288431 
1.35 0.85 -0.078215 0.268183 
1.4 0.85 -0.0801504 0.24605 
1.45 0.85 -0.0792771 0.22252 
1.5 0.85 -0.0755642 0.198229 
1.55 0.85 -0.0690682 0.17401 
1.6 0.85 -0.0599457 0.150936 
1.65 0.85 -0.0484663 0.130302 
1.7 0.85 -0.0350206 0.113533 
1.75 0.85 -0.0201165 0.101997 
1.8 0.85 -0.00435948 0.0967502 
1.85 0.85 0.0115832 0.0983065 
1.9 0.85 0.0270303 0.106512 
1.95 0.85 0.0413371 0.120582 
2 0.85 0.0539385 0.139287 
2.05 0.85 0.0643784 0.161205 
2.1 0.85 0.0723208 0.18495 
2.15 0.85 0.0775488 0.209323 
2.2 0.85 0.0799529 0.233359 
2.25 0.85 0.0795177 0.256321 
2.3 0.85 0.0763106 0.277645 
2.35 0.85 0.0704742 0.296891 
2.4 0.85 0.062222 0.313701 
2.45 0.85 0.0518371 0.327768 
2.5 0.85 0.0396699 0.338833 
2.55 0.85 0.0261326 0.34668 
2.6 0.85 0.0116887 0.35115 
2.65 0.85 -0.00316124 0.352148 
2.7 0.85 -0.0179001 0.349652 
2.75 0.85 -0.0320152 0.343715 
2.8 0.85 -0.0450192 0.334459 
2.85 0.85 -0.0564682 0.322068 
2.9 0.85 -0.0659749 0.306778 
2.95 0.85 -0.0732165 0.288866 
3 0.85 -0.0779388 0.268662 
3.05 0.85 -0.0799579 0.246555 
3.1 0.85 -0.0791628 0.223034 
3.15 0.85 -0.0755206 0.198736 
3.2 0.85 -0.0690863 0.174494 
3.25 0.85 -0.0600156 0.151381 
3.3 0.85 -0.0485775 0.130693 
3.35 0.85 -0.0351625 0.113858 
3.4 0.85 -0.020279 0.102246 
3.45 0.85 -0.00453341 0.0969206 
3.5 0.85 0.0114054 0.0984039 
3.55 0.85 0.026854 0.106548 
3.6 0.85 0.041165 0.120574 
3.65 0.85 0.0537705 0.139253 
3.7 0.85 0.0642116 0.161161 
3.75 0.85 0.0721502 0.184909 
3.8 0.85 0.0773675 0.20929 
3.85 0.85 0.079753 0.233335 
3.9 0.85 0.0792916 0.256301 
3.95 0.85 0.0760513 0.277621 
4 0.85 0.0701764 0.296851 
4.05 0.85 0.0618829 0.313629 
4.1 0.85 0.0514571 0.327647 
4.15 0.85 0.0392528 0.338644 
4.2 0.85 0.0256862 0.346403 
4.25 0.85 0.0112248 0.350766 
4.3 0.85 -0.00362707 0.351637 
4.35 0.85 -0.0183486 0.348995 
4.4 0.85 -0.0324237 0.342894 
4.45 0.85 -0.0453619 0.333457 
4.5 0.85 -0.0567164 0.320869 
4.55 0.85 -0.0660973 0.305367 
4.6 0.85 -0.0731796 0.287237 
4.65 0.85 -0.0777082 0.266812 
4.7 0.85 -0.0795 0.244498 
4.75 0.85 -0.078448 0.220806 
4.8 0.85 -0.0745289 0.196402 
4.85 0.85 -0.067814 0.172157 
4.9 0.85 -0.0584837 0.14918 
4.95 0.85 -0.046837 0.128792 
5 0.85 -0.0332843 0.112421 
0 0.9 -0.0240058 0.0879861 
0.05 0.9 -0.0170154 0.0769214 
0.1 0.9 -0.00936791 0.0694999 
0.15 0.9 -0.00135364 0.0663605 
0.2 0.9 0.00670983 0.0677897 
0.25 0.9 0.0144883 0.0736451 
0.3 0.9 0.0216608 0.0833834 
0.35 0.9 0.0279457 0.096181 
0.4 0.9 0.0331176 0.111095 
0.45 0.9 0.0370136 0.127207 
0.5 0.9 0.0395311 0.143718 
0.55 0.9 0.0406216 0.159982 
0.6 0.9 0.0402833 0.1755 
0.65 0.9 0.0385544 0.189888 
0.7 0.9 0.0355096 0.202847 
0.75 0.9 0.0312583 0.214136 
0.8 0.9 0.0259442 0.22355 
0.85 0.9 0.0197444 0.230919 
0.9 0.9 0.0128667 0.236108 
0.95 0.9 0.00554479 0.239015 
1 0.9 -0.00196955 0.239582 
1.05 0.9 -0.00941643 0.237798 
1.1 0.9 -0.0165387 0.233699 
1.15 0.9 -0.0230927 0.227363 
1.2 0.9 -0.0288569 0.218909 
1.25 0.9 -0.0336384 0.208492 
1.3 0.9 -0.0372765 0.196296 
1.35 0.9 -0.0396443 0.182543 
1.4 0.9 -0.0406492 0.167502 
1.45 0.9 -0.0402335 0.151512 
1.5 0.9 -0.0383778 0.135013 
1.55 0.9 -0.035106 0.118583 
1.6 0.9 -0.0304925 0.102954 
1.65 0.9 -0.0246705 0.089003 
1.7 0.9 -0.0178364 0.0776861 
1.75 0.9 -0.0102495 0.0699118 
1.8 0.9 -0.00222127 0.0663791 
1.85 0.9 0.00590311 0.0674267 
1.9 0.9 0.013771 0.0729528 
1.95 0.9 0.0210496 0.0824402 
2 0.9 0.0274489 0.0950738 
2.05 0.9 0.0327376 0.109905 
2.1 0.9 0.0367479 0.126001 
2.15 0.9 0.0393741 0.142545 
2.2 0.9 0.0405656 0.158875 
2.25 0.9 0.0403191 0.17448 
2.3 0.9 0.0386722 0.188969 
2.35 0.9 0.0356988 0.202036 
2.4 0.9 0.0315078 0.213435 
2.45 0.9 0.0262424 0.222963 
2.5 0.9 0.020079 0.230447 
2.55 0.9 0.0132251 0.235749 
2.6 0.9 0.00591443 0.238766 
2.65 0.9 -0.00160103 0.23944 
2.7 0.9 -0.00906052 0.237755 
2.75 0.9 -0.0162056 0.233745 
2.8 0.9 -0.0227908 0.227489 
2.85 0.9 -0.0285925 0.219103 
2.9 0.9 -0.0334156 0.20874 
2.95 0.9 -0.0370974 0.196587 
3 0.9 -0.0395091 0.182865 
3.05 0.9 -0.0405561 0.167842 
3.1 0.9 -0.0401798 0.151858 
3.15 0.9 -0.0383596 0.135356 
3.2 0.9 -0.0351186 0.11891 
3.25 0.9 -0.030531 0.103255 
3.3 0.9 -0.0247294 0.0892673 
3.35 0.9 -0.0179103 0.0779051 
3.4 0.9 -0.0103332 0.0700797 
3.45 0.9 -0.00231004 0.0664943 
3.5 0.9 0.00581318 0.0674926 
3.55 0.9 0.0136827 0.0729775 
3.6 0.9 0.0209643 0.0824346 
3.65 0.9 0.0273666 0.09505 
3.7 0.9 0.0326566 0.109873 
3.75 0.9 0.0366656 0.12597 
3.8 0.9 0.0392868 0.142518 
3.85 0.9 0.0404692 0.158854 
3.9 0.9 0.0402095 0.174461 
3.95 0.9 0.0385454 0.188945 
4 0.9 0.0355521 0.202 
4.05 0.9 0.0313395 0.213377 
4.1 0.9 0.0260524 0.22287 
4.15 0.9 0.0198691 0.230307 
4.2 0.9 0.0129992 0.235548 
4.25 0.9 0.00567812 0.238492 
4.3 0.9 -0.00183994 0.239079 
4.35 0.9 -0.00929239 0.237294 
4.4 0.9 -0.016419 0.233172 
4.45 0.9 -0.0229727 0.226791 
4.5 0.9 -0.0287282 0.218269 
4.55 0.9 -0.0334891 0.207762 
4.6 0.9 -0.0370914 0.195459 
4.65 0.9 -0.0394054 0.181587 
4.7 0.9 -0.040337 0.166424 
4.75 0.9 -0.0398298 0.150328 
4.8 0.9 -0.0378686 0.133759 
4.85 0.9 -0.0344875 0.11732 
4.9 0.9 -0.0297798 0.101766 
4.95 0.9 -0.0239064 0.087986 
5 0.9 -0.0170858 0.0769215 
0 0.95 -0.00709156 0.0446528 
0.05 0.95 -0.00492974 0.0391493 
0.1 0.95 -0.0026962 0.0354776 
0.15 0.95 -0.000389742 0.0339274 
0.2 0.95 0.0019232 0.0346351 
0.25 0.95 0.00415145 0.0375325 
0.3 0.95 0.00620276 0.0423582 
0.35 0.95 0.00799606 0.0487134 
0.4 0.95 0.00946725 0.0561373 
0.45 0.95 0.0105711 0.0641767 
0.5 0.95 0.01128 0.0724319 
0.55 0.95 0.0115821 0.0805766 
0.6 0.95 0.0114782 0.0883553 
0.65 0.95 0.0109801 0.0955715 
0.7 0.95 0.0101094 0.102072 
0.75 0.95 0.00889712 0.107732 
0.8 0.95 0.00738365 0.11245 
0.85 0.95 0.00561889 0.116142 
0.9 0.95 0.0036616 0.11874 
0.95 0.95 0.00157801 0.120195 
1 0.95 -0.000560339 0.120479 
1.05 0.95 -0.00267951 0.119587 
1.1 0.95 -0.0047064 0.117534 
1.15 0.95 -0.00657181 0.114361 
1.2 0.95 -0.00821308 0.110125 
1.25 0.95 -0.00957577 0.104902 
1.3 0.95 -0.0106147 0.0987856 
1.35 0.95 -0.0112939 0.0918875 
1.4 0.95 -0.0115871 0.0843453 
1.45 0.95 -0.0114772 0.0763334 
1.5 0.95 -0.0109574 0.0680777 
1.55 0.95 -0.0100328 0.0598715 
1.6 0.95 -0.0087228 0.0520831 
1.65 0.95 -0.00706371 0.0451482 
1.7 0.95 -0.00511079 0.0395357 
1.75 0.95 -0.00293834 0.0356875 
1.8 0.95 -0.000636832 0.0339409 
1.85 0.95 0.00169286 0.0344586 
1.9 0.95 0.00394749 0.0371919 
1.95 0.95 0.00602997 0.0418917 
2 0.95 0.0078566 0.0481635 
2.05 0.95 0.00936149 0.0555441 
2.1 0.95 0.010498 0.0635736 
2.15 0.95 0.0112379 0.071844 
2.2 0.95 0.0115685 0.0800209 
2.25 0.95 0.0114905 0.0878429 
2.3 0.95 0.0110153 0.0951091 
2.35 0.95 0.0101646 0.101663 
2.4 0.95 0.00896905 0.107379 
2.45 0.95 0.00746908 0.112155 
2.5 0.95 0.00571439 0.115904 
2.55 0.95 0.0037636 0.118559 
2.6 0.95 0.00168293 0.120069 
2.65 0.95 -0.000455991 0.120406 
2.7 0.95 -0.002579 0.119563 
2.75 0.95 -0.00461261 0.117556 
2.8 0.95 -0.00648712 0.114422 
2.85 0.95 -0.00813924 0.11022 
2.9 0.95 -0.00951393 0.105025 
2.95 0.95 -0.0105653 0.0989302 
3 0.95 -0.0112571 0.0920475 
3.05 0.95 -0.0115622 0.0845147 
3.1 0.95 -0.0114634 0.0765064 
3.15 0.95 -0.0109536 0.0682487 
3.2 0.95 -0.0100377 0.0600348 
3.25 0.95 -0.00873483 0.0522334 
3.3 0.95 -0.00708137 0.0452802 
3.35 0.95 -0.00513254 0.0396453 
3.4 0.95 -0.00296265 0.0357718 
3.45 0.95 -0.000662324 0.0339991 
3.5 0.95 0.00166733 0.0344924 
3.55 0.95 0.00392274 0.0372052 
3.6 0.95 0.00600641 0.0418898 
3.65 0.95 0.00783419 0.0481522 
3.7 0.95 0.00933976 0.0555286 
3.75 0.95 0.0104762 0.0635577 
3.8 0.95 0.0112148 0.0718299 
3.85 0.95 0.0115429 0.0800088 
3.9 0.95 0.0114611 0.0878314 
3.95 0.95 0.010981 0.0950952 
4 0.95 0.0101244 0.101642 
4.05 0.95 0.00892249 0.107347 
4.1 0.95 0.00741603 0.112105 
4.15 0.95 0.00565529 0.11583 
4.2 0.95 0.00369946 0.118455 
4.25 0.95 0.00161534 0.119928 
4.3 0.95 -0.000524874 0.120221 
4.35 0.95 -0.00264648 0.119327 
4.4 0.95 -0.00467547 0.117263 
4.45 0.95 -0.00654167 0.114067 
4.5 0.95 -0.00818132 0.109796 
4.55 0.95 -0.00953893 0.104529 
4.6 0.95 -0.0105682 0.0983586 
4.65 0.95 -0.0112325 0.0914013 
4.7 0.95 -0.0115048 0.0837998 
4.75 0.95 -0.0113684 0.0757368 
4.8 0.95 -0.0108178 0.0674494 
4.85 0.95 -0.00986228 0.0592432 
4.9 0.95 -0.0085321 0.0514984 
4.95 0.95 -0.00689278 0.0446528 
5 0.95 -0.00507143 0.0391493 
0 1 0 0 
0.05 1 0 0 
0.1 1 0 0 
0.15 1 0 0 
0.2 1 0 0 
0.25 1 0 0 
0.3 1 0 0 
0.35 1 0 0 
0.4 1 0 0 
0.45 1 0 0 
0.5 1 0 0 
0.55 1 0 0 
0.6 1 0 0 
0.65 1 0 0 
0.7 1 0 0 
0.75 1 0 0 
0.8 1 0 0 
0.85 1 0 0 
0.9 1 0 0 
0.95 1 0 0 
1 1 0 0 
1.05 1 0 0 
1.1 1 0 0 
1.15 1 0 0 
1.2 1 0 0 
1.25 1 0 0 
1.3 1 0 0 
1.35 1 0 0 
1.4 1 0 0 
1.45 1 0 0 
1.5 1 0 0 
1.55 1 0 0 
1.6 1 0 0 
1.65 1 0 0 
1.7 1 0 0 
1.75 1 0 0 
1.8 1 0 0 
1.85 1 0 0 
1.9 1 0 0 
1.95 1 0 0 
2 1 0 0 
2.05 1 0 0 
2.1 1 0 0 
2.15 1 0 0 
2.2 1 0 0 
2.25 1 0 0 
2.3 1 0 0 
2.35 1 0 0 
2.4 1 0 0 
2.45 1 0 0 
2.5 1 0 0 
2.55 1 0 0 
2.6 1 0 0 
2.65 1 0 0 
2.7 1 0 0 
2.75 1 0 0 
2.8 1 0 0 
2.85 1 0 0 
2.9 1 0 0 
2.95 1 0 0 
3 1 0 0 
3.05 1 0 0 
3.1 1 0 0 
3.15 1 0 0 
3.2 1 0 0 
3.25 1 0 0 
3.3 1 0 0 
3.35 1 0 0 
3.4 1 0 0 
3.45 1 0 0 
3.5 1 0 0 
3.55 1 0 0 
3.6 1 0 0 
3.65 1 0 0 
3.7 1 0 0 
3.75 1 0 0 
3.8 1 0 0 
3.85 1 0 0 
3.9 1 0 0 
3.95 1 0 0 
4 1 0 0 
4.05 1 0 0 
4.1 1 0 0 
4.15 1 0 0 
4.2 1 0 0 
4.25 1 0 0 
4.3 1 0 0 
4.35 1 0 0 
4.4 1 0 0 
4.45 1 0 0 
4.5 1 0 0 
4.55 1 0 0 
4.6 1 0 0 
4.65 1 0 0 
4.7 1 0 0 
4.75 1 0 0 
4.8 1 0 0 
4.85 1 0 0 
4.9 1 0 0 
4.95 1 0 0 
5 1 0 0 
