x, y, ksi, T
#iter= 1040000
0 0 0 1 
0.05 0 0 1 
0.1 0 0 1 
0.15 0 0 1 
0.2 0 0 1 
0.25 0 0 1 
0.3 0 0 1 
0.35 0 0 1 
0.4 0 0 1 
0.45 0 0 1 
0.5 0 0 1 
0.55 0 0 1 
0.6 0 0 1 
0.65 0 0 1 
0.7 0 0 1 
0.75 0 0 1 
0.8 0 0 1 
0.85 0 0 1 
0.9 0 0 1 
0.95 0 0 1 
1 0 0 1 
1.05 0 0 1 
1.1 0 0 1 
1.15 0 0 1 
1.2 0 0 1 
1.25 0 0 1 
1.3 0 0 1 
1.35 0 0 1 
1.4 0 0 1 
1.45 0 0 1 
1.5 0 0 1 
1.55 0 0 1 
1.6 0 0 1 
1.65 0 0 1 
1.7 0 0 1 
1.75 0 0 1 
1.8 0 0 1 
1.85 0 0 1 
1.9 0 0 1 
1.95 0 0 1 
2 0 0 1 
2.05 0 0 1 
2.1 0 0 1 
2.15 0 0 1 
2.2 0 0 1 
2.25 0 0 1 
2.3 0 0 1 
2.35 0 0 1 
2.4 0 0 1 
2.45 0 0 1 
2.5 0 0 1 
2.55 0 0 1 
2.6 0 0 1 
2.65 0 0 1 
2.7 0 0 1 
2.75 0 0 1 
2.8 0 0 1 
2.85 0 0 1 
2.9 0 0 1 
2.95 0 0 1 
3 0 0 1 
3.05 0 0 1 
3.1 0 0 1 
3.15 0 0 1 
3.2 0 0 1 
3.25 0 0 1 
3.3 0 0 1 
3.35 0 0 1 
3.4 0 0 1 
3.45 0 0 1 
3.5 0 0 1 
3.55 0 0 1 
3.6 0 0 1 
3.65 0 0 1 
3.7 0 0 1 
3.75 0 0 1 
3.8 0 0 1 
3.85 0 0 1 
3.9 0 0 1 
3.95 0 0 1 
4 0 0 1 
4.05 0 0 1 
4.1 0 0 1 
4.15 0 0 1 
4.2 0 0 1 
4.25 0 0 1 
4.3 0 0 1 
4.35 0 0 1 
4.4 0 0 1 
4.45 0 0 1 
4.5 0 0 1 
4.55 0 0 1 
4.6 0 0 1 
4.65 0 0 1 
4.7 0 0 1 
4.75 0 0 1 
4.8 0 0 1 
4.85 0 0 1 
4.9 0 0 1 
4.95 0 0 1 
5 0 0 1 
0 0.05 -0.00688936 0.885641 
0.05 0.05 -0.00482806 0.882361 
0.1 0.05 -0.00267154 0.880324 
0.15 0.05 -0.00047517 0.879505 
0.2 0.05 0.00170651 0.879893 
0.25 0.05 0.00381022 0.881465 
0.3 0.05 0.00577057 0.884183 
0.35 0.05 0.00752533 0.887993 
0.4 0.05 0.00901874 0.892823 
0.45 0.05 0.0102031 0.898586 
0.5 0.05 0.0110398 0.905179 
0.55 0.05 0.0114991 0.912475 
0.6 0.05 0.0115604 0.920317 
0.65 0.05 0.0112129 0.928502 
0.7 0.05 0.0104566 0.936768 
0.75 0.05 0.00930485 0.944778 
0.8 0.05 0.00778654 0.952121 
0.85 0.05 0.005949 0.958337 
0.9 0.05 0.00385879 0.962964 
0.95 0.05 0.00160014 0.965613 
1 0.05 -0.000729565 0.966042 
1.05 0.05 -0.00302709 0.964211 
1.1 0.05 -0.00519187 0.960288 
1.15 0.05 -0.00713399 0.954618 
1.2 0.05 -0.00877988 0.947642 
1.25 0.05 -0.010075 0.939831 
1.3 0.05 -0.0109836 0.931618 
1.35 0.05 -0.011487 0.923367 
1.4 0.05 -0.0115804 0.915369 
1.45 0.05 -0.0112711 0.907848 
1.5 0.05 -0.0105764 0.900978 
1.55 0.05 -0.00952304 0.894894 
1.6 0.05 -0.0081473 0.889708 
1.65 0.05 -0.00649481 0.885512 
1.7 0.05 -0.00462038 0.882383 
1.75 0.05 -0.00258707 0.880378 
1.8 0.05 -0.000464392 0.879535 
1.85 0.05 0.00167433 0.879871 
1.9 0.05 0.00375506 0.881379 
1.95 0.05 0.00570624 0.884031 
2 0.05 0.00746168 0.887777 
2.05 0.05 0.00896277 0.892548 
2.1 0.05 0.0101597 0.898261 
2.15 0.05 0.0110122 0.904812 
2.2 0.05 0.0114892 0.912077 
2.25 0.05 0.0115692 0.919898 
2.3 0.05 0.0112406 0.928076 
2.35 0.05 0.0105026 0.936349 
2.4 0.05 0.00936781 0.944383 
2.45 0.05 0.00786438 0.951771 
2.5 0.05 0.00603889 0.958052 
2.55 0.05 0.00395715 0.962763 
2.6 0.05 0.0017029 0.965508 
2.65 0.05 -0.000626701 0.966036 
2.7 0.05 -0.00292828 0.964299 
2.75 0.05 -0.00510076 0.960458 
2.8 0.05 -0.00705342 0.95485 
2.85 0.05 -0.00871172 0.947917 
2.9 0.05 -0.0100201 0.940128 
2.95 0.05 -0.0109421 0.93192 
3 0.05 -0.0114582 0.923663 
3.05 0.05 -0.0115633 0.915651 
3.1 0.05 -0.0112642 0.908111 
3.15 0.05 -0.0105782 0.901219 
3.2 0.05 -0.00953191 0.895112 
3.25 0.05 -0.0081616 0.889904 
3.3 0.05 -0.006513 0.885688 
3.35 0.05 -0.00464104 0.88254 
3.4 0.05 -0.00260896 0.880519 
3.45 0.05 -0.000486452 0.879662 
3.5 0.05 0.00165289 0.879987 
3.55 0.05 0.00373474 0.881488 
3.6 0.05 0.00568724 0.884136 
3.65 0.05 0.00744389 0.887881 
3.7 0.05 0.00894576 0.892655 
3.75 0.05 0.0101428 0.898373 
3.8 0.05 0.0109944 0.904931 
3.85 0.05 0.0114695 0.912204 
3.9 0.05 0.0115466 0.920032 
3.95 0.05 0.0112139 0.928215 
4 0.05 0.0104711 0.936489 
4.05 0.05 0.00933094 0.944516 
4.1 0.05 0.00782225 0.951888 
4.15 0.05 0.0059921 0.958144 
4.2 0.05 0.00390697 0.962819 
4.25 0.05 0.00165114 0.965521 
4.3 0.05 -0.000677804 0.966004 
4.35 0.05 -0.00297628 0.964224 
4.4 0.05 -0.00514326 0.960347 
4.45 0.05 -0.00708829 0.954714 
4.5 0.05 -0.00873737 0.947767 
4.55 0.05 -0.0100357 0.939978 
4.6 0.05 -0.0109478 0.931782 
4.65 0.05 -0.0114555 0.923546 
4.7 0.05 -0.0115557 0.915561 
4.75 0.05 -0.011258 0.908053 
4.8 0.05 -0.0105835 0.901191 
4.85 0.05 -0.00956536 0.895107 
4.9 0.05 -0.00824985 0.8899 
4.95 0.05 -0.00669764 0.885641 
5 0.05 -0.0049643 0.882361 
0 0.1 -0.0232585 0.772608 
0.05 0.1 -0.0165629 0.766163 
0.1 0.1 -0.00922434 0.762083 
0.15 0.1 -0.00160155 0.760429 
0.2 0.1 0.00602601 0.76119 
0.25 0.1 0.0134014 0.764322 
0.3 0.1 0.0202817 0.769744 
0.35 0.1 0.0264422 0.777345 
0.4 0.1 0.0316832 0.786977 
0.45 0.1 0.0358345 0.798468 
0.5 0.1 0.0387582 0.81161 
0.55 0.1 0.0403493 0.826157 
0.6 0.1 0.0405368 0.841801 
0.65 0.1 0.039286 0.85815 
0.7 0.1 0.0366025 0.874685 
0.75 0.1 0.032539 0.890742 
0.8 0.1 0.0272038 0.905498 
0.85 0.1 0.0207667 0.91802 
0.9 0.1 0.0134616 0.927362 
0.95 0.1 0.00557984 0.932718 
1 0.1 -0.00254461 0.933586 
1.05 0.1 -0.0105592 0.929881 
1.1 0.1 -0.0181198 0.921957 
1.15 0.1 -0.0249167 0.910524 
1.2 0.1 -0.030693 0.896494 
1.25 0.1 -0.0352546 0.880821 
1.3 0.1 -0.0384706 0.864377 
1.35 0.1 -0.0402685 0.847888 
1.4 0.1 -0.040626 0.831927 
1.45 0.1 -0.0395642 0.816929 
1.5 0.1 -0.0371417 0.803231 
1.55 0.1 -0.0334525 0.7911 
1.6 0.1 -0.0286251 0.780755 
1.65 0.1 -0.0228215 0.772383 
1.7 0.1 -0.016236 0.766135 
1.75 0.1 -0.0090914 0.76213 
1.8 0.1 -0.00163256 0.760446 
1.85 0.1 0.00588266 0.761117 
1.9 0.1 0.0131939 0.76413 
1.95 0.1 0.0200494 0.769425 
2 0.1 0.0262157 0.776902 
2.05 0.1 0.0314852 0.786422 
2.1 0.1 0.0356813 0.797815 
2.15 0.1 0.0386608 0.810876 
2.2 0.1 0.0403144 0.825361 
2.25 0.1 0.0405678 0.840964 
2.3 0.1 0.0393833 0.857296 
2.35 0.1 0.0367638 0.873846 
2.4 0.1 0.0327596 0.889951 
2.45 0.1 0.0274762 0.904796 
2.5 0.1 0.0210809 0.917448 
2.55 0.1 0.0138052 0.926957 
2.6 0.1 0.00593895 0.932506 
2.65 0.1 -0.00218466 0.933576 
2.7 0.1 -0.0102125 0.930063 
2.75 0.1 -0.0177989 0.922302 
2.8 0.1 -0.0246313 0.910994 
2.85 0.1 -0.0304498 0.897046 
2.9 0.1 -0.035057 0.881415 
2.95 0.1 -0.0383191 0.864981 
3 0.1 -0.0401614 0.848479 
3.05 0.1 -0.0405599 0.832487 
3.1 0.1 -0.0395343 0.81745 
3.15 0.1 -0.0371428 0.803708 
3.2 0.1 -0.0334791 0.791531 
3.25 0.1 -0.0286716 0.781143 
3.3 0.1 -0.0228825 0.772729 
3.35 0.1 -0.0163066 0.766444 
3.4 0.1 -0.0091673 0.762406 
3.45 0.1 -0.00171005 0.760695 
3.5 0.1 0.00580635 0.761344 
3.55 0.1 0.0131206 0.764342 
3.6 0.1 0.0199799 0.76963 
3.65 0.1 0.0261495 0.777105 
3.7 0.1 0.031421 0.786631 
3.75 0.1 0.0356168 0.798034 
3.8 0.1 0.0385929 0.81111 
3.85 0.1 0.0402396 0.825611 
3.9 0.1 0.0404825 0.841231 
3.95 0.1 0.0392841 0.857574 
4 0.1 0.0366482 0.874125 
4.05 0.1 0.0326262 0.890218 
4.1 0.1 0.0273253 0.905033 
4.15 0.1 0.0209148 0.917633 
4.2 0.1 0.0136283 0.92707 
4.25 0.1 0.00575745 0.932533 
4.3 0.1 -0.00236314 0.93351 
4.35 0.1 -0.0103796 0.929909 
4.4 0.1 -0.0179464 0.922075 
4.45 0.1 -0.0247519 0.910715 
4.5 0.1 -0.0305378 0.896741 
4.55 0.1 -0.0351092 0.88111 
4.6 0.1 -0.0383358 0.864698 
4.65 0.1 -0.040147 0.848236 
4.7 0.1 -0.0405247 0.832299 
4.75 0.1 -0.0394963 0.817322 
4.8 0.1 -0.0371293 0.803637 
4.85 0.1 -0.0335273 0.791499 
4.9 0.1 -0.0288239 0.781104 
4.95 0.1 -0.0231621 0.772607 
5 0.1 -0.0166295 0.766163 
0 0.15 -0.0453335 0.66567 
0.05 0.15 -0.0322715 0.656257 
0.1 0.15 -0.0179477 0.650241 
0.15 0.15 -0.00300136 0.647776 
0.2 0.15 0.0120019 0.648882 
0.25 0.15 0.0265344 0.653499 
0.3 0.15 0.0401014 0.661506 
0.35 0.15 0.0522498 0.672727 
0.4 0.15 0.0625788 0.686938 
0.45 0.15 0.0707483 0.703873 
0.5 0.15 0.0764838 0.723223 
0.55 0.15 0.0795788 0.744627 
0.6 0.15 0.0798967 0.767644 
0.65 0.15 0.0773753 0.791704 
0.7 0.15 0.0720341 0.816064 
0.75 0.15 0.0639873 0.839752 
0.8 0.15 0.0534563 0.86156 
0.85 0.15 0.0407814 0.880101 
0.9 0.15 0.0264229 0.893955 
0.95 0.15 0.0109489 0.901908 
1 0.15 -0.00499394 0.903198 
1.05 0.15 -0.0207246 0.897695 
1.1 0.15 -0.0355777 0.885937 
1.15 0.15 -0.0489511 0.868997 
1.2 0.15 -0.0603412 0.848247 
1.25 0.15 -0.0693621 0.825109 
1.3 0.15 -0.0757484 0.800871 
1.35 0.15 -0.0793473 0.776596 
1.4 0.15 -0.0801056 0.75311 
1.45 0.15 -0.0780571 0.73104 
1.5 0.15 -0.0733129 0.710872 
1.55 0.15 -0.0660562 0.692993 
1.6 0.15 -0.0565402 0.677729 
1.65 0.15 -0.0450865 0.665358 
1.7 0.15 -0.0320809 0.656115 
1.75 0.15 -0.0179659 0.650184 
1.8 0.15 -0.00322745 0.647689 
1.85 0.15 0.0116228 0.648683 
1.9 0.15 0.0260684 0.653145 
1.95 0.15 0.0396096 0.660982 
2 0.15 0.0517829 0.672036 
2.05 0.15 0.0621761 0.686092 
2.1 0.15 0.0704388 0.702891 
2.15 0.15 0.0762874 0.722129 
2.2 0.15 0.0795077 0.743447 
2.25 0.15 0.0799567 0.766406 
2.3 0.15 0.0775666 0.790445 
2.35 0.15 0.0723519 0.814824 
2.4 0.15 0.0644214 0.838584 
2.45 0.15 0.053992 0.860522 
2.5 0.15 0.0413987 0.879254 
2.55 0.15 0.0270979 0.893355 
2.6 0.15 0.0116546 0.901595 
2.65 0.15 -0.00428583 0.903184 
2.7 0.15 -0.0200413 0.897965 
2.75 0.15 -0.0349432 0.886449 
2.8 0.15 -0.0483844 0.869692 
2.85 0.15 -0.0598556 0.849061 
2.9 0.15 -0.0689647 0.825983 
2.95 0.15 -0.0754407 0.801758 
3 0.15 -0.0791265 0.77746 
3.05 0.15 -0.0799654 0.753928 
3.1 0.15 -0.0779889 0.731799 
3.15 0.15 -0.0733067 0.711566 
3.2 0.15 -0.0661013 0.69362 
3.25 0.15 -0.0566259 0.67829 
3.3 0.15 -0.0452024 0.665858 
3.35 0.15 -0.0322173 0.656559 
3.4 0.15 -0.0181143 0.65058 
3.45 0.15 -0.00338062 0.648044 
3.5 0.15 0.0114704 0.649007 
3.55 0.15 0.0259203 0.653447 
3.6 0.15 0.0394675 0.661273 
3.65 0.15 0.0516461 0.672325 
3.7 0.15 0.0620421 0.686389 
3.75 0.15 0.0703033 0.703205 
3.8 0.15 0.0761445 0.722465 
3.85 0.15 0.0793509 0.743809 
3.9 0.15 0.0797793 0.766792 
3.95 0.15 0.0773623 0.790849 
4 0.15 0.072116 0.815233 
4.05 0.15 0.0641518 0.838976 
4.1 0.15 0.0536894 0.860871 
4.15 0.15 0.0410679 0.879527 
4.2 0.15 0.0267473 0.893522 
4.25 0.15 0.0112964 0.901633 
4.3 0.15 -0.00463695 0.903083 
4.35 0.15 -0.020369 0.897732 
4.4 0.15 -0.0352314 0.886106 
4.45 0.15 -0.0486185 0.869271 
4.5 0.15 -0.0600238 0.8486 
4.55 0.15 -0.0690597 0.825518 
4.6 0.15 -0.0754608 0.80132 
4.65 0.15 -0.0790774 0.777076 
4.7 0.15 -0.0798621 0.753616 
4.75 0.15 -0.0778572 0.731569 
4.8 0.15 -0.073184 0.71141 
4.85 0.15 -0.0660334 0.693513 
4.9 0.15 -0.0566525 0.678179 
4.95 0.15 -0.0453181 0.66567 
5 0.15 -0.0322799 0.656257 
0 0.2 -0.0698958 0.570514 
0.05 0.2 -0.0496634 0.55845 
0.1 0.2 -0.0275309 0.550703 
0.15 0.2 -0.0044063 0.547506 
0.2 0.2 0.0188425 0.54892 
0.25 0.2 0.0413842 0.554882 
0.3 0.2 0.0624358 0.565229 
0.35 0.2 0.0812811 0.579713 
0.4 0.2 0.0972891 0.598022 
0.45 0.2 0.109927 0.619794 
0.5 0.2 0.118767 0.644621 
0.55 0.2 0.123493 0.672036 
0.6 0.2 0.123899 0.701481 
0.65 0.2 0.1199 0.732245 
0.7 0.2 0.111539 0.763392 
0.75 0.2 0.0990053 0.793696 
0.8 0.2 0.0826547 0.821619 
0.85 0.2 0.0630201 0.845381 
0.9 0.2 0.040814 0.863154 
0.95 0.2 0.0169076 0.873362 
1 0.2 -0.00771274 0.875018 
1.05 0.2 -0.03201 0.867953 
1.1 0.2 -0.0549704 0.852866 
1.15 0.2 -0.0756725 0.831148 
1.2 0.2 -0.0933402 0.80457 
1.25 0.2 -0.107371 0.77496 
1.3 0.2 -0.117345 0.743962 
1.35 0.2 -0.123012 0.712923 
1.4 0.2 -0.124275 0.682881 
1.45 0.2 -0.121175 0.654622 
1.5 0.2 -0.113874 0.628755 
1.55 0.2 -0.102652 0.605775 
1.6 0.2 -0.0878991 0.586107 
1.65 0.2 -0.0701148 0.570127 
1.7 0.2 -0.0499013 0.55816 
1.75 0.2 -0.0279505 0.550467 
1.8 0.2 -0.00502325 0.547227 
1.85 0.2 0.0180791 0.548517 
1.9 0.2 0.0405476 0.554307 
1.95 0.2 0.0615996 0.564462 
2 0.2 0.0805099 0.578755 
2.05 0.2 0.0966347 0.596886 
2.1 0.2 0.109428 0.6185 
2.15 0.2 0.118451 0.643195 
2.2 0.2 0.123376 0.670509 
2.25 0.2 0.123989 0.699888 
2.3 0.2 0.120195 0.730627 
2.35 0.2 0.11203 0.761802 
2.4 0.2 0.0996771 0.792198 
2.45 0.2 0.0834832 0.820287 
2.5 0.2 0.0639744 0.844293 
2.55 0.2 0.0418572 0.862382 
2.6 0.2 0.0179984 0.872958 
2.65 0.2 -0.00661723 0.874998 
2.7 0.2 -0.0309511 0.868297 
2.75 0.2 -0.0539846 0.853519 
2.8 0.2 -0.074789 0.832034 
2.85 0.2 -0.0925795 0.805606 
2.9 0.2 -0.106745 0.77607 
2.95 0.2 -0.116856 0.745087 
3 0.2 -0.122657 0.714017 
3.05 0.2 -0.124044 0.683915 
3.1 0.2 -0.121056 0.65558 
3.15 0.2 -0.113853 0.62963 
3.2 0.2 -0.102712 0.606564 
3.25 0.2 -0.088024 0.586812 
3.3 0.2 -0.0702887 0.570753 
3.35 0.2 -0.0501093 0.558714 
3.4 0.2 -0.0281793 0.550958 
3.45 0.2 -0.00526168 0.547665 
3.5 0.2 0.0178397 0.548915 
3.55 0.2 0.0403128 0.554677 
3.6 0.2 0.0613721 0.564817 
3.65 0.2 0.080289 0.579107 
3.7 0.2 0.0964167 0.597249 
3.75 0.2 0.109207 0.618885 
3.8 0.2 0.118218 0.64361 
3.85 0.2 0.123121 0.670958 
3.9 0.2 0.123702 0.70037 
3.95 0.2 0.119867 0.731134 
4 0.2 0.111654 0.762317 
4.05 0.2 0.0992501 0.792694 
4.1 0.2 0.0830069 0.820728 
4.15 0.2 0.0634564 0.844639 
4.2 0.2 0.0413105 0.862591 
4.25 0.2 0.0174417 0.873001 
4.3 0.2 -0.0071613 0.874861 
4.35 0.2 -0.0314575 0.867988 
4.4 0.2 -0.0544279 0.853066 
4.45 0.2 -0.075146 0.831476 
4.5 0.2 -0.0928305 0.804991 
4.55 0.2 -0.106876 0.775444 
4.6 0.2 -0.116861 0.744487 
4.65 0.2 -0.122538 0.713474 
4.7 0.2 -0.123816 0.68345 
4.75 0.2 -0.120743 0.655204 
4.8 0.2 -0.113493 0.629337 
4.85 0.2 -0.102347 0.606332 
4.9 0.2 -0.0876829 0.5866 
4.95 0.2 -0.0699486 0.570514 
5 0.2 -0.0496235 0.55845 
0 0.25 -0.0944216 0.49138 
0.05 0.25 -0.0669608 0.477027 
0.1 0.25 -0.0369817 0.467779 
0.15 0.25 -0.00564637 0.463948 
0.2 0.25 0.0258817 0.465643 
0.25 0.25 0.0564652 0.472795 
0.3 0.25 0.0850257 0.48519 
0.35 0.25 0.110577 0.50249 
0.4 0.25 0.132252 0.524276 
0.45 0.25 0.149324 0.550075 
0.5 0.25 0.161215 0.579377 
0.55 0.25 0.167503 0.611623 
0.6 0.25 0.167921 0.64616 
0.65 0.25 0.16237 0.682175 
0.7 0.25 0.150926 0.718594 
0.75 0.25 0.133865 0.754004 
0.8 0.25 0.11168 0.786623 
0.85 0.25 0.0851019 0.81438 
0.9 0.25 0.0550915 0.835142 
0.95 0.25 0.0228162 0.847069 
1 0.25 -0.010409 0.849003 
1.05 0.25 -0.0432044 0.840749 
1.1 0.25 -0.0742198 0.823125 
1.15 0.25 -0.102224 0.797754 
1.2 0.25 -0.126171 0.766707 
1.25 0.25 -0.145244 0.732112 
1.3 0.25 -0.15886 0.695877 
1.35 0.25 -0.166663 0.659556 
1.4 0.25 -0.168505 0.624342 
1.45 0.25 -0.164422 0.591134 
1.5 0.25 -0.154619 0.560636 
1.55 0.25 -0.139465 0.533432 
1.6 0.25 -0.119482 0.510046 
1.65 0.25 -0.0953475 0.49096 
1.7 0.25 -0.0678813 0.476611 
1.75 0.25 -0.0380302 0.467358 
1.8 0.25 -0.00683781 0.463453 
1.85 0.25 0.0245951 0.465007 
1.9 0.25 0.0551571 0.471977 
1.95 0.25 0.083774 0.48417 
2 0.25 0.109452 0.501269 
2.05 0.25 0.131313 0.522868 
2.1 0.25 0.148615 0.548502 
2.15 0.25 0.160767 0.577667 
2.2 0.25 0.167333 0.609807 
2.25 0.25 0.168037 0.644277 
2.3 0.25 0.162767 0.680271 
2.35 0.25 0.15159 0.716726 
2.4 0.25 0.134773 0.752246 
2.45 0.25 0.1128 0.78506 
2.5 0.25 0.0863907 0.813103 
2.55 0.25 0.0564998 0.834235 
2.6 0.25 0.024289 0.84659 
2.65 0.25 -0.00892889 0.848973 
2.7 0.25 -0.0417717 0.841143 
2.75 0.25 -0.0728832 0.823878 
2.8 0.25 -0.101022 0.798778 
2.85 0.25 -0.125133 0.767904 
2.9 0.25 -0.144384 0.733395 
2.95 0.25 -0.158184 0.697175 
3 0.25 -0.166167 0.660818 
3.05 0.25 -0.168177 0.625533 
3.1 0.25 -0.164246 0.592237 
3.15 0.25 -0.154577 0.561641 
3.2 0.25 -0.139535 0.534337 
3.25 0.25 -0.119642 0.510853 
3.3 0.25 -0.0955763 0.491675 
3.35 0.25 -0.0681591 0.47724 
3.4 0.25 -0.0383391 0.467912 
3.45 0.25 -0.00716251 0.463944 
3.5 0.25 0.0242664 0.465448 
3.55 0.25 0.0548323 0.472383 
3.6 0.25 0.0834569 0.484558 
3.65 0.25 0.109142 0.501655 
3.7 0.25 0.131005 0.523267 
3.75 0.25 0.148301 0.548928 
3.8 0.25 0.160436 0.578128 
3.85 0.25 0.166972 0.61031 
3.9 0.25 0.167633 0.644821 
3.95 0.25 0.162308 0.680845 
4 0.25 0.151068 0.717313 
4.05 0.25 0.134184 0.752812 
4.1 0.25 0.112146 0.785564 
4.15 0.25 0.0856825 0.813496 
4.2 0.25 0.055755 0.834468 
4.25 0.25 0.0235326 0.846628 
4.3 0.25 -0.00966623 0.848799 
4.35 0.25 -0.042456 0.840765 
4.4 0.25 -0.0734796 0.823325 
4.45 0.25 -0.101498 0.798097 
4.5 0.25 -0.125458 0.767148 
4.55 0.25 -0.144537 0.732613 
4.6 0.25 -0.158149 0.696409 
4.65 0.25 -0.165939 0.660101 
4.7 0.25 -0.167763 0.624888 
4.75 0.25 -0.163663 0.591675 
4.8 0.25 -0.153852 0.561165 
4.85 0.25 -0.138699 0.533937 
4.9 0.25 -0.118714 0.510512 
4.95 0.25 -0.0945309 0.49138 
5 0.25 -0.0668813 0.477027 
0 0.3 -0.116961 0.429667 
0.05 0.3 -0.082804 0.413296 
0.1 0.3 -0.0455617 0.402713 
0.15 0.3 -0.00662803 0.398323 
0.2 0.3 0.03256 0.400289 
0.25 0.3 0.0705774 0.408533 
0.3 0.3 0.106065 0.422758 
0.35 0.3 0.137782 0.442504 
0.4 0.3 0.16464 0.467203 
0.45 0.3 0.185735 0.496245 
0.5 0.3 0.200354 0.529001 
0.55 0.3 0.207986 0.564823 
0.6 0.3 0.208319 0.602992 
0.65 0.3 0.201253 0.642627 
0.7 0.3 0.186906 0.682582 
0.75 0.3 0.165643 0.721339 
0.8 0.3 0.138093 0.756978 
0.85 0.3 0.105166 0.787266 
0.9 0.3 0.0680503 0.8099 
0.95 0.3 0.0281758 0.822895 
1 0.3 -0.0128547 0.825002 
1.05 0.3 -0.0533622 0.816011 
1.1 0.3 -0.0917023 0.796803 
1.15 0.3 -0.12637 0.76913 
1.2 0.3 -0.156079 0.735226 
1.25 0.3 -0.179812 0.697388 
1.3 0.3 -0.196833 0.657673 
1.35 0.3 -0.206681 0.617749 
1.4 0.3 -0.209145 0.578893 
1.45 0.3 -0.204248 0.542072 
1.5 0.3 -0.192222 0.508052 
1.55 0.3 -0.173506 0.477498 
1.6 0.3 -0.148738 0.451039 
1.65 0.3 -0.118755 0.42929 
1.7 0.3 -0.0845796 0.412834 
1.75 0.3 -0.0473988 0.402171 
1.8 0.3 -0.00852621 0.397658 
1.85 0.3 0.0306499 0.399453 
1.9 0.3 0.0687271 0.407495 
1.95 0.3 0.104352 0.421507 
2 0.3 0.136277 0.441046 
2.05 0.3 0.163402 0.465559 
2.1 0.3 0.184808 0.494439 
2.15 0.3 0.199769 0.527063 
2.2 0.3 0.207759 0.562787 
2.25 0.3 0.208454 0.600896 
2.3 0.3 0.201741 0.64052 
2.35 0.3 0.187728 0.680523 
2.4 0.3 0.166767 0.719405 
2.45 0.3 0.139477 0.755261 
2.5 0.3 0.106758 0.785863 
2.55 0.3 0.0697896 0.8089 
2.6 0.3 0.0299945 0.822361 
2.65 0.3 -0.011026 0.824956 
2.7 0.3 -0.0515901 0.816425 
2.75 0.3 -0.0900458 0.797607 
2.8 0.3 -0.124877 0.770228 
2.85 0.3 -0.154783 0.736513 
2.9 0.3 -0.178734 0.698769 
2.95 0.3 -0.19598 0.65907 
3 0.3 -0.206049 0.619107 
3.05 0.3 -0.208722 0.580177 
3.1 0.3 -0.204014 0.543261 
3.15 0.3 -0.192154 0.509136 
3.2 0.3 -0.173579 0.478474 
3.25 0.3 -0.148926 0.451908 
3.3 0.3 -0.119032 0.430057 
3.35 0.3 -0.0849203 0.413505 
3.4 0.3 -0.0477813 0.402757 
3.45 0.3 -0.00893139 0.39817 
3.5 0.3 0.0302369 0.399907 
3.55 0.3 0.0683166 0.407908 
3.6 0.3 0.103949 0.421898 
3.65 0.3 0.13588 0.441434 
3.7 0.3 0.163007 0.46596 
3.75 0.3 0.184404 0.49487 
3.8 0.3 0.199343 0.527536 
3.85 0.3 0.207296 0.563307 
3.9 0.3 0.207938 0.601462 
3.95 0.3 0.201157 0.641122 
4 0.3 0.187067 0.681139 
4.05 0.3 0.166025 0.720001 
4.1 0.3 0.138657 0.755791 
4.15 0.3 0.105873 0.786272 
4.2 0.3 0.0688612 0.809136 
4.25 0.3 0.0290537 0.822383 
4.3 0.3 -0.0119413 0.824743 
4.35 0.3 -0.0524374 0.815985 
4.4 0.3 -0.090781 0.79697 
4.45 0.3 -0.125457 0.769442 
4.5 0.3 -0.155169 0.735631 
4.55 0.3 -0.178891 0.697841 
4.6 0.3 -0.195882 0.658139 
4.65 0.3 -0.205679 0.618206 
4.7 0.3 -0.208073 0.579328 
4.75 0.3 -0.20309 0.542481 
4.8 0.3 -0.190968 0.508436 
4.85 0.3 -0.172147 0.477863 
4.9 0.3 -0.147259 0.451396 
4.95 0.3 -0.117116 0.429667 
5 0.3 -0.0826929 0.413296 
0 0.35 -0.136037 0.383912 
0.05 0.35 -0.0961735 0.365629 
0.1 0.35 -0.0527333 0.353757 
0.15 0.35 -0.00731213 0.348833 
0.2 0.35 0.0384136 0.351089 
0.25 0.35 0.0827649 0.360418 
0.3 0.35 0.124136 0.376407 
0.35 0.35 0.16106 0.398414 
0.4 0.35 0.192261 0.425673 
0.45 0.35 0.216684 0.457384 
0.5 0.35 0.233512 0.492773 
0.55 0.35 0.242167 0.531095 
0.6 0.35 0.242314 0.571573 
0.65 0.35 0.233865 0.613303 
0.7 0.35 0.216989 0.65512 
0.75 0.35 0.192136 0.695491 
0.8 0.35 0.160056 0.732475 
0.85 0.35 0.121815 0.763812 
0.9 0.35 0.0787878 0.787178 
0.95 0.35 0.032613 0.800575 
1 0.35 -0.014879 0.802747 
1.05 0.35 -0.0617752 0.793482 
1.1 0.35 -0.1062 0.773665 
1.15 0.35 -0.14643 0.745061 
1.2 0.35 -0.180985 0.709921 
1.25 0.35 -0.208678 0.670567 
1.3 0.35 -0.228639 0.629079 
1.35 0.35 -0.240306 0.587144 
1.4 0.35 -0.243405 0.546053 
1.45 0.35 -0.237929 0.506793 
1.5 0.35 -0.22412 0.470173 
1.55 0.35 -0.202464 0.436937 
1.6 0.35 -0.173689 0.407842 
1.65 0.35 -0.138761 0.38368 
1.7 0.35 -0.0988747 0.365234 
1.75 0.35 -0.0554283 0.3532 
1.8 0.35 -0.00997521 0.348085 
1.85 0.35 0.035838 0.350119 
1.9 0.35 0.0803476 0.359209 
1.95 0.35 0.12195 0.374964 
2 0.35 0.159173 0.396757 
2.05 0.35 0.190728 0.423831 
2.1 0.35 0.215546 0.45539 
2.15 0.35 0.232795 0.490663 
2.2 0.35 0.241882 0.528903 
2.25 0.35 0.24246 0.569339 
2.3 0.35 0.234427 0.611072 
2.35 0.35 0.217941 0.652953 
2.4 0.35 0.193439 0.693464 
2.45 0.35 0.16166 0.730679 
2.5 0.35 0.123659 0.762344 
2.55 0.35 0.0808004 0.786128 
2.6 0.35 0.034717 0.800005 
2.65 0.35 -0.0127628 0.802677 
2.7 0.35 -0.0597224 0.793885 
2.75 0.35 -0.104278 0.774469 
2.8 0.35 -0.144694 0.746168 
2.85 0.35 -0.179473 0.711225 
2.9 0.35 -0.207415 0.67197 
2.95 0.35 -0.227634 0.630503 
3 0.35 -0.239555 0.588532 
3.05 0.35 -0.242896 0.547368 
3.1 0.35 -0.23764 0.508014 
3.15 0.35 -0.224026 0.471288 
3.2 0.35 -0.202537 0.437942 
3.25 0.35 -0.173898 0.408738 
3.3 0.35 -0.139076 0.384468 
3.35 0.35 -0.0992678 0.365919 
3.4 0.35 -0.0558733 0.353791 
3.45 0.35 -0.0104497 0.348593 
3.5 0.35 0.0353516 0.35056 
3.55 0.35 0.0798615 0.359603 
3.6 0.35 0.121471 0.375331 
3.65 0.35 0.1587 0.397118 
3.7 0.35 0.190255 0.424205 
3.75 0.35 0.215062 0.455796 
3.8 0.35 0.232284 0.491113 
3.85 0.35 0.241328 0.529403 
3.9 0.35 0.241844 0.569888 
3.95 0.35 0.233734 0.611661 
4 0.35 0.21716 0.653558 
4.05 0.35 0.192565 0.694049 
4.1 0.35 0.160698 0.731196 
4.15 0.35 0.122623 0.762738 
4.2 0.35 0.0797158 0.786344 
4.25 0.35 0.0336196 0.799998 
4.3 0.35 -0.013829 0.802425 
4.35 0.35 -0.0607076 0.793391 
4.4 0.35 -0.105129 0.773763 
4.45 0.35 -0.145359 0.745293 
4.5 0.35 -0.179901 0.710232 
4.55 0.35 -0.207561 0.670907 
4.6 0.35 -0.227458 0.629409 
4.65 0.35 -0.239026 0.587437 
4.7 0.35 -0.241989 0.546296 
4.75 0.35 -0.236343 0.506984 
4.8 0.35 -0.222334 0.470323 
4.85 0.35 -0.200453 0.43707 
4.9 0.35 -0.171429 0.407997 
4.95 0.35 -0.136228 0.383912 
5 0.35 -0.0960376 0.365629 
0 0.4 -0.150564 0.350788 
0.05 0.4 -0.106324 0.330554 
0.1 0.4 -0.0581155 0.317343 
0.15 0.4 -0.00769483 0.311871 
0.2 0.4 0.0430671 0.314451 
0.25 0.4 0.0922844 0.324933 
0.3 0.4 0.13815 0.342747 
0.35 0.4 0.179018 0.367011 
0.4 0.4 0.213465 0.396695 
0.45 0.4 0.240327 0.430758 
0.5 0.4 0.258712 0.468242 
0.55 0.4 0.268011 0.508281 
0.6 0.4 0.267883 0.55005 
0.65 0.4 0.258268 0.592639 
0.7 0.4 0.239389 0.634919 
0.75 0.4 0.211772 0.675418 
0.8 0.4 0.17627 0.712283 
0.85 0.4 0.134067 0.743362 
0.9 0.4 0.0866704 0.766449 
0.95 0.4 0.0358662 0.779654 
1 0.4 -0.0163626 0.781793 
1.05 0.4 -0.067947 0.772667 
1.1 0.4 -0.116857 0.75311 
1.15 0.4 -0.16122 0.724788 
1.2 0.4 -0.199415 0.689834 
1.25 0.4 -0.23013 0.650456 
1.3 0.4 -0.252388 0.608639 
1.35 0.4 -0.265539 0.565999 
1.4 0.4 -0.269245 0.523779 
1.45 0.4 -0.26346 0.482955 
1.5 0.4 -0.248415 0.444366 
1.55 0.4 -0.224618 0.40885 
1.6 0.4 -0.192851 0.377325 
1.65 0.4 -0.154175 0.350805 
1.7 0.4 -0.109917 0.330337 
1.75 0.4 -0.0616414 0.316876 
1.8 0.4 -0.0110984 0.311127 
1.85 0.4 0.0398517 0.313412 
1.9 0.4 0.0893284 0.323602 
1.95 0.4 0.135523 0.341146 
2 0.4 0.176781 0.365181 
2.05 0.4 0.211667 0.394683 
2.1 0.4 0.239001 0.42861 
2.15 0.4 0.257879 0.465999 
2.2 0.4 0.267673 0.505983 
2.25 0.4 0.268033 0.547735 
2.3 0.4 0.258885 0.590352 
2.35 0.4 0.240438 0.632715 
2.4 0.4 0.21321 0.67337 
2.45 0.4 0.178038 0.710476 
2.5 0.4 0.136096 0.741886 
2.55 0.4 0.0888826 0.765389 
2.6 0.4 0.0381777 0.779066 
2.65 0.4 -0.0140373 0.781696 
2.7 0.4 -0.0656897 0.773033 
2.75 0.4 -0.11474 0.75387 
2.8 0.4 -0.159303 0.725847 
2.85 0.4 -0.197741 0.691091 
2.9 0.4 -0.228727 0.651818 
2.95 0.4 -0.251266 0.610028 
3 0.4 -0.264696 0.56736 
3.05 0.4 -0.268667 0.525076 
3.1 0.4 -0.263125 0.484166 
3.15 0.4 -0.248297 0.445479 
3.2 0.4 -0.224686 0.409857 
3.25 0.4 -0.193073 0.378224 
3.3 0.4 -0.154518 0.351594 
3.35 0.4 -0.110349 0.331019 
3.4 0.4 -0.0621343 0.317455 
3.45 0.4 -0.011627 0.311614 
3.5 0.4 0.0393075 0.313823 
3.55 0.4 0.0887823 0.323956 
3.6 0.4 0.134982 0.341468 
3.65 0.4 0.176246 0.365493 
3.7 0.4 0.211131 0.395007 
3.75 0.4 0.238452 0.428965 
3.8 0.4 0.2573 0.466398 
3.85 0.4 0.267046 0.506434 
3.9 0.4 0.267339 0.548236 
3.95 0.4 0.258106 0.590892 
4 0.4 0.239563 0.633273 
4.05 0.4 0.212233 0.673908 
4.1 0.4 0.176965 0.710947 
4.15 0.4 0.134944 0.742235 
4.2 0.4 0.0876786 0.765561 
4.25 0.4 0.0369607 0.779017 
4.3 0.4 -0.0152189 0.781401 
4.35 0.4 -0.0667802 0.772492 
4.4 0.4 -0.11568 0.753105 
4.45 0.4 -0.160031 0.724897 
4.5 0.4 -0.198197 0.689999 
4.55 0.4 -0.228853 0.650625 
4.6 0.4 -0.25101 0.60877 
4.65 0.4 -0.264009 0.56606 
4.7 0.4 -0.26751 0.523758 
4.75 0.4 -0.261465 0.482852 
4.8 0.4 -0.246114 0.444202 
4.85 0.4 -0.221971 0.408665 
4.9 0.4 -0.189834 0.377181 
4.95 0.4 -0.150781 0.350788 
5 0.4 -0.10617 0.330554 
0 0.45 -0.159779 0.326322 
0.05 0.45 -0.112737 0.304067 
0.1 0.45 -0.0614513 0.289453 
0.15 0.45 -0.00779266 0.283411 
0.2 0.45 0.0462297 0.286347 
0.25 0.45 0.0985809 0.298061 
0.3 0.45 0.147311 0.317786 
0.35 0.45 0.19065 0.34436 
0.4 0.45 0.227078 0.376436 
0.45 0.45 0.255365 0.41269 
0.5 0.45 0.274589 0.451943 
0.55 0.45 0.284129 0.493193 
0.6 0.45 0.283667 0.535553 
0.65 0.45 0.273179 0.578123 
0.7 0.45 0.25294 0.61984 
0.75 0.45 0.223543 0.659356 
0.8 0.45 0.18591 0.694991 
0.85 0.45 0.141301 0.724808 
0.9 0.45 0.091302 0.746835 
0.95 0.45 0.0377725 0.759389 
1 0.45 -0.0172311 0.761421 
1.05 0.45 -0.0715678 0.752753 
1.1 0.45 -0.123135 0.734125 
1.15 0.45 -0.169986 0.707017 
1.2 0.45 -0.210423 0.673334 
1.25 0.45 -0.243059 0.635057 
1.3 0.45 -0.266839 0.593979 
1.35 0.45 -0.281047 0.551572 
1.4 0.45 -0.285286 0.508994 
1.45 0.45 -0.279463 0.467186 
1.5 0.45 -0.263784 0.427022 
1.55 0.45 -0.238751 0.389448 
1.6 0.45 -0.205166 0.355572 
1.65 0.45 -0.164143 0.326675 
1.7 0.45 -0.117091 0.304116 
1.75 0.45 -0.0656909 0.289155 
1.8 0.45 -0.0118327 0.282734 
1.85 0.45 0.0424673 0.285285 
1.9 0.45 0.0951693 0.296635 
1.95 0.45 0.144316 0.316046 
2 0.45 0.188127 0.342371 
2.05 0.45 0.225067 0.374267 
2.1 0.45 0.253892 0.410404 
2.15 0.45 0.273664 0.449592 
2.2 0.45 0.283749 0.490821 
2.25 0.45 0.283816 0.533199 
2.3 0.45 0.273828 0.575827 
2.35 0.45 0.25405 0.617653 
2.4 0.45 0.225062 0.657341 
2.45 0.45 0.187774 0.693223 
2.5 0.45 0.143439 0.723367 
2.55 0.45 0.09363 0.745794 
2.6 0.45 0.0402035 0.758797 
2.65 0.45 -0.0147859 0.761292 
2.7 0.45 -0.0691929 0.75306 
2.75 0.45 -0.120906 0.734806 
2.8 0.45 -0.167964 0.707986 
2.85 0.45 -0.208653 0.674498 
2.9 0.45 -0.241569 0.636329 
2.95 0.45 -0.265644 0.595289 
3 0.45 -0.280143 0.552868 
3.05 0.45 -0.284661 0.51024 
3.1 0.45 -0.279097 0.46836 
3.15 0.45 -0.263648 0.42811 
3.2 0.45 -0.238813 0.39044 
3.25 0.45 -0.205394 0.356461 
3.3 0.45 -0.164502 0.327455 
3.35 0.45 -0.117548 0.304784 
3.4 0.45 -0.0662149 0.289713 
3.45 0.45 -0.012397 0.28319 
3.5 0.45 0.0418842 0.285654 
3.55 0.45 0.0945827 0.296939 
3.6 0.45 0.143734 0.31631 
3.65 0.45 0.18755 0.34262 
3.7 0.45 0.224488 0.374525 
3.75 0.45 0.253299 0.410691 
3.8 0.45 0.27304 0.449923 
3.85 0.45 0.283074 0.491202 
3.9 0.45 0.28307 0.533628 
3.95 0.45 0.272994 0.576293 
4 0.45 0.253114 0.618134 
4.05 0.45 0.22402 0.657803 
4.1 0.45 0.186633 0.69362 
4.15 0.45 0.142213 0.723647 
4.2 0.45 0.0923501 0.745904 
4.25 0.45 0.03891 0.758694 
4.3 0.45 -0.0160418 0.76095 
4.35 0.45 -0.0703518 0.752474 
4.4 0.45 -0.121903 0.73399 
4.45 0.45 -0.168731 0.706969 
4.5 0.45 -0.209123 0.673314 
4.55 0.45 -0.241673 0.63501 
4.6 0.45 -0.265316 0.59386 
4.65 0.45 -0.279323 0.551349 
4.7 0.45 -0.283291 0.508651 
4.75 0.45 -0.277128 0.466726 
4.8 0.45 -0.261047 0.426474 
4.85 0.45 -0.235561 0.388868 
4.9 0.45 -0.201501 0.355048 
4.95 0.45 -0.160014 0.326322 
5 0.45 -0.112571 0.304067 
0 0.5 -0.163204 0.306781 
0.05 0.5 -0.115086 0.282546 
0.1 0.5 -0.0625861 0.266548 
0.15 0.5 -0.00763199 0.259948 
0.2 0.5 0.0476938 0.263252 
0.25 0.5 0.101276 0.276199 
0.3 0.5 0.151088 0.297819 
0.35 0.5 0.1953 0.326645 
0.4 0.5 0.232352 0.361003 
0.45 0.5 0.260996 0.399267 
0.5 0.5 0.280314 0.440026 
0.55 0.5 0.289709 0.482127 
0.6 0.5 0.288896 0.524615 
0.65 0.5 0.277894 0.566597 
0.7 0.5 0.257026 0.607094 
0.75 0.5 0.226928 0.644914 
0.8 0.5 0.188562 0.678604 
0.85 0.5 0.143217 0.706516 
0.9 0.5 0.0924938 0.726983 
0.95 0.5 0.0382552 0.738592 
1 0.5 -0.0174495 0.740469 
1.05 0.5 -0.072491 0.732464 
1.1 0.5 -0.124776 0.715195 
1.15 0.5 -0.17236 0.6899 
1.2 0.5 -0.213532 0.658183 
1.25 0.5 -0.246882 0.621727 
1.3 0.5 -0.27132 0.582071 
1.35 0.5 -0.286084 0.540503 
1.4 0.5 -0.29073 0.49807 
1.45 0.5 -0.285121 0.455676 
1.5 0.5 -0.269421 0.414235 
1.55 0.5 -0.244104 0.374813 
1.6 0.5 -0.20996 0.338723 
1.65 0.5 -0.168109 0.307528 
1.7 0.5 -0.119993 0.282913 
1.75 0.5 -0.0673467 0.266464 
1.8 0.5 -0.0121359 0.259373 
1.85 0.5 0.0435364 0.262189 
1.9 0.5 0.0975407 0.274693 
1.95 0.5 0.147838 0.295947 
2 0.5 0.192584 0.324503 
2.05 0.5 0.230203 0.358685 
2.1 0.5 0.25943 0.396854 
2.15 0.5 0.279334 0.437583 
2.2 0.5 0.289303 0.479703 
2.25 0.5 0.28904 0.522248 
2.3 0.5 0.278554 0.564324 
2.35 0.5 0.258156 0.604958 
2.4 0.5 0.228473 0.642968 
2.45 0.5 0.190455 0.676911 
2.5 0.5 0.145383 0.70514 
2.55 0.5 0.0948495 0.725983 
2.6 0.5 0.0407128 0.738007 
2.65 0.5 -0.0149784 0.740307 
2.7 0.5 -0.0700902 0.732701 
2.75 0.5 -0.12252 0.715776 
2.8 0.5 -0.17031 0.690751 
2.85 0.5 -0.211735 0.659224 
2.9 0.5 -0.245365 0.622881 
2.95 0.5 -0.270098 0.583275 
3 0.5 -0.285156 0.54171 
3.05 0.5 -0.290085 0.499245 
3.1 0.5 -0.284738 0.456797 
3.15 0.5 -0.269274 0.415285 
3.2 0.5 -0.244161 0.375779 
3.25 0.5 -0.210187 0.339594 
3.3 0.5 -0.168472 0.308291 
3.35 0.5 -0.120459 0.283563 
3.4 0.5 -0.0678834 0.266997 
3.45 0.5 -0.0127156 0.259794 
3.5 0.5 0.0429361 0.262514 
3.55 0.5 0.0969359 0.274942 
3.6 0.5 0.147238 0.296148 
3.65 0.5 0.191988 0.324683 
3.7 0.5 0.229605 0.35887 
3.75 0.5 0.258819 0.397066 
3.8 0.5 0.27869 0.437835 
3.85 0.5 0.288607 0.480001 
3.9 0.5 0.288273 0.52259 
3.95 0.5 0.277697 0.5647 
4 0.5 0.257197 0.605346 
4.05 0.5 0.227406 0.643334 
4.1 0.5 0.189287 0.677214 
4.15 0.5 0.144131 0.705333 
4.2 0.5 0.0935411 0.726016 
4.25 0.5 0.0393898 0.73784 
4.3 0.5 -0.016264 0.739913 
4.35 0.5 -0.0712777 0.732069 
4.4 0.5 -0.123542 0.714911 
4.45 0.5 -0.171095 0.689671 
4.5 0.5 -0.212208 0.65795 
4.55 0.5 -0.245451 0.621434 
4.6 0.5 -0.269721 0.58167 
4.65 0.5 -0.284244 0.53996 
4.7 0.5 -0.288567 0.497366 
4.75 0.5 -0.282554 0.454817 
4.8 0.5 -0.266376 0.413256 
4.85 0.5 -0.240525 0.373787 
4.9 0.5 -0.205825 0.337763 
4.95 0.5 -0.163447 0.306781 
5 0.5 -0.114914 0.282546 
0 0.55 -0.160628 0.289075 
0.05 0.55 -0.113227 0.263133 
0.1 0.55 -0.0614591 0.245936 
0.15 0.55 -0.00724259 0.238858 
0.2 0.55 0.0473394 0.242498 
0.25 0.55 0.100167 0.256537 
0.3 0.55 0.149212 0.279812 
0.35 0.55 0.192652 0.31058 
0.4 0.55 0.228946 0.346863 
0.45 0.55 0.256877 0.38676 
0.5 0.55 0.275568 0.428645 
0.55 0.55 0.284466 0.471221 
0.6 0.55 0.283334 0.513463 
0.65 0.55 0.272232 0.55448 
0.7 0.55 0.251517 0.593377 
0.75 0.55 0.221846 0.629125 
0.8 0.55 0.184182 0.66052 
0.85 0.55 0.139795 0.686222 
0.9 0.55 0.090239 0.704899 
0.95 0.55 0.0373129 0.715433 
1 0.55 -0.0170175 0.717132 
1.05 0.55 -0.0707128 0.709882 
1.1 0.55 -0.121766 0.694165 
1.15 0.55 -0.168306 0.670962 
1.2 0.55 -0.208675 0.641549 
1.25 0.55 -0.241491 0.607283 
1.3 0.55 -0.26567 0.569428 
1.35 0.55 -0.280437 0.529076 
1.4 0.55 -0.285316 0.487161 
1.45 0.55 -0.280131 0.444555 
1.5 0.55 -0.265 0.402215 
1.55 0.55 -0.240347 0.361324 
1.6 0.55 -0.206921 0.323388 
1.65 0.55 -0.165806 0.290226 
1.7 0.55 -0.118422 0.263829 
1.75 0.55 -0.0664928 0.246077 
1.8 0.55 -0.0119863 0.238397 
1.85 0.55 0.0429842 0.241446 
1.9 0.55 0.0962781 0.254962 
1.95 0.55 0.14585 0.277822 
2 0.55 0.189861 0.308299 
2.05 0.55 0.22675 0.344411 
2.1 0.55 0.255286 0.384238 
2.15 0.55 0.274575 0.426128 
2.2 0.55 0.284053 0.468763 
2.25 0.55 0.283471 0.511102 
2.3 0.55 0.27288 0.552251 
2.35 0.55 0.252627 0.591313 
2.4 0.55 0.22336 0.627269 
2.45 0.55 0.186033 0.658919 
2.5 0.55 0.141908 0.684926 
2.55 0.55 0.0925344 0.703951 
2.6 0.55 0.0397048 0.71486 
2.65 0.55 -0.0146137 0.716939 
2.7 0.55 -0.0683772 0.710046 
2.75 0.55 -0.11957 0.694641 
2.8 0.55 -0.166308 0.671687 
2.85 0.55 -0.20692 0.642456 
2.9 0.55 -0.240007 0.608307 
2.95 0.55 -0.264472 0.570515 
3 0.55 -0.279524 0.530183 
3.05 0.55 -0.284679 0.488256 
3.1 0.55 -0.279751 0.445615 
3.15 0.55 -0.26485 0.40322 
3.2 0.55 -0.240399 0.362258 
3.25 0.55 -0.207142 0.324234 
3.3 0.55 -0.166163 0.290969 
3.35 0.55 -0.118881 0.264455 
3.4 0.55 -0.0670228 0.246582 
3.45 0.55 -0.0125598 0.238782 
3.5 0.55 0.0423898 0.241725 
3.55 0.55 0.095679 0.255157 
3.6 0.55 0.145255 0.27796 
3.65 0.55 0.189271 0.308411 
3.7 0.55 0.226159 0.344524 
3.75 0.55 0.254682 0.384373 
3.8 0.55 0.27394 0.426299 
3.85 0.55 0.283368 0.468976 
3.9 0.55 0.282715 0.511354 
3.95 0.55 0.272036 0.55253 
4 0.55 0.251683 0.591599 
4.05 0.55 0.222311 0.627532 
4.1 0.55 0.184885 0.65912 
4.15 0.55 0.140676 0.685023 
4.2 0.55 0.0912463 0.7039 
4.25 0.55 0.0384007 0.714623 
4.3 0.55 -0.0158833 0.716488 
4.35 0.55 -0.0695526 0.709364 
4.4 0.55 -0.120584 0.693726 
4.45 0.55 -0.167087 0.670544 
4.5 0.55 -0.207388 0.641093 
4.55 0.55 -0.240084 0.606733 
4.6 0.55 -0.264076 0.568735 
4.65 0.55 -0.278574 0.528203 
4.7 0.55 -0.283098 0.486088 
4.75 0.55 -0.277468 0.443289 
4.8 0.55 -0.261811 0.400797 
4.85 0.55 -0.236575 0.359843 
4.9 0.55 -0.202546 0.321981 
4.95 0.55 -0.16087 0.289075 
5 0.55 -0.113056 0.263133 
0 0.6 -0.152113 0.270815 
0.05 0.6 -0.107204 0.243743 
0.1 0.6 -0.0581051 0.225745 
0.15 0.6 -0.00665451 0.218356 
0.2 0.6 0.0451412 0.222245 
0.25 0.6 0.0952382 0.237047 
0.3 0.6 0.141686 0.261452 
0.35 0.6 0.18274 0.293503 
0.4 0.6 0.216936 0.330994 
0.45 0.6 0.243135 0.371817 
0.5 0.6 0.260531 0.414181 
0.55 0.6 0.268635 0.456679 
0.6 0.6 0.267261 0.498226 
0.65 0.6 0.256506 0.537935 
0.7 0.6 0.236742 0.574981 
0.75 0.6 0.208617 0.608487 
0.8 0.6 0.173059 0.637482 
0.85 0.6 0.131266 0.660921 
0.9 0.6 0.0846943 0.677787 
0.95 0.6 0.0350117 0.687238 
1 0.6 -0.0159657 0.68876 
1.05 0.6 -0.0663576 0.682266 
1.1 0.6 -0.114312 0.668117 
1.15 0.6 -0.158096 0.647045 
1.2 0.6 -0.196165 0.620019 
1.25 0.6 -0.227216 0.588085 
1.3 0.6 -0.250215 0.55225 
1.35 0.6 -0.264404 0.513421 
1.4 0.6 -0.269302 0.472431 
1.45 0.6 -0.264701 0.430126 
1.5 0.6 -0.250673 0.3875 
1.55 0.6 -0.227584 0.345829 
1.6 0.6 -0.196112 0.306768 
1.65 0.6 -0.157267 0.272331 
1.7 0.6 -0.112391 0.244736 
1.75 0.6 -0.063132 0.226092 
1.8 0.6 -0.011384 0.218004 
1.85 0.6 0.0408127 0.221215 
1.9 0.6 0.0913894 0.235427 
1.95 0.6 0.138375 0.259376 
2 0.6 0.180004 0.291121 
2.05 0.6 0.214795 0.328447 
2.1 0.6 0.241591 0.369221 
2.15 0.6 0.259572 0.411622 
2.2 0.6 0.268238 0.454215 
2.25 0.6 0.267392 0.495895 
2.3 0.6 0.257122 0.535768 
2.35 0.6 0.237793 0.573004 
2.4 0.6 0.210046 0.606732 
2.45 0.6 0.174801 0.635983 
2.5 0.6 0.133251 0.659711 
2.55 0.6 0.0868459 0.676896 
2.6 0.6 0.0372508 0.686684 
2.65 0.6 -0.0137172 0.688542 
2.7 0.6 -0.0641736 0.682363 
2.75 0.6 -0.112258 0.668492 
2.8 0.6 -0.156226 0.647648 
2.85 0.6 -0.19452 0.620794 
2.9 0.6 -0.225824 0.588981 
2.95 0.6 -0.249089 0.55322 
3 0.6 -0.263545 0.514426 
3.05 0.6 -0.268701 0.473442 
3.1 0.6 -0.264341 0.431118 
3.15 0.6 -0.250531 0.388452 
3.2 0.6 -0.227632 0.346722 
3.25 0.6 -0.196321 0.307581 
3.3 0.6 -0.157605 0.273045 
3.35 0.6 -0.112827 0.245334 
3.4 0.6 -0.0636361 0.226566 
3.45 0.6 -0.0119296 0.218353 
3.5 0.6 0.0402473 0.22145 
3.55 0.6 0.09082 0.235572 
3.6 0.6 0.13781 0.259458 
3.65 0.6 0.179445 0.291171 
3.7 0.6 0.214236 0.328494 
3.75 0.6 0.241021 0.369286 
3.8 0.6 0.258973 0.411718 
3.85 0.6 0.267592 0.454347 
3.9 0.6 0.266679 0.49606 
3.95 0.6 0.256327 0.535953 
4 0.6 0.236903 0.57319 
4.05 0.6 0.209058 0.606892 
4.1 0.6 0.173717 0.636082 
4.15 0.6 0.132087 0.659713 
4.2 0.6 0.0856264 0.676761 
4.25 0.6 0.0360134 0.686376 
4.3 0.6 -0.0149253 0.688032 
4.35 0.6 -0.0652957 0.681633 
4.4 0.6 -0.11323 0.667528 
4.45 0.6 -0.156977 0.646445 
4.5 0.6 -0.194974 0.61935 
4.55 0.6 -0.2259 0.587292 
4.6 0.6 -0.248705 0.551282 
4.65 0.6 -0.262618 0.51224 
4.7 0.6 -0.267149 0.471017 
4.75 0.6 -0.26209 0.428487 
4.8 0.6 -0.247524 0.385684 
4.85 0.6 -0.223838 0.343938 
4.9 0.6 -0.191753 0.30496 
4.95 0.6 -0.152343 0.270815 
5 0.6 -0.107042 0.243743 
0 0.65 -0.138021 0.250239 
0.05 0.65 -0.0972695 0.222928 
0.1 0.65 -0.0526649 0.20474 
0.15 0.65 -0.00589763 0.197292 
0.2 0.65 0.0411811 0.201289 
0.25 0.65 0.0866851 0.216337 
0.3 0.65 0.128819 0.241048 
0.35 0.65 0.165983 0.273355 
0.4 0.65 0.196849 0.310936 
0.45 0.65 0.220396 0.351581 
0.5 0.65 0.235913 0.39342 
0.55 0.65 0.24299 0.434987 
0.6 0.65 0.241489 0.475169 
0.65 0.65 0.231533 0.513089 
0.7 0.65 0.213487 0.547984 
0.75 0.65 0.187961 0.579106 
0.8 0.65 0.155807 0.605678 
0.85 0.65 0.118109 0.626905 
0.9 0.65 0.0761732 0.642037 
0.95 0.65 0.0314823 0.650464 
1 0.65 -0.0143541 0.651819 
1.05 0.65 -0.0596726 0.646039 
1.1 0.65 -0.102834 0.633381 
1.15 0.65 -0.142299 0.614373 
1.2 0.65 -0.176686 0.589722 
1.25 0.65 -0.204823 0.560213 
1.3 0.65 -0.225765 0.526634 
1.35 0.65 -0.238805 0.489739 
1.4 0.65 -0.24348 0.450273 
1.45 0.65 -0.239571 0.409056 
1.5 0.65 -0.227107 0.367098 
1.55 0.65 -0.206387 0.325725 
1.6 0.65 -0.178002 0.286663 
1.65 0.65 -0.14285 0.252027 
1.7 0.65 -0.102147 0.224147 
1.75 0.65 -0.0574004 0.205251 
1.8 0.65 -0.0103531 0.197039 
1.85 0.65 0.0371092 0.200299 
1.9 0.65 0.083074 0.214715 
1.95 0.65 0.125723 0.238945 
2 0.65 0.163436 0.27094 
2.05 0.65 0.194865 0.308363 
2.1 0.65 0.218972 0.348977 
2.15 0.65 0.235034 0.390876 
2.2 0.65 0.242629 0.432563 
2.25 0.65 0.241611 0.472904 
2.3 0.65 0.232096 0.51101 
2.35 0.65 0.214443 0.546112 
2.4 0.65 0.189255 0.577463 
2.45 0.65 0.15738 0.604286 
2.5 0.65 0.119897 0.625786 
2.55 0.65 0.078106 0.641209 
2.6 0.65 0.0334906 0.649935 
2.65 0.65 -0.0123394 0.651584 
2.7 0.65 -0.0577167 0.646081 
2.75 0.65 -0.100995 0.633669 
2.8 0.65 -0.140624 0.614867 
2.85 0.65 -0.175213 0.590379 
2.9 0.65 -0.203575 0.56099 
2.95 0.65 -0.224754 0.527492 
3 0.65 -0.238033 0.490644 
3.05 0.65 -0.242941 0.451197 
3.1 0.65 -0.239248 0.409974 
3.15 0.65 -0.226981 0.367988 
3.2 0.65 -0.206434 0.326565 
3.25 0.65 -0.178194 0.287432 
3.3 0.65 -0.143159 0.252701 
3.35 0.65 -0.102545 0.224709 
3.4 0.65 -0.0578601 0.205689 
3.45 0.65 -0.0108502 0.197351 
3.5 0.65 0.0365949 0.200494 
3.55 0.65 0.0825572 0.214816 
3.6 0.65 0.125211 0.23898 
3.65 0.65 0.162931 0.270939 
3.7 0.65 0.194362 0.308355 
3.75 0.65 0.218459 0.348983 
3.8 0.65 0.234497 0.390908 
3.85 0.65 0.242049 0.432625 
3.9 0.65 0.240972 0.472993 
3.95 0.65 0.231381 0.511113 
4 0.65 0.213642 0.54621 
4.05 0.65 0.188364 0.577531 
4.1 0.65 0.156401 0.604295 
4.15 0.65 0.118843 0.625703 
4.2 0.65 0.077 0.640997 
4.25 0.65 0.032365 0.649563 
4.3 0.65 -0.0134424 0.651024 
4.35 0.65 -0.0587459 0.645309 
4.4 0.65 -0.101892 0.632667 
4.45 0.65 -0.141323 0.613621 
4.5 0.65 -0.175642 0.588876 
4.55 0.65 -0.203659 0.559219 
4.6 0.65 -0.224413 0.525442 
4.65 0.65 -0.237186 0.488311 
4.7 0.65 -0.241508 0.44859 
4.75 0.65 -0.237157 0.407129 
4.8 0.65 -0.224175 0.36498 
4.85 0.65 -0.202884 0.323527 
4.9 0.65 -0.173915 0.284557 
4.95 0.65 -0.138227 0.250239 
5 0.65 -0.097124 0.222928 
0 0.7 -0.119058 0.226129 
0.05 0.7 -0.0839138 0.199732 
0.1 0.7 -0.0454026 0.182139 
0.15 0.7 -0.00500329 0.174954 
0.2 0.7 0.0356616 0.178869 
0.25 0.7 0.0749398 0.193492 
0.3 0.7 0.111262 0.21744 
0.35 0.7 0.143237 0.248661 
0.4 0.7 0.169721 0.284859 
0.45 0.7 0.189842 0.32385 
0.5 0.7 0.203009 0.363786 
0.55 0.7 0.208892 0.403218 
0.6 0.7 0.207401 0.44105 
0.65 0.7 0.198665 0.476436 
0.7 0.7 0.183023 0.508673 
0.75 0.7 0.161015 0.537119 
0.8 0.7 0.133381 0.561149 
0.85 0.7 0.101057 0.580162 
0.9 0.7 0.0651509 0.59361 
0.95 0.7 0.0269218 0.601062 
1 0.7 -0.0122728 0.602258 
1.05 0.7 -0.0510311 0.597156 
1.1 0.7 -0.0879709 0.585934 
1.15 0.7 -0.121789 0.568964 
1.2 0.7 -0.151314 0.546755 
1.25 0.7 -0.17554 0.519892 
1.3 0.7 -0.193648 0.488992 
1.35 0.7 -0.205018 0.454685 
1.4 0.7 -0.209229 0.41764 
1.45 0.7 -0.206067 0.378639 
1.5 0.7 -0.195531 0.338671 
1.55 0.7 -0.177853 0.299048 
1.6 0.7 -0.153518 0.261477 
1.65 0.7 -0.123288 0.228049 
1.7 0.7 -0.0882073 0.201072 
1.75 0.7 -0.0495853 0.182754 
1.8 0.7 -0.00894521 0.174784 
1.85 0.7 0.0320592 0.177947 
1.9 0.7 0.0717498 0.191929 
1.95 0.7 0.108534 0.215394 
2 0.7 0.141001 0.246309 
2.05 0.7 0.167987 0.28236 
2.1 0.7 0.188605 0.321332 
2.15 0.7 0.202251 0.36134 
2.2 0.7 0.208586 0.400905 
2.25 0.7 0.207514 0.438908 
2.3 0.7 0.199157 0.474488 
2.35 0.7 0.183851 0.506936 
2.4 0.7 0.16213 0.535607 
2.45 0.7 0.134732 0.559878 
2.5 0.7 0.102587 0.579144 
2.55 0.7 0.0668023 0.592853 
2.6 0.7 0.0286347 0.600567 
2.65 0.7 -0.0105566 0.60202 
2.7 0.7 -0.0493664 0.597158 
2.75 0.7 -0.0864062 0.586152 
2.8 0.7 -0.120365 0.569367 
2.85 0.7 -0.150061 0.547307 
2.9 0.7 -0.174479 0.52056 
2.95 0.7 -0.192789 0.489742 
3 0.7 -0.204362 0.455488 
3.05 0.7 -0.208772 0.41847 
3.1 0.7 -0.205796 0.379472 
3.15 0.7 -0.195428 0.339484 
3.2 0.7 -0.177898 0.299819 
3.25 0.7 -0.153688 0.262185 
3.3 0.7 -0.123558 0.228669 
3.35 0.7 -0.0885536 0.201586 
3.4 0.7 -0.0499842 0.183149 
3.45 0.7 -0.00937542 0.175057 
3.5 0.7 0.0316154 0.178107 
3.55 0.7 0.0713052 0.191995 
3.6 0.7 0.108096 0.215395 
3.65 0.7 0.14057 0.246273 
3.7 0.7 0.167558 0.282313 
3.75 0.7 0.188169 0.321294 
3.8 0.7 0.201795 0.361324 
3.85 0.7 0.208095 0.400914 
3.9 0.7 0.206971 0.438936 
3.95 0.7 0.19855 0.474525 
4 0.7 0.183169 0.506964 
4.05 0.7 0.161369 0.535604 
4.1 0.7 0.133894 0.559816 
4.15 0.7 0.101682 0.578994 
4.2 0.7 0.065849 0.592585 
4.25 0.7 0.0276608 0.600151 
4.3 0.7 -0.0115152 0.601428 
4.35 0.7 -0.050266 0.596367 
4.4 0.7 -0.0871959 0.585139 
4.45 0.7 -0.120988 0.568111 
4.5 0.7 -0.150454 0.545792 
4.55 0.7 -0.174573 0.518769 
4.6 0.7 -0.192513 0.487661 
4.65 0.7 -0.203642 0.453111 
4.7 0.7 -0.207535 0.415806 
4.75 0.7 -0.203976 0.376559 
4.8 0.7 -0.192976 0.336401 
4.85 0.7 -0.174786 0.296701 
4.9 0.7 -0.149932 0.25923 
4.95 0.7 -0.119228 0.226129 
5 0.7 -0.0837934 0.199732 
0 0.75 -0.0963246 0.197774 
0.05 0.75 -0.0679045 0.173587 
0.1 0.75 -0.036727 0.157469 
0.15 0.75 -0.0040079 0.1509 
0.2 0.75 0.028921 0.154521 
0.25 0.75 0.0607048 0.167962 
0.3 0.75 0.0900596 0.189939 
0.35 0.75 0.115854 0.218554 
0.4 0.75 0.137162 0.251677 
0.45 0.75 0.15329 0.287287 
0.5 0.75 0.163777 0.323667 
0.55 0.75 0.168373 0.359468 
0.6 0.75 0.167026 0.393667 
0.65 0.75 0.15986 0.42548 
0.7 0.75 0.147163 0.454274 
0.75 0.75 0.129381 0.479501 
0.8 0.75 0.107116 0.500659 
0.85 0.75 0.0811209 0.517286 
0.9 0.75 0.0522824 0.52898 
0.95 0.75 0.021601 0.535436 
1 0.75 -0.0098456 0.536471 
1.05 0.75 -0.0409466 0.532056 
1.1 0.75 -0.0706059 0.522315 
1.15 0.75 -0.0977883 0.50751 
1.2 0.75 -0.121558 0.488008 
1.25 0.75 -0.141109 0.464249 
1.3 0.75 -0.155777 0.436719 
1.35 0.75 -0.165054 0.405945 
1.4 0.75 -0.168586 0.372519 
1.45 0.75 -0.166182 0.337159 
1.5 0.75 -0.157823 0.300787 
1.55 0.75 -0.143673 0.264629 
1.6 0.75 -0.12411 0.230273 
1.65 0.75 -0.0997372 0.199658 
1.7 0.75 -0.0713948 0.174923 
1.75 0.75 -0.0401481 0.158114 
1.8 0.75 -0.0072437 0.150797 
1.85 0.75 0.0259602 0.153701 
1.9 0.75 0.0580848 0.166532 
1.95 0.75 0.0878242 0.188055 
2 0.75 0.114027 0.216383 
2.05 0.75 0.135752 0.249372 
2.1 0.75 0.15229 0.284969 
2.15 0.75 0.163169 0.321424 
2.2 0.75 0.168134 0.357357 
2.25 0.75 0.167127 0.391722 
2.3 0.75 0.160266 0.423722 
2.35 0.75 0.147837 0.452717 
2.4 0.75 0.130284 0.478155 
2.45 0.75 0.108205 0.499532 
2.5 0.75 0.0823507 0.516384 
2.55 0.75 0.0536063 0.528308 
2.6 0.75 0.0229718 0.53499 
2.65 0.75 -0.00847426 0.536245 
2.7 0.75 -0.0396179 0.532035 
2.75 0.75 -0.0693582 0.52248 
2.8 0.75 -0.0966535 0.507835 
2.85 0.75 -0.120561 0.488466 
2.9 0.75 -0.140265 0.464813 
2.95 0.75 -0.155095 0.437361 
3 0.75 -0.164535 0.406639 
3.05 0.75 -0.168225 0.373243 
3.1 0.75 -0.165971 0.33789 
3.15 0.75 -0.157746 0.301505 
3.2 0.75 -0.143715 0.265312 
3.25 0.75 -0.124252 0.2309 
3.3 0.75 -0.0999597 0.200207 
3.35 0.75 -0.071678 0.175375 
3.4 0.75 -0.0404729 0.158458 
3.45 0.75 -0.00759262 0.151029 
3.5 0.75 0.0256017 0.153828 
3.55 0.75 0.0577271 0.166573 
3.6 0.75 0.0874733 0.188034 
3.65 0.75 0.113684 0.216326 
3.7 0.75 0.135412 0.249304 
3.75 0.75 0.151946 0.284907 
3.8 0.75 0.16281 0.321378 
3.85 0.75 0.167747 0.35733 
3.9 0.75 0.166698 0.391709 
3.95 0.75 0.159785 0.423713 
4 0.75 0.147295 0.452696 
4.05 0.75 0.129676 0.478102 
4.1 0.75 0.107533 0.499424 
4.15 0.75 0.0816224 0.516195 
4.2 0.75 0.0528361 0.528012 
4.25 0.75 0.0221813 0.534561 
4.3 0.75 -0.00925647 0.535656 
4.35 0.75 -0.0403568 0.531264 
4.4 0.75 -0.0700127 0.521502 
4.45 0.75 -0.0971768 0.50663 
4.5 0.75 -0.120901 0.487014 
4.55 0.75 -0.140365 0.463095 
4.6 0.75 -0.154895 0.435363 
4.65 0.75 -0.163973 0.404356 
4.7 0.75 -0.16724 0.370685 
4.75 0.75 -0.164506 0.335095 
4.8 0.75 -0.15576 0.29855 
4.85 0.75 -0.14119 0.262328 
4.9 0.75 -0.121203 0.228074 
4.95 0.75 -0.0964466 0.197774 
5 0.75 -0.067818 0.173588 
0 0.8 -0.0713775 0.164956 
0.05 0.8 -0.0503277 0.144255 
0.1 0.8 -0.027216 0.13047 
0.15 0.8 -0.00295837 0.124864 
0.2 0.8 0.0214471 0.127979 
0.25 0.8 0.044986 0.139497 
0.3 0.8 0.0666991 0.158319 
0.35 0.8 0.0857441 0.182819 
0.4 0.8 0.101438 0.211174 
0.45 0.8 0.113276 0.241645 
0.5 0.8 0.120927 0.27275 
0.55 0.8 0.124222 0.303317 
0.6 0.8 0.123135 0.332454 
0.65 0.8 0.117769 0.359478 
0.7 0.8 0.108347 0.383848 
0.75 0.8 0.0952027 0.405107 
0.8 0.8 0.078784 0.422858 
0.85 0.8 0.0596434 0.436749 
0.9 0.8 0.0384309 0.446486 
0.95 0.8 0.0158764 0.451848 
1 0.8 -0.00723514 0.452707 
1.05 0.8 -0.0300953 0.449044 
1.1 0.8 -0.0519059 0.440943 
1.15 0.8 -0.0719122 0.428592 
1.2 0.8 -0.0894302 0.412257 
1.25 0.8 -0.103867 0.392267 
1.3 0.8 -0.114733 0.369003 
1.35 0.8 -0.121648 0.342893 
1.4 0.8 -0.124343 0.314442 
1.45 0.8 -0.122666 0.284269 
1.5 0.8 -0.116588 0.253183 
1.55 0.8 -0.106218 0.222249 
1.6 0.8 -0.0918218 0.192844 
1.65 0.8 -0.0738363 0.166635 
1.7 0.8 -0.0528807 0.145461 
1.75 0.8 -0.0297467 0.131073 
1.8 0.8 -0.00536747 0.12481 
1.85 0.8 0.019237 0.127295 
1.9 0.8 0.0430305 0.138278 
1.95 0.8 0.0650338 0.156701 
2 0.8 0.084388 0.18095 
2.05 0.8 0.100396 0.209188 
2.1 0.8 0.112542 0.23965 
2.15 0.8 0.120486 0.270822 
2.2 0.8 0.124055 0.301506 
2.25 0.8 0.123218 0.330791 
2.3 0.8 0.118077 0.357981 
2.35 0.8 0.10885 0.382526 
2.4 0.8 0.0958726 0.40397 
2.45 0.8 0.0795884 0.421909 
2.5 0.8 0.060549 0.435991 
2.55 0.8 0.0394034 0.445918 
2.6 0.8 0.0168813 0.451467 
2.65 0.8 -0.00623156 0.452507 
2.7 0.8 -0.0291243 0.449012 
2.75 0.8 -0.0509954 0.441065 
2.8 0.8 -0.0710851 0.428847 
2.85 0.8 -0.0887043 0.412624 
2.9 0.8 -0.103254 0.392725 
2.95 0.8 -0.114239 0.369529 
3 0.8 -0.121274 0.343467 
3.05 0.8 -0.124085 0.315043 
3.1 0.8 -0.122517 0.284879 
3.15 0.8 -0.116538 0.253783 
3.2 0.8 -0.106255 0.222821 
3.25 0.8 -0.0919316 0.193369 
3.3 0.8 -0.0740049 0.167095 
3.35 0.8 -0.0530933 0.145839 
3.4 0.8 -0.029989 0.131358 
3.45 0.8 -0.00562638 0.124999 
3.5 0.8 0.0189724 0.127394 
3.55 0.8 0.042768 0.138302 
3.6 0.8 0.0647779 0.156672 
3.65 0.8 0.0841393 0.180889 
3.7 0.8 0.100152 0.209116 
3.75 0.8 0.112295 0.23958 
3.8 0.8 0.120229 0.270764 
3.85 0.8 0.123777 0.301462 
3.9 0.8 0.12291 0.330756 
3.95 0.8 0.117729 0.357946 
4 0.8 0.108457 0.382479 
4.05 0.8 0.0954299 0.403892 
4.1 0.8 0.0790966 0.421782 
4.15 0.8 0.0600133 0.435794 
4.2 0.8 0.0388341 0.445629 
4.25 0.8 0.0162939 0.451064 
4.3 0.8 -0.00681632 0.451967 
4.35 0.8 -0.0296809 0.448313 
4.4 0.8 -0.0514933 0.440186 
4.45 0.8 -0.0714897 0.427769 
4.5 0.8 -0.0889765 0.411328 
4.55 0.8 -0.103351 0.391193 
4.6 0.8 -0.114115 0.367749 
4.65 0.8 -0.120881 0.341435 
4.7 0.8 -0.123376 0.31277 
4.75 0.8 -0.12145 0.282402 
4.8 0.8 -0.115083 0.251173 
4.85 0.8 -0.1044 0.220193 
4.9 0.8 -0.089695 0.190886 
4.95 0.8 -0.0714385 0.164956 
5 0.8 -0.0502841 0.144255 
0 0.85 -0.0462888 0.127941 
0.05 0.85 -0.0326338 0.111787 
0.1 0.85 -0.0176436 0.101048 
0.15 0.85 -0.00191957 0.0966894 
0.2 0.85 0.0138902 0.0991237 
0.25 0.85 0.0291252 0.108105 
0.3 0.85 0.0431605 0.122785 
0.35 0.85 0.0554492 0.141908 
0.4 0.85 0.0655515 0.164057 
0.45 0.85 0.0731461 0.187877 
0.5 0.85 0.0780273 0.212202 
0.55 0.85 0.0800949 0.236104 
0.6 0.85 0.0793407 0.258871 
0.65 0.85 0.075838 0.279958 
0.7 0.85 0.0697343 0.298936 
0.75 0.85 0.0612483 0.315455 
0.8 0.85 0.050668 0.329212 
0.85 0.85 0.0383484 0.339952 
0.9 0.85 0.0247054 0.347465 
0.95 0.85 0.0102056 0.351596 
1 0.85 -0.00465 0.352259 
1.05 0.85 -0.0193451 0.349437 
1.1 0.85 -0.0333703 0.343191 
1.15 0.85 -0.0462433 0.33365 
1.2 0.85 -0.0575268 0.321001 
1.25 0.85 -0.0668406 0.305484 
1.3 0.85 -0.0738695 0.287381 
1.35 0.85 -0.0783665 0.26702 
1.4 0.85 -0.0801547 0.244797 
1.45 0.85 -0.0791296 0.221208 
1.5 0.85 -0.0752649 0.196896 
1.55 0.85 -0.0686221 0.172709 
1.6 0.85 -0.0593638 0.149732 
1.65 0.85 -0.0477663 0.129273 
1.7 0.85 -0.034227 0.112759 
1.75 0.85 -0.0192599 0.101546 
1.8 0.85 -0.00347538 0.096668 
1.85 0.85 0.0124572 0.098603 
1.9 0.85 0.0278572 0.107159 
1.95 0.85 0.0420831 0.121522 
2 0.85 0.0545751 0.140444 
2.05 0.85 0.0648835 0.162499 
2.1 0.85 0.0726791 0.18631 
2.15 0.85 0.0777511 0.210688 
2.2 0.85 0.0799957 0.234683 
2.25 0.85 0.0794024 0.257567 
2.3 0.85 0.076043 0.278786 
2.35 0.85 0.0700642 0.297905 
2.4 0.85 0.0616835 0.314568 
2.45 0.85 0.051188 0.328474 
2.5 0.85 0.0389318 0.339362 
2.55 0.85 0.0253303 0.347022 
2.6 0.85 0.0108498 0.351298 
2.65 0.85 -0.00400775 0.352098 
2.7 0.85 -0.0187249 0.349406 
2.75 0.85 -0.0327897 0.343277 
2.8 0.85 -0.045717 0.333838 
2.85 0.85 -0.0570659 0.321277 
2.9 0.85 -0.0664525 0.305831 
2.95 0.85 -0.0735579 0.287782 
3 0.85 -0.0781319 0.267459 
3.05 0.85 -0.0799946 0.245259 
3.1 0.85 -0.0790393 0.221678 
3.15 0.85 -0.0752378 0.197359 
3.2 0.85 -0.0686504 0.173151 
3.25 0.85 -0.0594387 0.150138 
3.3 0.85 -0.0478784 0.129628 
3.35 0.85 -0.0343667 0.11305 
3.4 0.85 -0.019418 0.101765 
3.45 0.85 -0.00364323 0.0968124 
3.5 0.85 0.0122868 0.0986774 
3.55 0.85 0.0276894 0.107175 
3.6 0.85 0.0419207 0.121495 
3.65 0.85 0.0544186 0.140391 
3.7 0.85 0.0647307 0.162436 
3.75 0.85 0.0725259 0.186248 
3.8 0.85 0.0775917 0.210634 
3.85 0.85 0.0798234 0.234637 
3.9 0.85 0.0792106 0.257527 
3.95 0.85 0.0758256 0.278744 
4 0.85 0.0698164 0.297851 
4.05 0.85 0.0614027 0.31449 
4.1 0.85 0.0508742 0.328355 
4.15 0.85 0.0385881 0.339187 
4.2 0.85 0.0249629 0.346774 
4.25 0.85 0.0104685 0.350959 
4.3 0.85 -0.00439001 0.351651 
4.35 0.85 -0.0190917 0.348833 
4.4 0.85 -0.0331216 0.342562 
4.45 0.85 -0.0459914 0.332964 
4.5 0.85 -0.0572573 0.320229 
4.55 0.85 -0.0665329 0.304594 
4.6 0.85 -0.0734968 0.286347 
4.65 0.85 -0.0778976 0.265824 
4.7 0.85 -0.0795557 0.243435 
4.75 0.85 -0.0783681 0.219696 
4.8 0.85 -0.0743151 0.195279 
4.85 0.85 -0.0674724 0.171066 
4.9 0.85 -0.0580249 0.148177 
4.95 0.85 -0.0462764 0.127941 
5 0.85 -0.032642 0.111787 
0 0.9 -0.0237189 0.0874114 
0.05 0.9 -0.0166878 0.0764946 
0.1 0.9 -0.00901185 0.069258 
0.15 0.9 -0.000984034 0.0663271 
0.2 0.9 0.00707659 0.0679696 
0.25 0.9 0.0148358 0.0740225 
0.3 0.9 0.0219741 0.0839259 
0.35 0.9 0.0282121 0.0968465 
0.4 0.9 0.0333274 0.111839 
0.45 0.9 0.0371598 0.127989 
0.5 0.9 0.0396096 0.144503 
0.55 0.9 0.0406307 0.160743 
0.6 0.9 0.0402234 0.176216 
0.65 0.9 0.0384277 0.190542 
0.7 0.9 0.0353201 0.203426 
0.75 0.9 0.031012 0.214626 
0.8 0.9 0.0256489 0.223943 
0.85 0.9 0.0194094 0.231206 
0.9 0.9 0.012503 0.236282 
0.95 0.9 0.00516479 0.239071 
1 0.9 -0.00235279 0.239518 
1.05 0.9 -0.00978955 0.237613 
1.1 0.9 -0.0168887 0.233395 
1.15 0.9 -0.0234073 0.226945 
1.2 0.9 -0.0291251 0.218384 
1.25 0.9 -0.0338507 0.207868 
1.3 0.9 -0.037425 0.195583 
1.35 0.9 -0.0397229 0.181753 
1.4 0.9 -0.0406533 0.16665 
1.45 0.9 -0.0401608 0.15062 
1.5 0.9 -0.0382279 0.134108 
1.55 0.9 -0.0348812 0.1177 
1.6 0.9 -0.0301982 0.102139 
1.65 0.9 -0.0243153 0.088308 
1.7 0.9 -0.0174329 0.0771638 
1.75 0.9 -0.00981333 0.0696082 
1.8 0.9 -0.00177079 0.0663238 
1.85 0.9 0.00634844 0.0676263 
1.9 0.9 0.014192 0.0733892 
1.95 0.9 0.0214288 0.0830747 
2 0.9 0.0277719 0.0958561 
2.05 0.9 0.0329932 0.110782 
2.1 0.9 0.0369285 0.126923 
2.15 0.9 0.0394754 0.143472 
2.2 0.9 0.040586 0.159775 
2.25 0.9 0.0402596 0.175327 
2.3 0.9 0.0385358 0.189744 
2.35 0.9 0.0354905 0.202723 
2.4 0.9 0.0312348 0.214023 
2.45 0.9 0.0259136 0.22344 
2.5 0.9 0.0197054 0.230805 
2.55 0.9 0.0128192 0.23598 
2.6 0.9 0.00549003 0.238866 
2.65 0.9 -0.00202927 0.239406 
2.7 0.9 -0.00947779 0.237588 
2.75 0.9 -0.0165975 0.233449 
2.8 0.9 -0.0231441 0.227069 
2.85 0.9 -0.0288953 0.218567 
2.9 0.9 -0.0336579 0.208099 
2.95 0.9 -0.0372711 0.195851 
3 0.9 -0.0396079 0.182048 
3.05 0.9 -0.040576 0.166962 
3.1 0.9 -0.0401185 0.150937 
3.15 0.9 -0.0382175 0.134421 
3.2 0.9 -0.0348984 0.117999 
3.25 0.9 -0.0302387 0.102413 
3.3 0.9 -0.0243743 0.0885476 
3.35 0.9 -0.0175054 0.0773605 
3.4 0.9 -0.0098946 0.0697562 
3.45 0.9 -0.00185641 0.0664215 
3.5 0.9 0.00626218 0.0676767 
3.55 0.9 0.0141078 0.0733999 
3.6 0.9 0.0213482 0.0830562 
3.65 0.9 0.027695 0.0958196 
3.7 0.9 0.0329188 0.110737 
3.75 0.9 0.0368545 0.126879 
3.8 0.9 0.0393986 0.143431 
3.85 0.9 0.0405029 0.159739 
3.9 0.9 0.0401666 0.175295 
3.95 0.9 0.0384295 0.189709 
4 0.9 0.0353685 0.20268 
4.05 0.9 0.0310954 0.213961 
4.1 0.9 0.0257567 0.22335 
4.15 0.9 0.0195323 0.230676 
4.2 0.9 0.0126329 0.2358 
4.25 0.9 0.00529534 0.238624 
4.3 0.9 -0.0022259 0.23909 
4.35 0.9 -0.00966818 0.237186 
4.4 0.9 -0.0167719 0.232949 
4.45 0.9 -0.023291 0.226459 
4.5 0.9 -0.0290018 0.217838 
4.55 0.9 -0.0337095 0.20724 
4.6 0.9 -0.037252 0.194856 
4.65 0.9 -0.0395015 0.180917 
4.7 0.9 -0.0403656 0.165703 
4.75 0.9 -0.0397897 0.149574 
4.8 0.9 -0.0377607 0.132997 
4.85 0.9 -0.0343145 0.116581 
4.9 0.9 -0.0295467 0.101088 
4.95 0.9 -0.0236207 0.0874114 
5 0.9 -0.0167568 0.0764946 
0 0.95 -0.00700687 0.0443674 
0.05 0.95 -0.00483536 0.0389381 
0.1 0.95 -0.00259399 0.0353581 
0.15 0.95 -0.000283639 0.0339111 
0.2 0.95 0.00202847 0.0347242 
0.25 0.95 0.00425111 0.0377195 
0.3 0.95 0.00629246 0.0426275 
0.35 0.95 0.00807216 0.0490444 
0.4 0.95 0.009527 0.0565083 
0.45 0.95 0.0106126 0.0645673 
0.5 0.95 0.0113022 0.072825 
0.55 0.95 0.0115845 0.0809581 
0.6 0.95 0.011461 0.0887144 
0.65 0.95 0.010944 0.0958995 
0.7 0.95 0.0100555 0.102361 
0.75 0.95 0.00882709 0.107978 
0.8 0.95 0.00729966 0.112647 
0.85 0.95 0.00552361 0.116286 
0.9 0.95 0.00355815 0.118827 
0.95 0.95 0.00146988 0.120223 
1 0.95 -0.000669428 0.120447 
1.05 0.95 -0.00278576 0.119494 
1.1 0.95 -0.00480609 0.117382 
1.15 0.95 -0.00666149 0.114151 
1.2 0.95 -0.00828963 0.109861 
1.25 0.95 -0.0096365 0.104589 
1.3 0.95 -0.0106573 0.0984275 
1.35 0.95 -0.0113168 0.0914908 
1.4 0.95 -0.0115889 0.0839182 
1.45 0.95 -0.0114571 0.0758864 
1.5 0.95 -0.0109153 0.067625 
1.55 0.95 -0.00996924 0.0594312 
1.6 0.95 -0.00863917 0.0516777 
1.65 0.95 -0.00696244 0.0448031 
1.7 0.95 -0.00499542 0.0392771 
1.75 0.95 -0.00281341 0.0355374 
1.8 0.95 -0.000507681 0.0339137 
1.85 0.95 0.00182052 0.0345574 
1.9 0.95 0.00406806 0.037408 
1.95 0.95 0.00613839 0.0422064 
2 0.95 0.00794869 0.0485524 
2.05 0.95 0.00943413 0.0559811 
2.1 0.95 0.0105492 0.0640344 
2.15 0.95 0.0112664 0.0723079 
2.2 0.95 0.011574 0.0804715 
2.25 0.95 0.0114732 0.0882676 
2.3 0.95 0.0109763 0.0954978 
2.35 0.95 0.0101052 0.102008 
2.4 0.95 0.00889131 0.107674 
2.45 0.95 0.00737553 0.112394 
2.5 0.95 0.0056081 0.116083 
2.55 0.95 0.00364812 0.118675 
2.6 0.95 0.0015622 0.120119 
2.65 0.95 -0.000577823 0.120389 
2.7 0.95 -0.00269772 0.11948 
2.75 0.95 -0.00472412 0.117407 
2.8 0.95 -0.00658766 0.114212 
2.85 0.95 -0.00822546 0.109951 
2.9 0.95 -0.009583 0.104703 
2.95 0.95 -0.010615 0.0985609 
3 0.95 -0.0112855 0.0916378 
3.05 0.95 -0.0115682 0.0840735 
3.1 0.95 -0.0114464 0.0760448 
3.15 0.95 -0.0109135 0.0677813 
3.2 0.95 -0.00997522 0.0595804 
3.25 0.95 -0.00865162 0.0518146 
3.3 0.95 -0.00697999 0.0449228 
3.35 0.95 -0.00501667 0.0393754 
3.4 0.95 -0.00283697 0.0356117 
3.45 0.95 -0.000532251 0.033963 
3.5 0.95 0.00179603 0.0345834 
3.55 0.95 0.00404443 0.0374142 
3.6 0.95 0.00611607 0.0421979 
3.65 0.95 0.0079277 0.0485347 
3.7 0.95 0.00941411 0.0559592 
3.75 0.95 0.0105294 0.0640119 
3.8 0.95 0.011246 0.072287 
3.85 0.95 0.0115519 0.0804527 
3.9 0.95 0.0114483 0.0882497 
3.95 0.95 0.0109475 0.0954785 
4 0.95 0.0100718 0.101984 
4.05 0.95 0.00885277 0.10764 
4.1 0.95 0.0073317 0.112346 
4.15 0.95 0.00555931 0.116016 
4.2 0.95 0.00359518 0.118581 
4.25 0.95 0.0015064 0.119994 
4.3 0.95 -0.000634675 0.120227 
4.35 0.95 -0.00275334 0.119274 
4.4 0.95 -0.00477577 0.117152 
4.45 0.95 -0.0066321 0.113901 
4.5 0.95 -0.00825902 0.10958 
4.55 0.95 -0.00960152 0.104267 
4.6 0.95 -0.0106139 0.0980568 
4.65 0.95 -0.0112598 0.0910658 
4.7 0.95 -0.011513 0.0834386 
4.75 0.95 -0.0113571 0.0753597 
4.8 0.95 -0.0107872 0.0670687 
4.85 0.95 -0.00981305 0.0588747 
4.9 0.95 -0.00846556 0.0511608 
4.95 0.95 -0.0068105 0.0443674 
5 0.95 -0.00497431 0.0389381 
0 1 0 0 
0.05 1 0 0 
0.1 1 0 0 
0.15 1 0 0 
0.2 1 0 0 
0.25 1 0 0 
0.3 1 0 0 
0.35 1 0 0 
0.4 1 0 0 
0.45 1 0 0 
0.5 1 0 0 
0.55 1 0 0 
0.6 1 0 0 
0.65 1 0 0 
0.7 1 0 0 
0.75 1 0 0 
0.8 1 0 0 
0.85 1 0 0 
0.9 1 0 0 
0.95 1 0 0 
1 1 0 0 
1.05 1 0 0 
1.1 1 0 0 
1.15 1 0 0 
1.2 1 0 0 
1.25 1 0 0 
1.3 1 0 0 
1.35 1 0 0 
1.4 1 0 0 
1.45 1 0 0 
1.5 1 0 0 
1.55 1 0 0 
1.6 1 0 0 
1.65 1 0 0 
1.7 1 0 0 
1.75 1 0 0 
1.8 1 0 0 
1.85 1 0 0 
1.9 1 0 0 
1.95 1 0 0 
2 1 0 0 
2.05 1 0 0 
2.1 1 0 0 
2.15 1 0 0 
2.2 1 0 0 
2.25 1 0 0 
2.3 1 0 0 
2.35 1 0 0 
2.4 1 0 0 
2.45 1 0 0 
2.5 1 0 0 
2.55 1 0 0 
2.6 1 0 0 
2.65 1 0 0 
2.7 1 0 0 
2.75 1 0 0 
2.8 1 0 0 
2.85 1 0 0 
2.9 1 0 0 
2.95 1 0 0 
3 1 0 0 
3.05 1 0 0 
3.1 1 0 0 
3.15 1 0 0 
3.2 1 0 0 
3.25 1 0 0 
3.3 1 0 0 
3.35 1 0 0 
3.4 1 0 0 
3.45 1 0 0 
3.5 1 0 0 
3.55 1 0 0 
3.6 1 0 0 
3.65 1 0 0 
3.7 1 0 0 
3.75 1 0 0 
3.8 1 0 0 
3.85 1 0 0 
3.9 1 0 0 
3.95 1 0 0 
4 1 0 0 
4.05 1 0 0 
4.1 1 0 0 
4.15 1 0 0 
4.2 1 0 0 
4.25 1 0 0 
4.3 1 0 0 
4.35 1 0 0 
4.4 1 0 0 
4.45 1 0 0 
4.5 1 0 0 
4.55 1 0 0 
4.6 1 0 0 
4.65 1 0 0 
4.7 1 0 0 
4.75 1 0 0 
4.8 1 0 0 
4.85 1 0 0 
4.9 1 0 0 
4.95 1 0 0 
5 1 0 0 
