x, y, ksi, T
#iter= 1130000
0 0 0 1 
0.05 0 0 1 
0.1 0 0 1 
0.15 0 0 1 
0.2 0 0 1 
0.25 0 0 1 
0.3 0 0 1 
0.35 0 0 1 
0.4 0 0 1 
0.45 0 0 1 
0.5 0 0 1 
0.55 0 0 1 
0.6 0 0 1 
0.65 0 0 1 
0.7 0 0 1 
0.75 0 0 1 
0.8 0 0 1 
0.85 0 0 1 
0.9 0 0 1 
0.95 0 0 1 
1 0 0 1 
1.05 0 0 1 
1.1 0 0 1 
1.15 0 0 1 
1.2 0 0 1 
1.25 0 0 1 
1.3 0 0 1 
1.35 0 0 1 
1.4 0 0 1 
1.45 0 0 1 
1.5 0 0 1 
1.55 0 0 1 
1.6 0 0 1 
1.65 0 0 1 
1.7 0 0 1 
1.75 0 0 1 
1.8 0 0 1 
1.85 0 0 1 
1.9 0 0 1 
1.95 0 0 1 
2 0 0 1 
2.05 0 0 1 
2.1 0 0 1 
2.15 0 0 1 
2.2 0 0 1 
2.25 0 0 1 
2.3 0 0 1 
2.35 0 0 1 
2.4 0 0 1 
2.45 0 0 1 
2.5 0 0 1 
2.55 0 0 1 
2.6 0 0 1 
2.65 0 0 1 
2.7 0 0 1 
2.75 0 0 1 
2.8 0 0 1 
2.85 0 0 1 
2.9 0 0 1 
2.95 0 0 1 
3 0 0 1 
3.05 0 0 1 
3.1 0 0 1 
3.15 0 0 1 
3.2 0 0 1 
3.25 0 0 1 
3.3 0 0 1 
3.35 0 0 1 
3.4 0 0 1 
3.45 0 0 1 
3.5 0 0 1 
3.55 0 0 1 
3.6 0 0 1 
3.65 0 0 1 
3.7 0 0 1 
3.75 0 0 1 
3.8 0 0 1 
3.85 0 0 1 
3.9 0 0 1 
3.95 0 0 1 
4 0 0 1 
4.05 0 0 1 
4.1 0 0 1 
4.15 0 0 1 
4.2 0 0 1 
4.25 0 0 1 
4.3 0 0 1 
4.35 0 0 1 
4.4 0 0 1 
4.45 0 0 1 
4.5 0 0 1 
4.55 0 0 1 
4.6 0 0 1 
4.65 0 0 1 
4.7 0 0 1 
4.75 0 0 1 
4.8 0 0 1 
4.85 0 0 1 
4.9 0 0 1 
4.95 0 0 1 
5 0 0 1 
0 0.05 -0.0067077 0.88523 
0.05 0.05 -0.00463169 0.882066 
0.1 0.05 -0.00246238 0.880149 
0.15 0.05 -0.000259389 0.879455 
0.2 0.05 0.00192135 0.879968 
0.25 0.05 0.0040163 0.881665 
0.3 0.05 0.00596037 0.884505 
0.35 0.05 0.00769199 0.888431 
0.4 0.05 0.00915619 0.89337 
0.45 0.05 0.0103063 0.899233 
0.5 0.05 0.0111045 0.905914 
0.55 0.05 0.0115222 0.913282 
0.6 0.05 0.0115398 0.921178 
0.65 0.05 0.0111476 0.929392 
0.7 0.05 0.010347 0.937652 
0.75 0.05 0.00915294 0.945613 
0.8 0.05 0.00759637 0.952857 
0.85 0.05 0.00572681 0.958921 
0.9 0.05 0.00361302 0.963347 
0.95 0.05 0.00134108 0.965757 
1 0.05 -0.000990472 0.965931 
1.05 0.05 -0.00327817 0.963852 
1.1 0.05 -0.0054222 0.959713 
1.15 0.05 -0.00733416 0.95387 
1.2 0.05 -0.0089425 0.946776 
1.25 0.05 -0.0101948 0.938898 
1.3 0.05 -0.0110573 0.930661 
1.35 0.05 -0.0115131 0.922425 
1.4 0.05 -0.0115589 0.914471 
1.45 0.05 -0.0112031 0.907017 
1.5 0.05 -0.0104643 0.900231 
1.55 0.05 -0.00937049 0.894247 
1.6 0.05 -0.00795899 0.889174 
1.65 0.05 -0.00627666 0.885102 
1.7 0.05 -0.00437948 0.882105 
1.75 0.05 -0.00233145 0.880238 
1.8 0.05 -0.00020277 0.879538 
1.85 0.05 0.00193292 0.880017 
1.9 0.05 0.00400166 0.881667 
1.95 0.05 0.00593235 0.884456 
2 0.05 0.00765961 0.888332 
2.05 0.05 0.0091258 0.893225 
2.1 0.05 0.0102823 0.899048 
2.15 0.05 0.0110897 0.905695 
2.2 0.05 0.0115185 0.913038 
2.25 0.05 0.0115481 0.920916 
2.3 0.05 0.0111683 0.929121 
2.35 0.05 0.0103797 0.937384 
2.4 0.05 0.00919686 0.945361 
2.45 0.05 0.00765011 0.952635 
2.5 0.05 0.00578845 0.958742 
2.55 0.05 0.00368012 0.963224 
2.6 0.05 0.00141086 0.965699 
2.65 0.05 -0.000920948 0.96594 
2.7 0.05 -0.00321172 0.963924 
2.75 0.05 -0.00536128 0.959838 
2.8 0.05 -0.00728068 0.954037 
2.85 0.05 -0.00889771 0.94697 
2.9 0.05 -0.0101593 0.939105 
2.95 0.05 -0.0110312 0.930872 
3 0.05 -0.011496 0.922631 
3.05 0.05 -0.01155 0.914666 
3.1 0.05 -0.0112016 0.907198 
3.15 0.05 -0.0104692 0.900397 
3.2 0.05 -0.00938058 0.894396 
3.25 0.05 -0.0079732 0.889306 
3.3 0.05 -0.0062939 0.885219 
3.35 0.05 -0.0043987 0.882207 
3.4 0.05 -0.00235168 0.880327 
3.45 0.05 -0.000223161 0.879614 
3.5 0.05 0.00191307 0.880084 
3.55 0.05 0.00398287 0.881725 
3.6 0.05 0.00591496 0.884508 
3.65 0.05 0.00764371 0.888381 
3.7 0.05 0.00911129 0.893272 
3.75 0.05 0.0102688 0.899095 
3.8 0.05 0.011077 0.905744 
3.85 0.05 0.0115059 0.91309 
3.9 0.05 0.011535 0.920971 
3.95 0.05 0.0111541 0.929178 
4 0.05 0.010364 0.937441 
4.05 0.05 0.00917937 0.945415 
4.1 0.05 0.00763081 0.952683 
4.15 0.05 0.00576761 0.95878 
4.2 0.05 0.0036583 0.963247 
4.25 0.05 0.00138891 0.965706 
4.3 0.05 -0.000941998 0.965931 
4.35 0.05 -0.00323077 0.963901 
4.4 0.05 -0.00537729 0.959806 
4.45 0.05 -0.00729284 0.954002 
4.5 0.05 -0.00890555 0.946939 
4.55 0.05 -0.0101629 0.939084 
4.6 0.05 -0.0110316 0.930867 
4.65 0.05 -0.0114951 0.922647 
4.7 0.05 -0.0115518 0.914706 
4.75 0.05 -0.0112125 0.907262 
4.8 0.05 -0.0104994 0.90048 
4.85 0.05 -0.00944628 0.894487 
4.9 0.05 -0.00810012 0.889381 
4.95 0.05 -0.00652123 0.88523 
5 0.05 -0.00476208 0.882066 
0 0.1 -0.0226396 0.77179 
0.05 0.1 -0.0158761 0.765576 
0.1 0.1 -0.00848991 0.761735 
0.15 0.1 -0.000844041 0.760328 
0.2 0.1 0.00677965 0.761341 
0.25 0.1 0.0141239 0.764723 
0.3 0.1 0.0209465 0.770388 
0.35 0.1 0.0270253 0.77822 
0.4 0.1 0.0321632 0.78807 
0.45 0.1 0.0361934 0.799759 
0.5 0.1 0.0389813 0.813076 
0.55 0.1 0.0404256 0.827769 
0.6 0.1 0.0404593 0.843521 
0.65 0.1 0.0390517 0.859928 
0.7 0.1 0.0362133 0.876455 
0.75 0.1 0.0320031 0.892419 
0.8 0.1 0.0265357 0.906981 
0.85 0.1 0.0199887 0.9192 
0.9 0.1 0.012603 0.928136 
0.95 0.1 0.00467617 0.933011 
1 0.1 -0.00345433 0.933362 
1.05 0.1 -0.0114351 0.929158 
1.1 0.1 -0.0189244 0.920796 
1.15 0.1 -0.0256174 0.90902 
1.2 0.1 -0.0312637 0.894754 
1.25 0.1 -0.0356764 0.87895 
1.3 0.1 -0.0387313 0.862464 
1.35 0.1 -0.0403622 0.846008 
1.4 0.1 -0.0405519 0.830136 
1.45 0.1 -0.0393262 0.815271 
1.5 0.1 -0.0367482 0.801742 
1.55 0.1 -0.0329162 0.78981 
1.6 0.1 -0.0279627 0.77969 
1.65 0.1 -0.0220542 0.771563 
1.7 0.1 -0.0153888 0.765578 
1.75 0.1 -0.00819264 0.76185 
1.8 0.1 -0.000712907 0.76045 
1.85 0.1 0.00679144 0.761408 
1.9 0.1 0.0140604 0.764704 
1.95 0.1 0.0208436 0.770273 
2 0.1 0.0269104 0.778009 
2.05 0.1 0.0320567 0.787771 
2.1 0.1 0.0361097 0.799382 
2.15 0.1 0.0389303 0.812635 
2.2 0.1 0.0404135 0.827277 
2.25 0.1 0.0404894 0.842995 
2.3 0.1 0.039125 0.859385 
2.35 0.1 0.0363287 0.875918 
2.4 0.1 0.0321575 0.891912 
2.45 0.1 0.0267242 0.906534 
2.5 0.1 0.0202045 0.91884 
2.55 0.1 0.0128377 0.92789 
2.6 0.1 0.00492015 0.932894 
2.65 0.1 -0.00321095 0.933381 
2.7 0.1 -0.0112019 0.929304 
2.75 0.1 -0.0187098 0.921051 
2.8 0.1 -0.025428 0.909356 
2.85 0.1 -0.031104 0.895143 
2.9 0.1 -0.0355486 0.879365 
2.95 0.1 -0.0386361 0.862884 
3 0.1 -0.0402982 0.846417 
3.05 0.1 -0.0405171 0.830523 
3.1 0.1 -0.0393175 0.815631 
3.15 0.1 -0.0367621 0.80207 
3.2 0.1 -0.0329489 0.790104 
3.25 0.1 -0.0280105 0.779951 
3.3 0.1 -0.0221131 0.771793 
3.35 0.1 -0.0154552 0.765779 
3.4 0.1 -0.00826321 0.762023 
3.45 0.1 -0.000784626 0.7606 
3.5 0.1 0.00672104 0.761538 
3.55 0.1 0.0139931 0.764817 
3.6 0.1 0.0207807 0.770375 
3.65 0.1 0.0268523 0.778104 
3.7 0.1 0.032003 0.787863 
3.75 0.1 0.0360596 0.799475 
3.8 0.1 0.0388823 0.812732 
3.85 0.1 0.0403658 0.82738 
3.9 0.1 0.04044 0.843104 
3.95 0.1 0.0390721 0.859499 
4 0.1 0.0362708 0.876032 
4.05 0.1 0.0320938 0.892022 
4.1 0.1 0.0266547 0.90663 
4.15 0.1 0.0201301 0.918915 
4.2 0.1 0.0127604 0.927936 
4.25 0.1 0.00484293 0.932907 
4.3 0.1 -0.00328467 0.933361 
4.35 0.1 -0.0112684 0.929255 
4.4 0.1 -0.0187655 0.920983 
4.45 0.1 -0.02547 0.909282 
4.5 0.1 -0.0311306 0.895076 
4.55 0.1 -0.0355601 0.879318 
4.6 0.1 -0.0386352 0.862869 
4.65 0.1 -0.0402916 0.846442 
4.7 0.1 -0.0405163 0.830594 
4.75 0.1 -0.0393411 0.815746 
4.8 0.1 -0.036837 0.802221 
4.85 0.1 -0.0331109 0.790264 
4.9 0.1 -0.028299 0.78007 
4.95 0.1 -0.022546 0.77179 
5 0.1 -0.0159396 0.765576 
0 0.15 -0.0441187 0.664466 
0.05 0.15 -0.0309169 0.655391 
0.1 0.15 -0.0164976 0.649731 
0.15 0.15 -0.00150599 0.647634 
0.2 0.15 0.0134888 0.649111 
0.25 0.15 0.0279586 0.654097 
0.3 0.15 0.0414109 0.662463 
0.35 0.15 0.0533967 0.674025 
0.4 0.15 0.0635208 0.688553 
0.45 0.15 0.0714498 0.705777 
0.5 0.15 0.076916 0.725383 
0.55 0.15 0.0797205 0.747001 
0.6 0.15 0.0797345 0.770176 
0.65 0.15 0.0769043 0.794323 
0.7 0.15 0.0712596 0.818674 
0.75 0.15 0.0629258 0.842229 
0.8 0.15 0.0521379 0.863755 
0.85 0.15 0.0392499 0.88185 
0.9 0.15 0.0247359 0.895105 
0.95 0.15 0.00917513 0.902343 
1 0.15 -0.00677898 0.902866 
1.05 0.15 -0.0224439 0.896621 
1.1 0.15 -0.0371585 0.884216 
1.15 0.15 -0.0503299 0.866771 
1.2 0.15 -0.0614667 0.845677 
1.25 0.15 -0.0701962 0.822349 
1.3 0.15 -0.0762661 0.798054 
1.35 0.15 -0.0795358 0.773828 
1.4 0.15 -0.0799627 0.750473 
1.45 0.15 -0.0775899 0.728598 
1.5 0.15 -0.0725374 0.708677 
1.55 0.15 -0.0649973 0.691089 
1.6 0.15 -0.0552315 0.676152 
1.65 0.15 -0.0435698 0.664143 
1.7 0.15 -0.030406 0.655288 
1.75 0.15 -0.0161891 0.649766 
1.8 0.15 -0.00140952 0.647692 
1.85 0.15 0.0134188 0.649111 
1.9 0.15 0.0277801 0.653992 
1.95 0.15 0.0411777 0.662234 
2 0.15 0.0531533 0.67367 
2.05 0.15 0.0633018 0.68808 
2.1 0.15 0.0712803 0.705199 
2.15 0.15 0.0768137 0.724717 
2.2 0.15 0.0796964 0.746266 
2.25 0.15 0.0797944 0.769394 
2.3 0.15 0.0770497 0.79352 
2.35 0.15 0.0714878 0.817879 
2.4 0.15 0.0632306 0.84148 
2.45 0.15 0.0525092 0.863092 
2.5 0.15 0.0396745 0.881317 
2.55 0.15 0.0251973 0.894739 
2.6 0.15 0.00965495 0.902171 
2.65 0.15 -0.00629994 0.902894 
2.7 0.15 -0.021984 0.896839 
2.75 0.15 -0.0367341 0.884594 
2.8 0.15 -0.0499538 0.867268 
2.85 0.15 -0.0611478 0.846251 
2.9 0.15 -0.0699393 0.82296 
2.95 0.15 -0.0760725 0.798671 
3 0.15 -0.0794037 0.774427 
3.05 0.15 -0.079888 0.751039 
3.1 0.15 -0.077567 0.729123 
3.15 0.15 -0.0725597 0.709154 
3.2 0.15 -0.0650575 0.691517 
3.25 0.15 -0.0553222 0.676533 
3.3 0.15 -0.0436835 0.664476 
3.35 0.15 -0.0305355 0.655577 
3.4 0.15 -0.0163277 0.650016 
3.45 0.15 -0.00155139 0.647907 
3.5 0.15 0.0132786 0.649296 
3.55 0.15 0.0276453 0.654153 
3.6 0.15 0.0410505 0.662378 
3.65 0.15 0.0530348 0.673803 
3.7 0.15 0.0631915 0.68821 
3.75 0.15 0.0711765 0.705331 
3.8 0.15 0.0767137 0.724855 
3.85 0.15 0.0795969 0.746413 
3.9 0.15 0.0796917 0.769551 
3.95 0.15 0.0769403 0.793684 
4 0.15 0.0713691 0.818046 
4.05 0.15 0.0631011 0.84164 
4.1 0.15 0.052369 0.863234 
4.15 0.15 0.0395255 0.881427 
4.2 0.15 0.0250434 0.894807 
4.25 0.15 0.00950178 0.902188 
4.3 0.15 -0.00644561 0.902861 
4.35 0.15 -0.0221149 0.896762 
4.4 0.15 -0.036843 0.884487 
4.45 0.15 -0.0500347 0.86715 
4.5 0.15 -0.0611968 0.846139 
4.55 0.15 -0.0699557 0.822875 
4.6 0.15 -0.0760601 0.798628 
4.65 0.15 -0.0793719 0.774438 
4.7 0.15 -0.0798544 0.75111 
4.75 0.15 -0.0775585 0.729252 
4.8 0.15 -0.072613 0.709326 
4.85 0.15 -0.0652153 0.691696 
4.9 0.15 -0.0556185 0.676657 
4.95 0.15 -0.044104 0.664466 
5 0.15 -0.0309246 0.655391 
0 0.2 -0.0680129 0.568966 
0.05 0.2 -0.0475593 0.557338 
0.1 0.2 -0.025277 0.550052 
0.15 0.2 -0.00208235 0.547333 
0.2 0.2 0.0211521 0.54923 
0.25 0.2 0.0435947 0.55567 
0.3 0.2 0.0644659 0.566478 
0.35 0.2 0.0830562 0.581398 
0.4 0.2 0.0987434 0.60011 
0.45 0.2 0.111005 0.622247 
0.5 0.2 0.119425 0.647395 
0.55 0.2 0.123699 0.675078 
0.6 0.2 0.123633 0.704722 
0.65 0.2 0.119156 0.735595 
0.7 0.2 0.110326 0.766731 
0.75 0.2 0.0973521 0.796867 
0.8 0.2 0.080608 0.824431 
0.85 0.2 0.0606483 0.847624 
0.9 0.2 0.0382056 0.864629 
0.95 0.2 0.0141675 0.87392 
1 0.2 -0.0104693 0.874591 
1.05 0.2 -0.0346659 0.866573 
1.1 0.2 -0.0574147 0.850657 
1.15 0.2 -0.0778076 0.828293 
1.2 0.2 -0.0950864 0.801277 
1.25 0.2 -0.108669 0.771426 
1.3 0.2 -0.118155 0.740357 
1.35 0.2 -0.123311 0.70938 
1.4 0.2 -0.124059 0.679502 
1.45 0.2 -0.120454 0.651489 
1.5 0.2 -0.112673 0.625933 
1.55 0.2 -0.101009 0.603319 
1.6 0.2 -0.0858653 0.584068 
1.65 0.2 -0.067756 0.56855 
1.7 0.2 -0.0472953 0.557083 
1.75 0.2 -0.0251853 0.54992 
1.8 0.2 -0.00219404 0.547227 
1.85 0.2 0.0208736 0.549069 
1.9 0.2 0.0432096 0.555402 
1.95 0.2 0.0640363 0.566079 
2 0.2 0.0826368 0.580862 
2.05 0.2 0.0983784 0.599444 
2.1 0.2 0.110728 0.621464 
2.15 0.2 0.119259 0.646512 
2.2 0.2 0.123658 0.674116 
2.25 0.2 0.123725 0.703707 
2.3 0.2 0.119382 0.734558 
2.35 0.2 0.110681 0.765708 
2.4 0.2 0.0978251 0.795903 
2.45 0.2 0.0811835 0.823579 
2.5 0.2 0.0613056 0.846938 
2.55 0.2 0.0389194 0.864158 
2.6 0.2 0.0149098 0.873697 
2.65 0.2 -0.00972773 0.874626 
2.7 0.2 -0.033953 0.866852 
2.75 0.2 -0.0567551 0.85114 
2.8 0.2 -0.0772211 0.828928 
2.85 0.2 -0.0945868 0.802008 
2.9 0.2 -0.108264 0.772204 
2.95 0.2 -0.117847 0.74114 
3 0.2 -0.123098 0.710139 
3.05 0.2 -0.123936 0.680219 
3.1 0.2 -0.120411 0.652152 
3.15 0.2 -0.112701 0.626536 
3.2 0.2 -0.101096 0.60386 
3.25 0.2 -0.0860013 0.584547 
3.3 0.2 -0.067929 0.568969 
3.35 0.2 -0.0474942 0.557445 
3.4 0.2 -0.0253998 0.55023 
3.45 0.2 -0.002415 0.547491 
3.5 0.2 0.0206539 0.549295 
3.55 0.2 0.042997 0.555597 
3.6 0.2 0.0638346 0.566252 
3.65 0.2 0.0824476 0.581022 
3.7 0.2 0.0982012 0.599599 
3.75 0.2 0.11056 0.621622 
3.8 0.2 0.119097 0.646679 
3.85 0.2 0.123497 0.674296 
3.9 0.2 0.123559 0.703901 
3.95 0.2 0.119205 0.734763 
4 0.2 0.110491 0.765917 
4.05 0.2 0.0976188 0.796105 
4.1 0.2 0.0809615 0.823758 
4.15 0.2 0.0610709 0.847077 
4.2 0.2 0.038678 0.864241 
4.25 0.2 0.0146704 0.873715 
4.3 0.2 -0.0099547 0.874577 
4.35 0.2 -0.0341559 0.866744 
4.4 0.2 -0.0569225 0.85099 
4.45 0.2 -0.0773428 0.828759 
4.5 0.2 -0.0946553 0.801844 
4.55 0.2 -0.108276 0.772066 
4.6 0.2 -0.117803 0.741047 
4.65 0.2 -0.123008 0.710104 
4.7 0.2 -0.123817 0.680247 
4.75 0.2 -0.120292 0.652239 
4.8 0.2 -0.112616 0.626667 
4.85 0.2 -0.101083 0.604 
4.9 0.2 -0.0860805 0.584644 
4.95 0.2 -0.0680644 0.568965 
5 0.2 -0.0475208 0.557338 
0 0.25 -0.0918679 0.489544 
0.05 0.25 -0.0641026 0.47571 
0.1 0.25 -0.0339181 0.467016 
0.15 0.25 -0.00248774 0.463761 
0.2 0.25 0.0290194 0.466036 
0.25 0.25 0.0594656 0.473761 
0.3 0.25 0.0877775 0.486702 
0.35 0.25 0.112978 0.504514 
0.4 0.25 0.134214 0.526767 
0.45 0.25 0.150771 0.552985 
0.5 0.25 0.16209 0.582651 
0.55 0.25 0.167762 0.615198 
0.6 0.25 0.167541 0.64996 
0.65 0.25 0.161343 0.686096 
0.7 0.25 0.149268 0.722497 
0.75 0.25 0.131615 0.757708 
0.8 0.25 0.108904 0.789906 
0.85 0.25 0.0818922 0.816999 
0.9 0.25 0.0515671 0.836864 
0.95 0.25 0.0191173 0.847718 
1 0.25 -0.0141292 0.848501 
1.05 0.25 -0.04679 0.839134 
1.1 0.25 -0.0775228 0.82054 
1.15 0.25 -0.105113 0.794415 
1.2 0.25 -0.12854 0.762855 
1.25 0.25 -0.14701 0.727977 
1.3 0.25 -0.159967 0.691655 
1.35 0.25 -0.167081 0.6554 
1.4 0.25 -0.168224 0.62037 
1.45 0.25 -0.163454 0.587439 
1.5 0.25 -0.152996 0.557293 
1.55 0.25 -0.137238 0.530509 
1.6 0.25 -0.116721 0.507607 
1.65 0.25 -0.0921409 0.489064 
1.7 0.25 -0.0643358 0.475309 
1.75 0.25 -0.0342666 0.466691 
1.8 0.25 -0.00298693 0.463445 
1.85 0.25 0.0283977 0.465665 
1.9 0.25 0.0587772 0.473286 
1.95 0.25 0.0870844 0.486101 
2 0.25 0.112338 0.503778 
2.05 0.25 0.133673 0.525903 
2.1 0.25 0.150368 0.552004 
2.15 0.25 0.161849 0.581571 
2.2 0.25 0.167699 0.614041 
2.25 0.25 0.167662 0.648751 
2.3 0.25 0.161648 0.684867 
2.35 0.25 0.149749 0.72129 
2.4 0.25 0.132256 0.756574 
2.45 0.25 0.109683 0.788905 
2.5 0.25 0.0827811 0.816192 
2.55 0.25 0.0525319 0.836309 
2.6 0.25 0.0201204 0.847453 
2.65 0.25 -0.0131265 0.848539 
2.7 0.25 -0.0458249 0.839455 
2.75 0.25 -0.0766281 0.821099 
2.8 0.25 -0.104315 0.795151 
2.85 0.25 -0.127857 0.763702 
2.9 0.25 -0.146454 0.728877 
2.95 0.25 -0.159541 0.692561 
3 0.25 -0.166782 0.656278 
3.05 0.25 -0.168046 0.621199 
3.1 0.25 -0.163386 0.588205 
3.15 0.25 -0.153025 0.557989 
3.2 0.25 -0.137349 0.531133 
3.25 0.25 -0.1169 0.508158 
3.3 0.25 -0.0923717 0.489545 
3.35 0.25 -0.0646036 0.475722 
3.4 0.25 -0.0345573 0.467042 
3.45 0.25 -0.00328797 0.463741 
3.5 0.25 0.0280969 0.465914 
3.55 0.25 0.0584847 0.473499 
3.6 0.25 0.0868055 0.486287 
3.65 0.25 0.112075 0.503949 
3.7 0.25 0.133426 0.526068 
3.75 0.25 0.150133 0.552174 
3.8 0.25 0.16162 0.581753 
3.85 0.25 0.167471 0.614239 
3.9 0.25 0.167428 0.648966 
3.95 0.25 0.161401 0.685097 
4 0.25 0.149484 0.721526 
4.05 0.25 0.13197 0.756803 
4.1 0.25 0.109377 0.789108 
4.15 0.25 0.082458 0.816349 
4.2 0.25 0.0522007 0.8364 
4.25 0.25 0.0197928 0.847467 
4.3 0.25 -0.0134362 0.848471 
4.35 0.25 -0.0461004 0.839315 
4.4 0.25 -0.0768531 0.820906 
4.45 0.25 -0.104474 0.794928 
4.5 0.25 -0.127938 0.763477 
4.55 0.25 -0.146446 0.728672 
4.6 0.25 -0.159443 0.692393 
4.65 0.25 -0.166596 0.656161 
4.7 0.25 -0.167783 0.621136 
4.75 0.25 -0.163066 0.588195 
4.8 0.25 -0.152675 0.558021 
4.85 0.25 -0.136993 0.531183 
4.9 0.25 -0.116544 0.508195 
4.95 0.25 -0.0919744 0.489544 
5 0.25 -0.0640263 0.47571 
0 0.3 -0.113789 0.427591 
0.05 0.3 -0.0792483 0.411808 
0.1 0.3 -0.0417478 0.40186 
0.15 0.3 -0.00269547 0.398134 
0.2 0.3 0.0364647 0.400771 
0.25 0.3 0.0743075 0.409669 
0.3 0.3 0.109481 0.424511 
0.35 0.3 0.140756 0.444823 
0.4 0.3 0.167062 0.47003 
0.45 0.3 0.187512 0.499517 
0.5 0.3 0.201416 0.532655 
0.55 0.3 0.208282 0.568787 
0.6 0.3 0.207821 0.607182 
0.65 0.3 0.199956 0.646934 
0.7 0.3 0.184832 0.686856 
0.75 0.3 0.162842 0.725386 
0.8 0.3 0.134647 0.760559 
0.85 0.3 0.101191 0.790118 
0.9 0.3 0.0636927 0.811771 
0.95 0.3 0.0236065 0.823596 
1 0.3 -0.0174493 0.824449 
1.05 0.3 -0.0577923 0.814245 
1.1 0.3 -0.0957875 0.793978 
1.15 0.3 -0.129949 0.765479 
1.2 0.3 -0.15902 0.731009 
1.25 0.3 -0.182012 0.692853 
1.3 0.3 -0.198221 0.653029 
1.35 0.3 -0.207215 0.613161 
1.4 0.3 -0.208813 0.574489 
1.45 0.3 -0.203061 0.53795 
1.5 0.3 -0.190217 0.504297 
1.55 0.3 -0.170744 0.47419 
1.6 0.3 -0.145306 0.448256 
1.65 0.3 -0.114764 0.427109 
1.7 0.3 -0.0801623 0.411324 
1.75 0.3 -0.042707 0.401389 
1.8 0.3 -0.00372486 0.397637 
1.85 0.3 0.0353898 0.400202 
1.9 0.3 0.0732364 0.408993 
1.95 0.3 0.108471 0.423712 
2 0.3 0.13986 0.443896 
2.05 0.3 0.166326 0.468982 
2.1 0.3 0.18697 0.498362 
2.15 0.3 0.201092 0.53141 
2.2 0.3 0.20819 0.567474 
2.25 0.3 0.207966 0.605825 
2.3 0.3 0.200333 0.645567 
2.35 0.3 0.185428 0.685521 
2.4 0.3 0.163637 0.724135 
2.45 0.3 0.135612 0.759457 
2.5 0.3 0.102291 0.78923 
2.55 0.3 0.0648856 0.811159 
2.6 0.3 0.0248464 0.823301 
2.65 0.3 -0.0162095 0.824482 
2.7 0.3 -0.0565977 0.814586 
2.75 0.3 -0.094678 0.794578 
2.8 0.3 -0.128957 0.766271 
2.85 0.3 -0.158168 0.731922 
2.9 0.3 -0.181315 0.693824 
2.95 0.3 -0.197683 0.654007 
3 0.3 -0.206835 0.614111 
3.05 0.3 -0.208582 0.575385 
3.1 0.3 -0.202966 0.53878 
3.15 0.3 -0.190244 0.505053 
3.2 0.3 -0.170875 0.474867 
3.25 0.3 -0.145523 0.448854 
3.3 0.3 -0.115047 0.427629 
3.35 0.3 -0.0804929 0.411769 
3.4 0.3 -0.0430681 0.401762 
3.45 0.3 -0.0041006 0.397947 
3.5 0.3 0.0350126 0.400457 
3.55 0.3 0.0728681 0.409205 
3.6 0.3 0.108118 0.423893 
3.65 0.3 0.139526 0.444059 
3.7 0.3 0.16601 0.46914 
3.75 0.3 0.18667 0.498526 
3.8 0.3 0.2008 0.531588 
3.85 0.3 0.207899 0.567672 
3.9 0.3 0.207667 0.606044 
3.95 0.3 0.200017 0.645803 
4 0.3 0.18509 0.685766 
4.05 0.3 0.163274 0.724373 
4.1 0.3 0.135225 0.759668 
4.15 0.3 0.101884 0.789391 
4.2 0.3 0.0644694 0.811248 
4.25 0.3 0.0244354 0.823303 
4.3 0.3 -0.0165969 0.824394 
4.35 0.3 -0.056941 0.814414 
4.4 0.3 -0.0949554 0.79434 
4.45 0.3 -0.129147 0.765992 
4.5 0.3 -0.158252 0.731628 
4.55 0.3 -0.181275 0.693536 
4.6 0.3 -0.197508 0.653742 
4.65 0.3 -0.206518 0.613879 
4.7 0.3 -0.208123 0.575192 
4.75 0.3 -0.202371 0.538626 
4.8 0.3 -0.189524 0.504933 
4.85 0.3 -0.17004 0.474776 
4.9 0.3 -0.144569 0.448786 
4.95 0.3 -0.11394 0.427591 
5 0.3 -0.0791417 0.411808 
0 0.35 -0.132341 0.381627 
0.05 0.35 -0.0920238 0.363989 
0.1 0.35 -0.0482786 0.352827 
0.15 0.35 -0.00271809 0.348652 
0.2 0.35 0.042973 0.351664 
0.25 0.35 0.087116 0.361724 
0.3 0.35 0.128114 0.37839 
0.35 0.35 0.164515 0.401004 
0.4 0.35 0.195064 0.428788 
0.45 0.35 0.21873 0.460945 
0.5 0.35 0.234718 0.496704 
0.55 0.35 0.242479 0.535317 
0.6 0.35 0.241703 0.575998 
0.65 0.35 0.232328 0.617819 
0.7 0.35 0.214554 0.659577 
0.75 0.35 0.188865 0.699691 
0.8 0.35 0.156047 0.736177 
0.85 0.35 0.117202 0.76675 
0.9 0.35 0.0737377 0.7891 
0.95 0.35 0.0273221 0.801289 
1 0.35 -0.0201981 0.802167 
1.05 0.35 -0.0669062 0.79165 
1.1 0.35 -0.110937 0.770737 
1.15 0.35 -0.150589 0.74127 
1.2 0.35 -0.18441 0.705531 
1.25 0.35 -0.21125 0.665827 
1.3 0.35 -0.230273 0.624201 
1.35 0.35 -0.240951 0.582294 
1.4 0.35 -0.243042 0.54136 
1.45 0.35 -0.236568 0.50236 
1.5 0.35 -0.221801 0.466091 
1.55 0.35 -0.199256 0.433299 
1.6 0.35 -0.169692 0.404746 
1.65 0.35 -0.134103 0.381226 
1.7 0.35 -0.0937123 0.363518 
1.75 0.35 -0.0499409 0.352299 
1.8 0.35 -0.00435833 0.348047 
1.85 0.35 0.0413814 0.350953 
1.9 0.35 0.0856169 0.360887 
1.95 0.35 0.126756 0.377421 
2 0.35 0.163346 0.399908 
2.05 0.35 0.194123 0.427581 
2.1 0.35 0.218045 0.459644 
2.15 0.35 0.23431 0.495328 
2.2 0.35 0.242355 0.533888 
2.25 0.35 0.241863 0.574541 
2.3 0.35 0.232763 0.616365 
2.35 0.35 0.215247 0.658167 
2.4 0.35 0.189789 0.698378 
2.45 0.35 0.157167 0.735023 
2.5 0.35 0.118477 0.765822 
2.55 0.35 0.0751196 0.788457 
2.6 0.35 0.028758 0.800973 
2.65 0.35 -0.0187621 0.802189 
2.7 0.35 -0.0655213 0.791989 
2.75 0.35 -0.109649 0.771341 
2.8 0.35 -0.149434 0.742073 
2.85 0.35 -0.183416 0.70646 
2.9 0.35 -0.210432 0.666819 
2.95 0.35 -0.229639 0.625203 
3 0.35 -0.240498 0.58327 
3.05 0.35 -0.242762 0.542284 
3.1 0.35 -0.236447 0.503218 
3.15 0.35 -0.221823 0.466875 
3.2 0.35 -0.199401 0.434004 
3.25 0.35 -0.169937 0.40537 
3.3 0.35 -0.134428 0.381767 
3.35 0.35 -0.0940958 0.363976 
3.4 0.35 -0.0503619 0.352679 
3.45 0.35 -0.0047984 0.348355 
3.5 0.35 0.0409381 0.351198 
3.55 0.35 0.0851826 0.361082 
3.6 0.35 0.126339 0.377581 
3.65 0.35 0.16295 0.400048 
3.7 0.35 0.193748 0.427715 
3.75 0.35 0.217687 0.459785 
3.8 0.35 0.233961 0.495486 
3.85 0.35 0.242007 0.534068 
3.9 0.35 0.241506 0.574745 
3.95 0.35 0.232387 0.61659 
4 0.35 0.214846 0.658402 
4.05 0.35 0.189359 0.698608 
4.1 0.35 0.156709 0.735226 
4.15 0.35 0.117997 0.765973 
4.2 0.35 0.0746291 0.788534 
4.25 0.35 0.0282741 0.800958 
4.3 0.35 -0.0192176 0.802076 
4.35 0.35 -0.0659235 0.791783 
4.4 0.35 -0.10997 0.771059 
4.45 0.35 -0.149648 0.741735 
4.5 0.35 -0.183494 0.70609 
4.55 0.35 -0.21035 0.666435 
4.6 0.35 -0.229373 0.62482 
4.65 0.35 -0.240029 0.582895 
4.7 0.35 -0.242075 0.541924 
4.75 0.35 -0.235533 0.502876 
4.8 0.35 -0.220674 0.466556 
4.85 0.35 -0.198013 0.43372 
4.9 0.35 -0.168303 0.40514 
4.95 0.35 -0.132527 0.381627 
5 0.35 -0.0918937 0.363989 
0 0.4 -0.14647 0.348301 
0.05 0.4 -0.101719 0.328764 
0.1 0.4 -0.0531673 0.316337 
0.15 0.4 -0.00259069 0.311701 
0.2 0.4 0.0481306 0.315126 
0.25 0.4 0.0971111 0.326417 
0.3 0.4 0.142555 0.344963 
0.35 0.4 0.182834 0.369862 
0.4 0.4 0.216549 0.400073 
0.45 0.4 0.242563 0.43456 
0.5 0.4 0.260014 0.472375 
0.55 0.4 0.268319 0.51266 
0.6 0.4 0.26717 0.554583 
0.65 0.4 0.256536 0.597217 
0.7 0.4 0.236673 0.639396 
0.75 0.4 0.208144 0.679607 
0.8 0.4 0.171838 0.715952 
0.85 0.4 0.128978 0.746258 
0.9 0.4 0.0811096 0.768332 
0.95 0.4 0.0300455 0.780344 
1 0.4 -0.0222133 0.78121 
1.05 0.4 -0.0735937 0.770848 
1.1 0.4 -0.122076 0.750202 
1.15 0.4 -0.16581 0.72101 
1.2 0.4 -0.203207 0.685437 
1.25 0.4 -0.232991 0.645678 
1.3 0.4 -0.25422 0.603681 
1.35 0.4 -0.266282 0.561021 
1.4 0.4 -0.268873 0.518906 
1.45 0.4 -0.26198 0.478291 
1.5 0.4 -0.245868 0.440011 
1.55 0.4 -0.221078 0.404911 
1.6 0.4 -0.188426 0.373924 
1.65 0.4 -0.149007 0.348074 
1.7 0.4 -0.104181 0.328404 
1.75 0.4 -0.0555384 0.315847 
1.8 0.4 -0.00484953 0.311067 
1.85 0.4 0.0460171 0.314333 
1.9 0.4 0.0951836 0.325462 
1.95 0.4 0.140855 0.343856 
2 0.4 0.1814 0.368622 
2.05 0.4 0.215412 0.398728 
2.1 0.4 0.241744 0.433136 
2.15 0.4 0.259525 0.470897 
2.2 0.4 0.268162 0.51115 
2.25 0.4 0.267338 0.553066 
2.3 0.4 0.257014 0.59572 
2.35 0.4 0.237437 0.637959 
2.4 0.4 0.209163 0.678279 
2.45 0.4 0.173074 0.714791 
2.5 0.4 0.130383 0.745325 
2.55 0.4 0.0826303 0.767684 
2.6 0.4 0.0316246 0.780018 
2.65 0.4 -0.020634 0.781215 
2.7 0.4 -0.0720697 0.771164 
2.75 0.4 -0.120656 0.750779 
2.8 0.4 -0.164535 0.721785 
2.85 0.4 -0.202106 0.68634 
2.9 0.4 -0.232082 0.646647 
2.95 0.4 -0.253511 0.604667 
3 0.4 -0.265772 0.561986 
3.05 0.4 -0.268554 0.519827 
3.1 0.4 -0.261838 0.479151 
3.15 0.4 -0.245884 0.440802 
3.2 0.4 -0.22123 0.405627 
3.25 0.4 -0.188693 0.374559 
3.3 0.4 -0.149364 0.348623 
3.35 0.4 -0.104604 0.328866 
3.4 0.4 -0.0560058 0.316223 
3.45 0.4 -0.00533972 0.311362 
3.5 0.4 0.0455219 0.314557 
3.55 0.4 0.0946973 0.325629 
3.6 0.4 0.140387 0.343982 
3.65 0.4 0.180955 0.368726 
3.7 0.4 0.21499 0.398825 
3.75 0.4 0.24134 0.433241 
3.8 0.4 0.259131 0.471019 
3.85 0.4 0.267769 0.511298 
3.9 0.4 0.266935 0.553239 
3.95 0.4 0.256591 0.595916 
4 0.4 0.236986 0.638168 
4.05 0.4 0.208681 0.678482 
4.1 0.4 0.17256 0.714969 
4.15 0.4 0.129845 0.745452 
4.2 0.4 0.0820805 0.767737 
4.25 0.4 0.0310823 0.779978 
4.3 0.4 -0.0211444 0.781074 
4.35 0.4 -0.0725194 0.770923 
4.4 0.4 -0.121014 0.75045 
4.45 0.4 -0.164766 0.721385 
4.5 0.4 -0.202175 0.685887 
4.55 0.4 -0.231955 0.646156 
4.6 0.4 -0.253153 0.604147 
4.65 0.4 -0.26515 0.561442 
4.7 0.4 -0.267637 0.519265 
4.75 0.4 -0.260599 0.478579 
4.8 0.4 -0.244301 0.440234 
4.85 0.4 -0.219287 0.405091 
4.9 0.4 -0.18638 0.374099 
4.95 0.4 -0.146682 0.348301 
5 0.4 -0.101572 0.328764 
0 0.45 -0.155434 0.323633 
0.05 0.45 -0.10784 0.302122 
0.1 0.45 -0.056184 0.288366 
0.15 0.45 -0.00235775 0.283252 
0.2 0.45 0.0516189 0.287127 
0.25 0.45 0.103712 0.299728 
0.3 0.45 0.151985 0.32024 
0.35 0.45 0.194688 0.347469 
0.4 0.45 0.230328 0.380061 
0.45 0.45 0.257706 0.416702 
0.5 0.45 0.275931 0.456231 
0.55 0.45 0.284417 0.49766 
0.6 0.45 0.282874 0.540105 
0.65 0.45 0.271311 0.582655 
0.7 0.45 0.250039 0.624218 
0.75 0.45 0.219687 0.663408 
0.8 0.45 0.181217 0.698507 
0.85 0.45 0.135927 0.727562 
0.9 0.45 0.0854384 0.748612 
0.95 0.45 0.0316402 0.760028 
1 0.45 -0.023394 0.76085 
1.05 0.45 -0.0775194 0.751006 
1.1 0.45 -0.128643 0.73133 
1.15 0.45 -0.174841 0.703371 
1.2 0.45 -0.214447 0.669058 
1.25 0.45 -0.246107 0.630366 
1.3 0.45 -0.268808 0.589055 
1.35 0.45 -0.281868 0.546562 
1.4 0.45 -0.284927 0.504015 
1.45 0.45 -0.277927 0.462344 
1.5 0.45 -0.261109 0.422424 
1.55 0.45 -0.235011 0.385221 
1.6 0.45 -0.200475 0.351866 
1.65 0.45 -0.15865 0.323658 
1.7 0.45 -0.110984 0.301954 
1.75 0.45 -0.059187 0.287988 
1.8 0.45 -0.00517079 0.282649 
1.85 0.45 0.0490382 0.286297 
1.9 0.45 0.101404 0.298685 
1.95 0.45 0.149984 0.319014 
2 0.45 0.193025 0.3461 
2.05 0.45 0.229024 0.378593 
2.1 0.45 0.256774 0.415171 
2.15 0.45 0.275374 0.454669 
2.2 0.45 0.284228 0.496092 
2.25 0.45 0.283041 0.538556 
2.3 0.45 0.271813 0.58115 
2.35 0.45 0.250848 0.62279 
2.4 0.45 0.220766 0.662101 
2.45 0.45 0.182522 0.697372 
2.5 0.45 0.137409 0.726653 
2.55 0.45 0.0870406 0.747977 
2.6 0.45 0.0333027 0.7597 
2.65 0.45 -0.0217317 0.760835 
2.7 0.45 -0.0759145 0.751283 
2.75 0.45 -0.127147 0.731857 
2.8 0.45 -0.173494 0.704087 
2.85 0.45 -0.213281 0.669902 
2.9 0.45 -0.245142 0.63128 
2.95 0.45 -0.268052 0.589993 
3 0.45 -0.281321 0.54749 
3.05 0.45 -0.28458 0.50491 
3.1 0.45 -0.277768 0.463189 
3.15 0.45 -0.261118 0.423209 
3.2 0.45 -0.235167 0.385936 
3.25 0.45 -0.200754 0.352503 
3.3 0.45 -0.159027 0.324209 
3.35 0.45 -0.111433 0.302414 
3.4 0.45 -0.0596844 0.288355 
3.45 0.45 -0.00569405 0.282925 
3.5 0.45 0.0485085 0.286493 
3.55 0.45 0.100883 0.298816 
3.6 0.45 0.149482 0.319099 
3.65 0.45 0.192547 0.346159 
3.7 0.45 0.22857 0.378643 
3.75 0.45 0.25634 0.41523 
3.8 0.45 0.274951 0.454746 
3.85 0.45 0.283806 0.496196 
3.9 0.45 0.282608 0.538687 
3.95 0.45 0.271359 0.581304 
4 0.45 0.250364 0.622958 
4.05 0.45 0.220248 0.662265 
4.1 0.45 0.181971 0.697512 
4.15 0.45 0.136831 0.726744 
4.2 0.45 0.08645 0.747996 
4.25 0.45 0.0327195 0.759627 
4.3 0.45 -0.0222811 0.76066 
4.35 0.45 -0.0763985 0.751003 
4.4 0.45 -0.12753 0.731478 
4.45 0.45 -0.173737 0.703621 
4.5 0.45 -0.213341 0.66936 
4.55 0.45 -0.244975 0.630669 
4.6 0.45 -0.267614 0.589319 
4.65 0.45 -0.280565 0.546754 
4.7 0.45 -0.283461 0.504116 
4.75 0.45 -0.276243 0.462347 
4.8 0.45 -0.259152 0.422344 
4.85 0.45 -0.232734 0.385092 
4.9 0.45 -0.197845 0.351748 
4.95 0.45 -0.155663 0.323633 
5 0.45 -0.107681 0.302122 
0 0.5 -0.158768 0.303897 
0.05 0.5 -0.110076 0.280449 
0.1 0.5 -0.0571916 0.265381 
0.15 0.5 -0.00206389 0.259799 
0.2 0.5 0.0532129 0.264134 
0.25 0.5 0.106525 0.278046 
0.3 0.5 0.15586 0.300502 
0.35 0.5 0.199411 0.33 
0.4 0.5 0.235646 0.364857 
0.45 0.5 0.263353 0.403463 
0.5 0.5 0.281646 0.444432 
0.55 0.5 0.289962 0.486635 
0.6 0.5 0.288048 0.529128 
0.65 0.5 0.275957 0.571015 
0.7 0.5 0.254047 0.611296 
0.75 0.5 0.222989 0.648749 
0.8 0.5 0.183784 0.681893 
0.85 0.5 0.137759 0.709065 
0.9 0.5 0.0865483 0.72861 
0.95 0.5 0.0320425 0.739164 
1 0.5 -0.0236927 0.739923 
1.05 0.5 -0.0785239 0.730828 
1.1 0.5 -0.130367 0.712575 
1.15 0.5 -0.177298 0.68646 
1.2 0.5 -0.217638 0.65411 
1.25 0.5 -0.250008 0.617203 
1.3 0.5 -0.273356 0.577254 
1.35 0.5 -0.286957 0.535523 
1.4 0.5 -0.290402 0.493036 
1.45 0.5 -0.28359 0.450693 
1.5 0.5 -0.266721 0.409422 
1.55 0.5 -0.240307 0.370316 
1.6 0.5 -0.205178 0.334723 
1.65 0.5 -0.162495 0.304228 
1.7 0.5 -0.113739 0.280523 
1.75 0.5 -0.0606793 0.265159 
1.8 0.5 -0.00530364 0.259262 
1.85 0.5 0.0502735 0.26329 
1.9 0.5 0.103926 0.27693 
1.95 0.5 0.153634 0.299168 
2 0.5 0.19758 0.32851 
2.05 0.5 0.234223 0.363272 
2.1 0.5 0.262342 0.401834 
2.15 0.5 0.281041 0.442798 
2.2 0.5 0.28975 0.485026 
2.25 0.5 0.28821 0.527566 
2.3 0.5 0.276467 0.569522 
2.35 0.5 0.25487 0.609901 
2.4 0.5 0.224087 0.647488 
2.45 0.5 0.185111 0.680808 
2.5 0.5 0.139263 0.708199 
2.55 0.5 0.0881713 0.728002 
2.6 0.5 0.0337248 0.738839 
2.65 0.5 -0.022011 0.739885 
2.7 0.5 -0.0768998 0.731058 
2.75 0.5 -0.128851 0.713035 
2.8 0.5 -0.175932 0.6871 
2.85 0.5 -0.216453 0.654876 
2.9 0.5 -0.249024 0.618044 
2.95 0.5 -0.272582 0.578128 
3 0.5 -0.286394 0.536399 
3.05 0.5 -0.290043 0.493892 
3.1 0.5 -0.283421 0.451512 
3.15 0.5 -0.266725 0.410191 
3.2 0.5 -0.240461 0.371024 
3.25 0.5 -0.205459 0.335357 
3.3 0.5 -0.162878 0.304778 
3.35 0.5 -0.114198 0.280978 
3.4 0.5 -0.0611892 0.265513 
3.45 0.5 -0.00584097 0.259517 
3.5 0.5 0.0497288 0.263456 
3.55 0.5 0.10339 0.277023 
3.6 0.5 0.153117 0.299207 
3.65 0.5 0.197088 0.328519 
3.7 0.5 0.233757 0.363272 
3.75 0.5 0.261895 0.401842 
3.8 0.5 0.280606 0.442826 
3.85 0.5 0.289316 0.485079 
3.9 0.5 0.287765 0.527647 
3.95 0.5 0.275999 0.569627 
4 0.5 0.254372 0.610019 
4.05 0.5 0.223554 0.647602 
4.1 0.5 0.184543 0.680899 
4.15 0.5 0.138667 0.708244 
4.2 0.5 0.0875608 0.727979 
4.25 0.5 0.0331207 0.738727 
4.3 0.5 -0.0225816 0.739671 
4.35 0.5 -0.0774037 0.730735 
4.4 0.5 -0.12925 0.712603 
4.45 0.5 -0.176183 0.686562 
4.5 0.5 -0.216507 0.654236 
4.55 0.5 -0.248831 0.617303 
4.6 0.5 -0.272088 0.577286 
4.65 0.5 -0.285542 0.535452 
4.7 0.5 -0.288776 0.492841 
4.75 0.5 -0.281685 0.450372 
4.8 0.5 -0.264472 0.408994 
4.85 0.5 -0.23766 0.36983 
4.9 0.5 -0.202104 0.334259 
4.95 0.5 -0.159005 0.303897 
5 0.5 -0.109912 0.280449 
0 0.55 -0.156266 0.286026 
0.05 0.55 -0.108291 0.260905 
0.1 0.55 -0.0561376 0.2447 
0.15 0.55 -0.00174783 0.238718 
0.2 0.55 0.0527837 0.243468 
0.25 0.55 0.105339 0.258538 
0.3 0.55 0.153905 0.282691 
0.35 0.55 0.196683 0.314141 
0.4 0.55 0.232163 0.350903 
0.45 0.55 0.259164 0.391097 
0.5 0.55 0.276841 0.433127 
0.55 0.55 0.284676 0.475729 
0.6 0.55 0.282465 0.517895 
0.65 0.55 0.2703 0.558742 
0.7 0.55 0.248572 0.597361 
0.75 0.55 0.217972 0.632704 
0.8 0.55 0.179499 0.663545 
0.85 0.55 0.134457 0.688537 
0.9 0.55 0.0844336 0.706359 
0.95 0.55 0.0312512 0.715929 
1 0.55 -0.0231084 0.716617 
1.05 0.55 -0.0766023 0.708374 
1.1 0.55 -0.127232 0.691749 
1.15 0.55 -0.173145 0.667766 
1.2 0.55 -0.212711 0.637722 
1.25 0.55 -0.244578 0.602971 
1.3 0.55 -0.267699 0.564764 
1.35 0.55 -0.281331 0.524171 
1.4 0.55 -0.285034 0.482117 
1.45 0.55 -0.278664 0.439477 
1.5 0.55 -0.262377 0.397232 
1.55 0.55 -0.236635 0.356602 
1.6 0.55 -0.202227 0.319135 
1.65 0.55 -0.160281 0.286682 
1.7 0.55 -0.112256 0.261238 
1.75 0.55 -0.0599107 0.24465 
1.8 0.55 -0.00523855 0.238262 
1.85 0.55 0.0496362 0.242625 
1.9 0.55 0.102577 0.257362 
1.95 0.55 0.151557 0.281261 
2 0.55 0.194767 0.312542 
2.05 0.55 0.230684 0.349214 
2.1 0.55 0.258118 0.389383 
2.15 0.55 0.276216 0.431435 
2.2 0.55 0.284454 0.47409 
2.25 0.55 0.282619 0.516333 
2.3 0.55 0.270799 0.557277 
2.35 0.55 0.249381 0.596014 
2.4 0.55 0.219049 0.631502 
2.45 0.55 0.180798 0.662521 
2.5 0.55 0.135926 0.687724 
2.55 0.55 0.0860166 0.705784 
2.6 0.55 0.0328903 0.715611 
2.65 0.55 -0.021471 0.716557 
2.7 0.55 -0.075021 0.708555 
2.75 0.55 -0.125755 0.692139 
2.8 0.55 -0.171812 0.668322 
2.85 0.55 -0.211552 0.6384 
2.9 0.55 -0.243614 0.603729 
2.95 0.55 -0.266939 0.565565 
3 0.55 -0.280776 0.524987 
3.05 0.55 -0.284678 0.482927 
3.1 0.55 -0.278495 0.440264 
3.15 0.55 -0.262377 0.397981 
3.2 0.55 -0.236784 0.357298 
3.25 0.55 -0.202503 0.319762 
3.3 0.55 -0.160658 0.287226 
3.35 0.55 -0.112708 0.261684 
3.4 0.55 -0.0604143 0.244989 
3.45 0.55 -0.00576991 0.238495 
3.5 0.55 0.0490974 0.24276 
3.55 0.55 0.102047 0.257416 
3.6 0.55 0.151047 0.281256 
3.65 0.55 0.194281 0.312503 
3.7 0.55 0.230224 0.349165 
3.75 0.55 0.257678 0.38934 
3.8 0.55 0.275788 0.431411 
3.85 0.55 0.284026 0.474093 
3.9 0.55 0.28218 0.516363 
3.95 0.55 0.270338 0.557328 
4 0.55 0.248889 0.596077 
4.05 0.55 0.218521 0.631563 
4.1 0.55 0.180235 0.66256 
4.15 0.55 0.135334 0.687718 
4.2 0.55 0.0854086 0.705714 
4.25 0.55 0.0322866 0.715455 
4.3 0.55 -0.0220435 0.716299 
4.35 0.55 -0.0755289 0.708184 
4.4 0.55 -0.126159 0.691649 
4.45 0.55 -0.172066 0.66771 
4.5 0.55 -0.211607 0.63766 
4.55 0.55 -0.243413 0.602855 
4.6 0.55 -0.266422 0.56455 
4.65 0.55 -0.279879 0.523824 
4.7 0.55 -0.283336 0.481614 
4.75 0.55 -0.276645 0.438818 
4.8 0.55 -0.259967 0.396443 
4.85 0.55 -0.233778 0.355743 
4.9 0.55 -0.198897 0.318309 
4.95 0.55 -0.156501 0.286026 
5 0.55 -0.108127 0.260905 
0 0.6 -0.147986 0.267664 
0.05 0.6 -0.102526 0.241432 
0.1 0.6 -0.0530559 0.224464 
0.15 0.6 -0.00143894 0.218224 
0.2 0.6 0.0503071 0.223277 
0.25 0.6 0.100141 0.239155 
0.3 0.6 0.146126 0.264462 
0.35 0.6 0.186543 0.297196 
0.4 0.6 0.219959 0.335144 
0.45 0.6 0.24527 0.376221 
0.5 0.6 0.261702 0.418675 
0.55 0.6 0.2688 0.461133 
0.6 0.6 0.266409 0.502537 
0.65 0.6 0.254656 0.542011 
0.7 0.6 0.233944 0.578726 
0.75 0.6 0.204954 0.611796 
0.8 0.6 0.168644 0.640237 
0.85 0.6 0.126246 0.662999 
0.9 0.6 0.0792415 0.679078 
0.95 0.6 0.0293222 0.687661 
1 0.6 -0.0216825 0.688277 
1.05 0.6 -0.0718891 0.680891 
1.1 0.6 -0.119453 0.665909 
1.15 0.6 -0.162657 0.644101 
1.2 0.6 -0.19998 0.616452 
1.25 0.6 -0.230149 0.584009 
1.3 0.6 -0.252159 0.547771 
1.35 0.6 -0.265283 0.508636 
1.4 0.6 -0.269072 0.467434 
1.45 0.6 -0.26335 0.425024 
1.5 0.6 -0.248224 0.38243 
1.55 0.6 -0.224095 0.340971 
1.6 0.6 -0.191683 0.302351 
1.65 0.6 -0.152038 0.268621 
1.7 0.6 -0.106544 0.242007 
1.75 0.6 -0.0568838 0.224578 
1.8 0.6 -0.0049755 0.21785 
1.85 0.6 0.0471287 0.222445 
1.9 0.6 0.0973644 0.237937 
1.95 0.6 0.143779 0.262958 
2 0.6 0.184638 0.295513 
2.05 0.6 0.218498 0.333377 
2.1 0.6 0.244242 0.374447 
2.15 0.6 0.26109 0.416946 
2.2 0.6 0.26858 0.459485 
2.25 0.6 0.266553 0.500992 
2.3 0.6 0.255129 0.540585 
2.35 0.6 0.234711 0.577436 
2.4 0.6 0.205972 0.610662 
2.45 0.6 0.169868 0.639281 
2.5 0.6 0.127626 0.662244 
2.55 0.6 0.0807268 0.678542 
2.6 0.6 0.0308581 0.687355 
2.65 0.6 -0.0201494 0.688199 
2.7 0.6 -0.0704088 0.681025 
2.75 0.6 -0.11807 0.666232 
2.8 0.6 -0.161408 0.644577 
2.85 0.6 -0.198893 0.617045 
2.9 0.6 -0.229243 0.584685 
2.95 0.6 -0.251443 0.548498 
3 0.6 -0.26476 0.50939 
3.05 0.6 -0.268735 0.468194 
3.1 0.6 -0.263189 0.425773 
3.15 0.6 -0.248223 0.38315 
3.2 0.6 -0.224235 0.341647 
3.25 0.6 -0.191943 0.302963 
3.3 0.6 -0.152395 0.269152 
3.35 0.6 -0.106974 0.242439 
3.4 0.6 -0.0573626 0.2249 
3.45 0.6 -0.00548075 0.218061 
3.5 0.6 0.0466165 0.222551 
3.55 0.6 0.0968609 0.237957 
3.6 0.6 0.143295 0.262915 
3.65 0.6 0.184178 0.295432 
3.7 0.6 0.218062 0.333284 
3.75 0.6 0.243827 0.374359 
3.8 0.6 0.260686 0.416877 
3.85 0.6 0.268177 0.459441 
3.9 0.6 0.266139 0.500972 
3.95 0.6 0.254694 0.540585 
4 0.6 0.234245 0.577447 
4.05 0.6 0.205472 0.610669 
4.1 0.6 0.169333 0.639265 
4.15 0.6 0.127061 0.662186 
4.2 0.6 0.0801443 0.678421 
4.25 0.6 0.0302769 0.687151 
4.3 0.6 -0.0207037 0.687894 
4.35 0.6 -0.0709039 0.680606 
4.4 0.6 -0.118467 0.665684 
4.45 0.6 -0.161663 0.643891 
4.5 0.6 -0.198954 0.616208 
4.55 0.6 -0.229053 0.583684 
4.6 0.6 -0.250939 0.547321 
4.65 0.6 -0.263875 0.508025 
4.7 0.6 -0.267402 0.466641 
4.75 0.6 -0.261341 0.424049 
4.8 0.6 -0.245804 0.381303 
4.85 0.6 -0.22121 0.339768 
4.9 0.6 -0.188311 0.30119 
4.95 0.6 -0.14821 0.267663 
5 0.6 -0.102371 0.241432 
0 0.65 -0.13428 0.247083 
0.05 0.65 -0.0930219 0.220608 
0.1 0.65 -0.0480759 0.203456 
0.15 0.65 -0.00115579 0.19717 
0.2 0.65 0.0458762 0.202345 
0.25 0.65 0.0911362 0.218477 
0.3 0.65 0.132843 0.244089 
0.35 0.65 0.169421 0.277065 
0.4 0.65 0.199573 0.315078 
0.45 0.65 0.222307 0.355942 
0.5 0.65 0.236948 0.397828 
0.55 0.65 0.243112 0.439309 
0.6 0.65 0.240693 0.4793 
0.65 0.65 0.229839 0.51694 
0.7 0.65 0.210944 0.551471 
0.75 0.65 0.184645 0.582141 
0.8 0.65 0.151821 0.608169 
0.85 0.65 0.113586 0.628759 
0.9 0.65 0.0712659 0.643172 
0.95 0.65 0.026365 0.650821 
1 0.65 -0.019496 0.65137 
1.05 0.65 -0.0646511 0.644791 
1.1 0.65 -0.107467 0.631378 
1.15 0.65 -0.146417 0.611682 
1.2 0.65 -0.180142 0.586425 
1.25 0.65 -0.207492 0.556398 
1.3 0.65 -0.227547 0.522385 
1.35 0.65 -0.23963 0.485139 
1.4 0.65 -0.243305 0.445412 
1.45 0.65 -0.238379 0.40404 
1.5 0.65 -0.224916 0.362067 
1.55 0.65 -0.203247 0.320867 
1.6 0.65 -0.173999 0.282218 
1.65 0.65 -0.138112 0.248274 
1.7 0.65 -0.0968388 0.221374 
1.75 0.65 -0.0517208 0.203705 
1.8 0.65 -0.00452501 0.196874 
1.85 0.65 0.042852 0.20154 
1.9 0.65 0.0885018 0.21725 
1.95 0.65 0.130624 0.242555 
2 0.65 0.167629 0.275346 
2.05 0.65 0.198204 0.313282 
2.1 0.65 0.221349 0.354153 
2.15 0.65 0.23638 0.396102 
2.2 0.65 0.242909 0.437683 
2.25 0.65 0.240824 0.477795 
2.3 0.65 0.230271 0.515572 
2.35 0.65 0.211641 0.55025 
2.4 0.65 0.185568 0.581081 
2.45 0.65 0.152927 0.607284 
2.5 0.65 0.11483 0.628063 
2.55 0.65 0.0726014 0.642676 
2.6 0.65 0.0277439 0.650529 
2.65 0.65 -0.0181211 0.651278 
2.7 0.65 -0.0633242 0.644888 
2.75 0.65 -0.106227 0.631641 
2.8 0.65 -0.145297 0.612085 
2.85 0.65 -0.179167 0.58694 
2.9 0.65 -0.206678 0.556996 
2.95 0.65 -0.226904 0.52304 
3 0.65 -0.239159 0.485829 
3.05 0.65 -0.243002 0.446117 
3.1 0.65 -0.238235 0.404743 
3.15 0.65 -0.224916 0.36275 
3.2 0.65 -0.203375 0.321512 
3.25 0.65 -0.174236 0.282805 
3.3 0.65 -0.138437 0.248782 
3.35 0.65 -0.0972305 0.221785 
3.4 0.65 -0.0521569 0.204007 
3.45 0.65 -0.004985 0.197062 
3.5 0.65 0.0423862 0.201621 
3.55 0.65 0.0880448 0.217242 
3.6 0.65 0.130186 0.242482 
3.65 0.65 0.167214 0.275235 
3.7 0.65 0.197812 0.313155 
3.75 0.65 0.220976 0.354031 
3.8 0.65 0.236018 0.395997 
3.85 0.65 0.242547 0.4376 
3.9 0.65 0.240453 0.477735 
3.95 0.65 0.229879 0.515528 
4 0.65 0.211221 0.550215 
4.05 0.65 0.185114 0.58104 
4.1 0.65 0.15244 0.60722 
4.15 0.65 0.114314 0.627958 
4.2 0.65 0.0720667 0.64251 
4.25 0.65 0.0272073 0.650283 
4.3 0.65 -0.0186363 0.650932 
4.35 0.65 -0.0637887 0.644424 
4.4 0.65 -0.106605 0.631043 
4.45 0.65 -0.145546 0.611337 
4.5 0.65 -0.179238 0.586024 
4.55 0.65 -0.206516 0.555894 
4.6 0.65 -0.226447 0.521736 
4.65 0.65 -0.238343 0.484309 
4.7 0.65 -0.241759 0.44438 
4.75 0.65 -0.236501 0.40281 
4.8 0.65 -0.222637 0.360676 
4.85 0.65 -0.200518 0.319395 
4.9 0.65 -0.170803 0.280799 
4.95 0.65 -0.134481 0.247083 
5 0.65 -0.0928827 0.220608 
0 0.7 -0.115835 0.223094 
0.05 0.7 -0.0802484 0.197498 
0.1 0.7 -0.0414388 0.180906 
0.15 0.7 -0.000906211 0.174844 
0.2 0.7 0.0397171 0.179899 
0.25 0.7 0.0787809 0.195569 
0.3 0.7 0.114729 0.220381 
0.35 0.7 0.146193 0.252238 
0.4 0.7 0.172054 0.288837 
0.45 0.7 0.191471 0.328019 
0.5 0.7 0.20388 0.367975 
0.55 0.7 0.208977 0.407296 
0.6 0.7 0.206698 0.444914 
0.65 0.7 0.197194 0.480002 
0.7 0.7 0.180828 0.511866 
0.75 0.7 0.158163 0.539865 
0.8 0.7 0.129962 0.563377 
0.85 0.7 0.0971815 0.581802 
0.9 0.7 0.0609516 0.594602 
0.95 0.7 0.0225449 0.601362 
1 0.7 -0.0166711 0.601846 
1.05 0.7 -0.0552923 0.596036 
1.1 0.7 -0.0919408 0.584135 
1.15 0.7 -0.125325 0.566533 
1.2 0.7 -0.154289 0.543752 
1.25 0.7 -0.177846 0.516383 
1.3 0.7 -0.1952 0.485045 
1.35 0.7 -0.205752 0.450371 
1.4 0.7 -0.209105 0.413043 
1.45 0.7 -0.205068 0.373862 
1.5 0.7 -0.193669 0.333853 
1.55 0.7 -0.175166 0.294374 
1.6 0.7 -0.150081 0.257185 
1.65 0.7 -0.119208 0.224414 
1.7 0.7 -0.0836285 0.198378 
1.75 0.7 -0.0446804 0.181247 
1.8 0.7 -0.00390969 0.174618 
1.85 0.7 0.0370202 0.179145 
1.9 0.7 0.0764348 0.19438 
1.95 0.7 0.112759 0.218881 
2 0.7 0.144607 0.250555 
2.05 0.7 0.170849 0.287082 
2.1 0.7 0.190632 0.326279 
2.15 0.7 0.203387 0.366309 
2.2 0.7 0.208804 0.405739 
2.25 0.7 0.206815 0.443488 
2.3 0.7 0.197571 0.478719 
2.35 0.7 0.181432 0.510734 
2.4 0.7 0.158958 0.538892 
2.45 0.7 0.130912 0.562571 
2.5 0.7 0.0982478 0.581171 
2.55 0.7 0.0620936 0.59415 
2.6 0.7 0.0237219 0.60109 
2.65 0.7 -0.0154988 0.601749 
2.7 0.7 -0.0541619 0.596104 
2.75 0.7 -0.0908853 0.58435 
2.8 0.7 -0.124372 0.566874 
2.85 0.7 -0.153459 0.544195 
2.9 0.7 -0.177154 0.516906 
2.95 0.7 -0.194653 0.485627 
3 0.7 -0.205351 0.450992 
3.05 0.7 -0.208848 0.413685 
3.1 0.7 -0.204947 0.374508 
3.15 0.7 -0.193671 0.334485 
3.2 0.7 -0.175279 0.294973 
3.25 0.7 -0.150288 0.257731 
3.3 0.7 -0.119491 0.224886 
3.35 0.7 -0.0839682 0.198758 
3.4 0.7 -0.0450582 0.181522 
3.45 0.7 -0.00430751 0.174782 
3.5 0.7 0.0366182 0.179206 
3.55 0.7 0.0760413 0.194353 
3.6 0.7 0.112382 0.21879 
3.65 0.7 0.144252 0.250425 
3.7 0.7 0.170515 0.286937 
3.75 0.7 0.190315 0.326137 
3.8 0.7 0.203079 0.366181 
3.85 0.7 0.208497 0.40563 
3.9 0.7 0.2065 0.443398 
3.95 0.7 0.197238 0.478643 
4 0.7 0.181073 0.510663 
4.05 0.7 0.158569 0.538813 
4.1 0.7 0.130492 0.56247 
4.15 0.7 0.0978003 0.581029 
4.2 0.7 0.0616272 0.59395 
4.25 0.7 0.0232507 0.600812 
4.3 0.7 -0.0159551 0.601374 
4.35 0.7 -0.0545775 0.595612 
4.4 0.7 -0.0912288 0.583722 
4.45 0.7 -0.124606 0.566091 
4.5 0.7 -0.15354 0.543237 
4.55 0.7 -0.177031 0.515752 
4.6 0.7 -0.194271 0.484258 
4.65 0.7 -0.20465 0.449396 
4.7 0.7 -0.207767 0.411862 
4.75 0.7 -0.203428 0.372479 
4.8 0.7 -0.191666 0.332309 
4.85 0.7 -0.17276 0.292755 
4.9 0.7 -0.147257 0.255626 
4.95 0.7 -0.116001 0.223094 
5 0.7 -0.0801332 0.197498 
0 0.75 -0.09372 0.195003 
0.05 0.75 -0.0649384 0.171547 
0.1 0.75 -0.033517 0.156344 
0.15 0.75 -0.000689078 0.150805 
0.2 0.75 0.0322053 0.15547 
0.25 0.75 0.0638128 0.169869 
0.3 0.75 0.092861 0.192636 
0.35 0.75 0.118237 0.221828 
0.4 0.75 0.139038 0.255311 
0.45 0.75 0.154594 0.291086 
0.5 0.75 0.164466 0.327473 
0.55 0.75 0.168428 0.363158 
0.6 0.75 0.166447 0.397145 
0.65 0.75 0.158666 0.428668 
0.7 0.75 0.145389 0.457108 
0.75 0.75 0.127083 0.481919 
0.8 0.75 0.104366 0.502603 
0.85 0.75 0.0780077 0.518705 
0.9 0.75 0.0489113 0.52983 
0.95 0.75 0.0180885 0.535685 
1 0.75 -0.0133757 0.536104 
1.05 0.75 -0.0443685 0.531075 
1.1 0.75 -0.0737973 0.520738 
1.15 0.75 -0.100635 0.50537 
1.2 0.75 -0.12396 0.485349 
1.25 0.75 -0.142978 0.461122 
1.3 0.75 -0.157043 0.433178 
1.35 0.75 -0.165664 0.402053 
1.4 0.75 -0.168506 0.368351 
1.45 0.75 -0.165397 0.332811 
1.5 0.75 -0.156337 0.296389 
1.55 0.75 -0.141519 0.260353 
1.6 0.75 -0.121343 0.226339 
1.65 0.75 -0.0964449 0.196321 
1.7 0.75 -0.0676929 0.172447 
1.75 0.75 -0.0361781 0.156727 
1.8 0.75 -0.00316597 0.150641 
1.85 0.75 0.029977 0.154797 
1.9 0.75 0.0618751 0.168778 
1.95 0.75 0.0912371 0.191248 
2 0.75 0.116934 0.220267 
2.05 0.75 0.138052 0.253686 
2.1 0.75 0.153912 0.289479 
2.15 0.75 0.164069 0.32594 
2.2 0.75 0.168293 0.361733 
2.25 0.75 0.166548 0.395847 
2.3 0.75 0.158976 0.42751 
2.35 0.75 0.145881 0.456094 
2.4 0.75 0.127727 0.481054 
2.45 0.75 0.105133 0.501892 
2.5 0.75 0.0788654 0.518149 
2.55 0.75 0.0498276 0.529432 
2.6 0.75 0.0190312 0.535442 
2.65 0.75 -0.0124382 0.536011 
2.7 0.75 -0.0434655 0.531122 
2.75 0.75 -0.0729548 0.520912 
2.8 0.75 -0.0998751 0.505654 
2.85 0.75 -0.123298 0.485725 
2.9 0.75 -0.142426 0.461571 
2.95 0.75 -0.156608 0.433683 
3 0.75 -0.165346 0.402597 
3.05 0.75 -0.168303 0.368917 
3.1 0.75 -0.165303 0.333383 
3.15 0.75 -0.156343 0.29695 
3.2 0.75 -0.141613 0.260887 
3.25 0.75 -0.121513 0.226826 
3.3 0.75 -0.0966758 0.196742 
3.35 0.75 -0.0679695 0.172784 
3.4 0.75 -0.036485 0.156968 
3.45 0.75 -0.00348837 0.15078 
3.5 0.75 0.0296521 0.154841 
3.55 0.75 0.0615582 0.168741 
3.6 0.75 0.0909352 0.191152 
3.65 0.75 0.116651 0.220134 
3.7 0.75 0.137787 0.253537 
3.75 0.75 0.153661 0.289332 
3.8 0.75 0.163827 0.325804 
3.85 0.75 0.168051 0.361613 
3.9 0.75 0.166299 0.395743 
3.95 0.75 0.158712 0.427416 
4 0.75 0.145595 0.456002 
4.05 0.75 0.127415 0.480954 
4.1 0.75 0.104794 0.501768 
4.15 0.75 0.0785022 0.517987 
4.2 0.75 0.0494465 0.529215 
4.25 0.75 0.0186431 0.535152 
4.3 0.75 -0.0128174 0.53563 
4.35 0.75 -0.0438152 0.53063 
4.4 0.75 -0.0732493 0.520291 
4.45 0.75 -0.100083 0.504883 
4.5 0.75 -0.123383 0.484783 
4.55 0.75 -0.142347 0.460437 
4.6 0.75 -0.156317 0.43234 
4.65 0.75 -0.164794 0.401032 
4.7 0.75 -0.167437 0.367133 
4.75 0.75 -0.164074 0.331405 
4.8 0.75 -0.154713 0.294836 
4.85 0.75 -0.139561 0.258736 
4.9 0.75 -0.119046 0.224788 
4.95 0.75 -0.0938389 0.195003 
5 0.75 -0.0648557 0.171547 
0 0.8 -0.0694496 0.162591 
0.05 0.8 -0.0481304 0.142514 
0.1 0.8 -0.0248365 0.129512 
0.15 0.8 -0.000497644 0.124786 
0.2 0.8 0.0238816 0.128794 
0.25 0.8 0.0472881 0.141131 
0.3 0.8 0.0687712 0.160628 
0.35 0.8 0.0875035 0.185622 
0.4 0.8 0.10282 0.214284 
0.45 0.8 0.114232 0.244894 
0.5 0.8 0.121428 0.276001 
0.55 0.8 0.124255 0.306462 
0.6 0.8 0.122701 0.33541 
0.65 0.8 0.116883 0.362178 
0.7 0.8 0.107036 0.386236 
0.75 0.8 0.0935079 0.407135 
0.8 0.8 0.0767587 0.424481 
0.85 0.8 0.0573533 0.437927 
0.9 0.8 0.0359525 0.447186 
0.95 0.8 0.0132945 0.452047 
1 0.8 -0.0098304 0.452395 
1.05 0.8 -0.0326123 0.448221 
1.1 0.8 -0.0542556 0.439622 
1.15 0.8 -0.0740113 0.426796 
1.2 0.8 -0.0912043 0.410018 
1.25 0.8 -0.105252 0.389623 
1.3 0.8 -0.115677 0.365998 
1.35 0.8 -0.122111 0.339579 
1.4 0.8 -0.124298 0.310884 
1.45 0.8 -0.1221 0.280551 
1.5 0.8 -0.115504 0.249418 
1.55 0.8 -0.104637 0.218586 
1.6 0.8 -0.0897837 0.189472 
1.65 0.8 -0.0714051 0.163776 
1.7 0.8 -0.0501421 0.14334 
1.75 0.8 -0.0268064 0.129884 
1.8 0.8 -0.00234587 0.124674 
1.85 0.8 0.0222131 0.128231 
1.9 0.8 0.0458367 0.140198 
1.95 0.8 0.0675572 0.159433 
2 0.8 0.0865333 0.184274 
2.05 0.8 0.102089 0.212879 
2.1 0.8 0.113731 0.243506 
2.15 0.8 0.12114 0.274679 
2.2 0.8 0.124161 0.305238 
2.25 0.8 0.122782 0.334299 
2.3 0.8 0.117118 0.36119 
2.35 0.8 0.107403 0.385376 
2.4 0.8 0.0939865 0.406405 
2.45 0.8 0.0773256 0.423882 
2.5 0.8 0.0579854 0.43746 
2.55 0.8 0.036626 0.446851 
2.6 0.8 0.013986 0.451841 
2.65 0.8 -0.00914383 0.452313 
2.7 0.8 -0.0319519 0.448254 
2.75 0.8 -0.0536402 0.43976 
2.8 0.8 -0.0734566 0.427025 
2.85 0.8 -0.0907223 0.410324 
2.9 0.8 -0.104851 0.389993 
2.95 0.8 -0.115362 0.366416 
3 0.8 -0.121882 0.340032 
3.05 0.8 -0.124153 0.311357 
3.1 0.8 -0.122035 0.281031 
3.15 0.8 -0.115512 0.24989 
3.2 0.8 -0.10471 0.219036 
3.25 0.8 -0.0899121 0.189883 
3.3 0.8 -0.0715782 0.164131 
3.35 0.8 -0.0503485 0.143622 
3.4 0.8 -0.0270347 0.130084 
3.45 0.8 -0.0025849 0.124788 
3.5 0.8 0.0219731 0.128263 
3.55 0.8 0.0456036 0.14016 
3.6 0.8 0.0673363 0.159343 
3.65 0.8 0.086327 0.184152 
3.7 0.8 0.101897 0.212743 
3.75 0.8 0.11355 0.24337 
3.8 0.8 0.120966 0.274552 
3.85 0.8 0.123988 0.305123 
3.9 0.8 0.122603 0.334196 
3.95 0.8 0.116927 0.361095 
4 0.8 0.107196 0.38528 
4.05 0.8 0.0937587 0.4063 
4.1 0.8 0.0770764 0.423756 
4.15 0.8 0.0577161 0.4373 
4.2 0.8 0.0363413 0.446641 
4.25 0.8 0.0136936 0.451567 
4.3 0.8 -0.00943244 0.451958 
4.35 0.8 -0.0322216 0.447801 
4.4 0.8 -0.0538719 0.439191 
4.45 0.8 -0.073627 0.426322 
4.5 0.8 -0.0908039 0.409468 
4.55 0.8 -0.104812 0.388965 
4.6 0.8 -0.115166 0.365201 
4.65 0.8 -0.121491 0.338621 
4.7 0.8 -0.123527 0.309754 
4.75 0.8 -0.121138 0.279261 
4.8 0.8 -0.114315 0.248006 
4.85 0.8 -0.103201 0.217128 
4.9 0.8 -0.088103 0.18808 
4.95 0.8 -0.0695092 0.162591 
5 0.8 -0.0480887 0.142514 
0 0.85 -0.0450401 0.126098 
0.05 0.85 -0.0312105 0.110433 
0.1 0.85 -0.0161018 0.100304 
0.15 0.85 -0.000324853 0.0966307 
0.2 0.85 0.0154675 0.0997605 
0.25 0.85 0.0306156 0.10938 
0.3 0.85 0.0445004 0.124587 
0.35 0.85 0.0565848 0.144096 
0.4 0.85 0.0664409 0.166487 
0.45 0.85 0.0737595 0.190417 
0.5 0.85 0.0783466 0.214744 
0.55 0.85 0.0801123 0.238561 
0.6 0.85 0.0790577 0.261177 
0.65 0.85 0.0752646 0.28206 
0.7 0.85 0.0688887 0.300792 
0.75 0.85 0.0601567 0.317026 
0.8 0.85 0.0493649 0.330465 
0.85 0.85 0.0368757 0.340858 
0.9 0.85 0.0231121 0.348001 
0.95 0.85 0.00854577 0.351746 
1 0.85 -0.00631872 0.352015 
1.05 0.85 -0.0209643 0.348799 
1.1 0.85 -0.034883 0.342168 
1.15 0.85 -0.0475963 0.332257 
1.2 0.85 -0.0586723 0.319261 
1.25 0.85 -0.0677376 0.303425 
1.3 0.85 -0.0744841 0.285036 
1.35 0.85 -0.0786726 0.26443 
1.4 0.85 -0.0801343 0.242013 
1.45 0.85 -0.0787734 0.218297 
1.5 0.85 -0.0745736 0.193949 
1.55 0.85 -0.0676079 0.169844 
1.6 0.85 -0.0580521 0.147098 
1.65 0.85 -0.0461976 0.127041 
1.7 0.85 -0.0324567 0.111104 
1.75 0.85 -0.0173571 0.100619 
1.8 0.85 -0.00151887 0.0965617 
1.85 0.85 0.014384 0.0993319 
1.9 0.85 0.0296728 0.108656 
1.95 0.85 0.0437135 0.123652 
2 0.85 0.0559586 0.143038 
2.05 0.85 0.0659725 0.165383 
2.1 0.85 0.0734409 0.189325 
2.15 0.85 0.0781667 0.213704 
2.2 0.85 0.0800583 0.237599 
2.25 0.85 0.079116 0.260306 
2.3 0.85 0.0754212 0.281287 
2.35 0.85 0.0691297 0.300121 
2.4 0.85 0.0604678 0.316457 
2.45 0.85 0.0497316 0.33 
2.5 0.85 0.0372831 0.340496 
2.55 0.85 0.0235451 0.347741 
2.6 0.85 0.00898938 0.351586 
2.65 0.85 -0.00587909 0.351948 
2.7 0.85 -0.0205422 0.348821 
2.75 0.85 -0.0344903 0.34227 
2.8 0.85 -0.047243 0.33243 
2.85 0.85 -0.058366 0.319495 
2.9 0.85 -0.0674833 0.303708 
2.95 0.85 -0.0742847 0.285357 
3 0.85 -0.0785286 0.264779 
3.05 0.85 -0.0800444 0.242379 
3.1 0.85 -0.0787347 0.218669 
3.15 0.85 -0.0745818 0.194315 
3.2 0.85 -0.0676577 0.170193 
3.25 0.85 -0.0581374 0.147416 
3.3 0.85 -0.0463114 0.127315 
3.35 0.85 -0.0325916 0.111323 
3.4 0.85 -0.0175056 0.100773 
3.45 0.85 -0.00167369 0.0966485 
3.5 0.85 0.0142293 0.0993547 
3.55 0.85 0.0295233 0.108624 
3.6 0.85 0.0435727 0.12358 
3.65 0.85 0.055828 0.14294 
3.7 0.85 0.0658518 0.165273 
3.75 0.85 0.0733281 0.189214 
3.8 0.85 0.0780586 0.213598 
3.85 0.85 0.0799508 0.237502 
3.9 0.85 0.0790047 0.260217 
3.95 0.85 0.075302 0.281204 
4 0.85 0.068999 0.300036 
4.05 0.85 0.0603232 0.316364 
4.1 0.85 0.0495719 0.329889 
4.15 0.85 0.0371092 0.340357 
4.2 0.85 0.0233596 0.347562 
4.25 0.85 0.00879707 0.351355 
4.3 0.85 -0.00607098 0.351652 
4.35 0.85 -0.020724 0.348446 
4.4 0.85 -0.0346498 0.341802 
4.45 0.85 -0.0473651 0.331854 
4.5 0.85 -0.0584326 0.318795 
4.55 0.85 -0.0674734 0.30287 
4.6 0.85 -0.0741745 0.284369 
4.65 0.85 -0.0782923 0.263635 
4.7 0.85 -0.0796556 0.241084 
4.75 0.85 -0.0781693 0.217245 
4.8 0.85 -0.0738226 0.192807 
4.85 0.85 -0.0667002 0.168674 
4.9 0.85 -0.0569973 0.145989 
4.95 0.85 -0.0450282 0.126098 
5 0.85 -0.0312184 0.110433 
0 0.9 -0.0230799 0.0861675 
0.05 0.9 -0.0159617 0.0755828 
0.1 0.9 -0.0082255 0.0687582 
0.15 0.9 -0.000170576 0.0662888 
0.2 0.9 0.007881 0.0683995 
0.25 0.9 0.0155953 0.0748828 
0.3 0.9 0.022656 0.0851431 
0.35 0.9 0.028789 0.0983269 
0.4 0.9 0.0337781 0.113485 
0.45 0.9 0.0374697 0.129712 
0.5 0.9 0.0397699 0.146229 
0.55 0.9 0.040638 0.162413 
0.6 0.9 0.0400787 0.177782 
0.65 0.9 0.0381364 0.191969 
0.7 0.9 0.0348915 0.204684 
0.75 0.9 0.0304593 0.215689 
0.8 0.9 0.0249893 0.224789 
0.85 0.9 0.0186642 0.231817 
0.9 0.9 0.0116968 0.236642 
0.95 0.9 0.00432481 0.23917 
1 0.9 -0.00319751 0.239351 
1.05 0.9 -0.0106095 0.237181 
1.1 0.9 -0.0176552 0.232702 
1.15 0.9 -0.0240936 0.226001 
1.2 0.9 -0.029707 0.217204 
1.25 0.9 -0.0343075 0.206469 
1.3 0.9 -0.0377396 0.193989 
1.35 0.9 -0.0398819 0.179992 
1.4 0.9 -0.0406473 0.164757 
1.45 0.9 -0.0399846 0.148641 
1.5 0.9 -0.0378814 0.132107 
1.55 0.9 -0.0343698 0.115758 
1.6 0.9 -0.0295343 0.100357 
1.65 0.9 -0.0235192 0.0868006 
1.7 0.9 -0.0165326 0.0760483 
1.75 0.9 -0.00884435 0.068984 
1.8 0.9 -0.000773866 0.0662524 
1.85 0.9 0.00733013 0.0681172 
1.9 0.9 0.0151163 0.0743976 
1.95 0.9 0.0222577 0.0845125 
2 0.9 0.0284738 0.0976103 
2.05 0.9 0.0335441 0.112735 
2.1 0.9 0.0373124 0.128968 
2.15 0.9 0.0396832 0.14552 
2.2 0.9 0.0406149 0.161756 
2.25 0.9 0.040112 0.177188 
2.3 0.9 0.0382189 0.191442 
2.35 0.9 0.035016 0.204226 
2.4 0.9 0.0306186 0.215303 
2.45 0.9 0.0251761 0.224473 
2.5 0.9 0.018871 0.231571 
2.55 0.9 0.011916 0.236465 
2.6 0.9 0.00454884 0.23906 
2.65 0.9 -0.00297596 0.239305 
2.7 0.9 -0.0103972 0.237194 
2.75 0.9 -0.0174582 0.232769 
2.8 0.9 -0.0239167 0.226116 
2.85 0.9 -0.0295541 0.21736 
2.9 0.9 -0.0341811 0.206659 
2.95 0.9 -0.037641 0.194205 
3 0.9 -0.0398113 0.180227 
3.05 0.9 -0.040604 0.165005 
3.1 0.9 -0.0399671 0.148893 
3.15 0.9 -0.0378875 0.132355 
3.2 0.9 -0.0343968 0.115994 
3.25 0.9 -0.0295791 0.100572 
3.3 0.9 -0.0235782 0.086986 
3.35 0.9 -0.0166021 0.0761959 
3.4 0.9 -0.00892039 0.0690881 
3.45 0.9 -0.000852757 0.0663111 
3.5 0.9 0.00725173 0.0681327 
3.55 0.9 0.015041 0.0743764 
3.6 0.9 0.0221873 0.0844634 
3.65 0.9 0.0284091 0.0975434 
3.7 0.9 0.033485 0.112659 
3.75 0.9 0.0372576 0.128891 
3.8 0.9 0.039631 0.145446 
3.85 0.9 0.0405631 0.161688 
3.9 0.9 0.0400582 0.177124 
3.95 0.9 0.0381608 0.191381 
4 0.9 0.0349518 0.204164 
4.05 0.9 0.0305468 0.215234 
4.1 0.9 0.0250961 0.224391 
4.15 0.9 0.0187829 0.23147 
4.2 0.9 0.0118211 0.236336 
4.25 0.9 0.00444951 0.238895 
4.3 0.9 -0.00307624 0.239094 
4.35 0.9 -0.0104937 0.236929 
4.4 0.9 -0.0175446 0.23244 
4.45 0.9 -0.0239855 0.225712 
4.5 0.9 -0.0295961 0.21687 
4.55 0.9 -0.0341853 0.206073 
4.6 0.9 -0.0375952 0.193517 
4.65 0.9 -0.0397019 0.179432 
4.7 0.9 -0.0404171 0.164108 
4.75 0.9 -0.03969 0.147911 
4.8 0.9 -0.0375118 0.131321 
4.85 0.9 -0.0339233 0.114961 
4.9 0.9 -0.0290247 0.0996083 
4.95 0.9 -0.0229845 0.0861675 
5 0.9 -0.0160276 0.0755828 
0 0.95 -0.00681829 0.0437498 
0.05 0.95 -0.00462613 0.038487 
0.1 0.95 -0.00236826 0.0351115 
0.15 0.95 -5.01211e-05 0.0338926 
0.2 0.95 0.00225936 0.0349372 
0.25 0.95 0.00446889 0.0381458 
0.3 0.95 0.00648766 0.0432316 
0.35 0.95 0.00823691 0.0497808 
0.4 0.95 0.00965536 0.0573291 
0.45 0.95 0.0107005 0.0654284 
0.5 0.95 0.0113474 0.0736888 
0.55 0.95 0.0115862 0.0817945 
0.6 0.95 0.0114196 0.0894997 
0.65 0.95 0.010861 0.096615 
0.7 0.95 0.00993355 0.102992 
0.75 0.95 0.00866991 0.10851 
0.8 0.95 0.00711212 0.11307 
0.85 0.95 0.00531168 0.116591 
0.9 0.95 0.00332879 0.119007 
0.95 0.95 0.00123084 0.120272 
1 0.95 -0.000909896 0.120363 
1.05 0.95 -0.00301927 0.119276 
1.1 0.95 -0.00502449 0.117034 
1.15 0.95 -0.00685717 0.113678 
1.2 0.95 -0.00845577 0.109269 
1.25 0.95 -0.00976726 0.103887 
1.3 0.95 -0.0107479 0.0976276 
1.35 0.95 -0.0113633 0.0906071 
1.4 0.95 -0.0115886 0.0829689 
1.45 0.95 -0.0114084 0.0748957 
1.5 0.95 -0.010818 0.0666247 
1.55 0.95 -0.00982459 0.0584624 
1.6 0.95 -0.00845051 0.0507908 
1.65 0.95 -0.00673538 0.0440551 
1.7 0.95 -0.00473797 0.0387247 
1.75 0.95 -0.00253582 0.0352289 
1.8 0.95 -0.000221852 0.0338786 
1.85 0.95 0.00210194 0.0348003 
1.9 0.95 0.00433273 0.0379074 
1.95 0.95 0.00637528 0.0429197 
2 0.95 0.00814875 0.0494247 
2.05 0.95 0.00959065 0.0569547 
2.1 0.95 0.0106577 0.0650561 
2.15 0.95 0.0113246 0.073333 
2.2 0.95 0.0115813 0.0814644 
2.25 0.95 0.0114305 0.0892007 
2.3 0.95 0.0108856 0.0963498 
2.35 0.95 0.00996989 0.102762 
2.4 0.95 0.00871588 0.108315 
2.45 0.95 0.00716568 0.112911 
2.5 0.95 0.00537072 0.116467 
2.55 0.95 0.00339118 0.118917 
2.6 0.95 0.00129444 0.120216 
2.65 0.95 -0.000847146 0.120339 
2.7 0.95 -0.00295929 0.119282 
2.75 0.95 -0.00496898 0.117067 
2.8 0.95 -0.00680751 0.113735 
2.85 0.95 -0.00841302 0.109347 
2.9 0.95 -0.00973211 0.103981 
2.95 0.95 -0.0107207 0.0977354 
3 0.95 -0.011344 0.0907246 
3.05 0.95 -0.0115771 0.0830925 
3.1 0.95 -0.0114042 0.0750214 
3.15 0.95 -0.0108204 0.0667486 
3.2 0.95 -0.0098329 0.0585803 
3.25 0.95 -0.00846381 0.0508982 
3.3 0.95 -0.00675265 0.0441476 
3.35 0.95 -0.00475813 0.0387984 
3.4 0.95 -0.00255776 0.0352811 
3.45 0.95 -0.000244465 0.0339083 
3.5 0.95 0.00207963 0.0348087 
3.55 0.95 0.0043115 0.0378974 
3.6 0.95 0.00635564 0.0428958 
3.65 0.95 0.00813092 0.0493917 
3.7 0.95 0.00957454 0.0569172 
3.75 0.95 0.010643 0.0650175 
3.8 0.95 0.0113107 0.0732957 
3.85 0.95 0.0115676 0.0814294 
3.9 0.95 0.0114162 0.0891678 
3.95 0.95 0.01087 0.0963179 
4 0.95 0.00995239 0.102729 
4.05 0.95 0.00869606 0.108279 
4.1 0.95 0.00714331 0.112868 
4.15 0.95 0.00534581 0.116414 
4.2 0.95 0.00336403 0.11885 
4.25 0.95 0.00126568 0.120131 
4.3 0.95 -0.000876576 0.12023 
4.35 0.95 -0.00298807 0.119146 
4.4 0.95 -0.00499539 0.116898 
4.45 0.95 -0.00682941 0.113528 
4.5 0.95 -0.0084278 0.109096 
4.55 0.95 -0.00973665 0.103683 
4.6 0.95 -0.0107114 0.0973856 
4.65 0.95 -0.0113169 0.0903219 
4.7 0.95 -0.0115278 0.0826397 
4.75 0.95 -0.011329 0.0745276 
4.8 0.95 -0.0107166 0.0662314 
4.85 0.95 -0.00970174 0.058067 
4.9 0.95 -0.00831647 0.0504247 
4.95 0.95 -0.00662727 0.0437498 
5 0.95 -0.00475901 0.038487 
0 1 0 0 
0.05 1 0 0 
0.1 1 0 0 
0.15 1 0 0 
0.2 1 0 0 
0.25 1 0 0 
0.3 1 0 0 
0.35 1 0 0 
0.4 1 0 0 
0.45 1 0 0 
0.5 1 0 0 
0.55 1 0 0 
0.6 1 0 0 
0.65 1 0 0 
0.7 1 0 0 
0.75 1 0 0 
0.8 1 0 0 
0.85 1 0 0 
0.9 1 0 0 
0.95 1 0 0 
1 1 0 0 
1.05 1 0 0 
1.1 1 0 0 
1.15 1 0 0 
1.2 1 0 0 
1.25 1 0 0 
1.3 1 0 0 
1.35 1 0 0 
1.4 1 0 0 
1.45 1 0 0 
1.5 1 0 0 
1.55 1 0 0 
1.6 1 0 0 
1.65 1 0 0 
1.7 1 0 0 
1.75 1 0 0 
1.8 1 0 0 
1.85 1 0 0 
1.9 1 0 0 
1.95 1 0 0 
2 1 0 0 
2.05 1 0 0 
2.1 1 0 0 
2.15 1 0 0 
2.2 1 0 0 
2.25 1 0 0 
2.3 1 0 0 
2.35 1 0 0 
2.4 1 0 0 
2.45 1 0 0 
2.5 1 0 0 
2.55 1 0 0 
2.6 1 0 0 
2.65 1 0 0 
2.7 1 0 0 
2.75 1 0 0 
2.8 1 0 0 
2.85 1 0 0 
2.9 1 0 0 
2.95 1 0 0 
3 1 0 0 
3.05 1 0 0 
3.1 1 0 0 
3.15 1 0 0 
3.2 1 0 0 
3.25 1 0 0 
3.3 1 0 0 
3.35 1 0 0 
3.4 1 0 0 
3.45 1 0 0 
3.5 1 0 0 
3.55 1 0 0 
3.6 1 0 0 
3.65 1 0 0 
3.7 1 0 0 
3.75 1 0 0 
3.8 1 0 0 
3.85 1 0 0 
3.9 1 0 0 
3.95 1 0 0 
4 1 0 0 
4.05 1 0 0 
4.1 1 0 0 
4.15 1 0 0 
4.2 1 0 0 
4.25 1 0 0 
4.3 1 0 0 
4.35 1 0 0 
4.4 1 0 0 
4.45 1 0 0 
4.5 1 0 0 
4.55 1 0 0 
4.6 1 0 0 
4.65 1 0 0 
4.7 1 0 0 
4.75 1 0 0 
4.8 1 0 0 
4.85 1 0 0 
4.9 1 0 0 
4.95 1 0 0 
5 1 0 0 
