x, y, ksi, T
#iter= 1140000
0 0 0 1 
0.05 0 0 1 
0.1 0 0 1 
0.15 0 0 1 
0.2 0 0 1 
0.25 0 0 1 
0.3 0 0 1 
0.35 0 0 1 
0.4 0 0 1 
0.45 0 0 1 
0.5 0 0 1 
0.55 0 0 1 
0.6 0 0 1 
0.65 0 0 1 
0.7 0 0 1 
0.75 0 0 1 
0.8 0 0 1 
0.85 0 0 1 
0.9 0 0 1 
0.95 0 0 1 
1 0 0 1 
1.05 0 0 1 
1.1 0 0 1 
1.15 0 0 1 
1.2 0 0 1 
1.25 0 0 1 
1.3 0 0 1 
1.35 0 0 1 
1.4 0 0 1 
1.45 0 0 1 
1.5 0 0 1 
1.55 0 0 1 
1.6 0 0 1 
1.65 0 0 1 
1.7 0 0 1 
1.75 0 0 1 
1.8 0 0 1 
1.85 0 0 1 
1.9 0 0 1 
1.95 0 0 1 
2 0 0 1 
2.05 0 0 1 
2.1 0 0 1 
2.15 0 0 1 
2.2 0 0 1 
2.25 0 0 1 
2.3 0 0 1 
2.35 0 0 1 
2.4 0 0 1 
2.45 0 0 1 
2.5 0 0 1 
2.55 0 0 1 
2.6 0 0 1 
2.65 0 0 1 
2.7 0 0 1 
2.75 0 0 1 
2.8 0 0 1 
2.85 0 0 1 
2.9 0 0 1 
2.95 0 0 1 
3 0 0 1 
3.05 0 0 1 
3.1 0 0 1 
3.15 0 0 1 
3.2 0 0 1 
3.25 0 0 1 
3.3 0 0 1 
3.35 0 0 1 
3.4 0 0 1 
3.45 0 0 1 
3.5 0 0 1 
3.55 0 0 1 
3.6 0 0 1 
3.65 0 0 1 
3.7 0 0 1 
3.75 0 0 1 
3.8 0 0 1 
3.85 0 0 1 
3.9 0 0 1 
3.95 0 0 1 
4 0 0 1 
4.05 0 0 1 
4.1 0 0 1 
4.15 0 0 1 
4.2 0 0 1 
4.25 0 0 1 
4.3 0 0 1 
4.35 0 0 1 
4.4 0 0 1 
4.45 0 0 1 
4.5 0 0 1 
4.55 0 0 1 
4.6 0 0 1 
4.65 0 0 1 
4.7 0 0 1 
4.75 0 0 1 
4.8 0 0 1 
4.85 0 0 1 
4.9 0 0 1 
4.95 0 0 1 
5 0 0 1 
0 0.05 -0.00669232 0.885196 
0.05 0.05 -0.00461511 0.882042 
0.1 0.05 -0.00244476 0.880135 
0.15 0.05 -0.000241253 0.879451 
0.2 0.05 0.00193937 0.879975 
0.25 0.05 0.00403355 0.881682 
0.3 0.05 0.00597621 0.884533 
0.35 0.05 0.00770585 0.888468 
0.4 0.05 0.00916758 0.893417 
0.45 0.05 0.0103148 0.899288 
0.5 0.05 0.0111098 0.905976 
0.55 0.05 0.0115239 0.913351 
0.6 0.05 0.0115379 0.921251 
0.65 0.05 0.0111419 0.929466 
0.7 0.05 0.0103376 0.937726 
0.75 0.05 0.00913994 0.945682 
0.8 0.05 0.00758018 0.952918 
0.85 0.05 0.00570797 0.958969 
0.9 0.05 0.00359223 0.963378 
0.95 0.05 0.00131923 0.965768 
1 0.05 -0.00101241 0.965921 
1.05 0.05 -0.00329922 0.963821 
1.1 0.05 -0.00544145 0.959663 
1.15 0.05 -0.00735083 0.953807 
1.2 0.05 -0.00895597 0.946703 
1.25 0.05 -0.0102046 0.938819 
1.3 0.05 -0.0110633 0.930581 
1.35 0.05 -0.011515 0.922346 
1.4 0.05 -0.0115568 0.914396 
1.45 0.05 -0.0111971 0.906948 
1.5 0.05 -0.0104546 0.900169 
1.55 0.05 -0.00935741 0.894193 
1.6 0.05 -0.00794293 0.88913 
1.65 0.05 -0.00625812 0.885068 
1.7 0.05 -0.00435906 0.882082 
1.75 0.05 -0.00230984 0.880227 
1.8 0.05 -0.000180702 0.879539 
1.85 0.05 0.00195468 0.88003 
1.9 0.05 0.00402236 0.881692 
1.95 0.05 0.00595128 0.884492 
2 0.05 0.00767612 0.888379 
2.05 0.05 0.00913933 0.893283 
2.1 0.05 0.0102923 0.899115 
2.15 0.05 0.011096 0.90577 
2.2 0.05 0.0115207 0.913119 
2.25 0.05 0.0115461 0.921002 
2.3 0.05 0.0111619 0.929209 
2.35 0.05 0.0103691 0.937471 
2.4 0.05 0.00918217 0.945443 
2.45 0.05 0.00763181 0.952707 
2.5 0.05 0.00576714 0.958799 
2.55 0.05 0.00365663 0.963262 
2.6 0.05 0.00138617 0.965714 
2.65 0.05 -0.000945746 0.96593 
2.7 0.05 -0.00323553 0.963891 
2.75 0.05 -0.00538309 0.959785 
2.8 0.05 -0.00729964 0.953967 
2.85 0.05 -0.00891315 0.946889 
2.9 0.05 -0.0101708 0.939018 
2.95 0.05 -0.0110385 0.930783 
3 0.05 -0.0114989 0.922544 
3.05 0.05 -0.0115486 0.914583 
3.1 0.05 -0.0111961 0.907122 
3.15 0.05 -0.0104597 0.900328 
3.2 0.05 -0.0093676 0.894336 
3.25 0.05 -0.00795713 0.889257 
3.3 0.05 -0.00627528 0.88518 
3.35 0.05 -0.00437816 0.882179 
3.4 0.05 -0.00232994 0.880311 
3.45 0.05 -0.00020096 0.879611 
3.5 0.05 0.00193496 0.880092 
3.55 0.05 0.0040037 0.881746 
3.6 0.05 0.00593402 0.88454 
3.65 0.05 0.00766038 0.888424 
3.7 0.05 0.00912504 0.893325 
3.75 0.05 0.0102792 0.899157 
3.8 0.05 0.0110837 0.905813 
3.85 0.05 0.0115087 0.913165 
3.9 0.05 0.0115338 0.92105 
3.95 0.05 0.0111488 0.929259 
4 0.05 0.0103548 0.937521 
4.05 0.05 0.00916639 0.94549 
4.1 0.05 0.00761451 0.952749 
4.15 0.05 0.00574857 0.958832 
4.2 0.05 0.00363728 0.963282 
4.25 0.05 0.0013668 0.96572 
4.3 0.05 -0.000964205 0.965923 
4.35 0.05 -0.0032521 0.963873 
4.4 0.05 -0.00539685 0.95976 
4.45 0.05 -0.00730987 0.953941 
4.5 0.05 -0.0089195 0.946868 
4.55 0.05 -0.0101734 0.939009 
4.6 0.05 -0.0110384 0.930791 
4.65 0.05 -0.0114982 0.922572 
4.7 0.05 -0.0115513 0.914635 
4.75 0.05 -0.0112085 0.907196 
4.8 0.05 -0.0104921 0.900421 
4.85 0.05 -0.0094361 0.894436 
4.9 0.05 -0.00808739 0.889338 
4.95 0.05 -0.0065063 0.885196 
5 0.05 -0.00474501 0.882042 
0 0.1 -0.0225872 0.771722 
0.05 0.1 -0.0158182 0.765528 
0.1 0.1 -0.00842805 0.761707 
0.15 0.1 -0.000780377 0.760321 
0.2 0.1 0.00684286 0.761355 
0.25 0.1 0.0141843 0.764758 
0.3 0.1 0.021002 0.770443 
0.35 0.1 0.0270738 0.778295 
0.4 0.1 0.0322029 0.788163 
0.45 0.1 0.0362228 0.799869 
0.5 0.1 0.0389993 0.8132 
0.55 0.1 0.0404313 0.827905 
0.6 0.1 0.0404519 0.843667 
0.65 0.1 0.0390311 0.860077 
0.7 0.1 0.0361798 0.876604 
0.75 0.1 0.0319572 0.892559 
0.8 0.1 0.0264789 0.907105 
0.85 0.1 0.0199228 0.919297 
0.9 0.1 0.0125305 0.928199 
0.95 0.1 0.00459997 0.933033 
1 0.1 -0.00353083 0.933341 
1.05 0.1 -0.0115085 0.929094 
1.1 0.1 -0.0189917 0.920697 
1.15 0.1 -0.0256757 0.908892 
1.2 0.1 -0.031311 0.894607 
1.25 0.1 -0.035711 0.878792 
1.3 0.1 -0.0387524 0.862303 
1.35 0.1 -0.0403691 0.84585 
1.4 0.1 -0.0405447 0.829985 
1.45 0.1 -0.0393053 0.815133 
1.5 0.1 -0.0367142 0.801618 
1.55 0.1 -0.0328702 0.789702 
1.6 0.1 -0.0279062 0.779601 
1.65 0.1 -0.021989 0.771495 
1.7 0.1 -0.015317 0.765533 
1.75 0.1 -0.00811666 0.761828 
1.8 0.1 -0.000635336 0.760452 
1.85 0.1 0.00686792 0.761434 
1.9 0.1 0.0141331 0.764754 
1.95 0.1 0.0209101 0.770346 
2 0.1 0.0269684 0.778104 
2.05 0.1 0.0321041 0.787886 
2.1 0.1 0.036145 0.799516 
2.15 0.1 0.0389521 0.812785 
2.2 0.1 0.0404209 0.82744 
2.25 0.1 0.0404818 0.843167 
2.3 0.1 0.0391021 0.859562 
2.35 0.1 0.036291 0.876093 
2.4 0.1 0.0321057 0.892077 
2.45 0.1 0.02666 0.906679 
2.5 0.1 0.0201299 0.918955 
2.55 0.1 0.0127556 0.927965 
2.6 0.1 0.00483404 0.932923 
2.65 0.1 -0.00329744 0.933362 
2.7 0.1 -0.011285 0.929237 
2.75 0.1 -0.0187861 0.920943 
2.8 0.1 -0.0254944 0.909216 
2.85 0.1 -0.0311583 0.894982 
2.9 0.1 -0.0355891 0.879191 
2.95 0.1 -0.0386618 0.862708 
3 0.1 -0.0403088 0.846244 
3.05 0.1 -0.0405125 0.830358 
3.1 0.1 -0.0392983 0.815478 
3.15 0.1 -0.0367291 0.801933 
3.2 0.1 -0.0329034 0.789985 
3.25 0.1 -0.027954 0.779852 
3.3 0.1 -0.0220477 0.771715 
3.35 0.1 -0.0153831 0.765724 
3.4 0.1 -0.00818679 0.761993 
3.45 0.1 -0.000706588 0.760594 
3.5 0.1 0.006798 0.761555 
3.55 0.1 0.0140664 0.764859 
3.6 0.1 0.0208478 0.770439 
3.65 0.1 0.0269109 0.77819 
3.7 0.1 0.0320514 0.787968 
3.75 0.1 0.0360961 0.799598 
3.8 0.1 0.0389058 0.812869 
3.85 0.1 0.0403756 0.827529 
3.9 0.1 0.0404355 0.843262 
3.95 0.1 0.0390533 0.859661 
4 0.1 0.0362382 0.876193 
4.05 0.1 0.0320482 0.892173 
4.1 0.1 0.0265976 0.906763 
4.15 0.1 0.0200636 0.919021 
4.2 0.1 0.0126871 0.928006 
4.25 0.1 0.00476584 0.932936 
4.3 0.1 -0.00336214 0.933346 
4.35 0.1 -0.0113429 0.929198 
4.4 0.1 -0.0188339 0.92089 
4.45 0.1 -0.0255298 0.90916 
4.5 0.1 -0.0311798 0.894935 
4.55 0.1 -0.0355973 0.879167 
4.6 0.1 -0.0386596 0.862715 
4.65 0.1 -0.040303 0.846292 
4.7 0.1 -0.0405149 0.830451 
4.75 0.1 -0.0393273 0.815615 
4.8 0.1 -0.0368118 0.802103 
4.85 0.1 -0.0330753 0.790162 
4.9 0.1 -0.0282544 0.779984 
4.95 0.1 -0.0224938 0.771722 
5 0.1 -0.0158814 0.765528 
0 0.15 -0.0440159 0.664366 
0.05 0.15 -0.0308026 0.65532 
0.1 0.15 -0.0163755 0.64969 
0.15 0.15 -0.00138032 0.647623 
0.2 0.15 0.0136135 0.649133 
0.25 0.15 0.0280778 0.65415 
0.3 0.15 0.0415202 0.662545 
0.35 0.15 0.0534921 0.674136 
0.4 0.15 0.0635988 0.688691 
0.45 0.15 0.0715074 0.705939 
0.5 0.15 0.0769509 0.725566 
0.55 0.15 0.0797309 0.747201 
0.6 0.15 0.0797193 0.77039 
0.65 0.15 0.0768631 0.794544 
0.7 0.15 0.0711929 0.818893 
0.75 0.15 0.0628351 0.842437 
0.8 0.15 0.0520257 0.863938 
0.85 0.15 0.0391201 0.881995 
0.9 0.15 0.0245933 0.895199 
0.95 0.15 0.00902558 0.902376 
1 0.15 -0.00692908 0.902834 
1.05 0.15 -0.022588 0.896527 
1.1 0.15 -0.0372907 0.884068 
1.15 0.15 -0.0504448 0.866581 
1.2 0.15 -0.0615599 0.845459 
1.25 0.15 -0.0702647 0.822116 
1.3 0.15 -0.076308 0.797817 
1.35 0.15 -0.0795499 0.773595 
1.4 0.15 -0.0799488 0.750251 
1.45 0.15 -0.0775487 0.728394 
1.5 0.15 -0.0724704 0.708494 
1.55 0.15 -0.0649066 0.69093 
1.6 0.15 -0.0551199 0.676022 
1.65 0.15 -0.0434409 0.664042 
1.7 0.15 -0.0302641 0.655221 
1.75 0.15 -0.0160389 0.649733 
1.8 0.15 -0.00125618 0.647695 
1.85 0.15 0.01357 0.64915 
1.9 0.15 0.0279238 0.654066 
1.95 0.15 0.0413089 0.662342 
2 0.15 0.0532676 0.67381 
2.05 0.15 0.0633952 0.68825 
2.1 0.15 0.0713495 0.705396 
2.15 0.15 0.0768562 0.724937 
2.2 0.15 0.0797103 0.746505 
2.25 0.15 0.0797787 0.769647 
2.3 0.15 0.077004 0.793779 
2.35 0.15 0.0714129 0.818136 
2.4 0.15 0.0631283 0.841723 
2.45 0.15 0.0523826 0.863307 
2.5 0.15 0.0395278 0.881487 
2.55 0.15 0.0250362 0.894852 
2.6 0.15 0.00948593 0.902214 
2.65 0.15 -0.00646968 0.902865 
2.7 0.15 -0.0221473 0.896739 
2.75 0.15 -0.0368842 0.884433 
2.8 0.15 -0.0500848 0.867061 
2.85 0.15 -0.061255 0.846012 
2.9 0.15 -0.0700196 0.822704 
2.95 0.15 -0.0761239 0.79841 
3 0.15 -0.0794251 0.774172 
3.05 0.15 -0.0798795 0.750796 
3.1 0.15 -0.0775296 0.728898 
3.15 0.15 -0.072495 0.708953 
3.2 0.15 -0.064968 0.691342 
3.25 0.15 -0.0552109 0.676386 
3.3 0.15 -0.0435544 0.664361 
3.35 0.15 -0.0303929 0.655497 
3.4 0.15 -0.0161767 0.64997 
3.45 0.15 -0.00139713 0.647897 
3.5 0.15 0.0134308 0.649322 
3.55 0.15 0.02779 0.654215 
3.6 0.15 0.0411831 0.662473 
3.65 0.15 0.0531507 0.67393 
3.7 0.15 0.0632869 0.688365 
3.75 0.15 0.0712485 0.705511 
3.8 0.15 0.07676 0.725057 
3.85 0.15 0.0796159 0.746633 
3.9 0.15 0.0796826 0.769784 
3.95 0.15 0.0769031 0.793923 
4 0.15 0.0713046 0.818282 
4.05 0.15 0.0630112 0.841863 
4.1 0.15 0.0522566 0.863431 
4.15 0.15 0.0393947 0.881584 
4.2 0.15 0.0248994 0.894911 
4.25 0.15 0.00935051 0.902231 
4.3 0.15 -0.00659766 0.902838 
4.35 0.15 -0.0222612 0.896676 
4.4 0.15 -0.0369777 0.884348 
4.45 0.15 -0.0501527 0.866969 
4.5 0.15 -0.0612941 0.845931 
4.55 0.15 -0.0700297 0.822652 
4.6 0.15 -0.0761089 0.798402 
4.65 0.15 -0.0793952 0.774217 
4.7 0.15 -0.0798523 0.7509 
4.75 0.15 -0.077532 0.729058 
4.8 0.15 -0.0725637 0.709152 
4.85 0.15 -0.0651454 0.691545 
4.9 0.15 -0.0555307 0.676531 
4.95 0.15 -0.0440012 0.664366 
5 0.15 -0.0308102 0.65532 
0 0.2 -0.0678534 0.568838 
0.05 0.2 -0.0473817 0.557247 
0.1 0.2 -0.0250872 0.55 
0.15 0.2 -0.00188704 0.547321 
0.2 0.2 0.0213458 0.549259 
0.25 0.2 0.0437797 0.555739 
0.3 0.2 0.0646353 0.566585 
0.35 0.2 0.0832038 0.581541 
0.4 0.2 0.0988637 0.600288 
0.45 0.2 0.111094 0.622455 
0.5 0.2 0.119478 0.64763 
0.55 0.2 0.123714 0.675335 
0.6 0.2 0.123609 0.704995 
0.65 0.2 0.119091 0.735877 
0.7 0.2 0.110222 0.767012 
0.75 0.2 0.0972108 0.797133 
0.8 0.2 0.0804339 0.824666 
0.85 0.2 0.0604472 0.84781 
0.9 0.2 0.0379851 0.864749 
0.95 0.2 0.0139365 0.873962 
1 0.2 -0.0107011 0.874549 
1.05 0.2 -0.0348887 0.866452 
1.1 0.2 -0.057619 0.850467 
1.15 0.2 -0.0779854 0.82805 
1.2 0.2 -0.0952311 0.800998 
1.25 0.2 -0.108776 0.771128 
1.3 0.2 -0.11822 0.740053 
1.35 0.2 -0.123334 0.709082 
1.4 0.2 -0.124038 0.679219 
1.45 0.2 -0.120391 0.651227 
1.5 0.2 -0.112569 0.625697 
1.55 0.2 -0.100868 0.603115 
1.6 0.2 -0.0856919 0.583899 
1.65 0.2 -0.0675555 0.56842 
1.7 0.2 -0.0470744 0.556995 
1.75 0.2 -0.0249515 0.549877 
1.8 0.2 -0.00195541 0.54723 
1.85 0.2 0.0211088 0.549119 
1.9 0.2 0.043433 0.555497 
1.95 0.2 0.0642402 0.566218 
2 0.2 0.0828142 0.581042 
2.05 0.2 0.0985231 0.599662 
2.1 0.2 0.110835 0.621716 
2.15 0.2 0.119324 0.646793 
2.2 0.2 0.123679 0.674422 
2.25 0.2 0.1237 0.704031 
2.3 0.2 0.11931 0.73489 
2.35 0.2 0.110564 0.766037 
2.4 0.2 0.0976661 0.796214 
2.45 0.2 0.0809871 0.823854 
2.5 0.2 0.0610786 0.847157 
2.55 0.2 0.0386703 0.864302 
2.6 0.2 0.0146488 0.873753 
2.65 0.2 -0.00998989 0.874589 
2.7 0.2 -0.0342053 0.866724 
2.75 0.2 -0.0569872 0.850934 
2.8 0.2 -0.0774241 0.828662 
2.85 0.2 -0.0947535 0.801702 
2.9 0.2 -0.10839 0.771876 
2.95 0.2 -0.117927 0.740807 
3 0.2 -0.123132 0.709813 
3.05 0.2 -0.123923 0.679909 
3.1 0.2 -0.120354 0.651865 
3.15 0.2 -0.112601 0.626277 
3.2 0.2 -0.100958 0.603634 
3.25 0.2 -0.0858287 0.584359 
3.3 0.2 -0.0677284 0.568821 
3.35 0.2 -0.0472726 0.557341 
3.4 0.2 -0.0251649 0.550172 
3.45 0.2 -0.00217494 0.54748 
3.5 0.2 0.0208907 0.54933 
3.55 0.2 0.0432223 0.555678 
3.6 0.2 0.0640407 0.566376 
3.65 0.2 0.0826277 0.581185 
3.7 0.2 0.0983494 0.599799 
3.75 0.2 0.110672 0.621854 
3.8 0.2 0.119168 0.646939 
3.85 0.2 0.123526 0.674579 
3.9 0.2 0.123544 0.704199 
3.95 0.2 0.119147 0.735068 
4 0.2 0.11039 0.76622 
4.05 0.2 0.0974792 0.796391 
4.1 0.2 0.0807874 0.82401 
4.15 0.2 0.0608686 0.847279 
4.2 0.2 0.0384555 0.864375 
4.25 0.2 0.0144368 0.87377 
4.3 0.2 -0.0101895 0.874548 
4.35 0.2 -0.0343822 0.866635 
4.4 0.2 -0.0571311 0.850812 
4.45 0.2 -0.0775259 0.828528 
4.5 0.2 -0.0948067 0.801578 
4.55 0.2 -0.108391 0.771782 
4.6 0.2 -0.11788 0.740758 
4.65 0.2 -0.123046 0.709821 
4.7 0.2 -0.123815 0.679979 
4.75 0.2 -0.120251 0.651992 
4.8 0.2 -0.11254 0.626444 
4.85 0.2 -0.100975 0.603806 
4.9 0.2 -0.0859443 0.584482 
4.95 0.2 -0.0679049 0.568838 
5 0.2 -0.0473432 0.557247 
0 0.25 -0.0916517 0.489392 
0.05 0.25 -0.0638613 0.475602 
0.1 0.25 -0.0336601 0.466955 
0.15 0.25 -0.0022223 0.463748 
0.2 0.25 0.0292825 0.466072 
0.25 0.25 0.0597166 0.473845 
0.3 0.25 0.0880071 0.486832 
0.35 0.25 0.113178 0.504686 
0.4 0.25 0.134376 0.526979 
0.45 0.25 0.15089 0.553232 
0.5 0.25 0.16216 0.582928 
0.55 0.25 0.167781 0.6155 
0.6 0.25 0.167505 0.650281 
0.65 0.25 0.161253 0.686426 
0.7 0.25 0.149126 0.722825 
0.75 0.25 0.131423 0.758018 
0.8 0.25 0.108668 0.79018 
0.85 0.25 0.0816201 0.817215 
0.9 0.25 0.0512692 0.837003 
0.95 0.25 0.0188055 0.847767 
1 0.25 -0.014442 0.848453 
1.05 0.25 -0.0470907 0.838993 
1.1 0.25 -0.077799 0.820318 
1.15 0.25 -0.105354 0.794131 
1.2 0.25 -0.128736 0.762529 
1.25 0.25 -0.147155 0.727628 
1.3 0.25 -0.160056 0.691299 
1.35 0.25 -0.167112 0.655051 
1.4 0.25 -0.168196 0.620037 
1.45 0.25 -0.163368 0.587129 
1.5 0.25 -0.152856 0.557013 
1.55 0.25 -0.137047 0.530266 
1.6 0.25 -0.116485 0.507404 
1.65 0.25 -0.0918683 0.488907 
1.7 0.25 -0.0640353 0.475203 
1.75 0.25 -0.0339484 0.466638 
1.8 0.25 -0.00266212 0.463448 
1.85 0.25 0.0287177 0.465724 
1.9 0.25 0.0590811 0.473401 
1.95 0.25 0.0873615 0.486267 
2 0.25 0.112578 0.503993 
2.05 0.25 0.133869 0.526162 
2.1 0.25 0.150512 0.552302 
2.15 0.25 0.161936 0.581903 
2.2 0.25 0.167726 0.6144 
2.25 0.25 0.167626 0.649129 
2.3 0.25 0.16155 0.685255 
2.35 0.25 0.14959 0.721674 
2.4 0.25 0.13204 0.756937 
2.45 0.25 0.109417 0.789225 
2.5 0.25 0.0824741 0.816448 
2.55 0.25 0.0521955 0.836477 
2.6 0.25 0.0197681 0.847519 
2.65 0.25 -0.0134803 0.848494 
2.7 0.25 -0.0461655 0.839306 
2.75 0.25 -0.0769419 0.820859 
2.8 0.25 -0.10459 0.79484 
2.85 0.25 -0.128084 0.763345 
2.9 0.25 -0.146624 0.728495 
2.95 0.25 -0.159651 0.692172 
3 0.25 -0.16683 0.655896 
3.05 0.25 -0.168031 0.620834 
3.1 0.25 -0.163309 0.587866 
3.15 0.25 -0.152891 0.557683 
3.2 0.25 -0.137162 0.530866 
3.25 0.25 -0.116666 0.507934 
3.3 0.25 -0.0920992 0.489368 
3.35 0.25 -0.0643022 0.475598 
3.4 0.25 -0.0342376 0.466972 
3.45 0.25 -0.00296121 0.463728 
3.5 0.25 0.0284192 0.465957 
3.55 0.25 0.0587912 0.473596 
3.6 0.25 0.0870857 0.486436 
3.65 0.25 0.112319 0.504145 
3.7 0.25 0.133627 0.526307 
3.75 0.25 0.150284 0.552449 
3.8 0.25 0.161717 0.58206 
3.85 0.25 0.16751 0.614571 
3.9 0.25 0.167407 0.649316 
3.95 0.25 0.161321 0.685455 
4 0.25 0.149347 0.72188 
4.05 0.25 0.13178 0.757137 
4.1 0.25 0.109141 0.789403 
4.15 0.25 0.0821847 0.816585 
4.2 0.25 0.0519002 0.836557 
4.25 0.25 0.0194775 0.847531 
4.3 0.25 -0.0137531 0.848438 
4.35 0.25 -0.046406 0.839188 
4.4 0.25 -0.0771352 0.820698 
4.45 0.25 -0.104723 0.794659 
4.5 0.25 -0.128144 0.763166 
4.55 0.25 -0.146604 0.72834 
4.6 0.25 -0.159548 0.692056 
4.65 0.25 -0.166648 0.655831 
4.7 0.25 -0.167782 0.620822 
4.75 0.25 -0.163013 0.587904 
4.8 0.25 -0.152573 0.557758 
4.85 0.25 -0.136847 0.530953 
4.9 0.25 -0.116359 0.508002 
4.95 0.25 -0.0917579 0.489392 
5 0.25 -0.0637852 0.475602 
0 0.3 -0.11352 0.42742 
0.05 0.3 -0.0789481 0.411687 
0.1 0.3 -0.0414266 0.401792 
0.15 0.3 -0.002365 0.398122 
0.2 0.3 0.0367921 0.400815 
0.25 0.3 0.0746196 0.409767 
0.3 0.3 0.109766 0.424662 
0.35 0.3 0.141004 0.445021 
0.4 0.3 0.167263 0.470271 
0.45 0.3 0.187658 0.499795 
0.5 0.3 0.201501 0.532964 
0.55 0.3 0.208302 0.569122 
0.6 0.3 0.207775 0.607535 
0.65 0.3 0.199842 0.647296 
0.7 0.3 0.184653 0.687215 
0.75 0.3 0.162602 0.725724 
0.8 0.3 0.134354 0.760858 
0.85 0.3 0.100854 0.790353 
0.9 0.3 0.0633244 0.811923 
0.95 0.3 0.0232213 0.823649 
1 0.3 -0.0178357 0.824396 
1.05 0.3 -0.0581639 0.81409 
1.1 0.3 -0.0961291 0.793736 
1.15 0.3 -0.130248 0.765168 
1.2 0.3 -0.159264 0.730652 
1.25 0.3 -0.182193 0.69247 
1.3 0.3 -0.198333 0.652637 
1.35 0.3 -0.207256 0.612775 
1.4 0.3 -0.20878 0.574119 
1.45 0.3 -0.202956 0.537605 
1.5 0.3 -0.190043 0.503983 
1.55 0.3 -0.170507 0.473914 
1.6 0.3 -0.145014 0.448024 
1.65 0.3 -0.114425 0.426928 
1.7 0.3 -0.0797879 0.411201 
1.75 0.3 -0.0423104 0.401327 
1.8 0.3 -0.00331989 0.39764 
1.85 0.3 0.0357886 0.40027 
1.9 0.3 0.0736148 0.409124 
1.95 0.3 0.108815 0.423902 
2 0.3 0.140159 0.444139 
2.05 0.3 0.166568 0.469274 
2.1 0.3 0.187148 0.498696 
2.15 0.3 0.201199 0.531779 
2.2 0.3 0.208221 0.567871 
2.25 0.3 0.207919 0.606242 
2.3 0.3 0.200208 0.645993 
2.35 0.3 0.185229 0.685941 
2.4 0.3 0.163368 0.724532 
2.45 0.3 0.135282 0.759807 
2.5 0.3 0.101911 0.789509 
2.55 0.3 0.0644699 0.811343 
2.6 0.3 0.0244112 0.823372 
2.65 0.3 -0.0166464 0.824434 
2.7 0.3 -0.0570186 0.814423 
2.75 0.3 -0.0950661 0.794316 
2.8 0.3 -0.129298 0.765932 
2.85 0.3 -0.15845 0.731532 
2.9 0.3 -0.181527 0.693406 
2.95 0.3 -0.197822 0.65358 
3 0.3 -0.206896 0.61369 
3.05 0.3 -0.208565 0.574983 
3.1 0.3 -0.202873 0.538404 
3.15 0.3 -0.190078 0.504711 
3.2 0.3 -0.170643 0.474566 
3.25 0.3 -0.145232 0.448599 
3.3 0.3 -0.114708 0.427427 
3.35 0.3 -0.0801176 0.411626 
3.4 0.3 -0.0426696 0.401683 
3.45 0.3 -0.00369319 0.397932 
3.5 0.3 0.0354145 0.400508 
3.55 0.3 0.0732501 0.409318 
3.6 0.3 0.108467 0.424065 
3.65 0.3 0.13983 0.444283 
3.7 0.3 0.16626 0.469411 
3.75 0.3 0.186857 0.498836 
3.8 0.3 0.200919 0.531931 
3.85 0.3 0.207945 0.568041 
3.9 0.3 0.207639 0.606431 
3.95 0.3 0.199917 0.646198 
4 0.3 0.18492 0.686154 
4.05 0.3 0.163038 0.72474 
4.1 0.3 0.134933 0.759991 
4.15 0.3 0.101546 0.789649 
4.2 0.3 0.0640982 0.81142 
4.25 0.3 0.0240462 0.823374 
4.3 0.3 -0.0169884 0.824358 
4.35 0.3 -0.0573187 0.814276 
4.4 0.3 -0.0953045 0.794114 
4.45 0.3 -0.129455 0.765699 
4.5 0.3 -0.158508 0.731289 
4.55 0.3 -0.181471 0.693173 
4.6 0.3 -0.197641 0.653372 
4.65 0.3 -0.206584 0.613516 
4.7 0.3 -0.208123 0.574846 
4.75 0.3 -0.202307 0.538303 
4.8 0.3 -0.189399 0.504641 
4.85 0.3 -0.16986 0.474519 
4.9 0.3 -0.14434 0.44857 
4.95 0.3 -0.113671 0.42742 
5 0.3 -0.0788419 0.411687 
0 0.35 -0.132028 0.381438 
0.05 0.35 -0.0916734 0.363855 
0.1 0.35 -0.0479034 0.352752 
0.15 0.35 -0.00233204 0.348641 
0.2 0.35 0.0433553 0.351716 
0.25 0.35 0.08748 0.361837 
0.3 0.35 0.128446 0.37856 
0.35 0.35 0.164802 0.401224 
0.4 0.35 0.195296 0.429053 
0.45 0.35 0.218897 0.461247 
0.5 0.35 0.234815 0.497036 
0.55 0.35 0.2425 0.535673 
0.6 0.35 0.241646 0.576371 
0.65 0.35 0.232193 0.618199 
0.7 0.35 0.214345 0.659951 
0.75 0.35 0.188586 0.700043 
0.8 0.35 0.155706 0.736485 
0.85 0.35 0.116811 0.766992 
0.9 0.35 0.0733109 0.789255 
0.95 0.35 0.0268761 0.801342 
1 0.35 -0.0206453 0.802112 
1.05 0.35 -0.0673365 0.79149 
1.1 0.35 -0.111333 0.770486 
1.15 0.35 -0.150935 0.740947 
1.2 0.35 -0.184694 0.705158 
1.25 0.35 -0.211462 0.665426 
1.3 0.35 -0.230405 0.623789 
1.35 0.35 -0.241 0.581886 
1.4 0.35 -0.243005 0.540965 
1.45 0.35 -0.236447 0.501988 
1.5 0.35 -0.2216 0.465749 
1.55 0.35 -0.198981 0.432995 
1.6 0.35 -0.16935 0.404489 
1.65 0.35 -0.133707 0.381024 
1.7 0.35 -0.0932747 0.363377 
1.75 0.35 -0.0494769 0.352228 
1.8 0.35 -0.00388457 0.348049 
1.85 0.35 0.0418479 0.351029 
1.9 0.35 0.0860591 0.361033 
1.95 0.35 0.127158 0.377633 
2 0.35 0.163694 0.400178 
2.05 0.35 0.194404 0.4279 
2.1 0.35 0.218251 0.460005 
2.15 0.35 0.234432 0.495724 
2.2 0.35 0.242389 0.53431 
2.25 0.35 0.241806 0.574981 
2.3 0.35 0.232616 0.616812 
2.35 0.35 0.215014 0.658606 
2.4 0.35 0.189475 0.69879 
2.45 0.35 0.156783 0.735385 
2.5 0.35 0.118036 0.766109 
2.55 0.35 0.0746381 0.788646 
2.6 0.35 0.0282544 0.801046 
2.65 0.35 -0.0192677 0.80214 
2.7 0.35 -0.0660087 0.791821 
2.75 0.35 -0.110099 0.771071 
2.8 0.35 -0.14983 0.741723 
2.85 0.35 -0.183743 0.706055 
2.9 0.35 -0.210682 0.666383 
2.95 0.35 -0.229802 0.624756 
3 0.35 -0.240572 0.582826 
3.05 0.35 -0.242745 0.541857 
3.1 0.35 -0.236341 0.502816 
3.15 0.35 -0.221631 0.466505 
3.2 0.35 -0.199131 0.433675 
3.25 0.35 -0.169599 0.405089 
3.3 0.35 -0.134033 0.381543 
3.35 0.35 -0.0936574 0.363817 
3.4 0.35 -0.049896 0.35259 
3.45 0.35 -0.00432178 0.348339 
3.5 0.35 0.0414082 0.351257 
3.55 0.35 0.0856292 0.361211 
3.6 0.35 0.126747 0.377775 
3.65 0.35 0.163305 0.400298 
3.7 0.35 0.194038 0.428013 
3.75 0.35 0.217903 0.460123 
3.8 0.35 0.234097 0.495856 
3.85 0.35 0.242059 0.534462 
3.9 0.35 0.241472 0.575155 
3.95 0.35 0.232269 0.617004 
4 0.35 0.214646 0.658809 
4.05 0.35 0.189084 0.698989 
4.1 0.35 0.15637 0.735561 
4.15 0.35 0.117605 0.76624 
4.2 0.35 0.0741992 0.788712 
4.25 0.35 0.0278236 0.801032 
4.3 0.35 -0.0196707 0.80204 
4.35 0.35 -0.066361 0.791642 
4.4 0.35 -0.110375 0.770827 
4.45 0.35 -0.150005 0.741433 
4.5 0.35 -0.183793 0.70574 
4.55 0.35 -0.210581 0.666058 
4.6 0.35 -0.229529 0.624434 
4.65 0.35 -0.240109 0.582514 
4.7 0.35 -0.242078 0.541557 
4.75 0.35 -0.23546 0.502532 
4.8 0.35 -0.22053 0.466242 
4.85 0.35 -0.197804 0.433441 
4.9 0.35 -0.168037 0.404903 
4.95 0.35 -0.132214 0.381438 
5 0.35 -0.0915438 0.363855 
0 0.4 -0.146123 0.348096 
0.05 0.4 -0.101331 0.328617 
0.1 0.4 -0.0527506 0.316256 
0.15 0.4 -0.00216179 0.311691 
0.2 0.4 0.0485551 0.315187 
0.25 0.4 0.0975148 0.326546 
0.3 0.4 0.142922 0.345153 
0.35 0.4 0.183151 0.370104 
0.4 0.4 0.216804 0.400359 
0.45 0.4 0.242746 0.434882 
0.5 0.4 0.260118 0.472724 
0.55 0.4 0.26834 0.513029 
0.6 0.4 0.267105 0.554965 
0.65 0.4 0.256385 0.597602 
0.7 0.4 0.236439 0.639772 
0.75 0.4 0.207834 0.679957 
0.8 0.4 0.171461 0.716258 
0.85 0.4 0.128547 0.746497 
0.9 0.4 0.0806396 0.768485 
0.95 0.4 0.0295548 0.780396 
1 0.4 -0.0227053 0.781154 
1.05 0.4 -0.0740673 0.770689 
1.1 0.4 -0.122513 0.749952 
1.15 0.4 -0.166193 0.720688 
1.2 0.4 -0.203522 0.685064 
1.25 0.4 -0.233226 0.645274 
1.3 0.4 -0.254368 0.603263 
1.35 0.4 -0.266338 0.560601 
1.4 0.4 -0.268836 0.518496 
1.45 0.4 -0.261849 0.477899 
1.5 0.4 -0.245648 0.439645 
1.55 0.4 -0.220774 0.404582 
1.6 0.4 -0.188048 0.373641 
1.65 0.4 -0.148568 0.347848 
1.7 0.4 -0.103694 0.328246 
1.75 0.4 -0.0550224 0.315766 
1.8 0.4 -0.00432246 0.311068 
1.85 0.4 0.0465358 0.314417 
1.9 0.4 0.0956749 0.325624 
1.95 0.4 0.141301 0.344089 
2 0.4 0.181785 0.368917 
2.05 0.4 0.215722 0.399072 
2.1 0.4 0.241969 0.433521 
2.15 0.4 0.259657 0.471312 
2.2 0.4 0.268196 0.511587 
2.25 0.4 0.267272 0.553516 
2.3 0.4 0.256849 0.596173 
2.35 0.4 0.237178 0.638401 
2.4 0.4 0.208816 0.67869 
2.45 0.4 0.17265 0.71515 
2.5 0.4 0.129898 0.74561 
2.55 0.4 0.0821004 0.767871 
2.6 0.4 0.0310708 0.78009 
2.65 0.4 -0.02119 0.781167 
2.7 0.4 -0.0726059 0.770998 
2.75 0.4 -0.121152 0.750512 
2.8 0.4 -0.164972 0.721438 
2.85 0.4 -0.202469 0.685936 
2.9 0.4 -0.232359 0.646209 
2.95 0.4 -0.253694 0.604214 
3 0.4 -0.265857 0.561533 
3.05 0.4 -0.268538 0.519385 
3.1 0.4 -0.261723 0.47873 
3.15 0.4 -0.245674 0.44041 
3.2 0.4 -0.220934 0.405273 
3.25 0.4 -0.188319 0.374253 
3.3 0.4 -0.148926 0.348377 
3.35 0.4 -0.104117 0.328689 
3.4 0.4 -0.0554876 0.316124 
3.45 0.4 -0.00480945 0.311347 
3.5 0.4 0.0460448 0.314625 
3.55 0.4 0.0951937 0.325774 
3.6 0.4 0.140839 0.344198 
3.65 0.4 0.181348 0.369002 
3.7 0.4 0.21531 0.399149 
3.75 0.4 0.241578 0.433603 
3.8 0.4 0.25928 0.47141 
3.85 0.4 0.267824 0.511708 
3.9 0.4 0.266895 0.553661 
3.95 0.4 0.256457 0.596339 
4 0.4 0.236764 0.638579 
4.05 0.4 0.208377 0.678865 
4.1 0.4 0.172185 0.715304 
4.15 0.4 0.129413 0.745719 
4.2 0.4 0.0816074 0.767914 
4.25 0.4 0.0305868 0.780053 
4.3 0.4 -0.0216426 0.78104 
4.35 0.4 -0.0730008 0.770785 
4.4 0.4 -0.12146 0.750222 
4.45 0.4 -0.165161 0.721086 
4.5 0.4 -0.202506 0.685539 
4.55 0.4 -0.232211 0.645779 
4.6 0.4 -0.253329 0.603758 
4.65 0.4 -0.265241 0.561055 
4.7 0.4 -0.267643 0.518888 
4.75 0.4 -0.260522 0.478221 
4.8 0.4 -0.244145 0.439902 
4.85 0.4 -0.219058 0.404793 
4.9 0.4 -0.186086 0.373843 
4.95 0.4 -0.146335 0.348096 
5 0.4 -0.101184 0.328617 
0 0.45 -0.155066 0.32341 
0.05 0.45 -0.107427 0.301962 
0.1 0.45 -0.0557404 0.288279 
0.15 0.45 -0.00190107 0.283243 
0.2 0.45 0.0520707 0.287197 
0.25 0.45 0.104142 0.299872 
0.3 0.45 0.152375 0.32045 
0.35 0.45 0.195023 0.347733 
0.4 0.45 0.230596 0.380368 
0.45 0.45 0.257898 0.417041 
0.5 0.45 0.276039 0.456592 
0.55 0.45 0.284435 0.498036 
0.6 0.45 0.282801 0.540488 
0.65 0.45 0.271148 0.583036 
0.7 0.45 0.24979 0.624585 
0.75 0.45 0.219358 0.663746 
0.8 0.45 0.180818 0.6988 
0.85 0.45 0.135472 0.727789 
0.9 0.45 0.0849429 0.748756 
0.95 0.45 0.0311233 0.760076 
1 0.45 -0.0239123 0.760796 
1.05 0.45 -0.0780186 0.750853 
1.1 0.45 -0.129104 0.73109 
1.15 0.45 -0.175246 0.70306 
1.2 0.45 -0.21478 0.668695 
1.25 0.45 -0.246358 0.629969 
1.3 0.45 -0.268968 0.588639 
1.35 0.45 -0.281931 0.54614 
1.4 0.45 -0.28489 0.503596 
1.45 0.45 -0.277791 0.461936 
1.5 0.45 -0.260878 0.422038 
1.55 0.45 -0.23469 0.384867 
1.6 0.45 -0.200075 0.351557 
1.65 0.45 -0.158183 0.323408 
1.7 0.45 -0.110466 0.301777 
1.75 0.45 -0.058637 0.287896 
1.8 0.45 -0.00460889 0.282648 
1.85 0.45 0.049591 0.286388 
1.9 0.45 0.101927 0.298863 
1.95 0.45 0.150458 0.319269 
2 0.45 0.193433 0.346419 
2.05 0.45 0.229352 0.378961 
2.1 0.45 0.257011 0.415576 
2.15 0.45 0.275511 0.455099 
2.2 0.45 0.284262 0.496538 
2.25 0.45 0.282969 0.539008 
2.3 0.45 0.271636 0.581598 
2.35 0.45 0.250571 0.623222 
2.4 0.45 0.220398 0.6625 
2.45 0.45 0.182074 0.697718 
2.5 0.45 0.136897 0.726924 
2.55 0.45 0.0864822 0.748154 
2.6 0.45 0.0327195 0.759768 
2.65 0.45 -0.0223171 0.760789 
2.7 0.45 -0.0764795 0.751126 
2.75 0.45 -0.12767 0.731602 
2.8 0.45 -0.173956 0.703754 
2.85 0.45 -0.213665 0.669512 
2.9 0.45 -0.245437 0.630852 
2.95 0.45 -0.268248 0.589546 
3 0.45 -0.281413 0.547037 
3.05 0.45 -0.284566 0.504461 
3.1 0.45 -0.277649 0.462754 
3.15 0.45 -0.260899 0.422797 
3.2 0.45 -0.234854 0.385559 
3.25 0.45 -0.200358 0.352173 
3.3 0.45 -0.158561 0.32394 
3.35 0.45 -0.110915 0.302219 
3.4 0.45 -0.0591323 0.288246 
3.45 0.45 -0.00512872 0.282909 
3.5 0.45 0.0490658 0.286569 
3.55 0.45 0.101411 0.298979 
3.6 0.45 0.149963 0.319338 
3.65 0.45 0.192964 0.34646 
3.7 0.45 0.228909 0.378993 
3.75 0.45 0.25659 0.415614 
3.8 0.45 0.275106 0.455154 
3.85 0.45 0.283862 0.496617 
3.9 0.45 0.282563 0.539113 
3.95 0.45 0.271215 0.581725 
4 0.45 0.250127 0.623363 
4.05 0.45 0.219925 0.662638 
4.1 0.45 0.181574 0.697836 
4.15 0.45 0.136375 0.727 
4.2 0.45 0.0859514 0.748167 
4.25 0.45 0.0321978 0.7597 
4.3 0.45 -0.0228057 0.760629 
4.35 0.45 -0.0769057 0.750874 
4.4 0.45 -0.128 0.731262 
4.45 0.45 -0.174154 0.703336 
4.5 0.45 -0.213691 0.669025 
4.55 0.45 -0.245248 0.630303 
4.6 0.45 -0.267802 0.588937 
4.65 0.45 -0.280664 0.546368 
4.7 0.45 -0.28347 0.503735 
4.75 0.45 -0.276164 0.46198 
4.8 0.45 -0.258988 0.421998 
4.85 0.45 -0.232492 0.384776 
4.9 0.45 -0.197534 0.351473 
4.95 0.45 -0.155294 0.32341 
5 0.45 -0.107268 0.301962 
0 0.5 -0.158393 0.303658 
0.05 0.5 -0.109653 0.280277 
0.1 0.5 -0.0567373 0.265288 
0.15 0.5 -0.00159603 0.259791 
0.2 0.5 0.0536756 0.264212 
0.25 0.5 0.106964 0.278205 
0.3 0.5 0.156258 0.300731 
0.35 0.5 0.199752 0.330284 
0.4 0.5 0.235918 0.365183 
0.45 0.5 0.263546 0.403817 
0.5 0.5 0.281752 0.444803 
0.55 0.5 0.289977 0.487014 
0.6 0.5 0.287971 0.529507 
0.65 0.5 0.275789 0.571386 
0.7 0.5 0.25379 0.611647 
0.75 0.5 0.222653 0.649069 
0.8 0.5 0.183378 0.682166 
0.85 0.5 0.137297 0.709275 
0.9 0.5 0.086046 0.728742 
0.95 0.5 0.0315188 0.739206 
1 0.5 -0.0242177 0.739871 
1.05 0.5 -0.0790299 0.730684 
1.1 0.5 -0.130835 0.712349 
1.15 0.5 -0.17771 0.686166 
1.2 0.5 -0.217979 0.653764 
1.25 0.5 -0.250266 0.61682 
1.3 0.5 -0.273521 0.576847 
1.35 0.5 -0.287024 0.535103 
1.4 0.5 -0.290368 0.492612 
1.45 0.5 -0.283454 0.450274 
1.5 0.5 -0.266487 0.409017 
1.55 0.5 -0.239981 0.369939 
1.6 0.5 -0.204769 0.334389 
1.65 0.5 -0.162017 0.303955 
1.7 0.5 -0.113209 0.280327 
1.75 0.5 -0.0601155 0.265056 
1.8 0.5 -0.00472736 0.259259 
1.85 0.5 0.0508402 0.26339 
1.9 0.5 0.104462 0.277125 
1.95 0.5 0.154119 0.299445 
2 0.5 0.197996 0.328852 
2.05 0.5 0.234556 0.363662 
2.1 0.5 0.262581 0.402256 
2.15 0.5 0.281178 0.443239 
2.2 0.5 0.289781 0.485475 
2.25 0.5 0.288133 0.528014 
2.3 0.5 0.276283 0.56996 
2.35 0.5 0.254586 0.610316 
2.4 0.5 0.223711 0.647866 
2.45 0.5 0.184655 0.681132 
2.5 0.5 0.138743 0.708451 
2.55 0.5 0.0876054 0.728166 
2.6 0.5 0.0331343 0.738902 
2.65 0.5 -0.0226038 0.739842 
2.7 0.5 -0.0774723 0.730913 
2.75 0.5 -0.129382 0.712798 
2.8 0.5 -0.176402 0.686787 
2.85 0.5 -0.216845 0.654505 
2.9 0.5 -0.249326 0.617633 
2.95 0.5 -0.272785 0.577693 
3 0.5 -0.286492 0.535951 
3.05 0.5 -0.290033 0.49344 
3.1 0.5 -0.283303 0.451067 
3.15 0.5 -0.266503 0.409763 
3.2 0.5 -0.240143 0.370625 
3.25 0.5 -0.205055 0.335004 
3.3 0.5 -0.162402 0.304486 
3.35 0.5 -0.113668 0.280765 
3.4 0.5 -0.0606231 0.265395 
3.45 0.5 -0.00526115 0.259501 
3.5 0.5 0.0503003 0.263542 
3.55 0.5 0.103932 0.277204 
3.6 0.5 0.153609 0.29947 
3.65 0.5 0.197513 0.328846 
3.7 0.5 0.234101 0.363645 
3.75 0.5 0.262149 0.402245 
3.8 0.5 0.280762 0.443247 
3.85 0.5 0.28937 0.485507 
3.9 0.5 0.287716 0.528072 
3.95 0.5 0.27585 0.570041 
4 0.5 0.254129 0.61041 
4.05 0.5 0.223224 0.647959 
4.1 0.5 0.184139 0.681206 
4.15 0.5 0.138204 0.708485 
4.2 0.5 0.0870555 0.728139 
4.25 0.5 0.0325923 0.738796 
4.3 0.5 -0.0231128 0.739645 
4.35 0.5 -0.0779176 0.730617 
4.4 0.5 -0.129728 0.712405 
4.45 0.5 -0.176607 0.686297 
4.5 0.5 -0.216864 0.653921 
4.55 0.5 -0.24911 0.616954 
4.6 0.5 -0.272282 0.576916 
4.65 0.5 -0.285646 0.535073 
4.7 0.5 -0.288788 0.492461 
4.75 0.5 -0.281606 0.449999 
4.8 0.5 -0.264307 0.408637 
4.85 0.5 -0.237415 0.369499 
4.9 0.5 -0.201787 0.333967 
4.95 0.5 -0.158629 0.303658 
5 0.5 -0.10949 0.280277 
0 0.55 -0.155896 0.285773 
0.05 0.55 -0.107874 0.260722 
0.1 0.55 -0.0556894 0.244601 
0.15 0.55 -0.00128614 0.238711 
0.2 0.55 0.0532401 0.243555 
0.25 0.55 0.105771 0.258711 
0.3 0.55 0.154296 0.282937 
0.35 0.55 0.197018 0.314443 
0.4 0.55 0.232429 0.351245 
0.45 0.55 0.259351 0.391462 
0.5 0.55 0.276942 0.433504 
0.55 0.55 0.284688 0.476107 
0.6 0.55 0.282386 0.518267 
0.65 0.55 0.270132 0.5591 
0.7 0.55 0.248319 0.597694 
0.75 0.55 0.217641 0.633002 
0.8 0.55 0.179101 0.663796 
0.85 0.55 0.134005 0.688727 
0.9 0.55 0.083943 0.706476 
0.95 0.55 0.0307403 0.715966 
1 0.55 -0.0236206 0.716568 
1.05 0.55 -0.0770964 0.708242 
1.1 0.55 -0.127689 0.691541 
1.15 0.55 -0.173548 0.667492 
1.2 0.55 -0.213045 0.637396 
1.25 0.55 -0.244833 0.602606 
1.3 0.55 -0.267864 0.564369 
1.35 0.55 -0.2814 0.523757 
1.4 0.55 -0.285003 0.481691 
1.45 0.55 -0.278534 0.43905 
1.5 0.55 -0.262149 0.396813 
1.55 0.55 -0.236316 0.356206 
1.6 0.55 -0.201827 0.31878 
1.65 0.55 -0.159811 0.286388 
1.7 0.55 -0.111733 0.261026 
1.75 0.55 -0.0593541 0.244536 
1.8 0.55 -0.0046694 0.238258 
1.85 0.55 0.0501958 0.242732 
1.9 0.55 0.103105 0.257571 
1.95 0.55 0.152035 0.281556 
2 0.55 0.195175 0.312903 
2.05 0.55 0.23101 0.349622 
2.1 0.55 0.258351 0.389818 
2.15 0.55 0.276348 0.431883 
2.2 0.55 0.28448 0.474539 
2.25 0.55 0.28254 0.516774 
2.3 0.55 0.270617 0.557699 
2.35 0.55 0.249101 0.596408 
2.4 0.55 0.21868 0.631856 
2.45 0.55 0.180351 0.662821 
2.5 0.55 0.135417 0.687954 
2.55 0.55 0.0854643 0.705933 
2.6 0.55 0.0323144 0.715668 
2.65 0.55 -0.022049 0.716518 
2.7 0.55 -0.0755795 0.708423 
2.75 0.55 -0.126274 0.691922 
2.8 0.55 -0.172272 0.668034 
2.85 0.55 -0.211938 0.638054 
2.9 0.55 -0.243912 0.60334 
2.95 0.55 -0.26714 0.565146 
3 0.55 -0.280875 0.524548 
3.05 0.55 -0.284671 0.482477 
3.1 0.55 -0.278382 0.439813 
3.15 0.55 -0.262162 0.39754 
3.2 0.55 -0.236473 0.356882 
3.25 0.55 -0.202106 0.319389 
3.3 0.55 -0.160189 0.286915 
3.35 0.55 -0.112185 0.261457 
3.4 0.55 -0.0598555 0.244862 
3.45 0.55 -0.00519723 0.238478 
3.5 0.55 0.0496616 0.242854 
3.55 0.55 0.102581 0.257613 
3.6 0.55 0.151531 0.281539 
3.65 0.55 0.194699 0.312852 
3.7 0.55 0.230561 0.349558 
3.75 0.55 0.257925 0.389759 
3.8 0.55 0.275937 0.431842 
3.85 0.55 0.284075 0.474524 
3.9 0.55 0.282129 0.516784 
3.95 0.55 0.27019 0.557731 
4 0.55 0.248648 0.596452 
4.05 0.55 0.218198 0.631899 
4.1 0.55 0.179839 0.662846 
4.15 0.55 0.134881 0.687941 
4.2 0.55 0.0849154 0.705861 
4.25 0.55 0.0317713 0.71552 
4.3 0.55 -0.0225615 0.716278 
4.35 0.55 -0.0760302 0.70808 
4.4 0.55 -0.126626 0.69147 
4.45 0.55 -0.172482 0.667468 
4.5 0.55 -0.211958 0.637368 
4.55 0.55 -0.243689 0.602527 
4.6 0.55 -0.266614 0.564196 
4.65 0.55 -0.279984 0.523455 
4.7 0.55 -0.283351 0.481238 
4.75 0.55 -0.276571 0.438443 
4.8 0.55 -0.259807 0.396078 
4.85 0.55 -0.233539 0.355401 
4.9 0.55 -0.198587 0.318003 
4.95 0.55 -0.156131 0.285773 
5 0.55 -0.107711 0.260722 
0 0.6 -0.147636 0.267402 
0.05 0.6 -0.10213 0.241242 
0.1 0.6 -0.0526306 0.224362 
0.15 0.6 -0.00100072 0.218218 
0.2 0.6 0.0507401 0.223369 
0.25 0.6 0.10055 0.239337 
0.3 0.6 0.146496 0.264719 
0.35 0.6 0.186859 0.297509 
0.4 0.6 0.220209 0.335494 
0.45 0.6 0.245445 0.376592 
0.5 0.6 0.261795 0.419053 
0.55 0.6 0.268809 0.461507 
0.6 0.6 0.266332 0.502898 
0.65 0.6 0.254495 0.542352 
0.7 0.6 0.233704 0.579039 
0.75 0.6 0.204642 0.612072 
0.8 0.6 0.168269 0.640465 
0.85 0.6 0.12582 0.66317 
0.9 0.6 0.0787808 0.679183 
0.95 0.6 0.0288427 0.687692 
1 0.6 -0.0221633 0.688232 
1.05 0.6 -0.0723532 0.68077 
1.1 0.6 -0.119883 0.665719 
1.15 0.6 -0.163037 0.643849 
1.2 0.6 -0.200297 0.616148 
1.25 0.6 -0.230391 0.583663 
1.3 0.6 -0.252317 0.547392 
1.35 0.6 -0.265351 0.508231 
1.4 0.6 -0.269046 0.467012 
1.45 0.6 -0.26323 0.424594 
1.5 0.6 -0.248011 0.382003 
1.55 0.6 -0.223795 0.340563 
1.6 0.6 -0.191304 0.301982 
1.65 0.6 -0.151593 0.268313 
1.7 0.6 -0.106048 0.241783 
1.75 0.6 -0.0563554 0.224457 
1.8 0.6 -0.00443495 0.217845 
1.85 0.6 0.04766 0.222556 
1.9 0.6 0.0978656 0.238155 
1.95 0.6 0.144231 0.263265 
2 0.6 0.185024 0.295887 
2.05 0.6 0.218804 0.333795 
2.1 0.6 0.244459 0.374889 
2.15 0.6 0.261211 0.417396 
2.2 0.6 0.268603 0.459929 
2.25 0.6 0.266475 0.50142 
2.3 0.6 0.254955 0.540989 
2.35 0.6 0.234445 0.577808 
2.4 0.6 0.205623 0.610991 
2.45 0.6 0.169448 0.639555 
2.5 0.6 0.127149 0.662453 
2.55 0.6 0.0802084 0.678675 
2.6 0.6 0.0303179 0.687405 
2.65 0.6 -0.0206916 0.688164 
2.7 0.6 -0.070933 0.680907 
2.75 0.6 -0.118557 0.666036 
2.8 0.6 -0.161841 0.644314 
2.85 0.6 -0.199257 0.616725 
2.9 0.6 -0.229526 0.58432 
2.95 0.6 -0.251636 0.548098 
3 0.6 -0.264856 0.508963 
3.05 0.6 -0.268732 0.46775 
3.1 0.6 -0.263085 0.425322 
3.15 0.6 -0.248022 0.382704 
3.2 0.6 -0.223943 0.341221 
3.25 0.6 -0.191569 0.302577 
3.3 0.6 -0.151952 0.268828 
3.35 0.6 -0.106478 0.242201 
3.4 0.6 -0.056832 0.224767 
3.45 0.6 -0.00493683 0.218044 
3.5 0.6 0.0471523 0.222652 
3.55 0.6 0.0973677 0.238164 
3.6 0.6 0.143754 0.263211 
3.65 0.6 0.184573 0.295795 
3.7 0.6 0.21838 0.33369 
3.75 0.6 0.244058 0.374788 
3.8 0.6 0.260825 0.417312 
3.85 0.6 0.268221 0.459869 
3.9 0.6 0.266087 0.501385 
3.95 0.6 0.254551 0.540974 
4 0.6 0.234016 0.577803 
4.05 0.6 0.205165 0.610984 
4.1 0.6 0.16896 0.63953 
4.15 0.6 0.126636 0.66239 
4.2 0.6 0.0796811 0.678557 
4.25 0.6 0.0297934 0.687212 
4.3 0.6 -0.0211896 0.687878 
4.35 0.6 -0.0713744 0.680515 
4.4 0.6 -0.118906 0.665525 
4.45 0.6 -0.162054 0.643673 
4.5 0.6 -0.199285 0.615941 
4.55 0.6 -0.229313 0.583379 
4.6 0.6 -0.251122 0.546987 
4.65 0.6 -0.263976 0.50767 
4.7 0.6 -0.267418 0.466272 
4.75 0.6 -0.261273 0.423676 
4.8 0.6 -0.245655 0.380936 
4.85 0.6 -0.220985 0.339419 
4.9 0.6 -0.188018 0.300875 
4.95 0.6 -0.147859 0.267402 
5 0.6 -0.101976 0.241242 
0 0.65 -0.133964 0.246821 
0.05 0.65 -0.0926632 0.220417 
0.1 0.65 -0.0476893 0.203354 
0.15 0.65 -0.000757374 0.197166 
0.2 0.65 0.0462698 0.202439 
0.25 0.65 0.0915083 0.218662 
0.3 0.65 0.133178 0.244348 
0.35 0.65 0.169707 0.277379 
0.4 0.65 0.199797 0.315427 
0.45 0.65 0.222463 0.35631 
0.5 0.65 0.23703 0.398199 
0.55 0.65 0.243117 0.439672 
0.6 0.65 0.240621 0.479646 
0.65 0.65 0.229692 0.517263 
0.7 0.65 0.210726 0.551762 
0.75 0.65 0.184362 0.582394 
0.8 0.65 0.151483 0.608375 
0.85 0.65 0.113203 0.628912 
0.9 0.65 0.0708513 0.643264 
0.95 0.65 0.0259337 0.650847 
1 0.65 -0.0199284 0.651327 
1.05 0.65 -0.0650688 0.644682 
1.1 0.65 -0.107855 0.631205 
1.15 0.65 -0.146761 0.611451 
1.2 0.65 -0.180429 0.586144 
1.25 0.65 -0.207712 0.556074 
1.3 0.65 -0.227692 0.522025 
1.35 0.65 -0.239694 0.48475 
1.4 0.65 -0.243284 0.445001 
1.45 0.65 -0.238273 0.403617 
1.5 0.65 -0.224725 0.361644 
1.55 0.65 -0.202977 0.320459 
1.6 0.65 -0.173657 0.281847 
1.65 0.65 -0.137709 0.247962 
1.7 0.65 -0.0963886 0.221146 
1.75 0.65 -0.0512404 0.203582 
1.8 0.65 -0.00403341 0.196869 
1.85 0.65 0.0433351 0.201652 
1.9 0.65 0.0889571 0.21747 
1.95 0.65 0.131034 0.242865 
2 0.65 0.167978 0.275722 
2.05 0.65 0.19848 0.313699 
2.1 0.65 0.221544 0.35459 
2.15 0.65 0.236488 0.396543 
2.2 0.65 0.242926 0.438114 
2.25 0.65 0.240752 0.478206 
2.3 0.65 0.230111 0.515954 
2.35 0.65 0.211399 0.550597 
2.4 0.65 0.185252 0.581383 
2.45 0.65 0.152548 0.607533 
2.5 0.65 0.1144 0.628251 
2.55 0.65 0.0721351 0.642795 
2.6 0.65 0.0272583 0.650574 
2.65 0.65 -0.0186084 0.651247 
2.7 0.65 -0.0637957 0.644782 
2.75 0.65 -0.106666 0.631466 
2.8 0.65 -0.145688 0.611847 
2.85 0.65 -0.179496 0.586646 
2.9 0.65 -0.206935 0.556656 
2.95 0.65 -0.22708 0.522663 
3 0.65 -0.239248 0.485421 
3.05 0.65 -0.243001 0.445687 
3.1 0.65 -0.238143 0.404301 
3.15 0.65 -0.224736 0.362309 
3.2 0.65 -0.203112 0.321088 
3.25 0.65 -0.173898 0.282418 
3.3 0.65 -0.138036 0.248456 
3.35 0.65 -0.0967797 0.221545 
3.4 0.65 -0.0516746 0.203872 
3.45 0.65 -0.00449031 0.197046 
3.5 0.65 0.0428734 0.201723 
3.55 0.65 0.0885051 0.217453 
3.6 0.65 0.130602 0.242782 
3.65 0.65 0.167571 0.2756 
3.7 0.65 0.198098 0.313562 
3.75 0.65 0.221183 0.354457 
3.8 0.65 0.236141 0.396425 
3.85 0.65 0.242584 0.438018 
3.9 0.65 0.240404 0.478133 
3.95 0.65 0.229748 0.515898 
4 0.65 0.211012 0.55055 
4.05 0.65 0.184837 0.581332 
4.1 0.65 0.152103 0.607463 
4.15 0.65 0.11393 0.628144 
4.2 0.65 0.0716499 0.642633 
4.25 0.65 0.0267726 0.650339 
4.3 0.65 -0.0190731 0.65092 
4.35 0.65 -0.0642117 0.644346 
4.4 0.65 -0.107 0.630903 
4.45 0.65 -0.145898 0.611142 
4.5 0.65 -0.179537 0.585781 
4.55 0.65 -0.206752 0.555612 
4.6 0.65 -0.226614 0.521423 
4.65 0.65 -0.238436 0.483972 
4.7 0.65 -0.241775 0.444026 
4.75 0.65 -0.236441 0.402447 
4.8 0.65 -0.222504 0.360314 
4.85 0.65 -0.200316 0.31905 
4.9 0.65 -0.170538 0.280485 
4.95 0.65 -0.134164 0.246821 
5 0.65 -0.0925246 0.220417 
0 0.7 -0.115562 0.222843 
0.05 0.7 -0.0799388 0.197315 
0.1 0.7 -0.0411049 0.180807 
0.15 0.7 -0.000561978 0.17484 
0.2 0.7 0.040057 0.179991 
0.25 0.7 0.079102 0.195748 
0.3 0.7 0.115018 0.220632 
0.35 0.7 0.146438 0.252541 
0.4 0.7 0.172247 0.289172 
0.45 0.7 0.191604 0.32837 
0.5 0.7 0.203949 0.368327 
0.55 0.7 0.20898 0.407638 
0.6 0.7 0.206635 0.445237 
0.65 0.7 0.197067 0.4803 
0.7 0.7 0.18064 0.512132 
0.75 0.7 0.15792 0.540093 
0.8 0.7 0.129672 0.563561 
0.85 0.7 0.0968533 0.581936 
0.9 0.7 0.0605968 0.594681 
0.95 0.7 0.022176 0.601383 
1 0.7 -0.017041 0.601807 
1.05 0.7 -0.0556498 0.595938 
1.1 0.7 -0.092273 0.58398 
1.15 0.7 -0.12562 0.566325 
1.2 0.7 -0.154536 0.543496 
1.25 0.7 -0.178037 0.516084 
1.3 0.7 -0.195326 0.48471 
1.35 0.7 -0.205809 0.450006 
1.4 0.7 -0.209089 0.412655 
1.45 0.7 -0.204979 0.373459 
1.5 0.7 -0.193507 0.333447 
1.55 0.7 -0.174935 0.293982 
1.6 0.7 -0.149787 0.256826 
1.65 0.7 -0.118861 0.224112 
1.7 0.7 -0.0832401 0.198157 
1.75 0.7 -0.0442656 0.181128 
1.8 0.7 -0.00348494 0.174612 
1.85 0.7 0.0374375 0.179254 
1.9 0.7 0.0768277 0.194593 
1.95 0.7 0.113112 0.21918 
2 0.7 0.144907 0.250917 
2.05 0.7 0.171085 0.287483 
2.1 0.7 0.190798 0.326697 
2.15 0.7 0.203477 0.366728 
2.2 0.7 0.208817 0.406146 
2.25 0.7 0.206751 0.443872 
2.3 0.7 0.197433 0.479073 
2.35 0.7 0.181223 0.511051 
2.4 0.7 0.158687 0.539166 
2.45 0.7 0.130587 0.562795 
2.5 0.7 0.0978792 0.581338 
2.55 0.7 0.0616948 0.594255 
2.6 0.7 0.0233068 0.60113 
2.65 0.7 -0.0159154 0.601722 
2.7 0.7 -0.0545651 0.59601 
2.75 0.7 -0.0912608 0.584193 
2.8 0.7 -0.124707 0.56666 
2.85 0.7 -0.153742 0.54393 
2.9 0.7 -0.177375 0.516595 
2.95 0.7 -0.194805 0.485277 
3 0.7 -0.20543 0.450611 
3.05 0.7 -0.208849 0.41328 
3.1 0.7 -0.20487 0.374088 
3.15 0.7 -0.193518 0.334063 
3.2 0.7 -0.175054 0.294566 
3.25 0.7 -0.149997 0.257358 
3.3 0.7 -0.119145 0.224571 
3.35 0.7 -0.0835792 0.198526 
3.4 0.7 -0.0446416 0.181392 
3.45 0.7 -0.00388006 0.174767 
3.5 0.7 0.037039 0.179306 
3.55 0.7 0.0764386 0.194558 
3.6 0.7 0.112741 0.219081 
3.65 0.7 0.144559 0.250778 
3.7 0.7 0.17076 0.287329 
3.75 0.7 0.190491 0.326545 
3.8 0.7 0.203183 0.366589 
3.85 0.7 0.208527 0.406027 
3.9 0.7 0.206456 0.443773 
3.95 0.7 0.197123 0.478988 
4 0.7 0.180893 0.510972 
4.05 0.7 0.15833 0.539081 
4.1 0.7 0.130203 0.56269 
4.15 0.7 0.0974715 0.581197 
4.2 0.7 0.0612706 0.594061 
4.25 0.7 0.022879 0.600864 
4.3 0.7 -0.0163284 0.601366 
4.35 0.7 -0.0549392 0.595545 
4.4 0.7 -0.0915664 0.5836 
4.45 0.7 -0.124908 0.565918 
4.5 0.7 -0.153796 0.54302 
4.55 0.7 -0.177234 0.515497 
4.6 0.7 -0.194415 0.48397 
4.65 0.7 -0.204732 0.449082 
4.7 0.7 -0.207783 0.411529 
4.75 0.7 -0.203378 0.372136 
4.8 0.7 -0.191553 0.331966 
4.85 0.7 -0.172586 0.292425 
4.9 0.7 -0.14703 0.255325 
4.95 0.7 -0.115727 0.222843 
5 0.7 -0.079824 0.197315 
0 0.75 -0.0934993 0.194773 
0.05 0.75 -0.0646879 0.17138 
0.1 0.75 -0.0332466 0.156254 
0.15 0.75 -0.000410236 0.150802 
0.2 0.75 0.0324805 0.155555 
0.25 0.75 0.0640726 0.170034 
0.3 0.75 0.0930944 0.192866 
0.35 0.75 0.118435 0.222105 
0.4 0.75 0.139192 0.255618 
0.45 0.75 0.1547 0.291406 
0.5 0.75 0.164521 0.327793 
0.55 0.75 0.16843 0.363467 
0.6 0.75 0.166395 0.397435 
0.65 0.75 0.158562 0.428935 
0.7 0.75 0.145237 0.457344 
0.75 0.75 0.126887 0.48212 
0.8 0.75 0.104132 0.502764 
0.85 0.75 0.0777441 0.518821 
0.9 0.75 0.0486265 0.529898 
0.95 0.75 0.0177925 0.535702 
1 0.75 -0.0136725 0.536069 
1.05 0.75 -0.0446556 0.530989 
1.1 0.75 -0.0740644 0.520602 
1.15 0.75 -0.100873 0.505187 
1.2 0.75 -0.124159 0.485123 
1.25 0.75 -0.143132 0.460856 
1.3 0.75 -0.157146 0.432878 
1.35 0.75 -0.165712 0.401723 
1.4 0.75 -0.168495 0.367999 
1.45 0.75 -0.165326 0.332444 
1.5 0.75 -0.156208 0.296018 
1.55 0.75 -0.141333 0.259994 
1.6 0.75 -0.121107 0.22601 
1.65 0.75 -0.0961646 0.196044 
1.7 0.75 -0.0673788 0.172244 
1.75 0.75 -0.0358423 0.156617 
1.8 0.75 -0.00282201 0.150635 
1.85 0.75 0.0303149 0.154896 
1.9 0.75 0.062193 0.168974 
1.95 0.75 0.0915223 0.191522 
2 0.75 0.117176 0.220598 
2.05 0.75 0.138243 0.254051 
2.1 0.75 0.154045 0.28986 
2.15 0.75 0.164141 0.326321 
2.2 0.75 0.168302 0.362101 
2.25 0.75 0.166495 0.396194 
2.3 0.75 0.158863 0.427827 
2.35 0.75 0.145712 0.456376 
2.4 0.75 0.127508 0.481296 
2.45 0.75 0.104871 0.502087 
2.5 0.75 0.0785694 0.518294 
2.55 0.75 0.0495076 0.529523 
2.6 0.75 0.0186982 0.535476 
2.65 0.75 -0.0127723 0.535987 
2.7 0.75 -0.043789 0.531041 
2.75 0.75 -0.0732564 0.520776 
2.8 0.75 -0.100144 0.505467 
2.85 0.75 -0.123526 0.485491 
2.9 0.75 -0.142605 0.461295 
2.95 0.75 -0.156731 0.433371 
3 0.75 -0.165411 0.402254 
3.05 0.75 -0.168305 0.368551 
3.1 0.75 -0.165242 0.333002 
3.15 0.75 -0.156221 0.296567 
3.2 0.75 -0.141432 0.260515 
3.25 0.75 -0.121279 0.226485 
3.3 0.75 -0.0963962 0.196454 
3.35 0.75 -0.0676549 0.172572 
3.4 0.75 -0.0361477 0.156849 
3.45 0.75 -0.0031422 0.150766 
3.5 0.75 0.0299928 0.154933 
3.55 0.75 0.0618795 0.16893 
3.6 0.75 0.0912246 0.191419 
3.65 0.75 0.116898 0.220458 
3.7 0.75 0.137984 0.253896 
3.75 0.75 0.153802 0.289705 
3.8 0.75 0.163909 0.326177 
3.85 0.75 0.168073 0.361973 
3.9 0.75 0.166262 0.396082 
3.95 0.75 0.158618 0.427726 
4 0.75 0.145449 0.456279 
4.05 0.75 0.127222 0.481191 
4.1 0.75 0.104561 0.501963 
4.15 0.75 0.0782379 0.518135 
4.2 0.75 0.0491601 0.529313 
4.25 0.75 0.018345 0.535199 
4.3 0.75 -0.0131168 0.535624 
4.35 0.75 -0.0441053 0.530574 
4.4 0.75 -0.0735202 0.520186 
4.45 0.75 -0.100326 0.504733 
4.5 0.75 -0.12359 0.484593 
4.55 0.75 -0.142511 0.460212 
4.6 0.75 -0.156434 0.432084 
4.65 0.75 -0.16486 0.400751 
4.7 0.75 -0.16745 0.366834 
4.75 0.75 -0.164035 0.331094 
4.8 0.75 -0.154623 0.294524 
4.85 0.75 -0.139422 0.258435 
4.9 0.75 -0.118863 0.224513 
4.95 0.75 -0.0936179 0.194773 
5 0.75 -0.0646055 0.17138 
0 0.8 -0.0692863 0.162394 
0.05 0.8 -0.0479449 0.142371 
0.1 0.8 -0.0246361 0.129435 
0.15 0.8 -0.0002909 0.124784 
0.2 0.8 0.0240856 0.128867 
0.25 0.8 0.0474805 0.141272 
0.3 0.8 0.0689439 0.160825 
0.35 0.8 0.0876495 0.185859 
0.4 0.8 0.102934 0.214546 
0.45 0.8 0.11431 0.245167 
0.5 0.8 0.121468 0.276273 
0.55 0.8 0.124255 0.306726 
0.6 0.8 0.122662 0.335657 
0.65 0.8 0.116806 0.362404 
0.7 0.8 0.106923 0.386435 
0.75 0.8 0.0933634 0.407304 
0.8 0.8 0.0765867 0.424615 
0.85 0.8 0.0571594 0.438023 
0.9 0.8 0.0357431 0.447242 
0.95 0.8 0.0130769 0.452061 
1 0.8 -0.0100487 0.452366 
1.05 0.8 -0.0328235 0.448149 
1.1 0.8 -0.0544523 0.439508 
1.15 0.8 -0.0741865 0.426642 
1.2 0.8 -0.0913517 0.409826 
1.25 0.8 -0.105367 0.389398 
1.3 0.8 -0.115754 0.365742 
1.35 0.8 -0.122147 0.339299 
1.4 0.8 -0.124291 0.310582 
1.45 0.8 -0.122049 0.280237 
1.5 0.8 -0.115409 0.2491 
1.55 0.8 -0.1045 0.218279 
1.6 0.8 -0.0896094 0.189191 
1.65 0.8 -0.0711981 0.163539 
1.7 0.8 -0.0499097 0.143165 
1.75 0.8 -0.0265577 0.129789 
1.8 0.8 -0.00209099 0.124669 
1.85 0.8 0.0224634 0.128316 
1.9 0.8 0.0460721 0.140365 
1.95 0.8 0.0677681 0.159667 
2 0.8 0.0867118 0.184557 
2.05 0.8 0.102229 0.213192 
2.1 0.8 0.113828 0.243831 
2.15 0.8 0.121192 0.275004 
2.2 0.8 0.124167 0.305551 
2.25 0.8 0.122742 0.334594 
2.3 0.8 0.117034 0.361459 
2.35 0.8 0.107279 0.385614 
2.4 0.8 0.093825 0.406608 
2.45 0.8 0.0771328 0.424046 
2.5 0.8 0.0577676 0.437581 
2.55 0.8 0.0363908 0.446927 
2.6 0.8 0.0137414 0.45187 
2.65 0.8 -0.00938931 0.452293 
2.7 0.8 -0.0321897 0.448186 
2.75 0.8 -0.053862 0.439647 
2.8 0.8 -0.0736549 0.426869 
2.85 0.8 -0.0908904 0.410128 
2.9 0.8 -0.104983 0.38976 
2.95 0.8 -0.115453 0.366152 
3 0.8 -0.12193 0.339741 
3.05 0.8 -0.124156 0.311045 
3.1 0.8 -0.121991 0.280706 
3.15 0.8 -0.115422 0.249562 
3.2 0.8 -0.104577 0.218718 
3.25 0.8 -0.0897394 0.189592 
3.3 0.8 -0.0713716 0.163884 
3.35 0.8 -0.0501157 0.14344 
3.4 0.8 -0.0267848 0.129982 
3.45 0.8 -0.00232837 0.124776 
3.5 0.8 0.0222255 0.128342 
3.55 0.8 0.0458414 0.140322 
3.6 0.8 0.0675502 0.159572 
3.65 0.8 0.0865092 0.18443 
3.7 0.8 0.102042 0.21305 
3.75 0.8 0.113653 0.243689 
3.8 0.8 0.121026 0.27487 
3.85 0.8 0.124003 0.30543 
3.9 0.8 0.122575 0.334484 
3.95 0.8 0.116857 0.361358 
4 0.8 0.107087 0.385514 
4.05 0.8 0.093616 0.4065 
4.1 0.8 0.0769047 0.423919 
4.15 0.8 0.0575215 0.437424 
4.2 0.8 0.0361307 0.446724 
4.25 0.8 0.0134745 0.451607 
4.3 0.8 -0.00965242 0.451955 
4.35 0.8 -0.0324348 0.447755 
4.4 0.8 -0.054071 0.439105 
4.45 0.8 -0.0738055 0.426199 
4.5 0.8 -0.090956 0.40931 
4.55 0.8 -0.104933 0.388776 
4.6 0.8 -0.115252 0.364985 
4.65 0.8 -0.12154 0.338384 
4.7 0.8 -0.123538 0.3095 
4.75 0.8 -0.121109 0.278996 
4.8 0.8 -0.114249 0.247739 
4.85 0.8 -0.103098 0.216871 
4.9 0.8 -0.0879675 0.187846 
4.95 0.8 -0.0693457 0.162394 
5 0.8 -0.0479033 0.142371 
0 0.85 -0.0449343 0.125945 
0.05 0.85 -0.0310903 0.110322 
0.1 0.85 -0.015972 0.100245 
0.15 0.85 -0.000190869 0.096629 
0.2 0.85 0.0155997 0.0998172 
0.25 0.85 0.0307402 0.10949 
0.3 0.85 0.044612 0.12474 
0.35 0.85 0.056679 0.144281 
0.4 0.85 0.0665142 0.166692 
0.45 0.85 0.0738095 0.190631 
0.5 0.85 0.0783719 0.214957 
0.55 0.85 0.0801122 0.238767 
0.6 0.85 0.0790324 0.26137 
0.65 0.85 0.0752149 0.282236 
0.7 0.85 0.0688162 0.300947 
0.75 0.85 0.0600637 0.317156 
0.8 0.85 0.0492542 0.330568 
0.85 0.85 0.036751 0.340932 
0.9 0.85 0.0229775 0.348044 
0.95 0.85 0.00840586 0.351757 
1 0.85 -0.00645907 0.351992 
1.05 0.85 -0.0211002 0.348743 
1.1 0.85 -0.0350096 0.342079 
1.15 0.85 -0.0477092 0.332138 
1.2 0.85 -0.0587675 0.319113 
1.25 0.85 -0.0678116 0.30325 
1.3 0.85 -0.0745342 0.284837 
1.35 0.85 -0.0786966 0.26421 
1.4 0.85 -0.0801307 0.241778 
1.45 0.85 -0.0787415 0.218051 
1.5 0.85 -0.0745134 0.1937 
1.55 0.85 -0.0675206 0.169603 
1.6 0.85 -0.05794 0.146878 
1.65 0.85 -0.046064 0.126855 
1.7 0.85 -0.0323065 0.110968 
1.75 0.85 -0.0171961 0.100545 
1.8 0.85 -0.00135383 0.0965575 
1.85 0.85 0.0145461 0.099398 
1.9 0.85 0.029825 0.108786 
1.95 0.85 0.0438498 0.123835 
2 0.85 0.0560737 0.143259 
2.05 0.85 0.0660625 0.165627 
2.1 0.85 0.0735032 0.189579 
2.15 0.85 0.0781997 0.213958 
2.2 0.85 0.0800615 0.237844 
2.25 0.85 0.0790898 0.260535 
2.3 0.85 0.0753669 0.281497 
2.35 0.85 0.0690491 0.300306 
2.4 0.85 0.0603638 0.316614 
2.45 0.85 0.0496075 0.330127 
2.5 0.85 0.0371431 0.34059 
2.55 0.85 0.0233939 0.347799 
2.6 0.85 0.00883219 0.351607 
2.65 0.85 -0.00603682 0.351933 
2.7 0.85 -0.020695 0.348769 
2.75 0.85 -0.0346329 0.342183 
2.8 0.85 -0.0473706 0.332309 
2.85 0.85 -0.0584742 0.319343 
2.9 0.85 -0.0675686 0.303527 
2.95 0.85 -0.0743442 0.285151 
3 0.85 -0.0785602 0.264552 
3.05 0.85 -0.0800467 0.242136 
3.1 0.85 -0.0787071 0.218415 
3.15 0.85 -0.0745246 0.194059 
3.2 0.85 -0.0675722 0.169944 
3.25 0.85 -0.0580261 0.147189 
3.3 0.85 -0.0461779 0.127123 
3.35 0.85 -0.032441 0.111181 
3.4 0.85 -0.0173438 0.100694 
3.45 0.85 -0.00150757 0.0966394 
3.5 0.85 0.0143927 0.0994163 
3.55 0.85 0.0296771 0.10875 
3.6 0.85 0.0437108 0.123758 
3.65 0.85 0.0559454 0.143157 
3.7 0.85 0.0659446 0.165513 
3.75 0.85 0.073394 0.189464 
3.8 0.85 0.0780962 0.213848 
3.85 0.85 0.0799598 0.237743 
3.9 0.85 0.0789857 0.260443 
3.95 0.85 0.0752563 0.281409 
4 0.85 0.0689287 0.300218 
4.05 0.85 0.0602311 0.31652 
4.1 0.85 0.0494613 0.330016 
4.15 0.85 0.0369839 0.340454 
4.2 0.85 0.0232241 0.347626 
4.25 0.85 0.00865622 0.351386 
4.3 0.85 -0.00621233 0.351651 
4.35 0.85 -0.020861 0.348412 
4.4 0.85 -0.0347777 0.341736 
4.45 0.85 -0.0474797 0.331759 
4.5 0.85 -0.0585303 0.318673 
4.55 0.85 -0.0675513 0.302723 
4.6 0.85 -0.0742301 0.284201 
4.65 0.85 -0.0783241 0.26345 
4.7 0.85 -0.0796625 0.240886 
4.75 0.85 -0.0781512 0.217038 
4.8 0.85 -0.0737798 0.192599 
4.85 0.85 -0.066634 0.168474 
4.9 0.85 -0.0569098 0.145806 
4.95 0.85 -0.0449224 0.125945 
5 0.85 -0.0310981 0.110322 
0 0.9 -0.0230258 0.0860643 
0.05 0.9 -0.0159003 0.0755079 
0.1 0.9 -0.00815926 0.0687182 
0.15 0.9 -0.000102231 0.0662877 
0.2 0.9 0.00794841 0.0684377 
0.25 0.9 0.0156588 0.0749569 
0.3 0.9 0.0227128 0.0852468 
0.35 0.9 0.0288368 0.0984523 
0.4 0.9 0.0338153 0.113624 
0.45 0.9 0.037495 0.129857 
0.5 0.9 0.0397826 0.146374 
0.55 0.9 0.0406378 0.162553 
0.6 0.9 0.0400658 0.177913 
0.65 0.9 0.0381111 0.192088 
0.7 0.9 0.0348547 0.204788 
0.75 0.9 0.0304122 0.215778 
0.8 0.9 0.0249333 0.224859 
0.85 0.9 0.0186011 0.231867 
0.9 0.9 0.0116287 0.236671 
0.95 0.9 0.00425401 0.239177 
1 0.9 -0.00326856 0.239335 
1.05 0.9 -0.0106784 0.237143 
1.1 0.9 -0.0177194 0.232642 
1.15 0.9 -0.0241509 0.22592 
1.2 0.9 -0.0297554 0.217103 
1.25 0.9 -0.0343452 0.20635 
1.3 0.9 -0.0377653 0.193854 
1.35 0.9 -0.0398944 0.179842 
1.4 0.9 -0.0406459 0.164597 
1.45 0.9 -0.0399688 0.148474 
1.5 0.9 -0.0378512 0.131938 
1.55 0.9 -0.0343258 0.115595 
1.6 0.9 -0.0294775 0.100208 
1.65 0.9 -0.0234514 0.0866754 
1.7 0.9 -0.0164562 0.0759568 
1.75 0.9 -0.00876237 0.0689343 
1.8 0.9 -0.000689769 0.0662496 
1.85 0.9 0.0074127 0.0681616 
1.9 0.9 0.0151938 0.0744854 
1.95 0.9 0.0223269 0.0846359 
2 0.9 0.0285322 0.0977597 
2.05 0.9 0.0335897 0.1129 
2.1 0.9 0.0373438 0.129141 
2.15 0.9 0.0396997 0.145693 
2.2 0.9 0.0406163 0.161923 
2.25 0.9 0.0400986 0.177344 
2.3 0.9 0.0381912 0.191585 
2.35 0.9 0.0349751 0.204352 
2.4 0.9 0.0305659 0.215409 
2.45 0.9 0.0251133 0.224559 
2.5 0.9 0.0188001 0.231634 
2.55 0.9 0.0118395 0.236504 
2.6 0.9 0.00446932 0.239075 
2.65 0.9 -0.00305575 0.239294 
2.7 0.9 -0.0104746 0.237159 
2.75 0.9 -0.0175304 0.23271 
2.8 0.9 -0.0239813 0.226034 
2.85 0.9 -0.029609 0.217257 
2.9 0.9 -0.0342244 0.206536 
2.95 0.9 -0.0376713 0.194065 
3 0.9 -0.0398275 0.180073 
3.05 0.9 -0.0406054 0.164839 
3.1 0.9 -0.0399533 0.14872 
3.15 0.9 -0.0378587 0.132181 
3.2 0.9 -0.0343536 0.115826 
3.25 0.9 -0.0295226 0.100418 
3.3 0.9 -0.0235104 0.0868562 
3.35 0.9 -0.0165254 0.0761003 
3.4 0.9 -0.00883798 0.0690348 
3.45 0.9 -0.000768106 0.066305 
3.5 0.9 0.00733494 0.0681742 
3.55 0.9 0.0151193 0.0744614 
3.6 0.9 0.0222574 0.0845841 
3.65 0.9 0.0284686 0.0976901 
3.7 0.9 0.0335318 0.112822 
3.75 0.9 0.0372907 0.129061 
3.8 0.9 0.0396496 0.145616 
3.85 0.9 0.0405673 0.161851 
3.9 0.9 0.0400483 0.177278 
3.95 0.9 0.0381374 0.191521 
4 0.9 0.034916 0.204288 
4.05 0.9 0.0305 0.21534 
4.1 0.9 0.02504 0.224478 
4.15 0.9 0.0187194 0.231535 
4.2 0.9 0.0117525 0.23638 
4.25 0.9 0.00437823 0.238916 
4.3 0.9 -0.00314774 0.239093 
4.35 0.9 -0.0105629 0.236906 
4.4 0.9 -0.0176093 0.232396 
4.45 0.9 -0.0240435 0.225648 
4.5 0.9 -0.0296455 0.216787 
4.55 0.9 -0.0342247 0.205974 
4.6 0.9 -0.0376234 0.193403 
4.65 0.9 -0.039718 0.179307 
4.7 0.9 -0.0404207 0.163973 
4.75 0.9 -0.0396809 0.147771 
4.8 0.9 -0.0374902 0.13118 
4.85 0.9 -0.0338897 0.114825 
4.9 0.9 -0.0289803 0.0994849 
4.95 0.9 -0.0229306 0.0860643 
5 0.9 -0.015966 0.0755079 
0 0.95 -0.0068023 0.0436985 
0.05 0.95 -0.00460846 0.03845 
0.1 0.95 -0.00234924 0.0350917 
0.15 0.95 -3.05015e-05 0.0338922 
0.2 0.95 0.00227871 0.0349562 
0.25 0.95 0.0044871 0.0381825 
0.3 0.95 0.00650392 0.0432831 
0.35 0.95 0.00825058 0.0498432 
0.4 0.95 0.00966595 0.0573984 
0.45 0.95 0.0107077 0.0655008 
0.5 0.95 0.011351 0.0737613 
0.55 0.95 0.0115861 0.0818645 
0.6 0.95 0.0114159 0.0895654 
0.65 0.95 0.0108538 0.0966747 
0.7 0.95 0.0099231 0.103044 
0.75 0.95 0.00865651 0.108554 
0.8 0.95 0.0070962 0.113105 
0.85 0.95 0.00529374 0.116616 
0.9 0.95 0.00330941 0.119021 
0.95 0.95 0.00121069 0.120275 
1 0.95 -0.000930123 0.120355 
1.05 0.95 -0.00303887 0.119257 
1.1 0.95 -0.00504278 0.117004 
1.15 0.95 -0.0068735 0.113637 
1.2 0.95 -0.00846959 0.109218 
1.25 0.95 -0.00977807 0.103827 
1.3 0.95 -0.0107553 0.0975596 
1.35 0.95 -0.011367 0.0905322 
1.4 0.95 -0.0115883 0.0828886 
1.45 0.95 -0.0114041 0.074812 
1.5 0.95 -0.0108095 0.0665404 
1.55 0.95 -0.00981214 0.058381 
1.6 0.95 -0.00843437 0.0507167 
1.65 0.95 -0.00671604 0.0439929 
1.7 0.95 -0.00471612 0.0386794 
1.75 0.95 -0.00251233 0.0352044 
1.8 0.95 -0.00019774 0.0338772 
1.85 0.95 0.00212561 0.0348223 
1.9 0.95 0.00435492 0.0379508 
1.95 0.95 0.00639507 0.0429809 
2 0.95 0.00816539 0.049499 
2.05 0.95 0.00960359 0.0570373 
2.1 0.95 0.0106666 0.0651424 
2.15 0.95 0.0113293 0.0734194 
2.2 0.95 0.0115817 0.0815479 
2.25 0.95 0.0114266 0.089279 
2.3 0.95 0.0108777 0.0964211 
2.35 0.95 0.00995823 0.102825 
2.4 0.95 0.00870087 0.108369 
2.45 0.95 0.0071478 0.112954 
2.5 0.95 0.00535056 0.116499 
2.55 0.95 0.00336941 0.118937 
2.6 0.95 0.00127182 0.120224 
2.65 0.95 -0.000869847 0.120334 
2.7 0.95 -0.00298129 0.119265 
2.75 0.95 -0.00498951 0.117037 
2.8 0.95 -0.00682589 0.113694 
2.85 0.95 -0.00842864 0.109295 
2.9 0.95 -0.00974445 0.10392 
2.95 0.95 -0.0107293 0.0976653 
3 0.95 -0.0113487 0.0906472 
3.05 0.95 -0.0115775 0.0830094 
3.1 0.95 -0.0114004 0.074935 
3.15 0.95 -0.0108123 0.0666616 
3.2 0.95 -0.00982064 0.0584963 
3.25 0.95 -0.00844773 0.0508216 
3.3 0.95 -0.00673328 0.0440832 
3.35 0.95 -0.00473619 0.0387511 
3.4 0.95 -0.00253414 0.0352547 
3.45 0.95 -0.000220193 0.0339052 
3.5 0.95 0.00210348 0.0348292 
3.55 0.95 0.00433388 0.0379395 
3.6 0.95 0.00637566 0.0429557 
3.65 0.95 0.00814783 0.0494647 
3.7 0.95 0.00958781 0.0569983 
3.75 0.95 0.0106523 0.0651024 
3.8 0.95 0.0113159 0.0733806 
3.85 0.95 0.0115686 0.0815114 
3.9 0.95 0.0114132 0.0892448 
3.95 0.95 0.0108633 0.0963882 
4 0.95 0.00994213 0.102791 
4.05 0.95 0.00868269 0.108332 
4.1 0.95 0.0071273 0.112912 
4.15 0.95 0.00532774 0.116447 
4.2 0.95 0.00334451 0.118872 
4.25 0.95 0.00124539 0.120142 
4.3 0.95 -0.000896915 0.12023 
4.35 0.95 -0.00300776 0.119135 
4.4 0.95 -0.00501377 0.116876 
4.45 0.95 -0.00684588 0.113496 
4.5 0.95 -0.00844184 0.109055 
4.55 0.95 -0.00974783 0.103634 
4.6 0.95 -0.0107194 0.0973287 
4.65 0.95 -0.0113215 0.090259 
4.7 0.95 -0.0115289 0.0825723 
4.75 0.95 -0.0113264 0.0744576 
4.8 0.95 -0.0107105 0.066161 
4.85 0.95 -0.00969219 0.0579993 
4.9 0.95 -0.00830378 0.0503632 
4.95 0.95 -0.00661174 0.0436985 
5 0.95 -0.00474082 0.03845 
0 1 0 0 
0.05 1 0 0 
0.1 1 0 0 
0.15 1 0 0 
0.2 1 0 0 
0.25 1 0 0 
0.3 1 0 0 
0.35 1 0 0 
0.4 1 0 0 
0.45 1 0 0 
0.5 1 0 0 
0.55 1 0 0 
0.6 1 0 0 
0.65 1 0 0 
0.7 1 0 0 
0.75 1 0 0 
0.8 1 0 0 
0.85 1 0 0 
0.9 1 0 0 
0.95 1 0 0 
1 1 0 0 
1.05 1 0 0 
1.1 1 0 0 
1.15 1 0 0 
1.2 1 0 0 
1.25 1 0 0 
1.3 1 0 0 
1.35 1 0 0 
1.4 1 0 0 
1.45 1 0 0 
1.5 1 0 0 
1.55 1 0 0 
1.6 1 0 0 
1.65 1 0 0 
1.7 1 0 0 
1.75 1 0 0 
1.8 1 0 0 
1.85 1 0 0 
1.9 1 0 0 
1.95 1 0 0 
2 1 0 0 
2.05 1 0 0 
2.1 1 0 0 
2.15 1 0 0 
2.2 1 0 0 
2.25 1 0 0 
2.3 1 0 0 
2.35 1 0 0 
2.4 1 0 0 
2.45 1 0 0 
2.5 1 0 0 
2.55 1 0 0 
2.6 1 0 0 
2.65 1 0 0 
2.7 1 0 0 
2.75 1 0 0 
2.8 1 0 0 
2.85 1 0 0 
2.9 1 0 0 
2.95 1 0 0 
3 1 0 0 
3.05 1 0 0 
3.1 1 0 0 
3.15 1 0 0 
3.2 1 0 0 
3.25 1 0 0 
3.3 1 0 0 
3.35 1 0 0 
3.4 1 0 0 
3.45 1 0 0 
3.5 1 0 0 
3.55 1 0 0 
3.6 1 0 0 
3.65 1 0 0 
3.7 1 0 0 
3.75 1 0 0 
3.8 1 0 0 
3.85 1 0 0 
3.9 1 0 0 
3.95 1 0 0 
4 1 0 0 
4.05 1 0 0 
4.1 1 0 0 
4.15 1 0 0 
4.2 1 0 0 
4.25 1 0 0 
4.3 1 0 0 
4.35 1 0 0 
4.4 1 0 0 
4.45 1 0 0 
4.5 1 0 0 
4.55 1 0 0 
4.6 1 0 0 
4.65 1 0 0 
4.7 1 0 0 
4.75 1 0 0 
4.8 1 0 0 
4.85 1 0 0 
4.9 1 0 0 
4.95 1 0 0 
5 1 0 0 
