x, y, ksi, T
#iter= 1150000
0 0 0 1 
0.05 0 0 1 
0.1 0 0 1 
0.15 0 0 1 
0.2 0 0 1 
0.25 0 0 1 
0.3 0 0 1 
0.35 0 0 1 
0.4 0 0 1 
0.45 0 0 1 
0.5 0 0 1 
0.55 0 0 1 
0.6 0 0 1 
0.65 0 0 1 
0.7 0 0 1 
0.75 0 0 1 
0.8 0 0 1 
0.85 0 0 1 
0.9 0 0 1 
0.95 0 0 1 
1 0 0 1 
1.05 0 0 1 
1.1 0 0 1 
1.15 0 0 1 
1.2 0 0 1 
1.25 0 0 1 
1.3 0 0 1 
1.35 0 0 1 
1.4 0 0 1 
1.45 0 0 1 
1.5 0 0 1 
1.55 0 0 1 
1.6 0 0 1 
1.65 0 0 1 
1.7 0 0 1 
1.75 0 0 1 
1.8 0 0 1 
1.85 0 0 1 
1.9 0 0 1 
1.95 0 0 1 
2 0 0 1 
2.05 0 0 1 
2.1 0 0 1 
2.15 0 0 1 
2.2 0 0 1 
2.25 0 0 1 
2.3 0 0 1 
2.35 0 0 1 
2.4 0 0 1 
2.45 0 0 1 
2.5 0 0 1 
2.55 0 0 1 
2.6 0 0 1 
2.65 0 0 1 
2.7 0 0 1 
2.75 0 0 1 
2.8 0 0 1 
2.85 0 0 1 
2.9 0 0 1 
2.95 0 0 1 
3 0 0 1 
3.05 0 0 1 
3.1 0 0 1 
3.15 0 0 1 
3.2 0 0 1 
3.25 0 0 1 
3.3 0 0 1 
3.35 0 0 1 
3.4 0 0 1 
3.45 0 0 1 
3.5 0 0 1 
3.55 0 0 1 
3.6 0 0 1 
3.65 0 0 1 
3.7 0 0 1 
3.75 0 0 1 
3.8 0 0 1 
3.85 0 0 1 
3.9 0 0 1 
3.95 0 0 1 
4 0 0 1 
4.05 0 0 1 
4.1 0 0 1 
4.15 0 0 1 
4.2 0 0 1 
4.25 0 0 1 
4.3 0 0 1 
4.35 0 0 1 
4.4 0 0 1 
4.45 0 0 1 
4.5 0 0 1 
4.55 0 0 1 
4.6 0 0 1 
4.65 0 0 1 
4.7 0 0 1 
4.75 0 0 1 
4.8 0 0 1 
4.85 0 0 1 
4.9 0 0 1 
4.95 0 0 1 
5 0 0 1 
0 0.05 -0.00667774 0.885164 
0.05 0.05 -0.0045994 0.88202 
0.1 0.05 -0.00242808 0.880122 
0.15 0.05 -0.000224081 0.879448 
0.2 0.05 0.00195642 0.879982 
0.25 0.05 0.00404987 0.881699 
0.3 0.05 0.0059912 0.884559 
0.35 0.05 0.00771896 0.888504 
0.4 0.05 0.00917834 0.893461 
0.45 0.05 0.0103228 0.89934 
0.5 0.05 0.0111147 0.906035 
0.55 0.05 0.0115255 0.913415 
0.6 0.05 0.011536 0.92132 
0.65 0.05 0.0111364 0.929537 
0.7 0.05 0.0103286 0.937796 
0.75 0.05 0.00912761 0.945749 
0.8 0.05 0.00756482 0.952976 
0.85 0.05 0.0056901 0.959015 
0.9 0.05 0.00357254 0.963407 
0.95 0.05 0.00129854 0.965778 
1 0.05 -0.00103319 0.96591 
1.05 0.05 -0.00331915 0.963791 
1.1 0.05 -0.00545966 0.959616 
1.15 0.05 -0.0073666 0.953746 
1.2 0.05 -0.0089687 0.946633 
1.25 0.05 -0.0102139 0.938744 
1.3 0.05 -0.0110689 0.930505 
1.35 0.05 -0.0115168 0.922271 
1.4 0.05 -0.0115548 0.914325 
1.45 0.05 -0.0111914 0.906882 
1.5 0.05 -0.0104454 0.90011 
1.55 0.05 -0.009345 0.894143 
1.6 0.05 -0.00792768 0.889088 
1.65 0.05 -0.00624054 0.885036 
1.7 0.05 -0.00433971 0.882061 
1.75 0.05 -0.00228936 0.880217 
1.8 0.05 -0.000159795 0.87954 
1.85 0.05 0.00197529 0.880043 
1.9 0.05 0.00404196 0.881716 
1.95 0.05 0.00596919 0.884527 
2 0.05 0.00769174 0.888425 
2.05 0.05 0.00915212 0.893338 
2.1 0.05 0.0103019 0.899178 
2.15 0.05 0.0111019 0.905841 
2.2 0.05 0.0115227 0.913197 
2.25 0.05 0.0115441 0.921084 
2.3 0.05 0.0111558 0.929293 
2.35 0.05 0.0103589 0.937554 
2.4 0.05 0.00916822 0.94552 
2.45 0.05 0.00761443 0.952775 
2.5 0.05 0.00574693 0.958853 
2.55 0.05 0.00363435 0.963297 
2.6 0.05 0.00136277 0.965727 
2.65 0.05 -0.000969236 0.965921 
2.7 0.05 -0.00325808 0.963859 
2.75 0.05 -0.00540374 0.959734 
2.8 0.05 -0.00731757 0.953901 
2.85 0.05 -0.00892774 0.946813 
2.9 0.05 -0.0101816 0.938936 
2.95 0.05 -0.0110453 0.9307 
3 0.05 -0.0115016 0.922461 
3.05 0.05 -0.0115473 0.914505 
3.1 0.05 -0.0111908 0.907049 
3.15 0.05 -0.0104508 0.900263 
3.2 0.05 -0.00935527 0.89428 
3.25 0.05 -0.00794187 0.88921 
3.3 0.05 -0.00625762 0.885143 
3.35 0.05 -0.00435869 0.882154 
3.4 0.05 -0.00230933 0.880297 
3.45 0.05 -0.000179926 0.879608 
3.5 0.05 0.00195569 0.880101 
3.55 0.05 0.00402341 0.881766 
3.6 0.05 0.00595205 0.884571 
3.65 0.05 0.00767615 0.888464 
3.7 0.05 0.00913803 0.893375 
3.75 0.05 0.0102891 0.899215 
3.8 0.05 0.0110901 0.905879 
3.85 0.05 0.0115113 0.913236 
3.9 0.05 0.0115326 0.921125 
3.95 0.05 0.0111438 0.929336 
4 0.05 0.010346 0.937597 
4.05 0.05 0.00915407 0.945561 
4.1 0.05 0.00759905 0.952811 
4.15 0.05 0.00573051 0.958882 
4.2 0.05 0.00361735 0.963315 
4.25 0.05 0.00134586 0.965734 
4.3 0.05 -0.000985233 0.965916 
4.35 0.05 -0.00327229 0.963846 
4.4 0.05 -0.00541536 0.959716 
4.45 0.05 -0.00732598 0.953884 
4.5 0.05 -0.00893268 0.946802 
4.55 0.05 -0.0101833 0.938937 
4.6 0.05 -0.0110448 0.930718 
4.65 0.05 -0.0115011 0.9225 
4.7 0.05 -0.0115508 0.914567 
4.75 0.05 -0.0112047 0.907134 
4.8 0.05 -0.0104853 0.900365 
4.85 0.05 -0.00942645 0.894387 
4.9 0.05 -0.00807532 0.889297 
4.95 0.05 -0.00649214 0.885164 
5 0.05 -0.00472883 0.88202 
0 0.1 -0.0225375 0.771658 
0.05 0.1 -0.0157632 0.765482 
0.1 0.1 -0.00836945 0.761681 
0.15 0.1 -0.000720094 0.760315 
0.2 0.1 0.00690269 0.761369 
0.25 0.1 0.0142415 0.764791 
0.3 0.1 0.0210545 0.770496 
0.35 0.1 0.0271196 0.778366 
0.4 0.1 0.0322405 0.788251 
0.45 0.1 0.0362507 0.799972 
0.5 0.1 0.0390162 0.813318 
0.55 0.1 0.0404365 0.828034 
0.6 0.1 0.0404449 0.843804 
0.65 0.1 0.0390116 0.860219 
0.7 0.1 0.0361479 0.876744 
0.75 0.1 0.0319137 0.892692 
0.8 0.1 0.026425 0.907221 
0.85 0.1 0.0198602 0.919389 
0.9 0.1 0.0124617 0.928258 
0.95 0.1 0.00452778 0.933053 
1 0.1 -0.00360327 0.93332 
1.05 0.1 -0.0115781 0.929034 
1.1 0.1 -0.0190553 0.920602 
1.15 0.1 -0.0257309 0.90877 
1.2 0.1 -0.0313557 0.894467 
1.25 0.1 -0.0357437 0.878642 
1.3 0.1 -0.0387722 0.862151 
1.35 0.1 -0.0403756 0.8457 
1.4 0.1 -0.0405378 0.829843 
1.45 0.1 -0.0392853 0.815001 
1.5 0.1 -0.0366819 0.8015 
1.55 0.1 -0.0328265 0.789601 
1.6 0.1 -0.0278526 0.779518 
1.65 0.1 -0.0219271 0.771431 
1.7 0.1 -0.0152489 0.76549 
1.75 0.1 -0.00804464 0.761807 
1.8 0.1 -0.000561846 0.760455 
1.85 0.1 0.00694035 0.761459 
1.9 0.1 0.014202 0.764801 
1.95 0.1 0.020973 0.770415 
2 0.1 0.0270232 0.778194 
2.05 0.1 0.0321489 0.787995 
2.1 0.1 0.0361783 0.799642 
2.15 0.1 0.0389726 0.812926 
2.2 0.1 0.0404277 0.827594 
2.25 0.1 0.0404744 0.84333 
2.3 0.1 0.0390803 0.859729 
2.35 0.1 0.0362551 0.876258 
2.4 0.1 0.0320566 0.892233 
2.45 0.1 0.026599 0.906816 
2.5 0.1 0.0200592 0.919064 
2.55 0.1 0.0126779 0.928037 
2.6 0.1 0.00475242 0.932951 
2.65 0.1 -0.00337937 0.933342 
2.7 0.1 -0.0113637 0.929173 
2.75 0.1 -0.0188583 0.92084 
2.8 0.1 -0.0255573 0.909083 
2.85 0.1 -0.0312096 0.894828 
2.9 0.1 -0.0356274 0.879027 
2.95 0.1 -0.038686 0.86254 
3 0.1 -0.0403186 0.846079 
3.05 0.1 -0.040508 0.830202 
3.1 0.1 -0.0392799 0.815334 
3.15 0.1 -0.0366978 0.801803 
3.2 0.1 -0.0328602 0.789873 
3.25 0.1 -0.0279005 0.779758 
3.3 0.1 -0.0219857 0.771642 
3.35 0.1 -0.0153147 0.765673 
3.4 0.1 -0.00811436 0.761964 
3.45 0.1 -0.000632656 0.760588 
3.5 0.1 0.00687088 0.761572 
3.55 0.1 0.0141357 0.764898 
3.6 0.1 0.0209112 0.7705 
3.65 0.1 0.0269664 0.778271 
3.7 0.1 0.0320971 0.788067 
3.75 0.1 0.0361306 0.799714 
3.8 0.1 0.038928 0.813 
3.85 0.1 0.0403847 0.827671 
3.9 0.1 0.0404312 0.843412 
3.95 0.1 0.0390355 0.859814 
4 0.1 0.0362072 0.876344 
4.05 0.1 0.0320049 0.892316 
4.1 0.1 0.0265434 0.906889 
4.15 0.1 0.0200005 0.919121 
4.2 0.1 0.0126176 0.928073 
4.25 0.1 0.00469282 0.932963 
4.3 0.1 -0.0034355 0.933331 
4.35 0.1 -0.0114134 0.929143 
4.4 0.1 -0.0188987 0.9208 
4.45 0.1 -0.0255863 0.909044 
4.5 0.1 -0.0312263 0.894802 
4.55 0.1 -0.0356324 0.879024 
4.6 0.1 -0.0386826 0.86257 
4.65 0.1 -0.0403136 0.846149 
4.7 0.1 -0.0405134 0.830316 
4.75 0.1 -0.0393142 0.81549 
4.8 0.1 -0.0367878 0.801991 
4.85 0.1 -0.0330416 0.790065 
4.9 0.1 -0.0282121 0.779903 
4.95 0.1 -0.0224444 0.771658 
5 0.1 -0.0158262 0.765482 
0 0.15 -0.0439184 0.664272 
0.05 0.15 -0.0306942 0.655253 
0.1 0.15 -0.0162598 0.649651 
0.15 0.15 -0.00126132 0.647614 
0.2 0.15 0.0137316 0.649153 
0.25 0.15 0.0281906 0.654199 
0.3 0.15 0.0416236 0.662623 
0.35 0.15 0.0535823 0.674241 
0.4 0.15 0.0636725 0.688821 
0.45 0.15 0.0715617 0.706092 
0.5 0.15 0.0769837 0.725739 
0.55 0.15 0.0797405 0.747391 
0.6 0.15 0.0797046 0.770592 
0.65 0.15 0.0768238 0.794753 
0.7 0.15 0.0711294 0.819101 
0.75 0.15 0.0627489 0.842633 
0.8 0.15 0.0519193 0.864111 
0.85 0.15 0.0389969 0.882131 
0.9 0.15 0.0244581 0.895287 
0.95 0.15 0.00888389 0.902406 
1 0.15 -0.00707123 0.902803 
1.05 0.15 -0.0227245 0.896437 
1.1 0.15 -0.0374157 0.883927 
1.15 0.15 -0.0505534 0.866401 
1.2 0.15 -0.0616481 0.845252 
1.25 0.15 -0.0703294 0.821895 
1.3 0.15 -0.0763473 0.797592 
1.35 0.15 -0.0795629 0.773375 
1.4 0.15 -0.0799354 0.750042 
1.45 0.15 -0.0775095 0.728201 
1.5 0.15 -0.0724066 0.70832 
1.55 0.15 -0.0648204 0.69078 
1.6 0.15 -0.0550139 0.675898 
1.65 0.15 -0.0433186 0.663948 
1.7 0.15 -0.0301295 0.655157 
1.75 0.15 -0.0158965 0.649703 
1.8 0.15 -0.00111091 0.647698 
1.85 0.15 0.0137131 0.649187 
1.9 0.15 0.0280598 0.654136 
1.95 0.15 0.0414331 0.662444 
2 0.15 0.0533757 0.673943 
2.05 0.15 0.0634834 0.688411 
2.1 0.15 0.0714149 0.705582 
2.15 0.15 0.0768962 0.725145 
2.2 0.15 0.0797232 0.746732 
2.25 0.15 0.0797635 0.769886 
2.3 0.15 0.0769605 0.794025 
2.35 0.15 0.0713417 0.81838 
2.4 0.15 0.0630312 0.841953 
2.45 0.15 0.0522624 0.86351 
2.5 0.15 0.0393887 0.881648 
2.55 0.15 0.0248834 0.894958 
2.6 0.15 0.00932574 0.902255 
2.65 0.15 -0.00663048 0.902836 
2.7 0.15 -0.0223019 0.896644 
2.75 0.15 -0.0370261 0.884281 
2.8 0.15 -0.0502086 0.866865 
2.85 0.15 -0.0613565 0.845785 
2.9 0.15 -0.0700955 0.822462 
2.95 0.15 -0.0761722 0.798163 
3 0.15 -0.0794451 0.77393 
3.05 0.15 -0.0798712 0.750566 
3.1 0.15 -0.0774938 0.728686 
3.15 0.15 -0.0724334 0.708762 
3.2 0.15 -0.0648829 0.691176 
3.25 0.15 -0.0551053 0.676248 
3.3 0.15 -0.0434319 0.664253 
3.35 0.15 -0.0302578 0.655421 
3.4 0.15 -0.0160335 0.649928 
3.45 0.15 -0.00125099 0.647889 
3.5 0.15 0.0135748 0.649348 
3.55 0.15 0.0279271 0.654274 
3.6 0.15 0.0413085 0.662563 
3.65 0.15 0.0532603 0.67405 
3.7 0.15 0.0633772 0.688512 
3.75 0.15 0.0713165 0.705683 
3.8 0.15 0.0768036 0.725249 
3.85 0.15 0.0796336 0.746842 
3.9 0.15 0.0796737 0.770004 
3.95 0.15 0.0768676 0.794149 
4 0.15 0.0712433 0.818506 
4.05 0.15 0.0629258 0.842074 
4.1 0.15 0.05215 0.863617 
4.15 0.15 0.0392707 0.881733 
4.2 0.15 0.0247629 0.89501 
4.25 0.15 0.00920721 0.902271 
4.3 0.15 -0.00674163 0.902816 
4.35 0.15 -0.0223998 0.896595 
4.4 0.15 -0.0371052 0.884215 
4.45 0.15 -0.0502643 0.866798 
4.5 0.15 -0.0613861 0.845734 
4.55 0.15 -0.0700994 0.822442 
4.6 0.15 -0.076155 0.798187 
4.65 0.15 -0.079417 0.774007 
4.7 0.15 -0.07985 0.750702 
4.75 0.15 -0.0775067 0.728875 
4.8 0.15 -0.0725168 0.708988 
4.85 0.15 -0.0650791 0.691402 
4.9 0.15 -0.0554473 0.676412 
4.95 0.15 -0.0439037 0.664272 
5 0.15 -0.0307018 0.655253 
0 0.2 -0.0677023 0.568717 
0.05 0.2 -0.0472134 0.557161 
0.1 0.2 -0.0249074 0.549951 
0.15 0.2 -0.00170211 0.54731 
0.2 0.2 0.0215291 0.549286 
0.25 0.2 0.0439547 0.555804 
0.3 0.2 0.0647955 0.566687 
0.35 0.2 0.0833434 0.581678 
0.4 0.2 0.0989775 0.600456 
0.45 0.2 0.111177 0.622653 
0.5 0.2 0.119528 0.647852 
0.55 0.2 0.123728 0.675578 
0.6 0.2 0.123585 0.705255 
0.65 0.2 0.119029 0.736145 
0.7 0.2 0.110123 0.767277 
0.75 0.2 0.0970767 0.797384 
0.8 0.2 0.0802687 0.824887 
0.85 0.2 0.0602566 0.847985 
0.9 0.2 0.0377761 0.864862 
0.95 0.2 0.0137177 0.874001 
1 0.2 -0.0109206 0.87451 
1.05 0.2 -0.0350995 0.866337 
1.1 0.2 -0.0578124 0.850287 
1.15 0.2 -0.0781536 0.827819 
1.2 0.2 -0.0953679 0.800733 
1.25 0.2 -0.108877 0.770845 
1.3 0.2 -0.118282 0.739766 
1.35 0.2 -0.123354 0.7088 
1.4 0.2 -0.124018 0.678951 
1.45 0.2 -0.12033 0.650978 
1.5 0.2 -0.112471 0.625474 
1.55 0.2 -0.100734 0.602921 
1.6 0.2 -0.0855272 0.583739 
1.65 0.2 -0.0673654 0.568297 
1.7 0.2 -0.046865 0.556912 
1.75 0.2 -0.0247299 0.549836 
1.8 0.2 -0.00172933 0.547233 
1.85 0.2 0.0213315 0.549166 
1.9 0.2 0.0436445 0.555588 
1.95 0.2 0.0644332 0.56635 
2 0.2 0.082982 0.581214 
2.05 0.2 0.0986598 0.599869 
2.1 0.2 0.110936 0.621955 
2.15 0.2 0.119386 0.64706 
2.2 0.2 0.123698 0.674712 
2.25 0.2 0.123675 0.704337 
2.3 0.2 0.119242 0.735204 
2.35 0.2 0.110453 0.766348 
2.4 0.2 0.097515 0.796509 
2.45 0.2 0.0808008 0.824113 
2.5 0.2 0.0608632 0.847363 
2.55 0.2 0.0384342 0.864438 
2.6 0.2 0.0144014 0.873805 
2.65 0.2 -0.0102382 0.874552 
2.7 0.2 -0.0344441 0.866602 
2.75 0.2 -0.0572069 0.850739 
2.8 0.2 -0.0776161 0.82841 
2.85 0.2 -0.0949111 0.801413 
2.9 0.2 -0.108508 0.771566 
2.95 0.2 -0.118003 0.740492 
3 0.2 -0.123164 0.709504 
3.05 0.2 -0.123911 0.679615 
3.1 0.2 -0.120299 0.651593 
3.15 0.2 -0.112506 0.626032 
3.2 0.2 -0.100826 0.603421 
3.25 0.2 -0.0856649 0.58418 
3.3 0.2 -0.0675382 0.568681 
3.35 0.2 -0.0470624 0.557243 
3.4 0.2 -0.0249422 0.550117 
3.45 0.2 -0.00194751 0.547469 
3.5 0.2 0.0211149 0.549363 
3.55 0.2 0.0434356 0.555754 
3.6 0.2 0.0642358 0.566493 
3.65 0.2 0.0827981 0.581341 
3.7 0.2 0.0984895 0.599989 
3.75 0.2 0.110777 0.622075 
3.8 0.2 0.119236 0.647185 
3.85 0.2 0.123553 0.674846 
3.9 0.2 0.12353 0.704482 
3.95 0.2 0.119092 0.735358 
4 0.2 0.110295 0.766506 
4.05 0.2 0.0973467 0.796661 
4.1 0.2 0.0806222 0.824249 
4.15 0.2 0.0606768 0.847469 
4.2 0.2 0.0382446 0.864502 
4.25 0.2 0.0142155 0.873821 
4.3 0.2 -0.0104119 0.87452 
4.35 0.2 -0.0345963 0.866531 
4.4 0.2 -0.0573284 0.850643 
4.45 0.2 -0.077699 0.828309 
4.5 0.2 -0.0949498 0.801326 
4.55 0.2 -0.1085 0.771512 
4.6 0.2 -0.117953 0.740485 
4.65 0.2 -0.123081 0.709554 
4.7 0.2 -0.123813 0.679725 
4.75 0.2 -0.120213 0.651758 
4.8 0.2 -0.112468 0.626233 
4.85 0.2 -0.100873 0.603623 
4.9 0.2 -0.0858152 0.584328 
4.95 0.2 -0.0677537 0.568717 
5 0.2 -0.047175 0.557161 
0 0.25 -0.0914467 0.489249 
0.05 0.25 -0.0636327 0.4755 
0.1 0.25 -0.0334157 0.466897 
0.15 0.25 -0.00197096 0.463736 
0.2 0.25 0.0295315 0.466107 
0.25 0.25 0.0599541 0.473925 
0.3 0.25 0.0882243 0.486956 
0.35 0.25 0.113367 0.50485 
0.4 0.25 0.134529 0.52718 
0.45 0.25 0.151002 0.553466 
0.5 0.25 0.162226 0.583191 
0.55 0.25 0.167798 0.615787 
0.6 0.25 0.167471 0.650584 
0.65 0.25 0.161168 0.686738 
0.7 0.25 0.14899 0.723135 
0.75 0.25 0.13124 0.758311 
0.8 0.25 0.108444 0.790438 
0.85 0.25 0.0813621 0.817419 
0.9 0.25 0.0509869 0.837135 
0.95 0.25 0.0185101 0.847812 
1 0.25 -0.0147383 0.848406 
1.05 0.25 -0.0473753 0.838858 
1.1 0.25 -0.0780603 0.820107 
1.15 0.25 -0.105582 0.793861 
1.2 0.25 -0.128922 0.76222 
1.25 0.25 -0.147292 0.727297 
1.3 0.25 -0.160141 0.690962 
1.35 0.25 -0.167141 0.65472 
1.4 0.25 -0.16817 0.619721 
1.45 0.25 -0.163287 0.586836 
1.5 0.25 -0.152722 0.556749 
1.55 0.25 -0.136865 0.530035 
1.6 0.25 -0.116262 0.507213 
1.65 0.25 -0.0916098 0.48876 
1.7 0.25 -0.0637504 0.475102 
1.75 0.25 -0.0336468 0.466589 
1.8 0.25 -0.0023544 0.463452 
1.85 0.25 0.0290207 0.465781 
1.9 0.25 0.0593687 0.473509 
1.95 0.25 0.0876236 0.486426 
2 0.25 0.112806 0.504197 
2.05 0.25 0.134054 0.526407 
2.1 0.25 0.150648 0.552585 
2.15 0.25 0.162018 0.582217 
2.2 0.25 0.16775 0.61474 
2.25 0.25 0.167592 0.649488 
2.3 0.25 0.161456 0.685623 
2.35 0.25 0.149438 0.722038 
2.4 0.25 0.131835 0.757281 
2.45 0.25 0.109165 0.789529 
2.5 0.25 0.0821829 0.816689 
2.55 0.25 0.0518766 0.836636 
2.6 0.25 0.0194342 0.84758 
2.65 0.25 -0.0138154 0.848452 
2.7 0.25 -0.046488 0.839163 
2.75 0.25 -0.0772388 0.82063 
2.8 0.25 -0.10485 0.794546 
2.85 0.25 -0.128298 0.763007 
2.9 0.25 -0.146786 0.728133 
2.95 0.25 -0.159755 0.691803 
3 0.25 -0.166875 0.655535 
3.05 0.25 -0.168016 0.620489 
3.1 0.25 -0.163236 0.587546 
3.15 0.25 -0.152763 0.557394 
3.2 0.25 -0.136983 0.530613 
3.25 0.25 -0.116443 0.507722 
3.3 0.25 -0.0918408 0.489202 
3.35 0.25 -0.0640165 0.47548 
3.4 0.25 -0.0339346 0.466907 
3.45 0.25 -0.00265165 0.463716 
3.5 0.25 0.0287244 0.465998 
3.55 0.25 0.0590814 0.473689 
3.6 0.25 0.087351 0.486577 
3.65 0.25 0.112551 0.504331 
3.7 0.25 0.133817 0.526533 
3.75 0.25 0.150426 0.552711 
3.8 0.25 0.161807 0.582351 
3.85 0.25 0.167546 0.614886 
3.9 0.25 0.167387 0.649648 
3.95 0.25 0.161245 0.685795 
4 0.25 0.149217 0.722216 
4.05 0.25 0.131601 0.757453 
4.1 0.25 0.108917 0.789682 
4.15 0.25 0.0819254 0.816807 
4.2 0.25 0.0516155 0.836705 
4.25 0.25 0.0191789 0.847592 
4.3 0.25 -0.0140533 0.848405 
4.35 0.25 -0.0466953 0.839067 
4.4 0.25 -0.0774021 0.8205 
4.45 0.25 -0.104957 0.794403 
4.5 0.25 -0.128338 0.762872 
4.55 0.25 -0.146753 0.728025 
4.6 0.25 -0.159648 0.691736 
4.65 0.25 -0.166697 0.655518 
4.7 0.25 -0.16778 0.620525 
4.75 0.25 -0.162963 0.587629 
4.8 0.25 -0.152477 0.55751 
4.85 0.25 -0.136709 0.530737 
4.9 0.25 -0.116184 0.507821 
4.95 0.25 -0.0915527 0.489249 
5 0.25 -0.0635568 0.4755 
0 0.3 -0.113266 0.427258 
0.05 0.3 -0.0786636 0.411572 
0.1 0.3 -0.0411223 0.401728 
0.15 0.3 -0.00205208 0.39811 
0.2 0.3 0.037102 0.400857 
0.25 0.3 0.0749149 0.409861 
0.3 0.3 0.110036 0.424805 
0.35 0.3 0.141237 0.445209 
0.4 0.3 0.167452 0.470498 
0.45 0.3 0.187796 0.500058 
0.5 0.3 0.201582 0.533257 
0.55 0.3 0.208321 0.569439 
0.6 0.3 0.207731 0.60787 
0.65 0.3 0.199734 0.64764 
0.7 0.3 0.184484 0.687555 
0.75 0.3 0.162375 0.726045 
0.8 0.3 0.134076 0.76114 
0.85 0.3 0.100535 0.790575 
0.9 0.3 0.0629753 0.812066 
0.95 0.3 0.0228563 0.823698 
1 0.3 -0.0182015 0.824345 
1.05 0.3 -0.0585155 0.813943 
1.1 0.3 -0.0964522 0.793505 
1.15 0.3 -0.13053 0.764873 
1.2 0.3 -0.159494 0.730313 
1.25 0.3 -0.182363 0.692107 
1.3 0.3 -0.198439 0.652267 
1.35 0.3 -0.207293 0.61241 
1.4 0.3 -0.208748 0.573769 
1.45 0.3 -0.202856 0.537278 
1.5 0.3 -0.189878 0.503686 
1.55 0.3 -0.170282 0.473653 
1.6 0.3 -0.144736 0.447806 
1.65 0.3 -0.114103 0.426758 
1.7 0.3 -0.0794329 0.411085 
1.75 0.3 -0.0419344 0.40127 
1.8 0.3 -0.00293622 0.397643 
1.85 0.3 0.0361663 0.400334 
1.9 0.3 0.0739731 0.409248 
1.95 0.3 0.109141 0.424082 
2 0.3 0.140441 0.444371 
2.05 0.3 0.166797 0.469551 
2.1 0.3 0.187316 0.499012 
2.15 0.3 0.201299 0.532128 
2.2 0.3 0.20825 0.568247 
2.25 0.3 0.207875 0.606638 
2.3 0.3 0.20009 0.646396 
2.35 0.3 0.18504 0.68634 
2.4 0.3 0.163113 0.724908 
2.45 0.3 0.134969 0.760138 
2.5 0.3 0.101551 0.789772 
2.55 0.3 0.0640757 0.811515 
2.6 0.3 0.0239989 0.823438 
2.65 0.3 -0.0170602 0.824388 
2.7 0.3 -0.0574171 0.814268 
2.75 0.3 -0.0954334 0.794067 
2.8 0.3 -0.12962 0.765611 
2.85 0.3 -0.158715 0.731162 
2.9 0.3 -0.181728 0.693009 
2.95 0.3 -0.197952 0.653175 
3 0.3 -0.206953 0.613292 
3.05 0.3 -0.208548 0.574601 
3.1 0.3 -0.202784 0.538048 
3.15 0.3 -0.18992 0.504387 
3.2 0.3 -0.170422 0.474281 
3.25 0.3 -0.144956 0.448359 
3.3 0.3 -0.114386 0.427237 
3.35 0.3 -0.0797618 0.411492 
3.4 0.3 -0.042292 0.401608 
3.45 0.3 -0.00330722 0.397919 
3.5 0.3 0.035795 0.400556 
3.55 0.3 0.0736117 0.409426 
3.6 0.3 0.108797 0.424228 
3.65 0.3 0.140118 0.444496 
3.7 0.3 0.166495 0.469667 
3.75 0.3 0.187033 0.49913 
3.8 0.3 0.20103 0.532256 
3.85 0.3 0.207988 0.56839 
3.9 0.3 0.207613 0.606798 
3.95 0.3 0.199821 0.646571 
4 0.3 0.184758 0.686523 
4.05 0.3 0.162815 0.725086 
4.1 0.3 0.134655 0.760297 
4.15 0.3 0.101225 0.789893 
4.2 0.3 0.0637464 0.811583 
4.25 0.3 0.0236774 0.823441 
4.3 0.3 -0.017359 0.824323 
4.35 0.3 -0.0576762 0.814144 
4.4 0.3 -0.0956348 0.7939 
4.45 0.3 -0.129746 0.76542 
4.5 0.3 -0.15875 0.730968 
4.55 0.3 -0.181657 0.692829 
4.6 0.3 -0.197766 0.653023 
4.65 0.3 -0.206647 0.613173 
4.7 0.3 -0.208123 0.574518 
4.75 0.3 -0.202246 0.537998 
4.8 0.3 -0.18928 0.504364 
4.85 0.3 -0.169689 0.474276 
4.9 0.3 -0.144123 0.448365 
4.95 0.3 -0.113416 0.427258 
5 0.3 -0.0785578 0.411572 
0 0.35 -0.131732 0.38126 
0.05 0.35 -0.0913414 0.363728 
0.1 0.35 -0.047548 0.352682 
0.15 0.35 -0.0019665 0.34863 
0.2 0.35 0.0437171 0.351766 
0.25 0.35 0.0878244 0.361945 
0.3 0.35 0.128759 0.378722 
0.35 0.35 0.165074 0.401433 
0.4 0.35 0.195515 0.429303 
0.45 0.35 0.219056 0.461533 
0.5 0.35 0.234906 0.497351 
0.55 0.35 0.24252 0.53601 
0.6 0.35 0.241592 0.576724 
0.65 0.35 0.232066 0.618559 
0.7 0.35 0.214146 0.660305 
0.75 0.35 0.18832 0.700375 
0.8 0.35 0.155382 0.736777 
0.85 0.35 0.11644 0.767221 
0.9 0.35 0.0729063 0.789402 
0.95 0.35 0.0264536 0.801391 
1 0.35 -0.0210689 0.802058 
1.05 0.35 -0.0677438 0.791337 
1.1 0.35 -0.111708 0.770246 
1.15 0.35 -0.151263 0.740641 
1.2 0.35 -0.184962 0.704805 
1.25 0.35 -0.211661 0.665047 
1.3 0.35 -0.23053 0.6234 
1.35 0.35 -0.241045 0.581499 
1.4 0.35 -0.24297 0.540592 
1.45 0.35 -0.236333 0.501636 
1.5 0.35 -0.221409 0.465426 
1.55 0.35 -0.19872 0.432708 
1.6 0.35 -0.169027 0.404245 
1.65 0.35 -0.133331 0.380832 
1.7 0.35 -0.0928598 0.363245 
1.75 0.35 -0.0490372 0.352161 
1.8 0.35 -0.00343574 0.348051 
1.85 0.35 0.0422896 0.351101 
1.9 0.35 0.0864777 0.361172 
1.95 0.35 0.127539 0.377834 
2 0.35 0.164023 0.400433 
2.05 0.35 0.19467 0.428203 
2.1 0.35 0.218444 0.460348 
2.15 0.35 0.234546 0.496099 
2.2 0.35 0.24242 0.53471 
2.25 0.35 0.241752 0.575398 
2.3 0.35 0.232477 0.617235 
2.35 0.35 0.214792 0.659021 
2.4 0.35 0.189178 0.69918 
2.45 0.35 0.15642 0.735728 
2.5 0.35 0.117618 0.766381 
2.55 0.35 0.0741816 0.788825 
2.6 0.35 0.0277771 0.801115 
2.65 0.35 -0.0197467 0.802092 
2.7 0.35 -0.0664702 0.791661 
2.75 0.35 -0.110524 0.770814 
2.8 0.35 -0.150204 0.741391 
2.85 0.35 -0.184053 0.705671 
2.9 0.35 -0.210917 0.665969 
2.95 0.35 -0.229956 0.624332 
3 0.35 -0.240641 0.582407 
3.05 0.35 -0.242728 0.541452 
3.1 0.35 -0.236239 0.502434 
3.15 0.35 -0.221449 0.466155 
3.2 0.35 -0.198876 0.433363 
3.25 0.35 -0.169278 0.404824 
3.3 0.35 -0.133658 0.381332 
3.35 0.35 -0.0932417 0.363666 
3.4 0.35 -0.0494544 0.352506 
3.45 0.35 -0.00387024 0.348326 
3.5 0.35 0.0418533 0.351313 
3.55 0.35 0.0860519 0.361334 
3.6 0.35 0.127132 0.377959 
3.65 0.35 0.16364 0.400536 
3.7 0.35 0.194312 0.428296 
3.75 0.35 0.218108 0.460444 
3.8 0.35 0.234226 0.496207 
3.85 0.35 0.242108 0.534836 
3.9 0.35 0.241439 0.575543 
3.95 0.35 0.232156 0.617398 
4 0.35 0.214456 0.659194 
4.05 0.35 0.188824 0.69935 
4.1 0.35 0.156048 0.735879 
4.15 0.35 0.117233 0.766493 
4.2 0.35 0.0737917 0.78888 
4.25 0.35 0.0273967 0.801101 
4.3 0.35 -0.0200997 0.802005 
4.35 0.35 -0.0667751 0.791507 
4.4 0.35 -0.110758 0.770606 
4.45 0.35 -0.150344 0.741146 
4.5 0.35 -0.184075 0.705407 
4.55 0.35 -0.210798 0.665701 
4.6 0.35 -0.229677 0.624069 
4.65 0.35 -0.240184 0.582153 
4.7 0.35 -0.24208 0.541211 
4.75 0.35 -0.235391 0.502207 
4.8 0.35 -0.220394 0.465944 
4.85 0.35 -0.197606 0.433177 
4.9 0.35 -0.167785 0.404679 
4.95 0.35 -0.131917 0.38126 
5 0.35 -0.0912123 0.363728 
0 0.4 -0.145795 0.347901 
0.05 0.4 -0.100962 0.328479 
0.1 0.4 -0.0523558 0.31618 
0.15 0.4 -0.00175567 0.311682 
0.2 0.4 0.0489569 0.315245 
0.25 0.4 0.0978968 0.326668 
0.3 0.4 0.14327 0.345333 
0.35 0.4 0.183451 0.370334 
0.4 0.4 0.217045 0.40063 
0.45 0.4 0.242919 0.435186 
0.5 0.4 0.260216 0.473055 
0.55 0.4 0.268359 0.513379 
0.6 0.4 0.267042 0.555326 
0.65 0.4 0.256241 0.597966 
0.7 0.4 0.236217 0.640128 
0.75 0.4 0.207539 0.680289 
0.8 0.4 0.171103 0.716546 
0.85 0.4 0.128138 0.746722 
0.9 0.4 0.0801943 0.768629 
0.95 0.4 0.02909 0.780444 
1 0.4 -0.0231712 0.7811 
1.05 0.4 -0.0745156 0.770537 
1.1 0.4 -0.122926 0.749714 
1.15 0.4 -0.166555 0.720383 
1.2 0.4 -0.203819 0.68471 
1.25 0.4 -0.233448 0.644891 
1.3 0.4 -0.254508 0.602867 
1.35 0.4 -0.266391 0.560204 
1.4 0.4 -0.268799 0.518108 
1.45 0.4 -0.261725 0.477528 
1.5 0.4 -0.245438 0.4393 
1.55 0.4 -0.220486 0.40427 
1.6 0.4 -0.18769 0.373373 
1.65 0.4 -0.148151 0.347634 
1.7 0.4 -0.103233 0.328097 
1.75 0.4 -0.0545333 0.315689 
1.8 0.4 -0.00382312 0.311069 
1.85 0.4 0.0470271 0.314496 
1.9 0.4 0.09614 0.325778 
1.95 0.4 0.141723 0.34431 
2 0.4 0.182149 0.369196 
2.05 0.4 0.216016 0.399399 
2.1 0.4 0.242181 0.433885 
2.15 0.4 0.259781 0.471705 
2.2 0.4 0.268228 0.512002 
2.25 0.4 0.267209 0.553943 
2.3 0.4 0.256692 0.596602 
2.35 0.4 0.236931 0.638818 
2.4 0.4 0.208487 0.679079 
2.45 0.4 0.172248 0.715491 
2.5 0.4 0.129437 0.745878 
2.55 0.4 0.081598 0.768046 
2.6 0.4 0.0305459 0.780158 
2.65 0.4 -0.0217167 0.781119 
2.7 0.4 -0.0731137 0.770841 
2.75 0.4 -0.121621 0.750258 
2.8 0.4 -0.165385 0.721108 
2.85 0.4 -0.202812 0.685553 
2.9 0.4 -0.23262 0.645794 
2.95 0.4 -0.253867 0.603785 
3 0.4 -0.265935 0.561104 
3.05 0.4 -0.268522 0.518966 
3.1 0.4 -0.261613 0.478331 
3.15 0.4 -0.245475 0.440038 
3.2 0.4 -0.220652 0.404938 
3.25 0.4 -0.187964 0.373964 
3.3 0.4 -0.14851 0.348144 
3.35 0.4 -0.103655 0.328523 
3.4 0.4 -0.0549965 0.316031 
3.45 0.4 -0.00430709 0.311332 
3.5 0.4 0.0465399 0.314689 
3.55 0.4 0.0956636 0.325913 
3.6 0.4 0.141267 0.344403 
3.65 0.4 0.181719 0.369263 
3.7 0.4 0.215613 0.399457 
3.75 0.4 0.241802 0.433947 
3.8 0.4 0.25942 0.471781 
3.85 0.4 0.267875 0.512097 
3.9 0.4 0.266857 0.55406 
3.95 0.4 0.25633 0.59674 
4 0.4 0.236553 0.638968 
4.05 0.4 0.208088 0.679228 
4.1 0.4 0.171829 0.715621 
4.15 0.4 0.129003 0.74597 
4.2 0.4 0.081159 0.768082 
4.25 0.4 0.0301174 0.780122 
4.3 0.4 -0.0221144 0.781007 
4.35 0.4 -0.0734564 0.770653 
4.4 0.4 -0.121882 0.750005 
4.45 0.4 -0.165534 0.720803 
4.5 0.4 -0.202818 0.685209 
4.55 0.4 -0.232453 0.645422 
4.6 0.4 -0.253494 0.603389 
4.65 0.4 -0.265327 0.560688 
4.7 0.4 -0.267648 0.518532 
4.75 0.4 -0.260447 0.477882 
4.8 0.4 -0.243996 0.439589 
4.85 0.4 -0.21884 0.404511 
4.9 0.4 -0.185807 0.373601 
4.95 0.4 -0.146005 0.347901 
5 0.4 -0.100816 0.328479 
0 0.45 -0.154717 0.3232 
0.05 0.45 -0.107035 0.301812 
0.1 0.45 -0.0553202 0.288198 
0.15 0.45 -0.00146865 0.283235 
0.2 0.45 0.0524984 0.287264 
0.25 0.45 0.104548 0.30001 
0.3 0.45 0.152743 0.320649 
0.35 0.45 0.19534 0.347983 
0.4 0.45 0.23085 0.380659 
0.45 0.45 0.258079 0.417362 
0.5 0.45 0.27614 0.456935 
0.55 0.45 0.284452 0.498393 
0.6 0.45 0.282732 0.540851 
0.65 0.45 0.270993 0.583396 
0.7 0.45 0.249553 0.624932 
0.75 0.45 0.219046 0.664067 
0.8 0.45 0.180439 0.699076 
0.85 0.45 0.13504 0.728003 
0.9 0.45 0.0844734 0.748891 
0.95 0.45 0.0306336 0.76012 
1 0.45 -0.024403 0.760743 
1.05 0.45 -0.0784911 0.750707 
1.1 0.45 -0.12954 0.730862 
1.15 0.45 -0.175629 0.702765 
1.2 0.45 -0.215096 0.668351 
1.25 0.45 -0.246595 0.629592 
1.3 0.45 -0.269118 0.588245 
1.35 0.45 -0.281989 0.54574 
1.4 0.45 -0.284854 0.503199 
1.45 0.45 -0.277661 0.461551 
1.5 0.45 -0.260657 0.421673 
1.55 0.45 -0.234386 0.384532 
1.6 0.45 -0.199695 0.351265 
1.65 0.45 -0.15774 0.323172 
1.7 0.45 -0.109976 0.30161 
1.75 0.45 -0.0581158 0.287809 
1.8 0.45 -0.00407654 0.282648 
1.85 0.45 0.0501146 0.286476 
1.9 0.45 0.102422 0.299033 
1.95 0.45 0.150907 0.319512 
2 0.45 0.193819 0.346721 
2.05 0.45 0.229662 0.379309 
2.1 0.45 0.257234 0.415959 
2.15 0.45 0.27564 0.455506 
2.2 0.45 0.284292 0.49696 
2.25 0.45 0.282899 0.539437 
2.3 0.45 0.271467 0.582023 
2.35 0.45 0.250308 0.623631 
2.4 0.45 0.220048 0.662877 
2.45 0.45 0.181649 0.698045 
2.5 0.45 0.13641 0.727181 
2.55 0.45 0.0859527 0.748321 
2.6 0.45 0.0321668 0.759832 
2.65 0.45 -0.0228717 0.760743 
2.7 0.45 -0.0770145 0.750976 
2.75 0.45 -0.128165 0.731359 
2.8 0.45 -0.174393 0.703437 
2.85 0.45 -0.214029 0.669141 
2.9 0.45 -0.245715 0.630447 
2.95 0.45 -0.268433 0.589122 
3 0.45 -0.2815 0.546607 
3.05 0.45 -0.284552 0.504036 
3.1 0.45 -0.277535 0.462342 
3.15 0.45 -0.260689 0.422408 
3.2 0.45 -0.234556 0.385202 
3.25 0.45 -0.199981 0.351861 
3.3 0.45 -0.15812 0.323685 
3.35 0.45 -0.110423 0.302036 
3.4 0.45 -0.0586089 0.288144 
3.45 0.45 -0.00459312 0.282895 
3.5 0.45 0.0495936 0.286643 
3.55 0.45 0.101912 0.299135 
3.6 0.45 0.150418 0.319566 
3.65 0.45 0.193358 0.346747 
3.7 0.45 0.229229 0.379324 
3.75 0.45 0.256827 0.415978 
3.8 0.45 0.275252 0.45554 
3.85 0.45 0.283913 0.497017 
3.9 0.45 0.28252 0.539517 
3.95 0.45 0.271078 0.582124 
4 0.45 0.249901 0.623746 
4.05 0.45 0.219619 0.662992 
4.1 0.45 0.181198 0.698143 
4.15 0.45 0.135943 0.727242 
4.2 0.45 0.0854789 0.748327 
4.25 0.45 0.0317035 0.759767 
4.3 0.45 -0.0233025 0.760599 
4.35 0.45 -0.0773859 0.750751 
4.4 0.45 -0.128446 0.731057 
4.45 0.45 -0.174549 0.703065 
4.5 0.45 -0.214022 0.668707 
4.55 0.45 -0.245506 0.629956 
4.6 0.45 -0.267979 0.588575 
4.65 0.45 -0.280757 0.546003 
4.7 0.45 -0.283478 0.503375 
4.75 0.45 -0.276088 0.461632 
4.8 0.45 -0.258833 0.421671 
4.85 0.45 -0.232262 0.384478 
4.9 0.45 -0.197239 0.351214 
4.95 0.45 -0.154945 0.3232 
5 0.45 -0.106877 0.301812 
0 0.5 -0.158036 0.303432 
0.05 0.5 -0.109252 0.280115 
0.1 0.5 -0.0563069 0.2652 
0.15 0.5 -0.00115303 0.259785 
0.2 0.5 0.0541135 0.264288 
0.25 0.5 0.107379 0.278357 
0.3 0.5 0.156634 0.300948 
0.35 0.5 0.200075 0.330554 
0.4 0.5 0.236176 0.365492 
0.45 0.5 0.263728 0.404152 
0.5 0.5 0.281852 0.445155 
0.55 0.5 0.289991 0.487374 
0.6 0.5 0.287897 0.529866 
0.65 0.5 0.275628 0.571737 
0.7 0.5 0.253547 0.61198 
0.75 0.5 0.222334 0.649372 
0.8 0.5 0.182993 0.682425 
0.85 0.5 0.136858 0.709473 
0.9 0.5 0.0855699 0.728866 
0.95 0.5 0.0310227 0.739245 
1 0.5 -0.0247148 0.739821 
1.05 0.5 -0.0795089 0.730547 
1.1 0.5 -0.131278 0.712135 
1.15 0.5 -0.1781 0.685887 
1.2 0.5 -0.218301 0.653436 
1.25 0.5 -0.250509 0.616457 
1.3 0.5 -0.273677 0.576461 
1.35 0.5 -0.287086 0.534705 
1.4 0.5 -0.290334 0.49221 
1.45 0.5 -0.283325 0.449877 
1.5 0.5 -0.266265 0.408634 
1.55 0.5 -0.239671 0.369582 
1.6 0.5 -0.204382 0.334073 
1.65 0.5 -0.161564 0.303696 
1.7 0.5 -0.112706 0.280143 
1.75 0.5 -0.0595811 0.264959 
1.8 0.5 -0.0041814 0.259258 
1.85 0.5 0.051377 0.263485 
1.9 0.5 0.104969 0.277311 
1.95 0.5 0.154577 0.299707 
2 0.5 0.198389 0.329176 
2.05 0.5 0.234871 0.364031 
2.1 0.5 0.262806 0.402656 
2.15 0.5 0.281307 0.443657 
2.2 0.5 0.289809 0.485901 
2.25 0.5 0.288059 0.528439 
2.3 0.5 0.276109 0.570374 
2.35 0.5 0.254316 0.610709 
2.4 0.5 0.223354 0.648224 
2.45 0.5 0.184223 0.681439 
2.5 0.5 0.138249 0.70869 
2.55 0.5 0.0870689 0.72832 
2.6 0.5 0.0325746 0.73896 
2.65 0.5 -0.0231653 0.7398 
2.7 0.5 -0.0780143 0.730774 
2.75 0.5 -0.129884 0.712573 
2.8 0.5 -0.176846 0.68649 
2.85 0.5 -0.217216 0.654154 
2.9 0.5 -0.249611 0.617244 
2.95 0.5 -0.272976 0.57728 
3 0.5 -0.286583 0.535526 
3.05 0.5 -0.290021 0.493013 
3.1 0.5 -0.28319 0.450646 
3.15 0.5 -0.266292 0.409358 
3.2 0.5 -0.239841 0.370248 
3.25 0.5 -0.204672 0.334669 
3.3 0.5 -0.161951 0.304211 
3.35 0.5 -0.113164 0.280565 
3.4 0.5 -0.0600866 0.265283 
3.45 0.5 -0.00471183 0.259486 
3.5 0.5 0.0508415 0.263624 
3.55 0.5 0.104445 0.277376 
3.6 0.5 0.154075 0.299719 
3.65 0.5 0.197915 0.329156 
3.7 0.5 0.234427 0.363999 
3.75 0.5 0.262388 0.402628 
3.8 0.5 0.280908 0.443646 
3.85 0.5 0.289419 0.485912 
3.9 0.5 0.287669 0.528475 
3.95 0.5 0.275708 0.570433 
4 0.5 0.253897 0.610781 
4.05 0.5 0.222912 0.648297 
4.1 0.5 0.183757 0.681496 
4.15 0.5 0.137765 0.708712 
4.2 0.5 0.0865766 0.72829 
4.25 0.5 0.0320918 0.73886 
4.3 0.5 -0.0236159 0.739619 
4.35 0.5 -0.078404 0.730506 
4.4 0.5 -0.13018 0.712216 
4.45 0.5 -0.177008 0.686046 
4.5 0.5 -0.217202 0.653623 
4.55 0.5 -0.249374 0.616624 
4.6 0.5 -0.272465 0.576566 
4.65 0.5 -0.285744 0.534714 
4.7 0.5 -0.288799 0.492102 
4.75 0.5 -0.281532 0.449646 
4.8 0.5 -0.26415 0.408299 
4.85 0.5 -0.237182 0.369186 
4.9 0.5 -0.201487 0.333691 
4.95 0.5 -0.158272 0.303432 
5 0.5 -0.109089 0.280115 
0 0.55 -0.155546 0.285534 
0.05 0.55 -0.107479 0.26055 
0.1 0.55 -0.0552649 0.244508 
0.15 0.55 -0.000848986 0.238706 
0.2 0.55 0.053672 0.243638 
0.25 0.55 0.10618 0.258875 
0.3 0.55 0.154666 0.28317 
0.35 0.55 0.197334 0.31473 
0.4 0.55 0.23268 0.351568 
0.45 0.55 0.259527 0.391808 
0.5 0.55 0.277037 0.433861 
0.55 0.55 0.284699 0.476466 
0.6 0.55 0.28231 0.518619 
0.65 0.55 0.269972 0.559438 
0.7 0.55 0.248078 0.598009 
0.75 0.55 0.217327 0.633284 
0.8 0.55 0.178723 0.664033 
0.85 0.55 0.133576 0.688907 
0.9 0.55 0.0834782 0.706587 
0.95 0.55 0.0302563 0.715999 
1 0.55 -0.0241057 0.716521 
1.05 0.55 -0.0775641 0.708116 
1.1 0.55 -0.128122 0.691343 
1.15 0.55 -0.17393 0.667233 
1.2 0.55 -0.213362 0.637087 
1.25 0.55 -0.245073 0.602259 
1.3 0.55 -0.268019 0.563995 
1.35 0.55 -0.281464 0.523364 
1.4 0.55 -0.284973 0.481288 
1.45 0.55 -0.27841 0.438644 
1.5 0.55 -0.261933 0.396416 
1.55 0.55 -0.236013 0.355831 
1.6 0.55 -0.201446 0.318444 
1.65 0.55 -0.159365 0.28611 
1.7 0.55 -0.111237 0.260826 
1.75 0.55 -0.0588265 0.24443 
1.8 0.55 -0.00413018 0.238255 
1.85 0.55 0.0507258 0.242834 
1.9 0.55 0.103606 0.25777 
1.95 0.55 0.152486 0.281836 
2 0.55 0.195562 0.313247 
2.05 0.55 0.231318 0.350009 
2.1 0.55 0.25857 0.390231 
2.15 0.55 0.276471 0.432307 
2.2 0.55 0.284504 0.474965 
2.25 0.55 0.282464 0.517191 
2.3 0.55 0.270443 0.558099 
2.35 0.55 0.248834 0.596781 
2.4 0.55 0.218329 0.632191 
2.45 0.55 0.179928 0.663104 
2.5 0.55 0.134935 0.688172 
2.55 0.55 0.0849408 0.706073 
2.6 0.55 0.0317687 0.715721 
2.65 0.55 -0.0225965 0.71648 
2.7 0.55 -0.0761084 0.708297 
2.75 0.55 -0.126764 0.691716 
2.8 0.55 -0.172707 0.66776 
2.85 0.55 -0.212302 0.637727 
2.9 0.55 -0.244194 0.602972 
2.95 0.55 -0.26733 0.564748 
3 0.55 -0.280967 0.524132 
3.05 0.55 -0.284663 0.48205 
3.1 0.55 -0.278274 0.439386 
3.15 0.55 -0.261957 0.397123 
3.2 0.55 -0.236178 0.356488 
3.25 0.55 -0.20173 0.319035 
3.3 0.55 -0.159745 0.286621 
3.35 0.55 -0.111688 0.261242 
3.4 0.55 -0.0593258 0.244742 
3.45 0.55 -0.00465468 0.238463 
3.5 0.55 0.050196 0.242945 
3.55 0.55 0.103087 0.2578 
3.6 0.55 0.15199 0.281807 
3.65 0.55 0.195094 0.313182 
3.7 0.55 0.23088 0.349931 
3.75 0.55 0.258158 0.390157 
3.8 0.55 0.276078 0.432251 
3.85 0.55 0.284121 0.474932 
3.9 0.55 0.282079 0.517182 
3.95 0.55 0.270048 0.558112 
4 0.55 0.24842 0.596807 
4.05 0.55 0.21789 0.632218 
4.1 0.55 0.179464 0.663116 
4.15 0.55 0.134452 0.688151 
4.2 0.55 0.0844479 0.706001 
4.25 0.55 0.0312831 0.715581 
4.3 0.55 -0.0230521 0.716257 
4.35 0.55 -0.0765048 0.707981 
4.4 0.55 -0.127067 0.6913 
4.45 0.55 -0.172875 0.667239 
4.5 0.55 -0.212289 0.637092 
4.55 0.55 -0.243949 0.602217 
4.6 0.55 -0.266796 0.563862 
4.65 0.55 -0.280082 0.523106 
4.7 0.55 -0.283364 0.480882 
4.75 0.55 -0.2765 0.438088 
4.8 0.55 -0.259655 0.395732 
4.85 0.55 -0.233311 0.355076 
4.9 0.55 -0.198293 0.317713 
4.95 0.55 -0.15578 0.285534 
5 0.55 -0.107317 0.26055 
0 0.6 -0.147305 0.267155 
0.05 0.6 -0.101756 0.241063 
0.1 0.6 -0.0522277 0.224266 
0.15 0.6 -0.000585788 0.218214 
0.2 0.6 0.0511499 0.223457 
0.25 0.6 0.100938 0.23951 
0.3 0.6 0.146846 0.264962 
0.35 0.6 0.187157 0.297806 
0.4 0.6 0.220445 0.335826 
0.45 0.6 0.245609 0.376943 
0.5 0.6 0.261883 0.41941 
0.55 0.6 0.268816 0.461861 
0.6 0.6 0.266259 0.503241 
0.65 0.6 0.254342 0.542675 
0.7 0.6 0.233476 0.579335 
0.75 0.6 0.204345 0.612333 
0.8 0.6 0.167913 0.640681 
0.85 0.6 0.125417 0.663332 
0.9 0.6 0.0783442 0.679281 
0.95 0.6 0.0283884 0.687721 
1 0.6 -0.0226185 0.688188 
1.05 0.6 -0.0727924 0.680655 
1.1 0.6 -0.12029 0.665538 
1.15 0.6 -0.163397 0.64361 
1.2 0.6 -0.200596 0.61586 
1.25 0.6 -0.230619 0.583335 
1.3 0.6 -0.252465 0.547032 
1.35 0.6 -0.265415 0.507848 
1.4 0.6 -0.269021 0.466612 
1.45 0.6 -0.263115 0.424186 
1.5 0.6 -0.247809 0.381599 
1.55 0.6 -0.22351 0.340177 
1.6 0.6 -0.190945 0.301632 
1.65 0.6 -0.151171 0.268022 
1.7 0.6 -0.105578 0.241572 
1.75 0.6 -0.0558546 0.224344 
1.8 0.6 -0.00392284 0.217841 
1.85 0.6 0.0481632 0.222663 
1.9 0.6 0.0983401 0.238363 
1.95 0.6 0.144659 0.263557 
2 0.6 0.185389 0.296242 
2.05 0.6 0.219094 0.334192 
2.1 0.6 0.244664 0.375307 
2.15 0.6 0.261325 0.417821 
2.2 0.6 0.268622 0.460349 
2.25 0.6 0.266401 0.501826 
2.3 0.6 0.254789 0.541372 
2.35 0.6 0.234192 0.578159 
2.4 0.6 0.205292 0.611301 
2.45 0.6 0.169048 0.639814 
2.5 0.6 0.126695 0.66265 
2.55 0.6 0.0797169 0.678801 
2.6 0.6 0.0298059 0.687453 
2.65 0.6 -0.0212052 0.68813 
2.7 0.6 -0.0714294 0.680794 
2.75 0.6 -0.119019 0.66585 
2.8 0.6 -0.162251 0.644064 
2.85 0.6 -0.199601 0.616422 
2.9 0.6 -0.229793 0.583973 
2.95 0.6 -0.251817 0.547719 
3 0.6 -0.264946 0.508559 
3.05 0.6 -0.268727 0.46733 
3.1 0.6 -0.262986 0.424895 
3.15 0.6 -0.24783 0.382281 
3.2 0.6 -0.223665 0.340818 
3.25 0.6 -0.191214 0.302212 
3.3 0.6 -0.151531 0.268523 
3.35 0.6 -0.106007 0.241977 
3.4 0.6 -0.0563291 0.224642 
3.45 0.6 -0.00442152 0.218029 
3.5 0.6 0.0476597 0.222748 
3.55 0.6 0.0978474 0.238362 
3.6 0.6 0.144188 0.263493 
3.65 0.6 0.184946 0.296139 
3.7 0.6 0.21868 0.334074 
3.75 0.6 0.244276 0.375194 
3.8 0.6 0.260955 0.417724 
3.85 0.6 0.268261 0.460275 
3.9 0.6 0.266038 0.501775 
3.95 0.6 0.254415 0.541342 
4 0.6 0.233799 0.57814 
4.05 0.6 0.204875 0.611282 
4.1 0.6 0.168606 0.63978 
4.15 0.6 0.126232 0.662583 
4.2 0.6 0.0792422 0.678685 
4.25 0.6 0.0293354 0.687269 
4.3 0.6 -0.0216497 0.687862 
4.35 0.6 -0.0718198 0.680429 
4.4 0.6 -0.11932 0.665374 
4.45 0.6 -0.162423 0.643466 
4.5 0.6 -0.199598 0.615688 
4.55 0.6 -0.22956 0.58309 
4.6 0.6 -0.251295 0.54667 
4.65 0.6 -0.264071 0.507333 
4.7 0.6 -0.267433 0.465924 
4.75 0.6 -0.261208 0.423322 
4.8 0.6 -0.245513 0.380588 
4.85 0.6 -0.220772 0.339088 
4.9 0.6 -0.18774 0.300578 
4.95 0.6 -0.147527 0.267155 
5 0.6 -0.101602 0.241063 
0 0.65 -0.133663 0.246573 
0.05 0.65 -0.0923232 0.220238 
0.1 0.65 -0.0473232 0.203257 
0.15 0.65 -0.000380135 0.197162 
0.2 0.65 0.0466422 0.202529 
0.25 0.65 0.0918604 0.218837 
0.3 0.65 0.133495 0.244594 
0.35 0.65 0.169977 0.277677 
0.4 0.65 0.20001 0.315758 
0.45 0.65 0.222611 0.356657 
0.5 0.65 0.237107 0.398549 
0.55 0.65 0.243122 0.440015 
0.6 0.65 0.240553 0.479973 
0.65 0.65 0.229552 0.517567 
0.7 0.65 0.210519 0.552037 
0.75 0.65 0.184094 0.582632 
0.8 0.65 0.151162 0.60857 
0.85 0.65 0.112839 0.629055 
0.9 0.65 0.0704584 0.64335 
0.95 0.65 0.0255251 0.650871 
1 0.65 -0.0203379 0.651287 
1.05 0.65 -0.0654642 0.644578 
1.1 0.65 -0.108221 0.631041 
1.15 0.65 -0.147085 0.611233 
1.2 0.65 -0.1807 0.585878 
1.25 0.65 -0.207919 0.555766 
1.3 0.65 -0.227828 0.521684 
1.35 0.65 -0.239754 0.484381 
1.4 0.65 -0.243264 0.444611 
1.45 0.65 -0.238172 0.403215 
1.5 0.65 -0.224544 0.361242 
1.55 0.65 -0.20272 0.320073 
1.6 0.65 -0.173332 0.281495 
1.65 0.65 -0.137326 0.247667 
1.7 0.65 -0.0959616 0.220932 
1.75 0.65 -0.0507851 0.203467 
1.8 0.65 -0.00356768 0.196864 
1.85 0.65 0.0437925 0.20176 
1.9 0.65 0.0893881 0.21768 
1.95 0.65 0.131422 0.243159 
2 0.65 0.168308 0.276078 
2.05 0.65 0.198741 0.314094 
2.1 0.65 0.221728 0.355004 
2.15 0.65 0.236589 0.39696 
2.2 0.65 0.242942 0.438522 
2.25 0.65 0.240682 0.478595 
2.3 0.65 0.229959 0.516317 
2.35 0.65 0.211169 0.550925 
2.4 0.65 0.184952 0.581669 
2.45 0.65 0.152187 0.607769 
2.5 0.65 0.113991 0.628428 
2.55 0.65 0.071693 0.642907 
2.6 0.65 0.0267981 0.650616 
2.65 0.65 -0.01907 0.651217 
2.7 0.65 -0.0642421 0.644682 
2.75 0.65 -0.107081 0.631299 
2.8 0.65 -0.146057 0.61162 
2.85 0.65 -0.179807 0.586368 
2.9 0.65 -0.207177 0.556334 
2.95 0.65 -0.227245 0.522304 
3 0.65 -0.239332 0.485035 
3.05 0.65 -0.242999 0.44528 
3.1 0.65 -0.238056 0.403882 
3.15 0.65 -0.224565 0.361891 
3.2 0.65 -0.202862 0.320686 
3.25 0.65 -0.173577 0.282052 
3.3 0.65 -0.137654 0.248148 
3.35 0.65 -0.0963522 0.221318 
3.4 0.65 -0.0512174 0.203746 
3.45 0.65 -0.00402164 0.197031 
3.5 0.65 0.0433347 0.201822 
3.55 0.65 0.0889408 0.217654 
3.6 0.65 0.130995 0.243067 
3.65 0.65 0.167908 0.275947 
3.7 0.65 0.198368 0.313947 
3.75 0.65 0.221378 0.35486 
3.8 0.65 0.236256 0.396831 
3.85 0.65 0.242618 0.438414 
3.9 0.65 0.240357 0.478509 
3.95 0.65 0.229623 0.516249 
4 0.65 0.210814 0.550866 
4.05 0.65 0.184573 0.581609 
4.1 0.65 0.151784 0.607693 
4.15 0.65 0.113566 0.62832 
4.2 0.65 0.0712549 0.64275 
4.25 0.65 0.0263608 0.650392 
4.3 0.65 -0.0194867 0.650908 
4.35 0.65 -0.0646122 0.644271 
4.4 0.65 -0.107373 0.63077 
4.45 0.65 -0.146232 0.610957 
4.5 0.65 -0.179819 0.585551 
4.55 0.65 -0.206975 0.555345 
4.6 0.65 -0.226772 0.521126 
4.65 0.65 -0.238523 0.483652 
4.7 0.65 -0.241791 0.44369 
4.75 0.65 -0.236384 0.402103 
4.8 0.65 -0.222377 0.359972 
4.85 0.65 -0.200123 0.318722 
4.9 0.65 -0.170287 0.280189 
4.95 0.65 -0.133863 0.246573 
5 0.65 -0.0921851 0.220238 
0 0.7 -0.115303 0.222605 
0.05 0.7 -0.0796454 0.197142 
0.1 0.7 -0.0407887 0.180714 
0.15 0.7 -0.000236038 0.174837 
0.2 0.7 0.0403787 0.180079 
0.25 0.7 0.0794057 0.195918 
0.3 0.7 0.115291 0.220869 
0.35 0.7 0.14667 0.252828 
0.4 0.7 0.172428 0.28949 
0.45 0.7 0.191729 0.328702 
0.5 0.7 0.204014 0.36866 
0.55 0.7 0.208983 0.407961 
0.6 0.7 0.206574 0.445544 
0.65 0.7 0.196945 0.480582 
0.7 0.7 0.180461 0.512384 
0.75 0.7 0.157689 0.540309 
0.8 0.7 0.129396 0.563735 
0.85 0.7 0.0965422 0.582063 
0.9 0.7 0.0602607 0.594756 
0.95 0.7 0.0218265 0.601402 
1 0.7 -0.0173913 0.60177 
1.05 0.7 -0.0559882 0.595844 
1.1 0.7 -0.0925874 0.583832 
1.15 0.7 -0.125899 0.566127 
1.2 0.7 -0.15477 0.543253 
1.25 0.7 -0.178216 0.515801 
1.3 0.7 -0.195445 0.484392 
1.35 0.7 -0.205862 0.449659 
1.4 0.7 -0.209074 0.412286 
1.45 0.7 -0.204894 0.373077 
1.5 0.7 -0.193353 0.333063 
1.55 0.7 -0.174716 0.29361 
1.6 0.7 -0.149508 0.256486 
1.65 0.7 -0.118532 0.223826 
1.7 0.7 -0.0828717 0.197949 
1.75 0.7 -0.0438724 0.181015 
1.8 0.7 -0.00308253 0.174607 
1.85 0.7 0.0378327 0.179358 
1.9 0.7 0.0771997 0.194796 
1.95 0.7 0.113446 0.219464 
2 0.7 0.145191 0.25126 
2.05 0.7 0.171309 0.287862 
2.1 0.7 0.190955 0.327093 
2.15 0.7 0.203562 0.367124 
2.2 0.7 0.208828 0.406531 
2.25 0.7 0.206689 0.444237 
2.3 0.7 0.1973 0.479409 
2.35 0.7 0.181025 0.511352 
2.4 0.7 0.158429 0.539425 
2.45 0.7 0.130278 0.563006 
2.5 0.7 0.0975297 0.581495 
2.55 0.7 0.0613166 0.594354 
2.6 0.7 0.0229134 0.601167 
2.65 0.7 -0.0163101 0.601695 
2.7 0.7 -0.0549469 0.595921 
2.75 0.7 -0.0916163 0.584045 
2.8 0.7 -0.125024 0.566457 
2.85 0.7 -0.154009 0.543677 
2.9 0.7 -0.177584 0.5163 
2.95 0.7 -0.194949 0.484946 
3 0.7 -0.205503 0.45025 
3.05 0.7 -0.208849 0.412897 
3.1 0.7 -0.204797 0.373691 
3.15 0.7 -0.193373 0.333664 
3.2 0.7 -0.17484 0.29418 
3.25 0.7 -0.149721 0.257006 
3.3 0.7 -0.118817 0.224274 
3.35 0.7 -0.0832104 0.198306 
3.4 0.7 -0.0442467 0.18127 
3.45 0.7 -0.0034751 0.174753 
3.5 0.7 0.0374375 0.179402 
3.55 0.7 0.0768146 0.194754 
3.6 0.7 0.11308 0.219357 
3.65 0.7 0.144849 0.251114 
3.7 0.7 0.170991 0.2877 
3.75 0.7 0.190658 0.326932 
3.8 0.7 0.20328 0.366976 
3.85 0.7 0.208554 0.406402 
3.9 0.7 0.206413 0.444127 
3.95 0.7 0.197014 0.479314 
4 0.7 0.180721 0.511265 
4.05 0.7 0.158103 0.539334 
4.1 0.7 0.129929 0.562898 
4.15 0.7 0.0971598 0.581355 
4.2 0.7 0.0609326 0.594166 
4.25 0.7 0.0225269 0.600913 
4.3 0.7 -0.0166819 0.601357 
4.35 0.7 -0.0552817 0.595481 
4.4 0.7 -0.0918858 0.583484 
4.45 0.7 -0.125194 0.565754 
4.5 0.7 -0.154039 0.542814 
4.55 0.7 -0.177427 0.515254 
4.6 0.7 -0.194551 0.483697 
4.65 0.7 -0.204808 0.448785 
4.7 0.7 -0.207797 0.411214 
4.75 0.7 -0.20333 0.371811 
4.8 0.7 -0.191445 0.33164 
4.85 0.7 -0.172421 0.292112 
4.9 0.7 -0.146814 0.255041 
4.95 0.7 -0.115468 0.222605 
5 0.7 -0.0795311 0.197142 
0 0.75 -0.0932901 0.194556 
0.05 0.75 -0.0644506 0.171222 
0.1 0.75 -0.0329905 0.15617 
0.15 0.75 -0.000146214 0.1508 
0.2 0.75 0.032741 0.155635 
0.25 0.75 0.0643183 0.17019 
0.3 0.75 0.0933152 0.193084 
0.35 0.75 0.118621 0.222368 
0.4 0.75 0.139339 0.255908 
0.45 0.75 0.154801 0.291709 
0.5 0.75 0.164572 0.328095 
0.55 0.75 0.16843 0.36376 
0.6 0.75 0.166346 0.397711 
0.65 0.75 0.158463 0.429187 
0.7 0.75 0.145092 0.457567 
0.75 0.75 0.126701 0.48231 
0.8 0.75 0.103911 0.502916 
0.85 0.75 0.0774942 0.518931 
0.9 0.75 0.0483567 0.529962 
0.95 0.75 0.017512 0.535718 
1 0.75 -0.0139537 0.536036 
1.05 0.75 -0.0449274 0.530906 
1.1 0.75 -0.0743172 0.520473 
1.15 0.75 -0.101098 0.505013 
1.2 0.75 -0.124348 0.484907 
1.25 0.75 -0.143277 0.460603 
1.3 0.75 -0.157243 0.432593 
1.35 0.75 -0.165756 0.401411 
1.4 0.75 -0.168484 0.367664 
1.45 0.75 -0.165259 0.332096 
1.5 0.75 -0.156085 0.295667 
1.55 0.75 -0.141157 0.259653 
1.6 0.75 -0.120882 0.225698 
1.65 0.75 -0.0958987 0.195782 
1.7 0.75 -0.067081 0.172052 
1.75 0.75 -0.035524 0.156513 
1.8 0.75 -0.00249613 0.15063 
1.85 0.75 0.0306348 0.154991 
1.9 0.75 0.0624939 0.16916 
1.95 0.75 0.0917922 0.191782 
2 0.75 0.117405 0.220912 
2.05 0.75 0.138422 0.254398 
2.1 0.75 0.15417 0.290221 
2.15 0.75 0.164208 0.326681 
2.2 0.75 0.16831 0.36245 
2.25 0.75 0.166445 0.396522 
2.3 0.75 0.158756 0.428127 
2.35 0.75 0.145552 0.456643 
2.4 0.75 0.1273 0.481524 
2.45 0.75 0.104622 0.502272 
2.5 0.75 0.0782886 0.518431 
2.55 0.75 0.0492041 0.529608 
2.6 0.75 0.0183827 0.535508 
2.65 0.75 -0.0130888 0.535964 
2.7 0.75 -0.0440954 0.530964 
2.75 0.75 -0.0735419 0.520647 
2.8 0.75 -0.100399 0.505289 
2.85 0.75 -0.123741 0.485269 
2.9 0.75 -0.142774 0.461033 
2.95 0.75 -0.156848 0.433075 
3 0.75 -0.165471 0.401929 
3.05 0.75 -0.168307 0.368204 
3.1 0.75 -0.165184 0.332641 
3.15 0.75 -0.156104 0.296203 
3.2 0.75 -0.14126 0.260163 
3.25 0.75 -0.121057 0.226163 
3.3 0.75 -0.096131 0.196182 
3.35 0.75 -0.0673566 0.172371 
3.4 0.75 -0.035828 0.156737 
3.45 0.75 -0.00281424 0.150754 
3.5 0.75 0.0303154 0.155021 
3.55 0.75 0.0621836 0.16911 
3.6 0.75 0.0914984 0.191673 
3.65 0.75 0.117131 0.220765 
3.7 0.75 0.138169 0.254236 
3.75 0.75 0.153935 0.290059 
3.8 0.75 0.163986 0.32653 
3.85 0.75 0.168093 0.362314 
3.9 0.75 0.166226 0.396402 
3.95 0.75 0.158529 0.42802 
4 0.75 0.14531 0.45654 
4.05 0.75 0.127039 0.481416 
4.1 0.75 0.10434 0.502147 
4.15 0.75 0.0779873 0.518275 
4.2 0.75 0.0488888 0.529406 
4.25 0.75 0.0180625 0.535242 
4.3 0.75 -0.0134003 0.535619 
4.35 0.75 -0.04438 0.530521 
4.4 0.75 -0.0737766 0.520087 
4.45 0.75 -0.100555 0.504591 
4.5 0.75 -0.123785 0.484413 
4.55 0.75 -0.142666 0.459998 
4.6 0.75 -0.156544 0.431841 
4.65 0.75 -0.164922 0.400485 
4.7 0.75 -0.167463 0.36655 
4.75 0.75 -0.163997 0.3308 
4.8 0.75 -0.154536 0.294229 
4.85 0.75 -0.139289 0.258151 
4.9 0.75 -0.118689 0.224254 
4.95 0.75 -0.0934084 0.194556 
5 0.75 -0.0643684 0.171222 
0 0.8 -0.0691314 0.162209 
0.05 0.8 -0.047769 0.142236 
0.1 0.8 -0.0244463 0.129363 
0.15 0.8 -9.51433e-05 0.124782 
0.2 0.8 0.0242787 0.128936 
0.25 0.8 0.0476625 0.141406 
0.3 0.8 0.0691072 0.161012 
0.35 0.8 0.0877875 0.186084 
0.4 0.8 0.103041 0.214794 
0.45 0.8 0.114384 0.245426 
0.5 0.8 0.121505 0.276532 
0.55 0.8 0.124255 0.306975 
0.6 0.8 0.122625 0.335891 
0.65 0.8 0.116733 0.362617 
0.7 0.8 0.106816 0.386623 
0.75 0.8 0.0932263 0.407463 
0.8 0.8 0.0764236 0.424741 
0.85 0.8 0.0569756 0.438114 
0.9 0.8 0.0355447 0.447295 
0.95 0.8 0.0128707 0.452074 
1 0.8 -0.0102554 0.452338 
1.05 0.8 -0.0330235 0.44808 
1.1 0.8 -0.0546384 0.4394 
1.15 0.8 -0.0743522 0.426496 
1.2 0.8 -0.0914911 0.409645 
1.25 0.8 -0.105475 0.389184 
1.3 0.8 -0.115827 0.3655 
1.35 0.8 -0.122181 0.339032 
1.4 0.8 -0.124285 0.310297 
1.45 0.8 -0.122001 0.279939 
1.5 0.8 -0.11532 0.2488 
1.55 0.8 -0.104371 0.217987 
1.6 0.8 -0.089444 0.188924 
1.65 0.8 -0.0710017 0.163314 
1.7 0.8 -0.0496894 0.143001 
1.75 0.8 -0.026322 0.1297 
1.8 0.8 -0.00184952 0.124665 
1.85 0.8 0.0227005 0.128397 
1.9 0.8 0.0462948 0.140524 
1.95 0.8 0.0679676 0.15989 
2 0.8 0.0868806 0.184825 
2.05 0.8 0.102362 0.213488 
2.1 0.8 0.11392 0.24414 
2.15 0.8 0.121241 0.275312 
2.2 0.8 0.124172 0.305848 
2.25 0.8 0.122704 0.334872 
2.3 0.8 0.116954 0.361714 
2.35 0.8 0.10716 0.385839 
2.4 0.8 0.0936717 0.4068 
2.45 0.8 0.0769498 0.4242 
2.5 0.8 0.0575611 0.437696 
2.55 0.8 0.0361678 0.446998 
2.6 0.8 0.0135096 0.451896 
2.65 0.8 -0.00962185 0.452274 
2.7 0.8 -0.0324149 0.448122 
2.75 0.8 -0.054072 0.439539 
2.8 0.8 -0.0738425 0.42672 
2.85 0.8 -0.0910492 0.409941 
2.9 0.8 -0.105108 0.389539 
2.95 0.8 -0.11554 0.365901 
3 0.8 -0.121975 0.339465 
3.05 0.8 -0.124158 0.310749 
3.1 0.8 -0.121949 0.280398 
3.15 0.8 -0.115337 0.249251 
3.2 0.8 -0.10445 0.218417 
3.25 0.8 -0.0895754 0.189316 
3.3 0.8 -0.0711756 0.163651 
3.35 0.8 -0.0498948 0.143269 
3.4 0.8 -0.026548 0.129887 
3.45 0.8 -0.00208533 0.124766 
3.5 0.8 0.0224645 0.128418 
3.55 0.8 0.0460665 0.140476 
3.6 0.8 0.0677525 0.15979 
3.65 0.8 0.0866814 0.184693 
3.7 0.8 0.102179 0.213341 
3.75 0.8 0.113751 0.243992 
3.8 0.8 0.121081 0.275172 
3.85 0.8 0.124017 0.305721 
3.9 0.8 0.122547 0.334757 
3.95 0.8 0.116791 0.361608 
4 0.8 0.106984 0.385736 
4.05 0.8 0.0934807 0.40669 
4.1 0.8 0.0767419 0.424074 
4.15 0.8 0.0573371 0.437541 
4.2 0.8 0.0359311 0.446802 
4.25 0.8 0.0132669 0.451645 
4.3 0.8 -0.00986074 0.451951 
4.35 0.8 -0.0326366 0.447712 
4.4 0.8 -0.0542594 0.439024 
4.45 0.8 -0.0739742 0.426081 
4.5 0.8 -0.0910997 0.40916 
4.55 0.8 -0.105047 0.388597 
4.6 0.8 -0.115334 0.364781 
4.65 0.8 -0.121586 0.338159 
4.7 0.8 -0.123548 0.309259 
4.75 0.8 -0.121082 0.278746 
4.8 0.8 -0.114185 0.247488 
4.85 0.8 -0.103001 0.216628 
4.9 0.8 -0.0878389 0.187624 
4.95 0.8 -0.0691907 0.162209 
5 0.8 -0.0477276 0.142236 
0 0.85 -0.044834 0.1258 
0.05 0.85 -0.0309764 0.110217 
0.1 0.85 -0.0158489 0.100189 
0.15 0.85 -6.40066e-05 0.0966279 
0.2 0.85 0.0157248 0.0998713 
0.25 0.85 0.030858 0.109594 
0.3 0.85 0.0447176 0.124886 
0.35 0.85 0.0567681 0.144457 
0.4 0.85 0.0665835 0.166886 
0.45 0.85 0.0738567 0.190833 
0.5 0.85 0.0783956 0.215159 
0.55 0.85 0.0801119 0.238962 
0.6 0.85 0.0790081 0.261552 
0.65 0.85 0.0751676 0.282402 
0.7 0.85 0.0687473 0.301093 
0.75 0.85 0.0599754 0.317279 
0.8 0.85 0.0491493 0.330666 
0.85 0.85 0.0366328 0.341002 
0.9 0.85 0.0228499 0.348084 
0.95 0.85 0.00827333 0.351766 
1 0.85 -0.00659199 0.35197 
1.05 0.85 -0.0212288 0.34869 
1.1 0.85 -0.0351295 0.341995 
1.15 0.85 -0.047816 0.332024 
1.2 0.85 -0.0588575 0.318972 
1.25 0.85 -0.0678815 0.303084 
1.3 0.85 -0.0745814 0.284648 
1.35 0.85 -0.078719 0.264002 
1.4 0.85 -0.080127 0.241555 
1.45 0.85 -0.078711 0.217819 
1.5 0.85 -0.0744562 0.193465 
1.55 0.85 -0.0674377 0.169375 
1.6 0.85 -0.0578335 0.146669 
1.65 0.85 -0.0459373 0.12668 
1.7 0.85 -0.0321641 0.11084 
1.75 0.85 -0.0170436 0.100476 
1.8 0.85 -0.00119747 0.0965542 
1.85 0.85 0.0146996 0.0994613 
1.9 0.85 0.0299691 0.10891 
1.95 0.85 0.0439787 0.124008 
2 0.85 0.0561825 0.143469 
2.05 0.85 0.0661476 0.165859 
2.1 0.85 0.0735619 0.189821 
2.15 0.85 0.0782307 0.214199 
2.2 0.85 0.0800643 0.238076 
2.25 0.85 0.0790648 0.260753 
2.3 0.85 0.0753152 0.281695 
2.35 0.85 0.0689726 0.300481 
2.4 0.85 0.060265 0.316763 
2.45 0.85 0.0494897 0.330246 
2.5 0.85 0.0370103 0.340678 
2.55 0.85 0.0232506 0.347854 
2.6 0.85 0.00868323 0.351628 
2.65 0.85 -0.00618625 0.351918 
2.7 0.85 -0.0208397 0.34872 
2.75 0.85 -0.0347679 0.3421 
2.8 0.85 -0.0474913 0.332194 
2.85 0.85 -0.0585766 0.319198 
2.9 0.85 -0.0676492 0.303356 
2.95 0.85 -0.0744003 0.284956 
3 0.85 -0.0785898 0.264336 
3.05 0.85 -0.0800485 0.241905 
3.1 0.85 -0.0786806 0.218174 
3.15 0.85 -0.0744701 0.193816 
3.2 0.85 -0.0674909 0.169709 
3.25 0.85 -0.0579204 0.146973 
3.3 0.85 -0.0460513 0.126941 
3.35 0.85 -0.0322981 0.111047 
3.4 0.85 -0.0171905 0.10062 
3.45 0.85 -0.00135019 0.0966315 
3.5 0.85 0.0145474 0.0994754 
3.55 0.85 0.0298227 0.10887 
3.6 0.85 0.0438414 0.123928 
3.65 0.85 0.0560563 0.143363 
3.7 0.85 0.0660324 0.16574 
3.75 0.85 0.0734561 0.189701 
3.8 0.85 0.0781315 0.214084 
3.85 0.85 0.079968 0.23797 
3.9 0.85 0.0789674 0.260656 
3.95 0.85 0.0752129 0.281604 
4 0.85 0.0688619 0.300391 
4.05 0.85 0.0601436 0.316667 
4.1 0.85 0.0493563 0.330136 
4.15 0.85 0.0368652 0.340545 
4.2 0.85 0.0230958 0.347687 
4.25 0.85 0.00852279 0.351415 
4.3 0.85 -0.00634618 0.351649 
4.35 0.85 -0.0209906 0.348379 
4.4 0.85 -0.0348988 0.341674 
4.45 0.85 -0.0475882 0.331668 
4.5 0.85 -0.0586228 0.318557 
4.55 0.85 -0.0676248 0.302585 
4.6 0.85 -0.0742826 0.284043 
4.65 0.85 -0.078354 0.263275 
4.7 0.85 -0.0796689 0.240698 
4.75 0.85 -0.0781338 0.216843 
4.8 0.85 -0.0737391 0.192402 
4.85 0.85 -0.0665712 0.168284 
4.9 0.85 -0.0568269 0.145634 
4.95 0.85 -0.0448221 0.1258 
5 0.85 -0.0309842 0.110217 
0 0.9 -0.0229744 0.0859668 
0.05 0.9 -0.0158422 0.0754373 
0.1 0.9 -0.00809652 0.0686807 
0.15 0.9 -3.75189e-05 0.0662871 
0.2 0.9 0.00801222 0.0684742 
0.25 0.9 0.0157189 0.0750273 
0.3 0.9 0.0227665 0.0853452 
0.35 0.9 0.0288821 0.0985712 
0.4 0.9 0.0338504 0.113756 
0.45 0.9 0.0375188 0.129994 
0.5 0.9 0.0397945 0.146511 
0.55 0.9 0.0406375 0.162685 
0.6 0.9 0.0400534 0.178037 
0.65 0.9 0.0380871 0.192201 
0.7 0.9 0.0348198 0.204887 
0.75 0.9 0.0303674 0.215861 
0.8 0.9 0.0248802 0.224925 
0.85 0.9 0.0185413 0.231914 
0.9 0.9 0.0115641 0.236698 
0.95 0.9 0.00418694 0.239183 
1 0.9 -0.00333585 0.23932 
1.05 0.9 -0.0107435 0.237107 
1.1 0.9 -0.0177801 0.232585 
1.15 0.9 -0.024205 0.225843 
1.2 0.9 -0.0298011 0.217008 
1.25 0.9 -0.0343809 0.206237 
1.3 0.9 -0.0377895 0.193725 
1.35 0.9 -0.0399061 0.179701 
1.4 0.9 -0.0406444 0.164445 
1.45 0.9 -0.0399537 0.148316 
1.5 0.9 -0.0378225 0.131779 
1.55 0.9 -0.034284 0.115441 
1.6 0.9 -0.0294236 0.100067 
1.65 0.9 -0.0233871 0.086557 
1.7 0.9 -0.0163838 0.0758704 
1.75 0.9 -0.00868466 0.0688877 
1.8 0.9 -0.000610094 0.0662474 
1.85 0.9 0.00749089 0.0682042 
1.9 0.9 0.0152671 0.0745689 
1.95 0.9 0.0223924 0.084753 
2 0.9 0.0285874 0.0979014 
2.05 0.9 0.0336327 0.113057 
2.1 0.9 0.0373734 0.129305 
2.15 0.9 0.0397152 0.145856 
2.2 0.9 0.0406175 0.16208 
2.25 0.9 0.0400857 0.177492 
2.3 0.9 0.0381649 0.191719 
2.35 0.9 0.0349363 0.204471 
2.4 0.9 0.0305158 0.21551 
2.45 0.9 0.0250537 0.22464 
2.5 0.9 0.0187329 0.231694 
2.55 0.9 0.011767 0.236541 
2.6 0.9 0.00439396 0.239088 
2.65 0.9 -0.00313134 0.239284 
2.7 0.9 -0.0105478 0.237125 
2.75 0.9 -0.0175987 0.232654 
2.8 0.9 -0.0240424 0.225957 
2.85 0.9 -0.0296608 0.217159 
2.9 0.9 -0.0342653 0.20642 
2.95 0.9 -0.0376998 0.193933 
3 0.9 -0.0398427 0.179926 
3.05 0.9 -0.0406066 0.164682 
3.1 0.9 -0.0399401 0.148556 
3.15 0.9 -0.0378312 0.132016 
3.2 0.9 -0.0343125 0.115666 
3.25 0.9 -0.029469 0.100272 
3.3 0.9 -0.023446 0.0867336 
3.35 0.9 -0.0164527 0.07601 
3.4 0.9 -0.00875987 0.0689847 
3.45 0.9 -0.000687909 0.0662997 
3.5 0.9 0.00741375 0.068214 
3.55 0.9 0.0151933 0.0745422 
3.6 0.9 0.0223238 0.0846987 
3.65 0.9 0.0285248 0.0978293 
3.7 0.9 0.0335761 0.112976 
3.75 0.9 0.0373219 0.129222 
3.8 0.9 0.0396672 0.145777 
3.85 0.9 0.0405711 0.162006 
3.9 0.9 0.0400387 0.177423 
3.95 0.9 0.0381151 0.191654 
4 0.9 0.034882 0.204405 
4.05 0.9 0.0304556 0.21544 
4.1 0.9 0.0249867 0.224559 
4.15 0.9 0.0186593 0.231597 
4.2 0.9 0.0116876 0.236421 
4.25 0.9 0.00431071 0.238936 
4.3 0.9 -0.00321545 0.239092 
4.35 0.9 -0.0106285 0.236884 
4.4 0.9 -0.0176705 0.232354 
4.45 0.9 -0.0240983 0.225587 
4.5 0.9 -0.0296923 0.216709 
4.55 0.9 -0.034262 0.205881 
4.6 0.9 -0.03765 0.193296 
4.65 0.9 -0.0397332 0.179188 
4.7 0.9 -0.040424 0.163846 
4.75 0.9 -0.0396722 0.147638 
4.8 0.9 -0.0374697 0.131047 
4.85 0.9 -0.0338579 0.114697 
4.9 0.9 -0.0289381 0.0993681 
4.95 0.9 -0.0228795 0.0859668 
5 0.9 -0.0159076 0.0754373 
0 0.95 -0.00678715 0.0436501 
0.05 0.95 -0.00459171 0.038415 
0.1 0.95 -0.00233123 0.0350732 
0.15 0.95 -1.19245e-05 0.0338919 
0.2 0.95 0.00229702 0.0349742 
0.25 0.95 0.00450431 0.0382174 
0.3 0.95 0.0065193 0.0433319 
0.35 0.95 0.0082635 0.0499023 
0.4 0.95 0.00967595 0.057464 
0.45 0.95 0.0107145 0.0655694 
0.5 0.95 0.0113543 0.0738299 
0.55 0.95 0.011586 0.0819309 
0.6 0.95 0.0114123 0.0896275 
0.65 0.95 0.0108469 0.0967312 
0.7 0.95 0.00991317 0.103094 
0.75 0.95 0.0086438 0.108596 
0.8 0.95 0.00708109 0.113138 
0.85 0.95 0.00527673 0.116639 
0.9 0.95 0.00329105 0.119035 
0.95 0.95 0.0011916 0.120279 
1 0.95 -0.000949278 0.120347 
1.05 0.95 -0.00305742 0.119239 
1.1 0.95 -0.00506008 0.116975 
1.15 0.95 -0.00688895 0.113599 
1.2 0.95 -0.00848264 0.10917 
1.25 0.95 -0.00978827 0.103771 
1.3 0.95 -0.0107622 0.0974952 
1.35 0.95 -0.0113704 0.0904611 
1.4 0.95 -0.011588 0.0828124 
1.45 0.95 -0.0113999 0.0747327 
1.5 0.95 -0.0108014 0.0664605 
1.55 0.95 -0.00980031 0.058304 
1.6 0.95 -0.00841905 0.0506465 
1.65 0.95 -0.00669769 0.0439342 
1.7 0.95 -0.0046954 0.0386367 
1.75 0.95 -0.00249007 0.0351814 
1.8 0.95 -0.000174896 0.0338761 
1.85 0.95 0.00214802 0.0348434 
1.9 0.95 0.00437592 0.0379922 
1.95 0.95 0.00641379 0.0430391 
2 0.95 0.00818112 0.0495695 
2.05 0.95 0.0096158 0.0571155 
2.1 0.95 0.010675 0.0652242 
2.15 0.95 0.0113336 0.0735012 
2.2 0.95 0.0115819 0.081627 
2.25 0.95 0.0114229 0.0893531 
2.3 0.95 0.0108702 0.0964886 
2.35 0.95 0.00994715 0.102884 
2.4 0.95 0.00868661 0.108419 
2.45 0.95 0.00713083 0.112995 
2.5 0.95 0.00533144 0.116528 
2.55 0.95 0.00334878 0.118956 
2.6 0.95 0.00125038 0.12023 
2.65 0.95 -0.000891351 0.120329 
2.7 0.95 -0.00300212 0.119248 
2.75 0.95 -0.00500895 0.117009 
2.8 0.95 -0.00684328 0.113655 
2.85 0.95 -0.00844341 0.109246 
2.9 0.95 -0.00975611 0.103862 
2.95 0.95 -0.0107375 0.0975987 
3 0.95 -0.0113531 0.0905737 
3.05 0.95 -0.0115779 0.0829307 
3.1 0.95 -0.0113967 0.074853 
3.15 0.95 -0.0108045 0.0665791 
3.2 0.95 -0.00980898 0.0584167 
3.25 0.95 -0.00843247 0.0507491 
3.3 0.95 -0.00671491 0.0440223 
3.35 0.95 -0.00471539 0.0387064 
3.4 0.95 -0.00251175 0.0352299 
3.45 0.95 -0.000197198 0.0339026 
3.5 0.95 0.00212606 0.0348488 
3.55 0.95 0.00435508 0.0379795 
3.6 0.95 0.00639459 0.0430126 
3.65 0.95 0.00816382 0.0495339 
3.7 0.95 0.00960035 0.0570752 
3.75 0.95 0.0106611 0.0651828 
3.8 0.95 0.0113208 0.073461 
3.85 0.95 0.0115696 0.0815891 
3.9 0.95 0.0114104 0.0893176 
3.95 0.95 0.0108568 0.0964546 
4 0.95 0.00993239 0.10285 
4.05 0.95 0.00867 0.108383 
4.1 0.95 0.00711212 0.112953 
4.15 0.95 0.0053106 0.116478 
4.2 0.95 0.00332601 0.118893 
4.25 0.95 0.00122618 0.120152 
4.3 0.95 -0.000916175 0.12023 
4.35 0.95 -0.0030264 0.119124 
4.4 0.95 -0.00503116 0.116855 
4.45 0.95 -0.00686146 0.113465 
4.5 0.95 -0.00845511 0.109016 
4.55 0.95 -0.0097584 0.103587 
4.6 0.95 -0.0107269 0.0972749 
4.65 0.95 -0.0113258 0.0901995 
4.7 0.95 -0.0115298 0.0825084 
4.75 0.95 -0.0113239 0.0743912 
4.8 0.95 -0.0107046 0.0660944 
4.85 0.95 -0.00968313 0.0579353 
4.9 0.95 -0.00829174 0.0503051 
4.95 0.95 -0.00659702 0.0436501 
5 0.95 -0.00472359 0.038415 
0 1 0 0 
0.05 1 0 0 
0.1 1 0 0 
0.15 1 0 0 
0.2 1 0 0 
0.25 1 0 0 
0.3 1 0 0 
0.35 1 0 0 
0.4 1 0 0 
0.45 1 0 0 
0.5 1 0 0 
0.55 1 0 0 
0.6 1 0 0 
0.65 1 0 0 
0.7 1 0 0 
0.75 1 0 0 
0.8 1 0 0 
0.85 1 0 0 
0.9 1 0 0 
0.95 1 0 0 
1 1 0 0 
1.05 1 0 0 
1.1 1 0 0 
1.15 1 0 0 
1.2 1 0 0 
1.25 1 0 0 
1.3 1 0 0 
1.35 1 0 0 
1.4 1 0 0 
1.45 1 0 0 
1.5 1 0 0 
1.55 1 0 0 
1.6 1 0 0 
1.65 1 0 0 
1.7 1 0 0 
1.75 1 0 0 
1.8 1 0 0 
1.85 1 0 0 
1.9 1 0 0 
1.95 1 0 0 
2 1 0 0 
2.05 1 0 0 
2.1 1 0 0 
2.15 1 0 0 
2.2 1 0 0 
2.25 1 0 0 
2.3 1 0 0 
2.35 1 0 0 
2.4 1 0 0 
2.45 1 0 0 
2.5 1 0 0 
2.55 1 0 0 
2.6 1 0 0 
2.65 1 0 0 
2.7 1 0 0 
2.75 1 0 0 
2.8 1 0 0 
2.85 1 0 0 
2.9 1 0 0 
2.95 1 0 0 
3 1 0 0 
3.05 1 0 0 
3.1 1 0 0 
3.15 1 0 0 
3.2 1 0 0 
3.25 1 0 0 
3.3 1 0 0 
3.35 1 0 0 
3.4 1 0 0 
3.45 1 0 0 
3.5 1 0 0 
3.55 1 0 0 
3.6 1 0 0 
3.65 1 0 0 
3.7 1 0 0 
3.75 1 0 0 
3.8 1 0 0 
3.85 1 0 0 
3.9 1 0 0 
3.95 1 0 0 
4 1 0 0 
4.05 1 0 0 
4.1 1 0 0 
4.15 1 0 0 
4.2 1 0 0 
4.25 1 0 0 
4.3 1 0 0 
4.35 1 0 0 
4.4 1 0 0 
4.45 1 0 0 
4.5 1 0 0 
4.55 1 0 0 
4.6 1 0 0 
4.65 1 0 0 
4.7 1 0 0 
4.75 1 0 0 
4.8 1 0 0 
4.85 1 0 0 
4.9 1 0 0 
4.95 1 0 0 
5 1 0 0 
