x, y, ksi, T
#iter= 1160000
0 0 0 1 
0.05 0 0 1 
0.1 0 0 1 
0.15 0 0 1 
0.2 0 0 1 
0.25 0 0 1 
0.3 0 0 1 
0.35 0 0 1 
0.4 0 0 1 
0.45 0 0 1 
0.5 0 0 1 
0.55 0 0 1 
0.6 0 0 1 
0.65 0 0 1 
0.7 0 0 1 
0.75 0 0 1 
0.8 0 0 1 
0.85 0 0 1 
0.9 0 0 1 
0.95 0 0 1 
1 0 0 1 
1.05 0 0 1 
1.1 0 0 1 
1.15 0 0 1 
1.2 0 0 1 
1.25 0 0 1 
1.3 0 0 1 
1.35 0 0 1 
1.4 0 0 1 
1.45 0 0 1 
1.5 0 0 1 
1.55 0 0 1 
1.6 0 0 1 
1.65 0 0 1 
1.7 0 0 1 
1.75 0 0 1 
1.8 0 0 1 
1.85 0 0 1 
1.9 0 0 1 
1.95 0 0 1 
2 0 0 1 
2.05 0 0 1 
2.1 0 0 1 
2.15 0 0 1 
2.2 0 0 1 
2.25 0 0 1 
2.3 0 0 1 
2.35 0 0 1 
2.4 0 0 1 
2.45 0 0 1 
2.5 0 0 1 
2.55 0 0 1 
2.6 0 0 1 
2.65 0 0 1 
2.7 0 0 1 
2.75 0 0 1 
2.8 0 0 1 
2.85 0 0 1 
2.9 0 0 1 
2.95 0 0 1 
3 0 0 1 
3.05 0 0 1 
3.1 0 0 1 
3.15 0 0 1 
3.2 0 0 1 
3.25 0 0 1 
3.3 0 0 1 
3.35 0 0 1 
3.4 0 0 1 
3.45 0 0 1 
3.5 0 0 1 
3.55 0 0 1 
3.6 0 0 1 
3.65 0 0 1 
3.7 0 0 1 
3.75 0 0 1 
3.8 0 0 1 
3.85 0 0 1 
3.9 0 0 1 
3.95 0 0 1 
4 0 0 1 
4.05 0 0 1 
4.1 0 0 1 
4.15 0 0 1 
4.2 0 0 1 
4.25 0 0 1 
4.3 0 0 1 
4.35 0 0 1 
4.4 0 0 1 
4.45 0 0 1 
4.5 0 0 1 
4.55 0 0 1 
4.6 0 0 1 
4.65 0 0 1 
4.7 0 0 1 
4.75 0 0 1 
4.8 0 0 1 
4.85 0 0 1 
4.9 0 0 1 
4.95 0 0 1 
5 0 0 1 
0 0.05 -0.00666392 0.885134 
0.05 0.05 -0.00458452 0.881998 
0.1 0.05 -0.00241227 0.88011 
0.15 0.05 -0.000207822 0.879445 
0.2 0.05 0.00197257 0.879988 
0.25 0.05 0.00406531 0.881715 
0.3 0.05 0.00600538 0.884584 
0.35 0.05 0.00773136 0.888538 
0.4 0.05 0.0091885 0.893503 
0.45 0.05 0.0103303 0.899389 
0.5 0.05 0.0111193 0.906091 
0.55 0.05 0.011527 0.913477 
0.6 0.05 0.0115341 0.921385 
0.65 0.05 0.0111312 0.929604 
0.7 0.05 0.0103201 0.937862 
0.75 0.05 0.0091159 0.945811 
0.8 0.05 0.00755025 0.953031 
0.85 0.05 0.00567315 0.959058 
0.9 0.05 0.00355387 0.963435 
0.95 0.05 0.00127893 0.965788 
1 0.05 -0.00105286 0.9659 
1.05 0.05 -0.00333801 0.963762 
1.1 0.05 -0.0054769 0.959571 
1.15 0.05 -0.0073815 0.953689 
1.2 0.05 -0.00898073 0.946567 
1.25 0.05 -0.0102227 0.938673 
1.3 0.05 -0.0110741 0.930432 
1.35 0.05 -0.0115185 0.9222 
1.4 0.05 -0.0115528 0.914257 
1.45 0.05 -0.011186 0.906819 
1.5 0.05 -0.0104367 0.900054 
1.55 0.05 -0.00933321 0.894094 
1.6 0.05 -0.00791322 0.889048 
1.65 0.05 -0.00622387 0.885006 
1.7 0.05 -0.00432136 0.882041 
1.75 0.05 -0.00226995 0.880208 
1.8 0.05 -0.000139991 0.879541 
1.85 0.05 0.00199481 0.880055 
1.9 0.05 0.00406051 0.881739 
1.95 0.05 0.00598614 0.88456 
2 0.05 0.0077065 0.888468 
2.05 0.05 0.0091642 0.89339 
2.1 0.05 0.0103108 0.899239 
2.15 0.05 0.0111075 0.905908 
2.2 0.05 0.0115246 0.91327 
2.25 0.05 0.0115421 0.921161 
2.3 0.05 0.0111499 0.929372 
2.35 0.05 0.0103493 0.937632 
2.4 0.05 0.00915497 0.945594 
2.45 0.05 0.00759794 0.952839 
2.5 0.05 0.00572776 0.958904 
2.55 0.05 0.00361324 0.96333 
2.6 0.05 0.0013406 0.96574 
2.65 0.05 -0.000991484 0.965912 
2.7 0.05 -0.00327942 0.963829 
2.75 0.05 -0.00542327 0.959685 
2.8 0.05 -0.00733452 0.953839 
2.85 0.05 -0.00894153 0.946741 
2.9 0.05 -0.0101918 0.938858 
2.95 0.05 -0.0110517 0.93062 
3 0.05 -0.0115041 0.922383 
3.05 0.05 -0.0115459 0.914431 
3.1 0.05 -0.0111857 0.906981 
3.15 0.05 -0.0104422 0.900201 
3.2 0.05 -0.00934356 0.894226 
3.25 0.05 -0.0079274 0.889165 
3.3 0.05 -0.00624087 0.885108 
3.35 0.05 -0.00434023 0.882129 
3.4 0.05 -0.0022898 0.880283 
3.45 0.05 -0.000160003 0.879605 
3.5 0.05 0.00197532 0.880109 
3.55 0.05 0.00404207 0.881785 
3.6 0.05 0.00596912 0.8846 
3.65 0.05 0.00769106 0.888503 
3.7 0.05 0.00915032 0.893422 
3.75 0.05 0.0102983 0.89927 
3.8 0.05 0.011096 0.905941 
3.85 0.05 0.0115138 0.913303 
3.9 0.05 0.0115314 0.921196 
3.95 0.05 0.0111389 0.929409 
4 0.05 0.0103376 0.937669 
4.05 0.05 0.00914237 0.945629 
4.1 0.05 0.00758438 0.95287 
4.15 0.05 0.0057134 0.958929 
4.2 0.05 0.00359848 0.963346 
4.25 0.05 0.00132603 0.965746 
4.3 0.05 -0.00100514 0.965909 
4.35 0.05 -0.0032914 0.96382 
4.4 0.05 -0.00543286 0.959674 
4.45 0.05 -0.00734121 0.95383 
4.5 0.05 -0.00894513 0.946739 
4.55 0.05 -0.0101926 0.93887 
4.6 0.05 -0.0110509 0.930649 
4.65 0.05 -0.0115038 0.922433 
4.7 0.05 -0.0115502 0.914503 
4.75 0.05 -0.011201 0.907075 
4.8 0.05 -0.0104787 0.900312 
4.85 0.05 -0.00941728 0.894341 
4.9 0.05 -0.00806388 0.889259 
4.95 0.05 -0.00647872 0.885134 
5 0.05 -0.0047135 0.881998 
0 0.1 -0.0224904 0.771598 
0.05 0.1 -0.0157112 0.76544 
0.1 0.1 -0.00831396 0.761656 
0.15 0.1 -0.000663021 0.760309 
0.2 0.1 0.00695932 0.761382 
0.25 0.1 0.0142956 0.764823 
0.3 0.1 0.0211042 0.770546 
0.35 0.1 0.027163 0.778433 
0.4 0.1 0.032276 0.788335 
0.45 0.1 0.0362769 0.800071 
0.5 0.1 0.0390322 0.81343 
0.55 0.1 0.0404413 0.828156 
0.6 0.1 0.0404381 0.843934 
0.65 0.1 0.0389929 0.860353 
0.7 0.1 0.0361177 0.876878 
0.75 0.1 0.0318724 0.892818 
0.8 0.1 0.0263738 0.907332 
0.85 0.1 0.0198009 0.919476 
0.9 0.1 0.0123965 0.928314 
0.95 0.1 0.00445941 0.933072 
1 0.1 -0.00367186 0.9333 
1.05 0.1 -0.0116439 0.928976 
1.1 0.1 -0.0191155 0.920512 
1.15 0.1 -0.0257831 0.908655 
1.2 0.1 -0.0313979 0.894335 
1.25 0.1 -0.0357746 0.8785 
1.3 0.1 -0.0387908 0.862006 
1.35 0.1 -0.0403815 0.845559 
1.4 0.1 -0.0405311 0.829709 
1.45 0.1 -0.0392663 0.814877 
1.5 0.1 -0.0366511 0.801389 
1.55 0.1 -0.0327851 0.789505 
1.6 0.1 -0.0278018 0.779439 
1.65 0.1 -0.0218685 0.771371 
1.7 0.1 -0.0151844 0.76545 
1.75 0.1 -0.00797641 0.761788 
1.8 0.1 -0.000492232 0.760457 
1.85 0.1 0.00700893 0.761483 
1.9 0.1 0.0142671 0.764847 
1.95 0.1 0.0210325 0.770481 
2 0.1 0.027075 0.77828 
2.05 0.1 0.0321913 0.788099 
2.1 0.1 0.0362097 0.799763 
2.15 0.1 0.0389919 0.813061 
2.2 0.1 0.0404341 0.82774 
2.25 0.1 0.0404672 0.843485 
2.3 0.1 0.0390596 0.859887 
2.35 0.1 0.036221 0.876414 
2.4 0.1 0.0320099 0.89238 
2.45 0.1 0.0265411 0.906945 
2.5 0.1 0.0199921 0.919167 
2.55 0.1 0.0126041 0.928104 
2.6 0.1 0.00467509 0.932976 
2.65 0.1 -0.00345698 0.933324 
2.7 0.1 -0.0114382 0.929112 
2.75 0.1 -0.0189266 0.920743 
2.8 0.1 -0.0256167 0.908957 
2.85 0.1 -0.0312581 0.894683 
2.9 0.1 -0.0356635 0.878871 
2.95 0.1 -0.0387088 0.862381 
3 0.1 -0.0403278 0.845924 
3.05 0.1 -0.0405036 0.830054 
3.1 0.1 -0.0392624 0.815197 
3.15 0.1 -0.0366679 0.80168 
3.2 0.1 -0.0328192 0.789766 
3.25 0.1 -0.0278497 0.77967 
3.3 0.1 -0.0219268 0.771573 
3.35 0.1 -0.0152498 0.765624 
3.4 0.1 -0.00804574 0.761937 
3.45 0.1 -0.000562627 0.760582 
3.5 0.1 0.00693988 0.761589 
3.55 0.1 0.0142013 0.764936 
3.6 0.1 0.0209712 0.770558 
3.65 0.1 0.0270188 0.778348 
3.7 0.1 0.0321403 0.788162 
3.75 0.1 0.0361632 0.799824 
3.8 0.1 0.0389489 0.813123 
3.85 0.1 0.0403932 0.827805 
3.9 0.1 0.040427 0.843554 
3.95 0.1 0.0390185 0.85996 
4 0.1 0.0361778 0.876488 
4.05 0.1 0.0319638 0.892451 
4.1 0.1 0.0264921 0.907008 
4.15 0.1 0.0199407 0.919216 
4.2 0.1 0.0125517 0.928135 
4.25 0.1 0.00462365 0.932988 
4.3 0.1 -0.00350495 0.933317 
4.35 0.1 -0.0114801 0.929091 
4.4 0.1 -0.01896 0.920716 
4.45 0.1 -0.0256398 0.908935 
4.5 0.1 -0.0312702 0.894675 
4.55 0.1 -0.0356655 0.878888 
4.6 0.1 -0.0387043 0.862432 
4.65 0.1 -0.0403236 0.846015 
4.7 0.1 -0.0405119 0.830188 
4.75 0.1 -0.0393016 0.815373 
4.8 0.1 -0.036765 0.801885 
4.85 0.1 -0.0330095 0.789973 
4.9 0.1 -0.028172 0.779827 
4.95 0.1 -0.0223975 0.771598 
5 0.1 -0.0157739 0.76544 
0 0.15 -0.043826 0.664184 
0.05 0.15 -0.0305916 0.65519 
0.1 0.15 -0.0161502 0.649615 
0.15 0.15 -0.00114866 0.647606 
0.2 0.15 0.0138433 0.649173 
0.25 0.15 0.0282973 0.654247 
0.3 0.15 0.0417214 0.662698 
0.35 0.15 0.0536676 0.674341 
0.4 0.15 0.0637421 0.688945 
0.45 0.15 0.071613 0.706237 
0.5 0.15 0.0770146 0.725904 
0.55 0.15 0.0797493 0.747572 
0.6 0.15 0.0796905 0.770784 
0.65 0.15 0.0767864 0.794951 
0.7 0.15 0.0710692 0.819297 
0.75 0.15 0.0626672 0.842819 
0.8 0.15 0.0518183 0.864274 
0.85 0.15 0.0388802 0.88226 
0.9 0.15 0.02433 0.895369 
0.95 0.15 0.00874969 0.902435 
1 0.15 -0.00720581 0.902773 
1.05 0.15 -0.0228537 0.896352 
1.1 0.15 -0.037534 0.883794 
1.15 0.15 -0.050656 0.866231 
1.2 0.15 -0.0617313 0.845057 
1.25 0.15 -0.0703905 0.821686 
1.3 0.15 -0.0763843 0.797379 
1.35 0.15 -0.079575 0.773166 
1.4 0.15 -0.0799224 0.749844 
1.45 0.15 -0.077472 0.728017 
1.5 0.15 -0.0723461 0.708156 
1.55 0.15 -0.0647385 0.690638 
1.6 0.15 -0.0549134 0.675781 
1.65 0.15 -0.0432027 0.663858 
1.7 0.15 -0.0300019 0.655097 
1.75 0.15 -0.0157616 0.649674 
1.8 0.15 -0.000973302 0.647701 
1.85 0.15 0.0138487 0.649222 
1.9 0.15 0.0281886 0.654203 
1.95 0.15 0.0415507 0.662542 
2 0.15 0.0534779 0.674069 
2.05 0.15 0.0635668 0.688564 
2.1 0.15 0.0714765 0.705759 
2.15 0.15 0.0769338 0.725343 
2.2 0.15 0.0797352 0.746946 
2.25 0.15 0.0797488 0.770114 
2.3 0.15 0.076919 0.794259 
2.35 0.15 0.071274 0.818611 
2.4 0.15 0.0629389 0.84217 
2.45 0.15 0.0521483 0.863701 
2.5 0.15 0.0392567 0.8818 
2.55 0.15 0.0247386 0.895057 
2.6 0.15 0.00917396 0.902293 
2.65 0.15 -0.00678278 0.902809 
2.7 0.15 -0.0224482 0.896554 
2.75 0.15 -0.0371605 0.884136 
2.8 0.15 -0.0503258 0.866678 
2.85 0.15 -0.0614523 0.845571 
2.9 0.15 -0.0701671 0.822232 
2.95 0.15 -0.0762177 0.79793 
3 0.15 -0.0794637 0.773701 
3.05 0.15 -0.0798631 0.750349 
3.1 0.15 -0.0774597 0.728485 
3.15 0.15 -0.0723749 0.708581 
3.2 0.15 -0.0648021 0.691019 
3.25 0.15 -0.0550051 0.676117 
3.3 0.15 -0.0433158 0.664151 
3.35 0.15 -0.0301297 0.655349 
3.4 0.15 -0.0158979 0.649888 
3.45 0.15 -0.00111256 0.647881 
3.5 0.15 0.0137113 0.649372 
3.55 0.15 0.0280568 0.654329 
3.6 0.15 0.0414271 0.662649 
3.65 0.15 0.0533639 0.674164 
3.7 0.15 0.0634625 0.688651 
3.75 0.15 0.0713808 0.705845 
3.8 0.15 0.0768447 0.725431 
3.85 0.15 0.0796502 0.74704 
3.9 0.15 0.0796651 0.770213 
3.95 0.15 0.0768337 0.794364 
4 0.15 0.071185 0.818718 
4.05 0.15 0.0628448 0.842274 
4.1 0.15 0.0520489 0.863793 
4.15 0.15 0.0391531 0.881873 
4.2 0.15 0.0246336 0.895103 
4.25 0.15 0.00907148 0.902308 
4.3 0.15 -0.00687795 0.902795 
4.35 0.15 -0.0225309 0.896518 
4.4 0.15 -0.0372258 0.88409 
4.45 0.15 -0.0503698 0.866635 
4.5 0.15 -0.0614731 0.845547 
4.55 0.15 -0.0701653 0.822242 
4.6 0.15 -0.0761984 0.797985 
4.65 0.15 -0.0794374 0.773809 
4.7 0.15 -0.0798477 0.750514 
4.75 0.15 -0.0774825 0.728702 
4.8 0.15 -0.0724723 0.708832 
4.85 0.15 -0.0650161 0.691267 
4.9 0.15 -0.0553683 0.676299 
4.95 0.15 -0.0438114 0.664184 
5 0.15 -0.0305991 0.65519 
0 0.2 -0.0675591 0.568603 
0.05 0.2 -0.0470539 0.55708 
0.1 0.2 -0.0247371 0.549905 
0.15 0.2 -0.00152703 0.5473 
0.2 0.2 0.0217027 0.549313 
0.25 0.2 0.0441203 0.555866 
0.3 0.2 0.0649471 0.566784 
0.35 0.2 0.0834753 0.581807 
0.4 0.2 0.0990849 0.600616 
0.45 0.2 0.111256 0.62284 
0.5 0.2 0.119575 0.648063 
0.55 0.2 0.12374 0.675809 
0.6 0.2 0.123562 0.7055 
0.65 0.2 0.11897 0.736398 
0.7 0.2 0.110029 0.767529 
0.75 0.2 0.0969494 0.797622 
0.8 0.2 0.080112 0.825097 
0.85 0.2 0.0600758 0.84815 
0.9 0.2 0.0375781 0.864968 
0.95 0.2 0.0135104 0.874037 
1 0.2 -0.0111285 0.874472 
1.05 0.2 -0.035299 0.866228 
1.1 0.2 -0.0579953 0.850115 
1.15 0.2 -0.0783126 0.8276 
1.2 0.2 -0.0954971 0.800483 
1.25 0.2 -0.108972 0.770577 
1.3 0.2 -0.118339 0.739493 
1.35 0.2 -0.123374 0.708533 
1.4 0.2 -0.123998 0.678697 
1.45 0.2 -0.120273 0.650743 
1.5 0.2 -0.112377 0.625262 
1.55 0.2 -0.100607 0.602738 
1.6 0.2 -0.085371 0.583588 
1.65 0.2 -0.067185 0.568181 
1.7 0.2 -0.0466665 0.556834 
1.75 0.2 -0.02452 0.549799 
1.8 0.2 -0.00151517 0.547237 
1.85 0.2 0.0215424 0.549212 
1.9 0.2 0.0438448 0.555675 
1.95 0.2 0.0646158 0.566476 
2 0.2 0.0831406 0.581376 
2.05 0.2 0.098789 0.600066 
2.1 0.2 0.111031 0.622182 
2.15 0.2 0.119443 0.647314 
2.2 0.2 0.123716 0.674987 
2.25 0.2 0.123652 0.704627 
2.3 0.2 0.119176 0.735502 
2.35 0.2 0.110347 0.766643 
2.4 0.2 0.0973716 0.796787 
2.45 0.2 0.0806239 0.824359 
2.5 0.2 0.060659 0.847558 
2.55 0.2 0.0382104 0.864566 
2.6 0.2 0.0141669 0.873854 
2.65 0.2 -0.0104734 0.874516 
2.7 0.2 -0.0346703 0.866486 
2.75 0.2 -0.0574147 0.850553 
2.8 0.2 -0.0777976 0.828171 
2.85 0.2 -0.09506 0.801138 
2.9 0.2 -0.108619 0.771273 
2.95 0.2 -0.118075 0.740193 
3 0.2 -0.123194 0.709211 
3.05 0.2 -0.123899 0.679337 
3.1 0.2 -0.120247 0.651335 
3.15 0.2 -0.112416 0.6258 
3.2 0.2 -0.100701 0.603219 
3.25 0.2 -0.0855095 0.584012 
3.3 0.2 -0.0673577 0.568549 
3.35 0.2 -0.0468633 0.55715 
3.4 0.2 -0.0247312 0.550065 
3.45 0.2 -0.00173208 0.547459 
3.5 0.2 0.0213273 0.549395 
3.55 0.2 0.0436374 0.555827 
3.6 0.2 0.0644203 0.566605 
3.65 0.2 0.0829592 0.581488 
3.7 0.2 0.098622 0.600169 
3.75 0.2 0.110877 0.622284 
3.8 0.2 0.119299 0.647419 
3.85 0.2 0.123578 0.6751 
3.9 0.2 0.123516 0.70475 
3.95 0.2 0.119039 0.735632 
4 0.2 0.110204 0.766777 
4.05 0.2 0.0972209 0.796917 
4.1 0.2 0.0804655 0.824475 
4.15 0.2 0.060495 0.847649 
4.2 0.2 0.0380448 0.864621 
4.25 0.2 0.0140059 0.87387 
4.3 0.2 -0.0106225 0.874493 
4.35 0.2 -0.034799 0.866432 
4.4 0.2 -0.0575151 0.850482 
4.45 0.2 -0.0778627 0.828101 
4.5 0.2 -0.0950851 0.801086 
4.55 0.2 -0.108603 0.771257 
4.6 0.2 -0.118021 0.740225 
4.65 0.2 -0.123113 0.7093 
4.7 0.2 -0.12381 0.679485 
4.75 0.2 -0.120177 0.651536 
4.8 0.2 -0.1124 0.626034 
4.85 0.2 -0.100775 0.60345 
4.9 0.2 -0.0856927 0.584184 
4.95 0.2 -0.0676103 0.568603 
5 0.2 -0.0470157 0.55708 
0 0.25 -0.0912524 0.489114 
0.05 0.25 -0.063416 0.475404 
0.1 0.25 -0.0331843 0.466843 
0.15 0.25 -0.001733 0.463725 
0.2 0.25 0.0297672 0.46614 
0.25 0.25 0.0601789 0.474001 
0.3 0.25 0.0884297 0.487073 
0.35 0.25 0.113545 0.505006 
0.4 0.25 0.134674 0.52737 
0.45 0.25 0.151108 0.553687 
0.5 0.25 0.162289 0.58344 
0.55 0.25 0.167813 0.616058 
0.6 0.25 0.167438 0.650872 
0.65 0.25 0.161087 0.687034 
0.7 0.25 0.148861 0.723429 
0.75 0.25 0.131067 0.758589 
0.8 0.25 0.108232 0.790683 
0.85 0.25 0.0811176 0.817612 
0.9 0.25 0.0507193 0.837259 
0.95 0.25 0.0182303 0.847854 
1 0.25 -0.0150187 0.848361 
1.05 0.25 -0.0476447 0.838729 
1.1 0.25 -0.0783075 0.819906 
1.15 0.25 -0.105797 0.793605 
1.2 0.25 -0.129097 0.761926 
1.25 0.25 -0.147421 0.726984 
1.3 0.25 -0.16022 0.690643 
1.35 0.25 -0.167168 0.654407 
1.4 0.25 -0.168144 0.619422 
1.45 0.25 -0.163209 0.586559 
1.5 0.25 -0.152595 0.556499 
1.55 0.25 -0.136693 0.529817 
1.6 0.25 -0.116049 0.507032 
1.65 0.25 -0.0913646 0.48862 
1.7 0.25 -0.0634803 0.475008 
1.75 0.25 -0.0333611 0.466543 
1.8 0.25 -0.00206292 0.463456 
1.85 0.25 0.0293077 0.465835 
1.9 0.25 0.059641 0.473613 
1.95 0.25 0.0878717 0.486576 
2 0.25 0.113021 0.504391 
2.05 0.25 0.134229 0.52664 
2.1 0.25 0.150776 0.552853 
2.15 0.25 0.162095 0.582515 
2.2 0.25 0.167773 0.615062 
2.25 0.25 0.167558 0.649828 
2.3 0.25 0.161366 0.685971 
2.35 0.25 0.149294 0.722383 
2.4 0.25 0.13164 0.757606 
2.45 0.25 0.108925 0.789816 
2.5 0.25 0.0819068 0.816917 
2.55 0.25 0.0515743 0.836785 
2.6 0.25 0.0191178 0.847637 
2.65 0.25 -0.0141329 0.84841 
2.7 0.25 -0.0467934 0.839027 
2.75 0.25 -0.0775198 0.820413 
2.8 0.25 -0.105096 0.794267 
2.85 0.25 -0.1285 0.762686 
2.9 0.25 -0.146938 0.727789 
2.95 0.25 -0.159853 0.691453 
3 0.25 -0.166916 0.655192 
3.05 0.25 -0.168001 0.620163 
3.1 0.25 -0.163167 0.587243 
3.15 0.25 -0.152641 0.55712 
3.2 0.25 -0.136814 0.530373 
3.25 0.25 -0.116233 0.507522 
3.3 0.25 -0.0915958 0.489044 
3.35 0.25 -0.0637457 0.475369 
3.4 0.25 -0.0336475 0.466845 
3.45 0.25 -0.00235842 0.463705 
3.5 0.25 0.0290134 0.466037 
3.55 0.25 0.0593561 0.473777 
3.6 0.25 0.0876019 0.486712 
3.65 0.25 0.112769 0.504508 
3.7 0.25 0.133996 0.526748 
3.75 0.25 0.150561 0.552959 
3.8 0.25 0.161893 0.582627 
3.85 0.25 0.167579 0.615184 
3.9 0.25 0.167367 0.649962 
3.95 0.25 0.161173 0.686116 
4 0.25 0.149094 0.722533 
4.05 0.25 0.13143 0.757752 
4.1 0.25 0.108705 0.789946 
4.15 0.25 0.0816797 0.817018 
4.2 0.25 0.0513457 0.836845 
4.25 0.25 0.0188961 0.847648 
4.3 0.25 -0.0143374 0.848374 
4.35 0.25 -0.046969 0.838951 
4.4 0.25 -0.0776546 0.820313 
4.45 0.25 -0.105179 0.794161 
4.5 0.25 -0.128522 0.762593 
4.55 0.25 -0.146893 0.727727 
4.6 0.25 -0.159742 0.691434 
4.65 0.25 -0.166743 0.655222 
4.7 0.25 -0.167778 0.620244 
4.75 0.25 -0.162914 0.587369 
4.8 0.25 -0.152385 0.557276 
4.85 0.25 -0.136577 0.530532 
4.9 0.25 -0.116018 0.507649 
4.95 0.25 -0.0913582 0.489114 
5 0.25 -0.0633405 0.475404 
0 0.3 -0.113024 0.427105 
0.05 0.3 -0.0783941 0.411463 
0.1 0.3 -0.0408342 0.401667 
0.15 0.3 -0.00175583 0.3981 
0.2 0.3 0.0373953 0.400897 
0.25 0.3 0.0751942 0.40995 
0.3 0.3 0.110291 0.42494 
0.35 0.3 0.141458 0.445387 
0.4 0.3 0.167631 0.470714 
0.45 0.3 0.187926 0.500307 
0.5 0.3 0.201657 0.533534 
0.55 0.3 0.208339 0.56974 
0.6 0.3 0.207688 0.608187 
0.65 0.3 0.199632 0.647965 
0.7 0.3 0.184322 0.687877 
0.75 0.3 0.16216 0.726348 
0.8 0.3 0.133812 0.761406 
0.85 0.3 0.100232 0.790785 
0.9 0.3 0.0626446 0.8122 
0.95 0.3 0.0225107 0.823743 
1 0.3 -0.0185479 0.824295 
1.05 0.3 -0.0588484 0.813802 
1.1 0.3 -0.096758 0.793286 
1.15 0.3 -0.130796 0.764593 
1.2 0.3 -0.159712 0.729992 
1.25 0.3 -0.182525 0.691763 
1.3 0.3 -0.198538 0.651916 
1.35 0.3 -0.207328 0.612064 
1.4 0.3 -0.208718 0.573437 
1.45 0.3 -0.202761 0.536968 
1.5 0.3 -0.189721 0.503405 
1.55 0.3 -0.170069 0.473406 
1.6 0.3 -0.144472 0.447599 
1.65 0.3 -0.113798 0.426597 
1.7 0.3 -0.0790964 0.410975 
1.75 0.3 -0.0415782 0.401215 
1.8 0.3 -0.00257279 0.397647 
1.85 0.3 0.036524 0.400396 
1.9 0.3 0.0743122 0.409367 
1.95 0.3 0.10945 0.424253 
2 0.3 0.140708 0.444591 
2.05 0.3 0.167014 0.469814 
2.1 0.3 0.187474 0.499312 
2.15 0.3 0.201394 0.53246 
2.2 0.3 0.208277 0.568604 
2.25 0.3 0.207831 0.607012 
2.3 0.3 0.199977 0.646779 
2.35 0.3 0.18486 0.686717 
2.4 0.3 0.16287 0.725263 
2.45 0.3 0.134672 0.760451 
2.5 0.3 0.101209 0.79002 
2.55 0.3 0.0637022 0.811678 
2.6 0.3 0.0236082 0.8235 
2.65 0.3 -0.0174522 0.824342 
2.7 0.3 -0.0577944 0.81412 
2.75 0.3 -0.095781 0.793831 
2.8 0.3 -0.129925 0.765306 
2.85 0.3 -0.158967 0.730811 
2.9 0.3 -0.181918 0.692633 
2.95 0.3 -0.198076 0.652792 
3 0.3 -0.207007 0.612914 
3.05 0.3 -0.208532 0.57424 
3.1 0.3 -0.202699 0.537711 
3.15 0.3 -0.18977 0.504081 
3.2 0.3 -0.170213 0.474011 
3.25 0.3 -0.144695 0.448132 
3.3 0.3 -0.114082 0.427058 
3.35 0.3 -0.0794245 0.411365 
3.4 0.3 -0.0419341 0.401537 
3.45 0.3 -0.00294162 0.397907 
3.5 0.3 0.0361553 0.400603 
3.55 0.3 0.0739541 0.409529 
3.6 0.3 0.10911 0.424382 
3.65 0.3 0.14039 0.444698 
3.7 0.3 0.166718 0.469911 
3.75 0.3 0.187199 0.499409 
3.8 0.3 0.201135 0.532564 
3.85 0.3 0.208029 0.568722 
3.9 0.3 0.207587 0.607145 
3.95 0.3 0.19973 0.646925 
4 0.3 0.184604 0.686871 
4.05 0.3 0.162603 0.725414 
4.1 0.3 0.134393 0.760586 
4.15 0.3 0.100921 0.790123 
4.2 0.3 0.0634131 0.811735 
4.25 0.3 0.0233281 0.823503 
4.3 0.3 -0.01771 0.824289 
4.35 0.3 -0.0580145 0.814019 
4.4 0.3 -0.0959473 0.793696 
4.45 0.3 -0.130021 0.765156 
4.5 0.3 -0.158978 0.730664 
4.55 0.3 -0.181833 0.692504 
4.6 0.3 -0.197884 0.652691 
4.65 0.3 -0.206705 0.612847 
4.7 0.3 -0.208122 0.574208 
4.75 0.3 -0.202187 0.53771 
4.8 0.3 -0.189168 0.504103 
4.85 0.3 -0.169526 0.474046 
4.9 0.3 -0.143918 0.448171 
4.95 0.3 -0.113174 0.427105 
5 0.3 -0.0782886 0.411463 
0 0.35 -0.131451 0.381091 
0.05 0.35 -0.0910269 0.363608 
0.1 0.35 -0.0472114 0.352616 
0.15 0.35 -0.00162043 0.348621 
0.2 0.35 0.0440596 0.351814 
0.25 0.35 0.0881502 0.362047 
0.3 0.35 0.129056 0.378875 
0.35 0.35 0.165331 0.401632 
0.4 0.35 0.195722 0.429541 
0.45 0.35 0.219205 0.461804 
0.5 0.35 0.234992 0.497649 
0.55 0.35 0.242538 0.53633 
0.6 0.35 0.24154 0.577059 
0.65 0.35 0.231944 0.618899 
0.7 0.35 0.213957 0.66064 
0.75 0.35 0.188069 0.70069 
0.8 0.35 0.155075 0.737052 
0.85 0.35 0.116088 0.767438 
0.9 0.35 0.0725231 0.78954 
0.95 0.35 0.0260534 0.801438 
1 0.35 -0.0214699 0.802007 
1.05 0.35 -0.0681293 0.791192 
1.1 0.35 -0.112062 0.770019 
1.15 0.35 -0.151572 0.74035 
1.2 0.35 -0.185216 0.704471 
1.25 0.35 -0.21185 0.664687 
1.3 0.35 -0.230647 0.623031 
1.35 0.35 -0.241087 0.581133 
1.4 0.35 -0.242936 0.540239 
1.45 0.35 -0.236223 0.501302 
1.5 0.35 -0.221228 0.465119 
1.55 0.35 -0.198471 0.432436 
1.6 0.35 -0.168719 0.404015 
1.65 0.35 -0.132975 0.380651 
1.7 0.35 -0.0924665 0.363121 
1.75 0.35 -0.0486206 0.352099 
1.8 0.35 -0.00301058 0.348054 
1.85 0.35 0.0427079 0.35117 
1.9 0.35 0.0868739 0.361305 
1.95 0.35 0.127899 0.378025 
2 0.35 0.164334 0.400676 
2.05 0.35 0.194921 0.428491 
2.1 0.35 0.218627 0.460673 
2.15 0.35 0.234654 0.496455 
2.2 0.35 0.242449 0.535089 
2.25 0.35 0.241699 0.575793 
2.3 0.35 0.232344 0.617635 
2.35 0.35 0.214581 0.659415 
2.4 0.35 0.188895 0.699549 
2.45 0.35 0.156074 0.736052 
2.5 0.35 0.117222 0.766637 
2.55 0.35 0.0737489 0.788992 
2.6 0.35 0.0273248 0.801178 
2.65 0.35 -0.0202004 0.802045 
2.7 0.35 -0.0669071 0.791508 
2.75 0.35 -0.110928 0.77057 
2.8 0.35 -0.150558 0.741075 
2.85 0.35 -0.184346 0.705307 
2.9 0.35 -0.211139 0.665578 
2.95 0.35 -0.230101 0.62393 
3 0.35 -0.240705 0.582009 
3.05 0.35 -0.242711 0.541069 
3.1 0.35 -0.236142 0.502074 
3.15 0.35 -0.221276 0.465824 
3.2 0.35 -0.198633 0.433068 
3.25 0.35 -0.168974 0.404573 
3.3 0.35 -0.133302 0.381132 
3.35 0.35 -0.0928476 0.363524 
3.4 0.35 -0.0490359 0.352427 
3.45 0.35 -0.00344252 0.348313 
3.5 0.35 0.0422748 0.351367 
3.55 0.35 0.0864521 0.361451 
3.6 0.35 0.127497 0.378133 
3.65 0.35 0.163957 0.400761 
3.7 0.35 0.194571 0.428565 
3.75 0.35 0.2183 0.460748 
3.8 0.35 0.234347 0.496539 
3.85 0.35 0.242153 0.535189 
3.9 0.35 0.241408 0.575911 
3.95 0.35 0.232048 0.61777 
4 0.35 0.214276 0.659559 
4.05 0.35 0.188577 0.699692 
4.1 0.35 0.155742 0.736179 
4.15 0.35 0.11688 0.766732 
4.2 0.35 0.0734057 0.789039 
4.25 0.35 0.0269925 0.801166 
4.3 0.35 -0.0205059 0.801972 
4.35 0.35 -0.067167 0.791379 
4.4 0.35 -0.111121 0.770396 
4.45 0.35 -0.150663 0.740873 
4.5 0.35 -0.184341 0.705093 
4.55 0.35 -0.211004 0.665363 
4.6 0.35 -0.229816 0.623723 
4.65 0.35 -0.240255 0.581812 
4.7 0.35 -0.242081 0.540883 
4.75 0.35 -0.235325 0.501899 
4.8 0.35 -0.220264 0.465663 
4.85 0.35 -0.197419 0.432927 
4.9 0.35 -0.167546 0.404467 
4.95 0.35 -0.131635 0.381091 
5 0.35 -0.0908982 0.363608 
0 0.4 -0.145483 0.347718 
0.05 0.4 -0.100613 0.328348 
0.1 0.4 -0.051982 0.316109 
0.15 0.4 -0.00137119 0.311674 
0.2 0.4 0.0493372 0.315301 
0.25 0.4 0.0982582 0.326784 
0.3 0.4 0.143598 0.345504 
0.35 0.4 0.183734 0.370552 
0.4 0.4 0.217272 0.400887 
0.45 0.4 0.243082 0.435475 
0.5 0.4 0.260308 0.473368 
0.55 0.4 0.268376 0.51371 
0.6 0.4 0.266982 0.555669 
0.65 0.4 0.256104 0.598311 
0.7 0.4 0.236006 0.640464 
0.75 0.4 0.20726 0.680602 
0.8 0.4 0.170764 0.716819 
0.85 0.4 0.127751 0.746935 
0.9 0.4 0.0797723 0.768764 
0.95 0.4 0.0286497 0.780488 
1 0.4 -0.0236123 0.781048 
1.05 0.4 -0.07494 0.770392 
1.1 0.4 -0.123316 0.749488 
1.15 0.4 -0.166897 0.720093 
1.2 0.4 -0.2041 0.684375 
1.25 0.4 -0.233658 0.644528 
1.3 0.4 -0.254639 0.602492 
1.35 0.4 -0.26644 0.559828 
1.4 0.4 -0.268763 0.517741 
1.45 0.4 -0.261605 0.477177 
1.5 0.4 -0.245239 0.438973 
1.55 0.4 -0.220212 0.403975 
1.6 0.4 -0.18735 0.37312 
1.65 0.4 -0.147756 0.347433 
1.7 0.4 -0.102796 0.327956 
1.75 0.4 -0.0540699 0.315618 
1.8 0.4 -0.00335013 0.311071 
1.85 0.4 0.0474923 0.314573 
1.9 0.4 0.0965803 0.325925 
1.95 0.4 0.142122 0.344521 
2 0.4 0.182493 0.369461 
2.05 0.4 0.216293 0.399709 
2.1 0.4 0.242382 0.434231 
2.15 0.4 0.259898 0.472078 
2.2 0.4 0.268257 0.512394 
2.25 0.4 0.267149 0.554347 
2.3 0.4 0.256543 0.597008 
2.35 0.4 0.236696 0.639214 
2.4 0.4 0.208174 0.679448 
2.45 0.4 0.171866 0.715813 
2.5 0.4 0.129 0.746132 
2.55 0.4 0.0811218 0.768212 
2.6 0.4 0.0300486 0.78022 
2.65 0.4 -0.0222155 0.781073 
2.7 0.4 -0.0735944 0.77069 
2.75 0.4 -0.122065 0.750017 
2.8 0.4 -0.165776 0.720795 
2.85 0.4 -0.203136 0.68519 
2.9 0.4 -0.232867 0.645401 
2.95 0.4 -0.254029 0.603378 
3 0.4 -0.266009 0.560697 
3.05 0.4 -0.268505 0.51857 
3.1 0.4 -0.261508 0.477953 
3.15 0.4 -0.245285 0.439687 
3.2 0.4 -0.220384 0.404621 
3.25 0.4 -0.187627 0.373691 
3.3 0.4 -0.148116 0.347924 
3.35 0.4 -0.103218 0.328365 
3.4 0.4 -0.0545312 0.315944 
3.45 0.4 -0.00383123 0.31132 
3.5 0.4 0.0470088 0.314751 
3.55 0.4 0.0961084 0.326045 
3.6 0.4 0.141672 0.344598 
3.65 0.4 0.182071 0.369512 
3.7 0.4 0.215899 0.399748 
3.75 0.4 0.242015 0.434272 
3.8 0.4 0.259552 0.472132 
3.85 0.4 0.267923 0.512466 
3.9 0.4 0.26682 0.554439 
3.95 0.4 0.25621 0.597119 
4 0.4 0.236352 0.639336 
4.05 0.4 0.207815 0.67957 
4.1 0.4 0.171492 0.71592 
4.15 0.4 0.128615 0.746207 
4.2 0.4 0.0807342 0.768239 
4.25 0.4 0.0296729 0.780187 
4.3 0.4 -0.0225611 0.780974 
4.35 0.4 -0.0738877 0.770528 
4.4 0.4 -0.122281 0.749799 
4.45 0.4 -0.165888 0.720534 
4.5 0.4 -0.203113 0.684896 
4.55 0.4 -0.232681 0.645083 
4.6 0.4 -0.25365 0.603041 
4.65 0.4 -0.265407 0.56034 
4.7 0.4 -0.267652 0.518194 
4.75 0.4 -0.260377 0.477562 
4.8 0.4 -0.243854 0.439292 
4.85 0.4 -0.218633 0.404244 
4.9 0.4 -0.185543 0.373372 
4.95 0.4 -0.145693 0.347718 
5 0.4 -0.100467 0.328348 
0 0.45 -0.154387 0.323001 
0.05 0.45 -0.106664 0.30167 
0.1 0.45 -0.0549223 0.288121 
0.15 0.45 -0.00105926 0.283229 
0.2 0.45 0.0529031 0.287328 
0.25 0.45 0.104932 0.30014 
0.3 0.45 0.153092 0.320838 
0.35 0.45 0.19564 0.348221 
0.4 0.45 0.23109 0.380935 
0.45 0.45 0.258249 0.417667 
0.5 0.45 0.276235 0.45726 
0.55 0.45 0.284467 0.49873 
0.6 0.45 0.282665 0.541195 
0.65 0.45 0.270846 0.583738 
0.7 0.45 0.249328 0.625261 
0.75 0.45 0.218749 0.66437 
0.8 0.45 0.18008 0.699338 
0.85 0.45 0.134631 0.728205 
0.9 0.45 0.0840284 0.749018 
0.95 0.45 0.0301698 0.760161 
1 0.45 -0.0248677 0.760693 
1.05 0.45 -0.0789384 0.750568 
1.1 0.45 -0.129952 0.730645 
1.15 0.45 -0.17599 0.702484 
1.2 0.45 -0.215394 0.668025 
1.25 0.45 -0.246819 0.629236 
1.3 0.45 -0.269259 0.587872 
1.35 0.45 -0.282044 0.545361 
1.4 0.45 -0.284819 0.502824 
1.45 0.45 -0.277537 0.461186 
1.5 0.45 -0.260448 0.421327 
1.55 0.45 -0.234096 0.384215 
1.6 0.45 -0.199334 0.350989 
1.65 0.45 -0.15732 0.322949 
1.7 0.45 -0.10951 0.301453 
1.75 0.45 -0.0576219 0.287728 
1.8 0.45 -0.00357228 0.282649 
1.85 0.45 0.0506104 0.286559 
1.9 0.45 0.102891 0.299195 
1.95 0.45 0.151331 0.319742 
2 0.45 0.194184 0.347008 
2.05 0.45 0.229954 0.37964 
2.1 0.45 0.257444 0.416322 
2.15 0.45 0.275762 0.455892 
2.2 0.45 0.28432 0.49736 
2.25 0.45 0.282832 0.539842 
2.3 0.45 0.271307 0.582425 
2.35 0.45 0.250058 0.624018 
2.4 0.45 0.219716 0.663234 
2.45 0.45 0.181245 0.698354 
2.5 0.45 0.135949 0.727423 
2.55 0.45 0.0854509 0.748478 
2.6 0.45 0.0316431 0.759891 
2.65 0.45 -0.023397 0.7607 
2.7 0.45 -0.077521 0.750833 
2.75 0.45 -0.128633 0.731129 
2.8 0.45 -0.174807 0.703136 
2.85 0.45 -0.214373 0.668789 
2.9 0.45 -0.245978 0.630062 
2.95 0.45 -0.268608 0.58872 
3 0.45 -0.281581 0.5462 
3.05 0.45 -0.284538 0.503633 
3.1 0.45 -0.277427 0.461952 
3.15 0.45 -0.260491 0.422039 
3.2 0.45 -0.234273 0.384864 
3.25 0.45 -0.199624 0.351565 
3.3 0.45 -0.157701 0.323445 
3.35 0.45 -0.109957 0.301862 
3.4 0.45 -0.058113 0.288048 
3.45 0.45 -0.00408579 0.282882 
3.5 0.45 0.0500934 0.286713 
3.55 0.45 0.102386 0.299283 
3.6 0.45 0.150849 0.319782 
3.65 0.45 0.19373 0.347018 
3.7 0.45 0.229532 0.379638 
3.75 0.45 0.25705 0.416323 
3.8 0.45 0.27539 0.455906 
3.85 0.45 0.283961 0.497395 
3.9 0.45 0.282478 0.539899 
3.95 0.45 0.270948 0.582502 
4 0.45 0.249687 0.624108 
4.05 0.45 0.219329 0.663326 
4.1 0.45 0.180841 0.698433 
4.15 0.45 0.135533 0.72747 
4.2 0.45 0.0850312 0.748479 
4.25 0.45 0.0312353 0.759831 
4.3 0.45 -0.0237729 0.76057 
4.35 0.45 -0.0778403 0.750633 
4.4 0.45 -0.128867 0.730862 
4.45 0.45 -0.174923 0.702809 
4.5 0.45 -0.214336 0.668406 
4.55 0.45 -0.24575 0.629627 
4.6 0.45 -0.268147 0.588232 
4.65 0.45 -0.280845 0.545656 
4.7 0.45 -0.283485 0.503034 
4.75 0.45 -0.276015 0.461304 
4.8 0.45 -0.258684 0.421362 
4.85 0.45 -0.232044 0.384196 
4.9 0.45 -0.19696 0.350968 
4.95 0.45 -0.154614 0.323001 
5 0.45 -0.106507 0.30167 
0 0.5 -0.157699 0.303219 
0.05 0.5 -0.108873 0.279962 
0.1 0.5 -0.0558993 0.265118 
0.15 0.5 -0.000733623 0.259779 
0.2 0.5 0.054528 0.26436 
0.25 0.5 0.107772 0.278501 
0.3 0.5 0.15699 0.301155 
0.35 0.5 0.20038 0.33081 
0.4 0.5 0.236418 0.365784 
0.45 0.5 0.2639 0.40447 
0.5 0.5 0.281946 0.445487 
0.55 0.5 0.290003 0.487714 
0.6 0.5 0.287826 0.530206 
0.65 0.5 0.275475 0.572069 
0.7 0.5 0.253316 0.612296 
0.75 0.5 0.222031 0.649658 
0.8 0.5 0.182628 0.682669 
0.85 0.5 0.136443 0.70966 
0.9 0.5 0.0851188 0.728982 
0.95 0.5 0.0305528 0.739281 
1 0.5 -0.0251855 0.739773 
1.05 0.5 -0.0799623 0.730417 
1.1 0.5 -0.131696 0.711931 
1.15 0.5 -0.178468 0.685623 
1.2 0.5 -0.218605 0.653125 
1.25 0.5 -0.250738 0.616113 
1.3 0.5 -0.273823 0.576096 
1.35 0.5 -0.287145 0.534328 
1.4 0.5 -0.290302 0.491829 
1.45 0.5 -0.283201 0.449501 
1.5 0.5 -0.266053 0.408272 
1.55 0.5 -0.239377 0.369245 
1.6 0.5 -0.204014 0.333774 
1.65 0.5 -0.161135 0.303452 
1.7 0.5 -0.11223 0.279969 
1.75 0.5 -0.0590748 0.264867 
1.8 0.5 -0.00366424 0.259258 
1.85 0.5 0.0518853 0.263577 
1.9 0.5 0.105449 0.277487 
1.95 0.5 0.155011 0.299957 
2 0.5 0.198761 0.329484 
2.05 0.5 0.235168 0.364382 
2.1 0.5 0.263019 0.403035 
2.15 0.5 0.281428 0.444053 
2.2 0.5 0.289834 0.486304 
2.25 0.5 0.287988 0.528841 
2.3 0.5 0.275943 0.570767 
2.35 0.5 0.25406 0.611081 
2.4 0.5 0.223015 0.648563 
2.45 0.5 0.183812 0.681729 
2.5 0.5 0.137781 0.708915 
2.55 0.5 0.0865603 0.728466 
2.6 0.5 0.0320444 0.739015 
2.65 0.5 -0.0236972 0.73976 
2.7 0.5 -0.0785275 0.730642 
2.75 0.5 -0.13036 0.712359 
2.8 0.5 -0.177267 0.686209 
2.85 0.5 -0.217567 0.653821 
2.9 0.5 -0.249881 0.616875 
2.95 0.5 -0.273156 0.576889 
3 0.5 -0.286668 0.535123 
3.05 0.5 -0.29001 0.492607 
3.1 0.5 -0.283083 0.450247 
3.15 0.5 -0.266092 0.408974 
3.2 0.5 -0.239554 0.369891 
3.25 0.5 -0.204308 0.334352 
3.3 0.5 -0.161522 0.30395 
3.35 0.5 -0.112687 0.280376 
3.4 0.5 -0.0595782 0.265178 
3.45 0.5 -0.0041915 0.259473 
3.5 0.5 0.0513539 0.263703 
3.55 0.5 0.10493 0.27754 
3.6 0.5 0.154515 0.299956 
3.65 0.5 0.198295 0.32945 
3.7 0.5 0.234734 0.364335 
3.75 0.5 0.262614 0.402991 
3.8 0.5 0.281045 0.444024 
3.85 0.5 0.289466 0.486296 
3.9 0.5 0.287623 0.528857 
3.95 0.5 0.275573 0.570804 
4 0.5 0.253677 0.611132 
4.05 0.5 0.222615 0.648616 
4.1 0.5 0.183394 0.68177 
4.15 0.5 0.137348 0.708927 
4.2 0.5 0.0861228 0.728432 
4.25 0.5 0.0316177 0.738921 
4.3 0.5 -0.0240922 0.739594 
4.35 0.5 -0.0788645 0.730399 
4.4 0.5 -0.130607 0.712037 
4.45 0.5 -0.177388 0.685807 
4.5 0.5 -0.217522 0.65334 
4.55 0.5 -0.249624 0.616311 
4.6 0.5 -0.272638 0.576235 
4.65 0.5 -0.285836 0.534374 
4.7 0.5 -0.288809 0.491761 
4.75 0.5 -0.28146 0.449312 
4.8 0.5 -0.264001 0.407979 
4.85 0.5 -0.236961 0.36889 
4.9 0.5 -0.201202 0.33343 
4.95 0.5 -0.157934 0.303219 
5 0.5 -0.10871 0.279962 
0 0.55 -0.155214 0.285308 
0.05 0.55 -0.107105 0.260387 
0.1 0.55 -0.0548628 0.244421 
0.15 0.55 -0.000435117 0.238702 
0.2 0.55 0.0540809 0.243717 
0.25 0.55 0.106567 0.259032 
0.3 0.55 0.155016 0.283391 
0.35 0.55 0.197633 0.315001 
0.4 0.55 0.232917 0.351875 
0.45 0.55 0.259694 0.392136 
0.5 0.55 0.277127 0.434199 
0.55 0.55 0.284708 0.476805 
0.6 0.55 0.282238 0.518953 
0.65 0.55 0.26982 0.559758 
0.7 0.55 0.24785 0.598308 
0.75 0.55 0.21703 0.633551 
0.8 0.55 0.178365 0.664258 
0.85 0.55 0.13317 0.689077 
0.9 0.55 0.0830378 0.706692 
0.95 0.55 0.0297978 0.71603 
1 0.55 -0.0245649 0.716475 
1.05 0.55 -0.0780067 0.707996 
1.1 0.55 -0.128532 0.691155 
1.15 0.55 -0.17429 0.666987 
1.2 0.55 -0.213661 0.636794 
1.25 0.55 -0.2453 0.601931 
1.3 0.55 -0.268165 0.56364 
1.35 0.55 -0.281524 0.522992 
1.4 0.55 -0.284944 0.480906 
1.45 0.55 -0.278291 0.438261 
1.5 0.55 -0.261727 0.396041 
1.55 0.55 -0.235725 0.355477 
1.6 0.55 -0.201085 0.318126 
1.65 0.55 -0.158942 0.285848 
1.7 0.55 -0.110767 0.260637 
1.75 0.55 -0.0583266 0.24433 
1.8 0.55 -0.00361941 0.238254 
1.85 0.55 0.0512276 0.242931 
1.9 0.55 0.104079 0.257959 
1.95 0.55 0.152913 0.282103 
2 0.55 0.195927 0.313572 
2.05 0.55 0.231609 0.350375 
2.1 0.55 0.258776 0.390622 
2.15 0.55 0.276587 0.43271 
2.2 0.55 0.284526 0.475368 
2.25 0.55 0.282391 0.517586 
2.3 0.55 0.270278 0.558478 
2.35 0.55 0.248581 0.597135 
2.4 0.55 0.217996 0.632508 
2.45 0.55 0.179526 0.663372 
2.5 0.55 0.134478 0.688378 
2.55 0.55 0.0844445 0.706205 
2.6 0.55 0.0312516 0.715771 
2.65 0.55 -0.0231151 0.716444 
2.7 0.55 -0.0766091 0.708177 
2.75 0.55 -0.127229 0.691521 
2.8 0.55 -0.173118 0.6675 
2.85 0.55 -0.212646 0.637416 
2.9 0.55 -0.24446 0.602622 
2.95 0.55 -0.267509 0.564371 
3 0.55 -0.281054 0.523737 
3.05 0.55 -0.284655 0.481646 
3.1 0.55 -0.278171 0.438981 
3.15 0.55 -0.261762 0.396728 
3.2 0.55 -0.235897 0.356115 
3.25 0.55 -0.201373 0.318701 
3.3 0.55 -0.159324 0.286343 
3.35 0.55 -0.111218 0.261039 
3.4 0.55 -0.0588239 0.24463 
3.45 0.55 -0.00414075 0.23845 
3.5 0.55 0.050702 0.243031 
3.55 0.55 0.103565 0.257979 
3.6 0.55 0.152423 0.282063 
3.65 0.55 0.195467 0.313496 
3.7 0.55 0.231181 0.350284 
3.75 0.55 0.258377 0.390534 
3.8 0.55 0.276211 0.432637 
3.85 0.55 0.284163 0.475318 
3.9 0.55 0.282032 0.51756 
3.95 0.55 0.269913 0.558473 
4 0.55 0.248202 0.597143 
4.05 0.55 0.217599 0.632519 
4.1 0.55 0.179109 0.663372 
4.15 0.55 0.134045 0.68835 
4.2 0.55 0.084005 0.706132 
4.25 0.55 0.0308207 0.715637 
4.3 0.55 -0.0235165 0.716237 
4.35 0.55 -0.076954 0.707887 
4.4 0.55 -0.127485 0.691139 
4.45 0.55 -0.173246 0.667021 
4.5 0.55 -0.212603 0.636831 
4.55 0.55 -0.244194 0.601922 
4.6 0.55 -0.266967 0.563545 
4.65 0.55 -0.280174 0.522775 
4.7 0.55 -0.283376 0.480544 
4.75 0.55 -0.276433 0.437751 
4.8 0.55 -0.259511 0.395405 
4.85 0.55 -0.233095 0.354769 
4.9 0.55 -0.198013 0.317439 
4.95 0.55 -0.155448 0.285308 
5 0.55 -0.106943 0.260387 
0 0.6 -0.146991 0.266922 
0.05 0.6 -0.101401 0.240894 
0.1 0.6 -0.0518462 0.224175 
0.15 0.6 -0.000192958 0.21821 
0.2 0.6 0.0515378 0.223541 
0.25 0.6 0.101305 0.239674 
0.3 0.6 0.147177 0.265193 
0.35 0.6 0.187439 0.298087 
0.4 0.6 0.220667 0.336141 
0.45 0.6 0.245764 0.377276 
0.5 0.6 0.261965 0.419749 
0.55 0.6 0.268822 0.462196 
0.6 0.6 0.266188 0.503564 
0.65 0.6 0.254197 0.54298 
0.7 0.6 0.233259 0.579615 
0.75 0.6 0.204064 0.612579 
0.8 0.6 0.167576 0.640885 
0.85 0.6 0.125035 0.663484 
0.9 0.6 0.0779306 0.679373 
0.95 0.6 0.0279581 0.687747 
1 0.6 -0.0230496 0.688145 
1.05 0.6 -0.0732082 0.680545 
1.1 0.6 -0.120675 0.665366 
1.15 0.6 -0.163737 0.643384 
1.2 0.6 -0.200879 0.615587 
1.25 0.6 -0.230834 0.583024 
1.3 0.6 -0.252606 0.546691 
1.35 0.6 -0.265474 0.507484 
1.4 0.6 -0.268996 0.466233 
1.45 0.6 -0.263006 0.4238 
1.5 0.6 -0.247616 0.381216 
1.55 0.6 -0.22324 0.339812 
1.6 0.6 -0.190604 0.301302 
1.65 0.6 -0.150771 0.267747 
1.7 0.6 -0.105132 0.241372 
1.75 0.6 -0.05538 0.224238 
1.8 0.6 -0.00343774 0.217839 
1.85 0.6 0.0486396 0.222765 
1.9 0.6 0.0987891 0.238561 
1.95 0.6 0.145063 0.263835 
2 0.6 0.185734 0.296579 
2.05 0.6 0.219367 0.334568 
2.1 0.6 0.244858 0.375704 
2.15 0.6 0.261433 0.418224 
2.2 0.6 0.26864 0.460748 
2.25 0.6 0.266329 0.50221 
2.3 0.6 0.25463 0.541735 
2.35 0.6 0.233951 0.578492 
2.4 0.6 0.204977 0.611595 
2.45 0.6 0.16867 0.640059 
2.5 0.6 0.126265 0.662836 
2.55 0.6 0.0792511 0.678919 
2.6 0.6 0.0293209 0.687497 
2.65 0.6 -0.0216916 0.688097 
2.7 0.6 -0.0718994 0.680686 
2.75 0.6 -0.119455 0.665673 
2.8 0.6 -0.162638 0.643827 
2.85 0.6 -0.199927 0.616134 
2.9 0.6 -0.230045 0.583645 
2.95 0.6 -0.251988 0.547359 
3 0.6 -0.26503 0.508176 
3.05 0.6 -0.268722 0.466932 
3.1 0.6 -0.262891 0.42449 
3.15 0.6 -0.247649 0.381881 
3.2 0.6 -0.223402 0.340436 
3.25 0.6 -0.190876 0.301867 
3.3 0.6 -0.151132 0.268234 
3.35 0.6 -0.105561 0.241765 
3.4 0.6 -0.0558526 0.224525 
3.45 0.6 -0.00393339 0.218016 
3.5 0.6 0.0481402 0.22284 
3.55 0.6 0.0983015 0.23855 
3.6 0.6 0.144598 0.26376 
3.65 0.6 0.185299 0.296466 
3.7 0.6 0.218963 0.334439 
3.75 0.6 0.244481 0.375578 
3.8 0.6 0.261078 0.418114 
3.85 0.6 0.268299 0.460659 
3.9 0.6 0.265991 0.502145 
3.95 0.6 0.254285 0.54169 
4 0.6 0.233592 0.578459 
4.05 0.6 0.204599 0.611564 
4.1 0.6 0.168271 0.640016 
4.15 0.6 0.125849 0.662766 
4.2 0.6 0.0788263 0.678805 
4.25 0.6 0.0289016 0.687322 
4.3 0.6 -0.0220853 0.687847 
4.35 0.6 -0.0722414 0.680346 
4.4 0.6 -0.119713 0.665231 
4.45 0.6 -0.162773 0.643269 
4.5 0.6 -0.199894 0.615448 
4.55 0.6 -0.229793 0.582815 
4.6 0.6 -0.251458 0.54637 
4.65 0.6 -0.26416 0.507015 
4.7 0.6 -0.267446 0.465593 
4.75 0.6 -0.261146 0.422988 
4.8 0.6 -0.245378 0.380259 
4.85 0.6 -0.220569 0.338776 
4.9 0.6 -0.187477 0.300297 
4.95 0.6 -0.147213 0.266922 
5 0.6 -0.101248 0.240894 
0 0.65 -0.133378 0.24634 
0.05 0.65 -0.0920012 0.220068 
0.1 0.65 -0.0469765 0.203167 
0.15 0.65 -2.29942e-05 0.197159 
0.2 0.65 0.0469947 0.202615 
0.25 0.65 0.0921934 0.219004 
0.3 0.65 0.133795 0.244827 
0.35 0.65 0.170232 0.277959 
0.4 0.65 0.20021 0.316072 
0.45 0.65 0.22275 0.356986 
0.5 0.65 0.237179 0.398881 
0.55 0.65 0.243126 0.44034 
0.6 0.65 0.240487 0.480283 
0.65 0.65 0.229419 0.517856 
0.7 0.65 0.210322 0.552298 
0.75 0.65 0.183839 0.582858 
0.8 0.65 0.150857 0.608754 
0.85 0.65 0.112495 0.629191 
0.9 0.65 0.0700862 0.643431 
0.95 0.65 0.0251381 0.650893 
1 0.65 -0.0207257 0.651247 
1.05 0.65 -0.0658384 0.644479 
1.1 0.65 -0.108568 0.630885 
1.15 0.65 -0.147393 0.611025 
1.2 0.65 -0.180957 0.585625 
1.25 0.65 -0.208115 0.555475 
1.3 0.65 -0.227957 0.52136 
1.35 0.65 -0.23981 0.484031 
1.4 0.65 -0.243244 0.444242 
1.45 0.65 -0.238075 0.402835 
1.5 0.65 -0.224372 0.360862 
1.55 0.65 -0.202477 0.319708 
1.6 0.65 -0.173024 0.281163 
1.65 0.65 -0.136964 0.247389 
1.7 0.65 -0.0955569 0.220729 
1.75 0.65 -0.0503537 0.203359 
1.8 0.65 -0.00312651 0.196861 
1.85 0.65 0.0442257 0.201863 
1.9 0.65 0.089796 0.21788 
1.95 0.65 0.131789 0.243438 
2 0.65 0.16862 0.276415 
2.05 0.65 0.198988 0.314469 
2.1 0.65 0.221901 0.355397 
2.15 0.65 0.236683 0.397356 
2.2 0.65 0.242956 0.438908 
2.25 0.65 0.240615 0.478964 
2.3 0.65 0.229814 0.51666 
2.35 0.65 0.210951 0.551235 
2.4 0.65 0.184667 0.581939 
2.45 0.65 0.151846 0.607991 
2.5 0.65 0.113604 0.628596 
2.55 0.65 0.071274 0.643013 
2.6 0.65 0.0263621 0.650656 
2.65 0.65 -0.0195073 0.651188 
2.7 0.65 -0.0646648 0.644586 
2.75 0.65 -0.107474 0.63114 
2.8 0.65 -0.146407 0.611405 
2.85 0.65 -0.180101 0.586103 
2.9 0.65 -0.207406 0.556028 
2.95 0.65 -0.227402 0.521965 
3 0.65 -0.23941 0.484668 
3.05 0.65 -0.242997 0.444894 
3.1 0.65 -0.237972 0.403486 
3.15 0.65 -0.224402 0.361495 
3.2 0.65 -0.202624 0.320306 
3.25 0.65 -0.173272 0.281706 
3.3 0.65 -0.137293 0.247857 
3.35 0.65 -0.095947 0.221104 
3.4 0.65 -0.0507842 0.203627 
3.45 0.65 -0.0035777 0.197019 
3.5 0.65 0.0437715 0.201916 
3.55 0.65 0.0893533 0.217845 
3.6 0.65 0.131368 0.243338 
3.65 0.65 0.168227 0.276276 
3.7 0.65 0.198624 0.314312 
3.75 0.65 0.221563 0.355243 
3.8 0.65 0.236365 0.397216 
3.85 0.65 0.242649 0.438789 
3.9 0.65 0.240311 0.478866 
3.95 0.65 0.229504 0.51658 
4 0.65 0.210626 0.551166 
4.05 0.65 0.184323 0.581871 
4.1 0.65 0.151481 0.60791 
4.15 0.65 0.113222 0.628487 
4.2 0.65 0.0708807 0.642859 
4.25 0.65 0.0259708 0.650442 
4.3 0.65 -0.0198783 0.650897 
4.35 0.65 -0.0649913 0.6442 
4.4 0.65 -0.107726 0.630644 
4.45 0.65 -0.146547 0.610781 
4.5 0.65 -0.180087 0.585333 
4.55 0.65 -0.207186 0.555092 
4.6 0.65 -0.22692 0.520844 
4.65 0.65 -0.238606 0.483349 
4.7 0.65 -0.241805 0.443372 
4.75 0.65 -0.23633 0.401777 
4.8 0.65 -0.222256 0.359648 
4.85 0.65 -0.199941 0.318412 
4.9 0.65 -0.170049 0.279908 
4.95 0.65 -0.133578 0.24634 
5 0.65 -0.0918636 0.220068 
0 0.7 -0.115057 0.22238 
0.05 0.7 -0.0793675 0.196978 
0.1 0.7 -0.0404892 0.180627 
0.15 0.7 7.25352e-05 0.174835 
0.2 0.7 0.0406832 0.180162 
0.25 0.7 0.0796931 0.19608 
0.3 0.7 0.11555 0.221095 
0.35 0.7 0.146889 0.2531 
0.4 0.7 0.1726 0.289791 
0.45 0.7 0.191848 0.329016 
0.5 0.7 0.204075 0.368975 
0.55 0.7 0.208984 0.408267 
0.6 0.7 0.206516 0.445833 
0.65 0.7 0.19683 0.480849 
0.7 0.7 0.180291 0.512622 
0.75 0.7 0.15747 0.540513 
0.8 0.7 0.129135 0.563899 
0.85 0.7 0.0962473 0.582183 
0.9 0.7 0.0599422 0.594827 
0.95 0.7 0.0214955 0.601421 
1 0.7 -0.017723 0.601734 
1.05 0.7 -0.0563086 0.595755 
1.1 0.7 -0.0928849 0.583692 
1.15 0.7 -0.126163 0.56594 
1.2 0.7 -0.154991 0.543022 
1.25 0.7 -0.178386 0.515533 
1.3 0.7 -0.195557 0.484091 
1.35 0.7 -0.205912 0.449331 
1.4 0.7 -0.209059 0.411937 
1.45 0.7 -0.204813 0.372715 
1.5 0.7 -0.193206 0.332699 
1.55 0.7 -0.174507 0.293258 
1.6 0.7 -0.149244 0.256165 
1.65 0.7 -0.118219 0.223556 
1.7 0.7 -0.0825226 0.197752 
1.75 0.7 -0.0434998 0.18091 
1.8 0.7 -0.00270135 0.174603 
1.85 0.7 0.0382069 0.179457 
1.9 0.7 0.0775517 0.194989 
1.95 0.7 0.113762 0.219734 
2 0.7 0.145459 0.251585 
2.05 0.7 0.17152 0.288222 
2.1 0.7 0.191102 0.327469 
2.15 0.7 0.203642 0.3675 
2.2 0.7 0.208839 0.406895 
2.25 0.7 0.20663 0.444581 
2.3 0.7 0.197175 0.479727 
2.35 0.7 0.180836 0.511636 
2.4 0.7 0.158184 0.53967 
2.45 0.7 0.129985 0.563206 
2.5 0.7 0.0971982 0.581644 
2.55 0.7 0.0609582 0.594448 
2.6 0.7 0.0225407 0.601201 
2.65 0.7 -0.0166838 0.60167 
2.7 0.7 -0.0553084 0.595836 
2.75 0.7 -0.0919528 0.583904 
2.8 0.7 -0.125323 0.566263 
2.85 0.7 -0.154262 0.543438 
2.9 0.7 -0.177782 0.516021 
2.95 0.7 -0.195084 0.484632 
3 0.7 -0.205572 0.449907 
3.05 0.7 -0.208849 0.412533 
3.1 0.7 -0.204727 0.373315 
3.15 0.7 -0.193234 0.333286 
3.2 0.7 -0.174636 0.293815 
3.25 0.7 -0.149459 0.256672 
3.3 0.7 -0.118505 0.223993 
3.35 0.7 -0.0828607 0.1981 
3.4 0.7 -0.0438725 0.181155 
3.45 0.7 -0.0030915 0.174741 
3.5 0.7 0.0378148 0.179493 
3.55 0.7 0.0771705 0.194939 
3.6 0.7 0.113401 0.21962 
3.65 0.7 0.145123 0.251431 
3.7 0.7 0.17121 0.288051 
3.75 0.7 0.190815 0.327299 
3.8 0.7 0.203372 0.367343 
3.85 0.7 0.208579 0.406757 
3.9 0.7 0.206372 0.444462 
3.95 0.7 0.19691 0.479623 
4 0.7 0.180559 0.511541 
4.05 0.7 0.157888 0.539573 
4.1 0.7 0.129669 0.563095 
4.15 0.7 0.0968644 0.581505 
4.2 0.7 0.0606124 0.594265 
4.25 0.7 0.0221935 0.600958 
4.3 0.7 -0.0170167 0.601349 
4.35 0.7 -0.0556058 0.59542 
4.4 0.7 -0.0921881 0.583373 
4.45 0.7 -0.125464 0.565599 
4.5 0.7 -0.154268 0.542618 
4.55 0.7 -0.177608 0.515024 
4.6 0.7 -0.19468 0.483439 
4.65 0.7 -0.20488 0.448504 
4.7 0.7 -0.20781 0.410916 
4.75 0.7 -0.203285 0.371503 
4.8 0.7 -0.191342 0.331332 
4.85 0.7 -0.172265 0.291816 
4.9 0.7 -0.146609 0.254772 
4.95 0.7 -0.115222 0.22238 
5 0.7 -0.0792536 0.196978 
0 0.75 -0.0930918 0.194351 
0.05 0.75 -0.0642257 0.171072 
0.1 0.75 -0.032748 0.15609 
0.15 0.75 0.000103742 0.150798 
0.2 0.75 0.0329876 0.155712 
0.25 0.75 0.0645509 0.170338 
0.3 0.75 0.0935239 0.193291 
0.35 0.75 0.118798 0.222617 
0.4 0.75 0.139477 0.256183 
0.45 0.75 0.154895 0.291995 
0.5 0.75 0.16462 0.328382 
0.55 0.75 0.168431 0.364037 
0.6 0.75 0.166298 0.397971 
0.65 0.75 0.15837 0.429425 
0.7 0.75 0.144955 0.457779 
0.75 0.75 0.126524 0.482489 
0.8 0.75 0.103701 0.50306 
0.85 0.75 0.0772573 0.519034 
0.9 0.75 0.048101 0.530023 
0.95 0.75 0.0172464 0.535733 
1 0.75 -0.0142199 0.536004 
1.05 0.75 -0.0451847 0.530828 
1.1 0.75 -0.0745564 0.52035 
1.15 0.75 -0.10131 0.504848 
1.2 0.75 -0.124526 0.484703 
1.25 0.75 -0.143415 0.460364 
1.3 0.75 -0.157335 0.432323 
1.35 0.75 -0.165798 0.401114 
1.4 0.75 -0.168474 0.367348 
1.45 0.75 -0.165195 0.331766 
1.5 0.75 -0.155968 0.295334 
1.55 0.75 -0.14099 0.259331 
1.6 0.75 -0.120669 0.225404 
1.65 0.75 -0.0956466 0.195534 
1.7 0.75 -0.0667987 0.171872 
1.75 0.75 -0.0352224 0.156416 
1.8 0.75 -0.00218745 0.150627 
1.85 0.75 0.0309378 0.155082 
1.9 0.75 0.0627787 0.169337 
1.95 0.75 0.0920475 0.192029 
2 0.75 0.117621 0.221209 
2.05 0.75 0.138592 0.254727 
2.1 0.75 0.154288 0.290563 
2.15 0.75 0.164271 0.327022 
2.2 0.75 0.168317 0.36278 
2.25 0.75 0.166396 0.396832 
2.3 0.75 0.158653 0.428412 
2.35 0.75 0.1454 0.456896 
2.4 0.75 0.127103 0.48174 
2.45 0.75 0.104386 0.502447 
2.5 0.75 0.0780223 0.518561 
2.55 0.75 0.0489165 0.529689 
2.6 0.75 0.0180838 0.535537 
2.65 0.75 -0.0133886 0.535942 
2.7 0.75 -0.0443854 0.53089 
2.75 0.75 -0.0738121 0.520524 
2.8 0.75 -0.10064 0.50512 
2.85 0.75 -0.123945 0.485058 
2.9 0.75 -0.142933 0.460785 
2.95 0.75 -0.156958 0.432794 
3 0.75 -0.165528 0.401621 
3.05 0.75 -0.168308 0.367875 
3.1 0.75 -0.165129 0.332299 
3.15 0.75 -0.155994 0.295859 
3.2 0.75 -0.141097 0.25983 
3.25 0.75 -0.120846 0.225858 
3.3 0.75 -0.0958794 0.195925 
3.35 0.75 -0.0670737 0.172181 
3.4 0.75 -0.035525 0.156632 
3.45 0.75 -0.00250358 0.150744 
3.5 0.75 0.0306209 0.155106 
3.55 0.75 0.0624715 0.16928 
3.6 0.75 0.0917575 0.191914 
3.65 0.75 0.117352 0.221057 
3.7 0.75 0.138345 0.254558 
3.75 0.75 0.154061 0.290394 
3.8 0.75 0.164058 0.326864 
3.85 0.75 0.168112 0.362636 
3.9 0.75 0.166192 0.396705 
3.95 0.75 0.158444 0.428297 
4 0.75 0.145178 0.456787 
4.05 0.75 0.126865 0.481628 
4.1 0.75 0.104131 0.502321 
4.15 0.75 0.0777498 0.518407 
4.2 0.75 0.0486317 0.529493 
4.25 0.75 0.017795 0.535284 
4.3 0.75 -0.0136688 0.535613 
4.35 0.75 -0.04464 0.530469 
4.4 0.75 -0.0740191 0.519992 
4.45 0.75 -0.100772 0.504457 
4.5 0.75 -0.12397 0.484242 
4.55 0.75 -0.142812 0.459795 
4.6 0.75 -0.156648 0.431611 
4.65 0.75 -0.16498 0.400233 
4.7 0.75 -0.167474 0.366282 
4.75 0.75 -0.163961 0.330522 
4.8 0.75 -0.154454 0.293949 
4.85 0.75 -0.139163 0.257881 
4.9 0.75 -0.118524 0.224009 
4.95 0.75 -0.0932099 0.194351 
5 0.75 -0.0641438 0.171072 
0 0.8 -0.0689846 0.162034 
0.05 0.8 -0.0476024 0.142109 
0.1 0.8 -0.0242665 0.129296 
0.15 0.8 9.01829e-05 0.124781 
0.2 0.8 0.0244615 0.129002 
0.25 0.8 0.0478347 0.141533 
0.3 0.8 0.0692616 0.161189 
0.35 0.8 0.087918 0.186297 
0.4 0.8 0.103143 0.21503 
0.45 0.8 0.114453 0.245671 
0.5 0.8 0.12154 0.276776 
0.55 0.8 0.124255 0.307211 
0.6 0.8 0.122589 0.336112 
0.65 0.8 0.116663 0.362819 
0.7 0.8 0.106715 0.386801 
0.75 0.8 0.0930962 0.407613 
0.8 0.8 0.0762689 0.424861 
0.85 0.8 0.0568013 0.4382 
0.9 0.8 0.0353567 0.447344 
0.95 0.8 0.0126755 0.452086 
1 0.8 -0.0104511 0.452311 
1.05 0.8 -0.0332128 0.448014 
1.1 0.8 -0.0548145 0.439297 
1.15 0.8 -0.0745088 0.426357 
1.2 0.8 -0.0916228 0.409473 
1.25 0.8 -0.105577 0.388982 
1.3 0.8 -0.115895 0.365271 
1.35 0.8 -0.122213 0.33878 
1.4 0.8 -0.124278 0.310027 
1.45 0.8 -0.121955 0.279657 
1.5 0.8 -0.115234 0.248515 
1.55 0.8 -0.104248 0.217711 
1.6 0.8 -0.089287 0.188671 
1.65 0.8 -0.0708154 0.163102 
1.7 0.8 -0.0494805 0.142846 
1.75 0.8 -0.0260986 0.129617 
1.8 0.8 -0.00162078 0.124662 
1.85 0.8 0.0229249 0.128475 
1.9 0.8 0.0465057 0.140676 
1.95 0.8 0.0681564 0.160101 
2 0.8 0.0870402 0.18508 
2.05 0.8 0.102487 0.213769 
2.1 0.8 0.114006 0.244432 
2.15 0.8 0.121287 0.275603 
2.2 0.8 0.124177 0.30613 
2.25 0.8 0.122667 0.335136 
2.3 0.8 0.116878 0.361955 
2.35 0.8 0.107047 0.386053 
2.4 0.8 0.0935261 0.406981 
2.45 0.8 0.0767762 0.424347 
2.5 0.8 0.0573653 0.437803 
2.55 0.8 0.0359564 0.447065 
2.6 0.8 0.0132899 0.451921 
2.65 0.8 -0.00984211 0.452256 
2.7 0.8 -0.032628 0.448061 
2.75 0.8 -0.0542707 0.439437 
2.8 0.8 -0.0740199 0.426579 
2.85 0.8 -0.0911994 0.409764 
2.9 0.8 -0.105226 0.38933 
2.95 0.8 -0.115622 0.365663 
3 0.8 -0.122018 0.339203 
3.05 0.8 -0.124159 0.310469 
3.1 0.8 -0.121909 0.280106 
3.15 0.8 -0.115256 0.248957 
3.2 0.8 -0.10433 0.218132 
3.25 0.8 -0.0894197 0.189055 
3.3 0.8 -0.0709896 0.163431 
3.35 0.8 -0.0496855 0.143106 
3.4 0.8 -0.0263235 0.129797 
3.45 0.8 -0.00185512 0.124757 
3.5 0.8 0.0226908 0.12849 
3.55 0.8 0.0462796 0.140622 
3.6 0.8 0.0679439 0.159996 
3.65 0.8 0.0868443 0.184943 
3.7 0.8 0.102308 0.213617 
3.75 0.8 0.113842 0.244279 
3.8 0.8 0.121134 0.275458 
3.85 0.8 0.12403 0.305997 
3.9 0.8 0.122521 0.335016 
3.95 0.8 0.116727 0.361844 
4 0.8 0.106887 0.385945 
4.05 0.8 0.0933522 0.406869 
4.1 0.8 0.0765875 0.424221 
4.15 0.8 0.0571622 0.437652 
4.2 0.8 0.0357421 0.446876 
4.25 0.8 0.0130703 0.45168 
4.3 0.8 -0.010058 0.451948 
4.35 0.8 -0.0328276 0.447671 
4.4 0.8 -0.0544377 0.438946 
4.45 0.8 -0.0741339 0.42597 
4.5 0.8 -0.0912356 0.409017 
4.55 0.8 -0.105155 0.388427 
4.6 0.8 -0.11541 0.364587 
4.65 0.8 -0.12163 0.337945 
4.7 0.8 -0.123556 0.309031 
4.75 0.8 -0.121056 0.278509 
4.8 0.8 -0.114125 0.247249 
4.85 0.8 -0.102908 0.216398 
4.9 0.8 -0.087717 0.187415 
4.95 0.8 -0.0690438 0.162034 
5 0.8 -0.0475611 0.142109 
0 0.85 -0.0447389 0.125664 
0.05 0.85 -0.0308685 0.110118 
0.1 0.85 -0.0157325 0.100136 
0.15 0.85 5.60965e-05 0.0966273 
0.2 0.85 0.0158432 0.0999229 
0.25 0.85 0.0309695 0.109693 
0.3 0.85 0.0448174 0.125024 
0.35 0.85 0.0568523 0.144623 
0.4 0.85 0.0666489 0.16707 
0.45 0.85 0.0739012 0.191024 
0.5 0.85 0.0784178 0.21535 
0.55 0.85 0.0801113 0.239146 
0.6 0.85 0.078985 0.261725 
0.65 0.85 0.0751226 0.282559 
0.7 0.85 0.0686819 0.301231 
0.75 0.85 0.0598916 0.317396 
0.8 0.85 0.0490497 0.330758 
0.85 0.85 0.0365208 0.341068 
0.9 0.85 0.0227291 0.348122 
0.95 0.85 0.00814781 0.351775 
1 0.85 -0.00671784 0.351949 
1.05 0.85 -0.0213506 0.348639 
1.1 0.85 -0.0352428 0.341916 
1.15 0.85 -0.0479171 0.331916 
1.2 0.85 -0.0589426 0.318838 
1.25 0.85 -0.0679476 0.302926 
1.3 0.85 -0.0746259 0.284469 
1.35 0.85 -0.0787401 0.263805 
1.4 0.85 -0.0801233 0.241343 
1.45 0.85 -0.0786818 0.217598 
1.5 0.85 -0.0744017 0.193242 
1.55 0.85 -0.0673589 0.16916 
1.6 0.85 -0.0577324 0.146472 
1.65 0.85 -0.0458171 0.126515 
1.7 0.85 -0.032029 0.110719 
1.75 0.85 -0.016899 0.100411 
1.8 0.85 -0.00104935 0.0965517 
1.85 0.85 0.0148449 0.0995218 
1.9 0.85 0.0301055 0.109028 
1.95 0.85 0.0441006 0.124173 
2 0.85 0.0562854 0.143667 
2.05 0.85 0.0662279 0.166078 
2.1 0.85 0.0736173 0.190049 
2.15 0.85 0.0782598 0.214426 
2.2 0.85 0.0800667 0.238296 
2.25 0.85 0.0790408 0.260959 
2.3 0.85 0.0752659 0.281883 
2.35 0.85 0.0688998 0.300647 
2.4 0.85 0.0601712 0.316904 
2.45 0.85 0.049378 0.330359 
2.5 0.85 0.0368844 0.340761 
2.55 0.85 0.0231147 0.347906 
2.6 0.85 0.00854209 0.351647 
2.65 0.85 -0.00632777 0.351904 
2.7 0.85 -0.0209767 0.348673 
2.75 0.85 -0.0348957 0.342021 
2.8 0.85 -0.0476055 0.332085 
2.85 0.85 -0.0586733 0.319061 
2.9 0.85 -0.0677253 0.303193 
2.95 0.85 -0.0744532 0.28477 
3 0.85 -0.0786176 0.264132 
3.05 0.85 -0.08005 0.241685 
3.1 0.85 -0.0786552 0.217946 
3.15 0.85 -0.0744182 0.193586 
3.2 0.85 -0.0674137 0.169486 
3.25 0.85 -0.0578201 0.14677 
3.3 0.85 -0.0459312 0.12677 
3.35 0.85 -0.0321627 0.110921 
3.4 0.85 -0.0170452 0.10055 
3.45 0.85 -0.00120112 0.0966246 
3.5 0.85 0.0146939 0.0995319 
3.55 0.85 0.0299604 0.108984 
3.6 0.85 0.043965 0.124089 
3.65 0.85 0.0561612 0.143558 
3.7 0.85 0.0661152 0.165956 
3.75 0.85 0.0735147 0.189926 
3.8 0.85 0.0781647 0.214308 
3.85 0.85 0.0799756 0.238186 
3.9 0.85 0.0789499 0.260858 
3.95 0.85 0.0751715 0.281788 
4 0.85 0.0687985 0.300554 
4.05 0.85 0.0600607 0.316807 
4.1 0.85 0.0492568 0.33025 
4.15 0.85 0.0367527 0.340631 
4.2 0.85 0.0229742 0.347744 
4.25 0.85 0.00839642 0.351443 
4.3 0.85 -0.00647291 0.351646 
4.35 0.85 -0.0211133 0.348348 
4.4 0.85 -0.0350133 0.341615 
4.45 0.85 -0.0476908 0.331583 
4.5 0.85 -0.0587102 0.318447 
4.55 0.85 -0.0676943 0.302453 
4.6 0.85 -0.0743322 0.283892 
4.65 0.85 -0.0783821 0.263108 
4.7 0.85 -0.0796748 0.24052 
4.75 0.85 -0.0781172 0.216658 
4.8 0.85 -0.0737004 0.192216 
4.85 0.85 -0.0665116 0.168104 
4.9 0.85 -0.0567482 0.14547 
4.95 0.85 -0.0447271 0.125664 
5 0.85 -0.0308762 0.110118 
0 0.9 -0.0229258 0.0858746 
0.05 0.9 -0.0157871 0.0753706 
0.1 0.9 -0.0080371 0.0686454 
0.15 0.9 2.37452e-05 0.0662867 
0.2 0.9 0.0080726 0.068509 
0.25 0.9 0.0157757 0.0750942 
0.3 0.9 0.0228173 0.0854385 
0.35 0.9 0.0289248 0.0986838 
0.4 0.9 0.0338835 0.11388 
0.45 0.9 0.0375413 0.130124 
0.5 0.9 0.0398057 0.146641 
0.55 0.9 0.0406372 0.16281 
0.6 0.9 0.0400416 0.178155 
0.65 0.9 0.0380642 0.192308 
0.7 0.9 0.0347866 0.204981 
0.75 0.9 0.030325 0.21594 
0.8 0.9 0.0248298 0.224987 
0.85 0.9 0.0184846 0.231958 
0.9 0.9 0.011503 0.236723 
0.95 0.9 0.00412341 0.239189 
1 0.9 -0.00339956 0.239306 
1.05 0.9 -0.0108052 0.237072 
1.1 0.9 -0.0178376 0.232531 
1.15 0.9 -0.0242563 0.22577 
1.2 0.9 -0.0298443 0.216917 
1.25 0.9 -0.0344145 0.20613 
1.3 0.9 -0.0378123 0.193603 
1.35 0.9 -0.039917 0.179567 
1.4 0.9 -0.0406428 0.164301 
1.45 0.9 -0.0399393 0.148166 
1.5 0.9 -0.0377952 0.131627 
1.55 0.9 -0.0342442 0.115294 
1.6 0.9 -0.0293725 0.0999332 
1.65 0.9 -0.023326 0.0864452 
1.7 0.9 -0.0163151 0.0757889 
1.75 0.9 -0.00861103 0.068844 
1.8 0.9 -0.000534621 0.0662457 
1.85 0.9 0.00756493 0.068245 
1.9 0.9 0.0153366 0.0746484 
1.95 0.9 0.0224544 0.0848643 
2 0.9 0.0286395 0.0980359 
2.05 0.9 0.0336733 0.113206 
2.1 0.9 0.0374013 0.12946 
2.15 0.9 0.0397297 0.146011 
2.2 0.9 0.0406185 0.16223 
2.25 0.9 0.0400734 0.177632 
2.3 0.9 0.0381398 0.191847 
2.35 0.9 0.0348993 0.204583 
2.4 0.9 0.0304683 0.215605 
2.45 0.9 0.0249971 0.224716 
2.5 0.9 0.0186692 0.23175 
2.55 0.9 0.0116982 0.236576 
2.6 0.9 0.00432256 0.239101 
2.65 0.9 -0.00320294 0.239275 
2.7 0.9 -0.0106171 0.237094 
2.75 0.9 -0.0176633 0.232601 
2.8 0.9 -0.0241002 0.225883 
2.85 0.9 -0.0297099 0.217066 
2.9 0.9 -0.0343039 0.20631 
2.95 0.9 -0.0377268 0.193807 
3 0.9 -0.0398569 0.179787 
3.05 0.9 -0.0406075 0.164533 
3.1 0.9 -0.0399275 0.148401 
3.15 0.9 -0.0378051 0.13186 
3.2 0.9 -0.0342734 0.115515 
3.25 0.9 -0.0294182 0.100134 
3.3 0.9 -0.023385 0.0866176 
3.35 0.9 -0.0163838 0.0759249 
3.4 0.9 -0.00868585 0.0689377 
3.45 0.9 -0.000611944 0.066295 
3.5 0.9 0.00748836 0.0682521 
3.55 0.9 0.0152634 0.0746192 
3.6 0.9 0.0223865 0.0848076 
3.65 0.9 0.0285779 0.0979613 
3.7 0.9 0.0336179 0.113123 
3.75 0.9 0.0373513 0.129375 
3.8 0.9 0.0396837 0.145929 
3.85 0.9 0.0405746 0.162153 
3.9 0.9 0.0400295 0.17756 
3.95 0.9 0.0380939 0.191779 
4 0.9 0.0348496 0.204516 
4.05 0.9 0.0304134 0.215535 
4.1 0.9 0.0249362 0.224636 
4.15 0.9 0.0186023 0.231655 
4.2 0.9 0.011626 0.23646 
4.25 0.9 0.00424676 0.238955 
4.3 0.9 -0.00327956 0.239091 
4.35 0.9 -0.0106906 0.236863 
4.4 0.9 -0.0177284 0.232314 
4.45 0.9 -0.0241502 0.225529 
4.5 0.9 -0.0297365 0.216635 
4.55 0.9 -0.0342971 0.205792 
4.6 0.9 -0.0376751 0.193194 
4.65 0.9 -0.0397475 0.179075 
4.7 0.9 -0.040427 0.163725 
4.75 0.9 -0.0396638 0.147513 
4.8 0.9 -0.0374501 0.130921 
4.85 0.9 -0.0338277 0.114575 
4.9 0.9 -0.0288981 0.0992576 
4.95 0.9 -0.022831 0.0858746 
5 0.9 -0.0158523 0.0753706 
0 0.95 -0.00677279 0.0436044 
0.05 0.95 -0.00457584 0.0383821 
0.1 0.95 -0.00231417 0.0350558 
0.15 0.95 5.66264e-06 0.0338918 
0.2 0.95 0.00231435 0.0349915 
0.25 0.95 0.0045206 0.0382506 
0.3 0.95 0.00653384 0.0433783 
0.35 0.95 0.00827571 0.0499584 
0.4 0.95 0.00968539 0.0575261 
0.45 0.95 0.0107208 0.0656343 
0.5 0.95 0.0113575 0.0738949 
0.55 0.95 0.0115859 0.0819936 
0.6 0.95 0.0114089 0.0896863 
0.65 0.95 0.0108404 0.0967846 
0.7 0.95 0.00990374 0.103141 
0.75 0.95 0.00863173 0.108635 
0.8 0.95 0.00706677 0.11317 
0.85 0.95 0.0052606 0.116662 
0.9 0.95 0.00327366 0.119047 
0.95 0.95 0.00117352 0.120281 
1 0.95 -0.000967415 0.12034 
1.05 0.95 -0.00307499 0.119222 
1.1 0.95 -0.00507645 0.116948 
1.15 0.95 -0.00690357 0.113562 
1.2 0.95 -0.00849499 0.109125 
1.25 0.95 -0.0097979 0.103717 
1.3 0.95 -0.0107688 0.0974341 
1.35 0.95 -0.0113736 0.0903938 
1.4 0.95 -0.0115877 0.0827403 
1.45 0.95 -0.0113959 0.0746576 
1.5 0.95 -0.0107937 0.0663849 
1.55 0.95 -0.00978906 0.0582311 
1.6 0.95 -0.00840451 0.0505801 
1.65 0.95 -0.00668028 0.0438787 
1.7 0.95 -0.00467575 0.0385963 
1.75 0.95 -0.00246898 0.0351597 
1.8 0.95 -0.000153256 0.0338753 
1.85 0.95 0.00216925 0.0348636 
1.9 0.95 0.0043958 0.0380315 
1.95 0.95 0.0064315 0.0430943 
2 0.95 0.00819599 0.0496364 
2.05 0.95 0.00962734 0.0571897 
2.1 0.95 0.0106829 0.0653017 
2.15 0.95 0.0113377 0.0735787 
2.2 0.95 0.0115822 0.0817018 
2.25 0.95 0.0114193 0.0894233 
2.3 0.95 0.010863 0.0965525 
2.35 0.95 0.00993662 0.102941 
2.4 0.95 0.00867308 0.108467 
2.45 0.95 0.00711474 0.113033 
2.5 0.95 0.00531332 0.116557 
2.55 0.95 0.00332923 0.118973 
2.6 0.95 0.00123007 0.120237 
2.65 0.95 -0.00091172 0.120324 
2.7 0.95 -0.00302184 0.119232 
2.75 0.95 -0.00502735 0.116983 
2.8 0.95 -0.00685974 0.113618 
2.85 0.95 -0.00845737 0.109199 
2.9 0.95 -0.00976713 0.103806 
2.95 0.95 -0.0107452 0.0975356 
3 0.95 -0.0113572 0.0905041 
3.05 0.95 -0.0115783 0.0828561 
3.1 0.95 -0.0113932 0.0747754 
3.15 0.95 -0.0107971 0.0665011 
3.2 0.95 -0.0097979 0.0583415 
3.25 0.95 -0.00841798 0.0506805 
3.3 0.95 -0.00669748 0.0439648 
3.35 0.95 -0.00469566 0.0386642 
3.4 0.95 -0.00249053 0.0352067 
3.45 0.95 -0.000175416 0.0339003 
3.5 0.95 0.00214744 0.0348676 
3.55 0.95 0.00437513 0.0380176 
3.6 0.95 0.0064125 0.0430665 
3.65 0.95 0.00817893 0.0495995 
3.7 0.95 0.0096122 0.0571481 
3.75 0.95 0.0106694 0.065259 
3.8 0.95 0.0113254 0.0735371 
3.85 0.95 0.0115705 0.0816626 
3.9 0.95 0.0114077 0.0893866 
3.95 0.95 0.0108507 0.0965175 
4 0.95 0.00992313 0.102906 
4.05 0.95 0.00865796 0.10843 
4.1 0.95 0.00709773 0.112992 
4.15 0.95 0.00529435 0.116507 
4.2 0.95 0.00330848 0.118913 
4.25 0.95 0.00120798 0.120161 
4.3 0.95 -0.000934412 0.120229 
4.35 0.95 -0.00304405 0.119114 
4.4 0.95 -0.00504762 0.116835 
4.45 0.95 -0.0068762 0.113437 
4.5 0.95 -0.00846766 0.108979 
4.55 0.95 -0.00976839 0.103542 
4.6 0.95 -0.010734 0.0972238 
4.65 0.95 -0.0113299 0.090143 
4.7 0.95 -0.0115307 0.0824479 
4.75 0.95 -0.0113216 0.0743284 
4.8 0.95 -0.0106991 0.0660314 
4.85 0.95 -0.00967453 0.0578747 
4.9 0.95 -0.00828032 0.0502502 
4.95 0.95 -0.00658306 0.0436044 
5 0.95 -0.00470726 0.0383821 
0 1 0 0 
0.05 1 0 0 
0.1 1 0 0 
0.15 1 0 0 
0.2 1 0 0 
0.25 1 0 0 
0.3 1 0 0 
0.35 1 0 0 
0.4 1 0 0 
0.45 1 0 0 
0.5 1 0 0 
0.55 1 0 0 
0.6 1 0 0 
0.65 1 0 0 
0.7 1 0 0 
0.75 1 0 0 
0.8 1 0 0 
0.85 1 0 0 
0.9 1 0 0 
0.95 1 0 0 
1 1 0 0 
1.05 1 0 0 
1.1 1 0 0 
1.15 1 0 0 
1.2 1 0 0 
1.25 1 0 0 
1.3 1 0 0 
1.35 1 0 0 
1.4 1 0 0 
1.45 1 0 0 
1.5 1 0 0 
1.55 1 0 0 
1.6 1 0 0 
1.65 1 0 0 
1.7 1 0 0 
1.75 1 0 0 
1.8 1 0 0 
1.85 1 0 0 
1.9 1 0 0 
1.95 1 0 0 
2 1 0 0 
2.05 1 0 0 
2.1 1 0 0 
2.15 1 0 0 
2.2 1 0 0 
2.25 1 0 0 
2.3 1 0 0 
2.35 1 0 0 
2.4 1 0 0 
2.45 1 0 0 
2.5 1 0 0 
2.55 1 0 0 
2.6 1 0 0 
2.65 1 0 0 
2.7 1 0 0 
2.75 1 0 0 
2.8 1 0 0 
2.85 1 0 0 
2.9 1 0 0 
2.95 1 0 0 
3 1 0 0 
3.05 1 0 0 
3.1 1 0 0 
3.15 1 0 0 
3.2 1 0 0 
3.25 1 0 0 
3.3 1 0 0 
3.35 1 0 0 
3.4 1 0 0 
3.45 1 0 0 
3.5 1 0 0 
3.55 1 0 0 
3.6 1 0 0 
3.65 1 0 0 
3.7 1 0 0 
3.75 1 0 0 
3.8 1 0 0 
3.85 1 0 0 
3.9 1 0 0 
3.95 1 0 0 
4 1 0 0 
4.05 1 0 0 
4.1 1 0 0 
4.15 1 0 0 
4.2 1 0 0 
4.25 1 0 0 
4.3 1 0 0 
4.35 1 0 0 
4.4 1 0 0 
4.45 1 0 0 
4.5 1 0 0 
4.55 1 0 0 
4.6 1 0 0 
4.65 1 0 0 
4.7 1 0 0 
4.75 1 0 0 
4.8 1 0 0 
4.85 1 0 0 
4.9 1 0 0 
4.95 1 0 0 
5 1 0 0 
