x, y, ksi, T
#iter= 1190000
0 0 0 1 
0.05 0 0 1 
0.1 0 0 1 
0.15 0 0 1 
0.2 0 0 1 
0.25 0 0 1 
0.3 0 0 1 
0.35 0 0 1 
0.4 0 0 1 
0.45 0 0 1 
0.5 0 0 1 
0.55 0 0 1 
0.6 0 0 1 
0.65 0 0 1 
0.7 0 0 1 
0.75 0 0 1 
0.8 0 0 1 
0.85 0 0 1 
0.9 0 0 1 
0.95 0 0 1 
1 0 0 1 
1.05 0 0 1 
1.1 0 0 1 
1.15 0 0 1 
1.2 0 0 1 
1.25 0 0 1 
1.3 0 0 1 
1.35 0 0 1 
1.4 0 0 1 
1.45 0 0 1 
1.5 0 0 1 
1.55 0 0 1 
1.6 0 0 1 
1.65 0 0 1 
1.7 0 0 1 
1.75 0 0 1 
1.8 0 0 1 
1.85 0 0 1 
1.9 0 0 1 
1.95 0 0 1 
2 0 0 1 
2.05 0 0 1 
2.1 0 0 1 
2.15 0 0 1 
2.2 0 0 1 
2.25 0 0 1 
2.3 0 0 1 
2.35 0 0 1 
2.4 0 0 1 
2.45 0 0 1 
2.5 0 0 1 
2.55 0 0 1 
2.6 0 0 1 
2.65 0 0 1 
2.7 0 0 1 
2.75 0 0 1 
2.8 0 0 1 
2.85 0 0 1 
2.9 0 0 1 
2.95 0 0 1 
3 0 0 1 
3.05 0 0 1 
3.1 0 0 1 
3.15 0 0 1 
3.2 0 0 1 
3.25 0 0 1 
3.3 0 0 1 
3.35 0 0 1 
3.4 0 0 1 
3.45 0 0 1 
3.5 0 0 1 
3.55 0 0 1 
3.6 0 0 1 
3.65 0 0 1 
3.7 0 0 1 
3.75 0 0 1 
3.8 0 0 1 
3.85 0 0 1 
3.9 0 0 1 
3.95 0 0 1 
4 0 0 1 
4.05 0 0 1 
4.1 0 0 1 
4.15 0 0 1 
4.2 0 0 1 
4.25 0 0 1 
4.3 0 0 1 
4.35 0 0 1 
4.4 0 0 1 
4.45 0 0 1 
4.5 0 0 1 
4.55 0 0 1 
4.6 0 0 1 
4.65 0 0 1 
4.7 0 0 1 
4.75 0 0 1 
4.8 0 0 1 
4.85 0 0 1 
4.9 0 0 1 
4.95 0 0 1 
5 0 0 1 
0 0.05 -0.00662667 0.885053 
0.05 0.05 -0.00454442 0.881941 
0.1 0.05 -0.00236973 0.880077 
0.15 0.05 -0.000164077 0.879437 
0.2 0.05 0.00201598 0.880006 
0.25 0.05 0.00410681 0.881758 
0.3 0.05 0.00604345 0.884651 
0.35 0.05 0.00776462 0.888629 
0.4 0.05 0.00921575 0.893616 
0.45 0.05 0.0103505 0.899522 
0.5 0.05 0.0111317 0.906241 
0.55 0.05 0.0115309 0.913642 
0.6 0.05 0.0115291 0.921561 
0.65 0.05 0.0111171 0.929785 
0.7 0.05 0.0102969 0.938041 
0.75 0.05 0.00908425 0.945979 
0.8 0.05 0.00751093 0.953178 
0.85 0.05 0.00562747 0.959173 
0.9 0.05 0.00350357 0.963508 
0.95 0.05 0.00122615 0.965812 
1 0.05 -0.0011058 0.965873 
1.05 0.05 -0.00338873 0.963685 
1.1 0.05 -0.0055232 0.95945 
1.15 0.05 -0.0074215 0.953534 
1.2 0.05 -0.00901297 0.946389 
1.25 0.05 -0.0102461 0.938482 
1.3 0.05 -0.0110882 0.930238 
1.35 0.05 -0.0115228 0.922009 
1.4 0.05 -0.0115475 0.914076 
1.45 0.05 -0.0111712 0.906652 
1.5 0.05 -0.010413 0.899904 
1.55 0.05 -0.00930133 0.893965 
1.6 0.05 -0.00787417 0.888942 
1.65 0.05 -0.00617887 0.884925 
1.7 0.05 -0.00427188 0.881987 
1.75 0.05 -0.00221766 0.880182 
1.8 0.05 -8.66562e-05 0.879545 
1.85 0.05 0.00204734 0.880088 
1.9 0.05 0.00411041 0.8818 
1.95 0.05 0.0060317 0.88465 
2 0.05 0.00774616 0.888584 
2.05 0.05 0.00919661 0.89353 
2.1 0.05 0.0103349 0.899401 
2.15 0.05 0.0111223 0.90609 
2.2 0.05 0.0115295 0.913467 
2.25 0.05 0.0115367 0.921369 
2.3 0.05 0.0111341 0.929586 
2.35 0.05 0.0103232 0.937842 
2.4 0.05 0.00911911 0.945791 
2.45 0.05 0.00755338 0.953012 
2.5 0.05 0.00567601 0.95904 
2.55 0.05 0.0035563 0.963419 
2.6 0.05 0.00128087 0.965773 
2.65 0.05 -0.00105138 0.965886 
2.7 0.05 -0.00333684 0.963747 
2.75 0.05 -0.00547577 0.959554 
2.8 0.05 -0.00738005 0.953669 
2.85 0.05 -0.0089785 0.946545 
2.9 0.05 -0.0102191 0.938649 
2.95 0.05 -0.0110688 0.930406 
3 0.05 -0.0115107 0.922174 
3.05 0.05 -0.0115422 0.914231 
3.1 0.05 -0.011172 0.906796 
3.15 0.05 -0.0104191 0.900036 
3.2 0.05 -0.0093119 0.894083 
3.25 0.05 -0.00788831 0.889046 
3.3 0.05 -0.00619567 0.885015 
3.35 0.05 -0.00429047 0.882064 
3.4 0.05 -0.00223719 0.880247 
3.45 0.05 -0.000106354 0.879599 
3.5 0.05 0.00202814 0.880131 
3.55 0.05 0.00409226 0.881836 
3.6 0.05 0.00601499 0.884678 
3.65 0.05 0.0077311 0.888607 
3.7 0.05 0.00918327 0.89355 
3.75 0.05 0.0103232 0.899419 
3.8 0.05 0.0111119 0.906107 
3.85 0.05 0.0115202 0.913485 
3.9 0.05 0.0115281 0.921388 
3.95 0.05 0.0111259 0.929605 
4 0.05 0.010315 0.937862 
4.05 0.05 0.00911075 0.94581 
4.1 0.05 0.00754477 0.953029 
4.15 0.05 0.00566724 0.959054 
4.2 0.05 0.0035476 0.963429 
4.25 0.05 0.00127263 0.965779 
4.3 0.05 -0.00105871 0.965889 
4.35 0.05 -0.00334277 0.96375 
4.4 0.05 -0.00547989 0.95956 
4.45 0.05 -0.0073821 0.953682 
4.5 0.05 -0.00897852 0.946569 
4.55 0.05 -0.0102177 0.938688 
4.6 0.05 -0.011067 0.930463 
4.65 0.05 -0.011511 0.922251 
4.7 0.05 -0.0115486 0.914331 
4.75 0.05 -0.0111911 0.906916 
4.8 0.05 -0.0104609 0.90017 
4.85 0.05 -0.00939253 0.894217 
4.9 0.05 -0.00803301 0.889156 
4.95 0.05 -0.00644255 0.885053 
5 0.05 -0.00467222 0.881941 
0 0.1 -0.0223635 0.771437 
0.05 0.1 -0.015571 0.765325 
0.1 0.1 -0.00816458 0.761591 
0.15 0.1 -0.000509456 0.760294 
0.2 0.1 0.0071116 0.761417 
0.25 0.1 0.0144411 0.764909 
0.3 0.1 0.0212375 0.770681 
0.35 0.1 0.0272794 0.778615 
0.4 0.1 0.0323711 0.788561 
0.45 0.1 0.0363472 0.800336 
0.5 0.1 0.0390746 0.81373 
0.55 0.1 0.0404538 0.828486 
0.6 0.1 0.0404193 0.844285 
0.65 0.1 0.0389423 0.860715 
0.7 0.1 0.0360357 0.877236 
0.75 0.1 0.0317608 0.893155 
0.8 0.1 0.0262357 0.907628 
0.85 0.1 0.019641 0.919709 
0.9 0.1 0.0122208 0.928463 
0.95 0.1 0.00427529 0.933121 
1 0.1 -0.00385644 0.933244 
1.05 0.1 -0.0118208 0.92882 
1.1 0.1 -0.0192772 0.920268 
1.15 0.1 -0.0259231 0.908344 
1.2 0.1 -0.0315111 0.893977 
1.25 0.1 -0.0358572 0.878118 
1.3 0.1 -0.0388404 0.861617 
1.35 0.1 -0.0403971 0.845178 
1.4 0.1 -0.0405125 0.829347 
1.45 0.1 -0.0392144 0.814543 
1.5 0.1 -0.0365679 0.80109 
1.55 0.1 -0.032673 0.789247 
1.6 0.1 -0.0276644 0.779227 
1.65 0.1 -0.0217102 0.77121 
1.7 0.1 -0.0150104 0.765343 
1.75 0.1 -0.00779253 0.761737 
1.8 0.1 -0.000304758 0.760464 
1.85 0.1 0.00719353 0.761549 
1.9 0.1 0.0144425 0.76497 
1.95 0.1 0.0211925 0.77066 
2 0.1 0.0272142 0.778511 
2.05 0.1 0.0323049 0.788379 
2.1 0.1 0.0362937 0.800087 
2.15 0.1 0.0390433 0.813423 
2.2 0.1 0.0404505 0.828134 
2.25 0.1 0.0404473 0.843901 
2.3 0.1 0.039003 0.860314 
2.35 0.1 0.0361286 0.876836 
2.4 0.1 0.0318837 0.892776 
2.45 0.1 0.0263848 0.907293 
2.5 0.1 0.0198111 0.919442 
2.55 0.1 0.0124053 0.928283 
2.6 0.1 0.00446672 0.933043 
2.65 0.1 -0.00366591 0.933271 
2.7 0.1 -0.0116387 0.928946 
2.75 0.1 -0.0191102 0.920478 
2.8 0.1 -0.0257764 0.908616 
2.85 0.1 -0.0313882 0.894291 
2.9 0.1 -0.0357601 0.878451 
2.95 0.1 -0.0387697 0.861954 
3 0.1 -0.0403518 0.845505 
3.05 0.1 -0.0404912 0.829656 
3.1 0.1 -0.0392147 0.81483 
3.15 0.1 -0.0365871 0.801351 
3.2 0.1 -0.0327082 0.78948 
3.25 0.1 -0.0277125 0.779432 
3.3 0.1 -0.0217681 0.771388 
3.35 0.1 -0.015075 0.765494 
3.4 0.1 -0.00786083 0.761864 
3.45 0.1 -0.000374047 0.760569 
3.5 0.1 0.00712561 0.761634 
3.55 0.1 0.0143778 0.765038 
3.6 0.1 0.0211326 0.770715 
3.65 0.1 0.0271597 0.778556 
3.7 0.1 0.0322561 0.788417 
3.75 0.1 0.0362504 0.800121 
3.8 0.1 0.0390047 0.813456 
3.85 0.1 0.0404156 0.828167 
3.9 0.1 0.040415 0.843936 
3.95 0.1 0.0389721 0.860352 
4 0.1 0.036098 0.876875 
4.05 0.1 0.0318528 0.892814 
4.1 0.1 0.0263534 0.907328 
4.15 0.1 0.0197794 0.919469 
4.2 0.1 0.0123741 0.928302 
4.25 0.1 0.00443741 0.933054 
4.3 0.1 -0.00369182 0.933277 
4.35 0.1 -0.0116596 0.92895 
4.4 0.1 -0.0191246 0.920487 
4.45 0.1 -0.0257834 0.908638 
4.5 0.1 -0.031388 0.894334 
4.55 0.1 -0.0357543 0.878523 
4.6 0.1 -0.0387621 0.862061 
4.65 0.1 -0.0403501 0.845652 
4.7 0.1 -0.0405073 0.829845 
4.75 0.1 -0.0392675 0.815056 
4.8 0.1 -0.0367033 0.801602 
4.85 0.1 -0.0329229 0.789727 
4.9 0.1 -0.0280637 0.779621 
4.95 0.1 -0.0222712 0.771437 
5 0.1 -0.015633 0.765325 
0 0.15 -0.0435769 0.663946 
0.05 0.15 -0.030315 0.655022 
0.1 0.15 -0.0158553 0.649519 
0.15 0.15 -0.000845521 0.647584 
0.2 0.15 0.0141437 0.649226 
0.25 0.15 0.028584 0.654375 
0.3 0.15 0.041984 0.662899 
0.35 0.15 0.0538964 0.67461 
0.4 0.15 0.0639287 0.689278 
0.45 0.15 0.0717503 0.706629 
0.5 0.15 0.0770967 0.726347 
0.55 0.15 0.0797722 0.748057 
0.6 0.15 0.0796515 0.7713 
0.65 0.15 0.0766847 0.795484 
0.7 0.15 0.070906 0.819826 
0.75 0.15 0.0624462 0.843318 
0.8 0.15 0.0515459 0.864713 
0.85 0.15 0.0385655 0.882605 
0.9 0.15 0.0239849 0.89559 
0.95 0.15 0.00838832 0.902508 
1 0.15 -0.00756797 0.902691 
1.05 0.15 -0.023201 0.896119 
1.1 0.15 -0.0378519 0.883433 
1.15 0.15 -0.0509317 0.86577 
1.2 0.15 -0.0619545 0.844529 
1.25 0.15 -0.0705537 0.821122 
1.3 0.15 -0.0764829 0.796806 
1.35 0.15 -0.0796064 0.772605 
1.4 0.15 -0.0798864 0.749311 
1.45 0.15 -0.0773702 0.727525 
1.5 0.15 -0.0721819 0.707715 
1.55 0.15 -0.0645172 0.690257 
1.6 0.15 -0.054642 0.675468 
1.65 0.15 -0.0428899 0.663619 
1.7 0.15 -0.029658 0.654937 
1.75 0.15 -0.0153981 0.649598 
1.8 0.15 -0.000602719 0.647711 
1.85 0.15 0.0142135 0.649318 
1.9 0.15 0.0285349 0.654385 
1.95 0.15 0.0418665 0.662806 
2 0.15 0.0537524 0.67441 
2.05 0.15 0.0637905 0.688976 
2.1 0.15 0.0716415 0.706236 
2.15 0.15 0.077034 0.725876 
2.2 0.15 0.0797662 0.747526 
2.25 0.15 0.0797081 0.770726 
2.3 0.15 0.0768059 0.794886 
2.35 0.15 0.0710905 0.819232 
2.4 0.15 0.0626894 0.842756 
2.45 0.15 0.0518402 0.864216 
2.5 0.15 0.0389006 0.882208 
2.55 0.15 0.024348 0.895323 
2.6 0.15 0.00876499 0.902392 
2.65 0.15 -0.00719283 0.902731 
2.7 0.15 -0.0228419 0.896307 
2.75 0.15 -0.0375216 0.883744 
2.8 0.15 -0.0506404 0.866173 
2.85 0.15 -0.0617094 0.844991 
2.9 0.15 -0.0703587 0.821613 
2.95 0.15 -0.0763391 0.7973 
3 0.15 -0.0795128 0.773085 
3.05 0.15 -0.0798399 0.749764 
3.1 0.15 -0.0773667 0.727944 
3.15 0.15 -0.0722162 0.708095 
3.2 0.15 -0.0645837 0.690597 
3.25 0.15 -0.0547346 0.675766 
3.3 0.15 -0.0430024 0.663877 
3.35 0.15 -0.0297843 0.655157 
3.4 0.15 -0.0155325 0.649781 
3.45 0.15 -0.000739791 0.647861 
3.5 0.15 0.0140784 0.649439 
3.55 0.15 0.0284058 0.654481 
3.6 0.15 0.041746 0.662882 
3.65 0.15 0.0536423 0.674472 
3.7 0.15 0.0636912 0.689028 
3.75 0.15 0.0715527 0.706283 
3.8 0.15 0.0769544 0.725922 
3.85 0.15 0.0796938 0.747573 
3.9 0.15 0.0796408 0.770776 
3.95 0.15 0.0767416 0.794941 
4 0.15 0.0710271 0.819288 
4.05 0.15 0.0626257 0.842811 
4.1 0.15 0.0517758 0.864266 
4.15 0.15 0.0388361 0.882248 
4.2 0.15 0.0242851 0.895351 
4.25 0.15 0.00870601 0.902406 
4.3 0.15 -0.00724474 0.902735 
4.35 0.15 -0.0228835 0.896308 
4.4 0.15 -0.0375498 0.88375 
4.45 0.15 -0.0506531 0.866197 
4.5 0.15 -0.0617062 0.845043 
4.55 0.15 -0.0703417 0.821704 
4.6 0.15 -0.0763143 0.797439 
4.65 0.15 -0.0794915 0.773276 
4.7 0.15 -0.0798407 0.750009 
4.75 0.15 -0.0774167 0.728237 
4.8 0.15 -0.0723517 0.708415 
4.85 0.15 -0.064846 0.690904 
4.9 0.15 -0.0551551 0.675997 
4.95 0.15 -0.0435624 0.663946 
5 0.15 -0.0303224 0.655022 
0 0.2 -0.067173 0.568298 
0.05 0.2 -0.0466243 0.556864 
0.1 0.2 -0.0242787 0.549782 
0.15 0.2 -0.00105595 0.547274 
0.2 0.2 0.0221693 0.549385 
0.25 0.2 0.0445653 0.556035 
0.3 0.2 0.0653542 0.567046 
0.35 0.2 0.0838294 0.582157 
0.4 0.2 0.0993728 0.601047 
0.45 0.2 0.111467 0.623344 
0.5 0.2 0.1197 0.648632 
0.55 0.2 0.123773 0.676431 
0.6 0.2 0.123498 0.706161 
0.65 0.2 0.11881 0.737079 
0.7 0.2 0.109773 0.768205 
0.75 0.2 0.0966054 0.798261 
0.8 0.2 0.0796892 0.825659 
0.85 0.2 0.0595884 0.848593 
0.9 0.2 0.0370445 0.865251 
0.95 0.2 0.0129522 0.874132 
1 0.2 -0.0116877 0.874365 
1.05 0.2 -0.0358356 0.865929 
1.1 0.2 -0.0584868 0.849652 
1.15 0.2 -0.0787394 0.827009 
1.2 0.2 -0.0958434 0.799806 
1.25 0.2 -0.109226 0.769856 
1.3 0.2 -0.118494 0.73876 
1.35 0.2 -0.123424 0.707814 
1.4 0.2 -0.123944 0.678013 
1.45 0.2 -0.120115 0.650112 
1.5 0.2 -0.112122 0.624695 
1.55 0.2 -0.100263 0.602246 
1.6 0.2 -0.0849492 0.583182 
1.65 0.2 -0.0666985 0.56787 
1.7 0.2 -0.0461312 0.556626 
1.75 0.2 -0.0239542 0.549699 
1.8 0.2 -0.000938448 0.547249 
1.85 0.2 0.0221099 0.549336 
1.9 0.2 0.0443833 0.55591 
1.95 0.2 0.0651066 0.566817 
2 0.2 0.0835666 0.581816 
2.05 0.2 0.0991354 0.600597 
2.1 0.2 0.111285 0.622794 
2.15 0.2 0.119597 0.647997 
2.2 0.2 0.123761 0.675728 
2.25 0.2 0.123586 0.70541 
2.3 0.2 0.118999 0.736305 
2.35 0.2 0.110061 0.767437 
2.4 0.2 0.0969836 0.797536 
2.45 0.2 0.0801461 0.825019 
2.5 0.2 0.0601079 0.848081 
2.55 0.2 0.0376068 0.864907 
2.6 0.2 0.0135353 0.873981 
2.65 0.2 -0.0111067 0.874416 
2.7 0.2 -0.0352787 0.866169 
2.75 0.2 -0.0579734 0.85005 
2.8 0.2 -0.0782853 0.827525 
2.85 0.2 -0.0954595 0.800396 
2.9 0.2 -0.108918 0.770481 
2.95 0.2 -0.118265 0.739388 
3 0.2 -0.123273 0.708423 
3.05 0.2 -0.123866 0.678588 
3.1 0.2 -0.120104 0.650642 
3.15 0.2 -0.112171 0.625177 
3.2 0.2 -0.100362 0.602676 
3.25 0.2 -0.0850896 0.58356 
3.3 0.2 -0.0668709 0.568196 
3.35 0.2 -0.0463262 0.556902 
3.4 0.2 -0.0241626 0.549928 
3.45 0.2 -0.00115194 0.547435 
3.5 0.2 0.0218987 0.549484 
3.55 0.2 0.0441804 0.556025 
3.6 0.2 0.0649164 0.566906 
3.65 0.2 0.0833918 0.581887 
3.7 0.2 0.0989772 0.600655 
3.75 0.2 0.111143 0.622847 
3.8 0.2 0.119469 0.648049 
3.85 0.2 0.123644 0.675783 
3.9 0.2 0.123477 0.705471 
3.95 0.2 0.118894 0.736371 
4 0.2 0.109958 0.767507 
4.05 0.2 0.0968809 0.797605 
4.1 0.2 0.0800426 0.825081 
4.15 0.2 0.0600047 0.848131 
4.2 0.2 0.0375063 0.86494 
4.25 0.2 0.0134415 0.873996 
4.3 0.2 -0.011189 0.874416 
4.35 0.2 -0.035344 0.866162 
4.4 0.2 -0.0580167 0.850047 
4.45 0.2 -0.0783023 0.82754 
4.5 0.2 -0.0954479 0.800442 
4.55 0.2 -0.108879 0.770569 
4.6 0.2 -0.118203 0.739528 
4.65 0.2 -0.1232 0.70862 
4.7 0.2 -0.123802 0.67884 
4.75 0.2 -0.120077 0.650941 
4.8 0.2 -0.112214 0.625499 
4.85 0.2 -0.100512 0.602984 
4.9 0.2 -0.0853622 0.583795 
4.95 0.2 -0.067224 0.568298 
5 0.2 -0.0465864 0.556864 
0 0.25 -0.0907288 0.488751 
0.05 0.25 -0.0628325 0.475148 
0.1 0.25 -0.0325612 0.466699 
0.15 0.25 -0.00109275 0.463699 
0.2 0.25 0.0304011 0.466231 
0.25 0.25 0.0607828 0.474207 
0.3 0.25 0.0889813 0.48739 
0.35 0.25 0.114024 0.505425 
0.4 0.25 0.135062 0.527884 
0.45 0.25 0.151391 0.554285 
0.5 0.25 0.162454 0.584111 
0.55 0.25 0.167854 0.616789 
0.6 0.25 0.167348 0.651647 
0.65 0.25 0.160865 0.687832 
0.7 0.25 0.148512 0.724219 
0.75 0.25 0.130599 0.759335 
0.8 0.25 0.107658 0.791339 
0.85 0.25 0.0804581 0.818129 
0.9 0.25 0.0499985 0.837589 
0.95 0.25 0.0174768 0.847964 
1 0.25 -0.0157735 0.848236 
1.05 0.25 -0.0483691 0.83838 
1.1 0.25 -0.0789716 0.819364 
1.15 0.25 -0.106375 0.792914 
1.2 0.25 -0.129567 0.761135 
1.25 0.25 -0.147767 0.72614 
1.3 0.25 -0.160431 0.689784 
1.35 0.25 -0.167238 0.653564 
1.4 0.25 -0.168072 0.618619 
1.45 0.25 -0.162998 0.585813 
1.5 0.25 -0.152252 0.555826 
1.55 0.25 -0.136227 0.529232 
1.6 0.25 -0.115477 0.506546 
1.65 0.25 -0.0907031 0.488246 
1.7 0.25 -0.0627521 0.474756 
1.75 0.25 -0.0325911 0.466421 
1.8 0.25 -0.00127794 0.463469 
1.85 0.25 0.03008 0.465983 
1.9 0.25 0.0603734 0.473894 
1.95 0.25 0.0885383 0.486983 
2 0.25 0.113599 0.504915 
2.05 0.25 0.134698 0.52727 
2.1 0.25 0.15112 0.553576 
2.15 0.25 0.1623 0.58332 
2.2 0.25 0.167832 0.615932 
2.25 0.25 0.167466 0.650744 
2.3 0.25 0.161122 0.68691 
2.35 0.25 0.148903 0.723311 
2.4 0.25 0.131113 0.758481 
2.45 0.25 0.108278 0.790586 
2.5 0.25 0.0811615 0.817527 
2.55 0.25 0.0507591 0.837183 
2.6 0.25 0.0182654 0.847785 
2.65 0.25 -0.0149875 0.848293 
2.7 0.25 -0.0476149 0.838658 
2.75 0.25 -0.0782751 0.819826 
2.8 0.25 -0.105757 0.793512 
2.85 0.25 -0.129042 0.761819 
2.9 0.25 -0.147345 0.726864 
2.95 0.25 -0.160115 0.690513 
3 0.25 -0.167026 0.65427 
3.05 0.25 -0.167959 0.619285 
3.1 0.25 -0.162976 0.586428 
3.15 0.25 -0.152311 0.556385 
3.2 0.25 -0.136357 0.52973 
3.25 0.25 -0.115663 0.506983 
3.3 0.25 -0.0909344 0.488622 
3.35 0.25 -0.0630154 0.475073 
3.4 0.25 -0.0328739 0.466681 
3.45 0.25 -0.00156879 0.463677 
3.5 0.25 0.0297912 0.466145 
3.55 0.25 0.0600949 0.474017 
3.6 0.25 0.0882764 0.487075 
3.65 0.25 0.113357 0.504985 
3.7 0.25 0.134478 0.527327 
3.75 0.25 0.150921 0.553627 
3.8 0.25 0.162121 0.583371 
3.85 0.25 0.167667 0.615988 
3.9 0.25 0.167312 0.650808 
3.95 0.25 0.160975 0.686981 
4 0.25 0.148759 0.723387 
4.05 0.25 0.130969 0.758557 
4.1 0.25 0.108133 0.790656 
4.15 0.25 0.0810171 0.817582 
4.2 0.25 0.0506188 0.837218 
4.25 0.25 0.0181344 0.847797 
4.3 0.25 -0.0151021 0.848285 
4.35 0.25 -0.0477052 0.838637 
4.4 0.25 -0.0783331 0.819805 
4.45 0.25 -0.105775 0.793506 
4.5 0.25 -0.129015 0.761841 
4.55 0.25 -0.14727 0.726925 
4.6 0.25 -0.159992 0.69062 
4.65 0.25 -0.166864 0.654426 
4.7 0.25 -0.16777 0.619488 
4.75 0.25 -0.162782 0.58667 
4.8 0.25 -0.152136 0.556646 
4.85 0.25 -0.136222 0.529982 
4.9 0.25 -0.115571 0.507189 
4.95 0.25 -0.090834 0.488751 
5 0.25 -0.0627576 0.475148 
0 0.3 -0.112374 0.426695 
0.05 0.3 -0.0776682 0.411174 
0.1 0.3 -0.0400585 0.401507 
0.15 0.3 -0.000958741 0.398074 
0.2 0.3 0.038184 0.401007 
0.25 0.3 0.075945 0.410193 
0.3 0.3 0.110975 0.425307 
0.35 0.3 0.142051 0.445867 
0.4 0.3 0.16811 0.471297 
0.45 0.3 0.188273 0.500979 
0.5 0.3 0.201858 0.534282 
0.55 0.3 0.208383 0.57055 
0.6 0.3 0.207571 0.609041 
0.65 0.3 0.199353 0.64884 
0.7 0.3 0.183886 0.688742 
0.75 0.3 0.161577 0.727163 
0.8 0.3 0.133101 0.762122 
0.85 0.3 0.0994155 0.791348 
0.9 0.3 0.0617534 0.812559 
0.95 0.3 0.02158 0.823861 
1 0.3 -0.0194801 0.824158 
1.05 0.3 -0.0597435 0.813421 
1.1 0.3 -0.0975795 0.792693 
1.15 0.3 -0.131512 0.763837 
1.2 0.3 -0.160295 0.729125 
1.25 0.3 -0.182956 0.690836 
1.3 0.3 -0.198803 0.650971 
1.35 0.3 -0.207418 0.611133 
1.4 0.3 -0.208632 0.572546 
1.45 0.3 -0.202501 0.536136 
1.5 0.3 -0.189296 0.502649 
1.55 0.3 -0.169491 0.472742 
1.6 0.3 -0.14376 0.447044 
1.65 0.3 -0.112974 0.426167 
1.7 0.3 -0.0781891 0.410683 
1.75 0.3 -0.0406182 0.401072 
1.8 0.3 -0.00159407 0.397659 
1.85 0.3 0.0374866 0.400566 
1.9 0.3 0.0752243 0.409688 
1.95 0.3 0.110279 0.424718 
2 0.3 0.141426 0.445185 
2.05 0.3 0.167594 0.470523 
2.1 0.3 0.187897 0.500122 
2.15 0.3 0.201644 0.533355 
2.2 0.3 0.208345 0.569566 
2.25 0.3 0.207712 0.608021 
2.3 0.3 0.199671 0.647809 
2.35 0.3 0.184372 0.687733 
2.4 0.3 0.162215 0.726219 
2.45 0.3 0.133869 0.761292 
2.5 0.3 0.100287 0.790685 
2.55 0.3 0.0626948 0.812112 
2.6 0.3 0.0225554 0.823662 
2.65 0.3 -0.0185076 0.824215 
2.7 0.3 -0.0588095 0.813717 
2.75 0.3 -0.0967155 0.79319 
2.8 0.3 -0.130744 0.764483 
2.85 0.3 -0.159641 0.729865 
2.9 0.3 -0.182427 0.69162 
2.95 0.3 -0.198404 0.65176 
3 0.3 -0.207148 0.611899 
3.05 0.3 -0.208484 0.573269 
3.1 0.3 -0.202467 0.536805 
3.15 0.3 -0.189364 0.503258 
3.2 0.3 -0.169646 0.473286 
3.25 0.3 -0.143988 0.447521 
3.3 0.3 -0.113259 0.426577 
3.35 0.3 -0.0785151 0.411026 
3.4 0.3 -0.0409699 0.40135 
3.45 0.3 -0.00195706 0.397877 
3.5 0.3 0.0371251 0.40073 
3.55 0.3 0.0748747 0.409807 
3.6 0.3 0.109949 0.424802 
3.65 0.3 0.141121 0.445244 
3.7 0.3 0.167316 0.470568 
3.75 0.3 0.187645 0.500161 
3.8 0.3 0.201416 0.533395 
3.85 0.3 0.208135 0.569614 
3.9 0.3 0.207515 0.60808 
3.95 0.3 0.199482 0.647877 
4 0.3 0.184186 0.687809 
4.05 0.3 0.16203 0.726296 
4.1 0.3 0.133683 0.761362 
4.15 0.3 0.100102 0.79074 
4.2 0.3 0.0625149 0.812143 
4.25 0.3 0.0223876 0.823666 
4.3 0.3 -0.0186543 0.824194 
4.35 0.3 -0.0589244 0.813678 
4.4 0.3 -0.0967871 0.793144 
4.45 0.3 -0.13076 0.764443 
4.5 0.3 -0.159592 0.729844 
4.55 0.3 -0.182303 0.691627 
4.6 0.3 -0.198199 0.6518 
4.65 0.3 -0.206861 0.611973 
4.7 0.3 -0.208117 0.573374 
4.75 0.3 -0.202028 0.536935 
4.8 0.3 -0.188862 0.503401 
4.85 0.3 -0.169088 0.47343 
4.9 0.3 -0.143363 0.447652 
4.95 0.3 -0.112523 0.426695 
5 0.3 -0.0775636 0.411174 
0 0.35 -0.130693 0.38064 
0.05 0.35 -0.0901797 0.363289 
0.1 0.35 -0.0463054 0.352441 
0.15 0.35 -0.000689317 0.348599 
0.2 0.35 0.0449805 0.351944 
0.25 0.35 0.0890258 0.362325 
0.3 0.35 0.129853 0.379289 
0.35 0.35 0.166019 0.402167 
0.4 0.35 0.196276 0.430182 
0.45 0.35 0.219604 0.462534 
0.5 0.35 0.235219 0.498453 
0.55 0.35 0.242583 0.537192 
0.6 0.35 0.241398 0.57796 
0.65 0.35 0.231614 0.619816 
0.7 0.35 0.213445 0.661542 
0.75 0.35 0.187389 0.701536 
0.8 0.35 0.154248 0.737792 
0.85 0.35 0.115141 0.768017 
0.9 0.35 0.0714904 0.789908 
0.95 0.35 0.0249758 0.801557 
1 0.35 -0.022549 0.801863 
1.05 0.35 -0.0691661 0.790796 
1.1 0.35 -0.113015 0.769405 
1.15 0.35 -0.152404 0.739565 
1.2 0.35 -0.185896 0.703569 
1.25 0.35 -0.212354 0.663718 
1.3 0.35 -0.230959 0.622037 
1.35 0.35 -0.241197 0.580148 
1.4 0.35 -0.242841 0.539288 
1.45 0.35 -0.235925 0.500406 
1.5 0.35 -0.220735 0.464297 
1.55 0.35 -0.1978 0.431706 
1.6 0.35 -0.16789 0.403397 
1.65 0.35 -0.132013 0.380166 
1.7 0.35 -0.091406 0.362788 
1.75 0.35 -0.0474978 0.351933 
1.8 0.35 -0.00186562 0.348066 
1.85 0.35 0.0438336 0.351359 
1.9 0.35 0.0879397 0.361664 
1.95 0.35 0.128866 0.378541 
2 0.35 0.165169 0.401333 
2.05 0.35 0.195595 0.429267 
2.1 0.35 0.219116 0.46155 
2.15 0.35 0.234941 0.497414 
2.2 0.35 0.242522 0.536112 
2.25 0.35 0.241554 0.576857 
2.3 0.35 0.231981 0.618715 
2.35 0.35 0.21401 0.660474 
2.4 0.35 0.188131 0.700542 
2.45 0.35 0.155141 0.736922 
2.5 0.35 0.116152 0.767324 
2.55 0.35 0.0725821 0.78944 
2.6 0.35 0.0261063 0.801344 
2.65 0.35 -0.0214219 0.801914 
2.7 0.35 -0.0680827 0.791093 
2.75 0.35 -0.112011 0.769909 
2.8 0.35 -0.151509 0.740223 
2.85 0.35 -0.185131 0.704325 
2.9 0.35 -0.211733 0.664522 
2.95 0.35 -0.230488 0.622849 
3 0.35 -0.240875 0.580939 
3.05 0.35 -0.242661 0.540037 
3.1 0.35 -0.235878 0.501103 
3.15 0.35 -0.220807 0.464933 
3.2 0.35 -0.197975 0.432277 
3.25 0.35 -0.168151 0.403899 
3.3 0.35 -0.132343 0.380596 
3.35 0.35 -0.0917851 0.363145 
3.4 0.35 -0.0479084 0.352218 
3.45 0.35 -0.0022907 0.348282 
3.5 0.35 0.0434091 0.351514 
3.55 0.35 0.0875284 0.361769 
3.6 0.35 0.128478 0.378606 
3.65 0.35 0.164809 0.40137 
3.7 0.35 0.195266 0.429289 
3.75 0.35 0.218817 0.461568 
3.8 0.35 0.234669 0.497435 
3.85 0.35 0.242272 0.536143 
3.9 0.35 0.241319 0.576901 
3.95 0.35 0.231755 0.618772 
4 0.35 0.213788 0.66054 
4.05 0.35 0.187909 0.700611 
4.1 0.35 0.154918 0.736985 
4.15 0.35 0.11593 0.767371 
4.2 0.35 0.0723655 0.789462 
4.25 0.35 0.0259039 0.801337 
4.3 0.35 -0.021599 0.801876 
4.35 0.35 -0.0682209 0.79103 
4.4 0.35 -0.112095 0.769829 
4.45 0.35 -0.151522 0.740138 
4.5 0.35 -0.185057 0.704244 
4.55 0.35 -0.211554 0.664452 
4.6 0.35 -0.230188 0.622792 
4.65 0.35 -0.240441 0.580893 
4.7 0.35 -0.242082 0.540001 
4.75 0.35 -0.235145 0.501072 
4.8 0.35 -0.219913 0.464907 
4.85 0.35 -0.196911 0.432257 
4.9 0.35 -0.1669 0.403898 
4.95 0.35 -0.130876 0.38064 
5 0.35 -0.0900521 0.363289 
0 0.4 -0.144644 0.347226 
0.05 0.4 -0.0996729 0.327999 
0.1 0.4 -0.0509756 0.31592 
0.15 0.4 -0.00033673 0.311655 
0.2 0.4 0.0503598 0.315453 
0.25 0.4 0.0992294 0.327099 
0.3 0.4 0.144481 0.345966 
0.35 0.4 0.184494 0.371141 
0.4 0.4 0.217882 0.401581 
0.45 0.4 0.243517 0.436253 
0.5 0.4 0.260553 0.474212 
0.55 0.4 0.268418 0.514603 
0.6 0.4 0.266817 0.556591 
0.65 0.4 0.255733 0.59924 
0.7 0.4 0.235436 0.641369 
0.75 0.4 0.206506 0.681445 
0.8 0.4 0.169849 0.717551 
0.85 0.4 0.126706 0.747506 
0.9 0.4 0.0786353 0.769124 
0.95 0.4 0.0274642 0.780604 
1 0.4 -0.0247993 0.780905 
1.05 0.4 -0.076081 0.769999 
1.1 0.4 -0.124366 0.748877 
1.15 0.4 -0.167815 0.71931 
1.2 0.4 -0.204853 0.683471 
1.25 0.4 -0.234219 0.64355 
1.3 0.4 -0.25499 0.601481 
1.35 0.4 -0.266567 0.558816 
1.4 0.4 -0.268664 0.516752 
1.45 0.4 -0.261281 0.476233 
1.5 0.4 -0.244698 0.438094 
1.55 0.4 -0.21947 0.403184 
1.6 0.4 -0.186431 0.372441 
1.65 0.4 -0.146689 0.346892 
1.7 0.4 -0.101618 0.327581 
1.75 0.4 -0.0528211 0.315428 
1.8 0.4 -0.00207633 0.31108 
1.85 0.4 0.0487442 0.314781 
1.9 0.4 0.0977644 0.326323 
1.95 0.4 0.143196 0.34509 
2 0.4 0.183417 0.370177 
2.05 0.4 0.217036 0.400545 
2.1 0.4 0.242918 0.435163 
2.15 0.4 0.260209 0.473084 
2.2 0.4 0.268331 0.513453 
2.25 0.4 0.266981 0.555436 
2.3 0.4 0.256136 0.598103 
2.35 0.4 0.236061 0.640279 
2.4 0.4 0.207327 0.680439 
2.45 0.4 0.170836 0.716676 
2.5 0.4 0.127822 0.746811 
2.55 0.4 0.0798378 0.768652 
2.6 0.4 0.0287087 0.780384 
2.65 0.4 -0.0235587 0.780944 
2.7 0.4 -0.0748879 0.770281 
2.75 0.4 -0.123259 0.749363 
2.8 0.4 -0.166827 0.719949 
2.85 0.4 -0.204005 0.684209 
2.9 0.4 -0.233528 0.64434 
2.95 0.4 -0.254463 0.602283 
3 0.4 -0.266204 0.559603 
3.05 0.4 -0.268458 0.517504 
3.1 0.4 -0.261221 0.476937 
3.15 0.4 -0.244771 0.438742 
3.2 0.4 -0.219659 0.403769 
3.25 0.4 -0.186717 0.372957 
3.3 0.4 -0.147052 0.347334 
3.35 0.4 -0.102037 0.327945 
3.4 0.4 -0.0532772 0.315713 
3.45 0.4 -0.00254975 0.311288 
3.5 0.4 0.0482706 0.31492 
3.55 0.4 0.0973047 0.326404 
3.6 0.4 0.142761 0.345126 
3.65 0.4 0.183014 0.370183 
3.7 0.4 0.216666 0.400536 
3.75 0.4 0.242582 0.43515 
3.8 0.4 0.259903 0.473077 
3.85 0.4 0.268049 0.513459 
3.9 0.4 0.266716 0.555458 
3.95 0.4 0.255881 0.598139 
4 0.4 0.235809 0.640327 
4.05 0.4 0.207075 0.680492 
4.1 0.4 0.170582 0.716724 
4.15 0.4 0.127567 0.746843 
4.2 0.4 0.0795896 0.76866 
4.25 0.4 0.0284758 0.780359 
4.3 0.4 -0.0237631 0.780884 
4.35 0.4 -0.0750475 0.770187 
4.4 0.4 -0.123355 0.749242 
4.45 0.4 -0.166836 0.719808 
4.5 0.4 -0.203906 0.684054 
4.55 0.4 -0.233294 0.644172 
4.6 0.4 -0.254067 0.602102 
4.65 0.4 -0.26562 0.559405 
4.7 0.4 -0.267659 0.517287 
4.75 0.4 -0.260183 0.476701 
4.8 0.4 -0.24347 0.438494 
4.85 0.4 -0.218074 0.403528 
4.9 0.4 -0.18483 0.372757 
4.95 0.4 -0.144853 0.347226 
5 0.4 -0.0995283 0.327999 
0 0.45 -0.153495 0.322469 
0.05 0.45 -0.105664 0.301291 
0.1 0.45 -0.0538509 0.287917 
0.15 0.45 4.21835e-05 0.283213 
0.2 0.45 0.0539914 0.287502 
0.25 0.45 0.105964 0.300493 
0.3 0.45 0.154028 0.321348 
0.35 0.45 0.196444 0.348862 
0.4 0.45 0.231732 0.381678 
0.45 0.45 0.258705 0.418486 
0.5 0.45 0.276487 0.458133 
0.55 0.45 0.284504 0.499639 
0.6 0.45 0.282482 0.542119 
0.65 0.45 0.270445 0.584656 
0.7 0.45 0.248719 0.626145 
0.75 0.45 0.217948 0.665184 
0.8 0.45 0.179112 0.700039 
0.85 0.45 0.133527 0.728747 
0.9 0.45 0.0828297 0.749358 
0.95 0.45 0.028921 0.760267 
1 0.45 -0.0261181 0.760553 
1.05 0.45 -0.0801411 0.75019 
1.1 0.45 -0.131061 0.730057 
1.15 0.45 -0.176962 0.701728 
1.2 0.45 -0.216193 0.667145 
1.25 0.45 -0.247417 0.628275 
1.3 0.45 -0.269636 0.586867 
1.35 0.45 -0.282186 0.544341 
1.4 0.45 -0.284721 0.501812 
1.45 0.45 -0.2772 0.460204 
1.5 0.45 -0.259879 0.420397 
1.55 0.45 -0.233313 0.383364 
1.6 0.45 -0.19836 0.350247 
1.65 0.45 -0.156186 0.322351 
1.7 0.45 -0.108255 0.301032 
1.75 0.45 -0.0562909 0.287512 
1.8 0.45 -0.00221429 0.282655 
1.85 0.45 0.0519446 0.286789 
1.9 0.45 0.104151 0.299634 
1.95 0.45 0.152472 0.320365 
2 0.45 0.195163 0.347783 
2.05 0.45 0.230739 0.380533 
2.1 0.45 0.258007 0.417303 
2.15 0.45 0.276084 0.456932 
2.2 0.45 0.28439 0.498438 
2.25 0.45 0.282647 0.540936 
2.3 0.45 0.270869 0.583509 
2.35 0.45 0.24938 0.62506 
2.4 0.45 0.218818 0.664194 
2.45 0.45 0.180156 0.699185 
2.5 0.45 0.134705 0.728071 
2.55 0.45 0.0840978 0.748897 
2.6 0.45 0.0302322 0.760046 
2.65 0.45 -0.0248113 0.760577 
2.7 0.45 -0.0788839 0.750444 
2.75 0.45 -0.129893 0.730505 
2.8 0.45 -0.175917 0.702324 
2.85 0.45 -0.215295 0.66784 
2.9 0.45 -0.246683 0.629026 
2.95 0.45 -0.269073 0.587637 
3 0.45 -0.281794 0.545103 
3.05 0.45 -0.284495 0.502549 
3.1 0.45 -0.27713 0.460902 
3.15 0.45 -0.259951 0.421047 
3.2 0.45 -0.233508 0.383956 
3.25 0.45 -0.19866 0.350772 
3.3 0.45 -0.15657 0.3228 
3.35 0.45 -0.108701 0.301399 
3.4 0.45 -0.0567767 0.287793 
3.45 0.45 -0.00271954 0.28285 
3.5 0.45 0.0514384 0.286906 
3.55 0.45 0.10366 0.299685 
3.6 0.45 0.152006 0.320367 
3.65 0.45 0.194731 0.347752 
3.7 0.45 0.230343 0.380486 
3.75 0.45 0.257648 0.417253 
3.8 0.45 0.275756 0.456892 
3.85 0.45 0.284087 0.498413 
3.9 0.45 0.282361 0.540928 
3.95 0.45 0.270594 0.583519 
4 0.45 0.249108 0.625084 
4.05 0.45 0.218544 0.664224 
4.1 0.45 0.179879 0.699211 
4.15 0.45 0.134427 0.728083 
4.2 0.45 0.0838249 0.748883 
4.25 0.45 0.0299747 0.759998 
4.3 0.45 -0.0250386 0.760489 
4.35 0.45 -0.0790623 0.750314 
4.4 0.45 -0.13 0.730335 
4.45 0.45 -0.175926 0.702116 
4.5 0.45 -0.215176 0.667595 
4.55 0.45 -0.246402 0.628742 
4.6 0.45 -0.268594 0.587309 
4.65 0.45 -0.281077 0.544725 
4.7 0.45 -0.2835 0.502117 
4.75 0.45 -0.275817 0.46042 
4.8 0.45 -0.258283 0.42053 
4.85 0.45 -0.231455 0.383439 
4.9 0.45 -0.196205 0.350309 
4.95 0.45 -0.153721 0.322469 
5 0.45 -0.105508 0.301291 
0 0.5 -0.156789 0.302647 
0.05 0.5 -0.10785 0.279552 
0.1 0.5 -0.0548021 0.264899 
0.15 0.5 0.000394771 0.259767 
0.2 0.5 0.0556424 0.264556 
0.25 0.5 0.108828 0.278892 
0.3 0.5 0.157946 0.301712 
0.35 0.5 0.201198 0.331501 
0.4 0.5 0.237069 0.366573 
0.45 0.5 0.264358 0.405325 
0.5 0.5 0.282195 0.446384 
0.55 0.5 0.290033 0.488629 
0.6 0.5 0.287632 0.531121 
0.65 0.5 0.275061 0.572962 
0.7 0.5 0.252691 0.613143 
0.75 0.5 0.221213 0.650428 
0.8 0.5 0.181642 0.683324 
0.85 0.5 0.135323 0.710161 
0.9 0.5 0.0839034 0.729293 
0.95 0.5 0.0292876 0.739375 
1 0.5 -0.0264522 0.739639 
1.05 0.5 -0.0811816 0.730063 
1.1 0.5 -0.132821 0.71138 
1.15 0.5 -0.179456 0.684908 
1.2 0.5 -0.219421 0.652285 
1.25 0.5 -0.251352 0.615185 
1.3 0.5 -0.274214 0.575111 
1.35 0.5 -0.287297 0.533312 
1.4 0.5 -0.290209 0.490804 
1.45 0.5 -0.282864 0.448488 
1.5 0.5 -0.265479 0.407297 
1.55 0.5 -0.238581 0.368337 
1.6 0.5 -0.203021 0.332972 
1.65 0.5 -0.159976 0.302797 
1.7 0.5 -0.110945 0.279503 
1.75 0.5 -0.0577102 0.264626 
1.8 0.5 -0.00227152 0.259261 
1.85 0.5 0.0532531 0.263826 
1.9 0.5 0.10674 0.277966 
1.95 0.5 0.156177 0.300633 
2 0.5 0.19976 0.330316 
2.05 0.5 0.235965 0.365327 
2.1 0.5 0.263587 0.404057 
2.15 0.5 0.281749 0.44512 
2.2 0.5 0.289898 0.48739 
2.25 0.5 0.287791 0.529924 
2.3 0.5 0.27549 0.571823 
2.35 0.5 0.253365 0.612082 
2.4 0.5 0.222099 0.649473 
2.45 0.5 0.182704 0.682508 
2.5 0.5 0.136519 0.709518 
2.55 0.5 0.0851892 0.728853 
2.6 0.5 0.0306157 0.739158 
2.65 0.5 -0.0251292 0.739647 
2.7 0.5 -0.0799084 0.730281 
2.75 0.5 -0.131638 0.711778 
2.8 0.5 -0.178396 0.685447 
2.85 0.5 -0.218508 0.652922 
2.9 0.5 -0.250603 0.615881 
2.95 0.5 -0.273637 0.575835 
3 0.5 -0.286894 0.534039 
3.05 0.5 -0.289975 0.491516 
3.1 0.5 -0.282788 0.449172 
3.15 0.5 -0.265547 0.407941 
3.2 0.5 -0.238777 0.368931 
3.25 0.5 -0.203325 0.333502 
3.3 0.5 -0.160367 0.303252 
3.35 0.5 -0.1114 0.279871 
3.4 0.5 -0.0582082 0.2649 
3.45 0.5 -0.00279024 0.259442 
3.5 0.5 0.052733 0.26392 
3.55 0.5 0.106235 0.277986 
3.6 0.5 0.155699 0.300597 
3.65 0.5 0.199316 0.330245 
3.7 0.5 0.235559 0.36524 
3.75 0.5 0.263218 0.403968 
3.8 0.5 0.281412 0.445042 
3.85 0.5 0.289586 0.48733 
3.9 0.5 0.287497 0.529884 
3.95 0.5 0.275206 0.571802 
4 0.5 0.253083 0.612076 
4.05 0.5 0.221814 0.649474 
4.1 0.5 0.182414 0.682506 
4.15 0.5 0.136226 0.709502 
4.2 0.5 0.0849003 0.728812 
4.25 0.5 0.0303411 0.73908 
4.3 0.5 -0.0253738 0.739524 
4.35 0.5 -0.0801026 0.730109 
4.4 0.5 -0.131756 0.711552 
4.45 0.5 -0.178408 0.685164 
4.5 0.5 -0.218378 0.652577 
4.55 0.5 -0.250292 0.615467 
4.6 0.5 -0.273099 0.575342 
4.65 0.5 -0.286079 0.533459 
4.7 0.5 -0.288832 0.490844 
4.75 0.5 -0.281265 0.448413 
4.8 0.5 -0.263597 0.40712 
4.85 0.5 -0.236364 0.368095 
4.9 0.5 -0.200434 0.33273 
4.95 0.5 -0.157023 0.302647 
5 0.5 -0.107689 0.279552 
0 0.55 -0.154319 0.284703 
0.05 0.55 -0.106096 0.259952 
0.1 0.55 -0.0537804 0.244189 
0.15 0.55 0.000678375 0.238693 
0.2 0.55 0.0551801 0.243932 
0.25 0.55 0.107608 0.259454 
0.3 0.55 0.155955 0.283989 
0.35 0.55 0.198435 0.315733 
0.4 0.55 0.233552 0.3527 
0.45 0.55 0.260138 0.393019 
0.5 0.55 0.277364 0.435109 
0.55 0.55 0.284729 0.477719 
0.6 0.55 0.282041 0.51985 
0.65 0.55 0.269407 0.560618 
0.7 0.55 0.247233 0.59911 
0.75 0.55 0.216226 0.634268 
0.8 0.55 0.177399 0.664859 
0.85 0.55 0.132074 0.689531 
0.9 0.55 0.0818512 0.70697 
0.95 0.55 0.0285635 0.716111 
1 0.55 -0.0258008 0.71635 
1.05 0.55 -0.0791972 0.70767 
1.1 0.55 -0.129632 0.690646 
1.15 0.55 -0.175259 0.666322 
1.2 0.55 -0.214463 0.636004 
1.25 0.55 -0.245906 0.601044 
1.3 0.55 -0.268554 0.562685 
1.35 0.55 -0.281681 0.521989 
1.4 0.55 -0.284861 0.479877 
1.45 0.55 -0.277967 0.437227 
1.5 0.55 -0.261169 0.39503 
1.55 0.55 -0.234947 0.354522 
1.6 0.55 -0.20011 0.317272 
1.65 0.55 -0.157801 0.285143 
1.7 0.55 -0.109499 0.260132 
1.75 0.55 -0.0569794 0.244066 
1.8 0.55 -0.00224389 0.238255 
1.85 0.55 0.0525781 0.243199 
1.9 0.55 0.105352 0.258473 
1.95 0.55 0.154061 0.282823 
2 0.55 0.196908 0.314452 
2.05 0.55 0.232388 0.351364 
2.1 0.55 0.259329 0.391676 
2.15 0.55 0.276895 0.433794 
2.2 0.55 0.284581 0.476453 
2.25 0.55 0.28219 0.51865 
2.3 0.55 0.269827 0.559497 
2.35 0.55 0.247895 0.598085 
2.4 0.55 0.217095 0.633359 
2.45 0.55 0.17844 0.664091 
2.5 0.55 0.133244 0.68893 
2.55 0.55 0.0831065 0.706557 
2.6 0.55 0.0298585 0.7159 
2.65 0.55 -0.0245115 0.716341 
2.7 0.55 -0.0779565 0.70785 
2.75 0.55 -0.128478 0.69099 
2.8 0.55 -0.174224 0.666798 
2.85 0.55 -0.21357 0.636576 
2.9 0.55 -0.245172 0.60168 
2.95 0.55 -0.267987 0.563356 
3 0.55 -0.281283 0.522674 
3.05 0.55 -0.284628 0.480558 
3.1 0.55 -0.277889 0.437892 
3.15 0.55 -0.261233 0.395664 
3.2 0.55 -0.235138 0.355113 
3.25 0.55 -0.200408 0.317802 
3.3 0.55 -0.158186 0.285599 
3.35 0.55 -0.109949 0.260498 
3.4 0.55 -0.0574714 0.244332 
3.45 0.55 -0.00275673 0.238419 
3.5 0.55 0.0520638 0.243269 
3.55 0.55 0.104853 0.258462 
3.6 0.55 0.153589 0.282752 
3.65 0.55 0.19647 0.314342 
3.7 0.55 0.231988 0.351238 
3.75 0.55 0.258965 0.391549 
3.8 0.55 0.276564 0.433679 
3.85 0.55 0.284274 0.476358 
3.9 0.55 0.2819 0.518576 
3.95 0.55 0.269546 0.559444 
4 0.55 0.247614 0.598047 
4.05 0.55 0.216811 0.633329 
4.1 0.55 0.178149 0.664058 
4.15 0.55 0.132948 0.688882 
4.2 0.55 0.0828117 0.706483 
4.25 0.55 0.0295757 0.715787 
4.3 0.55 -0.0247663 0.716179 
4.35 0.55 -0.0781621 0.70763 
4.4 0.55 -0.128607 0.690702 
4.45 0.55 -0.174244 0.666433 
4.5 0.55 -0.213444 0.636125 
4.55 0.55 -0.244853 0.601129 
4.6 0.55 -0.267424 0.562692 
4.65 0.55 -0.28042 0.521884 
4.7 0.55 -0.283405 0.479637 
4.75 0.55 -0.276247 0.436846 
4.8 0.55 -0.259119 0.394526 
4.85 0.55 -0.232512 0.353944 
4.9 0.55 -0.19726 0.316705 
4.95 0.55 -0.154551 0.284703 
5 0.55 -0.105937 0.259952 
0 0.6 -0.146144 0.266296 
0.05 0.6 -0.100446 0.240443 
0.1 0.6 -0.0508192 0.223935 
0.15 0.6 0.000863923 0.218204 
0.2 0.6 0.0525807 0.223771 
0.25 0.6 0.102291 0.240118 
0.3 0.6 0.148066 0.265817 
0.35 0.6 0.188196 0.298845 
0.4 0.6 0.221264 0.336988 
0.45 0.6 0.246179 0.378172 
0.5 0.6 0.262183 0.42066 
0.55 0.6 0.268836 0.463097 
0.6 0.6 0.265995 0.504435 
0.65 0.6 0.253802 0.543802 
0.7 0.6 0.232673 0.580367 
0.75 0.6 0.203304 0.613241 
0.8 0.6 0.166666 0.641432 
0.85 0.6 0.124005 0.663891 
0.9 0.6 0.0768162 0.679618 
0.95 0.6 0.0267995 0.687814 
1 0.6 -0.0242096 0.688029 
1.05 0.6 -0.0743264 0.680248 
1.1 0.6 -0.12171 0.664901 
1.15 0.6 -0.16465 0.642771 
1.2 0.6 -0.201638 0.614849 
1.25 0.6 -0.231411 0.582185 
1.3 0.6 -0.252979 0.545772 
1.35 0.6 -0.265629 0.506504 
1.4 0.6 -0.268926 0.465212 
1.45 0.6 -0.262707 0.42276 
1.5 0.6 -0.247095 0.380186 
1.55 0.6 -0.222508 0.338829 
1.6 0.6 -0.189683 0.300414 
1.65 0.6 -0.149691 0.267009 
1.7 0.6 -0.10393 0.24084 
1.75 0.6 -0.054101 0.223958 
1.8 0.6 -0.00213136 0.217837 
1.85 0.6 0.0499219 0.223044 
1.9 0.6 0.0999968 0.239097 
1.95 0.6 0.14615 0.264585 
2 0.6 0.18666 0.297488 
2.05 0.6 0.220101 0.335581 
2.1 0.6 0.245374 0.376774 
2.15 0.6 0.261717 0.41931 
2.2 0.6 0.268685 0.46182 
2.25 0.6 0.266133 0.503245 
2.3 0.6 0.2542 0.54271 
2.35 0.6 0.2333 0.579386 
2.4 0.6 0.204126 0.612384 
2.45 0.6 0.167647 0.640717 
2.5 0.6 0.125106 0.663334 
2.55 0.6 0.0779951 0.679235 
2.6 0.6 0.028014 0.687612 
2.65 0.6 -0.0230014 0.688006 
2.7 0.6 -0.0731641 0.680393 
2.75 0.6 -0.120629 0.665194 
2.8 0.6 -0.163679 0.643185 
2.85 0.6 -0.200799 0.615356 
2.9 0.6 -0.23072 0.582759 
2.95 0.6 -0.252445 0.546389 
3 0.6 -0.265253 0.507144 
3.05 0.6 -0.268704 0.465859 
3.1 0.6 -0.262632 0.4234 
3.15 0.6 -0.247155 0.380803 
3.2 0.6 -0.222688 0.339409 
3.25 0.6 -0.189966 0.300938 
3.3 0.6 -0.150056 0.267459 
3.35 0.6 -0.104357 0.241198 
3.4 0.6 -0.0545685 0.224213 
3.45 0.6 -0.00261887 0.217986 
3.5 0.6 0.0494331 0.223092 
3.55 0.6 0.0995226 0.23906 
3.6 0.6 0.145702 0.264483 
3.65 0.6 0.186246 0.297347 
3.7 0.6 0.219723 0.335422 
3.75 0.6 0.245031 0.376614 
3.8 0.6 0.261405 0.419163 
3.85 0.6 0.268396 0.461693 
3.9 0.6 0.265859 0.50314 
3.95 0.6 0.253933 0.542625 
4 0.6 0.233033 0.579317 
4.05 0.6 0.203853 0.612322 
4.1 0.6 0.167366 0.640651 
4.15 0.6 0.124818 0.663254 
4.2 0.6 0.0777058 0.679126 
4.25 0.6 0.0277336 0.687463 
4.3 0.6 -0.0232577 0.687802 
4.35 0.6 -0.0733751 0.680122 
4.4 0.6 -0.120768 0.664842 
4.45 0.6 -0.163713 0.642739 
4.5 0.6 -0.200688 0.614801 
4.55 0.6 -0.230416 0.582076 
4.6 0.6 -0.251894 0.545561 
4.65 0.6 -0.264397 0.506156 
4.7 0.6 -0.267479 0.464704 
4.75 0.6 -0.260976 0.422088 
4.8 0.6 -0.245013 0.379373 
4.85 0.6 -0.220021 0.337936 
4.9 0.6 -0.186766 0.299542 
4.95 0.6 -0.146365 0.266296 
5 0.6 -0.100294 0.240443 
0 0.65 -0.132611 0.245713 
0.05 0.65 -0.0911336 0.219614 
0.1 0.65 -0.046043 0.202926 
0.15 0.65 0.000937865 0.197155 
0.2 0.65 0.0479425 0.202849 
0.25 0.65 0.0930883 0.219455 
0.3 0.65 0.134601 0.245457 
0.35 0.65 0.170916 0.278721 
0.4 0.65 0.200747 0.316917 
0.45 0.65 0.22312 0.357872 
0.5 0.65 0.237372 0.399774 
0.55 0.65 0.243132 0.441213 
0.6 0.65 0.240307 0.481116 
0.65 0.65 0.229057 0.51863 
0.7 0.65 0.209789 0.552997 
0.75 0.65 0.183152 0.583464 
0.8 0.65 0.150036 0.609248 
0.85 0.65 0.111567 0.629553 
0.9 0.65 0.0690833 0.643646 
0.95 0.65 0.0240961 0.650949 
1 0.65 -0.0217691 0.651139 
1.05 0.65 -0.0668449 0.644209 
1.1 0.65 -0.109501 0.630462 
1.15 0.65 -0.148218 0.610464 
1.2 0.65 -0.181644 0.584942 
1.25 0.65 -0.20864 0.554688 
1.3 0.65 -0.2283 0.520487 
1.35 0.65 -0.239957 0.483088 
1.4 0.65 -0.243187 0.443248 
1.45 0.65 -0.237811 0.401812 
1.5 0.65 -0.223905 0.359839 
1.55 0.65 -0.201818 0.318724 
1.6 0.65 -0.172192 0.280269 
1.65 0.65 -0.135984 0.246642 
1.7 0.65 -0.0944654 0.220188 
1.75 0.65 -0.049191 0.203072 
1.8 0.65 -0.00193843 0.196857 
1.85 0.65 0.0453915 0.202144 
1.9 0.65 0.0908929 0.218422 
1.95 0.65 0.132774 0.244194 
2 0.65 0.169458 0.277327 
2.05 0.65 0.199649 0.315479 
2.1 0.65 0.222364 0.356455 
2.15 0.65 0.236935 0.398421 
2.2 0.65 0.24299 0.439948 
2.25 0.65 0.240432 0.479955 
2.3 0.65 0.22942 0.517582 
2.35 0.65 0.210359 0.552069 
2.4 0.65 0.183897 0.582665 
2.45 0.65 0.150923 0.608588 
2.5 0.65 0.11256 0.629043 
2.55 0.65 0.0701442 0.643294 
2.6 0.65 0.0251873 0.650758 
2.65 0.65 -0.0206846 0.651106 
2.7 0.65 -0.0658022 0.644324 
2.75 0.65 -0.108531 0.630709 
2.8 0.65 -0.147346 0.610822 
2.85 0.65 -0.180891 0.585389 
2.9 0.65 -0.20802 0.555203 
2.95 0.65 -0.227819 0.521048 
3 0.65 -0.239618 0.48368 
3.05 0.65 -0.242987 0.443854 
3.1 0.65 -0.237743 0.402418 
3.15 0.65 -0.22396 0.36043 
3.2 0.65 -0.201981 0.319282 
3.25 0.65 -0.172448 0.280775 
3.3 0.65 -0.136316 0.247077 
3.35 0.65 -0.0948541 0.220532 
3.4 0.65 -0.0496167 0.203313 
3.45 0.65 -0.00238216 0.19699 
3.5 0.65 0.0449471 0.202174 
3.55 0.65 0.0904624 0.218364 
3.6 0.65 0.132368 0.244071 
3.65 0.65 0.169084 0.277163 
3.7 0.65 0.199308 0.315297 
3.75 0.65 0.222056 0.356273 
3.8 0.65 0.236655 0.39825 
3.85 0.65 0.242731 0.439797 
3.9 0.65 0.240186 0.479825 
3.95 0.65 0.22918 0.517471 
4 0.65 0.210117 0.551972 
4.05 0.65 0.183648 0.582574 
4.1 0.65 0.150664 0.608493 
4.15 0.65 0.112292 0.628932 
4.2 0.65 0.0698725 0.643152 
4.25 0.65 0.0249206 0.650573 
4.3 0.65 -0.0209321 0.650863 
4.35 0.65 -0.0660108 0.644007 
4.4 0.65 -0.108675 0.630301 
4.45 0.65 -0.147394 0.610306 
4.5 0.65 -0.180804 0.584745 
4.55 0.65 -0.207752 0.55441 
4.6 0.65 -0.227317 0.520087 
4.65 0.65 -0.238824 0.482533 
4.7 0.65 -0.241839 0.442515 
4.75 0.65 -0.236181 0.4009 
4.8 0.65 -0.221929 0.358777 
4.85 0.65 -0.199447 0.31758 
4.9 0.65 -0.169406 0.279155 
4.95 0.65 -0.132809 0.245713 
5 0.65 -0.0909973 0.219614 
0 0.7 -0.114396 0.221777 
0.05 0.7 -0.0786188 0.196542 
0.1 0.7 -0.0396829 0.180396 
0.15 0.7 0.000902724 0.174832 
0.2 0.7 0.0415018 0.18039 
0.25 0.7 0.0804653 0.196517 
0.3 0.7 0.116243 0.221704 
0.35 0.7 0.147477 0.253834 
0.4 0.7 0.17306 0.290602 
0.45 0.7 0.192163 0.329863 
0.5 0.7 0.204236 0.369823 
0.55 0.7 0.208986 0.409091 
0.6 0.7 0.206358 0.446612 
0.65 0.7 0.196516 0.481565 
0.7 0.7 0.179832 0.513261 
0.75 0.7 0.156878 0.54106 
0.8 0.7 0.12843 0.56434 
0.85 0.7 0.0954524 0.582502 
0.9 0.7 0.059084 0.595014 
0.95 0.7 0.0206042 0.601467 
1 0.7 -0.0186155 0.601635 
1.05 0.7 -0.0571702 0.595513 
1.1 0.7 -0.0936843 0.583312 
1.15 0.7 -0.126871 0.565433 
1.2 0.7 -0.155583 0.5424 
1.25 0.7 -0.17884 0.514808 
1.3 0.7 -0.195856 0.483279 
1.35 0.7 -0.206044 0.448446 
1.4 0.7 -0.209015 0.410996 
1.45 0.7 -0.204591 0.371739 
1.5 0.7 -0.192809 0.331718 
1.55 0.7 -0.173943 0.292312 
1.6 0.7 -0.148528 0.255301 
1.65 0.7 -0.117376 0.222833 
1.7 0.7 -0.0815809 0.197226 
1.75 0.7 -0.0424956 0.18063 
1.8 0.7 -0.00167482 0.174599 
1.85 0.7 0.0392139 0.17973 
1.9 0.7 0.0784984 0.195514 
1.95 0.7 0.114611 0.220464 
2 0.7 0.146179 0.252463 
2.05 0.7 0.172087 0.289192 
2.1 0.7 0.191497 0.32848 
2.15 0.7 0.203854 0.368512 
2.2 0.7 0.208863 0.407877 
2.25 0.7 0.206468 0.445509 
2.3 0.7 0.196833 0.480581 
2.35 0.7 0.180326 0.512401 
2.4 0.7 0.157522 0.540328 
2.45 0.7 0.129193 0.563741 
2.5 0.7 0.0963039 0.582042 
2.55 0.7 0.0599919 0.594696 
2.6 0.7 0.0215365 0.601291 
2.65 0.7 -0.0176902 0.601598 
2.7 0.7 -0.0562811 0.595605 
2.75 0.7 -0.0928575 0.583521 
2.8 0.7 -0.126129 0.565741 
2.85 0.7 -0.154941 0.542791 
2.9 0.7 -0.178311 0.515265 
2.95 0.7 -0.195446 0.483784 
3 0.7 -0.205755 0.448984 
3.05 0.7 -0.208845 0.411553 
3.1 0.7 -0.204534 0.372301 
3.15 0.7 -0.192857 0.332268 
3.2 0.7 -0.174086 0.292834 
3.25 0.7 -0.148751 0.255776 
3.3 0.7 -0.117664 0.22324 
3.35 0.7 -0.0819176 0.197547 
3.4 0.7 -0.0428641 0.180851 
3.45 0.7 -0.00205847 0.174714 
3.5 0.7 0.0388303 0.179745 
3.55 0.7 0.0781276 0.195444 
3.6 0.7 0.114263 0.22033 
3.65 0.7 0.145859 0.252289 
3.7 0.7 0.171796 0.289 
3.75 0.7 0.191235 0.328287 
3.8 0.7 0.203616 0.36833 
3.85 0.7 0.208644 0.407713 
3.9 0.7 0.20626 0.445364 
3.95 0.7 0.196628 0.480453 
4 0.7 0.180118 0.512285 
4.05 0.7 0.157307 0.540216 
4.1 0.7 0.128967 0.563623 
4.15 0.7 0.0960679 0.581907 
4.2 0.7 0.0597496 0.59453 
4.25 0.7 0.0212956 0.601079 
4.3 0.7 -0.0179175 0.601325 
4.35 0.7 -0.0564775 0.595254 
4.4 0.7 -0.0930004 0.583074 
4.45 0.7 -0.126189 0.565178 
4.5 0.7 -0.154884 0.542091 
4.55 0.7 -0.178095 0.514405 
4.6 0.7 -0.195023 0.482742 
4.65 0.7 -0.20507 0.447745 
4.7 0.7 -0.207843 0.410112 
4.75 0.7 -0.20316 0.370675 
4.8 0.7 -0.191063 0.330504 
4.85 0.7 -0.171842 0.29102 
4.9 0.7 -0.146056 0.254049 
4.95 0.7 -0.11456 0.221777 
5 0.7 -0.0785059 0.196542 
0 0.75 -0.092557 0.1938 
0.05 0.75 -0.0636198 0.170674 
0.1 0.75 -0.032095 0.155879 
0.15 0.75 0.000776221 0.150797 
0.2 0.75 0.0336505 0.155922 
0.25 0.75 0.0651756 0.17074 
0.3 0.75 0.0940844 0.193849 
0.35 0.75 0.119272 0.223288 
0.4 0.75 0.139846 0.256924 
0.45 0.75 0.155148 0.292767 
0.5 0.75 0.164748 0.329152 
0.55 0.75 0.168429 0.364781 
0.6 0.75 0.166168 0.398672 
0.65 0.75 0.158115 0.430065 
0.7 0.75 0.144584 0.458346 
0.75 0.75 0.126048 0.482971 
0.8 0.75 0.103134 0.503444 
0.85 0.75 0.0766187 0.519311 
0.9 0.75 0.0474121 0.530183 
0.95 0.75 0.0165312 0.535771 
1 0.75 -0.0149363 0.535916 
1.05 0.75 -0.0458767 0.530616 
1.1 0.75 -0.0751991 0.520017 
1.15 0.75 -0.101881 0.504401 
1.2 0.75 -0.125004 0.484152 
1.25 0.75 -0.143783 0.459718 
1.3 0.75 -0.157579 0.431593 
1.35 0.75 -0.165907 0.400315 
1.4 0.75 -0.168442 0.366494 
1.45 0.75 -0.16502 0.330878 
1.5 0.75 -0.155651 0.294439 
1.55 0.75 -0.140537 0.258465 
1.6 0.75 -0.120094 0.224612 
1.65 0.75 -0.0949659 0.19487 
1.7 0.75 -0.0660372 0.171388 
1.75 0.75 -0.0344095 0.156159 
1.8 0.75 -0.00135615 0.150622 
1.85 0.75 0.0317531 0.155332 
1.9 0.75 0.0635445 0.169817 
1.95 0.75 0.0927334 0.192698 
2 0.75 0.118202 0.222013 
2.05 0.75 0.139047 0.255612 
2.1 0.75 0.154604 0.291484 
2.15 0.75 0.164439 0.327942 
2.2 0.75 0.168333 0.363668 
2.25 0.75 0.166262 0.397667 
2.3 0.75 0.158375 0.429176 
2.35 0.75 0.144987 0.457575 
2.4 0.75 0.126569 0.48232 
2.45 0.75 0.10375 0.502916 
2.5 0.75 0.0773041 0.518907 
2.55 0.75 0.0481412 0.529904 
2.6 0.75 0.0172783 0.535615 
2.65 0.75 -0.0141958 0.535879 
2.7 0.75 -0.0451659 0.53069 
2.75 0.75 -0.0745387 0.520191 
2.8 0.75 -0.101288 0.504663 
2.85 0.75 -0.124492 0.484488 
2.9 0.75 -0.143361 0.460114 
2.95 0.75 -0.157252 0.432036 
3 0.75 -0.165678 0.40079 
3.05 0.75 -0.168308 0.366988 
3.1 0.75 -0.164977 0.331378 
3.15 0.75 -0.155693 0.294931 
3.2 0.75 -0.140654 0.258933 
3.25 0.75 -0.120275 0.225038 
3.3 0.75 -0.0952002 0.195235 
3.35 0.75 -0.0663109 0.171674 
3.4 0.75 -0.0347086 0.156353 
3.45 0.75 -0.00166698 0.15072 
3.5 0.75 0.031443 0.155338 
3.55 0.75 0.0632456 0.169744 
3.6 0.75 0.0924536 0.192566 
3.65 0.75 0.117945 0.221844 
3.7 0.75 0.138816 0.255426 
3.75 0.75 0.154396 0.291296 
3.8 0.75 0.164251 0.327763 
3.85 0.75 0.16816 0.363504 
3.9 0.75 0.166098 0.39752 
3.95 0.75 0.158213 0.429043 
4 0.75 0.144821 0.457451 
4.05 0.75 0.126396 0.482199 
4.1 0.75 0.103566 0.502787 
4.15 0.75 0.0771096 0.51876 
4.2 0.75 0.0479391 0.529726 
4.25 0.75 0.0170746 0.535392 
4.3 0.75 -0.0143913 0.535597 
4.35 0.75 -0.0453393 0.53033 
4.4 0.75 -0.0746711 0.519736 
4.45 0.75 -0.101355 0.504093 
4.5 0.75 -0.124465 0.483781 
4.55 0.75 -0.143205 0.459249 
4.6 0.75 -0.156926 0.430992 
4.65 0.75 -0.165136 0.399554 
4.7 0.75 -0.167503 0.365558 
4.75 0.75 -0.163863 0.329772 
4.8 0.75 -0.154231 0.293197 
4.85 0.75 -0.138823 0.257157 
4.9 0.75 -0.118078 0.22335 
4.95 0.75 -0.0926745 0.1938 
5 0.75 -0.0635387 0.170674 
0 0.8 -0.0685888 0.161564 
0.05 0.8 -0.0471535 0.141769 
0.1 0.8 -0.0237824 0.129116 
0.15 0.8 0.000588783 0.124781 
0.2 0.8 0.0249528 0.129182 
0.25 0.8 0.0482974 0.141877 
0.3 0.8 0.0696761 0.161667 
0.35 0.8 0.0882677 0.186872 
0.4 0.8 0.103415 0.215663 
0.45 0.8 0.114638 0.24633 
0.5 0.8 0.121633 0.277434 
0.55 0.8 0.124252 0.307846 
0.6 0.8 0.122492 0.336707 
0.65 0.8 0.116475 0.363361 
0.7 0.8 0.106441 0.387279 
0.75 0.8 0.0927449 0.408017 
0.8 0.8 0.0758517 0.425181 
0.85 0.8 0.0563316 0.438429 
0.9 0.8 0.0348503 0.447476 
0.95 0.8 0.0121497 0.452116 
1 0.8 -0.0109778 0.452237 
1.05 0.8 -0.0337218 0.447836 
1.1 0.8 -0.0552878 0.439018 
1.15 0.8 -0.0749296 0.425982 
1.2 0.8 -0.0919761 0.409008 
1.25 0.8 -0.105849 0.388435 
1.3 0.8 -0.116077 0.364652 
1.35 0.8 -0.122297 0.338099 
1.4 0.8 -0.124258 0.309297 
1.45 0.8 -0.121828 0.278898 
1.5 0.8 -0.115003 0.247748 
1.55 0.8 -0.103916 0.216969 
1.6 0.8 -0.0888627 0.187993 
1.65 0.8 -0.0703126 0.162533 
1.7 0.8 -0.0489171 0.142432 
1.75 0.8 -0.0254965 0.129396 
1.8 0.8 -0.00100477 0.124657 
1.85 0.8 0.023529 0.128688 
1.9 0.8 0.0470726 0.141086 
1.95 0.8 0.0686635 0.160673 
2 0.8 0.0874684 0.185768 
2.05 0.8 0.102821 0.214527 
2.1 0.8 0.114237 0.24522 
2.15 0.8 0.121408 0.276388 
2.2 0.8 0.124186 0.306886 
2.25 0.8 0.122567 0.335846 
2.3 0.8 0.116672 0.362602 
2.35 0.8 0.106742 0.386625 
2.4 0.8 0.0931327 0.407468 
2.45 0.8 0.0763075 0.424739 
2.5 0.8 0.056837 0.438092 
2.55 0.8 0.0353865 0.447243 
2.6 0.8 0.0126982 0.451985 
2.65 0.8 -0.0104351 0.452204 
2.7 0.8 -0.0332017 0.447895 
2.75 0.8 -0.054805 0.439159 
2.8 0.8 -0.0744967 0.426197 
2.85 0.8 -0.0916026 0.409286 
2.9 0.8 -0.105542 0.388764 
2.95 0.8 -0.11584 0.365021 
3 0.8 -0.122131 0.338497 
3.05 0.8 -0.124162 0.309713 
3.1 0.8 -0.121799 0.27932 
3.15 0.8 -0.115036 0.248164 
3.2 0.8 -0.104005 0.217365 
3.25 0.8 -0.088999 0.188353 
3.3 0.8 -0.0704876 0.162841 
3.35 0.8 -0.0491208 0.142673 
3.4 0.8 -0.0257187 0.129559 
3.45 0.8 -0.00123516 0.124737 
3.5 0.8 0.0232998 0.128689 
3.55 0.8 0.0468525 0.14102 
3.6 0.8 0.0684582 0.160555 
3.65 0.8 0.0872814 0.185617 
3.7 0.8 0.102654 0.214361 
3.75 0.8 0.114088 0.245052 
3.8 0.8 0.121274 0.276228 
3.85 0.8 0.124062 0.306738 
3.9 0.8 0.122449 0.33571 
3.95 0.8 0.116555 0.362478 
4 0.8 0.106622 0.386508 
4.05 0.8 0.0930052 0.407351 
4.1 0.8 0.0761709 0.424613 
4.15 0.8 0.0566909 0.437949 
4.2 0.8 0.0352327 0.447072 
4.25 0.8 0.0125409 0.451773 
4.3 0.8 -0.0105888 0.451937 
4.35 0.8 -0.0333413 0.447558 
4.4 0.8 -0.0549168 0.438735 
4.45 0.8 -0.0745626 0.425668 
4.5 0.8 -0.0916003 0.408633 
4.55 0.8 -0.105445 0.387968 
4.6 0.8 -0.115616 0.364065 
4.65 0.8 -0.121745 0.33737 
4.7 0.8 -0.123579 0.308416 
4.75 0.8 -0.120984 0.27787 
4.8 0.8 -0.113961 0.246607 
4.85 0.8 -0.102658 0.215779 
4.9 0.8 -0.087388 0.186852 
4.95 0.8 -0.0686477 0.161564 
5 0.8 -0.0471126 0.141769 
0 0.85 -0.0444825 0.125298 
0.05 0.85 -0.0305777 0.109853 
0.1 0.85 -0.0154188 0.0999968 
0.15 0.85 0.00037922 0.0966276 
0.2 0.85 0.0161615 0.100064 
0.25 0.85 0.0312691 0.109962 
0.3 0.85 0.0450854 0.125397 
0.35 0.85 0.057078 0.145072 
0.4 0.85 0.0668241 0.167565 
0.45 0.85 0.07402 0.19154 
0.5 0.85 0.0784767 0.215864 
0.55 0.85 0.0801089 0.239642 
0.6 0.85 0.0789217 0.262189 
0.65 0.85 0.0750006 0.282981 
0.7 0.85 0.0685051 0.301602 
0.75 0.85 0.0596654 0.317708 
0.8 0.85 0.0487813 0.331006 
0.85 0.85 0.0362187 0.341244 
0.9 0.85 0.0224035 0.348223 
0.95 0.85 0.00780981 0.351797 
1 0.85 -0.00705652 0.351891 
1.05 0.85 -0.0216781 0.348501 
1.1 0.85 -0.0355476 0.341699 
1.15 0.85 -0.0481883 0.331625 
1.2 0.85 -0.0591708 0.318477 
1.25 0.85 -0.0681244 0.3025 
1.3 0.85 -0.0747447 0.283985 
1.35 0.85 -0.0787956 0.263273 
1.4 0.85 -0.080112 0.240772 
1.45 0.85 -0.0786021 0.217003 
1.5 0.85 -0.0742539 0.192642 
1.55 0.85 -0.0671456 0.168579 
1.6 0.85 -0.0574593 0.145942 
1.65 0.85 -0.0454926 0.12607 
1.7 0.85 -0.0316648 0.110396 
1.75 0.85 -0.0165093 0.100239 
1.8 0.85 -0.000650473 0.0965479 
1.85 0.85 0.015236 0.0996875 
1.9 0.85 0.0304723 0.109347 
1.95 0.85 0.0444282 0.124619 
2 0.85 0.0565615 0.144204 
2.05 0.85 0.0664431 0.16667 
2.1 0.85 0.0737653 0.190665 
2.15 0.85 0.078337 0.21504 
2.2 0.85 0.0800719 0.238887 
2.25 0.85 0.078975 0.261513 
2.3 0.85 0.0751321 0.282387 
2.35 0.85 0.0687029 0.301092 
2.4 0.85 0.0599177 0.317282 
2.45 0.85 0.0490764 0.330662 
2.5 0.85 0.0365447 0.340984 
2.55 0.85 0.0227484 0.348043 
2.6 0.85 0.00816184 0.351696 
2.65 0.85 -0.00670884 0.351864 
2.7 0.85 -0.0213454 0.348544 
2.75 0.85 -0.0352393 0.341807 
2.8 0.85 -0.0479123 0.331789 
2.85 0.85 -0.0589331 0.31869 
2.9 0.85 -0.0679294 0.302753 
2.95 0.85 -0.0745946 0.28427 
3 0.85 -0.0786913 0.263581 
3.05 0.85 -0.0800527 0.241095 
3.1 0.85 -0.0785857 0.217331 
3.15 0.85 -0.0742773 0.192966 
3.2 0.85 -0.0672046 0.168887 
3.25 0.85 -0.0575489 0.146222 
3.3 0.85 -0.045607 0.126309 
3.35 0.85 -0.0317975 0.110583 
3.4 0.85 -0.0166536 0.100365 
3.45 0.85 -0.000799663 0.0966089 
3.5 0.85 0.0150881 0.0996869 
3.55 0.85 0.0303309 0.109294 
3.6 0.85 0.044297 0.124525 
3.65 0.85 0.0564427 0.144084 
3.7 0.85 0.0663373 0.166538 
3.75 0.85 0.0736715 0.19053 
3.8 0.85 0.0782531 0.21491 
3.85 0.85 0.0799949 0.238766 
3.9 0.85 0.0789017 0.261401 
3.95 0.85 0.0750591 0.282284 
4 0.85 0.068627 0.300993 
4.05 0.85 0.0598366 0.317182 
4.1 0.85 0.0489883 0.330555 
4.15 0.85 0.0364493 0.340862 
4.2 0.85 0.0226466 0.347897 
4.25 0.85 0.00805617 0.351516 
4.3 0.85 -0.00681395 0.351639 
4.35 0.85 -0.0214434 0.348262 
4.4 0.85 -0.0353212 0.341454 
4.45 0.85 -0.0479664 0.331351 
4.5 0.85 -0.0589447 0.31815 
4.55 0.85 -0.0678806 0.302098 
4.6 0.85 -0.0744647 0.283487 
4.65 0.85 -0.0784569 0.262661 
4.7 0.85 -0.0796897 0.240041 
4.75 0.85 -0.0780716 0.216159 
4.8 0.85 -0.0735954 0.191715 
4.85 0.85 -0.0663503 0.167622 
4.9 0.85 -0.0565357 0.145031 
4.95 0.85 -0.0444708 0.125298 
5 0.85 -0.0305854 0.109853 
0 0.9 -0.0227945 0.0856275 
0.05 0.9 -0.0156388 0.0751924 
0.1 0.9 -0.00787713 0.0685519 
0.15 0.9 0.000188569 0.0662871 
0.2 0.9 0.00823495 0.068604 
0.25 0.9 0.0159283 0.0752754 
0.3 0.9 0.0229537 0.0856905 
0.35 0.9 0.0290395 0.0989874 
0.4 0.9 0.0339723 0.114216 
0.45 0.9 0.0376013 0.130474 
0.5 0.9 0.0398352 0.14699 
0.55 0.9 0.0406356 0.163147 
0.6 0.9 0.0400093 0.17847 
0.65 0.9 0.0380023 0.192594 
0.7 0.9 0.034697 0.205232 
0.75 0.9 0.0302105 0.216151 
0.8 0.9 0.0246939 0.225154 
0.85 0.9 0.0183317 0.232077 
0.9 0.9 0.0113382 0.236791 
0.95 0.9 0.00395235 0.239203 
1 0.9 -0.00357102 0.239266 
1.05 0.9 -0.010971 0.236978 
1.1 0.9 -0.0179921 0.232384 
1.15 0.9 -0.0243939 0.225573 
1.2 0.9 -0.0299603 0.216672 
1.25 0.9 -0.0345046 0.205841 
1.3 0.9 -0.0378731 0.193275 
1.35 0.9 -0.039946 0.179205 
1.4 0.9 -0.040638 0.163913 
1.45 0.9 -0.0398998 0.147762 
1.5 0.9 -0.037721 0.13122 
1.55 0.9 -0.0341367 0.114901 
1.6 0.9 -0.0292342 0.0995747 
1.65 0.9 -0.0231613 0.0861452 
1.7 0.9 -0.0161298 0.0755712 
1.75 0.9 -0.00841258 0.068728 
1.8 0.9 -0.000331367 0.0662431 
1.85 0.9 0.00776417 0.0683566 
1.9 0.9 0.0155233 0.074864 
1.95 0.9 0.0226209 0.0851652 
2 0.9 0.0287796 0.0983988 
2.05 0.9 0.0337822 0.113607 
2.1 0.9 0.0374759 0.129878 
2.15 0.9 0.0397683 0.146428 
2.2 0.9 0.0406206 0.162632 
2.25 0.9 0.0400396 0.178008 
2.3 0.9 0.0380717 0.192189 
2.35 0.9 0.0347994 0.204885 
2.4 0.9 0.0303398 0.215861 
2.45 0.9 0.0248444 0.224921 
2.5 0.9 0.0184973 0.2319 
2.55 0.9 0.0115129 0.236669 
2.6 0.9 0.0041302 0.239134 
2.65 0.9 -0.00339572 0.239248 
2.7 0.9 -0.0108036 0.237007 
2.75 0.9 -0.0178372 0.232456 
2.8 0.9 -0.0242556 0.225683 
2.85 0.9 -0.0298415 0.216815 
2.9 0.9 -0.0344075 0.206011 
2.95 0.9 -0.0377988 0.193467 
3 0.9 -0.0398948 0.179413 
3.05 0.9 -0.0406095 0.164132 
3.1 0.9 -0.0398929 0.147984 
3.15 0.9 -0.0377342 0.131439 
3.2 0.9 -0.0341678 0.115109 
3.25 0.9 -0.0292807 0.0997638 
3.3 0.9 -0.0232203 0.0863067 
3.35 0.9 -0.0161979 0.0756972 
3.4 0.9 -0.00848636 0.0688128 
3.45 0.9 -0.000407371 0.0662845 
3.5 0.9 0.00768915 0.0683564 
3.55 0.9 0.0154519 0.074828 
3.6 0.9 0.0225551 0.0851019 
3.65 0.9 0.0287205 0.0983175 
3.7 0.9 0.03373 0.113517 
3.75 0.9 0.03743 0.129785 
3.8 0.9 0.0397276 0.146338 
3.85 0.9 0.0405835 0.162547 
3.9 0.9 0.0400042 0.17793 
3.95 0.9 0.0380363 0.192116 
4 0.9 0.0347622 0.204814 
4.05 0.9 0.0302996 0.215789 
4.1 0.9 0.0248 0.224844 
4.15 0.9 0.0184486 0.231812 
4.2 0.9 0.0114602 0.236564 
4.25 0.9 0.00407458 0.239005 
4.3 0.9 -0.00345207 0.239087 
4.35 0.9 -0.0108575 0.236806 
4.4 0.9 -0.0178841 0.232206 
4.45 0.9 -0.0242895 0.225373 
4.5 0.9 -0.0298551 0.216435 
4.55 0.9 -0.0343914 0.205552 
4.6 0.9 -0.0377422 0.192919 
4.65 0.9 -0.0397855 0.178772 
4.7 0.9 -0.0404347 0.1634 
4.75 0.9 -0.0396409 0.147175 
4.8 0.9 -0.0373971 0.130581 
4.85 0.9 -0.0337459 0.114248 
4.9 0.9 -0.0287902 0.098961 
4.95 0.9 -0.0227004 0.0856275 
5 0.9 -0.0157033 0.0751924 
0 0.95 -0.00673406 0.0434817 
0.05 0.95 -0.00453309 0.0382939 
0.1 0.95 -0.00226825 0.0350097 
0.15 0.95 5.29789e-05 0.0338921 
0.2 0.95 0.00236095 0.0350386 
0.25 0.95 0.00456437 0.0383404 
0.3 0.95 0.00657287 0.0435034 
0.35 0.95 0.00830845 0.0501094 
0.4 0.95 0.00971067 0.0576935 
0.45 0.95 0.0107379 0.0658091 
0.5 0.95 0.0113658 0.0740696 
0.55 0.95 0.0115853 0.0821624 
0.6 0.95 0.0113997 0.0898443 
0.65 0.95 0.0108228 0.0969282 
0.7 0.95 0.00987824 0.103267 
0.75 0.95 0.00859917 0.108741 
0.8 0.95 0.00702814 0.113253 
0.85 0.95 0.00521714 0.116721 
0.9 0.95 0.00322679 0.119081 
0.95 0.95 0.00112484 0.120288 
1 0.95 -0.00101623 0.12032 
1.05 0.95 -0.00312222 0.119175 
1.1 0.95 -0.00512046 0.116875 
1.15 0.95 -0.00694281 0.113463 
1.2 0.95 -0.0085281 0.109002 
1.25 0.95 -0.00982371 0.103572 
1.3 0.95 -0.0107863 0.0972693 
1.35 0.95 -0.0113821 0.0902122 
1.4 0.95 -0.0115866 0.0825458 
1.45 0.95 -0.0113849 0.0744552 
1.5 0.95 -0.0107729 0.0661814 
1.55 0.95 -0.00975862 0.0580349 
1.6 0.95 -0.0083652 0.0504018 
1.65 0.95 -0.00663329 0.0437299 
1.7 0.95 -0.00462276 0.0384885 
1.75 0.95 -0.00241212 0.0351024 
1.8 0.95 -9.49791e-05 0.0338741 
1.85 0.95 0.00222636 0.0349188 
1.9 0.95 0.00444925 0.0381383 
1.95 0.95 0.00647907 0.0432436 
2 0.95 0.0082359 0.0498169 
2.05 0.95 0.00965826 0.0573897 
2.1 0.95 0.0107039 0.0655105 
2.15 0.95 0.0113485 0.0737873 
2.2 0.95 0.0115826 0.0819032 
2.25 0.95 0.0114096 0.089612 
2.3 0.95 0.0108435 0.0967243 
2.35 0.95 0.00990812 0.103092 
2.4 0.95 0.0086365 0.108595 
2.45 0.95 0.00707128 0.113136 
2.5 0.95 0.00526441 0.116632 
2.55 0.95 0.00327651 0.119019 
2.6 0.95 0.00117535 0.120254 
2.65 0.95 -0.000966562 0.12031 
2.7 0.95 -0.0030749 0.119189 
2.75 0.95 -0.00507682 0.11691 
2.8 0.95 -0.00690394 0.113518 
2.85 0.95 -0.00849485 0.109073 
2.9 0.95 -0.00979665 0.103657 
2.95 0.95 -0.0107658 0.0973653 
3 0.95 -0.0113681 0.0903164 
3.05 0.95 -0.011579 0.082655 
3.1 0.95 -0.0113835 0.0745663 
3.15 0.95 -0.0107771 0.0662908 
3.2 0.95 -0.0097679 0.0581389 
3.25 0.95 -0.00837882 0.0504962 
3.3 0.95 -0.00665042 0.0438104 
3.35 0.95 -0.00464245 0.0385514 
3.4 0.95 -0.00243336 0.0351449 
3.45 0.95 -0.000116759 0.033895 
3.5 0.95 0.00220498 0.0349192 
3.55 0.95 0.00442906 0.038121 
3.6 0.95 0.00646062 0.0432125 
3.65 0.95 0.0082195 0.0497767 
3.7 0.95 0.00964395 0.0573446 
3.75 0.95 0.0106915 0.0654642 
3.8 0.95 0.0113376 0.0737421 
3.85 0.95 0.0115727 0.0818605 
3.9 0.95 0.0114002 0.089572 
3.95 0.95 0.0108341 0.0966866 
4 0.95 0.00989809 0.103055 
4.05 0.95 0.00862545 0.108558 
4.1 0.95 0.0070589 0.113096 
4.15 0.95 0.00525056 0.116586 
4.2 0.95 0.00326126 0.118965 
4.25 0.95 0.00115898 0.120187 
4.3 0.95 -0.000983483 0.120227 
4.35 0.95 -0.0030915 0.119085 
4.4 0.95 -0.00509186 0.116781 
4.45 0.95 -0.00691577 0.113359 
4.5 0.95 -0.00850134 0.108879 
4.55 0.95 -0.00979515 0.103422 
4.6 0.95 -0.0107531 0.0970862 
4.65 0.95 -0.0113407 0.0899909 
4.7 0.95 -0.0115329 0.0822851 
4.75 0.95 -0.0113151 0.0741593 
4.8 0.95 -0.010684 0.0658618 
4.85 0.95 -0.00965127 0.0577118 
4.9 0.95 -0.0082495 0.0501026 
4.95 0.95 -0.00654543 0.0434817 
5 0.95 -0.00466326 0.0382939 
0 1 0 0 
0.05 1 0 0 
0.1 1 0 0 
0.15 1 0 0 
0.2 1 0 0 
0.25 1 0 0 
0.3 1 0 0 
0.35 1 0 0 
0.4 1 0 0 
0.45 1 0 0 
0.5 1 0 0 
0.55 1 0 0 
0.6 1 0 0 
0.65 1 0 0 
0.7 1 0 0 
0.75 1 0 0 
0.8 1 0 0 
0.85 1 0 0 
0.9 1 0 0 
0.95 1 0 0 
1 1 0 0 
1.05 1 0 0 
1.1 1 0 0 
1.15 1 0 0 
1.2 1 0 0 
1.25 1 0 0 
1.3 1 0 0 
1.35 1 0 0 
1.4 1 0 0 
1.45 1 0 0 
1.5 1 0 0 
1.55 1 0 0 
1.6 1 0 0 
1.65 1 0 0 
1.7 1 0 0 
1.75 1 0 0 
1.8 1 0 0 
1.85 1 0 0 
1.9 1 0 0 
1.95 1 0 0 
2 1 0 0 
2.05 1 0 0 
2.1 1 0 0 
2.15 1 0 0 
2.2 1 0 0 
2.25 1 0 0 
2.3 1 0 0 
2.35 1 0 0 
2.4 1 0 0 
2.45 1 0 0 
2.5 1 0 0 
2.55 1 0 0 
2.6 1 0 0 
2.65 1 0 0 
2.7 1 0 0 
2.75 1 0 0 
2.8 1 0 0 
2.85 1 0 0 
2.9 1 0 0 
2.95 1 0 0 
3 1 0 0 
3.05 1 0 0 
3.1 1 0 0 
3.15 1 0 0 
3.2 1 0 0 
3.25 1 0 0 
3.3 1 0 0 
3.35 1 0 0 
3.4 1 0 0 
3.45 1 0 0 
3.5 1 0 0 
3.55 1 0 0 
3.6 1 0 0 
3.65 1 0 0 
3.7 1 0 0 
3.75 1 0 0 
3.8 1 0 0 
3.85 1 0 0 
3.9 1 0 0 
3.95 1 0 0 
4 1 0 0 
4.05 1 0 0 
4.1 1 0 0 
4.15 1 0 0 
4.2 1 0 0 
4.25 1 0 0 
4.3 1 0 0 
4.35 1 0 0 
4.4 1 0 0 
4.45 1 0 0 
4.5 1 0 0 
4.55 1 0 0 
4.6 1 0 0 
4.65 1 0 0 
4.7 1 0 0 
4.75 1 0 0 
4.8 1 0 0 
4.85 1 0 0 
4.9 1 0 0 
4.95 1 0 0 
5 1 0 0 
