x, y, ksi, T
#iter= 1250000
0 0 0 1 
0.05 0 0 1 
0.1 0 0 1 
0.15 0 0 1 
0.2 0 0 1 
0.25 0 0 1 
0.3 0 0 1 
0.35 0 0 1 
0.4 0 0 1 
0.45 0 0 1 
0.5 0 0 1 
0.55 0 0 1 
0.6 0 0 1 
0.65 0 0 1 
0.7 0 0 1 
0.75 0 0 1 
0.8 0 0 1 
0.85 0 0 1 
0.9 0 0 1 
0.95 0 0 1 
1 0 0 1 
1.05 0 0 1 
1.1 0 0 1 
1.15 0 0 1 
1.2 0 0 1 
1.25 0 0 1 
1.3 0 0 1 
1.35 0 0 1 
1.4 0 0 1 
1.45 0 0 1 
1.5 0 0 1 
1.55 0 0 1 
1.6 0 0 1 
1.65 0 0 1 
1.7 0 0 1 
1.75 0 0 1 
1.8 0 0 1 
1.85 0 0 1 
1.9 0 0 1 
1.95 0 0 1 
2 0 0 1 
2.05 0 0 1 
2.1 0 0 1 
2.15 0 0 1 
2.2 0 0 1 
2.25 0 0 1 
2.3 0 0 1 
2.35 0 0 1 
2.4 0 0 1 
2.45 0 0 1 
2.5 0 0 1 
2.55 0 0 1 
2.6 0 0 1 
2.65 0 0 1 
2.7 0 0 1 
2.75 0 0 1 
2.8 0 0 1 
2.85 0 0 1 
2.9 0 0 1 
2.95 0 0 1 
3 0 0 1 
3.05 0 0 1 
3.1 0 0 1 
3.15 0 0 1 
3.2 0 0 1 
3.25 0 0 1 
3.3 0 0 1 
3.35 0 0 1 
3.4 0 0 1 
3.45 0 0 1 
3.5 0 0 1 
3.55 0 0 1 
3.6 0 0 1 
3.65 0 0 1 
3.7 0 0 1 
3.75 0 0 1 
3.8 0 0 1 
3.85 0 0 1 
3.9 0 0 1 
3.95 0 0 1 
4 0 0 1 
4.05 0 0 1 
4.1 0 0 1 
4.15 0 0 1 
4.2 0 0 1 
4.25 0 0 1 
4.3 0 0 1 
4.35 0 0 1 
4.4 0 0 1 
4.45 0 0 1 
4.5 0 0 1 
4.55 0 0 1 
4.6 0 0 1 
4.65 0 0 1 
4.7 0 0 1 
4.75 0 0 1 
4.8 0 0 1 
4.85 0 0 1 
4.9 0 0 1 
4.95 0 0 1 
5 0 0 1 
0 0.05 -0.00656818 0.884928 
0.05 0.05 -0.00448155 0.881853 
0.1 0.05 -0.00230308 0.880027 
0.15 0.05 -9.56213e-05 0.879426 
0.2 0.05 0.00208384 0.880035 
0.25 0.05 0.00417161 0.881826 
0.3 0.05 0.00610283 0.884758 
0.35 0.05 0.00781643 0.888773 
0.4 0.05 0.00925808 0.893794 
0.45 0.05 0.0103818 0.899732 
0.5 0.05 0.0111506 0.906478 
0.55 0.05 0.0115365 0.913901 
0.6 0.05 0.0115208 0.921836 
0.65 0.05 0.0110946 0.930068 
0.7 0.05 0.0102603 0.938321 
0.75 0.05 0.00903431 0.946242 
0.8 0.05 0.00744902 0.953407 
0.85 0.05 0.00555566 0.959352 
0.9 0.05 0.00342463 0.963621 
0.95 0.05 0.00114341 0.965848 
1 0.05 -0.00118865 0.965827 
1.05 0.05 -0.003468 0.963561 
1.1 0.05 -0.00559545 0.959259 
1.15 0.05 -0.00748381 0.95329 
1.2 0.05 -0.00906306 0.94611 
1.25 0.05 -0.0102824 0.938183 
1.3 0.05 -0.0111097 0.929933 
1.35 0.05 -0.0115291 0.92171 
1.4 0.05 -0.0115386 0.913792 
1.45 0.05 -0.0111475 0.90639 
1.5 0.05 -0.0103754 0.899671 
1.55 0.05 -0.00925099 0.893764 
1.6 0.05 -0.00781264 0.888777 
1.65 0.05 -0.00610809 0.8848 
1.7 0.05 -0.00419416 0.881904 
1.75 0.05 -0.00213559 0.880144 
1.8 0.05 -3.05516e-06 0.879552 
1.85 0.05 0.00212958 0.880141 
1.9 0.05 0.00418844 0.881899 
1.95 0.05 0.00610284 0.884792 
2 0.05 0.00780798 0.888767 
2.05 0.05 0.00924702 0.893752 
2.1 0.05 0.0103721 0.899657 
2.15 0.05 0.011145 0.906376 
2.2 0.05 0.0115367 0.913778 
2.25 0.05 0.0115277 0.921697 
2.3 0.05 0.0111087 0.92992 
2.35 0.05 0.0102817 0.938172 
2.4 0.05 0.00906242 0.9461 
2.45 0.05 0.00748311 0.953282 
2.5 0.05 0.00559455 0.959252 
2.55 0.05 0.00346682 0.963555 
2.6 0.05 0.00118714 0.965821 
2.65 0.05 -0.00114523 0.965842 
2.7 0.05 -0.00342668 0.963615 
2.75 0.05 -0.00555778 0.959346 
2.8 0.05 -0.00745103 0.953402 
2.85 0.05 -0.00903599 0.946238 
2.9 0.05 -0.0102615 0.93832 
2.95 0.05 -0.011095 0.930071 
3 0.05 -0.0115205 0.921845 
3.05 0.05 -0.0115357 0.913919 
3.1 0.05 -0.0111499 0.906508 
3.15 0.05 -0.0103824 0.899777 
3.2 0.05 -0.00926187 0.893859 
3.25 0.05 -0.0078267 0.88886 
3.3 0.05 -0.00612457 0.884871 
3.35 0.05 -0.0042123 0.881963 
3.4 0.05 -0.00215463 0.880192 
3.45 0.05 -2.22701e-05 0.879589 
3.5 0.05 0.00211084 0.880168 
3.55 0.05 0.00417074 0.881917 
3.6 0.05 0.00608661 0.884803 
3.65 0.05 0.00779354 0.888771 
3.7 0.05 0.00923453 0.893751 
3.75 0.05 0.0103617 0.899653 
3.8 0.05 0.0111364 0.90637 
3.85 0.05 0.0115299 0.91377 
3.9 0.05 0.0115225 0.921688 
3.95 0.05 0.0111049 0.929912 
4 0.05 0.0102791 0.938164 
4.05 0.05 0.00906084 0.946093 
4.1 0.05 0.00748242 0.953277 
4.15 0.05 0.00559469 0.959249 
4.2 0.05 0.00346777 0.963556 
4.25 0.05 0.00118894 0.965828 
4.3 0.05 -0.00114254 0.965856 
4.35 0.05 -0.00342306 0.963638 
4.4 0.05 -0.00555327 0.959381 
4.45 0.05 -0.00744579 0.953451 
4.5 0.05 -0.00903043 0.946303 
4.55 0.05 -0.0102564 0.938402 
4.6 0.05 -0.0110919 0.930173 
4.65 0.05 -0.0115219 0.921968 
4.7 0.05 -0.0115458 0.914062 
4.75 0.05 -0.0111751 0.906668 
4.8 0.05 -0.0104328 0.899948 
4.85 0.05 -0.00935349 0.894025 
4.9 0.05 -0.00798444 0.888996 
4.95 0.05 -0.00638574 0.884928 
5 0.05 -0.00460747 0.881853 
0 0.1 -0.0221642 0.771187 
0.05 0.1 -0.0153511 0.765149 
0.1 0.1 -0.00793056 0.761491 
0.15 0.1 -0.000269152 0.760272 
0.2 0.1 0.00734965 0.761475 
0.25 0.1 0.0146683 0.765046 
0.3 0.1 0.0214455 0.770895 
0.35 0.1 0.0274606 0.778903 
0.4 0.1 0.0325188 0.788916 
0.45 0.1 0.0364558 0.800754 
0.5 0.1 0.0391398 0.814202 
0.55 0.1 0.040472 0.829003 
0.6 0.1 0.0403883 0.844835 
0.65 0.1 0.0388615 0.861281 
0.7 0.1 0.0359058 0.877797 
0.75 0.1 0.0315847 0.893683 
0.8 0.1 0.0260183 0.90809 
0.85 0.1 0.0193896 0.92007 
0.9 0.1 0.0119451 0.928691 
0.95 0.1 0.00398674 0.933194 
1 0.1 -0.00414533 0.933152 
1.05 0.1 -0.0120974 0.92857 
1.1 0.1 -0.0195297 0.919882 
1.15 0.1 -0.0261413 0.907853 
1.2 0.1 -0.0316869 0.893416 
1.25 0.1 -0.0359849 0.877518 
1.3 0.1 -0.0389165 0.861008 
1.35 0.1 -0.0404197 0.844581 
1.4 0.1 -0.0404817 0.82878 
1.45 0.1 -0.0391316 0.814021 
1.5 0.1 -0.0364358 0.800623 
1.55 0.1 -0.032496 0.788845 
1.6 0.1 -0.0274479 0.778897 
1.65 0.1 -0.0214612 0.770959 
1.7 0.1 -0.0147371 0.765177 
1.75 0.1 -0.007504 0.76166 
1.8 0.1 -1.08972e-05 0.760478 
1.85 0.1 0.00748255 0.761654 
1.9 0.1 0.0147166 0.765166 
1.95 0.1 0.0214424 0.770943 
2 0.1 0.0274311 0.778876 
2.05 0.1 0.0324815 0.78882 
2.1 0.1 0.0364238 0.800597 
2.15 0.1 0.039122 0.813993 
2.2 0.1 0.0404744 0.828752 
2.25 0.1 0.0404143 0.844554 
2.3 0.1 0.0389124 0.860983 
2.35 0.1 0.0359818 0.877495 
2.4 0.1 0.0316841 0.893396 
2.45 0.1 0.0261383 0.907836 
2.5 0.1 0.0195261 0.919868 
2.55 0.1 0.0120929 0.928558 
2.6 0.1 0.00413978 0.933141 
2.65 0.1 -0.00399326 0.933183 
2.7 0.1 -0.0119523 0.92868 
2.75 0.1 -0.0193971 0.920058 
2.8 0.1 -0.0260253 0.908079 
2.85 0.1 -0.0315906 0.893674 
2.9 0.1 -0.0359098 0.877792 
2.95 0.1 -0.0388632 0.861284 
3 0.1 -0.0403877 0.844849 
3.05 0.1 -0.0404699 0.829034 
3.1 0.1 -0.0391382 0.814255 
3.15 0.1 -0.0364587 0.800836 
3.2 0.1 -0.0325329 0.789033 
3.25 0.1 -0.0274963 0.779062 
3.3 0.1 -0.0215184 0.7711 
3.35 0.1 -0.0148003 0.765294 
3.4 0.1 -0.00757069 0.761754 
3.45 0.1 -7.8487e-05 0.760551 
3.5 0.1 0.00741636 0.761707 
3.55 0.1 0.0146538 0.765201 
3.6 0.1 0.0213845 0.770963 
3.65 0.1 0.0273793 0.778884 
3.7 0.1 0.0324364 0.788818 
3.75 0.1 0.0363856 0.800588 
3.8 0.1 0.0390906 0.813979 
3.85 0.1 0.0404492 0.828736 
3.9 0.1 0.0403947 0.844536 
3.95 0.1 0.0388979 0.860965 
4 0.1 0.0359715 0.877479 
4.05 0.1 0.0316775 0.893382 
4.1 0.1 0.026135 0.907825 
4.15 0.1 0.0195258 0.919863 
4.2 0.1 0.0120956 0.92856 
4.25 0.1 0.00414557 0.933153 
4.3 0.1 -0.00398426 0.933209 
4.35 0.1 -0.01194 0.928724 
4.4 0.1 -0.0193816 0.920125 
4.45 0.1 -0.0260071 0.908172 
4.5 0.1 -0.0315711 0.893799 
4.55 0.1 -0.0358918 0.877952 
4.6 0.1 -0.0388513 0.861481 
4.65 0.1 -0.04039 0.845086 
4.7 0.1 -0.0404989 0.829309 
4.75 0.1 -0.0392128 0.814562 
4.8 0.1 -0.0366055 0.80116 
4.85 0.1 -0.0327864 0.789343 
4.9 0.1 -0.0278935 0.779302 
4.95 0.1 -0.0220728 0.771187 
5 0.1 -0.0154121 0.765149 
0 0.15 -0.0431857 0.663578 
0.05 0.15 -0.0298813 0.654762 
0.1 0.15 -0.0153933 0.649372 
0.15 0.15 -0.000371168 0.647554 
0.2 0.15 0.0146133 0.649314 
0.25 0.15 0.0290318 0.65458 
0.3 0.15 0.0423935 0.663216 
0.35 0.15 0.0542527 0.675036 
0.4 0.15 0.0642186 0.689804 
0.45 0.15 0.0719625 0.707245 
0.5 0.15 0.0772226 0.727042 
0.55 0.15 0.0798051 0.748819 
0.6 0.15 0.0795875 0.77211 
0.65 0.15 0.0765226 0.796318 
0.7 0.15 0.0706478 0.820654 
0.75 0.15 0.0620976 0.844097 
0.8 0.15 0.051117 0.865397 
0.85 0.15 0.0380708 0.88314 
0.9 0.15 0.0234433 0.895929 
0.95 0.15 0.00782198 0.902616 
1 0.15 -0.00813481 0.902554 
1.05 0.15 -0.0237439 0.895749 
1.1 0.15 -0.0383479 0.882861 
1.15 0.15 -0.051361 0.865044 
1.2 0.15 -0.0623013 0.8437 
1.25 0.15 -0.0708064 0.820238 
1.3 0.15 -0.076634 0.795908 
1.35 0.15 -0.0796522 0.771727 
1.4 0.15 -0.0798265 0.748477 
1.45 0.15 -0.0772074 0.726756 
1.5 0.15 -0.0719215 0.707027 
1.55 0.15 -0.0641677 0.689663 
1.6 0.15 -0.0542143 0.67498 
1.65 0.15 -0.0423977 0.663248 
1.7 0.15 -0.0291176 0.654691 
1.75 0.15 -0.0148276 0.649483 
1.8 0.15 -2.18438e-05 0.647731 
1.85 0.15 0.0147846 0.649474 
1.9 0.15 0.0290765 0.654674 
1.95 0.15 0.0423598 0.663223 
2 0.15 0.0541803 0.674949 
2.05 0.15 0.0641383 0.689627 
2.1 0.15 0.071897 0.706988 
2.15 0.15 0.0771876 0.726715 
2.2 0.15 0.0798111 0.748436 
2.25 0.15 0.0796404 0.771687 
2.3 0.15 0.076625 0.795871 
2.35 0.15 0.0707992 0.820204 
2.4 0.15 0.0622949 0.84367 
2.45 0.15 0.0513543 0.865019 
2.5 0.15 0.0383401 0.882841 
2.55 0.15 0.0237343 0.895732 
2.6 0.15 0.00812332 0.902538 
2.65 0.15 -0.00783529 0.9026 
2.7 0.15 -0.0234578 0.895912 
2.75 0.15 -0.0380857 0.883122 
2.8 0.15 -0.0511309 0.865378 
2.85 0.15 -0.0621092 0.84408 
2.9 0.15 -0.0706557 0.82064 
2.95 0.15 -0.0765258 0.796313 
3 0.15 -0.0795859 0.77212 
3.05 0.15 -0.0798001 0.748848 
3.1 0.15 -0.0772175 0.727099 
3.15 0.15 -0.0719642 0.707337 
3.2 0.15 -0.0642384 0.689939 
3.25 0.15 -0.0543081 0.67522 
3.3 0.15 -0.0425094 0.663452 
3.35 0.15 -0.0292418 0.654861 
3.4 0.15 -0.0149591 0.649618 
3.45 0.15 -0.000155543 0.647835 
3.5 0.15 0.0146533 0.649549 
3.55 0.15 0.0289514 0.654723 
3.6 0.15 0.042244 0.66325 
3.65 0.15 0.0540762 0.674957 
3.7 0.15 0.0640472 0.689621 
3.75 0.15 0.0718194 0.706972 
3.8 0.15 0.0771232 0.726693 
3.85 0.15 0.0797591 0.74841 
3.9 0.15 0.0795996 0.771659 
3.95 0.15 0.0765941 0.795845 
4 0.15 0.0707769 0.82018 
4.05 0.15 0.06228 0.843649 
4.1 0.15 0.051346 0.865003 
4.15 0.15 0.0383379 0.882831 
4.2 0.15 0.0237382 0.895732 
4.25 0.15 0.00813332 0.902553 
4.3 0.15 -0.00781877 0.902635 
4.35 0.15 -0.0234345 0.895972 
4.4 0.15 -0.0380555 0.883214 
4.45 0.15 -0.0510946 0.865507 
4.5 0.15 -0.0620687 0.844253 
4.55 0.15 -0.0706153 0.820861 
4.6 0.15 -0.076493 0.796585 
4.65 0.15 -0.0795733 0.772443 
4.7 0.15 -0.0798269 0.749221 
4.75 0.15 -0.0773112 0.727511 
4.8 0.15 -0.0721606 0.707765 
4.85 0.15 -0.0645777 0.69034 
4.9 0.15 -0.0548196 0.675527 
4.95 0.15 -0.0431714 0.663578 
5 0.15 -0.0298885 0.654762 
0 0.2 -0.0665666 0.567824 
0.05 0.2 -0.0459507 0.55653 
0.1 0.2 -0.0235605 0.549595 
0.15 0.2 -0.000318798 0.547239 
0.2 0.2 0.0228987 0.549502 
0.25 0.2 0.0452602 0.556304 
0.3 0.2 0.0659889 0.56746 
0.35 0.2 0.0843806 0.582708 
0.4 0.2 0.09982 0.601725 
0.45 0.2 0.111793 0.624137 
0.5 0.2 0.119891 0.649525 
0.55 0.2 0.123819 0.677407 
0.6 0.2 0.123394 0.707197 
0.65 0.2 0.118554 0.738146 
0.7 0.2 0.109369 0.769264 
0.75 0.2 0.0960627 0.799259 
0.8 0.2 0.0790236 0.826534 
0.85 0.2 0.0588226 0.849279 
0.9 0.2 0.0362072 0.865686 
0.95 0.2 0.0120774 0.87427 
1 0.2 -0.0125631 0.87419 
1.05 0.2 -0.0366742 0.865454 
1.1 0.2 -0.0592538 0.848919 
1.15 0.2 -0.0794044 0.826079 
1.2 0.2 -0.0963817 0.798744 
1.25 0.2 -0.109619 0.768724 
1.3 0.2 -0.11873 0.737611 
1.35 0.2 -0.123497 0.70669 
1.4 0.2 -0.123853 0.676945 
1.45 0.2 -0.119864 0.649125 
1.5 0.2 -0.111719 0.62381 
1.55 0.2 -0.0997208 0.60148 
1.6 0.2 -0.0842844 0.582551 
1.65 0.2 -0.065933 0.567388 
1.7 0.2 -0.0452904 0.556306 
1.75 0.2 -0.0230664 0.549548 
1.8 0.2 -3.44609e-05 0.547274 
1.85 0.2 0.0229986 0.549537 
1.9 0.2 0.0452255 0.556283 
1.95 0.2 0.0658729 0.567356 
2 0.2 0.0842305 0.582511 
2.05 0.2 0.099674 0.601433 
2.1 0.2 0.11168 0.623759 
2.15 0.2 0.119832 0.649071 
2.2 0.2 0.123828 0.676892 
2.25 0.2 0.123477 0.706638 
2.3 0.2 0.118715 0.737563 
2.35 0.2 0.109606 0.768681 
2.4 0.2 0.0963703 0.798707 
2.45 0.2 0.0793927 0.826047 
2.5 0.2 0.0592405 0.848892 
2.55 0.2 0.0366584 0.865431 
2.6 0.2 0.0125443 0.874169 
2.65 0.2 -0.0120989 0.874248 
2.7 0.2 -0.0362305 0.865662 
2.75 0.2 -0.0588462 0.849252 
2.8 0.2 -0.0790457 0.826506 
2.85 0.2 -0.0960809 0.79923 
2.9 0.2 -0.109382 0.769237 
2.95 0.2 -0.118558 0.738127 
3 0.2 -0.12339 0.70719 
3.05 0.2 -0.123808 0.677417 
3.1 0.2 -0.119876 0.64956 
3.15 0.2 -0.111782 0.624204 
3.2 0.2 -0.0998278 0.60183 
3.25 0.2 -0.0844279 0.582856 
3.3 0.2 -0.0661049 0.567647 
3.35 0.2 -0.0454825 0.556519 
3.4 0.2 -0.0232705 0.549718 
3.45 0.2 -0.000242682 0.547402 
3.5 0.2 0.0227934 0.549627 
3.55 0.2 0.0450295 0.55634 
3.6 0.2 0.065691 0.567384 
3.65 0.2 0.0840664 0.582516 
3.7 0.2 0.0995298 0.601421 
3.75 0.2 0.111556 0.623734 
3.8 0.2 0.119729 0.649039 
3.85 0.2 0.123744 0.676856 
3.9 0.2 0.123411 0.706601 
3.95 0.2 0.118664 0.737528 
4 0.2 0.109569 0.768649 
4.05 0.2 0.0963442 0.798679 
4.1 0.2 0.0793769 0.826026 
4.15 0.2 0.0592342 0.848879 
4.2 0.2 0.0366615 0.86543 
4.25 0.2 0.0125571 0.874185 
4.3 0.2 -0.0120756 0.874287 
4.35 0.2 -0.0361959 0.865732 
4.4 0.2 -0.0587997 0.849359 
4.45 0.2 -0.0789872 0.826657 
4.5 0.2 -0.0960122 0.799431 
4.55 0.2 -0.109307 0.769492 
4.6 0.2 -0.118485 0.738438 
4.65 0.2 -0.123332 0.707556 
4.7 0.2 -0.123785 0.677832 
4.75 0.2 -0.119917 0.650011 
4.8 0.2 -0.111921 0.624666 
4.85 0.2 -0.100098 0.60226 
4.9 0.2 -0.0848423 0.583191 
4.95 0.2 -0.0666172 0.567824 
5 0.2 -0.0459132 0.55653 
0 0.25 -0.0899064 0.488189 
0.05 0.25 -0.0619174 0.474752 
0.1 0.25 -0.0315851 0.46648 
0.15 0.25 -9.09045e-05 0.463662 
0.2 0.25 0.0313919 0.466379 
0.25 0.25 0.0617259 0.474536 
0.3 0.25 0.0898416 0.48789 
0.35 0.25 0.114769 0.506087 
0.4 0.25 0.135665 0.528692 
0.45 0.25 0.151828 0.555225 
0.5 0.25 0.162708 0.585164 
0.55 0.25 0.16791 0.617936 
0.6 0.25 0.167201 0.652861 
0.65 0.25 0.160513 0.68908 
0.7 0.25 0.147961 0.725456 
0.75 0.25 0.129861 0.760501 
0.8 0.25 0.106756 0.792362 
0.85 0.25 0.0794219 0.81893 
0.9 0.25 0.0488673 0.838096 
0.95 0.25 0.016296 0.848124 
1 0.25 -0.0169548 0.84803 
1.05 0.25 -0.0495014 0.837824 
1.1 0.25 -0.0800083 0.818506 
1.15 0.25 -0.107275 0.791825 
1.2 0.25 -0.130297 0.759893 
1.25 0.25 -0.148302 0.724815 
1.3 0.25 -0.160754 0.688439 
1.35 0.25 -0.167341 0.652245 
1.4 0.25 -0.167952 0.617363 
1.45 0.25 -0.16266 0.584648 
1.5 0.25 -0.151706 0.554777 
1.55 0.25 -0.135491 0.528319 
1.6 0.25 -0.114574 0.505791 
1.65 0.25 -0.0896623 0.487666 
1.7 0.25 -0.061608 0.474368 
1.75 0.25 -0.0313828 0.466237 
1.8 0.25 -4.75233e-05 0.463496 
1.85 0.25 0.0312891 0.466223 
1.9 0.25 0.0615185 0.474341 
1.95 0.25 0.0895793 0.487627 
2 0.25 0.114499 0.505741 
2.05 0.25 0.135427 0.528262 
2.1 0.25 0.151651 0.554715 
2.15 0.25 0.162615 0.584584 
2.2 0.25 0.167916 0.617298 
2.25 0.25 0.167313 0.652183 
2.3 0.25 0.160732 0.688381 
2.35 0.25 0.148284 0.724764 
2.4 0.25 0.13028 0.759848 
2.45 0.25 0.107257 0.791787 
2.5 0.25 0.0799887 0.818474 
2.55 0.25 0.0494784 0.837796 
2.6 0.25 0.0169279 0.848004 
2.65 0.25 -0.0163266 0.848097 
2.7 0.25 -0.0489002 0.838065 
2.75 0.25 -0.0794552 0.818894 
2.8 0.25 -0.106786 0.792321 
2.85 0.25 -0.129886 0.760457 
2.9 0.25 -0.147976 0.725412 
2.95 0.25 -0.160517 0.689038 
3 0.25 -0.167191 0.652825 
3.05 0.25 -0.167885 0.617911 
3.1 0.25 -0.162671 0.585155 
3.15 0.25 -0.151787 0.555236 
3.2 0.25 -0.135633 0.528727 
3.25 0.25 -0.114766 0.506145 
3.3 0.25 -0.0898939 0.487967 
3.35 0.25 -0.0618681 0.474615 
3.4 0.25 -0.03166 0.466431 
3.45 0.25 -0.000331151 0.46364 
3.5 0.25 0.0310089 0.466321 
3.55 0.25 0.0612502 0.474399 
3.6 0.25 0.0893298 0.487651 
3.65 0.25 0.114273 0.505738 
3.7 0.25 0.135227 0.528239 
3.75 0.25 0.15148 0.554678 
3.8 0.25 0.162472 0.584539 
3.85 0.25 0.167799 0.61725 
3.9 0.25 0.167219 0.652135 
3.95 0.25 0.160659 0.688336 
4 0.25 0.148229 0.724723 
4.05 0.25 0.130241 0.759814 
4.1 0.25 0.107232 0.791761 
4.15 0.25 0.0799759 0.818457 
4.2 0.25 0.0494782 0.837792 
4.25 0.25 0.016941 0.848018 
4.3 0.25 -0.0162988 0.848136 
4.35 0.25 -0.0488559 0.838136 
4.4 0.25 -0.0793923 0.819003 
4.45 0.25 -0.106703 0.792476 
4.5 0.25 -0.129782 0.760661 
4.55 0.25 -0.147853 0.725668 
4.6 0.25 -0.160379 0.689346 
4.65 0.25 -0.167048 0.653182 
4.7 0.25 -0.167753 0.618308 
4.75 0.25 -0.16257 0.585578 
4.8 0.25 -0.151742 0.555663 
4.85 0.25 -0.135662 0.529125 
4.9 0.25 -0.114867 0.506473 
4.95 0.25 -0.0900107 0.488189 
5 0.25 -0.0618435 0.474752 
0 0.3 -0.111352 0.42606 
0.05 0.3 -0.0765297 0.410726 
0.1 0.3 -0.0388434 0.401262 
0.15 0.3 0.000288504 0.39804 
0.2 0.3 0.0394169 0.401185 
0.25 0.3 0.0771172 0.410577 
0.3 0.3 0.112043 0.425886 
0.35 0.3 0.142974 0.446624 
0.4 0.3 0.168854 0.472213 
0.45 0.3 0.188809 0.502034 
0.5 0.3 0.202165 0.535456 
0.55 0.3 0.208445 0.57182 
0.6 0.3 0.20738 0.61038 
0.65 0.3 0.198908 0.650211 
0.7 0.3 0.183196 0.690096 
0.75 0.3 0.160658 0.728436 
0.8 0.3 0.131981 0.763236 
0.85 0.3 0.0981326 0.79222 
0.9 0.3 0.060355 0.81311 
0.95 0.3 0.0201214 0.824035 
1 0.3 -0.0209391 0.823932 
1.05 0.3 -0.0611426 0.812812 
1.1 0.3 -0.0988619 0.791755 
1.15 0.3 -0.132627 0.762646 
1.2 0.3 -0.161202 0.727764 
1.25 0.3 -0.183623 0.689383 
1.3 0.3 -0.199209 0.64949 
1.35 0.3 -0.207551 0.609676 
1.4 0.3 -0.208488 0.571151 
1.45 0.3 -0.202086 0.534835 
1.5 0.3 -0.188622 0.501469 
1.55 0.3 -0.168578 0.471708 
1.6 0.3 -0.142638 0.446181 
1.65 0.3 -0.111679 0.425499 
1.7 0.3 -0.0767635 0.410232 
1.75 0.3 -0.0391118 0.400856 
1.8 0.3 -5.99872e-05 0.397687 
1.85 0.3 0.0389937 0.400839 
1.9 0.3 0.0766505 0.4102 
1.95 0.3 0.111574 0.425452 
2 0.3 0.142543 0.446123 
2.05 0.3 0.168496 0.471642 
2.1 0.3 0.188552 0.501397 
2.15 0.3 0.202029 0.534761 
2.2 0.3 0.208442 0.571078 
2.25 0.3 0.207515 0.609606 
2.3 0.3 0.19918 0.649424 
2.35 0.3 0.183598 0.689324 
2.4 0.3 0.161179 0.727713 
2.45 0.3 0.132604 0.762602 
2.5 0.3 0.0988357 0.791718 
2.55 0.3 0.0611121 0.812779 
2.6 0.3 0.0209037 0.8239 
2.65 0.3 -0.0201612 0.824001 
2.7 0.3 -0.0603977 0.813072 
2.75 0.3 -0.0981754 0.792174 
2.8 0.3 -0.13202 0.763183 
2.85 0.3 -0.16069 0.728376 
2.9 0.3 -0.183214 0.69003 
2.95 0.3 -0.198909 0.650141 
3 0.3 -0.207359 0.610308 
3.05 0.3 -0.2084 0.571749 
3.1 0.3 -0.202094 0.535389 
3.15 0.3 -0.188718 0.501972 
3.2 0.3 -0.168751 0.472156 
3.25 0.3 -0.142874 0.446571 
3.3 0.3 -0.111965 0.425829 
3.35 0.3 -0.0770861 0.410501 
3.4 0.3 -0.0394569 0.401065 
3.45 0.3 -0.000413904 0.397838 
3.5 0.3 0.0386433 0.400937 
3.55 0.3 0.0763144 0.410251 
3.6 0.3 0.111261 0.425465 
3.65 0.3 0.14226 0.446105 
3.7 0.3 0.168245 0.471602 
3.75 0.3 0.188336 0.501344 
3.8 0.3 0.201847 0.534701 
3.85 0.3 0.208292 0.571015 
3.9 0.3 0.207394 0.609545 
3.95 0.3 0.199085 0.649369 
4 0.3 0.183525 0.689275 
4.05 0.3 0.161126 0.727673 
4.1 0.3 0.132567 0.762571 
4.15 0.3 0.0988139 0.791697 
4.2 0.3 0.0611057 0.812771 
4.25 0.3 0.0209138 0.82391 
4.3 0.3 -0.0201323 0.824034 
4.35 0.3 -0.0603466 0.813134 
4.4 0.3 -0.098098 0.792272 
4.45 0.3 -0.131912 0.763322 
4.5 0.3 -0.160546 0.728558 
4.55 0.3 -0.183032 0.690254 
4.6 0.3 -0.198686 0.650405 
4.65 0.3 -0.207097 0.610606 
4.7 0.3 -0.208104 0.572072 
4.75 0.3 -0.201772 0.535725 
4.8 0.3 -0.188378 0.502305 
4.85 0.3 -0.168396 0.472469 
4.9 0.3 -0.14249 0.446845 
4.95 0.3 -0.1115 0.42606 
5 0.3 -0.0764266 0.410726 
0 0.35 -0.129502 0.379939 
0.05 0.35 -0.0888509 0.362795 
0.1 0.35 -0.0448861 0.352175 
0.15 0.35 0.000767632 0.34857 
0.2 0.35 0.0464199 0.352155 
0.25 0.35 0.0903928 0.362767 
0.3 0.35 0.131096 0.379943 
0.35 0.35 0.167091 0.40301 
0.4 0.35 0.197137 0.431189 
0.45 0.35 0.22022 0.46368 
0.5 0.35 0.235567 0.499714 
0.55 0.35 0.242645 0.538542 
0.6 0.35 0.241165 0.579372 
0.65 0.35 0.231088 0.621252 
0.7 0.35 0.212635 0.662952 
0.75 0.35 0.186317 0.702856 
0.8 0.35 0.152945 0.738943 
0.85 0.35 0.113652 0.768915 
0.9 0.35 0.06987 0.790474 
0.95 0.35 0.023287 0.801733 
1 0.35 -0.024238 0.801627 
1.05 0.35 -0.0707866 0.790165 
1.1 0.35 -0.114502 0.768432 
1.15 0.35 -0.1537 0.738328 
1.2 0.35 -0.186953 0.702151 
1.25 0.35 -0.213135 0.662198 
1.3 0.35 -0.231438 0.62048 
1.35 0.35 -0.241359 0.578606 
1.4 0.35 -0.242681 0.5378 
1.45 0.35 -0.235448 0.499005 
1.5 0.35 -0.219955 0.463012 
1.55 0.35 -0.19674 0.430566 
1.6 0.35 -0.166582 0.402435 
1.65 0.35 -0.130501 0.379413 
1.7 0.35 -0.0897397 0.362275 
1.75 0.35 -0.0457358 0.351683 
1.8 0.35 -7.09714e-05 0.348092 
1.85 0.35 0.045596 0.351664 
1.9 0.35 0.089606 0.362237 
1.95 0.35 0.130377 0.379359 
2 0.35 0.16647 0.402369 
2.05 0.35 0.196642 0.43049 
2.1 0.35 0.219872 0.46293 
2.15 0.35 0.23538 0.498922 
2.2 0.35 0.242626 0.537718 
2.25 0.35 0.241315 0.578528 
2.3 0.35 0.231402 0.620408 
2.35 0.35 0.213104 0.662132 
2.4 0.35 0.186924 0.702094 
2.45 0.35 0.153671 0.738279 
2.5 0.35 0.114469 0.76839 
2.55 0.35 0.070749 0.790127 
2.6 0.35 0.0241946 0.80159 
2.65 0.35 -0.0233358 0.801694 
2.7 0.35 -0.0699221 0.790428 
2.75 0.35 -0.113704 0.76886 
2.8 0.35 -0.152993 0.738878 
2.85 0.35 -0.186354 0.702779 
2.9 0.35 -0.212655 0.662864 
2.95 0.35 -0.231083 0.621153 
3 0.35 -0.24113 0.579262 
3.05 0.35 -0.242572 0.538423 
3.1 0.35 -0.235452 0.499585 
3.15 0.35 -0.220061 0.463542 
3.2 0.35 -0.196936 0.431041 
3.25 0.35 -0.166854 0.40285 
3.3 0.35 -0.130833 0.379764 
3.35 0.35 -0.0901155 0.362558 
3.4 0.35 -0.0461389 0.351899 
3.45 0.35 -0.000485354 0.348243 
3.5 0.35 0.045185 0.351754 
3.55 0.35 0.0892113 0.362274 
3.6 0.35 0.130009 0.379353 
3.65 0.35 0.166136 0.40233 
3.7 0.35 0.196346 0.43043 
3.75 0.35 0.219617 0.462856 
3.8 0.35 0.235164 0.498842 
3.85 0.35 0.242448 0.537639 
3.9 0.35 0.241171 0.578453 
3.95 0.35 0.231287 0.620341 
4 0.35 0.213015 0.662075 
4.05 0.35 0.186856 0.702046 
4.1 0.35 0.153621 0.738241 
4.15 0.35 0.114437 0.768364 
4.2 0.35 0.0707335 0.790113 
4.25 0.35 0.0241981 0.801592 
4.3 0.35 -0.0233097 0.801715 
4.35 0.35 -0.0698683 0.790473 
4.4 0.35 -0.113616 0.768933 
4.45 0.35 -0.152861 0.738981 
4.5 0.35 -0.186169 0.702912 
4.55 0.35 -0.212408 0.663025 
4.6 0.35 -0.230762 0.621335 
4.65 0.35 -0.240725 0.579457 
4.7 0.35 -0.242075 0.538623 
4.75 0.35 -0.234855 0.499781 
4.8 0.35 -0.219355 0.463727 
4.85 0.35 -0.196109 0.431213 
4.9 0.35 -0.165885 0.403013 
4.95 0.35 -0.129684 0.379939 
5 0.35 -0.0887252 0.362795 
0 0.4 -0.143325 0.346462 
0.05 0.4 -0.0981983 0.32746 
0.1 0.4 -0.0493991 0.315632 
0.15 0.4 0.0012819 0.311633 
0.2 0.4 0.0519581 0.315698 
0.25 0.4 0.100746 0.327598 
0.3 0.4 0.145856 0.346695 
0.35 0.4 0.185677 0.372067 
0.4 0.4 0.218828 0.402671 
0.45 0.4 0.244191 0.437474 
0.5 0.4 0.260927 0.475536 
0.55 0.4 0.268475 0.516001 
0.6 0.4 0.266549 0.558035 
0.65 0.4 0.255141 0.600693 
0.7 0.4 0.234534 0.642785 
0.75 0.4 0.205317 0.68276 
0.8 0.4 0.16841 0.718692 
0.85 0.4 0.125064 0.74839 
0.9 0.4 0.0768514 0.769678 
0.95 0.4 0.0256065 0.780772 
1 0.4 -0.0266571 0.780667 
1.05 0.4 -0.0778646 0.769372 
1.1 0.4 -0.126005 0.747911 
1.15 0.4 -0.169246 0.718076 
1.2 0.4 -0.206023 0.68205 
1.25 0.4 -0.235088 0.642016 
1.3 0.4 -0.255527 0.599896 
1.35 0.4 -0.266756 0.557231 
1.4 0.4 -0.268497 0.515205 
1.45 0.4 -0.260761 0.474756 
1.5 0.4 -0.24384 0.43672 
1.55 0.4 -0.218299 0.401947 
1.6 0.4 -0.184983 0.371382 
1.65 0.4 -0.14501 0.346053 
1.7 0.4 -0.0997658 0.327002 
1.75 0.4 -0.0508613 0.315141 
1.8 0.4 -7.97471e-05 0.311105 
1.85 0.4 0.0507042 0.315118 
1.9 0.4 0.0996157 0.326957 
1.95 0.4 0.144871 0.345991 
2 0.4 0.184857 0.371306 
2.05 0.4 0.21819 0.401862 
2.1 0.4 0.243747 0.436629 
2.15 0.4 0.260685 0.474664 
2.2 0.4 0.268435 0.515114 
2.25 0.4 0.266706 0.557145 
2.3 0.4 0.255487 0.599817 
2.35 0.4 0.235053 0.641945 
2.4 0.4 0.20599 0.681987 
2.45 0.4 0.169212 0.718023 
2.5 0.4 0.125967 0.747864 
2.55 0.4 0.0778206 0.76933 
2.6 0.4 0.0266064 0.780625 
2.65 0.4 -0.0256633 0.780727 
2.7 0.4 -0.0769119 0.769625 
2.75 0.4 -0.125125 0.748326 
2.8 0.4 -0.168464 0.718614 
2.85 0.4 -0.205359 0.682667 
2.9 0.4 -0.234554 0.642675 
2.95 0.4 -0.25513 0.600566 
3 0.4 -0.266497 0.557888 
3.05 0.4 -0.26837 0.515834 
3.1 0.4 -0.26076 0.475347 
3.15 0.4 -0.243953 0.437264 
3.2 0.4 -0.218513 0.402439 
3.25 0.4 -0.185282 0.371813 
3.3 0.4 -0.145377 0.346418 
3.35 0.4 -0.100182 0.327295 
3.4 0.4 -0.0513093 0.31536 
3.45 0.4 -0.000541161 0.31125 
3.5 0.4 0.050246 0.315195 
3.55 0.4 0.0991753 0.326974 
3.6 0.4 0.14446 0.34596 
3.65 0.4 0.184484 0.37124 
3.7 0.4 0.21786 0.401774 
3.75 0.4 0.243462 0.436529 
3.8 0.4 0.260443 0.474562 
3.85 0.4 0.268234 0.515016 
3.9 0.4 0.266543 0.557055 
3.95 0.4 0.255355 0.599737 
4 0.4 0.234948 0.641877 
4.05 0.4 0.205908 0.681931 
4.1 0.4 0.16915 0.717978 
4.15 0.4 0.125922 0.74783 
4.2 0.4 0.0777937 0.769307 
4.25 0.4 0.0265999 0.780615 
4.3 0.4 -0.0256444 0.78073 
4.35 0.4 -0.0768604 0.769644 
4.4 0.4 -0.125031 0.748361 
4.45 0.4 -0.168315 0.718665 
4.5 0.4 -0.205138 0.68273 
4.55 0.4 -0.234244 0.642745 
4.6 0.4 -0.25471 0.600633 
4.65 0.4 -0.265944 0.557943 
4.7 0.4 -0.267662 0.515868 
4.75 0.4 -0.259872 0.475356 
4.8 0.4 -0.242861 0.437249 
4.85 0.4 -0.217193 0.402412 
4.9 0.4 -0.183709 0.371801 
4.95 0.4 -0.143532 0.346462 
5 0.4 -0.0980558 0.32746 
0 0.45 -0.152096 0.321641 
0.05 0.45 -0.104096 0.300704 
0.1 0.45 -0.0521728 0.287606 
0.15 0.45 0.00176561 0.283198 
0.2 0.45 0.0556924 0.287784 
0.25 0.45 0.107576 0.301053 
0.3 0.45 0.155487 0.322153 
0.35 0.45 0.197696 0.34987 
0.4 0.45 0.232728 0.382845 
0.45 0.45 0.259409 0.419772 
0.5 0.45 0.276871 0.459503 
0.55 0.45 0.284551 0.501062 
0.6 0.45 0.282186 0.543566 
0.65 0.45 0.269808 0.586092 
0.7 0.45 0.247756 0.627527 
0.75 0.45 0.216686 0.666454 
0.8 0.45 0.177588 0.70113 
0.85 0.45 0.131794 0.729587 
0.9 0.45 0.0809489 0.74988 
0.95 0.45 0.0269639 0.760422 
1 0.45 -0.0280751 0.760322 
1.05 0.45 -0.0820213 0.749588 
1.1 0.45 -0.132791 0.729128 
1.15 0.45 -0.178476 0.700536 
1.2 0.45 -0.217435 0.665761 
1.25 0.45 -0.248344 0.626766 
1.3 0.45 -0.270215 0.58529 
1.35 0.45 -0.282397 0.542742 
1.4 0.45 -0.284554 0.500227 
1.45 0.45 -0.276659 0.458667 
1.5 0.45 -0.258977 0.418943 
1.55 0.45 -0.232075 0.382034 
1.6 0.45 -0.196824 0.349091 
1.65 0.45 -0.154402 0.321421 
1.7 0.45 -0.106283 0.300383 
1.75 0.45 -0.0542022 0.287186 
1.8 0.45 -8.5736e-05 0.282677 
1.85 0.45 0.0540333 0.28716 
1.9 0.45 0.106122 0.300332 
1.95 0.45 0.154252 0.321351 
2 0.45 0.196689 0.349005 
2.05 0.45 0.231958 0.381939 
2.1 0.45 0.258878 0.418843 
2.15 0.45 0.276577 0.458566 
2.2 0.45 0.284488 0.500129 
2.25 0.45 0.282343 0.542649 
2.3 0.45 0.270171 0.585206 
2.35 0.45 0.248306 0.62669 
2.4 0.45 0.217399 0.665694 
2.45 0.45 0.178438 0.700478 
2.5 0.45 0.132748 0.729077 
2.55 0.45 0.0819722 0.749541 
2.6 0.45 0.0280185 0.760275 
2.65 0.45 -0.0270273 0.760371 
2.7 0.45 -0.0810165 0.74982 
2.75 0.45 -0.131861 0.729515 
2.8 0.45 -0.177649 0.701042 
2.85 0.45 -0.216731 0.666347 
2.9 0.45 -0.247776 0.627397 
2.95 0.45 -0.269791 0.585938 
3 0.45 -0.282117 0.543384 
3.05 0.45 -0.284415 0.50085 
3.1 0.45 -0.276653 0.459259 
3.15 0.45 -0.259093 0.419495 
3.2 0.45 -0.232299 0.382537 
3.25 0.45 -0.197139 0.349535 
3.3 0.45 -0.15479 0.321798 
3.35 0.45 -0.106726 0.300683 
3.4 0.45 -0.0546795 0.287404 
3.45 0.45 -0.000578083 0.282813 
3.5 0.45 0.053544 0.287219 
3.55 0.45 0.105652 0.300325 
3.6 0.45 0.153813 0.321291 
3.65 0.45 0.196291 0.348908 
3.7 0.45 0.231605 0.381819 
3.75 0.45 0.258573 0.418714 
3.8 0.45 0.276319 0.458438 
3.85 0.45 0.284273 0.500009 
3.9 0.45 0.282167 0.54254 
3.95 0.45 0.270028 0.58511 
4 0.45 0.24819 0.626609 
4.05 0.45 0.217306 0.665626 
4.1 0.45 0.178364 0.700423 
4.15 0.45 0.132691 0.729033 
4.2 0.45 0.0819324 0.749506 
4.25 0.45 0.0279993 0.760248 
4.3 0.45 -0.0270197 0.76035 
4.35 0.45 -0.0809728 0.749804 
4.4 0.45 -0.131768 0.729501 
4.45 0.45 -0.177489 0.701026 
4.5 0.45 -0.216483 0.666321 
4.55 0.45 -0.247414 0.627353 
4.6 0.45 -0.269284 0.585863 
4.65 0.45 -0.281432 0.543268 
4.7 0.45 -0.283515 0.500683 
4.75 0.45 -0.275498 0.459039 
4.8 0.45 -0.257646 0.419232 
4.85 0.45 -0.230526 0.382257 
4.9 0.45 -0.195018 0.349284 
4.95 0.45 -0.152319 0.321641 
5 0.45 -0.103942 0.300704 
0 0.5 -0.155359 0.301759 
0.05 0.5 -0.106245 0.278919 
0.1 0.5 -0.0530834 0.264565 
0.15 0.5 0.00216034 0.259758 
0.2 0.5 0.0573841 0.264873 
0.25 0.5 0.110476 0.27951 
0.3 0.5 0.159435 0.302591 
0.35 0.5 0.202472 0.332586 
0.4 0.5 0.238078 0.367811 
0.45 0.5 0.265066 0.406667 
0.5 0.5 0.282575 0.447788 
0.55 0.5 0.290068 0.490062 
0.6 0.5 0.287318 0.532553 
0.65 0.5 0.274402 0.574359 
0.7 0.5 0.251703 0.614466 
0.75 0.5 0.219924 0.651628 
0.8 0.5 0.180092 0.684343 
0.85 0.5 0.133563 0.710937 
0.9 0.5 0.0819967 0.729769 
0.95 0.5 0.027305 0.739512 
1 0.5 -0.0284349 0.739419 
1.05 0.5 -0.0830877 0.729499 
1.1 0.5 -0.134578 0.710508 
1.15 0.5 -0.180997 0.683782 
1.2 0.5 -0.220689 0.650965 
1.25 0.5 -0.252303 0.613727 
1.3 0.5 -0.274814 0.573565 
1.35 0.5 -0.287524 0.531719 
1.4 0.5 -0.290052 0.489198 
1.45 0.5 -0.282323 0.446903 
1.5 0.5 -0.264567 0.405771 
1.55 0.5 -0.237323 0.36692 
1.6 0.5 -0.201454 0.331721 
1.65 0.5 -0.158151 0.30178 
1.7 0.5 -0.108925 0.278785 
1.75 0.5 -0.0555688 0.26426 
1.8 0.5 -8.85182e-05 0.259279 
1.85 0.5 0.0553945 0.26423 
1.9 0.5 0.108759 0.278728 
1.95 0.5 0.157997 0.301701 
2 0.5 0.201316 0.331626 
2.05 0.5 0.237203 0.366815 
2.1 0.5 0.264466 0.405662 
2.15 0.5 0.28224 0.446795 
2.2 0.5 0.289984 0.489094 
2.25 0.5 0.287469 0.531621 
2.3 0.5 0.274768 0.573476 
2.35 0.5 0.252263 0.613647 
2.4 0.5 0.220651 0.650895 
2.45 0.5 0.180957 0.683721 
2.5 0.5 0.134533 0.710454 
2.55 0.5 0.0830353 0.729449 
2.6 0.5 0.0283743 0.739369 
2.65 0.5 -0.027373 0.739456 
2.7 0.5 -0.0820693 0.729704 
2.75 0.5 -0.133635 0.710857 
2.8 0.5 -0.180157 0.684245 
2.85 0.5 -0.219972 0.651507 
2.9 0.5 -0.251723 0.614318 
2.95 0.5 -0.274378 0.57418 
3 0.5 -0.287235 0.532337 
3.05 0.5 -0.289906 0.489807 
3.1 0.5 -0.282313 0.44749 
3.15 0.5 -0.264682 0.406325 
3.2 0.5 -0.237549 0.36743 
3.25 0.5 -0.201774 0.332176 
3.3 0.5 -0.158548 0.302165 
3.35 0.5 -0.109378 0.279089 
3.4 0.5 -0.0560582 0.264477 
3.45 0.5 -0.000593897 0.259405 
3.5 0.5 0.054892 0.264271 
3.55 0.5 0.108276 0.278694 
3.6 0.5 0.157547 0.30161 
3.65 0.5 0.200907 0.331496 
3.7 0.5 0.236842 0.366663 
3.75 0.5 0.264153 0.405503 
3.8 0.5 0.281975 0.446639 
3.85 0.5 0.289764 0.488949 
3.9 0.5 0.287287 0.531492 
3.95 0.5 0.274619 0.573364 
4 0.5 0.252141 0.613551 
4.05 0.5 0.22055 0.650814 
4.1 0.5 0.180873 0.683653 
4.15 0.5 0.134464 0.710395 
4.2 0.5 0.0829823 0.729396 
4.25 0.5 0.0283407 0.739319 
4.3 0.5 -0.0273799 0.739404 
4.35 0.5 -0.0820384 0.729645 
4.4 0.5 -0.133551 0.710785 
4.45 0.5 -0.179998 0.68415 
4.5 0.5 -0.219712 0.651379 
4.55 0.5 -0.251329 0.614144 
4.6 0.5 -0.273811 0.573944 
4.65 0.5 -0.286451 0.532026 
4.7 0.5 -0.288857 0.48941 
4.75 0.5 -0.28095 0.447008 
4.8 0.5 -0.262956 0.405777 
4.85 0.5 -0.235421 0.366854 
4.9 0.5 -0.199225 0.331638 
4.95 0.5 -0.155591 0.301759 
5 0.5 -0.106087 0.278919 
0 0.55 -0.152913 0.283763 
0.05 0.55 -0.104515 0.259279 
0.1 0.55 -0.0520849 0.243836 
0.15 0.55 0.0024206 0.238689 
0.2 0.55 0.056898 0.244279 
0.25 0.55 0.109231 0.260124 
0.3 0.55 0.15742 0.28493 
0.35 0.55 0.199684 0.316884 
0.4 0.55 0.234537 0.353996 
0.45 0.55 0.260824 0.394403 
0.5 0.55 0.277726 0.436534 
0.55 0.55 0.284752 0.479148 
0.6 0.55 0.281721 0.521252 
0.65 0.55 0.26875 0.561962 
0.7 0.55 0.246257 0.600361 
0.75 0.55 0.214958 0.635385 
0.8 0.55 0.17588 0.665794 
0.85 0.55 0.130354 0.690234 
0.9 0.55 0.0799896 0.707396 
0.95 0.55 0.0266292 0.716227 
1 0.55 -0.0277352 0.716144 
1.05 0.55 -0.0810583 0.70715 
1.1 0.55 -0.131349 0.689841 
1.15 0.55 -0.176769 0.665274 
1.2 0.55 -0.215711 0.634761 
1.25 0.55 -0.246846 0.599652 
1.3 0.55 -0.269153 0.561184 
1.35 0.55 -0.281915 0.520416 
1.4 0.55 -0.284719 0.478263 
1.45 0.55 -0.277448 0.435608 
1.5 0.55 -0.260282 0.393447 
1.55 0.55 -0.233717 0.353031 
1.6 0.55 -0.198572 0.31594 
1.65 0.55 -0.156005 0.284049 
1.7 0.55 -0.107508 0.259352 
1.75 0.55 -0.0548651 0.243665 
1.8 0.55 -8.78479e-05 0.238269 
1.85 0.55 0.0546922 0.243632 
1.9 0.55 0.107343 0.25929 
1.95 0.55 0.155853 0.283962 
2 0.55 0.198435 0.315837 
2.05 0.55 0.233599 0.352918 
2.1 0.55 0.260183 0.393331 
2.15 0.55 0.277366 0.435493 
2.2 0.55 0.284653 0.478154 
2.25 0.55 0.281862 0.520315 
2.3 0.55 0.269109 0.561093 
2.35 0.55 0.246808 0.59957 
2.4 0.55 0.215673 0.634688 
2.45 0.55 0.176729 0.665211 
2.5 0.55 0.131303 0.689784 
2.55 0.55 0.0810047 0.707097 
2.6 0.55 0.0276729 0.71609 
2.65 0.55 -0.0266994 0.716169 
2.7 0.55 -0.080065 0.707326 
2.75 0.55 -0.130429 0.690149 
2.8 0.55 -0.175948 0.665688 
2.85 0.55 -0.215009 0.635253 
2.9 0.55 -0.246277 0.600197 
2.95 0.55 -0.268724 0.56176 
3 0.55 -0.281629 0.521006 
3.05 0.55 -0.284573 0.478852 
3.1 0.55 -0.277435 0.436184 
3.15 0.55 -0.260393 0.393999 
3.2 0.55 -0.233937 0.353545 
3.25 0.55 -0.198886 0.316401 
3.3 0.55 -0.156396 0.28444 
3.35 0.55 -0.107955 0.25966 
3.4 0.55 -0.0553487 0.243878 
3.45 0.55 -0.000587395 0.238384 
3.5 0.55 0.0541956 0.243653 
3.55 0.55 0.106866 0.259231 
3.6 0.55 0.155408 0.283842 
3.65 0.55 0.198033 0.315675 
3.7 0.55 0.233243 0.352735 
3.75 0.55 0.259876 0.393142 
3.8 0.55 0.277106 0.435311 
3.85 0.55 0.284436 0.477986 
3.9 0.55 0.281683 0.520165 
3.95 0.55 0.26896 0.560962 
4 0.55 0.246683 0.599458 
4.05 0.55 0.215568 0.634592 
4.1 0.55 0.176638 0.665127 
4.15 0.55 0.131225 0.689708 
4.2 0.55 0.0809397 0.707023 
4.25 0.55 0.0276249 0.716013 
4.3 0.55 -0.0267224 0.71608 
4.35 0.55 -0.0800508 0.707218 
4.4 0.55 -0.13036 0.690011 
4.45 0.55 -0.175801 0.665508 
4.5 0.55 -0.214753 0.635015 
4.55 0.55 -0.245875 0.599884 
4.6 0.55 -0.268131 0.561354 
4.65 0.55 -0.280794 0.520489 
4.7 0.55 -0.283441 0.478216 
4.75 0.55 -0.275948 0.43543 
4.8 0.55 -0.258497 0.393151 
4.85 0.55 -0.231592 0.352657 
4.9 0.55 -0.196074 0.315559 
4.95 0.55 -0.153143 0.283763 
5 0.55 -0.104358 0.259279 
0 0.6 -0.144813 0.265324 
0.05 0.6 -0.0989472 0.239744 
0.1 0.6 -0.0492104 0.223569 
0.15 0.6 0.00251755 0.218205 
0.2 0.6 0.0542106 0.224139 
0.25 0.6 0.103829 0.240823 
0.3 0.6 0.149451 0.2668 
0.35 0.6 0.189373 0.300037 
0.4 0.6 0.222189 0.338316 
0.45 0.6 0.246819 0.379574 
0.5 0.6 0.262515 0.422086 
0.55 0.6 0.268847 0.464507 
0.6 0.6 0.265683 0.505796 
0.65 0.6 0.253174 0.545084 
0.7 0.6 0.231747 0.581541 
0.75 0.6 0.202106 0.614272 
0.8 0.6 0.165234 0.642282 
0.85 0.6 0.122387 0.664521 
0.9 0.6 0.0750679 0.679994 
0.95 0.6 0.0249841 0.687911 
1 0.6 -0.0260252 0.687837 
1.05 0.6 -0.0760746 0.679773 
1.1 0.6 -0.123326 0.664164 
1.15 0.6 -0.166074 0.641804 
1.2 0.6 -0.202818 0.613688 
1.25 0.6 -0.232305 0.580866 
1.3 0.6 -0.253554 0.544328 
1.35 0.6 -0.265862 0.504966 
1.4 0.6 -0.268803 0.463611 
1.45 0.6 -0.262227 0.42113 
1.5 0.6 -0.246266 0.378572 
1.55 0.6 -0.221351 0.337293 
1.6 0.6 -0.188231 0.299029 
1.65 0.6 -0.147991 0.265862 
1.7 0.6 -0.102041 0.240017 
1.75 0.6 -0.0520937 0.223531 
1.8 0.6 -8.36759e-05 0.217849 
1.85 0.6 0.0519291 0.223496 
1.9 0.6 0.101885 0.239951 
1.95 0.6 0.147846 0.26577 
2 0.6 0.188102 0.29892 
2.05 0.6 0.221239 0.337174 
2.1 0.6 0.246172 0.378452 
2.15 0.6 0.26215 0.421012 
2.2 0.6 0.268742 0.463499 
2.25 0.6 0.265812 0.504864 
2.3 0.6 0.253513 0.544236 
2.35 0.6 0.232269 0.580784 
2.4 0.6 0.202783 0.613615 
2.45 0.6 0.166036 0.64174 
2.5 0.6 0.123281 0.664107 
2.55 0.6 0.0760222 0.679719 
2.6 0.6 0.0259638 0.687782 
2.65 0.6 -0.0250537 0.687851 
2.7 0.6 -0.0751432 0.679923 
2.75 0.6 -0.122463 0.664433 
2.8 0.6 -0.165303 0.642171 
2.85 0.6 -0.202158 0.614131 
2.9 0.6 -0.231769 0.581365 
2.95 0.6 -0.253149 0.544864 
3 0.6 -0.265591 0.505523 
3.05 0.6 -0.268664 0.464176 
3.1 0.6 -0.262213 0.421691 
3.15 0.6 -0.246369 0.379115 
3.2 0.6 -0.221558 0.337803 
3.25 0.6 -0.188529 0.299489 
3.3 0.6 -0.148361 0.266253 
3.35 0.6 -0.102466 0.240323 
3.4 0.6 -0.0525532 0.223738 
3.45 0.6 -0.000558469 0.217953 
3.5 0.6 0.0514572 0.223501 
3.55 0.6 0.101432 0.239871 
3.6 0.6 0.147425 0.265626 
3.65 0.6 0.187722 0.298733 
3.7 0.6 0.220904 0.336966 
3.75 0.6 0.245883 0.378239 
3.8 0.6 0.261906 0.420808 
3.85 0.6 0.268538 0.463311 
3.9 0.6 0.265643 0.504695 
3.95 0.6 0.253371 0.544088 
4 0.6 0.232148 0.580655 
4.05 0.6 0.202678 0.613503 
4.1 0.6 0.165943 0.641639 
4.15 0.6 0.123197 0.664011 
4.2 0.6 0.075948 0.679622 
4.25 0.6 0.0259033 0.687674 
4.3 0.6 -0.0250927 0.687724 
4.35 0.6 -0.0751477 0.679763 
4.4 0.6 -0.122415 0.664228 
4.45 0.6 -0.165178 0.641904 
4.5 0.6 -0.201923 0.613784 
4.55 0.6 -0.231385 0.580916 
4.6 0.6 -0.252568 0.544293 
4.65 0.6 -0.264759 0.504811 
4.7 0.6 -0.267522 0.463311 
4.75 0.6 -0.260702 0.42068 
4.8 0.6 -0.244432 0.377988 
4.85 0.6 -0.219156 0.336624 
4.9 0.6 -0.185647 0.298365 
4.95 0.6 -0.145032 0.265324 
5 0.6 -0.0987977 0.239744 
0 0.65 -0.131405 0.244738 
0.05 0.65 -0.0897728 0.218913 
0.1 0.65 -0.0445808 0.202559 
0.15 0.65 0.00244124 0.197159 
0.2 0.65 0.0494237 0.203224 
0.25 0.65 0.0944851 0.220169 
0.3 0.65 0.135856 0.246449 
0.35 0.65 0.17198 0.279916 
0.4 0.65 0.20158 0.318241 
0.45 0.65 0.223693 0.35926 
0.5 0.65 0.237663 0.401172 
0.55 0.65 0.243134 0.442579 
0.6 0.65 0.240017 0.482418 
0.65 0.65 0.228484 0.51984 
0.7 0.65 0.208948 0.554088 
0.75 0.65 0.182068 0.584407 
0.8 0.65 0.148744 0.610014 
0.85 0.65 0.110109 0.630114 
0.9 0.65 0.0675101 0.643975 
0.95 0.65 0.0224633 0.651028 
1 0.65 -0.0234022 0.650962 
1.05 0.65 -0.0684186 0.643778 
1.1 0.65 -0.110958 0.629793 
1.15 0.65 -0.149504 0.609578 
1.2 0.65 -0.182713 0.583867 
1.25 0.65 -0.209454 0.553451 
1.3 0.65 -0.228828 0.519114 
1.35 0.65 -0.240177 0.481607 
1.4 0.65 -0.243086 0.441687 
1.45 0.65 -0.237386 0.400207 
1.5 0.65 -0.223163 0.358237 
1.55 0.65 -0.200775 0.317186 
1.6 0.65 -0.170879 0.278874 
1.65 0.65 -0.134443 0.245481 
1.7 0.65 -0.09275 0.219352 
1.75 0.65 -0.0473662 0.202636 
1.8 0.65 -7.61745e-05 0.196867 
1.85 0.65 0.0472164 0.2026 
1.9 0.65 0.0926075 0.219283 
1.95 0.65 0.134312 0.245388 
2 0.65 0.170762 0.278763 
2.05 0.65 0.200675 0.317067 
2.1 0.65 0.223079 0.358115 
2.15 0.65 0.237318 0.400089 
2.2 0.65 0.243032 0.441577 
2.25 0.65 0.240133 0.481506 
2.3 0.65 0.228792 0.519023 
2.35 0.65 0.209422 0.553371 
2.4 0.65 0.182682 0.583797 
2.45 0.65 0.149469 0.609517 
2.5 0.65 0.110917 0.629737 
2.55 0.65 0.0683697 0.643725 
2.6 0.65 0.0233444 0.650908 
2.65 0.65 -0.0225294 0.650969 
2.7 0.65 -0.0675822 0.643904 
2.75 0.65 -0.110183 0.630026 
2.8 0.65 -0.148811 0.609902 
2.85 0.65 -0.18212 0.584264 
2.9 0.65 -0.208972 0.553905 
2.95 0.65 -0.228463 0.519608 
3 0.65 -0.239932 0.482128 
3.05 0.65 -0.24296 0.442222 
3.1 0.65 -0.237374 0.400743 
3.15 0.65 -0.223256 0.358761 
3.2 0.65 -0.200963 0.317682 
3.25 0.65 -0.171149 0.279322 
3.3 0.65 -0.13478 0.245863 
3.35 0.65 -0.0931364 0.219648 
3.4 0.65 -0.0477844 0.202833 
3.45 0.65 -0.000508248 0.196959 
3.5 0.65 0.0467874 0.202592 
3.55 0.65 0.0921963 0.219189 
3.6 0.65 0.13393 0.245227 
3.65 0.65 0.170418 0.27856 
3.7 0.65 0.200373 0.316843 
3.75 0.65 0.222819 0.357888 
3.8 0.65 0.237099 0.399871 
3.85 0.65 0.242849 0.441375 
3.9 0.65 0.239981 0.481325 
3.95 0.65 0.228664 0.518863 
4 0.65 0.209312 0.553229 
4.05 0.65 0.182583 0.58367 
4.1 0.65 0.149378 0.609399 
4.15 0.65 0.110832 0.629622 
4.2 0.65 0.0682909 0.643604 
4.25 0.65 0.0232752 0.650771 
4.3 0.65 -0.0225815 0.650803 
4.35 0.65 -0.0676048 0.643696 
4.4 0.65 -0.110158 0.629759 
4.45 0.65 -0.148715 0.609558 
4.5 0.65 -0.18192 0.58382 
4.55 0.65 -0.20863 0.553339 
4.6 0.65 -0.227932 0.518897 
4.65 0.65 -0.239158 0.481253 
4.7 0.65 -0.241885 0.441173 
4.75 0.65 -0.23594 0.399528 
4.8 0.65 -0.22141 0.357415 
4.85 0.65 -0.198668 0.316279 
4.9 0.65 -0.168394 0.277981 
4.95 0.65 -0.131601 0.244738 
5 0.65 -0.0896385 0.218913 
0 0.7 -0.113356 0.220839 
0.05 0.7 -0.0774444 0.195866 
0.1 0.7 -0.0384199 0.180043 
0.15 0.7 0.00220164 0.174839 
0.2 0.7 0.0427811 0.180757 
0.25 0.7 0.0816705 0.19721 
0.3 0.7 0.117324 0.222663 
0.35 0.7 0.148391 0.254986 
0.4 0.7 0.173773 0.291874 
0.45 0.7 0.192651 0.331188 
0.5 0.7 0.204481 0.37115 
0.55 0.7 0.208981 0.410378 
0.6 0.7 0.206103 0.447827 
0.65 0.7 0.196018 0.482684 
0.7 0.7 0.179106 0.514258 
0.75 0.7 0.155947 0.541912 
0.8 0.7 0.127322 0.565024 
0.85 0.7 0.0942039 0.582997 
0.9 0.7 0.0577379 0.5953 
0.95 0.7 0.0192076 0.601532 
1 0.7 -0.0200126 0.601473 
1.05 0.7 -0.0585172 0.595126 
1.1 0.7 -0.0949326 0.582711 
1.15 0.7 -0.127976 0.564632 
1.2 0.7 -0.156504 0.541419 
1.25 0.7 -0.179544 0.513669 
1.3 0.7 -0.196317 0.482002 
1.35 0.7 -0.206241 0.447055 
1.4 0.7 -0.208937 0.409518 
1.45 0.7 -0.204234 0.37021 
1.5 0.7 -0.192177 0.330182 
1.55 0.7 -0.173051 0.290831 
1.6 0.7 -0.147401 0.253954 
1.65 0.7 -0.116049 0.221707 
1.7 0.7 -0.0801009 0.196413 
1.75 0.7 -0.0409195 0.180205 
1.8 0.7 -6.57601e-05 0.174606 
1.85 0.7 0.0407902 0.18017 
1.9 0.7 0.0799781 0.196347 
1.95 0.7 0.115936 0.221616 
2 0.7 0.147301 0.253846 
2.05 0.7 0.172966 0.290716 
2.1 0.7 0.192106 0.330066 
2.15 0.7 0.204176 0.370097 
2.2 0.7 0.208892 0.409413 
2.25 0.7 0.206205 0.446959 
2.3 0.7 0.196287 0.481916 
2.35 0.7 0.179518 0.513594 
2.4 0.7 0.156477 0.541353 
2.45 0.7 0.127946 0.564574 
2.5 0.7 0.0948973 0.582659 
2.55 0.7 0.0584742 0.595077 
2.6 0.7 0.0199611 0.601423 
2.65 0.7 -0.0192672 0.601476 
2.7 0.7 -0.0578035 0.595234 
2.75 0.7 -0.0942716 0.582913 
2.8 0.7 -0.127385 0.564916 
2.85 0.7 -0.155997 0.541771 
2.9 0.7 -0.179132 0.514076 
2.95 0.7 -0.196005 0.48245 
3 0.7 -0.206032 0.447533 
3.05 0.7 -0.208829 0.410014 
3.1 0.7 -0.204224 0.37071 
3.15 0.7 -0.192258 0.330674 
3.2 0.7 -0.173214 0.291298 
3.25 0.7 -0.147634 0.254377 
3.3 0.7 -0.11634 0.222067 
3.35 0.7 -0.0804353 0.196691 
3.4 0.7 -0.0412813 0.180387 
3.45 0.7 -0.000439272 0.174686 
3.5 0.7 0.0404199 0.180153 
3.55 0.7 0.0796238 0.196245 
3.6 0.7 0.115608 0.221451 
3.65 0.7 0.147006 0.253639 
3.7 0.7 0.172708 0.290488 
3.75 0.7 0.191885 0.329835 
3.8 0.7 0.20399 0.369875 
3.85 0.7 0.208737 0.409208 
3.9 0.7 0.206076 0.446774 
3.95 0.7 0.196178 0.48175 
4 0.7 0.179422 0.513445 
4.05 0.7 0.15639 0.541218 
4.1 0.7 0.127864 0.564445 
4.15 0.7 0.0948169 0.58253 
4.2 0.7 0.0583963 0.594938 
4.25 0.7 0.0198886 0.601262 
4.3 0.7 -0.0193274 0.601281 
4.35 0.7 -0.0578405 0.594989 
4.4 0.7 -0.0942691 0.5826 
4.45 0.7 -0.127321 0.564515 
4.5 0.7 -0.155843 0.541261 
4.55 0.7 -0.178851 0.513431 
4.6 0.7 -0.195554 0.481649 
4.65 0.7 -0.205362 0.446556 
4.7 0.7 -0.207888 0.408854 
4.75 0.7 -0.202957 0.369377 
4.8 0.7 -0.190621 0.329208 
4.85 0.7 -0.171174 0.289777 
4.9 0.7 -0.145186 0.252922 
4.95 0.7 -0.113519 0.220839 
5 0.7 -0.0773332 0.195866 
0 0.75 -0.091717 0.192944 
0.05 0.75 -0.0626694 0.170056 
0.1 0.75 -0.0310722 0.155558 
0.15 0.75 0.00182838 0.150804 
0.2 0.75 0.0346864 0.15626 
0.25 0.75 0.0661506 0.171376 
0.3 0.75 0.0949578 0.194728 
0.35 0.75 0.120009 0.224343 
0.4 0.75 0.140419 0.258085 
0.45 0.75 0.155537 0.293974 
0.5 0.75 0.164941 0.330357 
0.55 0.75 0.168421 0.365945 
0.6 0.75 0.165959 0.399765 
0.65 0.75 0.157711 0.431064 
0.7 0.75 0.143998 0.459229 
0.75 0.75 0.125297 0.48372 
0.8 0.75 0.102242 0.50404 
0.85 0.75 0.0756158 0.519738 
0.9 0.75 0.0463316 0.530428 
0.95 0.75 0.0154104 0.535823 
1 0.75 -0.0160576 0.535772 
1.05 0.75 -0.0469586 0.530276 
1.1 0.75 -0.0762029 0.519489 
1.15 0.75 -0.10277 0.503695 
1.2 0.75 -0.125748 0.483282 
1.25 0.75 -0.144353 0.458701 
1.3 0.75 -0.157955 0.430447 
1.35 0.75 -0.166073 0.399059 
1.4 0.75 -0.168386 0.365153 
1.45 0.75 -0.164739 0.329485 
1.5 0.75 -0.155147 0.293036 
1.55 0.75 -0.139821 0.25711 
1.6 0.75 -0.119185 0.223377 
1.65 0.75 -0.0938942 0.193837 
1.7 0.75 -0.0648404 0.170641 
1.75 0.75 -0.0331337 0.155767 
1.8 0.75 -5.31132e-05 0.150627 
1.85 0.75 0.0330294 0.155735 
1.9 0.75 0.0647415 0.17058 
1.95 0.75 0.0938038 0.193753 
2 0.75 0.119106 0.223278 
2.05 0.75 0.139753 0.257004 
2.1 0.75 0.155091 0.292929 
2.15 0.75 0.164694 0.329381 
2.2 0.75 0.168351 0.365057 
2.25 0.75 0.166045 0.398972 
2.3 0.75 0.157932 0.43037 
2.35 0.75 0.144334 0.458634 
2.4 0.75 0.125727 0.483225 
2.45 0.75 0.102747 0.503645 
2.5 0.75 0.0761744 0.519444 
2.55 0.75 0.0469233 0.530234 
2.6 0.75 0.0160148 0.535729 
2.65 0.75 -0.0154606 0.535774 
2.7 0.75 -0.0463875 0.530368 
2.75 0.75 -0.0756743 0.519662 
2.8 0.75 -0.102298 0.503941 
2.85 0.75 -0.125343 0.483589 
2.9 0.75 -0.144025 0.459058 
2.95 0.75 -0.157706 0.430843 
3 0.75 -0.165906 0.399484 
3.05 0.75 -0.168301 0.365596 
3.1 0.75 -0.164732 0.329933 
3.15 0.75 -0.155214 0.293479 
3.2 0.75 -0.139954 0.257531 
3.25 0.75 -0.119375 0.223758 
3.3 0.75 -0.0941309 0.194161 
3.35 0.75 -0.0651119 0.170891 
3.4 0.75 -0.0334272 0.155929 
3.45 0.75 -0.000355687 0.150695 
3.5 0.75 0.0327299 0.155713 
3.55 0.75 0.0644557 0.170481 
3.6 0.75 0.0935399 0.193595 
3.65 0.75 0.118869 0.223082 
3.7 0.75 0.139548 0.256789 
3.75 0.75 0.154916 0.292711 
3.8 0.75 0.164547 0.329171 
3.85 0.75 0.168229 0.364861 
3.9 0.75 0.165943 0.398794 
3.95 0.75 0.157845 0.430209 
4 0.75 0.144256 0.458488 
4.05 0.75 0.125655 0.483088 
4.1 0.75 0.102677 0.503513 
4.15 0.75 0.0761041 0.519308 
4.2 0.75 0.0468526 0.530086 
4.25 0.75 0.0159459 0.535557 
4.3 0.75 -0.0155221 0.535565 
4.35 0.75 -0.0464326 0.530106 
4.4 0.75 -0.0756894 0.51933 
4.45 0.75 -0.102265 0.503519 
4.5 0.75 -0.125237 0.483055 
4.55 0.75 -0.143814 0.45839 
4.6 0.75 -0.157356 0.43002 
4.65 0.75 -0.165374 0.398489 
4.7 0.75 -0.167542 0.364424 
4.75 0.75 -0.163703 0.328598 
4.8 0.75 -0.153877 0.29202 
4.85 0.75 -0.138287 0.256025 
4.9 0.75 -0.117377 0.222322 
4.95 0.75 -0.0918335 0.192944 
5 0.75 -0.0625895 0.170056 
0 0.8 -0.067967 0.160833 
0.05 0.8 -0.0464494 0.141242 
0.1 0.8 -0.0230242 0.128842 
0.15 0.8 0.00136889 0.124788 
0.2 0.8 0.0257207 0.129472 
0.25 0.8 0.0490195 0.142422 
0.3 0.8 0.070322 0.162419 
0.35 0.8 0.0888117 0.187775 
0.4 0.8 0.103837 0.216657 
0.45 0.8 0.114924 0.247362 
0.5 0.8 0.121773 0.278462 
0.55 0.8 0.124244 0.308837 
0.6 0.8 0.122335 0.337636 
0.65 0.8 0.116175 0.364206 
0.7 0.8 0.106008 0.388023 
0.75 0.8 0.0921915 0.408645 
0.8 0.8 0.0751954 0.425678 
0.85 0.8 0.0555939 0.438783 
0.9 0.8 0.0340559 0.447677 
0.95 0.8 0.0113259 0.452157 
1 0.8 -0.0118023 0.452115 
1.05 0.8 -0.0345177 0.447552 
1.1 0.8 -0.056027 0.438575 
1.15 0.8 -0.0755858 0.425389 
1.2 0.8 -0.0925258 0.408276 
1.25 0.8 -0.106273 0.387575 
1.3 0.8 -0.116358 0.363678 
1.35 0.8 -0.122422 0.337029 
1.4 0.8 -0.124221 0.308153 
1.45 0.8 -0.121625 0.277706 
1.5 0.8 -0.114634 0.246547 
1.55 0.8 -0.10339 0.215808 
1.6 0.8 -0.0881934 0.186934 
1.65 0.8 -0.069521 0.161647 
1.7 0.8 -0.0480315 0.141792 
1.75 0.8 -0.0245515 0.12906 
1.8 0.8 -3.91903e-05 0.124661 
1.85 0.8 0.0244745 0.129033 
1.9 0.8 0.0479587 0.141739 
1.95 0.8 0.0694547 0.161576 
2 0.8 0.0881352 0.18685 
2.05 0.8 0.103341 0.215717 
2.1 0.8 0.114594 0.246456 
2.15 0.8 0.121593 0.277618 
2.2 0.8 0.124196 0.308071 
2.25 0.8 0.122404 0.336955 
2.3 0.8 0.116343 0.363613 
2.35 0.8 0.106259 0.387519 
2.4 0.8 0.0925117 0.408227 
2.45 0.8 0.0755692 0.425348 
2.5 0.8 0.0560062 0.438539 
2.55 0.8 0.0344915 0.447517 
2.6 0.8 0.0117698 0.452079 
2.65 0.8 -0.0113644 0.452117 
2.7 0.8 -0.0340994 0.447628 
2.75 0.8 -0.0556402 0.438719 
2.8 0.8 -0.0752407 0.425593 
2.85 0.8 -0.0922304 0.408531 
2.9 0.8 -0.106033 0.387874 
2.95 0.8 -0.116177 0.364011 
3 0.8 -0.122302 0.337387 
3.05 0.8 -0.12416 0.308527 
3.1 0.8 -0.121622 0.278086 
3.15 0.8 -0.114685 0.246922 
3.2 0.8 -0.10349 0.216165 
3.25 0.8 -0.0883352 0.187258 
3.3 0.8 -0.0696972 0.161922 
3.35 0.8 -0.0482333 0.142003 
3.4 0.8 -0.0247693 0.129196 
3.45 0.8 -0.000263434 0.124716 
3.5 0.8 0.024253 0.129011 
3.55 0.8 0.0477479 0.141651 
3.6 0.8 0.0692609 0.161437 
3.65 0.8 0.0879624 0.186678 
3.7 0.8 0.103191 0.215529 
3.75 0.8 0.114467 0.246264 
3.8 0.8 0.121487 0.277432 
3.85 0.8 0.124109 0.307897 
3.9 0.8 0.122331 0.336796 
3.95 0.8 0.11628 0.363468 
4 0.8 0.106203 0.387385 
4.05 0.8 0.0924583 0.408101 
4.1 0.8 0.0755157 0.425224 
4.15 0.8 0.0559507 0.43841 
4.2 0.8 0.0344338 0.447375 
4.25 0.8 0.0117115 0.451913 
4.3 0.8 -0.0114195 0.451915 
4.35 0.8 -0.0341446 0.447376 
4.4 0.8 -0.0556652 0.438402 
4.45 0.8 -0.0752314 0.425192 
4.5 0.8 -0.0921681 0.408027 
4.55 0.8 -0.105894 0.387248 
4.6 0.8 -0.115934 0.363245 
4.65 0.8 -0.121922 0.336468 
4.7 0.8 -0.12361 0.307452 
4.75 0.8 -0.120868 0.27687 
4.8 0.8 -0.113702 0.245604 
4.85 0.8 -0.102262 0.214813 
4.9 0.8 -0.08687 0.185974 
4.95 0.8 -0.0680254 0.160833 
5 0.8 -0.0464091 0.141242 
0 0.85 -0.0440797 0.124728 
0.05 0.85 -0.0301217 0.109443 
0.1 0.85 -0.0149275 0.0997844 
0.15 0.85 0.000884774 0.0966339 
0.2 0.85 0.016659 0.10029 
0.25 0.85 0.0317365 0.110387 
0.3 0.85 0.045503 0.125985 
0.35 0.85 0.0574291 0.145777 
0.4 0.85 0.0670958 0.168342 
0.45 0.85 0.0742032 0.192347 
0.5 0.85 0.0785661 0.216668 
0.55 0.85 0.0801023 0.240416 
0.6 0.85 0.0788198 0.262914 
0.65 0.85 0.074807 0.283639 
0.7 0.85 0.0682257 0.30218 
0.75 0.85 0.059309 0.318194 
0.8 0.85 0.0483591 0.331389 
0.85 0.85 0.0357444 0.341517 
0.9 0.85 0.0218928 0.348377 
0.95 0.85 0.00728018 0.351828 
1 0.85 -0.00758669 0.351795 
1.05 0.85 -0.0221902 0.34828 
1.1 0.85 -0.0360235 0.341356 
1.15 0.85 -0.0486113 0.331165 
1.2 0.85 -0.0595259 0.317907 
1.25 0.85 -0.0683987 0.30183 
1.3 0.85 -0.0749277 0.283226 
1.35 0.85 -0.0788793 0.262437 
1.4 0.85 -0.080091 0.239877 
1.45 0.85 -0.0784737 0.21607 
1.5 0.85 -0.0740188 0.191703 
1.55 0.85 -0.0668083 0.167671 
1.6 0.85 -0.0570284 0.145115 
1.65 0.85 -0.0449817 0.125379 
1.7 0.85 -0.0310922 0.109897 
1.75 0.85 -0.0158976 0.0999774 
1.8 0.85 -2.52314e-05 0.0965507 
1.85 0.85 0.0158481 0.0999557 
1.9 0.85 0.0310455 0.109856 
1.95 0.85 0.0449393 0.125323 
2 0.85 0.0569914 0.145049 
2.05 0.85 0.0667772 0.1676 
2.1 0.85 0.0739937 0.191631 
2.15 0.85 0.0784542 0.216001 
2.2 0.85 0.0800763 0.239813 
2.25 0.85 0.0788683 0.262379 
2.3 0.85 0.074919 0.283175 
2.35 0.85 0.068391 0.301786 
2.4 0.85 0.0595176 0.31787 
2.45 0.85 0.0486013 0.331134 
2.5 0.85 0.0360105 0.341328 
2.55 0.85 0.0221732 0.348254 
2.6 0.85 0.00756532 0.351769 
2.65 0.85 -0.00730595 0.351797 
2.7 0.85 -0.0219224 0.348339 
2.75 0.85 -0.0357763 0.341467 
2.8 0.85 -0.0483911 0.331322 
2.85 0.85 -0.0593377 0.318105 
2.9 0.85 -0.0682462 0.302061 
2.95 0.85 -0.074813 0.283484 
3 0.85 -0.0788033 0.262715 
3.05 0.85 -0.0800534 0.240168 
3.1 0.85 -0.0784731 0.216367 
3.15 0.85 -0.0740528 0.191995 
3.2 0.85 -0.0668737 0.167949 
3.25 0.85 -0.057121 0.145367 
3.3 0.85 -0.0450965 0.125593 
3.35 0.85 -0.0312234 0.110061 
3.4 0.85 -0.016039 0.100082 
3.45 0.85 -0.000170424 0.0965931 
3.5 0.85 0.0157051 0.0999381 
3.55 0.85 0.0309099 0.109787 
3.6 0.85 0.0448151 0.125214 
3.65 0.85 0.0568812 0.144913 
3.7 0.85 0.0666823 0.167451 
3.75 0.85 0.0739139 0.191478 
3.8 0.85 0.0783882 0.215853 
3.85 0.85 0.080022 0.239674 
3.9 0.85 0.0788231 0.262251 
3.95 0.85 0.0748802 0.283057 
4 0.85 0.0683557 0.301677 
4.05 0.85 0.0594833 0.317766 
4.1 0.85 0.048566 0.33103 
4.15 0.85 0.0359728 0.341219 
4.2 0.85 0.0221328 0.348133 
4.25 0.85 0.00752304 0.351627 
4.3 0.85 -0.00734774 0.351625 
4.35 0.85 -0.0219594 0.348125 
4.4 0.85 -0.035802 0.341199 
4.45 0.85 -0.0483962 0.330985 
4.5 0.85 -0.0593099 0.317683 
4.55 0.85 -0.06817 0.30154 
4.6 0.85 -0.0746696 0.28285 
4.65 0.85 -0.0785715 0.261959 
4.7 0.85 -0.0797104 0.239289 
4.75 0.85 -0.0779976 0.215379 
4.8 0.85 -0.0734286 0.190932 
4.85 0.85 -0.0660956 0.166868 
4.9 0.85 -0.0562013 0.144347 
4.95 0.85 -0.0440681 0.124728 
5 0.85 -0.0301292 0.109443 
0 0.9 -0.0225884 0.0852432 
0.05 0.9 -0.015406 0.0749167 
0.1 0.9 -0.00762654 0.0684092 
0.15 0.9 0.00044645 0.0662918 
0.2 0.9 0.00848864 0.0687564 
0.25 0.9 0.0161665 0.0755622 
0.3 0.9 0.0231662 0.0860873 
0.35 0.9 0.0292178 0.0994643 
0.4 0.9 0.03411 0.114742 
0.45 0.9 0.0376938 0.131022 
0.5 0.9 0.0398801 0.147536 
0.55 0.9 0.0406318 0.163673 
0.6 0.9 0.0399573 0.178962 
0.65 0.9 0.037904 0.193041 
0.7 0.9 0.0345555 0.205624 
0.75 0.9 0.03003 0.21648 
0.8 0.9 0.0244803 0.225413 
0.85 0.9 0.0180917 0.232261 
0.9 0.9 0.0110798 0.236894 
0.95 0.9 0.0036843 0.239223 
1 0.9 -0.00383941 0.239201 
1.05 0.9 -0.0112304 0.236829 
1.1 0.9 -0.0182333 0.232152 
1.15 0.9 -0.0246085 0.225261 
1.2 0.9 -0.0301407 0.216285 
1.25 0.9 -0.0346444 0.205386 
1.3 0.9 -0.0379669 0.192758 
1.35 0.9 -0.0399897 0.178636 
1.4 0.9 -0.0406288 0.163304 
1.45 0.9 -0.0398361 0.147128 
1.5 0.9 -0.0376031 0.130582 
1.55 0.9 -0.0339665 0.114286 
1.6 0.9 -0.029016 0.0990151 
1.65 0.9 -0.022902 0.0856786 
1.7 0.9 -0.0158386 0.0752345 
1.75 0.9 -0.00810106 0.0685518 
1.8 0.9 -1.27661e-05 0.066245 
1.85 0.9 0.00807604 0.0685372 
1.9 0.9 0.015815 0.0752069 
1.95 0.9 0.0228807 0.0856407 
2 0.9 0.0289976 0.0989703 
2.05 0.9 0.0339511 0.114237 
2.1 0.9 0.0375909 0.130533 
2.15 0.9 0.0398268 0.147081 
2.2 0.9 0.0406219 0.163261 
2.25 0.9 0.0399847 0.178597 
2.3 0.9 0.0379631 0.192724 
2.35 0.9 0.0346411 0.205356 
2.4 0.9 0.0301371 0.21626 
2.45 0.9 0.0246038 0.22524 
2.5 0.9 0.0182269 0.232133 
2.55 0.9 0.0112219 0.236811 
2.6 0.9 0.00382843 0.239183 
2.65 0.9 -0.00369779 0.239202 
2.7 0.9 -0.0110956 0.236868 
2.75 0.9 -0.018109 0.232226 
2.8 0.9 -0.024498 0.225367 
2.85 0.9 -0.0300466 0.216418 
2.9 0.9 -0.0345683 0.205542 
2.95 0.9 -0.03791 0.192933 
3 0.9 -0.0399523 0.178824 
3.05 0.9 -0.0406107 0.163502 
3.1 0.9 -0.0398367 0.147329 
3.15 0.9 -0.0376212 0.13078 
3.2 0.9 -0.0340004 0.114474 
3.25 0.9 -0.0290637 0.0991856 
3.3 0.9 -0.0229608 0.085823 
3.35 0.9 -0.0159057 0.075345 
3.4 0.9 -0.00817325 0.0686227 
3.45 0.9 -8.6727e-05 0.0662738 
3.5 0.9 0.00800342 0.0685255 
3.55 0.9 0.0157465 0.0751601 
3.6 0.9 0.0228182 0.0855667 
3.65 0.9 0.0289425 0.0988782 
3.7 0.9 0.0339041 0.114136 
3.75 0.9 0.0375517 0.130429 
3.8 0.9 0.0397947 0.146979 
3.85 0.9 0.0405958 0.163165 
3.9 0.9 0.0399631 0.178508 
3.95 0.9 0.0379446 0.192642 
4 0.9 0.034624 0.205279 
4.05 0.9 0.0301201 0.216186 
4.1 0.9 0.0245858 0.225166 
4.15 0.9 0.0182071 0.232055 
4.2 0.9 0.0112 0.236724 
4.25 0.9 0.0038048 0.239081 
4.3 0.9 -0.00372208 0.239079 
4.35 0.9 -0.0111184 0.236715 
4.4 0.9 -0.0181272 0.232035 
4.45 0.9 -0.0245069 0.225127 
4.5 0.9 -0.0300397 0.216119 
4.55 0.9 -0.0345378 0.205174 
4.6 0.9 -0.037846 0.192487 
4.65 0.9 -0.0398436 0.178295 
4.7 0.9 -0.0404454 0.16289 
4.75 0.9 -0.0396037 0.146645 
4.8 0.9 -0.0373128 0.13005 
4.85 0.9 -0.0336169 0.113738 
4.9 0.9 -0.0286203 0.0984984 
4.95 0.9 -0.0224951 0.0852432 
5 0.9 -0.0154696 0.0749167 
0 0.95 -0.00667321 0.0432909 
0.05 0.95 -0.00446603 0.0381575 
0.1 0.95 -0.00219631 0.0349393 
0.15 0.95 0.000127009 0.0338945 
0.2 0.95 0.00243376 0.0351141 
0.25 0.95 0.00463267 0.0384825 
0.3 0.95 0.0066337 0.0437004 
0.35 0.95 0.00835937 0.0503467 
0.4 0.95 0.00974986 0.0579559 
0.45 0.95 0.0107641 0.0660828 
0.5 0.95 0.0113785 0.0743429 
0.55 0.95 0.0115841 0.082426 
0.6 0.95 0.0113848 0.090091 
0.65 0.95 0.0107948 0.097152 
0.7 0.95 0.00983797 0.103463 
0.75 0.95 0.00854786 0.108906 
0.8 0.95 0.00696739 0.113383 
0.85 0.95 0.00514888 0.116813 
0.9 0.95 0.00315327 0.119132 
0.95 0.95 0.00104856 0.120298 
1 0.95 -0.00109264 0.120287 
1.05 0.95 -0.00319609 0.1191 
1.1 0.95 -0.0051892 0.116758 
1.15 0.95 -0.00700402 0.113306 
1.2 0.95 -0.00857964 0.108808 
1.25 0.95 -0.00986375 0.103343 
1.3 0.95 -0.0108134 0.09701 
1.35 0.95 -0.011395 0.0899269 
1.4 0.95 -0.0115844 0.0822404 
1.45 0.95 -0.0113673 0.0741378 
1.5 0.95 -0.0107397 0.0658624 
1.55 0.95 -0.00971045 0.057728 
1.6 0.95 -0.00830316 0.0501235 
1.65 0.95 -0.00655928 0.0434984 
1.7 0.95 -0.00453945 0.0383219 
1.75 0.95 -0.00232286 0.0350154 
1.8 0.95 -3.62857e-06 0.0338751 
1.85 0.95 0.00231576 0.0350082 
1.9 0.95 0.00453279 0.0383082 
1.95 0.95 0.0065533 0.0434796 
2 0.95 0.00829802 0.0501012 
2.05 0.95 0.00970623 0.0577039 
2.1 0.95 0.0107364 0.065838 
2.15 0.95 0.0113648 0.0741142 
2.2 0.95 0.0115827 0.0822184 
2.25 0.95 0.0113938 0.0899071 
2.3 0.95 0.0108125 0.0969926 
2.35 0.95 0.009863 0.103328 
2.4 0.95 0.00857878 0.108795 
2.45 0.95 0.00700283 0.113296 
2.5 0.95 0.0051875 0.116748 
2.55 0.95 0.00319372 0.119091 
2.6 0.95 0.0010895 0.120278 
2.65 0.95 -0.0010525 0.120288 
2.7 0.95 -0.00315795 0.119119 
2.75 0.95 -0.00515414 0.116795 
2.8 0.95 -0.00697293 0.113359 
2.85 0.95 -0.00855323 0.108874 
2.9 0.95 -0.0098425 0.103421 
2.95 0.95 -0.0107976 0.0970974 
3 0.95 -0.0113847 0.0900212 
3.05 0.95 -0.0115797 0.0823392 
3.1 0.95 -0.0113678 0.0742383 
3.15 0.95 -0.0107452 0.0659615 
3.2 0.95 -0.0097204 0.0578221 
3.25 0.95 -0.00831701 0.0502085 
3.3 0.95 -0.0065763 0.0435704 
3.35 0.95 -0.0045588 0.038377 
3.4 0.95 -0.00234361 0.0350508 
3.45 0.95 -2.48212e-05 0.0338897 
3.5 0.95 0.00229503 0.0350028 
3.55 0.95 0.00451333 0.0382853 
3.6 0.95 0.0065357 0.0434431 
3.65 0.95 0.00828265 0.0500555 
3.7 0.95 0.00969324 0.0576533 
3.75 0.95 0.0107258 0.0657859 
3.8 0.95 0.0113562 0.0740631 
3.85 0.95 0.0115758 0.0821699 
3.9 0.95 0.0113881 0.0898619 
3.95 0.95 0.0108077 0.0969506 
4 0.95 0.0098585 0.103289 
4.05 0.95 0.0085742 0.108757 
4.1 0.95 0.00699782 0.113257 
4.15 0.95 0.00518179 0.116708 
4.2 0.95 0.00318719 0.119045 
4.25 0.95 0.00108221 0.120225 
4.3 0.95 -0.00106029 0.120223 
4.35 0.95 -0.0031657 0.11904 
4.4 0.95 -0.00516094 0.116696 
4.45 0.95 -0.0069775 0.113236 
4.5 0.95 -0.00855378 0.108721 
4.55 0.95 -0.00983672 0.103233 
4.6 0.95 -0.0107826 0.09687 
4.65 0.95 -0.0113572 0.0897523 
4.7 0.95 -0.011536 0.0820297 
4.75 0.95 -0.0113046 0.0738944 
4.8 0.95 -0.0106601 0.0655964 
4.85 0.95 -0.00961454 0.0574573 
4.9 0.95 -0.00820096 0.0498725 
4.95 0.95 -0.00648631 0.0432909 
5 0.95 -0.00459426 0.0381575 
0 1 0 0 
0.05 1 0 0 
0.1 1 0 0 
0.15 1 0 0 
0.2 1 0 0 
0.25 1 0 0 
0.3 1 0 0 
0.35 1 0 0 
0.4 1 0 0 
0.45 1 0 0 
0.5 1 0 0 
0.55 1 0 0 
0.6 1 0 0 
0.65 1 0 0 
0.7 1 0 0 
0.75 1 0 0 
0.8 1 0 0 
0.85 1 0 0 
0.9 1 0 0 
0.95 1 0 0 
1 1 0 0 
1.05 1 0 0 
1.1 1 0 0 
1.15 1 0 0 
1.2 1 0 0 
1.25 1 0 0 
1.3 1 0 0 
1.35 1 0 0 
1.4 1 0 0 
1.45 1 0 0 
1.5 1 0 0 
1.55 1 0 0 
1.6 1 0 0 
1.65 1 0 0 
1.7 1 0 0 
1.75 1 0 0 
1.8 1 0 0 
1.85 1 0 0 
1.9 1 0 0 
1.95 1 0 0 
2 1 0 0 
2.05 1 0 0 
2.1 1 0 0 
2.15 1 0 0 
2.2 1 0 0 
2.25 1 0 0 
2.3 1 0 0 
2.35 1 0 0 
2.4 1 0 0 
2.45 1 0 0 
2.5 1 0 0 
2.55 1 0 0 
2.6 1 0 0 
2.65 1 0 0 
2.7 1 0 0 
2.75 1 0 0 
2.8 1 0 0 
2.85 1 0 0 
2.9 1 0 0 
2.95 1 0 0 
3 1 0 0 
3.05 1 0 0 
3.1 1 0 0 
3.15 1 0 0 
3.2 1 0 0 
3.25 1 0 0 
3.3 1 0 0 
3.35 1 0 0 
3.4 1 0 0 
3.45 1 0 0 
3.5 1 0 0 
3.55 1 0 0 
3.6 1 0 0 
3.65 1 0 0 
3.7 1 0 0 
3.75 1 0 0 
3.8 1 0 0 
3.85 1 0 0 
3.9 1 0 0 
3.95 1 0 0 
4 1 0 0 
4.05 1 0 0 
4.1 1 0 0 
4.15 1 0 0 
4.2 1 0 0 
4.25 1 0 0 
4.3 1 0 0 
4.35 1 0 0 
4.4 1 0 0 
4.45 1 0 0 
4.5 1 0 0 
4.55 1 0 0 
4.6 1 0 0 
4.65 1 0 0 
4.7 1 0 0 
4.75 1 0 0 
4.8 1 0 0 
4.85 1 0 0 
4.9 1 0 0 
4.95 1 0 0 
5 1 0 0 
