x, y, ksi, T
#iter= 1280000
0 0 0 1 
0.05 0 0 1 
0.1 0 0 1 
0.15 0 0 1 
0.2 0 0 1 
0.25 0 0 1 
0.3 0 0 1 
0.35 0 0 1 
0.4 0 0 1 
0.45 0 0 1 
0.5 0 0 1 
0.55 0 0 1 
0.6 0 0 1 
0.65 0 0 1 
0.7 0 0 1 
0.75 0 0 1 
0.8 0 0 1 
0.85 0 0 1 
0.9 0 0 1 
0.95 0 0 1 
1 0 0 1 
1.05 0 0 1 
1.1 0 0 1 
1.15 0 0 1 
1.2 0 0 1 
1.25 0 0 1 
1.3 0 0 1 
1.35 0 0 1 
1.4 0 0 1 
1.45 0 0 1 
1.5 0 0 1 
1.55 0 0 1 
1.6 0 0 1 
1.65 0 0 1 
1.7 0 0 1 
1.75 0 0 1 
1.8 0 0 1 
1.85 0 0 1 
1.9 0 0 1 
1.95 0 0 1 
2 0 0 1 
2.05 0 0 1 
2.1 0 0 1 
2.15 0 0 1 
2.2 0 0 1 
2.25 0 0 1 
2.3 0 0 1 
2.35 0 0 1 
2.4 0 0 1 
2.45 0 0 1 
2.5 0 0 1 
2.55 0 0 1 
2.6 0 0 1 
2.65 0 0 1 
2.7 0 0 1 
2.75 0 0 1 
2.8 0 0 1 
2.85 0 0 1 
2.9 0 0 1 
2.95 0 0 1 
3 0 0 1 
3.05 0 0 1 
3.1 0 0 1 
3.15 0 0 1 
3.2 0 0 1 
3.25 0 0 1 
3.3 0 0 1 
3.35 0 0 1 
3.4 0 0 1 
3.45 0 0 1 
3.5 0 0 1 
3.55 0 0 1 
3.6 0 0 1 
3.65 0 0 1 
3.7 0 0 1 
3.75 0 0 1 
3.8 0 0 1 
3.85 0 0 1 
3.9 0 0 1 
3.95 0 0 1 
4 0 0 1 
4.05 0 0 1 
4.1 0 0 1 
4.15 0 0 1 
4.2 0 0 1 
4.25 0 0 1 
4.3 0 0 1 
4.35 0 0 1 
4.4 0 0 1 
4.45 0 0 1 
4.5 0 0 1 
4.55 0 0 1 
4.6 0 0 1 
4.65 0 0 1 
4.7 0 0 1 
4.75 0 0 1 
4.8 0 0 1 
4.85 0 0 1 
4.9 0 0 1 
4.95 0 0 1 
5 0 0 1 
0 0.05 -0.00654542 0.884879 
0.05 0.05 -0.00445711 0.881819 
0.1 0.05 -0.00227721 0.880008 
0.15 0.05 -6.90694e-05 0.879422 
0.2 0.05 0.00211014 0.880046 
0.25 0.05 0.0041967 0.881853 
0.3 0.05 0.0061258 0.8848 
0.35 0.05 0.00783644 0.888829 
0.4 0.05 0.00927441 0.893863 
0.45 0.05 0.0103938 0.899813 
0.5 0.05 0.0111578 0.90657 
0.55 0.05 0.0115386 0.914002 
0.6 0.05 0.0115174 0.921943 
0.65 0.05 0.0110857 0.930178 
0.7 0.05 0.010246 0.93843 
0.75 0.05 0.0090148 0.946344 
0.8 0.05 0.00742488 0.953496 
0.85 0.05 0.0055277 0.95942 
0.9 0.05 0.00339394 0.963664 
0.95 0.05 0.00111128 0.965861 
1 0.05 -0.0012208 0.965809 
1.05 0.05 -0.00349872 0.963513 
1.1 0.05 -0.00562341 0.959184 
1.15 0.05 -0.00750789 0.953195 
1.2 0.05 -0.00908237 0.946001 
1.25 0.05 -0.0102963 0.938067 
1.3 0.05 -0.0111178 0.929815 
1.35 0.05 -0.0115313 0.921595 
1.4 0.05 -0.011535 0.913682 
1.45 0.05 -0.0111382 0.906289 
1.5 0.05 -0.0103607 0.89958 
1.55 0.05 -0.00923131 0.893686 
1.6 0.05 -0.00778863 0.888713 
1.65 0.05 -0.00608051 0.884752 
1.7 0.05 -0.00416391 0.881873 
1.75 0.05 -0.00210368 0.88013 
1.8 0.05 2.94167e-05 0.879556 
1.85 0.05 0.00216149 0.880162 
1.9 0.05 0.00421869 0.881937 
1.95 0.05 0.00613038 0.884847 
2 0.05 0.00783188 0.888838 
2.05 0.05 0.00926646 0.893838 
2.1 0.05 0.0103865 0.899757 
2.15 0.05 0.0111536 0.906488 
2.2 0.05 0.0115393 0.913899 
2.25 0.05 0.011524 0.921824 
2.3 0.05 0.0110986 0.93005 
2.35 0.05 0.0102654 0.938299 
2.4 0.05 0.00904024 0.946219 
2.45 0.05 0.00745567 0.953386 
2.5 0.05 0.0055628 0.959333 
2.55 0.05 0.00343199 0.963607 
2.6 0.05 0.0011507 0.965839 
2.65 0.05 -0.00118167 0.965824 
2.7 0.05 -0.00346151 0.963563 
2.75 0.05 -0.00558953 0.959265 
2.8 0.05 -0.00747847 0.953298 
2.85 0.05 -0.00905817 0.946118 
2.9 0.05 -0.0102778 0.938192 
2.95 0.05 -0.011105 0.929941 
3 0.05 -0.0115242 0.921717 
3.05 0.05 -0.0115331 0.913798 
3.1 0.05 -0.0111412 0.906397 
3.15 0.05 -0.0103679 0.899677 
3.2 0.05 -0.0092423 0.893772 
3.25 0.05 -0.00780266 0.888789 
3.3 0.05 -0.00609687 0.884815 
3.35 0.05 -0.00418188 0.881925 
3.4 0.05 -0.00212253 0.88017 
3.45 0.05 1.03853e-05 0.879586 
3.5 0.05 0.00214293 0.880183 
3.55 0.05 0.00420116 0.881949 
3.6 0.05 0.00611435 0.884851 
3.65 0.05 0.00781768 0.888835 
3.7 0.05 0.00925432 0.89383 
3.75 0.05 0.0103765 0.899744 
3.8 0.05 0.0111458 0.906472 
3.85 0.05 0.0115335 0.913881 
3.9 0.05 0.0115202 0.921805 
3.95 0.05 0.0110966 0.930031 
4 0.05 0.010265 0.938281 
4.05 0.05 0.00904133 0.946202 
4.1 0.05 0.0074581 0.953372 
4.15 0.05 0.00556645 0.959325 
4.2 0.05 0.00343674 0.963605 
4.25 0.05 0.00115644 0.965846 
4.3 0.05 -0.00117506 0.965842 
4.35 0.05 -0.00345417 0.963594 
4.4 0.05 -0.00558167 0.959311 
4.45 0.05 -0.0074704 0.953361 
4.5 0.05 -0.00905046 0.946199 
4.55 0.05 -0.0102713 0.938292 
4.6 0.05 -0.0111014 0.930061 
4.65 0.05 -0.011526 0.921858 
4.7 0.05 -0.0115445 0.913958 
4.75 0.05 -0.0111688 0.906572 
4.8 0.05 -0.0104218 0.899862 
4.85 0.05 -0.00933825 0.893951 
4.9 0.05 -0.00796552 0.888934 
4.95 0.05 -0.00636364 0.884879 
5 0.05 -0.00458231 0.881819 
0 0.1 -0.0220867 0.771091 
0.05 0.1 -0.0152656 0.765081 
0.1 0.1 -0.00783972 0.761453 
0.15 0.1 -0.000175946 0.760265 
0.2 0.1 0.0074419 0.761499 
0.25 0.1 0.0147562 0.7651 
0.3 0.1 0.0215259 0.770979 
0.35 0.1 0.0275306 0.779015 
0.4 0.1 0.0325758 0.789054 
0.45 0.1 0.0364976 0.800917 
0.5 0.1 0.0391646 0.814386 
0.55 0.1 0.0404785 0.829205 
0.6 0.1 0.0403758 0.845049 
0.65 0.1 0.0388296 0.861501 
0.7 0.1 0.035855 0.878014 
0.75 0.1 0.0315159 0.893887 
0.8 0.1 0.0259336 0.908268 
0.85 0.1 0.0192918 0.920209 
0.9 0.1 0.0118379 0.928778 
0.95 0.1 0.00387467 0.933221 
1 0.1 -0.0042574 0.933115 
1.05 0.1 -0.0122045 0.928472 
1.1 0.1 -0.0196274 0.919732 
1.15 0.1 -0.0262256 0.907662 
1.2 0.1 -0.0317547 0.893197 
1.25 0.1 -0.036034 0.877285 
1.3 0.1 -0.0389455 0.860771 
1.35 0.1 -0.040428 0.84435 
1.4 0.1 -0.0404692 0.828561 
1.45 0.1 -0.0390989 0.813819 
1.5 0.1 -0.0363841 0.800443 
1.55 0.1 -0.0324268 0.788689 
1.6 0.1 -0.0273635 0.77877 
1.65 0.1 -0.0213642 0.770863 
1.7 0.1 -0.0146307 0.765114 
1.75 0.1 -0.00739182 0.761631 
1.8 0.1 0.000103241 0.760485 
1.85 0.1 0.0075947 0.761697 
1.9 0.1 0.0148229 0.765243 
1.95 0.1 0.0215391 0.771054 
2 0.1 0.027515 0.779019 
2.05 0.1 0.0325497 0.788993 
2.1 0.1 0.0364739 0.800796 
2.15 0.1 0.0391521 0.814215 
2.2 0.1 0.040483 0.828993 
2.25 0.1 0.0404008 0.844808 
2.3 0.1 0.0388766 0.861242 
2.35 0.1 0.0359242 0.877752 
2.4 0.1 0.031606 0.893636 
2.45 0.1 0.0260421 0.908046 
2.5 0.1 0.019415 0.920033 
2.55 0.1 0.0119713 0.928663 
2.6 0.1 0.00401269 0.933178 
2.65 0.1 -0.00412036 0.933147 
2.7 0.1 -0.012074 0.928575 
2.75 0.1 -0.0195081 0.919894 
2.8 0.1 -0.0261215 0.907869 
2.85 0.1 -0.0316686 0.893433 
2.9 0.1 -0.0359674 0.877535 
2.95 0.1 -0.0388989 0.861023 
3 0.1 -0.0404011 0.844595 
3.05 0.1 -0.040461 0.828792 
3.1 0.1 -0.0391079 0.814033 
3.15 0.1 -0.0364084 0.800636 
3.2 0.1 -0.0324643 0.788861 
3.25 0.1 -0.0274119 0.778919 
3.3 0.1 -0.0214211 0.770989 
3.35 0.1 -0.0146934 0.765217 
3.4 0.1 -0.0074579 0.761712 
3.45 0.1 3.63008e-05 0.760544 
3.5 0.1 0.00752918 0.761736 
3.55 0.1 0.0147608 0.765265 
3.6 0.1 0.0214821 0.77106 
3.65 0.1 0.0274642 0.779012 
3.7 0.1 0.032506 0.788975 
3.75 0.1 0.0364377 0.80077 
3.8 0.1 0.0391234 0.814183 
3.85 0.1 0.0404617 0.828957 
3.9 0.1 0.0403863 0.844769 
3.95 0.1 0.0388686 0.861203 
4 0.1 0.0359219 0.877714 
4.05 0.1 0.0316091 0.893602 
4.1 0.1 0.0260499 0.908018 
4.15 0.1 0.0194272 0.920014 
4.2 0.1 0.0119873 0.928658 
4.25 0.1 0.00403224 0.93319 
4.3 0.1 -0.0040977 0.933181 
4.35 0.1 -0.0120487 0.928634 
4.4 0.1 -0.019481 0.919983 
4.45 0.1 -0.0260936 0.907991 
4.5 0.1 -0.0316417 0.89359 
4.55 0.1 -0.0359447 0.87773 
4.6 0.1 -0.0388854 0.861256 
4.65 0.1 -0.0404051 0.844867 
4.7 0.1 -0.0404952 0.829101 
4.75 0.1 -0.0391911 0.814371 
4.8 0.1 -0.0365672 0.800989 
4.85 0.1 -0.0327331 0.789195 
4.9 0.1 -0.0278272 0.779179 
4.95 0.1 -0.0219956 0.771091 
5 0.1 -0.0153263 0.765081 
0 0.15 -0.0430335 0.663437 
0.05 0.15 -0.0297128 0.654662 
0.1 0.15 -0.0152139 0.649316 
0.15 0.15 -0.000187184 0.647543 
0.2 0.15 0.0147953 0.649349 
0.25 0.15 0.0292052 0.65466 
0.3 0.15 0.0425519 0.663341 
0.35 0.15 0.0543903 0.675201 
0.4 0.15 0.0643303 0.690008 
0.45 0.15 0.0720441 0.707485 
0.5 0.15 0.0772705 0.727313 
0.55 0.15 0.0798169 0.749115 
0.6 0.15 0.0795617 0.772425 
0.65 0.15 0.0764587 0.796642 
0.7 0.15 0.0705466 0.820974 
0.75 0.15 0.0619615 0.844399 
0.8 0.15 0.0509498 0.865661 
0.85 0.15 0.0378783 0.883347 
0.9 0.15 0.0232327 0.896059 
0.95 0.15 0.00760205 0.902656 
1 0.15 -0.00835471 0.902499 
1.05 0.15 -0.0239543 0.895603 
1.1 0.15 -0.0385399 0.882638 
1.15 0.15 -0.0515269 0.864761 
1.2 0.15 -0.0624351 0.843377 
1.25 0.15 -0.0709035 0.819894 
1.3 0.15 -0.0766916 0.79556 
1.35 0.15 -0.0796689 0.771386 
1.4 0.15 -0.0798022 0.748154 
1.45 0.15 -0.0771431 0.726459 
1.5 0.15 -0.0718195 0.706761 
1.55 0.15 -0.064031 0.689433 
1.6 0.15 -0.0540474 0.674792 
1.65 0.15 -0.042206 0.663105 
1.7 0.15 -0.0289073 0.654597 
1.75 0.15 -0.0146059 0.64944 
1.8 0.15 0.000203773 0.647741 
1.85 0.15 0.0150063 0.649536 
1.9 0.15 0.0292865 0.654788 
1.95 0.15 0.0425507 0.663387 
2 0.15 0.0543458 0.67516 
2.05 0.15 0.0642725 0.689881 
2.1 0.15 0.0719952 0.707281 
2.15 0.15 0.0772461 0.727042 
2.2 0.15 0.0798273 0.74879 
2.25 0.15 0.0796129 0.772061 
2.3 0.15 0.0765535 0.796254 
2.35 0.15 0.0706849 0.820582 
2.4 0.15 0.0621405 0.844025 
2.45 0.15 0.0511646 0.86533 
2.5 0.15 0.0381216 0.883084 
2.55 0.15 0.0234955 0.895888 
2.6 0.15 0.00787388 0.902592 
2.65 0.15 -0.00808473 0.902546 
2.7 0.15 -0.0236967 0.895756 
2.75 0.15 -0.0383041 0.882878 
2.8 0.15 -0.0513206 0.865067 
2.85 0.15 -0.0622635 0.843725 
2.9 0.15 -0.0707699 0.820262 
2.95 0.15 -0.0765971 0.79593 
3 0.15 -0.0796132 0.771745 
3.05 0.15 -0.0797834 0.748493 
3.1 0.15 -0.0771584 0.726772 
3.15 0.15 -0.0718654 0.707044 
3.2 0.15 -0.0641034 0.689684 
3.25 0.15 -0.0541417 0.675009 
3.3 0.15 -0.0423173 0.663288 
3.35 0.15 -0.0290306 0.654747 
3.4 0.15 -0.0147362 0.649557 
3.45 0.15 7.13662e-05 0.647826 
3.5 0.15 0.0148763 0.649593 
3.55 0.15 0.0291629 0.654818 
3.6 0.15 0.0424369 0.663394 
3.65 0.15 0.054244 0.675147 
3.7 0.15 0.0641846 0.689853 
3.75 0.15 0.0719219 0.70724 
3.8 0.15 0.0771877 0.726993 
3.85 0.15 0.0797833 0.748735 
3.9 0.15 0.0795826 0.772003 
3.95 0.15 0.0765358 0.796196 
4 0.15 0.0706788 0.820526 
4.05 0.15 0.0621449 0.843974 
4.1 0.15 0.0511784 0.865288 
4.15 0.15 0.038144 0.883056 
4.2 0.15 0.0235256 0.895878 
4.25 0.15 0.00791094 0.902607 
4.3 0.15 -0.00804142 0.902593 
4.35 0.15 -0.023648 0.89584 
4.4 0.15 -0.0382512 0.883004 
4.45 0.15 -0.0512652 0.865238 
4.5 0.15 -0.0622086 0.843945 
4.55 0.15 -0.0707205 0.820534 
4.6 0.15 -0.0765615 0.796254 
4.65 0.15 -0.0796042 0.772121 
4.7 0.15 -0.0798206 0.748916 
4.75 0.15 -0.0772694 0.72723 
4.8 0.15 -0.0720857 0.707513 
4.85 0.15 -0.0644729 0.690122 
4.9 0.15 -0.054689 0.675346 
4.95 0.15 -0.0430193 0.663437 
5 0.15 -0.0297198 0.654662 
0 0.2 -0.0663307 0.567642 
0.05 0.2 -0.0456889 0.556402 
0.1 0.2 -0.0232818 0.549524 
0.15 0.2 -3.28897e-05 0.547226 
0.2 0.2 0.0231814 0.54955 
0.25 0.2 0.0455292 0.556409 
0.3 0.2 0.0662344 0.567622 
0.35 0.2 0.0845935 0.582924 
0.4 0.2 0.0999924 0.601989 
0.45 0.2 0.111918 0.624445 
0.5 0.2 0.119964 0.649872 
0.55 0.2 0.123836 0.677786 
0.6 0.2 0.123352 0.7076 
0.65 0.2 0.118453 0.738561 
0.7 0.2 0.109211 0.769674 
0.75 0.2 0.0958508 0.799645 
0.8 0.2 0.0787642 0.826873 
0.85 0.2 0.0585245 0.849543 
0.9 0.2 0.0358817 0.865852 
0.95 0.2 0.0117377 0.874321 
1 0.2 -0.0129026 0.874119 
1.05 0.2 -0.0369992 0.865267 
1.1 0.2 -0.0595507 0.848632 
1.15 0.2 -0.0796614 0.825716 
1.2 0.2 -0.0965892 0.798331 
1.25 0.2 -0.10977 0.768285 
1.3 0.2 -0.11882 0.737165 
1.35 0.2 -0.123524 0.706254 
1.4 0.2 -0.123816 0.676531 
1.45 0.2 -0.119765 0.648742 
1.5 0.2 -0.111561 0.623467 
1.55 0.2 -0.0995087 0.601184 
1.6 0.2 -0.084025 0.582307 
1.65 0.2 -0.0656347 0.567203 
1.7 0.2 -0.0449631 0.556183 
1.75 0.2 -0.0227213 0.549492 
1.8 0.2 0.000316653 0.547286 
1.85 0.2 0.0233434 0.549617 
1.9 0.2 0.045552 0.55643 
1.95 0.2 0.0661696 0.567567 
2 0.2 0.0844872 0.582782 
2.05 0.2 0.0998818 0.60176 
2.1 0.2 0.111831 0.624135 
2.15 0.2 0.119922 0.64949 
2.2 0.2 0.123851 0.677345 
2.25 0.2 0.123433 0.707116 
2.3 0.2 0.118602 0.738052 
2.35 0.2 0.109428 0.769164 
2.4 0.2 0.0961304 0.799161 
2.45 0.2 0.0790987 0.826445 
2.5 0.2 0.0589025 0.849204 
2.55 0.2 0.0362892 0.865631 
2.6 0.2 0.012159 0.874238 
2.65 0.2 -0.0124842 0.874179 
2.7 0.2 -0.0365996 0.865462 
2.75 0.2 -0.0591843 0.84894 
2.8 0.2 -0.0793397 0.826108 
2.85 0.2 -0.0963207 0.798775 
2.9 0.2 -0.10956 0.768754 
2.95 0.2 -0.11867 0.737637 
3 0.2 -0.123434 0.706711 
3.05 0.2 -0.123783 0.676963 
3.1 0.2 -0.119785 0.649141 
3.15 0.2 -0.111629 0.623827 
3.2 0.2 -0.0996187 0.601503 
3.25 0.2 -0.0841696 0.582584 
3.3 0.2 -0.0658064 0.567436 
3.35 0.2 -0.0451541 0.556372 
3.4 0.2 -0.0229237 0.549638 
3.45 0.2 0.000110459 0.547391 
3.5 0.2 0.0231405 0.549685 
3.55 0.2 0.0453586 0.556464 
3.6 0.2 0.065991 0.567572 
3.65 0.2 0.0843272 0.582761 
3.7 0.2 0.0997431 0.601719 
3.75 0.2 0.111715 0.624079 
3.8 0.2 0.119829 0.649424 
3.85 0.2 0.123781 0.677273 
3.9 0.2 0.123384 0.70704 
3.95 0.2 0.118572 0.737977 
4 0.2 0.109416 0.769092 
4.05 0.2 0.0961346 0.799095 
4.1 0.2 0.0791174 0.826391 
4.15 0.2 0.0589343 0.849167 
4.2 0.2 0.036333 0.865618 
4.25 0.2 0.0122137 0.874255 
4.3 0.2 -0.0124196 0.874234 
4.35 0.2 -0.036526 0.865562 
4.4 0.2 -0.0591027 0.84909 
4.45 0.2 -0.079252 0.826312 
4.5 0.2 -0.0962299 0.799037 
4.55 0.2 -0.109471 0.769074 
4.6 0.2 -0.118593 0.738015 
4.65 0.2 -0.123381 0.707143 
4.7 0.2 -0.123777 0.677442 
4.75 0.2 -0.119853 0.649652 
4.8 0.2 -0.111805 0.624344 
4.85 0.2 -0.0999358 0.60198 
4.9 0.2 -0.0846398 0.582958 
4.95 0.2 -0.0663812 0.567642 
5 0.2 -0.0456516 0.556402 
0 0.25 -0.0895864 0.487973 
0.05 0.25 -0.0615618 0.4746 
0.1 0.25 -0.0312062 0.466397 
0.15 0.25 0.000297663 0.46365 
0.2 0.25 0.0317759 0.466438 
0.25 0.25 0.0620909 0.474665 
0.3 0.25 0.0901742 0.488086 
0.35 0.25 0.115057 0.506345 
0.4 0.25 0.135898 0.529007 
0.45 0.25 0.151996 0.55559 
0.5 0.25 0.162804 0.585573 
0.55 0.25 0.16793 0.618381 
0.6 0.25 0.167142 0.653333 
0.65 0.25 0.160374 0.689565 
0.7 0.25 0.147744 0.725936 
0.75 0.25 0.129573 0.760952 
0.8 0.25 0.106404 0.792757 
0.85 0.25 0.0790186 0.819238 
0.9 0.25 0.0484276 0.83829 
0.95 0.25 0.0158375 0.848183 
1 0.25 -0.0174131 0.847947 
1.05 0.25 -0.0499402 0.837604 
1.1 0.25 -0.0804095 0.81817 
1.15 0.25 -0.107622 0.791401 
1.2 0.25 -0.130578 0.759409 
1.25 0.25 -0.148508 0.724301 
1.3 0.25 -0.160878 0.687917 
1.35 0.25 -0.167378 0.651733 
1.4 0.25 -0.167903 0.616876 
1.45 0.25 -0.162526 0.584197 
1.5 0.25 -0.151492 0.554371 
1.55 0.25 -0.135204 0.527966 
1.6 0.25 -0.114221 0.505499 
1.65 0.25 -0.0892567 0.487443 
1.7 0.25 -0.0611628 0.47422 
1.75 0.25 -0.030913 0.466168 
1.8 0.25 0.000430375 0.463509 
1.85 0.25 0.0317583 0.466318 
1.9 0.25 0.0619624 0.474517 
1.95 0.25 0.0899823 0.487879 
2 0.25 0.114847 0.506064 
2.05 0.25 0.135708 0.52865 
2.1 0.25 0.151855 0.555159 
2.15 0.25 0.162735 0.585077 
2.2 0.25 0.167946 0.61783 
2.25 0.25 0.167251 0.652742 
2.3 0.25 0.160578 0.688953 
2.35 0.25 0.14804 0.725328 
2.4 0.25 0.129954 0.760378 
2.45 0.25 0.106859 0.792251 
2.5 0.25 0.0795316 0.818839 
2.55 0.25 0.0489799 0.83803 
2.6 0.25 0.016408 0.848085 
2.65 0.25 -0.0168465 0.848016 
2.7 0.25 -0.0493987 0.837831 
2.75 0.25 -0.0799122 0.818529 
2.8 0.25 -0.107185 0.791857 
2.85 0.25 -0.130212 0.759927 
2.9 0.25 -0.148219 0.724847 
2.95 0.25 -0.16067 0.688465 
3 0.25 -0.167252 0.652265 
3.05 0.25 -0.167854 0.617378 
3.1 0.25 -0.16255 0.584661 
3.15 0.25 -0.151581 0.554791 
3.2 0.25 -0.13535 0.528339 
3.25 0.25 -0.114416 0.505822 
3.3 0.25 -0.0894885 0.487714 
3.35 0.25 -0.0614215 0.474439 
3.4 0.25 -0.031188 0.466336 
3.45 0.25 0.00014953 0.463628 
3.5 0.25 0.0314814 0.466392 
3.55 0.25 0.0616981 0.474549 
3.6 0.25 0.0897376 0.487876 
3.65 0.25 0.114628 0.506032 
3.7 0.25 0.135517 0.528595 
3.75 0.25 0.151695 0.555087 
3.8 0.25 0.162606 0.584994 
3.85 0.25 0.167847 0.617741 
3.9 0.25 0.167181 0.65265 
3.95 0.25 0.160534 0.688862 
4 0.25 0.148021 0.725242 
4.05 0.25 0.129956 0.760301 
4.1 0.25 0.10688 0.792188 
4.15 0.25 0.0795706 0.818795 
4.2 0.25 0.0490348 0.838012 
4.25 0.25 0.0164775 0.848101 
4.3 0.25 -0.016763 0.848074 
4.35 0.25 -0.0493018 0.837938 
4.4 0.25 -0.0798022 0.81869 
4.45 0.25 -0.107062 0.792074 
4.5 0.25 -0.130078 0.760202 
4.55 0.25 -0.148078 0.72518 
4.6 0.25 -0.160528 0.688852 
4.65 0.25 -0.167118 0.6527 
4.7 0.25 -0.167745 0.617851 
4.75 0.25 -0.162486 0.585156 
4.8 0.25 -0.151587 0.555284 
4.85 0.25 -0.135444 0.528794 
4.9 0.25 -0.114592 0.506196 
4.95 0.25 -0.0896904 0.487973 
5 0.25 -0.0614883 0.4746 
0 0.3 -0.110955 0.425815 
0.05 0.3 -0.0760873 0.410555 
0.1 0.3 -0.0383717 0.401169 
0.15 0.3 0.000772243 0.398029 
0.2 0.3 0.0398946 0.401257 
0.25 0.3 0.077571 0.410729 
0.3 0.3 0.112456 0.426112 
0.35 0.3 0.143331 0.446919 
0.4 0.3 0.16914 0.47257 
0.45 0.3 0.189015 0.502445 
0.5 0.3 0.202281 0.535913 
0.55 0.3 0.208467 0.572313 
0.6 0.3 0.207303 0.6109 
0.65 0.3 0.198733 0.650743 
0.7 0.3 0.182926 0.690621 
0.75 0.3 0.160299 0.728929 
0.8 0.3 0.131544 0.763667 
0.85 0.3 0.0976333 0.792555 
0.9 0.3 0.0598114 0.813321 
0.95 0.3 0.019555 0.824098 
1 0.3 -0.021505 0.82384 
1.05 0.3 -0.0616847 0.812572 
1.1 0.3 -0.0993581 0.791388 
1.15 0.3 -0.133058 0.762182 
1.2 0.3 -0.161552 0.727235 
1.25 0.3 -0.183879 0.688818 
1.3 0.3 -0.199364 0.648915 
1.35 0.3 -0.2076 0.609111 
1.4 0.3 -0.208429 0.570611 
1.45 0.3 -0.201922 0.534331 
1.5 0.3 -0.188358 0.501012 
1.55 0.3 -0.168222 0.471308 
1.6 0.3 -0.1422 0.445847 
1.65 0.3 -0.111174 0.425242 
1.7 0.3 -0.0762087 0.41006 
1.75 0.3 -0.0385262 0.400774 
1.8 0.3 0.000535857 0.397701 
1.85 0.3 0.0395784 0.400948 
1.9 0.3 0.0772033 0.410401 
1.95 0.3 0.112075 0.42574 
2 0.3 0.142976 0.446489 
2.05 0.3 0.168844 0.472078 
2.1 0.3 0.188804 0.501894 
2.15 0.3 0.202175 0.535309 
2.2 0.3 0.208477 0.571666 
2.25 0.3 0.207435 0.610222 
2.3 0.3 0.198986 0.650052 
2.35 0.3 0.183295 0.689941 
2.4 0.3 0.160774 0.728292 
2.45 0.3 0.13211 0.763109 
2.5 0.3 0.0982702 0.792115 
2.55 0.3 0.0604961 0.813034 
2.6 0.3 0.0202617 0.823988 
2.65 0.3 -0.0208033 0.823913 
2.7 0.3 -0.0610137 0.812817 
2.75 0.3 -0.0987409 0.791776 
2.8 0.3 -0.132514 0.762676 
2.85 0.3 -0.161094 0.727797 
2.9 0.3 -0.183518 0.689412 
2.95 0.3 -0.199102 0.649512 
3 0.3 -0.207438 0.609691 
3.05 0.3 -0.208364 0.57116 
3.1 0.3 -0.201946 0.53484 
3.15 0.3 -0.188464 0.501474 
3.2 0.3 -0.1684 0.471719 
3.25 0.3 -0.142439 0.446204 
3.3 0.3 -0.111461 0.425541 
3.35 0.3 -0.07653 0.4103 
3.4 0.3 -0.0388686 0.400956 
3.45 0.3 0.000185442 0.397826 
3.5 0.3 0.0392324 0.40102 
3.55 0.3 0.0768724 0.410425 
3.6 0.3 0.111768 0.425724 
3.65 0.3 0.1427 0.446441 
3.7 0.3 0.168604 0.472006 
3.75 0.3 0.188602 0.501804 
3.8 0.3 0.202011 0.535208 
3.85 0.3 0.208351 0.57156 
3.9 0.3 0.207344 0.610115 
3.95 0.3 0.198928 0.649948 
4 0.3 0.183266 0.689844 
4.05 0.3 0.160772 0.728206 
4.1 0.3 0.132132 0.763038 
4.15 0.3 0.0983126 0.792065 
4.2 0.3 0.0605578 0.813012 
4.25 0.3 0.0203415 0.824001 
4.3 0.3 -0.0207056 0.823968 
4.35 0.3 -0.0608977 0.81292 
4.4 0.3 -0.0986054 0.791931 
4.45 0.3 -0.132357 0.762885 
4.5 0.3 -0.160914 0.728057 
4.55 0.3 -0.183313 0.689721 
4.6 0.3 -0.198873 0.649864 
4.65 0.3 -0.207186 0.610076 
4.7 0.3 -0.208096 0.571568 
4.75 0.3 -0.20167 0.535256 
4.8 0.3 -0.188188 0.501882 
4.85 0.3 -0.168126 0.472097 
4.9 0.3 -0.142149 0.446533 
4.95 0.3 -0.111102 0.425815 
5 0.3 -0.0759848 0.410555 
0 0.35 -0.129039 0.379669 
0.05 0.35 -0.0883346 0.362606 
0.1 0.35 -0.0443352 0.352073 
0.15 0.35 0.0013327 0.348561 
0.2 0.35 0.0469777 0.352239 
0.25 0.35 0.090922 0.36294 
0.3 0.35 0.131577 0.380198 
0.35 0.35 0.167505 0.403339 
0.4 0.35 0.197468 0.431582 
0.45 0.35 0.220457 0.464126 
0.5 0.35 0.235699 0.500204 
0.55 0.35 0.242666 0.539067 
0.6 0.35 0.241072 0.57992 
0.65 0.35 0.230881 0.621809 
0.7 0.35 0.212319 0.663499 
0.75 0.35 0.185898 0.703367 
0.8 0.35 0.152438 0.739388 
0.85 0.35 0.113073 0.76926 
0.9 0.35 0.0692401 0.790689 
0.95 0.35 0.0226313 0.801797 
1 0.35 -0.0248933 0.801531 
1.05 0.35 -0.0714146 0.789916 
1.1 0.35 -0.115077 0.768052 
1.15 0.35 -0.154201 0.737845 
1.2 0.35 -0.18736 0.701599 
1.25 0.35 -0.213435 0.661607 
1.3 0.35 -0.231621 0.619876 
1.35 0.35 -0.241419 0.578008 
1.4 0.35 -0.242616 0.537223 
1.45 0.35 -0.235259 0.498462 
1.5 0.35 -0.219649 0.462514 
1.55 0.35 -0.196325 0.430126 
1.6 0.35 -0.166072 0.402064 
1.65 0.35 -0.129912 0.379124 
1.7 0.35 -0.0890912 0.362078 
1.75 0.35 -0.0450508 0.351589 
1.8 0.35 0.000626076 0.348106 
1.85 0.35 0.0462798 0.351785 
1.9 0.35 0.0902519 0.362462 
1.95 0.35 0.130962 0.37968 
2 0.35 0.166973 0.402773 
2.05 0.35 0.197046 0.430967 
2.1 0.35 0.220163 0.463468 
2.15 0.35 0.235547 0.499509 
2.2 0.35 0.242663 0.538342 
2.25 0.35 0.241219 0.579177 
2.3 0.35 0.231174 0.621065 
2.35 0.35 0.212749 0.662776 
2.4 0.35 0.186452 0.702695 
2.45 0.35 0.153097 0.738803 
2.5 0.35 0.113814 0.768801 
2.55 0.35 0.0700356 0.79039 
2.6 0.35 0.0234514 0.80168 
2.65 0.35 -0.0240789 0.801603 
2.7 0.35 -0.0706355 0.790165 
2.75 0.35 -0.11436 0.768449 
2.8 0.35 -0.153566 0.738353 
2.85 0.35 -0.186825 0.702177 
2.9 0.35 -0.21301 0.66222 
2.95 0.35 -0.231311 0.620494 
3 0.35 -0.241225 0.578611 
3.05 0.35 -0.242534 0.537797 
3.1 0.35 -0.235283 0.498997 
3.15 0.35 -0.219769 0.463003 
3.2 0.35 -0.196529 0.430563 
3.25 0.35 -0.166348 0.402444 
3.3 0.35 -0.130245 0.379443 
3.35 0.35 -0.0894657 0.362333 
3.4 0.35 -0.045451 0.351778 
3.45 0.35 0.000215828 0.348231 
3.5 0.35 0.0458741 0.351849 
3.55 0.35 0.0898636 0.362473 
3.6 0.35 0.130602 0.379646 
3.65 0.35 0.166649 0.402705 
3.7 0.35 0.196764 0.430874 
3.75 0.35 0.219925 0.463358 
3.8 0.35 0.235354 0.499389 
3.85 0.35 0.242513 0.53822 
3.9 0.35 0.24111 0.579056 
3.95 0.35 0.231103 0.62095 
4 0.35 0.212712 0.66267 
4.05 0.35 0.186444 0.702601 
4.1 0.35 0.153115 0.738727 
4.15 0.35 0.113855 0.768746 
4.2 0.35 0.070099 0.790363 
4.25 0.35 0.0235357 0.801687 
4.3 0.35 -0.0239734 0.801648 
4.35 0.35 -0.0705067 0.790253 
4.4 0.35 -0.114204 0.768582 
4.45 0.35 -0.153379 0.73853 
4.5 0.35 -0.186599 0.702394 
4.55 0.35 -0.212737 0.66247 
4.6 0.35 -0.230983 0.62077 
4.65 0.35 -0.240833 0.5789 
4.7 0.35 -0.24207 0.538089 
4.75 0.35 -0.23474 0.499281 
4.8 0.35 -0.219137 0.463271 
4.85 0.35 -0.195797 0.430809 
4.9 0.35 -0.16549 0.402671 
4.95 0.35 -0.12922 0.379669 
5 0.35 -0.0882096 0.362606 
0 0.4 -0.142812 0.346168 
0.05 0.4 -0.0976253 0.327253 
0.1 0.4 -0.0487871 0.315522 
0.15 0.4 0.00190966 0.311627 
0.2 0.4 0.0525774 0.315796 
0.25 0.4 0.101332 0.327794 
0.3 0.4 0.146388 0.346979 
0.35 0.4 0.186134 0.372428 
0.4 0.4 0.219192 0.403095 
0.45 0.4 0.244449 0.437949 
0.5 0.4 0.261069 0.47605 
0.55 0.4 0.268494 0.516544 
0.6 0.4 0.266442 0.558595 
0.65 0.4 0.254909 0.601257 
0.7 0.4 0.234181 0.643333 
0.75 0.4 0.204853 0.683269 
0.8 0.4 0.167849 0.719132 
0.85 0.4 0.124426 0.74873 
0.9 0.4 0.0761579 0.769889 
0.95 0.4 0.0248851 0.780834 
1 0.4 -0.0273779 0.780571 
1.05 0.4 -0.0785558 0.769125 
1.1 0.4 -0.126639 0.747533 
1.15 0.4 -0.169799 0.717595 
1.2 0.4 -0.206475 0.681496 
1.25 0.4 -0.235422 0.64142 
1.3 0.4 -0.255732 0.599281 
1.35 0.4 -0.266826 0.556616 
1.4 0.4 -0.268428 0.514604 
1.45 0.4 -0.260556 0.474184 
1.5 0.4 -0.243504 0.436187 
1.55 0.4 -0.217842 0.401469 
1.6 0.4 -0.184418 0.370973 
1.65 0.4 -0.144356 0.34573 
1.7 0.4 -0.0990451 0.32678 
1.75 0.4 -0.0500994 0.315033 
1.8 0.4 0.000695732 0.311118 
1.85 0.4 0.0514647 0.315253 
1.9 0.4 0.100333 0.327207 
1.95 0.4 0.14552 0.346344 
2 0.4 0.185414 0.371747 
2.05 0.4 0.218635 0.402375 
2.1 0.4 0.244066 0.4372 
2.15 0.4 0.260865 0.475279 
2.2 0.4 0.268471 0.51576 
2.25 0.4 0.266595 0.557809 
2.3 0.4 0.25523 0.600483 
2.35 0.4 0.234657 0.642592 
2.4 0.4 0.205467 0.682587 
2.45 0.4 0.168578 0.718543 
2.5 0.4 0.125244 0.74827 
2.55 0.4 0.0770356 0.769589 
2.6 0.4 0.0257893 0.780714 
2.65 0.4 -0.0264804 0.780638 
2.7 0.4 -0.0776969 0.769366 
2.75 0.4 -0.125847 0.74792 
2.8 0.4 -0.169098 0.718093 
2.85 0.4 -0.205882 0.682066 
2.9 0.4 -0.234949 0.642027 
2.95 0.4 -0.255386 0.599898 
3 0.4 -0.266606 0.557222 
3.05 0.4 -0.268332 0.515186 
3.1 0.4 -0.260577 0.474731 
3.15 0.4 -0.243632 0.436692 
3.2 0.4 -0.218065 0.401924 
3.25 0.4 -0.184721 0.371371 
3.3 0.4 -0.144725 0.346064 
3.35 0.4 -0.0994605 0.327045 
3.4 0.4 -0.0505443 0.315226 
3.45 0.4 0.000238963 0.311238 
3.5 0.4 0.0510125 0.315305 
3.55 0.4 0.0999003 0.327199 
3.6 0.4 0.145118 0.346287 
3.65 0.4 0.185053 0.371653 
3.7 0.4 0.21832 0.402256 
3.75 0.4 0.2438 0.437066 
3.8 0.4 0.26065 0.475139 
3.85 0.4 0.268303 0.515621 
3.9 0.4 0.266472 0.557675 
3.95 0.4 0.255148 0.600357 
4 0.4 0.234611 0.642478 
4.05 0.4 0.205453 0.682488 
4.1 0.4 0.168591 0.718462 
4.15 0.4 0.125282 0.74821 
4.2 0.4 0.0770956 0.769555 
4.25 0.4 0.0258715 0.780711 
4.3 0.4 -0.0263743 0.780667 
4.35 0.4 -0.077563 0.769429 
4.4 0.4 -0.125679 0.748017 
4.45 0.4 -0.168886 0.718219 
4.5 0.4 -0.205614 0.682216 
4.55 0.4 -0.23461 0.64219 
4.6 0.4 -0.254957 0.600063 
4.65 0.4 -0.266067 0.557376 
4.7 0.4 -0.267661 0.515319 
4.75 0.4 -0.259749 0.474835 
4.8 0.4 -0.242622 0.436768 
4.85 0.4 -0.216848 0.401981 
4.9 0.4 -0.183272 0.371431 
4.95 0.4 -0.143018 0.346168 
5 0.4 -0.0974836 0.327253 
0 0.45 -0.151551 0.321323 
0.05 0.45 -0.103486 0.300479 
0.1 0.45 -0.0515213 0.287488 
0.15 0.45 0.00243401 0.283195 
0.2 0.45 0.0563515 0.287895 
0.25 0.45 0.108199 0.301273 
0.3 0.45 0.156052 0.322468 
0.35 0.45 0.198179 0.350262 
0.4 0.45 0.233112 0.383299 
0.45 0.45 0.259679 0.420272 
0.5 0.45 0.277017 0.460035 
0.55 0.45 0.284566 0.501615 
0.6 0.45 0.282067 0.544128 
0.65 0.45 0.269558 0.586649 
0.7 0.45 0.247379 0.628062 
0.75 0.45 0.216193 0.666946 
0.8 0.45 0.176995 0.701552 
0.85 0.45 0.131119 0.72991 
0.9 0.45 0.0802179 0.750078 
0.95 0.45 0.026204 0.760478 
1 0.45 -0.0288344 0.760228 
1.05 0.45 -0.0827499 0.749351 
1.1 0.45 -0.13346 0.728764 
1.15 0.45 -0.179061 0.700071 
1.2 0.45 -0.217914 0.665222 
1.25 0.45 -0.2487 0.626179 
1.3 0.45 -0.270436 0.584678 
1.35 0.45 -0.282474 0.542121 
1.4 0.45 -0.284486 0.499612 
1.45 0.45 -0.276445 0.458071 
1.5 0.45 -0.258623 0.41838 
1.55 0.45 -0.231591 0.381519 
1.6 0.45 -0.196224 0.348644 
1.65 0.45 -0.153706 0.321063 
1.7 0.45 -0.105516 0.300134 
1.75 0.45 -0.0533901 0.287063 
1.8 0.45 0.000741001 0.282689 
1.85 0.45 0.0548437 0.287307 
1.9 0.45 0.106886 0.300607 
1.95 0.45 0.154941 0.321736 
2 0.45 0.197279 0.349482 
2.05 0.45 0.232428 0.382486 
2.1 0.45 0.259212 0.419442 
2.15 0.45 0.276764 0.459202 
2.2 0.45 0.284521 0.500787 
2.25 0.45 0.282221 0.543315 
2.3 0.45 0.269896 0.585864 
2.35 0.45 0.247884 0.627323 
2.4 0.45 0.216844 0.666275 
2.45 0.45 0.177768 0.700978 
2.5 0.45 0.131986 0.729464 
2.55 0.45 0.081145 0.749787 
2.6 0.45 0.0271581 0.760359 
2.65 0.45 -0.0278877 0.760286 
2.7 0.45 -0.0818437 0.749574 
2.75 0.45 -0.132624 0.729127 
2.8 0.45 -0.178319 0.700541 
2.85 0.45 -0.217285 0.665764 
2.9 0.45 -0.248197 0.626763 
2.95 0.45 -0.270065 0.585277 
3 0.45 -0.282238 0.542717 
3.05 0.45 -0.28438 0.500191 
3.1 0.45 -0.276463 0.458622 
3.15 0.45 -0.258756 0.418894 
3.2 0.45 -0.231825 0.381988 
3.25 0.45 -0.196545 0.349057 
3.3 0.45 -0.154097 0.321411 
3.35 0.45 -0.105958 0.300408 
3.4 0.45 -0.0538641 0.287257 
3.45 0.45 0.000253652 0.282802 
3.5 0.45 0.054361 0.287344 
3.55 0.45 0.106424 0.300577 
3.6 0.45 0.154513 0.321652 
3.65 0.45 0.196894 0.349358 
3.7 0.45 0.232092 0.382338 
3.75 0.45 0.258929 0.419282 
3.8 0.45 0.276534 0.459039 
3.85 0.45 0.284342 0.500628 
3.9 0.45 0.282088 0.543166 
3.95 0.45 0.269805 0.585727 
4 0.45 0.24783 0.6272 
4.05 0.45 0.216822 0.666169 
4.1 0.45 0.177773 0.700891 
4.15 0.45 0.132015 0.729399 
4.2 0.45 0.0811967 0.749745 
4.25 0.45 0.0272323 0.760341 
4.3 0.45 -0.0277883 0.760292 
4.35 0.45 -0.0817131 0.749603 
4.4 0.45 -0.132453 0.729175 
4.45 0.45 -0.178094 0.7006 
4.5 0.45 -0.216988 0.665826 
4.55 0.45 -0.247804 0.626814 
4.6 0.45 -0.269549 0.585302 
4.65 0.45 -0.281566 0.542703 
4.7 0.45 -0.283517 0.500127 
4.75 0.45 -0.275371 0.458503 
4.8 0.45 -0.257396 0.418729 
4.85 0.45 -0.230163 0.3818 
4.9 0.45 -0.194555 0.348887 
4.95 0.45 -0.151774 0.321323 
5 0.45 -0.103334 0.300479 
0 0.5 -0.154803 0.301416 
0.05 0.5 -0.105622 0.278676 
0.1 0.5 -0.0524162 0.264438 
0.15 0.5 0.00284507 0.259757 
0.2 0.5 0.058059 0.264998 
0.25 0.5 0.111114 0.279753 
0.3 0.5 0.160011 0.302933 
0.35 0.5 0.202963 0.333009 
0.4 0.5 0.238467 0.368292 
0.45 0.5 0.265337 0.407188 
0.5 0.5 0.282719 0.448333 
0.55 0.5 0.290078 0.490618 
0.6 0.5 0.287192 0.533108 
0.65 0.5 0.274142 0.574901 
0.7 0.5 0.251317 0.614978 
0.75 0.5 0.219421 0.652092 
0.8 0.5 0.179488 0.684736 
0.85 0.5 0.132878 0.711235 
0.9 0.5 0.0812555 0.729951 
0.95 0.5 0.0265351 0.739561 
1 0.5 -0.029204 0.73933 
1.05 0.5 -0.0838264 0.729277 
1.1 0.5 -0.135258 0.710166 
1.15 0.5 -0.181592 0.683343 
1.2 0.5 -0.221178 0.65045 
1.25 0.5 -0.252669 0.61316 
1.3 0.5 -0.275043 0.572965 
1.35 0.5 -0.287608 0.5311 
1.4 0.5 -0.289987 0.488575 
1.45 0.5 -0.28211 0.446288 
1.5 0.5 -0.26421 0.40518 
1.55 0.5 -0.236831 0.36637 
1.6 0.5 -0.200843 0.331238 
1.65 0.5 -0.15744 0.301387 
1.7 0.5 -0.108139 0.278509 
1.75 0.5 -0.0547361 0.264122 
1.8 0.5 0.000759365 0.259291 
1.85 0.5 0.0562253 0.264391 
1.9 0.5 0.109541 0.279027 
1.95 0.5 0.158702 0.302118 
2 0.5 0.201917 0.332137 
2.05 0.5 0.23768 0.367394 
2.1 0.5 0.264803 0.406287 
2.15 0.5 0.282426 0.447446 
2.2 0.5 0.290013 0.489756 
2.25 0.5 0.28734 0.53228 
2.3 0.5 0.274484 0.574118 
2.35 0.5 0.251832 0.614254 
2.4 0.5 0.220085 0.651445 
2.45 0.5 0.180276 0.684189 
2.5 0.5 0.133759 0.710814 
2.55 0.5 0.0821971 0.729676 
2.6 0.5 0.027503 0.739446 
2.65 0.5 -0.0282442 0.739378 
2.7 0.5 -0.0829074 0.729476 
2.75 0.5 -0.134409 0.710496 
2.8 0.5 -0.180838 0.683775 
2.85 0.5 -0.220538 0.650955 
2.9 0.5 -0.252154 0.613709 
2.95 0.5 -0.274662 0.573536 
3 0.5 -0.287363 0.531676 
3.05 0.5 -0.289875 0.489143 
3.1 0.5 -0.282125 0.446836 
3.15 0.5 -0.264342 0.405699 
3.2 0.5 -0.237068 0.366849 
3.25 0.5 -0.201169 0.331663 
3.3 0.5 -0.157839 0.301746 
3.35 0.5 -0.108591 0.278789 
3.4 0.5 -0.0552223 0.264316 
3.45 0.5 0.00025916 0.259395 
3.5 0.5 0.0557297 0.264411 
3.55 0.5 0.109066 0.278973 
3.6 0.5 0.158262 0.302006 
3.65 0.5 0.201522 0.331984 
3.7 0.5 0.237337 0.367216 
3.75 0.5 0.264513 0.406099 
3.8 0.5 0.28219 0.447259 
3.85 0.5 0.289829 0.489578 
3.9 0.5 0.287202 0.532115 
3.95 0.5 0.274388 0.573969 
4 0.5 0.251772 0.614123 
4.05 0.5 0.220056 0.651332 
4.1 0.5 0.180272 0.684096 
4.15 0.5 0.133778 0.710739 
4.2 0.5 0.0822367 0.72962 
4.25 0.5 0.027564 0.739408 
4.3 0.5 -0.0281581 0.739355 
4.35 0.5 -0.0827886 0.729462 
4.4 0.5 -0.134245 0.710485 
4.45 0.5 -0.180613 0.683755 
4.5 0.5 -0.220227 0.650913 
4.55 0.5 -0.251728 0.613629 
4.6 0.5 -0.274085 0.573401 
4.65 0.5 -0.286592 0.53147 
4.7 0.5 -0.288864 0.488854 
4.75 0.5 -0.280824 0.446464 
4.8 0.5 -0.262704 0.405257 
4.85 0.5 -0.235053 0.366374 
4.9 0.5 -0.198754 0.331217 
4.95 0.5 -0.155034 0.301416 
5 0.5 -0.105464 0.278676 
0 0.55 -0.152366 0.283401 
0.05 0.55 -0.103901 0.259021 
0.1 0.55 -0.0514267 0.243701 
0.15 0.55 0.00309628 0.23869 
0.2 0.55 0.0575636 0.244417 
0.25 0.55 0.10986 0.260386 
0.3 0.55 0.157986 0.285297 
0.35 0.55 0.200165 0.317331 
0.4 0.55 0.234916 0.354499 
0.45 0.55 0.261087 0.39494 
0.5 0.55 0.277863 0.437087 
0.55 0.55 0.284757 0.479703 
0.6 0.55 0.281593 0.521796 
0.65 0.55 0.268492 0.562483 
0.7 0.55 0.245875 0.600846 
0.75 0.55 0.214464 0.635817 
0.8 0.55 0.175288 0.666155 
0.85 0.55 0.129684 0.690504 
0.9 0.55 0.079266 0.707558 
0.95 0.55 0.0258781 0.716269 
1 0.55 -0.0284856 0.71606 
1.05 0.55 -0.0817795 0.706945 
1.1 0.55 -0.132014 0.689526 
1.15 0.55 -0.177353 0.664865 
1.2 0.55 -0.216192 0.634276 
1.25 0.55 -0.247208 0.59911 
1.3 0.55 -0.269382 0.560601 
1.35 0.55 -0.282002 0.519805 
1.4 0.55 -0.28466 0.477637 
1.45 0.55 -0.277242 0.434979 
1.5 0.55 -0.259934 0.392833 
1.55 0.55 -0.233236 0.352453 
1.6 0.55 -0.197971 0.315425 
1.65 0.55 -0.155305 0.283627 
1.7 0.55 -0.106732 0.259053 
1.75 0.55 -0.0540431 0.243513 
1.8 0.55 0.000749565 0.23828 
1.85 0.55 0.0555125 0.243804 
1.9 0.55 0.108114 0.259611 
1.95 0.55 0.156546 0.284408 
2 0.55 0.199025 0.316377 
2.05 0.55 0.234065 0.353523 
2.1 0.55 0.26051 0.393974 
2.15 0.55 0.277544 0.436154 
2.2 0.55 0.284677 0.478815 
2.25 0.55 0.28173 0.520962 
2.3 0.55 0.268826 0.561711 
2.35 0.55 0.246381 0.600146 
2.4 0.55 0.215117 0.635203 
2.45 0.55 0.176062 0.665643 
2.5 0.55 0.130547 0.690113 
2.55 0.55 0.0801868 0.707303 
2.6 0.55 0.0268233 0.71616 
2.65 0.55 -0.0275489 0.716098 
2.7 0.55 -0.0808828 0.707119 
2.75 0.55 -0.131185 0.689819 
2.8 0.55 -0.176616 0.665255 
2.85 0.55 -0.215564 0.634737 
2.9 0.55 -0.246703 0.59962 
2.95 0.55 -0.269007 0.56114 
3 0.55 -0.28176 0.520357 
3.05 0.55 -0.284548 0.478189 
3.1 0.55 -0.277254 0.435521 
3.15 0.55 -0.260062 0.393353 
3.2 0.55 -0.233467 0.352937 
3.25 0.55 -0.198292 0.315858 
3.3 0.55 -0.155698 0.283993 
3.35 0.55 -0.107179 0.259338 
3.4 0.55 -0.0545233 0.243705 
3.45 0.55 0.000255172 0.238375 
3.5 0.55 0.0550227 0.243807 
3.55 0.55 0.107646 0.259533 
3.6 0.55 0.156112 0.284268 
3.65 0.55 0.198637 0.316195 
3.7 0.55 0.233727 0.353318 
3.75 0.55 0.260226 0.393761 
3.8 0.55 0.277313 0.435945 
3.85 0.55 0.284496 0.478618 
3.9 0.55 0.281595 0.520782 
3.95 0.55 0.26873 0.56155 
4 0.55 0.246319 0.600004 
4.05 0.55 0.215083 0.635081 
4.1 0.55 0.17605 0.66554 
4.15 0.55 0.130555 0.690026 
4.2 0.55 0.080212 0.70723 
4.25 0.55 0.0268674 0.716098 
4.3 0.55 -0.0274813 0.716039 
4.35 0.55 -0.0807828 0.707056 
4.4 0.55 -0.131039 0.689741 
4.45 0.55 -0.176403 0.665147 
4.5 0.55 -0.215258 0.634583 
4.55 0.55 -0.246269 0.5994 
4.6 0.55 -0.268403 0.560835 
4.65 0.55 -0.280937 0.519948 
4.7 0.55 -0.283452 0.477664 
4.75 0.55 -0.275828 0.434881 
4.8 0.55 -0.258253 0.392618 
4.85 0.55 -0.231232 0.352158 
4.9 0.55 -0.195612 0.315117 
4.95 0.55 -0.152595 0.283401 
5 0.55 -0.103745 0.259021 
0 0.6 -0.144296 0.264949 
0.05 0.6 -0.0983648 0.239476 
0.1 0.6 -0.0485858 0.223431 
0.15 0.6 0.00315886 0.218208 
0.2 0.6 0.0548421 0.224285 
0.25 0.6 0.104425 0.241099 
0.3 0.6 0.149986 0.267184 
0.35 0.6 0.189827 0.3005 
0.4 0.6 0.222545 0.338833 
0.45 0.6 0.247064 0.380119 
0.5 0.6 0.26264 0.422639 
0.55 0.6 0.268848 0.465053 
0.6 0.6 0.265559 0.506323 
0.65 0.6 0.252927 0.545581 
0.7 0.6 0.231385 0.581995 
0.75 0.6 0.201639 0.61467 
0.8 0.6 0.164676 0.642609 
0.85 0.6 0.121757 0.664763 
0.9 0.6 0.0743884 0.680137 
0.95 0.6 0.0242791 0.687946 
1 0.6 -0.0267296 0.687759 
1.05 0.6 -0.0767521 0.679586 
1.1 0.6 -0.123951 0.663876 
1.15 0.6 -0.166624 0.641426 
1.2 0.6 -0.203273 0.613235 
1.25 0.6 -0.232649 0.580352 
1.3 0.6 -0.253773 0.543767 
1.35 0.6 -0.265949 0.504368 
1.4 0.6 -0.268752 0.462988 
1.45 0.6 -0.262037 0.420497 
1.5 0.6 -0.245941 0.377946 
1.55 0.6 -0.220898 0.336697 
1.6 0.6 -0.187665 0.298493 
1.65 0.6 -0.147328 0.265419 
1.7 0.6 -0.101306 0.239702 
1.75 0.6 -0.0513132 0.22337 
1.8 0.6 0.000711651 0.217858 
1.85 0.6 0.0527078 0.223676 
1.9 0.6 0.102616 0.240286 
1.95 0.6 0.148502 0.266234 
2 0.6 0.18866 0.299479 
2.05 0.6 0.221678 0.337795 
2.1 0.6 0.246478 0.379104 
2.15 0.6 0.262315 0.421674 
2.2 0.6 0.26876 0.464151 
2.25 0.6 0.265684 0.505492 
2.3 0.6 0.253242 0.544827 
2.35 0.6 0.231864 0.581325 
2.4 0.6 0.202257 0.614092 
2.45 0.6 0.165407 0.642135 
2.5 0.6 0.122571 0.664404 
2.55 0.6 0.0752545 0.679904 
2.6 0.6 0.0251669 0.687844 
2.65 0.6 -0.0258506 0.687788 
2.7 0.6 -0.0759108 0.679737 
2.75 0.6 -0.123173 0.664135 
2.8 0.6 -0.165932 0.641774 
2.85 0.6 -0.202683 0.613654 
2.9 0.6 -0.232173 0.580822 
2.95 0.6 -0.253419 0.544271 
3 0.6 -0.265718 0.504893 
3.05 0.6 -0.268644 0.463521 
3.1 0.6 -0.262047 0.421027 
3.15 0.6 -0.24606 0.37846 
3.2 0.6 -0.221116 0.33718 
3.25 0.6 -0.187968 0.298928 
3.3 0.6 -0.1477 0.265788 
3.35 0.6 -0.10173 0.239986 
3.4 0.6 -0.0517695 0.223558 
3.45 0.6 0.000241791 0.217944 
3.5 0.6 0.0522425 0.223665 
3.55 0.6 0.102172 0.24019 
3.6 0.6 0.148091 0.266072 
3.65 0.6 0.188292 0.299274 
3.7 0.6 0.221359 0.337567 
3.75 0.6 0.246211 0.37887 
3.8 0.6 0.262097 0.421446 
3.85 0.6 0.268589 0.463939 
3.9 0.6 0.265556 0.505299 
3.95 0.6 0.25315 0.544655 
4 0.6 0.231802 0.581174 
4.05 0.6 0.202219 0.61396 
4.1 0.6 0.165388 0.64202 
4.15 0.6 0.122567 0.664303 
4.2 0.6 0.0752648 0.679812 
4.25 0.6 0.0251926 0.687754 
4.3 0.6 -0.0258045 0.68769 
4.35 0.6 -0.0758347 0.679621 
4.4 0.6 -0.123052 0.663987 
4.45 0.6 -0.165744 0.641578 
4.5 0.6 -0.2024 0.613388 
4.55 0.6 -0.231758 0.580465 
4.6 0.6 -0.252827 0.5438 
4.65 0.6 -0.264897 0.504289 
4.7 0.6 -0.267536 0.462771 
4.75 0.6 -0.260593 0.420134 
4.8 0.6 -0.244205 0.377451 
4.85 0.6 -0.218818 0.336116 
4.9 0.6 -0.185211 0.29791 
4.95 0.6 -0.144514 0.264949 
5 0.6 -0.0982162 0.239476 
0 0.65 -0.130935 0.244362 
0.05 0.65 -0.089244 0.218643 
0.1 0.65 -0.0440132 0.20242 
0.15 0.65 0.00302428 0.197164 
0.2 0.65 0.0499976 0.203373 
0.25 0.65 0.0950257 0.220449 
0.3 0.65 0.136341 0.246836 
0.35 0.65 0.17239 0.280382 
0.4 0.65 0.201901 0.318756 
0.45 0.65 0.223912 0.359798 
0.5 0.65 0.237774 0.401713 
0.55 0.65 0.243131 0.443108 
0.6 0.65 0.239902 0.482922 
0.65 0.65 0.228258 0.520308 
0.7 0.65 0.208618 0.55451 
0.75 0.65 0.181645 0.584772 
0.8 0.65 0.14824 0.61031 
0.85 0.65 0.109542 0.630329 
0.9 0.65 0.0668987 0.6441 
0.95 0.65 0.0218292 0.651057 
1 0.65 -0.0240358 0.65089 
1.05 0.65 -0.0690285 0.643608 
1.1 0.65 -0.111521 0.62953 
1.15 0.65 -0.150001 0.609232 
1.2 0.65 -0.183126 0.583447 
1.25 0.65 -0.209767 0.552969 
1.3 0.65 -0.22903 0.51858 
1.35 0.65 -0.240259 0.481031 
1.4 0.65 -0.243044 0.441081 
1.45 0.65 -0.237218 0.399583 
1.5 0.65 -0.222871 0.357615 
1.55 0.65 -0.200367 0.31659 
1.6 0.65 -0.170366 0.278334 
1.65 0.65 -0.133842 0.245033 
1.7 0.65 -0.0920822 0.219031 
1.75 0.65 -0.0466566 0.202472 
1.8 0.65 0.000647135 0.196875 
1.85 0.65 0.0479244 0.202782 
1.9 0.65 0.093272 0.219622 
1.95 0.65 0.134907 0.245855 
2 0.65 0.171266 0.279323 
2.05 0.65 0.20107 0.317685 
2.1 0.65 0.223353 0.358761 
2.15 0.65 0.237463 0.400737 
2.2 0.65 0.243044 0.442209 
2.25 0.65 0.240014 0.482108 
2.3 0.65 0.228545 0.519582 
2.35 0.65 0.209055 0.553875 
2.4 0.65 0.182207 0.584234 
2.45 0.65 0.148902 0.609875 
2.5 0.65 0.110277 0.630004 
2.55 0.65 0.0676793 0.64389 
2.6 0.65 0.0226281 0.650964 
2.65 0.65 -0.0232457 0.650912 
2.7 0.65 -0.0682726 0.643739 
2.75 0.65 -0.110823 0.629758 
2.8 0.65 -0.149378 0.609543 
2.85 0.65 -0.182595 0.583825 
2.9 0.65 -0.209338 0.553398 
2.95 0.65 -0.22871 0.519047 
3 0.65 -0.240051 0.481524 
3.05 0.65 -0.242946 0.441588 
3.1 0.65 -0.237226 0.400093 
3.15 0.65 -0.222979 0.358113 
3.2 0.65 -0.200565 0.317061 
3.25 0.65 -0.170642 0.27876 
3.3 0.65 -0.134181 0.245394 
3.35 0.65 -0.0924678 0.219308 
3.4 0.65 -0.047072 0.202651 
3.45 0.65 0.000219578 0.196951 
3.5 0.65 0.0475014 0.202759 
3.55 0.65 0.0928683 0.219513 
3.6 0.65 0.134535 0.245679 
3.65 0.65 0.170934 0.279105 
3.7 0.65 0.200783 0.317444 
3.75 0.65 0.223113 0.358515 
3.8 0.65 0.237268 0.4005 
3.85 0.65 0.242892 0.441987 
3.9 0.65 0.239898 0.481906 
3.95 0.65 0.228461 0.519402 
4 0.65 0.208996 0.553716 
4.05 0.65 0.182168 0.584094 
4.1 0.65 0.148878 0.609749 
4.15 0.65 0.110264 0.629888 
4.2 0.65 0.0676761 0.643777 
4.25 0.65 0.0226362 0.650845 
4.3 0.65 -0.0232214 0.650778 
4.35 0.65 -0.0682226 0.643574 
4.4 0.65 -0.110732 0.629547 
4.45 0.65 -0.149226 0.609265 
4.5 0.65 -0.182352 0.58346 
4.55 0.65 -0.208968 0.552922 
4.6 0.65 -0.228168 0.518435 
4.65 0.65 -0.239285 0.480756 
4.7 0.65 -0.2419 0.440652 
4.75 0.65 -0.235843 0.398995 
4.8 0.65 -0.221206 0.356886 
4.85 0.65 -0.198363 0.315775 
4.9 0.65 -0.168 0.277526 
4.95 0.65 -0.131131 0.244362 
5 0.65 -0.0891105 0.218643 
0 0.7 -0.112952 0.220478 
0.05 0.7 -0.076988 0.195607 
0.1 0.7 -0.0379296 0.17991 
0.15 0.7 0.00270538 0.174844 
0.2 0.7 0.0432767 0.180902 
0.25 0.7 0.0821369 0.197481 
0.3 0.7 0.117742 0.223037 
0.35 0.7 0.148744 0.255435 
0.4 0.7 0.174048 0.292368 
0.45 0.7 0.192837 0.331702 
0.5 0.7 0.204574 0.371664 
0.55 0.7 0.208977 0.410876 
0.6 0.7 0.206002 0.448298 
0.65 0.7 0.195823 0.483116 
0.7 0.7 0.178822 0.514644 
0.75 0.7 0.155583 0.542241 
0.8 0.7 0.12689 0.565288 
0.85 0.7 0.0937182 0.583187 
0.9 0.7 0.0572147 0.595409 
0.95 0.7 0.0186653 0.601555 
1 0.7 -0.0205546 0.601408 
1.05 0.7 -0.0590393 0.594973 
1.1 0.7 -0.0954159 0.582475 
1.15 0.7 -0.128403 0.564319 
1.2 0.7 -0.156859 0.541036 
1.25 0.7 -0.179815 0.513224 
1.3 0.7 -0.196493 0.481504 
1.35 0.7 -0.206314 0.446514 
1.4 0.7 -0.208904 0.408944 
1.45 0.7 -0.204092 0.369615 
1.5 0.7 -0.191929 0.329586 
1.55 0.7 -0.172702 0.290257 
1.6 0.7 -0.14696 0.253432 
1.65 0.7 -0.115531 0.221273 
1.7 0.7 -0.0795247 0.196101 
1.75 0.7 -0.0403066 0.180045 
1.8 0.7 0.000559207 0.174613 
1.85 0.7 0.0414018 0.180346 
1.9 0.7 0.0805516 0.196674 
1.95 0.7 0.116449 0.222067 
2 0.7 0.147734 0.254386 
2.05 0.7 0.173304 0.291309 
2.1 0.7 0.19234 0.330682 
2.15 0.7 0.204298 0.370712 
2.2 0.7 0.2089 0.410009 
2.25 0.7 0.206099 0.447521 
2.3 0.7 0.196073 0.482433 
2.35 0.7 0.179201 0.514055 
2.4 0.7 0.156069 0.54175 
2.45 0.7 0.12746 0.564896 
2.5 0.7 0.0943494 0.582897 
2.55 0.7 0.0578837 0.595223 
2.6 0.7 0.0193488 0.601472 
2.65 0.7 -0.0198795 0.601426 
2.7 0.7 -0.058394 0.595087 
2.75 0.7 -0.0948194 0.582675 
2.8 0.7 -0.127872 0.564593 
2.85 0.7 -0.156405 0.541373 
2.9 0.7 -0.179448 0.513612 
2.95 0.7 -0.196219 0.481931 
3 0.7 -0.206136 0.446968 
3.05 0.7 -0.20882 0.409415 
3.1 0.7 -0.2041 0.370092 
3.15 0.7 -0.192022 0.330055 
3.2 0.7 -0.172873 0.290702 
3.25 0.7 -0.147198 0.253835 
3.3 0.7 -0.115824 0.221615 
3.35 0.7 -0.0798582 0.196363 
3.4 0.7 -0.0406659 0.180212 
3.45 0.7 0.00018962 0.17468 
3.5 0.7 0.0410365 0.180315 
3.55 0.7 0.0802036 0.19656 
3.6 0.7 0.116129 0.221889 
3.65 0.7 0.147449 0.254166 
3.7 0.7 0.173059 0.291067 
3.75 0.7 0.192135 0.330437 
3.8 0.7 0.204133 0.370475 
3.85 0.7 0.20877 0.409788 
3.9 0.7 0.206001 0.44732 
3.95 0.7 0.196 0.482252 
4 0.7 0.179149 0.513894 
4.05 0.7 0.156032 0.541605 
4.1 0.7 0.127434 0.564763 
4.15 0.7 0.0943301 0.582769 
4.2 0.7 0.0578703 0.595094 
4.25 0.7 0.0193423 0.601331 
4.3 0.7 -0.0198744 0.601262 
4.35 0.7 -0.0583687 0.594884 
4.4 0.7 -0.0947603 0.582415 
4.45 0.7 -0.127759 0.564256 
4.5 0.7 -0.156213 0.540937 
4.55 0.7 -0.179142 0.513052 
4.6 0.7 -0.195758 0.481224 
4.65 0.7 -0.205473 0.446094 
4.7 0.7 -0.207903 0.408365 
4.75 0.7 -0.202877 0.368874 
4.8 0.7 -0.190447 0.328705 
4.85 0.7 -0.170913 0.289295 
4.9 0.7 -0.144847 0.252487 
4.95 0.7 -0.113114 0.220478 
5 0.7 -0.0768775 0.195607 
0 0.75 -0.0913901 0.192614 
0.05 0.75 -0.0623001 0.169819 
0.1 0.75 -0.0306751 0.155436 
0.15 0.75 0.00223642 0.15081 
0.2 0.75 0.0350877 0.156393 
0.25 0.75 0.066528 0.171625 
0.3 0.75 0.0952953 0.195071 
0.35 0.75 0.120293 0.224753 
0.4 0.75 0.14064 0.258536 
0.45 0.75 0.155687 0.294442 
0.5 0.75 0.165014 0.330824 
0.55 0.75 0.168416 0.366396 
0.6 0.75 0.165876 0.400188 
0.65 0.75 0.157553 0.431451 
0.7 0.75 0.143768 0.459571 
0.75 0.75 0.125004 0.484009 
0.8 0.75 0.101895 0.50427 
0.85 0.75 0.0752256 0.519902 
0.9 0.75 0.0459116 0.530521 
0.95 0.75 0.0149752 0.535841 
1 0.75 -0.0164927 0.535714 
1.05 0.75 -0.0473779 0.530143 
1.1 0.75 -0.0765915 0.519282 
1.15 0.75 -0.103114 0.50342 
1.2 0.75 -0.126035 0.482943 
1.25 0.75 -0.144573 0.458305 
1.3 0.75 -0.158099 0.430001 
1.35 0.75 -0.166134 0.39857 
1.4 0.75 -0.168362 0.364632 
1.45 0.75 -0.164627 0.328943 
1.5 0.75 -0.154949 0.292492 
1.55 0.75 -0.139541 0.256584 
1.6 0.75 -0.118831 0.222898 
1.65 0.75 -0.0934765 0.193438 
1.7 0.75 -0.0643745 0.170354 
1.75 0.75 -0.0326376 0.155619 
1.8 0.75 0.000452996 0.150633 
1.85 0.75 0.0335245 0.155896 
1.9 0.75 0.0652054 0.17088 
1.95 0.75 0.094218 0.194166 
2 0.75 0.119455 0.223771 
2.05 0.75 0.140026 0.257545 
2.1 0.75 0.155278 0.293491 
2.15 0.75 0.16479 0.329941 
2.2 0.75 0.168356 0.365597 
2.25 0.75 0.165958 0.399479 
2.3 0.75 0.157758 0.430833 
2.35 0.75 0.144078 0.459044 
2.4 0.75 0.125398 0.483574 
2.45 0.75 0.102356 0.503926 
2.5 0.75 0.0757344 0.51965 
2.55 0.75 0.0464495 0.53036 
2.6 0.75 0.0155237 0.535771 
2.65 0.75 -0.0159517 0.535731 
2.7 0.75 -0.0468613 0.530241 
2.75 0.75 -0.0761143 0.519455 
2.8 0.75 -0.102689 0.503658 
2.85 0.75 -0.125672 0.483238 
2.9 0.75 -0.14428 0.458646 
2.95 0.75 -0.15788 0.430379 
3 0.75 -0.165992 0.398976 
3.05 0.75 -0.168296 0.365054 
3.1 0.75 -0.164634 0.329372 
3.15 0.75 -0.155025 0.292915 
3.2 0.75 -0.13968 0.256987 
3.25 0.75 -0.119024 0.223263 
3.3 0.75 -0.093714 0.193747 
3.35 0.75 -0.064645 0.17059 
3.4 0.75 -0.0329289 0.155768 
3.45 0.75 0.000153616 0.15069 
3.5 0.75 0.0332291 0.155863 
3.55 0.75 0.0649246 0.17077 
3.6 0.75 0.0939604 0.193997 
3.65 0.75 0.119226 0.223564 
3.7 0.75 0.13983 0.257319 
3.75 0.75 0.155115 0.29326 
3.8 0.75 0.164659 0.329717 
3.85 0.75 0.168253 0.365388 
3.9 0.75 0.165881 0.399287 
3.95 0.75 0.157701 0.43066 
4 0.75 0.144035 0.458889 
4.05 0.75 0.125367 0.483432 
4.1 0.75 0.102331 0.503793 
4.15 0.75 0.0757128 0.51952 
4.2 0.75 0.0464303 0.530224 
4.25 0.75 0.0155077 0.535619 
4.3 0.75 -0.0159608 0.535551 
4.35 0.75 -0.0468563 0.530018 
4.4 0.75 -0.0760837 0.519171 
4.45 0.75 -0.102617 0.503294 
4.5 0.75 -0.125534 0.482772 
4.55 0.75 -0.144049 0.458056 
4.6 0.75 -0.157521 0.429641 
4.65 0.75 -0.165464 0.398075 
4.7 0.75 -0.167556 0.363983 
4.75 0.75 -0.163639 0.328142 
4.8 0.75 -0.153738 0.291563 
4.85 0.75 -0.138077 0.255586 
4.9 0.75 -0.117103 0.221925 
4.95 0.75 -0.0915062 0.192614 
5 0.75 -0.0622207 0.169819 
0 0.8 -0.067725 0.160551 
0.05 0.8 -0.0461758 0.14104 
0.1 0.8 -0.0227299 0.128739 
0.15 0.8 0.00167142 0.124793 
0.2 0.8 0.0260181 0.129586 
0.25 0.8 0.049299 0.142635 
0.3 0.8 0.0705716 0.162713 
0.35 0.8 0.0890216 0.188126 
0.4 0.8 0.103999 0.217043 
0.45 0.8 0.115033 0.247763 
0.5 0.8 0.121826 0.278861 
0.55 0.8 0.124239 0.309221 
0.6 0.8 0.122273 0.337995 
0.65 0.8 0.116057 0.364533 
0.7 0.8 0.105838 0.388311 
0.75 0.8 0.0919756 0.408887 
0.8 0.8 0.0749398 0.42587 
0.85 0.8 0.0553069 0.438919 
0.9 0.8 0.0337471 0.447754 
0.95 0.8 0.0110059 0.452171 
1 0.8 -0.0121222 0.452066 
1.05 0.8 -0.0348262 0.44744 
1.1 0.8 -0.0563131 0.438402 
1.15 0.8 -0.0758395 0.425158 
1.2 0.8 -0.0927379 0.40799 
1.25 0.8 -0.106436 0.38724 
1.3 0.8 -0.116465 0.363299 
1.35 0.8 -0.12247 0.336613 
1.4 0.8 -0.124205 0.307708 
1.45 0.8 -0.121544 0.277243 
1.5 0.8 -0.11449 0.246081 
1.55 0.8 -0.103184 0.215358 
1.6 0.8 -0.0879321 0.186525 
1.65 0.8 -0.0692124 0.161306 
1.7 0.8 -0.0476867 0.141546 
1.75 0.8 -0.024184 0.128934 
1.8 0.8 0.00033585 0.124666 
1.85 0.8 0.0248414 0.12917 
1.9 0.8 0.0483021 0.141996 
1.95 0.8 0.0697609 0.161929 
2 0.8 0.0883927 0.187272 
2.05 0.8 0.103541 0.216181 
2.1 0.8 0.114731 0.246936 
2.15 0.8 0.121663 0.278095 
2.2 0.8 0.124198 0.30853 
2.25 0.8 0.122338 0.337386 
2.3 0.8 0.116213 0.364005 
2.35 0.8 0.10607 0.387865 
2.4 0.8 0.0922691 0.408521 
2.45 0.8 0.0752813 0.425583 
2.5 0.8 0.0556826 0.43871 
2.55 0.8 0.0341432 0.447622 
2.6 0.8 0.011409 0.452114 
2.65 0.8 -0.0117252 0.452081 
2.7 0.8 -0.0344477 0.447522 
2.75 0.8 -0.0559638 0.438546 
2.8 0.8 -0.0755287 0.425357 
2.85 0.8 -0.092473 0.408236 
2.9 0.8 -0.106222 0.387526 
2.95 0.8 -0.116306 0.363618 
3 0.8 -0.122367 0.336955 
3.05 0.8 -0.124157 0.308065 
3.1 0.8 -0.121551 0.277607 
3.15 0.8 -0.114547 0.24644 
3.2 0.8 -0.103288 0.2157 
3.25 0.8 -0.0880759 0.186834 
3.3 0.8 -0.0693891 0.161568 
3.35 0.8 -0.0478877 0.141745 
3.4 0.8 -0.0244002 0.129059 
3.45 0.8 0.000113981 0.124712 
3.5 0.8 0.0246229 0.12914 
3.55 0.8 0.0480949 0.141899 
3.6 0.8 0.0695715 0.161782 
3.65 0.8 0.0882254 0.187091 
3.7 0.8 0.103398 0.215983 
3.75 0.8 0.114613 0.246734 
3.8 0.8 0.121569 0.2779 
3.85 0.8 0.124125 0.308347 
3.9 0.8 0.122283 0.337217 
3.95 0.8 0.116172 0.363852 
4 0.8 0.106039 0.387725 
4.05 0.8 0.0922448 0.408392 
4.1 0.8 0.0752604 0.42546 
4.15 0.8 0.0556627 0.438587 
4.2 0.8 0.0341233 0.447491 
4.25 0.8 0.0113894 0.451967 
4.3 0.8 -0.0117418 0.451905 
4.35 0.8 -0.0344559 0.447304 
4.4 0.8 -0.055955 0.438271 
4.45 0.8 -0.07549 0.425006 
4.5 0.8 -0.0923874 0.407791 
4.55 0.8 -0.106067 0.386967 
4.6 0.8 -0.116056 0.362926 
4.65 0.8 -0.121989 0.336118 
4.7 0.8 -0.12362 0.307078 
4.75 0.8 -0.120822 0.276482 
4.8 0.8 -0.1136 0.245214 
4.85 0.8 -0.102108 0.214439 
4.9 0.8 -0.0866681 0.185635 
4.95 0.8 -0.0677832 0.160551 
5 0.8 -0.0461357 0.14104 
0 0.85 -0.0439229 0.124509 
0.05 0.85 -0.0299444 0.109286 
0.1 0.85 -0.0147368 0.0997038 
0.15 0.85 0.00108083 0.0966383 
0.2 0.85 0.0168517 0.100379 
0.25 0.85 0.0319174 0.110553 
0.3 0.85 0.0456644 0.126214 
0.35 0.85 0.0575645 0.146051 
0.4 0.85 0.0672003 0.168643 
0.45 0.85 0.0742734 0.19266 
0.5 0.85 0.0785998 0.21698 
0.55 0.85 0.0800987 0.240716 
0.6 0.85 0.0787794 0.263194 
0.65 0.85 0.074731 0.283894 
0.7 0.85 0.0681165 0.302403 
0.75 0.85 0.05917 0.318382 
0.8 0.85 0.0481947 0.331537 
0.85 0.85 0.0355598 0.341621 
0.9 0.85 0.0216943 0.348435 
0.95 0.85 0.00707451 0.351838 
1 0.85 -0.00779238 0.351757 
1.05 0.85 -0.0223887 0.348193 
1.1 0.85 -0.0362078 0.341222 
1.15 0.85 -0.0487749 0.330986 
1.2 0.85 -0.0596629 0.317685 
1.25 0.85 -0.0685043 0.301569 
1.3 0.85 -0.0749977 0.28293 
1.35 0.85 -0.0789107 0.262111 
1.4 0.85 -0.0800817 0.239529 
1.45 0.85 -0.0784227 0.215708 
1.5 0.85 -0.0739264 0.191338 
1.55 0.85 -0.0666762 0.167319 
1.6 0.85 -0.0568601 0.144795 
1.65 0.85 -0.0447825 0.125113 
1.7 0.85 -0.0308693 0.109705 
1.75 0.85 -0.0156598 0.0998784 
1.8 0.85 0.00021762 0.0965546 
1.85 0.85 0.0160856 0.100063 
1.9 0.85 0.0312676 0.110056 
1.95 0.85 0.0451371 0.125599 
2 0.85 0.0571574 0.145378 
2.05 0.85 0.0669059 0.167962 
2.1 0.85 0.0740813 0.192006 
2.15 0.85 0.0784986 0.216375 
2.2 0.85 0.0800768 0.240172 
2.25 0.85 0.0788256 0.262715 
2.3 0.85 0.0748351 0.28348 
2.35 0.85 0.0682688 0.302055 
2.4 0.85 0.0593613 0.318098 
2.45 0.85 0.048416 0.331315 
2.5 0.85 0.0358024 0.341461 
2.55 0.85 0.0219494 0.348335 
2.6 0.85 0.00733347 0.351795 
2.65 0.85 -0.00753781 0.351769 
2.7 0.85 -0.0221462 0.348257 
2.75 0.85 -0.0359844 0.341333 
2.8 0.85 -0.0485764 0.33114 
2.85 0.85 -0.0594939 0.317876 
2.9 0.85 -0.0683683 0.301791 
2.95 0.85 -0.0748967 0.283177 
3 0.85 -0.0788457 0.262377 
3.05 0.85 -0.0800525 0.239807 
3.1 0.85 -0.0784282 0.215992 
3.15 0.85 -0.0739645 0.191618 
3.2 0.85 -0.0667441 0.167586 
3.25 0.85 -0.0569538 0.145036 
3.3 0.85 -0.0448974 0.125316 
3.35 0.85 -0.0309999 0.10986 
3.4 0.85 -0.0158 0.0999753 
3.45 0.85 7.3968e-05 0.0965898 
3.5 0.85 0.0159445 0.100038 
3.55 0.85 0.0311342 0.10998 
3.6 0.85 0.0450156 0.125483 
3.65 0.85 0.0570506 0.145236 
3.7 0.85 0.0668153 0.167806 
3.75 0.85 0.0740069 0.191847 
3.8 0.85 0.0784396 0.216219 
3.85 0.85 0.0800314 0.240026 
3.9 0.85 0.0787916 0.26258 
3.95 0.85 0.0748098 0.283357 
4 0.85 0.0682495 0.301942 
4.05 0.85 0.0593455 0.317992 
4.1 0.85 0.0484015 0.331213 
4.15 0.85 0.0357875 0.341357 
4.2 0.85 0.0219331 0.348223 
4.25 0.85 0.00731604 0.351669 
4.3 0.85 -0.00755481 0.351618 
4.35 0.85 -0.0221594 0.348071 
4.4 0.85 -0.0359882 0.341099 
4.45 0.85 -0.0485624 0.330842 
4.5 0.85 -0.0594509 0.317501 
4.55 0.85 -0.0682815 0.301323 
4.6 0.85 -0.0747483 0.282602 
4.65 0.85 -0.0786151 0.261686 
4.7 0.85 -0.0797176 0.238998 
4.75 0.85 -0.077968 0.215076 
4.8 0.85 -0.0733631 0.190628 
4.85 0.85 -0.0659961 0.166576 
4.9 0.85 -0.056071 0.144083 
4.95 0.85 -0.0439114 0.124509 
5 0.85 -0.0299519 0.109286 
0 0.9 -0.0225082 0.0850949 
0.05 0.9 -0.0153156 0.0748108 
0.1 0.9 -0.00752926 0.0683551 
0.15 0.9 0.000546458 0.0662949 
0.2 0.9 0.00858692 0.0688168 
0.25 0.9 0.0162587 0.0756745 
0.3 0.9 0.0232483 0.0862421 
0.35 0.9 0.0292866 0.0996498 
0.4 0.9 0.0341629 0.114946 
0.45 0.9 0.0377293 0.131234 
0.5 0.9 0.039897 0.147748 
0.55 0.9 0.0406299 0.163877 
0.6 0.9 0.0399366 0.179152 
0.65 0.9 0.0378654 0.193213 
0.7 0.9 0.0345001 0.205775 
0.75 0.9 0.0299597 0.216607 
0.8 0.9 0.0243971 0.225513 
0.85 0.9 0.0179983 0.232331 
0.9 0.9 0.0109794 0.236933 
0.95 0.9 0.00358021 0.23923 
1 0.9 -0.00394355 0.239175 
1.05 0.9 -0.0113309 0.23677 
1.1 0.9 -0.0183267 0.232061 
1.15 0.9 -0.0246915 0.225139 
1.2 0.9 -0.0302104 0.216134 
1.25 0.9 -0.0346982 0.205208 
1.3 0.9 -0.0380029 0.192557 
1.35 0.9 -0.0400061 0.178415 
1.4 0.9 -0.0406246 0.163067 
1.45 0.9 -0.0398108 0.146881 
1.5 0.9 -0.0375567 0.130334 
1.55 0.9 -0.0338998 0.114047 
1.6 0.9 -0.0289308 0.0987985 
1.65 0.9 -0.0228008 0.0854986 
1.7 0.9 -0.0157252 0.0751053 
1.75 0.9 -0.00797992 0.0684852 
1.8 0.9 0.000110983 0.0662477 
1.85 0.9 0.00819703 0.0686092 
1.9 0.9 0.0159281 0.0753417 
1.95 0.9 0.0229812 0.0858266 
2 0.9 0.0290818 0.0991931 
2.05 0.9 0.0340162 0.114483 
2.1 0.9 0.037635 0.130788 
2.15 0.9 0.0398489 0.147334 
2.2 0.9 0.0406218 0.163505 
2.25 0.9 0.0399628 0.178825 
2.3 0.9 0.0379204 0.192931 
2.35 0.9 0.0345791 0.205539 
2.4 0.9 0.0300578 0.216414 
2.45 0.9 0.02451 0.225363 
2.5 0.9 0.0181216 0.232223 
2.55 0.9 0.0111086 0.236866 
2.6 0.9 0.00371114 0.239201 
2.65 0.9 -0.00381508 0.239184 
2.7 0.9 -0.0112088 0.236813 
2.75 0.9 -0.0182143 0.232136 
2.8 0.9 -0.0245919 0.225243 
2.85 0.9 -0.0301258 0.216263 
2.9 0.9 -0.0346303 0.205359 
2.95 0.9 -0.0379526 0.192725 
3 0.9 -0.0399741 0.178595 
3.05 0.9 -0.0406106 0.163257 
3.1 0.9 -0.0398143 0.147074 
3.15 0.9 -0.0375767 0.130524 
3.2 0.9 -0.0339349 0.114228 
3.25 0.9 -0.028979 0.0989618 
3.3 0.9 -0.0228597 0.0856363 
3.35 0.9 -0.0157919 0.0752098 
3.4 0.9 -0.00805149 0.0685507 
3.45 0.9 3.78079e-05 0.0662716 
3.5 0.9 0.00812533 0.068593 
3.55 0.9 0.0158606 0.0752906 
3.6 0.9 0.02292 0.0857485 
3.65 0.9 0.0290283 0.0990967 
3.7 0.9 0.0339712 0.114377 
3.75 0.9 0.0375984 0.130679 
3.8 0.9 0.0398202 0.147228 
3.85 0.9 0.0406 0.163404 
3.9 0.9 0.0399467 0.178731 
3.95 0.9 0.0379085 0.192845 
4 0.9 0.0345699 0.205459 
4.05 0.9 0.0300501 0.216339 
4.1 0.9 0.0245024 0.22529 
4.15 0.9 0.0181132 0.232148 
4.2 0.9 0.0110989 0.236785 
4.25 0.9 0.00370005 0.23911 
4.3 0.9 -0.00382683 0.239075 
4.35 0.9 -0.0112196 0.236679 
4.4 0.9 -0.0182213 0.231968 
4.45 0.9 -0.0245909 0.225031 
4.5 0.9 -0.0301111 0.215996 
4.55 0.9 -0.0345942 0.205027 
4.6 0.9 -0.0378859 0.19232 
4.65 0.9 -0.0398658 0.17811 
4.7 0.9 -0.0404492 0.162692 
4.75 0.9 -0.0395888 0.14644 
4.8 0.9 -0.0372797 0.129844 
4.85 0.9 -0.0335665 0.11354 
4.9 0.9 -0.0285541 0.0983195 
4.95 0.9 -0.0224152 0.0850949 
5 0.9 -0.0153788 0.0748108 
0 0.95 -0.00664953 0.0432173 
0.05 0.95 -0.00443996 0.0381052 
0.1 0.95 -0.00216838 0.0349126 
0.15 0.95 0.000155719 0.0338961 
0.2 0.95 0.00246197 0.035144 
0.25 0.95 0.0046591 0.0385382 
0.3 0.95 0.0066572 0.0437772 
0.35 0.95 0.00837902 0.050439 
0.4 0.95 0.00976495 0.0580578 
0.45 0.95 0.0107742 0.066189 
0.5 0.95 0.0113832 0.0744489 
0.55 0.95 0.0115835 0.0825281 
0.6 0.95 0.0113789 0.0901865 
0.65 0.95 0.0107838 0.0972386 
0.7 0.95 0.00982223 0.103539 
0.75 0.95 0.00852785 0.10897 
0.8 0.95 0.00694373 0.113433 
0.85 0.95 0.00512232 0.116848 
0.9 0.95 0.00312469 0.119152 
0.95 0.95 0.00101893 0.120302 
1 0.95 -0.00112229 0.120274 
1.05 0.95 -0.00322472 0.11907 
1.1 0.95 -0.00521582 0.116712 
1.15 0.95 -0.00702769 0.113245 
1.2 0.95 -0.00859954 0.108732 
1.25 0.95 -0.00987917 0.103254 
1.3 0.95 -0.0108237 0.096909 
1.35 0.95 -0.0113998 0.0898158 
1.4 0.95 -0.0115834 0.0821216 
1.45 0.95 -0.0113603 0.0740145 
1.5 0.95 -0.0107267 0.0657386 
1.55 0.95 -0.00969159 0.0576091 
1.6 0.95 -0.00827893 0.0500158 
1.65 0.95 -0.00653043 0.0434091 
1.7 0.95 -0.00450701 0.0382579 
1.75 0.95 -0.00228815 0.0349825 
1.8 0.95 3.18536e-05 0.0338764 
1.85 0.95 0.00235044 0.0350438 
1.9 0.95 0.00456515 0.0383749 
1.95 0.95 0.00658202 0.0435719 
2 0.95 0.00832201 0.050212 
2.05 0.95 0.00972471 0.0578262 
2.1 0.95 0.0107489 0.0659653 
2.15 0.95 0.011371 0.0742411 
2.2 0.95 0.0115826 0.0823407 
2.25 0.95 0.0113874 0.0900214 
2.3 0.95 0.0108003 0.0970965 
2.35 0.95 0.00984532 0.10342 
2.4 0.95 0.00855623 0.108872 
2.45 0.95 0.00697614 0.113357 
2.5 0.95 0.00515754 0.116793 
2.55 0.95 0.00316151 0.119118 
2.6 0.95 0.00105613 0.120287 
2.65 0.95 -0.00108586 0.120278 
2.7 0.95 -0.00319017 0.119092 
2.75 0.95 -0.0051841 0.11675 
2.8 0.95 -0.00699963 0.113297 
2.85 0.95 -0.00857578 0.108797 
2.9 0.95 -0.00986017 0.103329 
2.95 0.95 -0.0108098 0.096993 
3 0.95 -0.011391 0.0899063 
3.05 0.95 -0.0115797 0.0822164 
3.1 0.95 -0.0113615 0.0741108 
3.15 0.95 -0.0107326 0.0658336 
3.2 0.95 -0.0097018 0.0576992 
3.25 0.95 -0.00829286 0.0500972 
3.3 0.95 -0.0065474 0.0434777 
3.35 0.95 -0.00452623 0.03831 
3.4 0.95 -0.00230871 0.0350152 
3.45 0.95 1.0886e-05 0.0338886 
3.5 0.95 0.00232997 0.0350361 
3.55 0.95 0.00454597 0.0383499 
3.6 0.95 0.00656474 0.0435333 
3.65 0.95 0.00830705 0.0501642 
3.7 0.95 0.00971224 0.0577733 
3.75 0.95 0.0107389 0.0659108 
3.8 0.95 0.0113633 0.0741877 
3.85 0.95 0.0115768 0.08229 
3.9 0.95 0.0113833 0.0899742 
3.95 0.95 0.0107973 0.0970528 
4 0.95 0.00984301 0.103379 
4.05 0.95 0.0085542 0.108834 
4.1 0.95 0.00697402 0.11332 
4.15 0.95 0.00515503 0.116755 
4.2 0.95 0.00315841 0.119076 
4.25 0.95 0.0010524 0.120239 
4.3 0.95 -0.00109008 0.120221 
4.35 0.95 -0.00319445 0.119022 
4.4 0.95 -0.00518769 0.116663 
4.45 0.95 -0.00700138 0.113188 
4.5 0.95 -0.00857403 0.10866 
4.55 0.95 -0.00985274 0.103159 
4.6 0.95 -0.0107939 0.0967859 
4.65 0.95 -0.0113635 0.0896596 
4.7 0.95 -0.0115371 0.0819306 
4.75 0.95 -0.0113004 0.0737916 
4.8 0.95 -0.0106507 0.0654935 
4.85 0.95 -0.00960018 0.0573587 
4.9 0.95 -0.00818204 0.0497835 
4.95 0.95 -0.0064633 0.0432173 
5 0.95 -0.00456744 0.0381052 
0 1 0 0 
0.05 1 0 0 
0.1 1 0 0 
0.15 1 0 0 
0.2 1 0 0 
0.25 1 0 0 
0.3 1 0 0 
0.35 1 0 0 
0.4 1 0 0 
0.45 1 0 0 
0.5 1 0 0 
0.55 1 0 0 
0.6 1 0 0 
0.65 1 0 0 
0.7 1 0 0 
0.75 1 0 0 
0.8 1 0 0 
0.85 1 0 0 
0.9 1 0 0 
0.95 1 0 0 
1 1 0 0 
1.05 1 0 0 
1.1 1 0 0 
1.15 1 0 0 
1.2 1 0 0 
1.25 1 0 0 
1.3 1 0 0 
1.35 1 0 0 
1.4 1 0 0 
1.45 1 0 0 
1.5 1 0 0 
1.55 1 0 0 
1.6 1 0 0 
1.65 1 0 0 
1.7 1 0 0 
1.75 1 0 0 
1.8 1 0 0 
1.85 1 0 0 
1.9 1 0 0 
1.95 1 0 0 
2 1 0 0 
2.05 1 0 0 
2.1 1 0 0 
2.15 1 0 0 
2.2 1 0 0 
2.25 1 0 0 
2.3 1 0 0 
2.35 1 0 0 
2.4 1 0 0 
2.45 1 0 0 
2.5 1 0 0 
2.55 1 0 0 
2.6 1 0 0 
2.65 1 0 0 
2.7 1 0 0 
2.75 1 0 0 
2.8 1 0 0 
2.85 1 0 0 
2.9 1 0 0 
2.95 1 0 0 
3 1 0 0 
3.05 1 0 0 
3.1 1 0 0 
3.15 1 0 0 
3.2 1 0 0 
3.25 1 0 0 
3.3 1 0 0 
3.35 1 0 0 
3.4 1 0 0 
3.45 1 0 0 
3.5 1 0 0 
3.55 1 0 0 
3.6 1 0 0 
3.65 1 0 0 
3.7 1 0 0 
3.75 1 0 0 
3.8 1 0 0 
3.85 1 0 0 
3.9 1 0 0 
3.95 1 0 0 
4 1 0 0 
4.05 1 0 0 
4.1 1 0 0 
4.15 1 0 0 
4.2 1 0 0 
4.25 1 0 0 
4.3 1 0 0 
4.35 1 0 0 
4.4 1 0 0 
4.45 1 0 0 
4.5 1 0 0 
4.55 1 0 0 
4.6 1 0 0 
4.65 1 0 0 
4.7 1 0 0 
4.75 1 0 0 
4.8 1 0 0 
4.85 1 0 0 
4.9 1 0 0 
4.95 1 0 0 
5 1 0 0 
