x, y, ksi, T
#iter= 1310000
0 0 0 1 
0.05 0 0 1 
0.1 0 0 1 
0.15 0 0 1 
0.2 0 0 1 
0.25 0 0 1 
0.3 0 0 1 
0.35 0 0 1 
0.4 0 0 1 
0.45 0 0 1 
0.5 0 0 1 
0.55 0 0 1 
0.6 0 0 1 
0.65 0 0 1 
0.7 0 0 1 
0.75 0 0 1 
0.8 0 0 1 
0.85 0 0 1 
0.9 0 0 1 
0.95 0 0 1 
1 0 0 1 
1.05 0 0 1 
1.1 0 0 1 
1.15 0 0 1 
1.2 0 0 1 
1.25 0 0 1 
1.3 0 0 1 
1.35 0 0 1 
1.4 0 0 1 
1.45 0 0 1 
1.5 0 0 1 
1.55 0 0 1 
1.6 0 0 1 
1.65 0 0 1 
1.7 0 0 1 
1.75 0 0 1 
1.8 0 0 1 
1.85 0 0 1 
1.9 0 0 1 
1.95 0 0 1 
2 0 0 1 
2.05 0 0 1 
2.1 0 0 1 
2.15 0 0 1 
2.2 0 0 1 
2.25 0 0 1 
2.3 0 0 1 
2.35 0 0 1 
2.4 0 0 1 
2.45 0 0 1 
2.5 0 0 1 
2.55 0 0 1 
2.6 0 0 1 
2.65 0 0 1 
2.7 0 0 1 
2.75 0 0 1 
2.8 0 0 1 
2.85 0 0 1 
2.9 0 0 1 
2.95 0 0 1 
3 0 0 1 
3.05 0 0 1 
3.1 0 0 1 
3.15 0 0 1 
3.2 0 0 1 
3.25 0 0 1 
3.3 0 0 1 
3.35 0 0 1 
3.4 0 0 1 
3.45 0 0 1 
3.5 0 0 1 
3.55 0 0 1 
3.6 0 0 1 
3.65 0 0 1 
3.7 0 0 1 
3.75 0 0 1 
3.8 0 0 1 
3.85 0 0 1 
3.9 0 0 1 
3.95 0 0 1 
4 0 0 1 
4.05 0 0 1 
4.1 0 0 1 
4.15 0 0 1 
4.2 0 0 1 
4.25 0 0 1 
4.3 0 0 1 
4.35 0 0 1 
4.4 0 0 1 
4.45 0 0 1 
4.5 0 0 1 
4.55 0 0 1 
4.6 0 0 1 
4.65 0 0 1 
4.7 0 0 1 
4.75 0 0 1 
4.8 0 0 1 
4.85 0 0 1 
4.9 0 0 1 
4.95 0 0 1 
5 0 0 1 
0 0.05 -0.00652615 0.884838 
0.05 0.05 -0.00443643 0.88179 
0.1 0.05 -0.00225532 0.879992 
0.15 0.05 -4.6621e-05 0.879419 
0.2 0.05 0.00213237 0.880056 
0.25 0.05 0.0042179 0.881876 
0.3 0.05 0.00614519 0.884836 
0.35 0.05 0.00785332 0.888876 
0.4 0.05 0.00928816 0.893922 
0.45 0.05 0.010404 0.899882 
0.5 0.05 0.0111639 0.906648 
0.55 0.05 0.0115402 0.914087 
0.6 0.05 0.0115145 0.922034 
0.65 0.05 0.0110781 0.930271 
0.7 0.05 0.0102338 0.938521 
0.75 0.05 0.00899825 0.946429 
0.8 0.05 0.00740442 0.953571 
0.85 0.05 0.00550402 0.959478 
0.9 0.05 0.00336796 0.9637 
0.95 0.05 0.0010841 0.965871 
1 0.05 -0.00124797 0.965792 
1.05 0.05 -0.00352468 0.963471 
1.1 0.05 -0.00564702 0.959121 
1.15 0.05 -0.0075282 0.953115 
1.2 0.05 -0.00909865 0.945909 
1.25 0.05 -0.0103081 0.937968 
1.3 0.05 -0.0111247 0.929715 
1.35 0.05 -0.0115332 0.921497 
1.4 0.05 -0.0115318 0.913589 
1.45 0.05 -0.0111302 0.906203 
1.5 0.05 -0.0103481 0.899504 
1.55 0.05 -0.00921461 0.89362 
1.6 0.05 -0.00776827 0.88866 
1.65 0.05 -0.00605714 0.884711 
1.7 0.05 -0.00413829 0.881846 
1.75 0.05 -0.00207668 0.880118 
1.8 0.05 5.68899e-05 0.879559 
1.85 0.05 0.00218848 0.88018 
1.9 0.05 0.00424426 0.88197 
1.95 0.05 0.00615365 0.884895 
2 0.05 0.00785206 0.888899 
2.05 0.05 0.00928286 0.893911 
2.1 0.05 0.0103985 0.899842 
2.15 0.05 0.0111609 0.906582 
2.2 0.05 0.0115414 0.914001 
2.25 0.05 0.0115208 0.921932 
2.3 0.05 0.0110901 0.93016 
2.35 0.05 0.0102515 0.938408 
2.4 0.05 0.0090214 0.94632 
2.45 0.05 0.0074324 0.953474 
2.5 0.05 0.00553589 0.959402 
2.55 0.05 0.00340249 0.963651 
2.6 0.05 0.00111986 0.965854 
2.65 0.05 -0.00121249 0.965809 
2.7 0.05 -0.00349095 0.963519 
2.75 0.05 -0.00561636 0.959195 
2.8 0.05 -0.00750162 0.95321 
2.85 0.05 -0.00907687 0.946017 
2.9 0.05 -0.0102915 0.938083 
2.95 0.05 -0.0111134 0.929831 
3 0.05 -0.0115272 0.92161 
3.05 0.05 -0.0115308 0.913696 
3.1 0.05 -0.0111337 0.906302 
3.15 0.05 -0.0103557 0.899593 
3.2 0.05 -0.0092257 0.893699 
3.25 0.05 -0.00778227 0.888728 
3.3 0.05 -0.0060734 0.884768 
3.35 0.05 -0.00415612 0.881892 
3.4 0.05 -0.00209537 0.880153 
3.45 0.05 3.80122e-05 0.879583 
3.5 0.05 0.00217006 0.880195 
3.55 0.05 0.00422687 0.881976 
3.6 0.05 0.00613777 0.884892 
3.65 0.05 0.00783806 0.88889 
3.7 0.05 0.009271 0.893896 
3.75 0.05 0.0103889 0.899822 
3.8 0.05 0.0111537 0.906558 
3.85 0.05 0.0115365 0.913974 
3.9 0.05 0.0115182 0.921904 
3.95 0.05 0.0110895 0.930132 
4 0.05 0.010253 0.93838 
4.05 0.05 0.00902478 0.946295 
4.1 0.05 0.00743749 0.953453 
4.15 0.05 0.00554253 0.959388 
4.2 0.05 0.00341047 0.963646 
4.25 0.05 0.00112895 0.965861 
4.3 0.05 -0.00120255 0.96583 
4.35 0.05 -0.00348045 0.963557 
4.4 0.05 -0.00560565 0.959251 
4.45 0.05 -0.00749117 0.953284 
4.5 0.05 -0.00906734 0.946111 
4.55 0.05 -0.0102839 0.938198 
4.6 0.05 -0.0111094 0.929966 
4.65 0.05 -0.0115294 0.921765 
4.7 0.05 -0.0115434 0.91387 
4.75 0.05 -0.0111634 0.906491 
4.8 0.05 -0.0104125 0.899789 
4.85 0.05 -0.00932532 0.893888 
4.9 0.05 -0.00794949 0.888882 
4.95 0.05 -0.00634493 0.884838 
5 0.05 -0.00456102 0.88179 
0 0.1 -0.022021 0.77101 
0.05 0.1 -0.0151933 0.765025 
0.1 0.1 -0.00776288 0.761421 
0.15 0.1 -9.71452e-05 0.760259 
0.2 0.1 0.00751987 0.761519 
0.25 0.1 0.0148305 0.765146 
0.3 0.1 0.0215938 0.77105 
0.35 0.1 0.0275896 0.77911 
0.4 0.1 0.0326238 0.789172 
0.45 0.1 0.0365327 0.801054 
0.5 0.1 0.0391853 0.814542 
0.55 0.1 0.0404839 0.829375 
0.6 0.1 0.040365 0.84523 
0.65 0.1 0.0388025 0.861687 
0.7 0.1 0.0358118 0.878198 
0.75 0.1 0.0314576 0.89406 
0.8 0.1 0.0258617 0.908419 
0.85 0.1 0.0192089 0.920326 
0.9 0.1 0.0117472 0.928851 
0.95 0.1 0.00377987 0.933242 
1 0.1 -0.00435215 0.933083 
1.05 0.1 -0.0122951 0.928388 
1.1 0.1 -0.0197099 0.919604 
1.15 0.1 -0.0262967 0.907499 
1.2 0.1 -0.0318119 0.893012 
1.25 0.1 -0.0360753 0.877088 
1.3 0.1 -0.0389697 0.860571 
1.35 0.1 -0.0404347 0.844154 
1.4 0.1 -0.0404583 0.828376 
1.45 0.1 -0.039071 0.813648 
1.5 0.1 -0.03634 0.80029 
1.55 0.1 -0.032368 0.788558 
1.6 0.1 -0.0272919 0.778663 
1.65 0.1 -0.021282 0.770782 
1.7 0.1 -0.0145406 0.76506 
1.75 0.1 -0.00729687 0.761607 
1.8 0.1 0.000199809 0.760491 
1.85 0.1 0.00768954 0.761733 
1.9 0.1 0.0149127 0.765308 
1.95 0.1 0.0216208 0.771148 
2 0.1 0.0275858 0.77914 
2.05 0.1 0.0326071 0.789139 
2.1 0.1 0.0365159 0.800965 
2.15 0.1 0.0391772 0.814403 
2.2 0.1 0.0404901 0.829197 
2.25 0.1 0.0403891 0.845023 
2.3 0.1 0.0388461 0.861462 
2.35 0.1 0.0358751 0.877968 
2.4 0.1 0.0315397 0.893839 
2.45 0.1 0.0259604 0.908223 
2.5 0.1 0.0193209 0.920171 
2.55 0.1 0.0118683 0.928751 
2.6 0.1 0.00390511 0.933207 
2.65 0.1 -0.00422787 0.933115 
2.7 0.1 -0.0121768 0.928485 
2.75 0.1 -0.019602 0.919754 
2.8 0.1 -0.0262028 0.907691 
2.85 0.1 -0.0317344 0.89323 
2.9 0.1 -0.0360159 0.877318 
2.95 0.1 -0.0389289 0.860803 
3 0.1 -0.0404121 0.844379 
3.05 0.1 -0.0404532 0.828588 
3.1 0.1 -0.039082 0.813845 
3.15 0.1 -0.0363655 0.800468 
3.2 0.1 -0.0324061 0.788715 
3.25 0.1 -0.0273404 0.778798 
3.3 0.1 -0.0213386 0.770895 
3.35 0.1 -0.0146029 0.765152 
3.4 0.1 -0.00736243 0.761677 
3.45 0.1 0.000133413 0.760539 
3.5 0.1 0.00762457 0.761762 
3.55 0.1 0.0148512 0.765319 
3.6 0.1 0.0215645 0.771143 
3.65 0.1 0.0275359 0.779121 
3.7 0.1 0.0325646 0.789108 
3.75 0.1 0.0364815 0.800924 
3.8 0.1 0.0391509 0.814355 
3.85 0.1 0.040472 0.829144 
3.9 0.1 0.040379 0.844966 
3.95 0.1 0.0388436 0.861405 
4 0.1 0.0358797 0.877912 
4.05 0.1 0.031551 0.893788 
4.1 0.1 0.0259777 0.90818 
4.15 0.1 0.0193436 0.920142 
4.2 0.1 0.0118956 0.928741 
4.25 0.1 0.00393637 0.93322 
4.3 0.1 -0.0041936 0.933157 
4.35 0.1 -0.0121405 0.928558 
4.4 0.1 -0.0195649 0.919863 
4.45 0.1 -0.0261666 0.907837 
4.5 0.1 -0.0317013 0.893414 
4.55 0.1 -0.0359892 0.877542 
4.6 0.1 -0.0389141 0.861066 
4.65 0.1 -0.0404176 0.844681 
4.7 0.1 -0.0404919 0.828926 
4.75 0.1 -0.0391726 0.81421 
4.8 0.1 -0.0365347 0.800845 
4.85 0.1 -0.0326879 0.78907 
4.9 0.1 -0.027771 0.779076 
4.95 0.1 -0.0219303 0.77101 
5 0.1 -0.0152537 0.765025 
0 0.15 -0.0429047 0.663317 
0.05 0.15 -0.0295702 0.654578 
0.1 0.15 -0.0150622 0.649269 
0.15 0.15 -3.16365e-05 0.647535 
0.2 0.15 0.0149491 0.64938 
0.25 0.15 0.0293516 0.654729 
0.3 0.15 0.0426856 0.663446 
0.35 0.15 0.0545064 0.675342 
0.4 0.15 0.0644244 0.690182 
0.45 0.15 0.0721126 0.707688 
0.5 0.15 0.0773106 0.727542 
0.55 0.15 0.0798265 0.749366 
0.6 0.15 0.0795394 0.772691 
0.65 0.15 0.0764042 0.796916 
0.7 0.15 0.0704607 0.821246 
0.75 0.15 0.061846 0.844654 
0.8 0.15 0.0508081 0.865884 
0.85 0.15 0.0377152 0.88352 
0.9 0.15 0.0230545 0.896167 
0.95 0.15 0.00741598 0.902688 
1 0.15 -0.00854063 0.902451 
1.05 0.15 -0.024132 0.895479 
1.1 0.15 -0.038702 0.882448 
1.15 0.15 -0.0516669 0.864521 
1.2 0.15 -0.0625478 0.843104 
1.25 0.15 -0.0709852 0.819604 
1.3 0.15 -0.0767398 0.795265 
1.35 0.15 -0.0796825 0.771098 
1.4 0.15 -0.0797811 0.747881 
1.45 0.15 -0.0770882 0.726207 
1.5 0.15 -0.0717326 0.706536 
1.55 0.15 -0.063915 0.68924 
1.6 0.15 -0.0539059 0.674633 
1.65 0.15 -0.0420435 0.662985 
1.7 0.15 -0.0287292 0.654518 
1.75 0.15 -0.0144182 0.649404 
1.8 0.15 0.000394657 0.647749 
1.85 0.15 0.0151937 0.64959 
1.9 0.15 0.0294639 0.654885 
1.95 0.15 0.042712 0.663526 
2 0.15 0.0544854 0.675338 
2.05 0.15 0.0643856 0.690096 
2.1 0.15 0.0720778 0.707529 
2.15 0.15 0.0772951 0.727319 
2.2 0.15 0.0798405 0.74909 
2.25 0.15 0.0795891 0.772377 
2.3 0.15 0.0764924 0.796578 
2.35 0.15 0.0705877 0.820901 
2.4 0.15 0.0620095 0.844324 
2.45 0.15 0.0510037 0.865591 
2.5 0.15 0.0379365 0.883289 
2.55 0.15 0.0232932 0.896018 
2.6 0.15 0.00766275 0.902636 
2.65 0.15 -0.00829573 0.902499 
2.7 0.15 -0.0238986 0.895622 
2.75 0.15 -0.0384887 0.882671 
2.8 0.15 -0.0514807 0.864803 
2.85 0.15 -0.0623936 0.843424 
2.9 0.15 -0.070866 0.819942 
2.95 0.15 -0.0766569 0.795606 
3 0.15 -0.0796357 0.771429 
3.05 0.15 -0.0797688 0.748193 
3.1 0.15 -0.0771079 0.726495 
3.15 0.15 -0.0717812 0.706796 
3.2 0.15 -0.0639888 0.68947 
3.25 0.15 -0.0540006 0.674831 
3.3 0.15 -0.0421545 0.66315 
3.35 0.15 -0.0288518 0.654651 
3.4 0.15 -0.0145475 0.649505 
3.45 0.15 0.000263336 0.647819 
3.5 0.15 0.0150649 0.64963 
3.55 0.15 0.0293416 0.654899 
3.6 0.15 0.0425997 0.663516 
3.65 0.15 0.0543857 0.675308 
3.7 0.15 0.0643004 0.690049 
3.75 0.15 0.0720083 0.707468 
3.8 0.15 0.0772418 0.727247 
3.85 0.15 0.0798034 0.749011 
3.9 0.15 0.0795677 0.772293 
3.95 0.15 0.0764861 0.796492 
4 0.15 0.0705954 0.820818 
4.05 0.15 0.0620303 0.844249 
4.1 0.15 0.0510364 0.865528 
4.15 0.15 0.0379797 0.883245 
4.2 0.15 0.0233456 0.896001 
4.25 0.15 0.00772281 0.902653 
4.3 0.15 -0.00822968 0.902557 
4.35 0.15 -0.0238284 0.895727 
4.4 0.15 -0.0384165 0.882826 
4.45 0.15 -0.0514091 0.865011 
4.5 0.15 -0.0623265 0.843685 
4.55 0.15 -0.0708091 0.820257 
4.6 0.15 -0.0766189 0.795974 
4.65 0.15 -0.0796299 0.771848 
4.7 0.15 -0.079815 0.748658 
4.75 0.15 -0.0772337 0.726992 
4.8 0.15 -0.0720221 0.707301 
4.85 0.15 -0.064384 0.689938 
4.9 0.15 -0.0545782 0.675193 
4.95 0.15 -0.0428906 0.663317 
5 0.15 -0.0295772 0.654578 
0 0.2 -0.066131 0.567489 
0.05 0.2 -0.0454674 0.556294 
0.1 0.2 -0.023046 0.549465 
0.15 0.2 0.000208829 0.547217 
0.2 0.2 0.0234202 0.54959 
0.25 0.2 0.0457565 0.556499 
0.3 0.2 0.0664417 0.567759 
0.35 0.2 0.0847731 0.583106 
0.4 0.2 0.100138 0.602213 
0.45 0.2 0.112023 0.624707 
0.5 0.2 0.120025 0.650166 
0.55 0.2 0.123849 0.678107 
0.6 0.2 0.123316 0.707941 
0.65 0.2 0.118367 0.738911 
0.7 0.2 0.109077 0.770021 
0.75 0.2 0.095671 0.799972 
0.8 0.2 0.0785443 0.827158 
0.85 0.2 0.058272 0.849766 
0.9 0.2 0.0356061 0.865992 
0.95 0.2 0.0114503 0.874362 
1 0.2 -0.0131897 0.874057 
1.05 0.2 -0.0372738 0.865107 
1.1 0.2 -0.0598014 0.848388 
1.15 0.2 -0.0798782 0.825408 
1.2 0.2 -0.0967641 0.797981 
1.25 0.2 -0.109897 0.767912 
1.3 0.2 -0.118895 0.736788 
1.35 0.2 -0.123545 0.705885 
1.4 0.2 -0.123784 0.676182 
1.45 0.2 -0.11968 0.648419 
1.5 0.2 -0.111426 0.623178 
1.55 0.2 -0.0993286 0.600934 
1.6 0.2 -0.0838051 0.582102 
1.65 0.2 -0.065382 0.567047 
1.7 0.2 -0.044686 0.55608 
1.75 0.2 -0.0224291 0.549445 
1.8 0.2 0.000613715 0.547296 
1.85 0.2 0.023635 0.549685 
1.9 0.2 0.0458279 0.556556 
1.95 0.2 0.0664202 0.567747 
2 0.2 0.0847038 0.583012 
2.05 0.2 0.100057 0.602037 
2.1 0.2 0.111959 0.624453 
2.15 0.2 0.119997 0.649845 
2.2 0.2 0.123871 0.677729 
2.25 0.2 0.123395 0.707521 
2.3 0.2 0.118506 0.738466 
2.35 0.2 0.109276 0.769572 
2.4 0.2 0.0959268 0.799544 
2.45 0.2 0.0788492 0.82678 
2.5 0.2 0.058616 0.849467 
2.55 0.2 0.0359766 0.865799 
2.6 0.2 0.0118329 0.874294 
2.65 0.2 -0.0128101 0.874119 
2.7 0.2 -0.0369117 0.865291 
2.75 0.2 -0.0594698 0.848674 
2.8 0.2 -0.0795879 0.82577 
2.85 0.2 -0.0965229 0.798391 
2.9 0.2 -0.10971 0.768345 
2.95 0.2 -0.118764 0.737222 
3 0.2 -0.12347 0.706306 
3.05 0.2 -0.123762 0.676579 
3.1 0.2 -0.119708 0.648786 
3.15 0.2 -0.111499 0.623509 
3.2 0.2 -0.0994411 0.601227 
3.25 0.2 -0.0839506 0.582354 
3.3 0.2 -0.0655535 0.567257 
3.35 0.2 -0.044876 0.556248 
3.4 0.2 -0.0226301 0.549572 
3.45 0.2 0.000409226 0.547383 
3.5 0.2 0.023434 0.549734 
3.55 0.2 0.0456368 0.55657 
3.6 0.2 0.0662443 0.567731 
3.65 0.2 0.0845474 0.58297 
3.7 0.2 0.0999229 0.601973 
3.75 0.2 0.111849 0.624372 
3.8 0.2 0.119912 0.64975 
3.85 0.2 0.123811 0.677626 
3.9 0.2 0.12336 0.707412 
3.95 0.2 0.118495 0.738357 
4 0.2 0.109286 0.769466 
4.05 0.2 0.0959567 0.799447 
4.1 0.2 0.0788974 0.826699 
4.15 0.2 0.0586803 0.84941 
4.2 0.2 0.036055 0.865775 
4.25 0.2 0.0119232 0.874313 
4.3 0.2 -0.0127103 0.874188 
4.35 0.2 -0.0368049 0.865417 
4.4 0.2 -0.0593586 0.848862 
4.45 0.2 -0.0794754 0.826021 
4.5 0.2 -0.0964135 0.798704 
4.55 0.2 -0.10961 0.76872 
4.6 0.2 -0.118683 0.737657 
4.65 0.2 -0.123423 0.706795 
4.7 0.2 -0.123769 0.677113 
4.75 0.2 -0.119799 0.649348 
4.8 0.2 -0.111708 0.624071 
4.85 0.2 -0.0997984 0.601744 
4.9 0.2 -0.0844681 0.582762 
4.95 0.2 -0.0661813 0.567489 
5 0.2 -0.0454302 0.556294 
0 0.25 -0.0893155 0.487791 
0.05 0.25 -0.0612609 0.474472 
0.1 0.25 -0.0308858 0.466327 
0.15 0.25 0.000626172 0.46364 
0.2 0.25 0.0321003 0.466489 
0.25 0.25 0.0623993 0.474775 
0.3 0.25 0.090455 0.488252 
0.35 0.25 0.1153 0.506564 
0.4 0.25 0.136093 0.529274 
0.45 0.25 0.152137 0.5559 
0.5 0.25 0.162885 0.58592 
0.55 0.25 0.167946 0.618758 
0.6 0.25 0.167091 0.653732 
0.65 0.25 0.160256 0.689975 
0.7 0.25 0.147561 0.726341 
0.75 0.25 0.129328 0.761333 
0.8 0.25 0.106106 0.79309 
0.85 0.25 0.0786771 0.819498 
0.9 0.25 0.0480554 0.838452 
0.95 0.25 0.0154496 0.848232 
1 0.25 -0.0178005 0.847874 
1.05 0.25 -0.0503109 0.837417 
1.1 0.25 -0.0807483 0.817885 
1.15 0.25 -0.107916 0.791041 
1.2 0.25 -0.130816 0.759 
1.25 0.25 -0.148681 0.723865 
1.3 0.25 -0.160981 0.687475 
1.35 0.25 -0.167409 0.6513 
1.4 0.25 -0.16786 0.616464 
1.45 0.25 -0.162412 0.583816 
1.5 0.25 -0.15131 0.554028 
1.55 0.25 -0.13496 0.527669 
1.6 0.25 -0.113923 0.505253 
1.65 0.25 -0.0889131 0.487255 
1.7 0.25 -0.0607857 0.474095 
1.75 0.25 -0.0305154 0.46611 
1.8 0.25 0.000834702 0.463521 
1.85 0.25 0.0321551 0.4664 
1.9 0.25 0.0623376 0.474666 
1.95 0.25 0.0903227 0.488093 
2 0.25 0.115141 0.506339 
2.05 0.25 0.135944 0.528978 
2.1 0.25 0.152027 0.555535 
2.15 0.25 0.162835 0.585494 
2.2 0.25 0.167971 0.618281 
2.25 0.25 0.167197 0.653216 
2.3 0.25 0.160446 0.689437 
2.35 0.25 0.147834 0.725805 
2.4 0.25 0.129677 0.760826 
2.45 0.25 0.106521 0.792643 
2.5 0.25 0.0791443 0.819146 
2.55 0.25 0.0485577 0.838226 
2.6 0.25 0.0159679 0.848151 
2.65 0.25 -0.0172863 0.847946 
2.7 0.25 -0.0498201 0.837631 
2.75 0.25 -0.0802983 0.818219 
2.8 0.25 -0.107521 0.791462 
2.85 0.25 -0.130486 0.759477 
2.9 0.25 -0.148424 0.724368 
2.95 0.25 -0.160799 0.68798 
3 0.25 -0.167303 0.651791 
3.05 0.25 -0.167827 0.616927 
3.1 0.25 -0.162447 0.584244 
3.15 0.25 -0.151406 0.554415 
3.2 0.25 -0.13511 0.528011 
3.25 0.25 -0.114118 0.505548 
3.3 0.25 -0.0891449 0.487501 
3.35 0.25 -0.0610434 0.474291 
3.4 0.25 -0.0307886 0.466257 
3.45 0.25 0.000556201 0.463619 
3.5 0.25 0.031881 0.466452 
3.55 0.25 0.0620765 0.474677 
3.6 0.25 0.0900821 0.488067 
3.65 0.25 0.114927 0.506282 
3.7 0.25 0.135761 0.528896 
3.75 0.25 0.151876 0.555434 
3.8 0.25 0.162718 0.585379 
3.85 0.25 0.167888 0.618156 
3.9 0.25 0.167147 0.653086 
3.95 0.25 0.160428 0.689307 
4 0.25 0.147844 0.72568 
4.05 0.25 0.129715 0.760712 
4.1 0.25 0.106583 0.792548 
4.15 0.25 0.0792273 0.819079 
4.2 0.25 0.0486594 0.838196 
4.25 0.25 0.0160855 0.848169 
4.3 0.25 -0.0171554 0.848021 
4.35 0.25 -0.0496786 0.837769 
4.4 0.25 -0.0801484 0.818423 
4.45 0.25 -0.107365 0.791734 
4.5 0.25 -0.130328 0.759814 
4.55 0.25 -0.148267 0.724767 
4.6 0.25 -0.160652 0.688434 
4.65 0.25 -0.167176 0.652292 
4.7 0.25 -0.167737 0.617464 
4.75 0.25 -0.162415 0.5848 
4.8 0.25 -0.151456 0.554963 
4.85 0.25 -0.135258 0.528515 
4.9 0.25 -0.11436 0.505963 
4.95 0.25 -0.0894192 0.487791 
5 0.25 -0.0611877 0.474472 
0 0.3 -0.110618 0.425609 
0.05 0.3 -0.0757129 0.41041 
0.1 0.3 -0.0379727 0.401091 
0.15 0.3 0.00118121 0.398021 
0.2 0.3 0.0402983 0.401318 
0.25 0.3 0.0779542 0.410857 
0.3 0.3 0.112804 0.426305 
0.35 0.3 0.143631 0.44717 
0.4 0.3 0.169382 0.472872 
0.45 0.3 0.189188 0.502793 
0.5 0.3 0.202379 0.536299 
0.55 0.3 0.208484 0.572731 
0.6 0.3 0.207238 0.61134 
0.65 0.3 0.198584 0.651193 
0.7 0.3 0.182696 0.691064 
0.75 0.3 0.159995 0.729346 
0.8 0.3 0.131175 0.76403 
0.85 0.3 0.0972104 0.792838 
0.9 0.3 0.0593513 0.813497 
0.95 0.3 0.0190759 0.82415 
1 0.3 -0.0219836 0.82376 
1.05 0.3 -0.0621429 0.812368 
1.1 0.3 -0.0997773 0.791076 
1.15 0.3 -0.133422 0.761788 
1.2 0.3 -0.161847 0.726786 
1.25 0.3 -0.184095 0.68834 
1.3 0.3 -0.199494 0.648429 
1.35 0.3 -0.20764 0.608633 
1.4 0.3 -0.208378 0.570154 
1.45 0.3 -0.201782 0.533906 
1.5 0.3 -0.188133 0.500626 
1.55 0.3 -0.167919 0.470971 
1.6 0.3 -0.141828 0.445566 
1.65 0.3 -0.110746 0.425025 
1.7 0.3 -0.0757388 0.409915 
1.75 0.3 -0.0380304 0.400707 
1.8 0.3 0.00103997 0.397713 
1.85 0.3 0.0400729 0.401041 
1.9 0.3 0.0776705 0.410572 
1.95 0.3 0.112498 0.425984 
2 0.3 0.14334 0.4468 
2.05 0.3 0.169137 0.472448 
2.1 0.3 0.189016 0.502315 
2.15 0.3 0.202297 0.535773 
2.2 0.3 0.208505 0.572164 
2.25 0.3 0.207366 0.610743 
2.3 0.3 0.198821 0.650583 
2.35 0.3 0.183037 0.690463 
2.4 0.3 0.160431 0.728781 
2.45 0.3 0.131691 0.763536 
2.5 0.3 0.0977909 0.79245 
2.55 0.3 0.0599745 0.813247 
2.6 0.3 0.0197182 0.82406 
2.65 0.3 -0.0213464 0.823836 
2.7 0.3 -0.0615344 0.812599 
2.75 0.3 -0.0992186 0.791438 
2.8 0.3 -0.132931 0.762246 
2.85 0.3 -0.161436 0.727305 
2.9 0.3 -0.183773 0.688888 
2.95 0.3 -0.199264 0.64898 
3 0.3 -0.207503 0.609169 
3.05 0.3 -0.208332 0.570661 
3.1 0.3 -0.20182 0.534376 
3.15 0.3 -0.188248 0.501053 
3.2 0.3 -0.168103 0.47135 
3.25 0.3 -0.14207 0.445894 
3.3 0.3 -0.111033 0.425298 
3.35 0.3 -0.076059 0.410131 
3.4 0.3 -0.0383707 0.400865 
3.45 0.3 0.00069251 0.397816 
3.5 0.3 0.0397305 0.401091 
3.55 0.3 0.0773441 0.410574 
3.6 0.3 0.112197 0.425945 
3.65 0.3 0.143072 0.446727 
3.7 0.3 0.168907 0.472347 
3.75 0.3 0.188826 0.502194 
3.8 0.3 0.20215 0.535638 
3.85 0.3 0.208399 0.572021 
3.9 0.3 0.207301 0.610597 
3.95 0.3 0.198795 0.650438 
4 0.3 0.183046 0.690325 
4.05 0.3 0.160473 0.728656 
4.1 0.3 0.131763 0.763432 
4.15 0.3 0.097888 0.792376 
4.2 0.3 0.0600941 0.813213 
4.25 0.3 0.0198574 0.824076 
4.3 0.3 -0.0211903 0.823911 
4.35 0.3 -0.0613634 0.812737 
4.4 0.3 -0.0990339 0.791642 
4.45 0.3 -0.132733 0.762514 
4.5 0.3 -0.161225 0.727634 
4.55 0.3 -0.183549 0.68927 
4.6 0.3 -0.19903 0.649406 
4.65 0.3 -0.207261 0.609628 
4.7 0.3 -0.208088 0.571142 
4.75 0.3 -0.201583 0.534861 
4.8 0.3 -0.188026 0.501524 
4.85 0.3 -0.167896 0.471784 
4.9 0.3 -0.141861 0.446271 
4.95 0.3 -0.110765 0.425609 
5 0.3 -0.0756109 0.41041 
0 0.35 -0.128647 0.379442 
0.05 0.35 -0.0878977 0.362447 
0.1 0.35 -0.0438692 0.351989 
0.15 0.35 0.00181042 0.348555 
0.2 0.35 0.047449 0.352311 
0.25 0.35 0.091369 0.363087 
0.3 0.35 0.131982 0.380415 
0.35 0.35 0.167854 0.403618 
0.4 0.35 0.197748 0.431914 
0.45 0.35 0.220656 0.464504 
0.5 0.35 0.23581 0.500619 
0.55 0.35 0.242683 0.539511 
0.6 0.35 0.240992 0.580384 
0.65 0.35 0.230704 0.62228 
0.7 0.35 0.212049 0.663961 
0.75 0.35 0.185543 0.703799 
0.8 0.35 0.152007 0.739764 
0.85 0.35 0.112582 0.769551 
0.9 0.35 0.068707 0.79087 
0.95 0.35 0.0220765 0.80185 
1 0.35 -0.0254473 0.801448 
1.05 0.35 -0.0719453 0.789704 
1.1 0.35 -0.115564 0.767729 
1.15 0.35 -0.154623 0.737436 
1.2 0.35 -0.187704 0.701132 
1.25 0.35 -0.213687 0.661107 
1.3 0.35 -0.231774 0.619364 
1.35 0.35 -0.241468 0.577502 
1.4 0.35 -0.242559 0.536735 
1.45 0.35 -0.235098 0.498003 
1.5 0.35 -0.219388 0.462094 
1.55 0.35 -0.195973 0.429754 
1.6 0.35 -0.165639 0.40175 
1.65 0.35 -0.129412 0.378879 
1.7 0.35 -0.0885419 0.361913 
1.75 0.35 -0.0444709 0.351511 
1.8 0.35 0.00121581 0.348118 
1.85 0.35 0.0468581 0.351889 
1.9 0.35 0.0907977 0.362653 
1.95 0.35 0.131455 0.379952 
2 0.35 0.167398 0.403116 
2.05 0.35 0.197386 0.431372 
2.1 0.35 0.220407 0.463924 
2.15 0.35 0.235686 0.500006 
2.2 0.35 0.242692 0.538871 
2.25 0.35 0.241136 0.579727 
2.3 0.35 0.230979 0.621621 
2.35 0.35 0.212447 0.66332 
2.4 0.35 0.186051 0.703203 
2.45 0.35 0.15261 0.739246 
2.5 0.35 0.113258 0.769147 
2.55 0.35 0.0694314 0.79061 
2.6 0.35 0.0228225 0.801755 
2.65 0.35 -0.0247075 0.801524 
2.7 0.35 -0.0712386 0.78994 
2.75 0.35 -0.114914 0.768099 
2.8 0.35 -0.154051 0.737907 
2.85 0.35 -0.187223 0.701667 
2.9 0.35 -0.213309 0.661674 
2.95 0.35 -0.231502 0.619937 
3 0.35 -0.241304 0.578061 
3.05 0.35 -0.2425 0.537267 
3.1 0.35 -0.235139 0.498499 
3.15 0.35 -0.219519 0.462547 
3.2 0.35 -0.196184 0.430159 
3.25 0.35 -0.165918 0.402102 
3.3 0.35 -0.129746 0.379172 
3.35 0.35 -0.0889154 0.362144 
3.4 0.35 -0.0448687 0.351677 
3.45 0.35 0.000809055 0.348221 
3.5 0.35 0.0464568 0.351932 
3.55 0.35 0.0904149 0.362642 
3.6 0.35 0.131102 0.379895 
3.65 0.35 0.167083 0.403023 
3.7 0.35 0.197115 0.43125 
3.75 0.35 0.220184 0.463783 
3.8 0.35 0.235513 0.499853 
3.85 0.35 0.242567 0.538712 
3.9 0.35 0.241058 0.579567 
3.95 0.35 0.230945 0.621465 
4 0.35 0.212454 0.663173 
4.05 0.35 0.186095 0.703071 
4.1 0.35 0.152687 0.739136 
4.15 0.35 0.113363 0.769068 
4.2 0.35 0.069562 0.790572 
4.25 0.35 0.0229753 0.801766 
4.3 0.35 -0.0245345 0.80159 
4.35 0.35 -0.0710462 0.790066 
4.4 0.35 -0.114701 0.768285 
4.45 0.35 -0.153816 0.738148 
4.5 0.35 -0.186961 0.701956 
4.55 0.35 -0.213014 0.662002 
4.6 0.35 -0.231168 0.620292 
4.65 0.35 -0.240923 0.57843 
4.7 0.35 -0.242064 0.537638 
4.75 0.35 -0.234641 0.498859 
4.8 0.35 -0.218951 0.462885 
4.85 0.35 -0.195531 0.430468 
4.9 0.35 -0.165155 0.402383 
4.95 0.35 -0.128828 0.379442 
5 0.35 -0.0877732 0.362447 
0 0.4 -0.142377 0.34592 
0.05 0.4 -0.0971403 0.327079 
0.1 0.4 -0.0482695 0.315431 
0.15 0.4 0.00244038 0.311623 
0.2 0.4 0.0531008 0.31588 
0.25 0.4 0.101828 0.327961 
0.3 0.4 0.146837 0.347221 
0.35 0.4 0.186519 0.372734 
0.4 0.4 0.219499 0.403454 
0.45 0.4 0.244666 0.438351 
0.5 0.4 0.261187 0.476485 
0.55 0.4 0.268508 0.517004 
0.6 0.4 0.266349 0.55907 
0.65 0.4 0.254711 0.601734 
0.7 0.4 0.233881 0.643797 
0.75 0.4 0.20446 0.683699 
0.8 0.4 0.167373 0.719503 
0.85 0.4 0.123884 0.749017 
0.9 0.4 0.075571 0.770066 
0.95 0.4 0.0242748 0.780884 
1 0.4 -0.0279872 0.780488 
1.05 0.4 -0.0791399 0.768915 
1.1 0.4 -0.127175 0.747211 
1.15 0.4 -0.170266 0.717187 
1.2 0.4 -0.206855 0.681028 
1.25 0.4 -0.235703 0.640915 
1.3 0.4 -0.255904 0.59876 
1.35 0.4 -0.266883 0.556095 
1.4 0.4 -0.268368 0.514097 
1.45 0.4 -0.26038 0.4737 
1.5 0.4 -0.243217 0.435738 
1.55 0.4 -0.217453 0.401065 
1.6 0.4 -0.183938 0.370628 
1.65 0.4 -0.143802 0.345457 
1.7 0.4 -0.0984346 0.326593 
1.75 0.4 -0.0494544 0.314943 
1.8 0.4 0.00135182 0.31113 
1.85 0.4 0.0521078 0.315368 
1.9 0.4 0.10094 0.327419 
1.95 0.4 0.146067 0.346643 
2 0.4 0.185884 0.372121 
2.05 0.4 0.21901 0.40281 
2.1 0.4 0.244334 0.437683 
2.15 0.4 0.261017 0.475799 
2.2 0.4 0.2685 0.516308 
2.25 0.4 0.2665 0.558372 
2.3 0.4 0.255012 0.601047 
2.35 0.4 0.234321 0.643138 
2.4 0.4 0.205023 0.683094 
2.45 0.4 0.168041 0.718982 
2.5 0.4 0.124632 0.748612 
2.55 0.4 0.0763708 0.769806 
2.6 0.4 0.0250976 0.780787 
2.65 0.4 -0.0271717 0.78056 
2.7 0.4 -0.0783606 0.769144 
2.75 0.4 -0.126458 0.747574 
2.8 0.4 -0.169633 0.71765 
2.85 0.4 -0.206322 0.681557 
2.9 0.4 -0.235281 0.641478 
2.95 0.4 -0.2556 0.599333 
3 0.4 -0.266697 0.556659 
3.05 0.4 -0.268299 0.514638 
3.1 0.4 -0.260421 0.47421 
3.15 0.4 -0.243359 0.436208 
3.2 0.4 -0.217684 0.401489 
3.25 0.4 -0.184246 0.370998 
3.3 0.4 -0.144171 0.345767 
3.35 0.4 -0.0988491 0.326835 
3.4 0.4 -0.0498966 0.315114 
3.45 0.4 0.000898979 0.311229 
3.5 0.4 0.0516607 0.315399 
3.55 0.4 0.100513 0.32739 
3.6 0.4 0.145674 0.346564 
3.65 0.4 0.185532 0.372003 
3.7 0.4 0.218709 0.402665 
3.75 0.4 0.244085 0.43752 
3.8 0.4 0.260823 0.475627 
3.85 0.4 0.26836 0.516133 
3.9 0.4 0.266411 0.558199 
3.95 0.4 0.254971 0.600882 
4 0.4 0.234325 0.642985 
4.05 0.4 0.205066 0.682958 
4.1 0.4 0.168118 0.71887 
4.15 0.4 0.124739 0.748531 
4.2 0.4 0.0765047 0.769763 
4.25 0.4 0.0252553 0.78079 
4.3 0.4 -0.0269913 0.780611 
4.35 0.4 -0.0781568 0.769246 
4.4 0.4 -0.126227 0.747724 
4.45 0.4 -0.169369 0.717842 
4.5 0.4 -0.206015 0.68178 
4.55 0.4 -0.234918 0.641721 
4.6 0.4 -0.255165 0.599581 
4.65 0.4 -0.26617 0.556897 
4.7 0.4 -0.267658 0.514854 
4.75 0.4 -0.259643 0.474395 
4.8 0.4 -0.242419 0.436361 
4.85 0.4 -0.216556 0.401616 
4.9 0.4 -0.182901 0.37112 
4.95 0.4 -0.142583 0.34592 
5 0.4 -0.0969994 0.327079 
0 0.45 -0.15109 0.321054 
0.05 0.45 -0.102971 0.300289 
0.1 0.45 -0.0509703 0.287389 
0.15 0.45 0.00299908 0.283193 
0.2 0.45 0.0569084 0.287991 
0.25 0.45 0.108726 0.301459 
0.3 0.45 0.156528 0.322734 
0.35 0.45 0.198586 0.350595 
0.4 0.45 0.233435 0.383683 
0.45 0.45 0.259906 0.420695 
0.5 0.45 0.277138 0.460485 
0.55 0.45 0.284577 0.502082 
0.6 0.45 0.281966 0.544603 
0.65 0.45 0.269345 0.58712 
0.7 0.45 0.247059 0.628515 
0.75 0.45 0.215775 0.667361 
0.8 0.45 0.176492 0.701907 
0.85 0.45 0.130548 0.730182 
0.9 0.45 0.0795991 0.750245 
0.95 0.45 0.0255611 0.760524 
1 0.45 -0.0294763 0.760147 
1.05 0.45 -0.0833656 0.749148 
1.1 0.45 -0.134026 0.728455 
1.15 0.45 -0.179555 0.699676 
1.2 0.45 -0.218318 0.664765 
1.25 0.45 -0.249 0.625683 
1.3 0.45 -0.270621 0.584159 
1.35 0.45 -0.282539 0.541596 
1.4 0.45 -0.284426 0.499092 
1.45 0.45 -0.276262 0.457567 
1.5 0.45 -0.258322 0.417903 
1.55 0.45 -0.23118 0.381085 
1.6 0.45 -0.195716 0.348266 
1.65 0.45 -0.153117 0.320762 
1.7 0.45 -0.104866 0.299925 
1.75 0.45 -0.0527026 0.28696 
1.8 0.45 0.00144046 0.282701 
1.85 0.45 0.055529 0.287434 
1.9 0.45 0.107531 0.300841 
1.95 0.45 0.155523 0.322064 
2 0.45 0.197777 0.349886 
2.05 0.45 0.232824 0.38295 
2.1 0.45 0.259493 0.41995 
2.15 0.45 0.276921 0.45974 
2.2 0.45 0.284548 0.501343 
2.25 0.45 0.282115 0.543879 
2.3 0.45 0.269661 0.586422 
2.35 0.45 0.247526 0.627857 
2.4 0.45 0.216373 0.666765 
2.45 0.45 0.1772 0.701399 
2.5 0.45 0.131339 0.72979 
2.55 0.45 0.0804445 0.749993 
2.6 0.45 0.0264298 0.760429 
2.65 0.45 -0.0286156 0.760212 
2.7 0.45 -0.082543 0.749363 
2.75 0.45 -0.133268 0.728797 
2.8 0.45 -0.178885 0.700116 
2.85 0.45 -0.217753 0.665271 
2.9 0.45 -0.248551 0.626227 
2.95 0.45 -0.270296 0.584718 
3 0.45 -0.282338 0.542152 
3.05 0.45 -0.284348 0.499633 
3.1 0.45 -0.276301 0.458083 
3.15 0.45 -0.258469 0.418385 
3.2 0.45 -0.231423 0.381524 
3.25 0.45 -0.196041 0.348653 
3.3 0.45 -0.153509 0.321085 
3.35 0.45 -0.105307 0.300177 
3.4 0.45 -0.0531739 0.287134 
3.45 0.45 0.000957335 0.282794 
3.5 0.45 0.0550518 0.287451 
3.55 0.45 0.107076 0.300791 
3.6 0.45 0.155104 0.321959 
3.65 0.45 0.197403 0.349741 
3.7 0.45 0.232503 0.382778 
3.75 0.45 0.259229 0.419763 
3.8 0.45 0.276714 0.459548 
3.85 0.45 0.284398 0.501153 
3.9 0.45 0.28202 0.543695 
3.95 0.45 0.269615 0.586249 
4 0.45 0.247525 0.6277 
4.05 0.45 0.216412 0.666628 
4.1 0.45 0.177273 0.701286 
4.15 0.45 0.131443 0.729707 
4.2 0.45 0.080574 0.749945 
4.25 0.45 0.0265834 0.760418 
4.3 0.45 -0.0284381 0.760242 
4.35 0.45 -0.0823388 0.749431 
4.4 0.45 -0.133031 0.728898 
4.45 0.45 -0.178604 0.70024 
4.5 0.45 -0.217414 0.665406 
4.55 0.45 -0.248133 0.626357 
4.6 0.45 -0.269772 0.584828 
4.65 0.45 -0.281678 0.542225 
4.7 0.45 -0.283518 0.499657 
4.75 0.45 -0.275262 0.458051 
4.8 0.45 -0.257183 0.418304 
4.85 0.45 -0.229855 0.381414 
4.9 0.45 -0.194163 0.348553 
4.95 0.45 -0.151312 0.321054 
5 0.45 -0.102819 0.300289 
0 0.5 -0.154332 0.301127 
0.05 0.5 -0.105094 0.278472 
0.1 0.5 -0.0518518 0.264333 
0.15 0.5 0.00342395 0.259758 
0.2 0.5 0.0586292 0.265106 
0.25 0.5 0.111653 0.279959 
0.3 0.5 0.160497 0.303224 
0.35 0.5 0.203378 0.333367 
0.4 0.5 0.238794 0.3687 
0.45 0.5 0.265566 0.407629 
0.5 0.5 0.282839 0.448794 
0.55 0.5 0.290086 0.491088 
0.6 0.5 0.287085 0.533577 
0.65 0.5 0.273922 0.575359 
0.7 0.5 0.250988 0.615411 
0.75 0.5 0.218994 0.652484 
0.8 0.5 0.178976 0.685068 
0.85 0.5 0.132298 0.711486 
0.9 0.5 0.0806282 0.730103 
0.95 0.5 0.0258839 0.739601 
1 0.5 -0.0298543 0.739253 
1.05 0.5 -0.0844506 0.729087 
1.1 0.5 -0.135832 0.709876 
1.15 0.5 -0.182095 0.68297 
1.2 0.5 -0.221591 0.650015 
1.25 0.5 -0.252976 0.61268 
1.3 0.5 -0.275235 0.572456 
1.35 0.5 -0.287677 0.530576 
1.4 0.5 -0.28993 0.488047 
1.45 0.5 -0.281927 0.445767 
1.5 0.5 -0.263905 0.404679 
1.55 0.5 -0.236414 0.365907 
1.6 0.5 -0.200324 0.330829 
1.65 0.5 -0.156837 0.301057 
1.7 0.5 -0.107473 0.278277 
1.75 0.5 -0.0540313 0.264007 
1.8 0.5 0.00147672 0.259302 
1.85 0.5 0.0569278 0.264529 
1.9 0.5 0.110202 0.279282 
1.95 0.5 0.159296 0.302473 
2 0.5 0.202425 0.332571 
2.05 0.5 0.238082 0.367885 
2.1 0.5 0.265086 0.406816 
2.15 0.5 0.282582 0.447997 
2.2 0.5 0.290036 0.490316 
2.25 0.5 0.287228 0.532838 
2.3 0.5 0.274241 0.574661 
2.35 0.5 0.251464 0.614767 
2.4 0.5 0.219605 0.65191 
2.45 0.5 0.179698 0.684585 
2.5 0.5 0.133103 0.711117 
2.55 0.5 0.0814873 0.729867 
2.6 0.5 0.0267656 0.73951 
2.65 0.5 -0.0289812 0.73931 
2.7 0.5 -0.083616 0.729281 
2.75 0.5 -0.135063 0.71019 
2.8 0.5 -0.181414 0.683376 
2.85 0.5 -0.221015 0.650487 
2.9 0.5 -0.252518 0.613194 
2.95 0.5 -0.2749 0.572992 
3 0.5 -0.287469 0.531117 
3.05 0.5 -0.289847 0.488581 
3.1 0.5 -0.281963 0.446284 
3.15 0.5 -0.264052 0.405169 
3.2 0.5 -0.23666 0.366358 
3.25 0.5 -0.200656 0.33123 
3.3 0.5 -0.157238 0.301393 
3.35 0.5 -0.107925 0.278537 
3.4 0.5 -0.0545147 0.264182 
3.45 0.5 0.000980884 0.259388 
3.5 0.5 0.056438 0.264531 
3.55 0.5 0.109735 0.27921 
3.6 0.5 0.158866 0.302342 
3.65 0.5 0.202041 0.332397 
3.7 0.5 0.237754 0.367685 
3.75 0.5 0.264816 0.406604 
3.8 0.5 0.28237 0.447784 
3.85 0.5 0.289882 0.49011 
3.9 0.5 0.287129 0.532643 
3.95 0.5 0.274191 0.574481 
4 0.5 0.251459 0.614606 
4.05 0.5 0.219638 0.65177 
4.1 0.5 0.179763 0.684469 
4.15 0.5 0.133197 0.711029 
4.2 0.5 0.0816057 0.729808 
4.25 0.5 0.0269069 0.739482 
4.3 0.5 -0.0288161 0.739311 
4.35 0.5 -0.0834226 0.729306 
4.4 0.5 -0.134832 0.71023 
4.45 0.5 -0.181131 0.683419 
4.5 0.5 -0.220661 0.650518 
4.55 0.5 -0.252065 0.613194 
4.6 0.5 -0.274315 0.572942 
4.65 0.5 -0.28671 0.531 
4.7 0.5 -0.288869 0.488384 
4.75 0.5 -0.280717 0.446004 
4.8 0.5 -0.26249 0.404817 
4.85 0.5 -0.234741 0.365968 
4.9 0.5 -0.198355 0.330861 
4.95 0.5 -0.154562 0.301127 
5 0.5 -0.104937 0.278472 
0 0.55 -0.151902 0.283095 
0.05 0.55 -0.103381 0.258803 
0.1 0.55 -0.05087 0.243589 
0.15 0.55 0.00366749 0.238693 
0.2 0.55 0.058126 0.244534 
0.25 0.55 0.11039 0.260609 
0.3 0.55 0.158464 0.285609 
0.35 0.55 0.200572 0.317711 
0.4 0.55 0.235236 0.354926 
0.45 0.55 0.261308 0.395394 
0.5 0.55 0.277977 0.437555 
0.55 0.55 0.284761 0.480171 
0.6 0.55 0.281484 0.522255 
0.65 0.55 0.268273 0.562923 
0.7 0.55 0.245551 0.601255 
0.75 0.55 0.214044 0.636182 
0.8 0.55 0.174787 0.666459 
0.85 0.55 0.129117 0.690732 
0.9 0.55 0.0786536 0.707694 
0.95 0.55 0.0252427 0.716303 
1 0.55 -0.0291201 0.715988 
1.05 0.55 -0.082389 0.70677 
1.1 0.55 -0.132575 0.689258 
1.15 0.55 -0.177846 0.664518 
1.2 0.55 -0.216598 0.633865 
1.25 0.55 -0.247512 0.598651 
1.3 0.55 -0.269574 0.560107 
1.35 0.55 -0.282074 0.519288 
1.4 0.55 -0.284608 0.477106 
1.45 0.55 -0.277066 0.434447 
1.5 0.55 -0.259638 0.392314 
1.55 0.55 -0.232827 0.351965 
1.6 0.55 -0.197462 0.31499 
1.65 0.55 -0.154712 0.283271 
1.7 0.55 -0.106076 0.258801 
1.75 0.55 -0.0533472 0.243387 
1.8 0.55 0.00145806 0.23829 
1.85 0.55 0.0562061 0.243952 
1.9 0.55 0.108766 0.259884 
1.95 0.55 0.157132 0.284786 
2 0.55 0.199523 0.316835 
2.05 0.55 0.234458 0.354036 
2.1 0.55 0.260786 0.394519 
2.15 0.55 0.277693 0.436713 
2.2 0.55 0.284695 0.479374 
2.25 0.55 0.281617 0.521509 
2.3 0.55 0.268585 0.562234 
2.35 0.55 0.246019 0.600632 
2.4 0.55 0.214645 0.635637 
2.45 0.55 0.175496 0.666008 
2.5 0.55 0.129907 0.69039 
2.55 0.55 0.0794943 0.707476 
2.6 0.55 0.0261043 0.716218 
2.65 0.55 -0.0282676 0.716036 
2.7 0.55 -0.0815742 0.706942 
2.75 0.55 -0.131824 0.689539 
2.8 0.55 -0.177179 0.664887 
2.85 0.55 -0.216033 0.6343 
2.9 0.55 -0.247061 0.599131 
2.95 0.55 -0.269244 0.560614 
3 0.55 -0.281868 0.519808 
3.05 0.55 -0.284524 0.477628 
3.1 0.55 -0.277099 0.43496 
3.15 0.55 -0.259781 0.392806 
3.2 0.55 -0.233068 0.352424 
3.25 0.55 -0.197788 0.315401 
3.3 0.55 -0.155106 0.283616 
3.35 0.55 -0.106521 0.259067 
3.4 0.55 -0.0538247 0.243561 
3.45 0.55 0.000968021 0.238369 
3.5 0.55 0.0557221 0.243939 
3.55 0.55 0.108305 0.259791 
3.6 0.55 0.156707 0.28463 
3.65 0.55 0.199146 0.316635 
3.7 0.55 0.234135 0.353811 
3.75 0.55 0.260521 0.394285 
3.8 0.55 0.277486 0.436481 
3.85 0.55 0.284544 0.479153 
3.9 0.55 0.281519 0.521303 
3.95 0.55 0.268533 0.562047 
4 0.55 0.246009 0.600466 
4.05 0.55 0.214671 0.635493 
4.1 0.55 0.175551 0.665888 
4.15 0.55 0.129987 0.690294 
4.2 0.55 0.0795961 0.707404 
4.25 0.55 0.0262266 0.716168 
4.3 0.55 -0.028123 0.716003 
4.35 0.55 -0.0814014 0.706918 
4.4 0.55 -0.131612 0.689511 
4.45 0.55 -0.176911 0.664841 
4.5 0.55 -0.215684 0.634217 
4.55 0.55 -0.246601 0.598991 
4.6 0.55 -0.268631 0.560395 
4.65 0.55 -0.281056 0.51949 
4.7 0.55 -0.28346 0.477198 
4.75 0.55 -0.275726 0.434417 
4.8 0.55 -0.258046 0.392168 
4.85 0.55 -0.230927 0.351737 
4.9 0.55 -0.19522 0.314743 
4.95 0.55 -0.152131 0.283095 
5 0.55 -0.103225 0.258803 
0 0.6 -0.143857 0.264632 
0.05 0.6 -0.0978719 0.23925 
0.1 0.6 -0.0480576 0.223315 
0.15 0.6 0.00370103 0.218212 
0.2 0.6 0.0553756 0.224409 
0.25 0.6 0.104928 0.241333 
0.3 0.6 0.150438 0.267509 
0.35 0.6 0.190211 0.300893 
0.4 0.6 0.222845 0.33927 
0.45 0.6 0.24727 0.38058 
0.5 0.6 0.262745 0.423107 
0.55 0.6 0.268847 0.465515 
0.6 0.6 0.265452 0.506769 
0.65 0.6 0.252717 0.546001 
0.7 0.6 0.231077 0.582379 
0.75 0.6 0.201242 0.615006 
0.8 0.6 0.164204 0.642886 
0.85 0.6 0.121224 0.664967 
0.9 0.6 0.0738132 0.680257 
0.95 0.6 0.0236827 0.687974 
1 0.6 -0.0273252 0.687692 
1.05 0.6 -0.0773247 0.679426 
1.1 0.6 -0.124479 0.663631 
1.15 0.6 -0.167089 0.641105 
1.2 0.6 -0.203657 0.612851 
1.25 0.6 -0.232938 0.579917 
1.3 0.6 -0.253957 0.543291 
1.35 0.6 -0.26602 0.503862 
1.4 0.6 -0.268707 0.462461 
1.45 0.6 -0.261874 0.419962 
1.5 0.6 -0.245664 0.377417 
1.55 0.6 -0.220514 0.336194 
1.6 0.6 -0.187184 0.298041 
1.65 0.6 -0.146766 0.265046 
1.7 0.6 -0.100683 0.239436 
1.75 0.6 -0.0506525 0.223236 
1.8 0.6 0.00138454 0.217868 
1.85 0.6 0.0533663 0.223831 
1.9 0.6 0.103234 0.240572 
1.95 0.6 0.149057 0.266628 
2 0.6 0.18913 0.299952 
2.05 0.6 0.222048 0.33832 
2.1 0.6 0.246736 0.379656 
2.15 0.6 0.262452 0.422233 
2.2 0.6 0.268773 0.464702 
2.25 0.6 0.265574 0.506023 
2.3 0.6 0.253012 0.545327 
2.35 0.6 0.231521 0.581782 
2.4 0.6 0.201812 0.614494 
2.45 0.6 0.164874 0.642468 
2.5 0.6 0.121969 0.664654 
2.55 0.6 0.0746044 0.680059 
2.6 0.6 0.0244924 0.687896 
2.65 0.6 -0.0265248 0.687732 
2.7 0.6 -0.0765598 0.679578 
2.75 0.6 -0.123774 0.663881 
2.8 0.6 -0.166462 0.641438 
2.85 0.6 -0.203126 0.613248 
2.9 0.6 -0.232513 0.580362 
2.95 0.6 -0.253645 0.543768 
3 0.6 -0.265824 0.504359 
3.05 0.6 -0.268626 0.462967 
3.1 0.6 -0.261904 0.420465 
3.15 0.6 -0.245797 0.377906 
3.2 0.6 -0.220741 0.336654 
3.25 0.6 -0.187492 0.298455 
3.3 0.6 -0.14714 0.265396 
3.35 0.6 -0.101106 0.239704 
3.4 0.6 -0.0511062 0.223408 
3.45 0.6 0.000918847 0.21794 
3.5 0.6 0.0529066 0.223805 
3.55 0.6 0.102797 0.240461 
3.6 0.6 0.148655 0.266452 
3.65 0.6 0.188773 0.299732 
3.7 0.6 0.221743 0.338075 
3.75 0.6 0.246486 0.379405 
3.8 0.6 0.262257 0.421987 
3.85 0.6 0.268631 0.464469 
3.9 0.6 0.26548 0.505809 
3.95 0.6 0.252961 0.545134 
4 0.6 0.231508 0.581611 
4.05 0.6 0.20183 0.614346 
4.1 0.6 0.164918 0.642342 
4.15 0.6 0.122033 0.664549 
4.2 0.6 0.0746865 0.679971 
4.25 0.6 0.0245914 0.68782 
4.3 0.6 -0.0264064 0.687661 
4.35 0.6 -0.0764153 0.679501 
4.4 0.6 -0.123591 0.663783 
4.45 0.6 -0.166223 0.641301 
4.5 0.6 -0.202803 0.613052 
4.55 0.6 -0.232072 0.580083 
4.6 0.6 -0.253044 0.543383 
4.65 0.6 -0.265012 0.503847 
4.7 0.6 -0.267547 0.462314 
4.75 0.6 -0.260499 0.419672 
4.8 0.6 -0.244011 0.376998 
4.85 0.6 -0.218531 0.335687 
4.9 0.6 -0.184841 0.297526 
4.95 0.6 -0.144075 0.264632 
5 0.6 -0.097724 0.23925 
0 0.65 -0.130538 0.244045 
0.05 0.65 -0.0887964 0.218417 
0.1 0.65 -0.043533 0.202304 
0.15 0.65 0.00351717 0.197169 
0.2 0.65 0.0504825 0.203501 
0.25 0.65 0.0954822 0.220687 
0.3 0.65 0.13675 0.247164 
0.35 0.65 0.172736 0.280775 
0.4 0.65 0.202171 0.319191 
0.45 0.65 0.224096 0.360254 
0.5 0.65 0.237866 0.402171 
0.55 0.65 0.243128 0.443555 
0.6 0.65 0.239803 0.483348 
0.65 0.65 0.228066 0.520704 
0.7 0.65 0.208339 0.554866 
0.75 0.65 0.181286 0.585079 
0.8 0.65 0.147814 0.610559 
0.85 0.65 0.109062 0.63051 
0.9 0.65 0.0663811 0.644205 
0.95 0.65 0.0212929 0.651079 
1 0.65 -0.0245715 0.650828 
1.05 0.65 -0.0695439 0.643463 
1.1 0.65 -0.111998 0.629307 
1.15 0.65 -0.150421 0.608939 
1.2 0.65 -0.183474 0.583092 
1.25 0.65 -0.210031 0.552561 
1.3 0.65 -0.229199 0.518127 
1.35 0.65 -0.240327 0.480543 
1.4 0.65 -0.243006 0.440567 
1.45 0.65 -0.237074 0.399056 
1.5 0.65 -0.222623 0.357088 
1.55 0.65 -0.200021 0.316086 
1.6 0.65 -0.169932 0.277878 
1.65 0.65 -0.133333 0.244655 
1.7 0.65 -0.0915166 0.218761 
1.75 0.65 -0.046056 0.202334 
1.8 0.65 0.00125909 0.196884 
1.85 0.65 0.0485231 0.202938 
1.9 0.65 0.0938335 0.21991 
1.95 0.65 0.13541 0.246251 
2 0.65 0.171692 0.279798 
2.05 0.65 0.201403 0.318208 
2.1 0.65 0.223584 0.359307 
2.15 0.65 0.237585 0.401285 
2.2 0.65 0.243053 0.442743 
2.25 0.65 0.239911 0.482616 
2.3 0.65 0.228334 0.520054 
2.35 0.65 0.208743 0.554301 
2.4 0.65 0.181804 0.584603 
2.45 0.65 0.148421 0.610177 
2.5 0.65 0.109735 0.630228 
2.55 0.65 0.0670946 0.644028 
2.6 0.65 0.0220218 0.651009 
2.65 0.65 -0.0238517 0.650863 
2.7 0.65 -0.0688564 0.643597 
2.75 0.65 -0.111363 0.62953 
2.8 0.65 -0.149857 0.609237 
2.85 0.65 -0.182995 0.583452 
2.9 0.65 -0.209647 0.55297 
2.95 0.65 -0.228917 0.518572 
3 0.65 -0.240149 0.481013 
3.05 0.65 -0.242932 0.441051 
3.1 0.65 -0.2371 0.399542 
3.15 0.65 -0.222744 0.357565 
3.2 0.65 -0.200227 0.316537 
3.25 0.65 -0.170211 0.278285 
3.3 0.65 -0.133673 0.244999 
3.35 0.65 -0.0919013 0.219022 
3.4 0.65 -0.0464689 0.2025 
3.45 0.65 0.000835352 0.196947 
3.5 0.65 0.0481051 0.202902 
3.55 0.65 0.0934361 0.219789 
3.6 0.65 0.135045 0.246063 
3.65 0.65 0.171369 0.279566 
3.7 0.65 0.201129 0.317953 
3.75 0.65 0.223359 0.359046 
3.8 0.65 0.23741 0.401032 
3.85 0.65 0.242926 0.442505 
3.9 0.65 0.239827 0.482398 
3.95 0.65 0.228287 0.519858 
4 0.65 0.208729 0.554127 
4.05 0.65 0.181815 0.584451 
4.1 0.65 0.148453 0.610044 
4.15 0.65 0.109783 0.630112 
4.2 0.65 0.0671558 0.643923 
4.25 0.65 0.0220957 0.650907 
4.3 0.65 -0.0237624 0.650755 
4.35 0.65 -0.0687447 0.643469 
4.4 0.65 -0.111217 0.629366 
4.45 0.65 -0.149657 0.609018 
4.5 0.65 -0.182715 0.583154 
4.55 0.65 -0.209253 0.552569 
4.6 0.65 -0.228366 0.518044 
4.65 0.65 -0.239391 0.480335 
4.7 0.65 -0.241912 0.440212 
4.75 0.65 -0.235761 0.398545 
4.8 0.65 -0.221033 0.35644 
4.85 0.65 -0.198105 0.31535 
4.9 0.65 -0.167665 0.277143 
4.95 0.65 -0.130733 0.244045 
5 0.65 -0.0886636 0.218417 
0 0.7 -0.11261 0.220173 
0.05 0.7 -0.0766017 0.195388 
0.1 0.7 -0.0375148 0.179798 
0.15 0.7 0.00313123 0.17485 
0.2 0.7 0.0436955 0.181026 
0.25 0.7 0.0825308 0.197712 
0.3 0.7 0.118095 0.223354 
0.35 0.7 0.149042 0.255814 
0.4 0.7 0.174279 0.292785 
0.45 0.7 0.192994 0.332137 
0.5 0.7 0.204651 0.372099 
0.55 0.7 0.208972 0.411298 
0.6 0.7 0.205915 0.448696 
0.65 0.7 0.195657 0.483482 
0.7 0.7 0.178581 0.514969 
0.75 0.7 0.155275 0.542519 
0.8 0.7 0.126524 0.56551 
0.85 0.7 0.0933069 0.583347 
0.9 0.7 0.0567719 0.5955 
0.95 0.7 0.0182066 0.601573 
1 0.7 -0.0210129 0.601351 
1.05 0.7 -0.0594806 0.594843 
1.1 0.7 -0.0958241 0.582274 
1.15 0.7 -0.128763 0.564053 
1.2 0.7 -0.157159 0.540712 
1.25 0.7 -0.180043 0.512848 
1.3 0.7 -0.19664 0.481083 
1.35 0.7 -0.206376 0.446056 
1.4 0.7 -0.208874 0.408458 
1.45 0.7 -0.203971 0.369112 
1.5 0.7 -0.191718 0.329082 
1.55 0.7 -0.172406 0.289772 
1.6 0.7 -0.146587 0.252992 
1.65 0.7 -0.115093 0.220907 
1.7 0.7 -0.0790366 0.195839 
1.75 0.7 -0.0397878 0.179911 
1.8 0.7 0.00108796 0.174621 
1.85 0.7 0.0419189 0.180496 
1.9 0.7 0.0810361 0.196953 
1.95 0.7 0.116882 0.22245 
2 0.7 0.148099 0.254843 
2.05 0.7 0.17359 0.291811 
2.1 0.7 0.192536 0.331204 
2.15 0.7 0.2044 0.371233 
2.2 0.7 0.208905 0.410513 
2.25 0.7 0.206009 0.447997 
2.3 0.7 0.19589 0.48287 
2.35 0.7 0.178932 0.514445 
2.4 0.7 0.155722 0.542084 
2.45 0.7 0.127048 0.565167 
2.5 0.7 0.0938851 0.583096 
2.55 0.7 0.0573836 0.595345 
2.6 0.7 0.0188305 0.601512 
2.65 0.7 -0.0203975 0.601383 
2.7 0.7 -0.0588933 0.594962 
2.75 0.7 -0.0952824 0.582472 
2.8 0.7 -0.128282 0.564319 
2.85 0.7 -0.15675 0.541036 
2.9 0.7 -0.179715 0.513219 
2.95 0.7 -0.196399 0.481491 
3 0.7 -0.206223 0.44649 
3.05 0.7 -0.208811 0.408908 
3.1 0.7 -0.203994 0.369569 
3.15 0.7 -0.191821 0.329531 
3.2 0.7 -0.172583 0.290199 
3.25 0.7 -0.146828 0.253378 
3.3 0.7 -0.115386 0.221233 
3.35 0.7 -0.0793694 0.196086 
3.4 0.7 -0.0401449 0.180065 
3.45 0.7 0.000721691 0.174676 
3.5 0.7 0.041558 0.180455 
3.55 0.7 0.0806936 0.196829 
3.6 0.7 0.116569 0.222261 
3.65 0.7 0.147823 0.254611 
3.7 0.7 0.173355 0.291558 
3.75 0.7 0.192345 0.330946 
3.8 0.7 0.204252 0.370982 
3.85 0.7 0.208797 0.410278 
3.9 0.7 0.205938 0.447782 
3.95 0.7 0.19585 0.482677 
4 0.7 0.178917 0.514273 
4.05 0.7 0.155729 0.541932 
4.1 0.7 0.127069 0.56503 
4.15 0.7 0.0939179 0.582971 
4.2 0.7 0.0574251 0.595225 
4.25 0.7 0.0188802 0.601389 
4.3 0.7 -0.0203369 0.601245 
4.35 0.7 -0.0588152 0.594794 
4.4 0.7 -0.0951753 0.582257 
4.45 0.7 -0.128129 0.564037 
4.5 0.7 -0.156525 0.540663 
4.55 0.7 -0.179388 0.512731 
4.6 0.7 -0.19593 0.480864 
4.65 0.7 -0.205566 0.445703 
4.7 0.7 -0.207915 0.407951 
4.75 0.7 -0.202807 0.368448 
4.8 0.7 -0.190299 0.328281 
4.85 0.7 -0.170692 0.288888 
4.9 0.7 -0.14456 0.252119 
4.95 0.7 -0.112771 0.220173 
5 0.7 -0.0764918 0.195388 
0 0.75 -0.0911133 0.192335 
0.05 0.75 -0.0619875 0.16962 
0.1 0.75 -0.0303393 0.155334 
0.15 0.75 0.00258137 0.150816 
0.2 0.75 0.0354268 0.156507 
0.25 0.75 0.0668466 0.171837 
0.3 0.75 0.0955802 0.195362 
0.35 0.75 0.120533 0.2251 
0.4 0.75 0.140826 0.258918 
0.45 0.75 0.155812 0.294839 
0.5 0.75 0.165075 0.331218 
0.55 0.75 0.168411 0.366777 
0.6 0.75 0.165805 0.400546 
0.65 0.75 0.157418 0.431777 
0.7 0.75 0.143574 0.459859 
0.75 0.75 0.124756 0.484253 
0.8 0.75 0.101601 0.504464 
0.85 0.75 0.0748952 0.52004 
0.9 0.75 0.0455561 0.530598 
0.95 0.75 0.014607 0.535856 
1 0.75 -0.0168605 0.535664 
1.05 0.75 -0.0477323 0.530029 
1.1 0.75 -0.0769197 0.519106 
1.15 0.75 -0.103405 0.503185 
1.2 0.75 -0.126277 0.482655 
1.25 0.75 -0.144758 0.457969 
1.3 0.75 -0.158219 0.429622 
1.35 0.75 -0.166186 0.398157 
1.4 0.75 -0.16834 0.364191 
1.45 0.75 -0.164531 0.328485 
1.5 0.75 -0.15478 0.292031 
1.55 0.75 -0.139303 0.25614 
1.6 0.75 -0.11853 0.222494 
1.65 0.75 -0.0931224 0.193102 
1.7 0.75 -0.0639798 0.170113 
1.75 0.75 -0.0322176 0.155496 
1.8 0.75 0.000881192 0.15064 
1.85 0.75 0.0339432 0.156033 
1.9 0.75 0.0655973 0.171135 
1.95 0.75 0.0945677 0.194516 
2 0.75 0.119749 0.224189 
2.05 0.75 0.140255 0.258004 
2.1 0.75 0.155435 0.293966 
2.15 0.75 0.164871 0.330413 
2.2 0.75 0.168358 0.366052 
2.25 0.75 0.165884 0.399906 
2.3 0.75 0.157609 0.431224 
2.35 0.75 0.14386 0.459391 
2.4 0.75 0.125119 0.483869 
2.45 0.75 0.102024 0.504163 
2.5 0.75 0.0753616 0.519824 
2.55 0.75 0.0460483 0.530466 
2.6 0.75 0.015108 0.535806 
2.65 0.75 -0.0163672 0.535694 
2.7 0.75 -0.0472619 0.530133 
2.75 0.75 -0.0764861 0.519278 
2.8 0.75 -0.10302 0.503418 
2.85 0.75 -0.12595 0.48294 
2.9 0.75 -0.144496 0.458297 
2.95 0.75 -0.158026 0.429985 
3 0.75 -0.166064 0.398545 
3.05 0.75 -0.16829 0.364596 
3.1 0.75 -0.16455 0.328897 
3.15 0.75 -0.154865 0.292437 
3.2 0.75 -0.139447 0.256527 
3.25 0.75 -0.118726 0.222845 
3.3 0.75 -0.0933606 0.193397 
3.35 0.75 -0.0642496 0.170337 
3.4 0.75 -0.0325071 0.155634 
3.45 0.75 0.000584508 0.150687 
3.5 0.75 0.0336512 0.155992 
3.55 0.75 0.0653208 0.171017 
3.6 0.75 0.0943154 0.194339 
3.65 0.75 0.119527 0.223973 
3.7 0.75 0.140067 0.257768 
3.75 0.75 0.155283 0.293725 
3.8 0.75 0.164754 0.330179 
3.85 0.75 0.168273 0.365833 
3.9 0.75 0.165828 0.399705 
3.95 0.75 0.157577 0.431041 
4 0.75 0.143848 0.459227 
4.05 0.75 0.125122 0.483722 
4.1 0.75 0.102037 0.504029 
4.15 0.75 0.0753815 0.519697 
4.2 0.75 0.0460729 0.53034 
4.25 0.75 0.0151369 0.535671 
4.3 0.75 -0.0163317 0.535538 
4.35 0.75 -0.0472144 0.529942 
4.4 0.75 -0.0764167 0.519036 
4.45 0.75 -0.102913 0.503104 
4.5 0.75 -0.125786 0.482532 
4.55 0.75 -0.144247 0.457772 
4.6 0.75 -0.157659 0.429321 
4.65 0.75 -0.16554 0.397725 
4.7 0.75 -0.167566 0.363611 
4.75 0.75 -0.163584 0.327756 
4.8 0.75 -0.15362 0.291177 
4.85 0.75 -0.137899 0.255216 
4.9 0.75 -0.116871 0.221589 
4.95 0.75 -0.091229 0.192335 
5 0.75 -0.0619085 0.16962 
0 0.8 -0.0675201 0.160313 
0.05 0.8 -0.0459442 0.14087 
0.1 0.8 -0.0224809 0.128652 
0.15 0.8 0.00192717 0.124799 
0.2 0.8 0.0262695 0.129684 
0.25 0.8 0.0495349 0.142817 
0.3 0.8 0.0707823 0.162962 
0.35 0.8 0.0891986 0.188423 
0.4 0.8 0.104136 0.217369 
0.45 0.8 0.115125 0.248101 
0.5 0.8 0.12187 0.279198 
0.55 0.8 0.124234 0.309546 
0.6 0.8 0.12222 0.338299 
0.65 0.8 0.115957 0.364809 
0.7 0.8 0.105695 0.388554 
0.75 0.8 0.0917926 0.409091 
0.8 0.8 0.0747233 0.426031 
0.85 0.8 0.0550639 0.439033 
0.9 0.8 0.0334858 0.447818 
0.95 0.8 0.0107353 0.452182 
1 0.8 -0.0123926 0.452024 
1.05 0.8 -0.035087 0.447344 
1.1 0.8 -0.0565549 0.438255 
1.15 0.8 -0.0760536 0.424961 
1.2 0.8 -0.0929169 0.407747 
1.25 0.8 -0.106573 0.386956 
1.3 0.8 -0.116556 0.362978 
1.35 0.8 -0.122509 0.33626 
1.4 0.8 -0.12419 0.307331 
1.45 0.8 -0.121475 0.276851 
1.5 0.8 -0.114366 0.245686 
1.55 0.8 -0.10301 0.214978 
1.6 0.8 -0.0877103 0.186179 
1.65 0.8 -0.0689508 0.161018 
1.7 0.8 -0.0473946 0.141339 
1.75 0.8 -0.0238729 0.128828 
1.8 0.8 0.000653155 0.124672 
1.85 0.8 0.0251515 0.129288 
1.9 0.8 0.0485922 0.142214 
1.95 0.8 0.0700194 0.162228 
2 0.8 0.08861 0.187629 
2.05 0.8 0.10371 0.216573 
2.1 0.8 0.114846 0.247342 
2.15 0.8 0.121721 0.278499 
2.2 0.8 0.124199 0.308919 
2.25 0.8 0.122282 0.337749 
2.3 0.8 0.116103 0.364336 
2.35 0.8 0.105909 0.388157 
2.4 0.8 0.0920632 0.408768 
2.45 0.8 0.0750372 0.425781 
2.5 0.8 0.0554084 0.438855 
2.55 0.8 0.0338483 0.44771 
2.6 0.8 0.0111036 0.452143 
2.65 0.8 -0.0120305 0.45205 
2.7 0.8 -0.0347421 0.447432 
2.75 0.8 -0.0562373 0.438399 
2.8 0.8 -0.0757718 0.425156 
2.85 0.8 -0.0926776 0.407986 
2.9 0.8 -0.106381 0.387232 
2.95 0.8 -0.116415 0.363284 
3 0.8 -0.12242 0.336589 
3.05 0.8 -0.124154 0.307675 
3.1 0.8 -0.12149 0.277201 
3.15 0.8 -0.11443 0.246032 
3.2 0.8 -0.103117 0.215307 
3.25 0.8 -0.0878559 0.186477 
3.3 0.8 -0.0691278 0.161269 
3.35 0.8 -0.047595 0.141529 
3.4 0.8 -0.0240876 0.128944 
3.45 0.8 0.000433288 0.12471 
3.5 0.8 0.0249355 0.12925 
3.55 0.8 0.0483881 0.142111 
3.6 0.8 0.0698337 0.162074 
3.65 0.8 0.0884474 0.187442 
3.7 0.8 0.103573 0.216367 
3.75 0.8 0.114736 0.247132 
3.8 0.8 0.121637 0.278295 
3.85 0.8 0.124138 0.308727 
3.9 0.8 0.122242 0.337572 
3.95 0.8 0.11608 0.364176 
4 0.8 0.1059 0.388012 
4.05 0.8 0.0920638 0.408636 
4.1 0.8 0.0750441 0.425659 
4.15 0.8 0.0554189 0.438737 
4.2 0.8 0.0338604 0.447589 
4.25 0.8 0.0111169 0.452011 
4.3 0.8 -0.0120143 0.451896 
4.35 0.8 -0.034719 0.447243 
4.4 0.8 -0.0561997 0.43816 
4.45 0.8 -0.0757084 0.424849 
4.5 0.8 -0.0925724 0.407591 
4.55 0.8 -0.106213 0.386729 
4.6 0.8 -0.116158 0.362656 
4.65 0.8 -0.122046 0.335821 
4.7 0.8 -0.123629 0.306761 
4.75 0.8 -0.120782 0.276154 
4.8 0.8 -0.113513 0.244885 
4.85 0.8 -0.101977 0.214123 
4.9 0.8 -0.0864969 0.185348 
4.95 0.8 -0.0675781 0.160313 
5 0.8 -0.0459044 0.14087 
0 0.85 -0.0437902 0.124323 
0.05 0.85 -0.0297944 0.109154 
0.1 0.85 -0.0145755 0.0996365 
0.15 0.85 0.00124658 0.0966429 
0.2 0.85 0.0170146 0.100455 
0.25 0.85 0.0320702 0.110695 
0.3 0.85 0.0458006 0.126408 
0.35 0.85 0.0576787 0.146283 
0.4 0.85 0.0672883 0.168898 
0.45 0.85 0.0743323 0.192925 
0.5 0.85 0.0786279 0.217243 
0.55 0.85 0.0800953 0.24097 
0.6 0.85 0.0787448 0.263431 
0.65 0.85 0.0746663 0.284109 
0.7 0.85 0.0680238 0.302592 
0.75 0.85 0.0590522 0.31854 
0.8 0.85 0.0480554 0.331661 
0.85 0.85 0.0354036 0.341709 
0.9 0.85 0.0215263 0.348484 
0.95 0.85 0.00690053 0.351846 
1 0.85 -0.0079663 0.351724 
1.05 0.85 -0.0225564 0.348119 
1.1 0.85 -0.0363635 0.341108 
1.15 0.85 -0.048913 0.330833 
1.2 0.85 -0.0597785 0.317496 
1.25 0.85 -0.0685932 0.301347 
1.3 0.85 -0.0750565 0.282679 
1.35 0.85 -0.0789368 0.261835 
1.4 0.85 -0.0800733 0.239234 
1.45 0.85 -0.0783791 0.215401 
1.5 0.85 -0.0738477 0.191029 
1.55 0.85 -0.066564 0.167022 
1.6 0.85 -0.0567173 0.144525 
1.65 0.85 -0.0446137 0.124888 
1.7 0.85 -0.0306805 0.109544 
1.75 0.85 -0.0154584 0.0997959 
1.8 0.85 0.000423086 0.0965592 
1.85 0.85 0.0162864 0.100154 
1.9 0.85 0.0314553 0.110226 
1.95 0.85 0.0453041 0.125832 
2 0.85 0.0572975 0.145658 
2.05 0.85 0.0670143 0.168269 
2.1 0.85 0.0741548 0.192324 
2.15 0.85 0.0785355 0.21669 
2.2 0.85 0.0800766 0.240475 
2.25 0.85 0.078789 0.262998 
2.3 0.85 0.0747636 0.283738 
2.35 0.85 0.068165 0.302282 
2.4 0.85 0.0592286 0.31829 
2.45 0.85 0.0482589 0.331469 
2.5 0.85 0.0356261 0.341572 
2.55 0.85 0.0217599 0.348402 
2.6 0.85 0.00713724 0.351817 
2.65 0.85 -0.00773394 0.351745 
2.7 0.85 -0.0223354 0.348188 
2.75 0.85 -0.0361603 0.34122 
2.8 0.85 -0.0487329 0.330984 
2.85 0.85 -0.0596258 0.317682 
2.9 0.85 -0.0684711 0.301562 
2.95 0.85 -0.0749671 0.282917 
3 0.85 -0.078881 0.262092 
3.05 0.85 -0.0800512 0.239502 
3.1 0.85 -0.0783897 0.215674 
3.15 0.85 -0.0738893 0.191299 
3.2 0.85 -0.0666339 0.167278 
3.25 0.85 -0.056812 0.144757 
3.3 0.85 -0.0447287 0.125083 
3.35 0.85 -0.0308105 0.109691 
3.4 0.85 -0.0155977 0.099886 
3.45 0.85 0.000280733 0.0965883 
3.5 0.85 0.0161469 0.100124 
3.55 0.85 0.0313238 0.110145 
3.6 0.85 0.0451849 0.125711 
3.65 0.85 0.0571935 0.14551 
3.7 0.85 0.0669273 0.168107 
3.75 0.85 0.0740852 0.192158 
3.8 0.85 0.0784826 0.216529 
3.85 0.85 0.0800389 0.240323 
3.9 0.85 0.0787645 0.262858 
3.95 0.85 0.0747498 0.283609 
4 0.85 0.0681594 0.302165 
4.05 0.85 0.0592286 0.318182 
4.1 0.85 0.0482621 0.331368 
4.15 0.85 0.0356305 0.341473 
4.2 0.85 0.0217641 0.348299 
4.25 0.85 0.00714093 0.351704 
4.3 0.85 -0.0077299 0.351612 
4.35 0.85 -0.0223284 0.348024 
4.4 0.85 -0.0361455 0.341014 
4.45 0.85 -0.0487028 0.330721 
4.5 0.85 -0.0595699 0.317347 
4.55 0.85 -0.0683755 0.301139 
4.6 0.85 -0.0748146 0.282392 
4.65 0.85 -0.0786516 0.261455 
4.7 0.85 -0.0797232 0.238751 
4.75 0.85 -0.0779427 0.21482 
4.8 0.85 -0.0733074 0.190371 
4.85 0.85 -0.0659116 0.166329 
4.9 0.85 -0.0559605 0.143859 
4.95 0.85 -0.0437787 0.124323 
5 0.85 -0.0298018 0.109154 
0 0.9 -0.0224402 0.08497 
0.05 0.9 -0.015239 0.0747218 
0.1 0.9 -0.00744697 0.0683099 
0.15 0.9 0.000631003 0.0662981 
0.2 0.9 0.00866996 0.0688684 
0.25 0.9 0.0163365 0.0757699 
0.3 0.9 0.0233176 0.0863732 
0.35 0.9 0.0293446 0.0998068 
0.4 0.9 0.0342075 0.115119 
0.45 0.9 0.037759 0.131414 
0.5 0.9 0.0399111 0.147927 
0.55 0.9 0.040628 0.164049 
0.6 0.9 0.039919 0.179313 
0.65 0.9 0.0378325 0.193359 
0.7 0.9 0.0344531 0.205903 
0.75 0.9 0.0299 0.216714 
0.8 0.9 0.0243265 0.225597 
0.85 0.9 0.0179193 0.23239 
0.9 0.9 0.0108944 0.236966 
0.95 0.9 0.00349216 0.239235 
1 0.9 -0.0040316 0.239153 
1.05 0.9 -0.0114159 0.23672 
1.1 0.9 -0.0184056 0.231983 
1.15 0.9 -0.0247616 0.225036 
1.2 0.9 -0.0302692 0.216006 
1.25 0.9 -0.0347436 0.205058 
1.3 0.9 -0.038033 0.192387 
1.35 0.9 -0.0400198 0.178227 
1.4 0.9 -0.0406209 0.162867 
1.45 0.9 -0.0397892 0.146673 
1.5 0.9 -0.0375172 0.130125 
1.55 0.9 -0.0338432 0.113845 
1.6 0.9 -0.0288585 0.0986157 
1.65 0.9 -0.0227151 0.0853468 
1.7 0.9 -0.0156291 0.0749967 
1.75 0.9 -0.00787737 0.0684297 
1.8 0.9 0.000215682 0.0662507 
1.85 0.9 0.00829933 0.0686709 
1.9 0.9 0.0160236 0.0754564 
1.95 0.9 0.023066 0.0859845 
2 0.9 0.0291528 0.099382 
2.05 0.9 0.034071 0.11469 
2.1 0.9 0.037672 0.131003 
2.15 0.9 0.0398674 0.147549 
2.2 0.9 0.0406215 0.163711 
2.25 0.9 0.0399441 0.179018 
2.3 0.9 0.037884 0.193106 
2.35 0.9 0.0345264 0.205692 
2.4 0.9 0.0299906 0.216544 
2.45 0.9 0.0244304 0.225466 
2.5 0.9 0.0180324 0.232298 
2.55 0.9 0.0110128 0.236911 
2.6 0.9 0.00361188 0.239216 
2.65 0.9 -0.0039143 0.239168 
2.7 0.9 -0.0113045 0.236766 
2.75 0.9 -0.0183033 0.23206 
2.8 0.9 -0.0246711 0.225138 
2.85 0.9 -0.0301926 0.216132 
2.9 0.9 -0.0346825 0.205204 
2.95 0.9 -0.0379885 0.192549 
3 0.9 -0.0399922 0.178401 
3.05 0.9 -0.0406103 0.163049 
3.1 0.9 -0.0397951 0.146858 
3.15 0.9 -0.0375389 0.130308 
3.2 0.9 -0.0338792 0.114019 
3.25 0.9 -0.028907 0.0987728 
3.3 0.9 -0.0227739 0.0854789 
3.35 0.9 -0.0156956 0.0750961 
3.4 0.9 -0.00794842 0.0684906 
3.45 0.9 0.000143169 0.0662705 
3.5 0.9 0.00822841 0.068651 
3.55 0.9 0.015957 0.0754017 
3.6 0.9 0.0230059 0.0859027 
3.65 0.9 0.0291007 0.0992819 
3.7 0.9 0.0340277 0.11458 
3.75 0.9 0.0376377 0.130891 
3.8 0.9 0.0398416 0.147438 
3.85 0.9 0.0406034 0.163606 
3.9 0.9 0.0399325 0.17892 
3.95 0.9 0.0378777 0.193017 
4 0.9 0.0345239 0.205611 
4.05 0.9 0.0299907 0.216469 
4.1 0.9 0.0244317 0.225395 
4.15 0.9 0.0180337 0.232227 
4.2 0.9 0.0110133 0.236837 
4.25 0.9 0.00361145 0.239134 
4.3 0.9 -0.00391539 0.239071 
4.35 0.9 -0.011305 0.236648 
4.4 0.9 -0.0183009 0.23191 
4.45 0.9 -0.0246619 0.224949 
4.5 0.9 -0.0301712 0.215892 
4.55 0.9 -0.0346418 0.204903 
4.6 0.9 -0.0379194 0.192177 
4.65 0.9 -0.0398843 0.177953 
4.7 0.9 -0.0404522 0.162524 
4.75 0.9 -0.0395761 0.146266 
4.8 0.9 -0.0372515 0.12967 
4.85 0.9 -0.0335236 0.113373 
4.9 0.9 -0.0284979 0.0981685 
4.95 0.9 -0.0223476 0.08497 
5 0.9 -0.0153019 0.0747218 
0 0.95 -0.00662948 0.0431553 
0.05 0.95 -0.0044179 0.0380611 
0.1 0.95 -0.00214475 0.0348903 
0.15 0.95 0.000179989 0.0338977 
0.2 0.95 0.0024858 0.0351695 
0.25 0.95 0.00468141 0.0385855 
0.3 0.95 0.00667704 0.0438423 
0.35 0.95 0.00839558 0.0505171 
0.4 0.95 0.00977765 0.058144 
0.45 0.95 0.0107826 0.0662787 
0.5 0.95 0.0113872 0.0745384 
0.55 0.95 0.011583 0.0826144 
0.6 0.95 0.0113739 0.0902671 
0.65 0.95 0.0107744 0.0973117 
0.7 0.95 0.00980887 0.103603 
0.75 0.95 0.00851088 0.109023 
0.8 0.95 0.00692368 0.113475 
0.85 0.95 0.00509983 0.116877 
0.9 0.95 0.00310051 0.119168 
0.95 0.95 0.000993873 0.120304 
1 0.95 -0.00114735 0.120263 
1.05 0.95 -0.00324892 0.119045 
1.1 0.95 -0.0052383 0.116674 
1.15 0.95 -0.00704767 0.113193 
1.2 0.95 -0.00861632 0.108668 
1.25 0.95 -0.00989215 0.103179 
1.3 0.95 -0.0108324 0.0968235 
1.35 0.95 -0.0114038 0.0897217 
1.4 0.95 -0.0115825 0.0820211 
1.45 0.95 -0.0113543 0.0739101 
1.5 0.95 -0.0107156 0.0656339 
1.55 0.95 -0.00967556 0.0575085 
1.6 0.95 -0.00825837 0.0499248 
1.65 0.95 -0.00650596 0.0433338 
1.7 0.95 -0.00447953 0.0382042 
1.75 0.95 -0.00225876 0.034955 
1.8 0.95 6.18737e-05 0.033878 
1.85 0.95 0.00237976 0.0350743 
1.9 0.95 0.0045925 0.0384318 
1.95 0.95 0.00660626 0.0436502 
2 0.95 0.00834224 0.050306 
2.05 0.95 0.00974027 0.0579298 
2.1 0.95 0.0107594 0.066073 
2.15 0.95 0.0113762 0.0743484 
2.2 0.95 0.0115824 0.0824441 
2.25 0.95 0.011382 0.0901181 
2.3 0.95 0.0107899 0.0971843 
2.35 0.95 0.00983031 0.103497 
2.4 0.95 0.00853709 0.108938 
2.45 0.95 0.00695351 0.113409 
2.5 0.95 0.00513216 0.116831 
2.55 0.95 0.00313423 0.119141 
2.6 0.95 0.00102789 0.120294 
2.65 0.95 -0.00111409 0.12027 
2.7 0.95 -0.00321741 0.119068 
2.75 0.95 -0.00520942 0.116712 
2.8 0.95 -0.00702218 0.113245 
2.85 0.95 -0.00859481 0.108731 
2.9 0.95 -0.00987505 0.103252 
2.95 0.95 -0.01082 0.0969045 
3 0.95 -0.0113962 0.089809 
3.05 0.95 -0.0115797 0.0821124 
3.1 0.95 -0.0113562 0.0740029 
3.15 0.95 -0.0107219 0.0657255 
3.2 0.95 -0.00968598 0.0575954 
3.25 0.95 -0.00827237 0.0500032 
3.3 0.95 -0.0065229 0.0433996 
3.35 0.95 -0.00449864 0.0382537 
3.4 0.95 -0.00227917 0.0349854 
3.45 0.95 4.10953e-05 0.0338881 
3.5 0.95 0.0023595 0.0350647 
3.55 0.95 0.00457356 0.0384049 
3.6 0.95 0.00658927 0.0436098 
3.65 0.95 0.00832763 0.0502563 
3.7 0.95 0.00972824 0.057875 
3.75 0.95 0.0107499 0.0660166 
3.8 0.95 0.0113692 0.074293 
3.85 0.95 0.0115776 0.0823914 
3.9 0.95 0.0113791 0.090069 
3.95 0.95 0.0107884 0.0971392 
4 0.95 0.00982985 0.103455 
4.05 0.95 0.00853724 0.108899 
4.1 0.95 0.00695386 0.113372 
4.15 0.95 0.00513238 0.116794 
4.2 0.95 0.00313405 0.119102 
4.25 0.95 0.00102718 0.120252 
4.3 0.95 -0.00111527 0.12022 
4.35 0.95 -0.00321875 0.119006 
4.4 0.95 -0.00521029 0.116634 
4.45 0.95 -0.00702153 0.113147 
4.5 0.95 -0.00859112 0.108607 
4.55 0.95 -0.00986625 0.103097 
4.6 0.95 -0.0108035 0.0967147 
4.65 0.95 -0.0113688 0.0895811 
4.7 0.95 -0.011538 0.0818466 
4.75 0.95 -0.0112968 0.0737046 
4.8 0.95 -0.0106427 0.0654065 
4.85 0.95 -0.009588 0.0572755 
4.9 0.95 -0.00816601 0.0497084 
4.95 0.95 -0.00644382 0.0431553 
5 0.95 -0.00454474 0.0380611 
0 1 0 0 
0.05 1 0 0 
0.1 1 0 0 
0.15 1 0 0 
0.2 1 0 0 
0.25 1 0 0 
0.3 1 0 0 
0.35 1 0 0 
0.4 1 0 0 
0.45 1 0 0 
0.5 1 0 0 
0.55 1 0 0 
0.6 1 0 0 
0.65 1 0 0 
0.7 1 0 0 
0.75 1 0 0 
0.8 1 0 0 
0.85 1 0 0 
0.9 1 0 0 
0.95 1 0 0 
1 1 0 0 
1.05 1 0 0 
1.1 1 0 0 
1.15 1 0 0 
1.2 1 0 0 
1.25 1 0 0 
1.3 1 0 0 
1.35 1 0 0 
1.4 1 0 0 
1.45 1 0 0 
1.5 1 0 0 
1.55 1 0 0 
1.6 1 0 0 
1.65 1 0 0 
1.7 1 0 0 
1.75 1 0 0 
1.8 1 0 0 
1.85 1 0 0 
1.9 1 0 0 
1.95 1 0 0 
2 1 0 0 
2.05 1 0 0 
2.1 1 0 0 
2.15 1 0 0 
2.2 1 0 0 
2.25 1 0 0 
2.3 1 0 0 
2.35 1 0 0 
2.4 1 0 0 
2.45 1 0 0 
2.5 1 0 0 
2.55 1 0 0 
2.6 1 0 0 
2.65 1 0 0 
2.7 1 0 0 
2.75 1 0 0 
2.8 1 0 0 
2.85 1 0 0 
2.9 1 0 0 
2.95 1 0 0 
3 1 0 0 
3.05 1 0 0 
3.1 1 0 0 
3.15 1 0 0 
3.2 1 0 0 
3.25 1 0 0 
3.3 1 0 0 
3.35 1 0 0 
3.4 1 0 0 
3.45 1 0 0 
3.5 1 0 0 
3.55 1 0 0 
3.6 1 0 0 
3.65 1 0 0 
3.7 1 0 0 
3.75 1 0 0 
3.8 1 0 0 
3.85 1 0 0 
3.9 1 0 0 
3.95 1 0 0 
4 1 0 0 
4.05 1 0 0 
4.1 1 0 0 
4.15 1 0 0 
4.2 1 0 0 
4.25 1 0 0 
4.3 1 0 0 
4.35 1 0 0 
4.4 1 0 0 
4.45 1 0 0 
4.5 1 0 0 
4.55 1 0 0 
4.6 1 0 0 
4.65 1 0 0 
4.7 1 0 0 
4.75 1 0 0 
4.8 1 0 0 
4.85 1 0 0 
4.9 1 0 0 
4.95 1 0 0 
5 1 0 0 
