x, y, ksi, T
#iter= 1350000
0 0 0 1 
0.05 0 0 1 
0.1 0 0 1 
0.15 0 0 1 
0.2 0 0 1 
0.25 0 0 1 
0.3 0 0 1 
0.35 0 0 1 
0.4 0 0 1 
0.45 0 0 1 
0.5 0 0 1 
0.55 0 0 1 
0.6 0 0 1 
0.65 0 0 1 
0.7 0 0 1 
0.75 0 0 1 
0.8 0 0 1 
0.85 0 0 1 
0.9 0 0 1 
0.95 0 0 1 
1 0 0 1 
1.05 0 0 1 
1.1 0 0 1 
1.15 0 0 1 
1.2 0 0 1 
1.25 0 0 1 
1.3 0 0 1 
1.35 0 0 1 
1.4 0 0 1 
1.45 0 0 1 
1.5 0 0 1 
1.55 0 0 1 
1.6 0 0 1 
1.65 0 0 1 
1.7 0 0 1 
1.75 0 0 1 
1.8 0 0 1 
1.85 0 0 1 
1.9 0 0 1 
1.95 0 0 1 
2 0 0 1 
2.05 0 0 1 
2.1 0 0 1 
2.15 0 0 1 
2.2 0 0 1 
2.25 0 0 1 
2.3 0 0 1 
2.35 0 0 1 
2.4 0 0 1 
2.45 0 0 1 
2.5 0 0 1 
2.55 0 0 1 
2.6 0 0 1 
2.65 0 0 1 
2.7 0 0 1 
2.75 0 0 1 
2.8 0 0 1 
2.85 0 0 1 
2.9 0 0 1 
2.95 0 0 1 
3 0 0 1 
3.05 0 0 1 
3.1 0 0 1 
3.15 0 0 1 
3.2 0 0 1 
3.25 0 0 1 
3.3 0 0 1 
3.35 0 0 1 
3.4 0 0 1 
3.45 0 0 1 
3.5 0 0 1 
3.55 0 0 1 
3.6 0 0 1 
3.65 0 0 1 
3.7 0 0 1 
3.75 0 0 1 
3.8 0 0 1 
3.85 0 0 1 
3.9 0 0 1 
3.95 0 0 1 
4 0 0 1 
4.05 0 0 1 
4.1 0 0 1 
4.15 0 0 1 
4.2 0 0 1 
4.25 0 0 1 
4.3 0 0 1 
4.35 0 0 1 
4.4 0 0 1 
4.45 0 0 1 
4.5 0 0 1 
4.55 0 0 1 
4.6 0 0 1 
4.65 0 0 1 
4.7 0 0 1 
4.75 0 0 1 
4.8 0 0 1 
4.85 0 0 1 
4.9 0 0 1 
4.95 0 0 1 
5 0 0 1 
0 0.05 -0.006505 0.884794 
0.05 0.05 -0.00441374 0.881759 
0.1 0.05 -0.00223132 0.879974 
0.15 0.05 -2.2008e-05 0.879416 
0.2 0.05 0.00215673 0.880068 
0.25 0.05 0.00424112 0.881902 
0.3 0.05 0.00616642 0.884875 
0.35 0.05 0.00787179 0.888929 
0.4 0.05 0.0093032 0.893987 
0.45 0.05 0.010415 0.899958 
0.5 0.05 0.0111705 0.906734 
0.55 0.05 0.011542 0.914181 
0.6 0.05 0.0115112 0.922133 
0.65 0.05 0.0110697 0.930373 
0.7 0.05 0.0102204 0.938622 
0.75 0.05 0.00898004 0.946523 
0.8 0.05 0.00738193 0.953652 
0.85 0.05 0.00547802 0.959542 
0.9 0.05 0.00333944 0.963739 
0.95 0.05 0.00105428 0.965883 
1 0.05 -0.00127777 0.965775 
1.05 0.05 -0.00355312 0.963425 
1.1 0.05 -0.00567288 0.959051 
1.15 0.05 -0.00755043 0.953026 
1.2 0.05 -0.00911644 0.945807 
1.25 0.05 -0.0103208 0.93786 
1.3 0.05 -0.0111321 0.929605 
1.35 0.05 -0.0115352 0.921389 
1.4 0.05 -0.0115283 0.913487 
1.45 0.05 -0.0111214 0.90611 
1.5 0.05 -0.0103343 0.89942 
1.55 0.05 -0.00919622 0.893548 
1.6 0.05 -0.00774588 0.888601 
1.65 0.05 -0.00603146 0.884667 
1.7 0.05 -0.00411016 0.881817 
1.75 0.05 -0.00204703 0.880105 
1.8 0.05 8.7033e-05 0.879562 
1.85 0.05 0.00221808 0.8802 
1.9 0.05 0.00427229 0.882007 
1.95 0.05 0.00617914 0.884947 
2 0.05 0.00787414 0.888966 
2.05 0.05 0.00930078 0.893992 
2.1 0.05 0.0104116 0.899935 
2.15 0.05 0.0111688 0.906686 
2.2 0.05 0.0115437 0.914113 
2.25 0.05 0.0115172 0.92205 
2.3 0.05 0.0110806 0.930281 
2.35 0.05 0.0102362 0.938526 
2.4 0.05 0.00900066 0.946431 
2.45 0.05 0.0074068 0.95357 
2.5 0.05 0.00550632 0.959477 
2.55 0.05 0.00337009 0.963698 
2.6 0.05 0.00108601 0.96587 
2.65 0.05 -0.0012463 0.965791 
2.7 0.05 -0.00352323 0.96347 
2.75 0.05 -0.00564574 0.959119 
2.8 0.05 -0.00752697 0.953112 
2.85 0.05 -0.00909732 0.945905 
2.9 0.05 -0.0103064 0.937964 
2.95 0.05 -0.0111226 0.92971 
3 0.05 -0.0115304 0.921491 
3.05 0.05 -0.0115281 0.913584 
3.1 0.05 -0.0111255 0.906199 
3.15 0.05 -0.0103422 0.8995 
3.2 0.05 -0.00920741 0.893619 
3.25 0.05 -0.00775985 0.888662 
3.3 0.05 -0.0060476 0.884717 
3.35 0.05 -0.00412782 0.881857 
3.4 0.05 -0.00206555 0.880134 
3.45 0.05 6.83222e-05 0.879581 
3.5 0.05 0.00219982 0.880209 
3.55 0.05 0.00425505 0.882006 
3.6 0.05 0.00616343 0.884938 
3.65 0.05 0.00786037 0.88895 
3.7 0.05 0.00928925 0.893969 
3.75 0.05 0.0104026 0.899906 
3.8 0.05 0.0111622 0.906653 
3.85 0.05 0.0115397 0.914077 
3.9 0.05 0.0115159 0.922012 
3.95 0.05 0.0110817 0.930242 
4 0.05 0.0102398 0.938488 
4.05 0.05 0.00900657 0.946396 
4.1 0.05 0.00741484 0.953541 
4.15 0.05 0.00551625 0.959457 
4.2 0.05 0.00338163 0.96369 
4.25 0.05 0.0010988 0.965877 
4.3 0.05 -0.00123269 0.965817 
4.35 0.05 -0.00350925 0.963515 
4.4 0.05 -0.00563191 0.959186 
4.45 0.05 -0.0075139 0.9532 
4.5 0.05 -0.00908579 0.946015 
4.55 0.05 -0.0102976 0.938095 
4.6 0.05 -0.0111181 0.929861 
4.65 0.05 -0.011533 0.921663 
4.7 0.05 -0.0115421 0.913774 
4.75 0.05 -0.0111574 0.906403 
4.8 0.05 -0.0104021 0.89971 
4.85 0.05 -0.0093111 0.893819 
4.9 0.05 -0.00793187 0.888825 
4.95 0.05 -0.00632439 0.884794 
5 0.05 -0.00453765 0.881759 
0 0.1 -0.021949 0.770922 
0.05 0.1 -0.015114 0.764963 
0.1 0.1 -0.00767859 0.761387 
0.15 0.1 -1.0746e-05 0.760252 
0.2 0.1 0.00760531 0.761541 
0.25 0.1 0.0149119 0.765196 
0.3 0.1 0.0216682 0.771128 
0.35 0.1 0.0276542 0.779214 
0.4 0.1 0.0326762 0.789301 
0.45 0.1 0.0365711 0.801206 
0.5 0.1 0.0392079 0.814712 
0.55 0.1 0.0404895 0.829562 
0.6 0.1 0.040353 0.845428 
0.65 0.1 0.0387725 0.861891 
0.7 0.1 0.0357641 0.8784 
0.75 0.1 0.0313934 0.894249 
0.8 0.1 0.0257828 0.908583 
0.85 0.1 0.0191179 0.920454 
0.9 0.1 0.0116476 0.928931 
0.95 0.1 0.00367585 0.933265 
1 0.1 -0.00445605 0.933047 
1.05 0.1 -0.0123943 0.928296 
1.1 0.1 -0.0198002 0.919462 
1.15 0.1 -0.0263745 0.907321 
1.2 0.1 -0.0318743 0.892809 
1.25 0.1 -0.0361203 0.876872 
1.3 0.1 -0.0389961 0.860352 
1.35 0.1 -0.0404418 0.84394 
1.4 0.1 -0.0404462 0.828172 
1.45 0.1 -0.0390401 0.813461 
1.5 0.1 -0.0362915 0.800124 
1.55 0.1 -0.0323034 0.788415 
1.6 0.1 -0.0272131 0.778545 
1.65 0.1 -0.0211917 0.770693 
1.7 0.1 -0.0144417 0.765002 
1.75 0.1 -0.00719264 0.761582 
1.8 0.1 0.000305762 0.760498 
1.85 0.1 0.00779355 0.761773 
1.9 0.1 0.0150112 0.765381 
1.95 0.1 0.0217103 0.771252 
2 0.1 0.0276633 0.779274 
2.05 0.1 0.0326699 0.7893 
2.1 0.1 0.0365619 0.80115 
2.15 0.1 0.0392045 0.81461 
2.2 0.1 0.0404976 0.829421 
2.25 0.1 0.040376 0.845259 
2.3 0.1 0.0388122 0.861704 
2.35 0.1 0.0358211 0.878206 
2.4 0.1 0.0314667 0.894061 
2.45 0.1 0.0258707 0.908416 
2.5 0.1 0.0192174 0.920322 
2.55 0.1 0.0117551 0.928847 
2.6 0.1 0.00378704 0.933239 
2.65 0.1 -0.0043458 0.93308 
2.7 0.1 -0.0122895 0.928385 
2.75 0.1 -0.0197048 0.9196 
2.8 0.1 -0.0262917 0.907495 
2.85 0.1 -0.0318064 0.893006 
2.9 0.1 -0.0360688 0.87708 
2.95 0.1 -0.0389614 0.860561 
3 0.1 -0.0404239 0.844143 
3.05 0.1 -0.0404444 0.828365 
3.1 0.1 -0.0390533 0.813639 
3.15 0.1 -0.0363183 0.800284 
3.2 0.1 -0.032342 0.788555 
3.25 0.1 -0.0272617 0.778666 
3.3 0.1 -0.021248 0.770793 
3.35 0.1 -0.0145035 0.765081 
3.4 0.1 -0.00725764 0.761639 
3.45 0.1 0.000239958 0.760535 
3.5 0.1 0.00772919 0.76179 
3.55 0.1 0.0149503 0.76538 
3.6 0.1 0.0216547 0.771234 
3.65 0.1 0.0276144 0.779241 
3.7 0.1 0.0326288 0.789254 
3.75 0.1 0.0365293 0.801093 
3.8 0.1 0.0391809 0.814545 
3.85 0.1 0.0404832 0.829349 
3.9 0.1 0.0403707 0.845183 
3.95 0.1 0.0388159 0.861626 
4 0.1 0.0358333 0.878129 
4.05 0.1 0.031487 0.893991 
4.1 0.1 0.0258984 0.908358 
4.15 0.1 0.0192518 0.920281 
4.2 0.1 0.011795 0.928831 
4.25 0.1 0.0038312 0.933253 
4.3 0.1 -0.00429875 0.93313 
4.35 0.1 -0.0122411 0.928474 
4.4 0.1 -0.0196569 0.919731 
4.45 0.1 -0.0262464 0.907668 
4.5 0.1 -0.0317664 0.893221 
4.55 0.1 -0.0360379 0.877336 
4.6 0.1 -0.0389453 0.860858 
4.65 0.1 -0.0404311 0.844478 
4.7 0.1 -0.040488 0.828734 
4.75 0.1 -0.0391522 0.814034 
4.8 0.1 -0.0364988 0.800687 
4.85 0.1 -0.0326382 0.788934 
4.9 0.1 -0.0277092 0.778962 
4.95 0.1 -0.0218585 0.770922 
5 0.1 -0.015174 0.764963 
0 0.15 -0.0427632 0.663187 
0.05 0.15 -0.0294137 0.654487 
0.1 0.15 -0.0148958 0.649219 
0.15 0.15 0.000138909 0.647526 
0.2 0.15 0.0151177 0.649414 
0.25 0.15 0.029512 0.654805 
0.3 0.15 0.042832 0.663563 
0.35 0.15 0.0546334 0.675497 
0.4 0.15 0.0645273 0.690372 
0.45 0.15 0.0721875 0.707911 
0.5 0.15 0.0773543 0.727794 
0.55 0.15 0.0798366 0.749641 
0.6 0.15 0.0795146 0.772983 
0.65 0.15 0.0763441 0.797216 
0.7 0.15 0.070366 0.821543 
0.75 0.15 0.0617189 0.844934 
0.8 0.15 0.0506524 0.866127 
0.85 0.15 0.0375361 0.88371 
0.9 0.15 0.0228588 0.896285 
0.95 0.15 0.00721185 0.902723 
1 0.15 -0.0087445 0.902397 
1.05 0.15 -0.0243268 0.895342 
1.1 0.15 -0.0388795 0.882239 
1.15 0.15 -0.0518201 0.864257 
1.2 0.15 -0.062671 0.842803 
1.25 0.15 -0.0710743 0.819285 
1.3 0.15 -0.0767922 0.794942 
1.35 0.15 -0.0796969 0.770782 
1.4 0.15 -0.0797575 0.747582 
1.45 0.15 -0.0770276 0.725931 
1.5 0.15 -0.071637 0.70629 
1.55 0.15 -0.0637874 0.689028 
1.6 0.15 -0.0537503 0.67446 
1.65 0.15 -0.0418649 0.662853 
1.7 0.15 -0.0285335 0.654432 
1.75 0.15 -0.0142121 0.649365 
1.8 0.15 0.000604091 0.647759 
1.85 0.15 0.0153992 0.649648 
1.9 0.15 0.0296584 0.654992 
1.95 0.15 0.0428887 0.663679 
2 0.15 0.0546382 0.675535 
2.05 0.15 0.0645092 0.690333 
2.1 0.15 0.0721679 0.707802 
2.15 0.15 0.0773483 0.727623 
2.2 0.15 0.0798544 0.74942 
2.25 0.15 0.0795623 0.772724 
2.3 0.15 0.0764249 0.796933 
2.35 0.15 0.0704804 0.821251 
2.4 0.15 0.0618652 0.844653 
2.45 0.15 0.0508268 0.865878 
2.5 0.15 0.037733 0.883513 
2.55 0.15 0.0230711 0.896161 
2.6 0.15 0.00743102 0.902683 
2.65 0.15 -0.00852719 0.902446 
2.7 0.15 -0.02412 0.895475 
2.75 0.15 -0.0386909 0.882443 
2.8 0.15 -0.0516559 0.864514 
2.85 0.15 -0.0625358 0.843094 
2.9 0.15 -0.070971 0.819591 
2.95 0.15 -0.076722 0.79525 
3 0.15 -0.0796598 0.771081 
3.05 0.15 -0.0797522 0.747864 
3.1 0.15 -0.0770521 0.726192 
3.15 0.15 -0.0716885 0.706524 
3.2 0.15 -0.0638626 0.689234 
3.25 0.15 -0.0538453 0.674636 
3.3 0.15 -0.0419756 0.662999 
3.35 0.15 -0.0286554 0.654547 
3.4 0.15 -0.0143404 0.649449 
3.45 0.15 0.000473953 0.647812 
3.5 0.15 0.0152717 0.649672 
3.55 0.15 0.0295376 0.654989 
3.6 0.15 0.0427782 0.663651 
3.65 0.15 0.0545407 0.675485 
3.7 0.15 0.0644271 0.690265 
3.75 0.15 0.0721026 0.707717 
3.8 0.15 0.0773008 0.727526 
3.85 0.15 0.079825 0.749313 
3.9 0.15 0.079551 0.772612 
3.95 0.15 0.0764311 0.796818 
4 0.15 0.0705035 0.821139 
4.05 0.15 0.0619042 0.844549 
4.1 0.15 0.0508802 0.865791 
4.15 0.15 0.0377993 0.883452 
4.2 0.15 0.0231481 0.896135 
4.25 0.15 0.00751643 0.902701 
4.3 0.15 -0.00843608 0.902517 
4.35 0.15 -0.0240261 0.895602 
4.4 0.15 -0.0385975 0.882629 
4.45 0.15 -0.0515667 0.86476 
4.5 0.15 -0.0624555 0.843399 
4.55 0.15 -0.0709059 0.819954 
4.6 0.15 -0.0766815 0.795667 
4.65 0.15 -0.0796576 0.771549 
4.7 0.15 -0.0798084 0.748375 
4.75 0.15 -0.0771942 0.726733 
4.8 0.15 -0.0719519 0.707069 
4.85 0.15 -0.0642863 0.689737 
4.9 0.15 -0.0544566 0.675026 
4.95 0.15 -0.0427492 0.663187 
5 0.15 -0.0294206 0.654487 
0 0.2 -0.0659117 0.567321 
0.05 0.2 -0.0452243 0.556177 
0.1 0.2 -0.0227873 0.5494 
0.15 0.2 0.000473852 0.547207 
0.2 0.2 0.023682 0.549635 
0.25 0.2 0.0460054 0.556599 
0.3 0.2 0.0666685 0.567911 
0.35 0.2 0.0849696 0.583307 
0.4 0.2 0.100296 0.602459 
0.45 0.2 0.112138 0.624994 
0.5 0.2 0.120091 0.650489 
0.55 0.2 0.123863 0.678459 
0.6 0.2 0.123276 0.708314 
0.65 0.2 0.118273 0.739296 
0.7 0.2 0.108929 0.770401 
0.75 0.2 0.0954732 0.800329 
0.8 0.2 0.0783026 0.827471 
0.85 0.2 0.0579947 0.850009 
0.9 0.2 0.0353037 0.866143 
0.95 0.2 0.011135 0.874407 
1 0.2 -0.0135046 0.873988 
1.05 0.2 -0.0375748 0.864931 
1.1 0.2 -0.0600759 0.84812 
1.15 0.2 -0.0801154 0.82507 
1.2 0.2 -0.0969554 0.797596 
1.25 0.2 -0.110036 0.767504 
1.3 0.2 -0.118977 0.736375 
1.35 0.2 -0.123569 0.705481 
1.4 0.2 -0.123748 0.675798 
1.45 0.2 -0.119587 0.648066 
1.5 0.2 -0.111278 0.622861 
1.55 0.2 -0.0991304 0.60066 
1.6 0.2 -0.0835632 0.581877 
1.65 0.2 -0.0651042 0.566876 
1.7 0.2 -0.0443816 0.555968 
1.75 0.2 -0.0221084 0.549394 
1.8 0.2 0.000939642 0.547309 
1.85 0.2 0.0239547 0.549762 
1.9 0.2 0.0461303 0.556694 
1.95 0.2 0.0666947 0.567945 
2 0.2 0.0849409 0.583266 
2.05 0.2 0.100248 0.602342 
2.1 0.2 0.112098 0.624803 
2.15 0.2 0.120078 0.650234 
2.2 0.2 0.123891 0.678151 
2.25 0.2 0.123352 0.707965 
2.3 0.2 0.1184 0.73892 
2.35 0.2 0.109109 0.77002 
2.4 0.2 0.0957025 0.799964 
2.45 0.2 0.0785749 0.827147 
2.5 0.2 0.0583011 0.849755 
2.55 0.2 0.0356333 0.865982 
2.6 0.2 0.011475 0.874355 
2.65 0.2 -0.0131675 0.874051 
2.7 0.2 -0.0372538 0.865101 
2.75 0.2 -0.0597827 0.848381 
2.8 0.2 -0.0798596 0.825399 
2.85 0.2 -0.096744 0.797968 
2.9 0.2 -0.109874 0.767895 
2.95 0.2 -0.118866 0.736768 
3 0.2 -0.123509 0.705862 
3.05 0.2 -0.123737 0.676158 
3.1 0.2 -0.119622 0.648398 
3.15 0.2 -0.111356 0.62316 
3.2 0.2 -0.0992457 0.600924 
3.25 0.2 -0.0837097 0.582103 
3.3 0.2 -0.0652755 0.567062 
3.35 0.2 -0.0445706 0.556114 
3.4 0.2 -0.0223079 0.549499 
3.45 0.2 0.000737015 0.547374 
3.5 0.2 0.0237559 0.549789 
3.55 0.2 0.0459417 0.556687 
3.6 0.2 0.0665219 0.567906 
3.65 0.2 0.0847884 0.583199 
3.7 0.2 0.10012 0.602251 
3.75 0.2 0.111995 0.624693 
3.8 0.2 0.120003 0.650108 
3.85 0.2 0.123844 0.678013 
3.9 0.2 0.123333 0.70782 
3.95 0.2 0.118409 0.738773 
4 0.2 0.109143 0.769876 
4.05 0.2 0.095761 0.799832 
4.1 0.2 0.0786556 0.827036 
4.15 0.2 0.0584013 0.849675 
4.2 0.2 0.0357499 0.865947 
4.25 0.2 0.0116044 0.874375 
4.3 0.2 -0.0130292 0.874136 
4.35 0.2 -0.0371106 0.865257 
4.4 0.2 -0.0596389 0.84861 
4.45 0.2 -0.07972 0.8257 
4.5 0.2 -0.0966142 0.798339 
4.55 0.2 -0.109761 0.768332 
4.6 0.2 -0.118782 0.737265 
4.65 0.2 -0.123467 0.706413 
4.7 0.2 -0.123761 0.676752 
4.75 0.2 -0.119739 0.649016 
4.8 0.2 -0.1116 0.623774 
4.85 0.2 -0.0996473 0.601485 
4.9 0.2 -0.0842795 0.582547 
4.95 0.2 -0.0659619 0.567321 
5 0.2 -0.0451873 0.556177 
0 0.25 -0.0890181 0.487592 
0.05 0.25 -0.0609307 0.474333 
0.1 0.25 -0.0305342 0.466251 
0.15 0.25 0.00098635 0.46363 
0.2 0.25 0.0324559 0.466545 
0.25 0.25 0.0627371 0.474896 
0.3 0.25 0.0907625 0.488436 
0.35 0.25 0.115566 0.506805 
0.4 0.25 0.136307 0.529567 
0.45 0.25 0.152291 0.55624 
0.5 0.25 0.162972 0.586301 
0.55 0.25 0.167963 0.619173 
0.6 0.25 0.167034 0.65417 
0.65 0.25 0.160125 0.690424 
0.7 0.25 0.147359 0.726785 
0.75 0.25 0.129059 0.761751 
0.8 0.25 0.105778 0.793455 
0.85 0.25 0.0783019 0.819782 
0.9 0.25 0.0476468 0.838629 
0.95 0.25 0.015024 0.848283 
1 0.25 -0.0182254 0.847793 
1.05 0.25 -0.0507173 0.837211 
1.1 0.25 -0.0811194 0.817572 
1.15 0.25 -0.108237 0.790645 
1.2 0.25 -0.131075 0.75855 
1.25 0.25 -0.14887 0.723387 
1.3 0.25 -0.161093 0.68699 
1.35 0.25 -0.167442 0.650826 
1.4 0.25 -0.167813 0.616013 
1.45 0.25 -0.162286 0.583398 
1.5 0.25 -0.15111 0.553652 
1.55 0.25 -0.134691 0.527343 
1.6 0.25 -0.113594 0.504984 
1.65 0.25 -0.0885355 0.48705 
1.7 0.25 -0.0603715 0.473959 
1.75 0.25 -0.0300789 0.466048 
1.8 0.25 0.00127832 0.463535 
1.85 0.25 0.0325902 0.466491 
1.9 0.25 0.0627488 0.474832 
1.95 0.25 0.0906955 0.48833 
2 0.25 0.115462 0.50664 
2.05 0.25 0.136203 0.529339 
2.1 0.25 0.152215 0.555949 
2.15 0.25 0.162944 0.585952 
2.2 0.25 0.167996 0.618775 
2.25 0.25 0.167137 0.653736 
2.3 0.25 0.160301 0.689968 
2.35 0.25 0.147606 0.726328 
2.4 0.25 0.129373 0.761316 
2.45 0.25 0.106149 0.793072 
2.5 0.25 0.0787186 0.819482 
2.55 0.25 0.0480941 0.838439 
2.6 0.25 0.0154849 0.848221 
2.65 0.25 -0.0177687 0.847867 
2.7 0.25 -0.0502821 0.83741 
2.75 0.25 -0.0807213 0.817877 
2.8 0.25 -0.107889 0.791028 
2.85 0.25 -0.130787 0.758983 
2.9 0.25 -0.148647 0.723844 
2.95 0.25 -0.16094 0.687449 
3 0.25 -0.167357 0.651271 
3.05 0.25 -0.167795 0.616433 
3.1 0.25 -0.162332 0.583787 
3.15 0.25 -0.151213 0.554003 
3.2 0.25 -0.134845 0.527653 
3.25 0.25 -0.113792 0.50525 
3.3 0.25 -0.0887674 0.487268 
3.35 0.25 -0.0606281 0.47413 
3.4 0.25 -0.0303501 0.46617 
3.45 0.25 0.00100238 0.463609 
3.5 0.25 0.0323191 0.466519 
3.55 0.25 0.0624914 0.474818 
3.6 0.25 0.0904595 0.488278 
3.65 0.25 0.115254 0.506556 
3.7 0.25 0.136027 0.529228 
3.75 0.25 0.152074 0.555815 
3.8 0.25 0.162841 0.585802 
3.85 0.25 0.167931 0.618612 
3.9 0.25 0.16711 0.653565 
3.95 0.25 0.16031 0.689796 
4 0.25 0.14765 0.72616 
4.05 0.25 0.129449 0.761162 
4.1 0.25 0.106255 0.792943 
4.15 0.25 0.0788503 0.819389 
4.2 0.25 0.0482475 0.838397 
4.25 0.25 0.0156554 0.848243 
4.3 0.25 -0.0175858 0.847961 
4.35 0.25 -0.0500915 0.837583 
4.4 0.25 -0.0805276 0.81813 
4.45 0.25 -0.107697 0.79136 
4.5 0.25 -0.130601 0.759388 
4.55 0.25 -0.148474 0.724314 
4.6 0.25 -0.160788 0.687976 
4.65 0.25 -0.167239 0.651846 
4.7 0.25 -0.167727 0.617041 
4.75 0.25 -0.162335 0.584409 
4.8 0.25 -0.151311 0.554612 
4.85 0.25 -0.135054 0.52821 
4.9 0.25 -0.114104 0.505709 
4.95 0.25 -0.0891214 0.487592 
5 0.25 -0.0608578 0.474333 
0 0.3 -0.110249 0.425384 
0.05 0.3 -0.0753021 0.410253 
0.1 0.3 -0.037535 0.401007 
0.15 0.3 0.0016296 0.398012 
0.2 0.3 0.0407408 0.401386 
0.25 0.3 0.0783741 0.410999 
0.3 0.3 0.113186 0.426516 
0.35 0.3 0.14396 0.447445 
0.4 0.3 0.169646 0.473204 
0.45 0.3 0.189377 0.503175 
0.5 0.3 0.202485 0.536724 
0.55 0.3 0.208502 0.57319 
0.6 0.3 0.207164 0.611822 
0.65 0.3 0.198419 0.651686 
0.7 0.3 0.182443 0.691551 
0.75 0.3 0.15966 0.729802 
0.8 0.3 0.130768 0.764428 
0.85 0.3 0.096746 0.793147 
0.9 0.3 0.0588462 0.813689 
0.95 0.3 0.0185502 0.824205 
1 0.3 -0.0225083 0.823671 
1.05 0.3 -0.0626449 0.812142 
1.1 0.3 -0.100236 0.790733 
1.15 0.3 -0.13382 0.761355 
1.2 0.3 -0.162169 0.726294 
1.25 0.3 -0.184331 0.687815 
1.3 0.3 -0.199635 0.647895 
1.35 0.3 -0.207682 0.608109 
1.4 0.3 -0.208321 0.569653 
1.45 0.3 -0.201627 0.533439 
1.5 0.3 -0.187885 0.500203 
1.55 0.3 -0.167585 0.470601 
1.6 0.3 -0.14142 0.445259 
1.65 0.3 -0.110276 0.424788 
1.7 0.3 -0.0752227 0.409757 
1.75 0.3 -0.0374863 0.400633 
1.8 0.3 0.00159307 0.397728 
1.85 0.3 0.0406152 0.401145 
1.9 0.3 0.0781826 0.410761 
1.95 0.3 0.112962 0.426254 
2 0.3 0.143739 0.447142 
2.05 0.3 0.169458 0.472855 
2.1 0.3 0.189247 0.502777 
2.15 0.3 0.20243 0.536282 
2.2 0.3 0.208534 0.572711 
2.25 0.3 0.207289 0.611316 
2.3 0.3 0.198638 0.651166 
2.35 0.3 0.182752 0.691036 
2.4 0.3 0.160052 0.729318 
2.45 0.3 0.131231 0.764004 
2.5 0.3 0.0972643 0.792816 
2.55 0.3 0.0594016 0.81348 
2.6 0.3 0.0191217 0.824137 
2.65 0.3 -0.0219422 0.82375 
2.7 0.3 -0.0621053 0.812358 
2.75 0.3 -0.099742 0.791065 
2.8 0.3 -0.133387 0.761772 
2.85 0.3 -0.161809 0.726765 
2.9 0.3 -0.184051 0.688313 
2.95 0.3 -0.199441 0.648396 
3 0.3 -0.207574 0.608596 
3.05 0.3 -0.208296 0.570115 
3.1 0.3 -0.20168 0.533867 
3.15 0.3 -0.18801 0.500592 
3.2 0.3 -0.167775 0.470945 
3.25 0.3 -0.141664 0.445555 
3.3 0.3 -0.110564 0.425032 
3.35 0.3 -0.0755418 0.409946 
3.4 0.3 -0.0378242 0.400767 
3.45 0.3 0.00124884 0.397807 
3.5 0.3 0.0402767 0.40117 
3.55 0.3 0.077861 0.410738 
3.6 0.3 0.112667 0.426188 
3.65 0.3 0.143479 0.44704 
3.7 0.3 0.169237 0.472723 
3.75 0.3 0.18907 0.502623 
3.8 0.3 0.2023 0.536111 
3.85 0.3 0.208451 0.572527 
3.9 0.3 0.207253 0.611126 
3.95 0.3 0.198647 0.650975 
4 0.3 0.182804 0.690852 
4.05 0.3 0.160143 0.72915 
4.1 0.3 0.131357 0.763864 
4.15 0.3 0.0974217 0.792715 
4.2 0.3 0.0595852 0.813433 
4.25 0.3 0.0193263 0.824157 
4.3 0.3 -0.0217218 0.823846 
4.35 0.3 -0.0618738 0.812535 
4.4 0.3 -0.0995033 0.791323 
4.45 0.3 -0.133144 0.762107 
4.5 0.3 -0.161565 0.727169 
4.55 0.3 -0.183808 0.688775 
4.6 0.3 -0.1992 0.648904 
4.65 0.3 -0.207342 0.609138 
4.7 0.3 -0.208079 0.570675 
4.75 0.3 -0.201487 0.534428 
4.8 0.3 -0.187848 0.501132 
4.85 0.3 -0.167644 0.471441 
4.9 0.3 -0.141544 0.445983 
4.95 0.3 -0.110395 0.425384 
5 0.3 -0.0752006 0.410253 
0 0.35 -0.128216 0.379193 
0.05 0.35 -0.0874181 0.362273 
0.1 0.35 -0.043358 0.351897 
0.15 0.35 0.00233418 0.348548 
0.2 0.35 0.0479655 0.352391 
0.25 0.35 0.0918586 0.36325 
0.3 0.35 0.132426 0.380654 
0.35 0.35 0.168236 0.403924 
0.4 0.35 0.198053 0.432279 
0.45 0.35 0.220873 0.464919 
0.5 0.35 0.23593 0.501075 
0.55 0.35 0.2427 0.539999 
0.6 0.35 0.240903 0.580892 
0.65 0.35 0.23051 0.622797 
0.7 0.35 0.211753 0.664468 
0.75 0.35 0.185152 0.704271 
0.8 0.35 0.151535 0.740174 
0.85 0.35 0.112043 0.769869 
0.9 0.35 0.0681218 0.791067 
0.95 0.35 0.0214679 0.801905 
1 0.35 -0.0260547 0.801355 
1.05 0.35 -0.0725268 0.78947 
1.1 0.35 -0.116096 0.767373 
1.15 0.35 -0.155086 0.736987 
1.2 0.35 -0.188079 0.700618 
1.25 0.35 -0.213963 0.660558 
1.3 0.35 -0.23194 0.618803 
1.35 0.35 -0.24152 0.576947 
1.4 0.35 -0.242495 0.536201 
1.45 0.35 -0.23492 0.4975 
1.5 0.35 -0.219101 0.461633 
1.55 0.35 -0.195585 0.429346 
1.6 0.35 -0.165163 0.401408 
1.65 0.35 -0.128863 0.378613 
1.7 0.35 -0.0879387 0.361733 
1.75 0.35 -0.0438344 0.351426 
1.8 0.35 0.00186285 0.348134 
1.85 0.35 0.0474922 0.352005 
1.9 0.35 0.091396 0.362865 
1.95 0.35 0.131996 0.380252 
2 0.35 0.167862 0.403494 
2.05 0.35 0.197758 0.431817 
2.1 0.35 0.220673 0.464424 
2.15 0.35 0.235838 0.500552 
2.2 0.35 0.242722 0.539452 
2.25 0.35 0.241043 0.58033 
2.3 0.35 0.230763 0.622232 
2.35 0.35 0.212114 0.663917 
2.4 0.35 0.18561 0.703759 
2.45 0.35 0.152075 0.73973 
2.5 0.35 0.112647 0.769524 
2.55 0.35 0.0687679 0.790849 
2.6 0.35 0.0221321 0.801834 
2.65 0.35 -0.0253971 0.801435 
2.7 0.35 -0.0718998 0.789692 
2.75 0.35 -0.115521 0.767714 
2.8 0.35 -0.154581 0.737417 
2.85 0.35 -0.187658 0.701106 
2.9 0.35 -0.213635 0.661074 
2.95 0.35 -0.231711 0.619325 
3 0.35 -0.24139 0.577457 
3.05 0.35 -0.242461 0.536687 
3.1 0.35 -0.234979 0.497954 
3.15 0.35 -0.219245 0.462048 
3.2 0.35 -0.195804 0.429716 
3.25 0.35 -0.165446 0.401727 
3.3 0.35 -0.129198 0.378877 
3.35 0.35 -0.088311 0.361937 
3.4 0.35 -0.0442295 0.351567 
3.45 0.35 0.00145991 0.348212 
3.5 0.35 0.0470958 0.352023 
3.55 0.35 0.0910192 0.362829 
3.6 0.35 0.131651 0.380168 
3.65 0.35 0.167557 0.403372 
3.7 0.35 0.1975 0.431664 
3.75 0.35 0.220467 0.46425 
3.8 0.35 0.235685 0.500362 
3.85 0.35 0.242625 0.539252 
3.9 0.35 0.240999 0.580126 
3.95 0.35 0.230771 0.62203 
4 0.35 0.21217 0.663725 
4.05 0.35 0.185711 0.703585 
4.1 0.35 0.152216 0.739585 
4.15 0.35 0.112823 0.76942 
4.2 0.35 0.0689726 0.7908 
4.25 0.35 0.0223606 0.80185 
4.3 0.35 -0.0251497 0.801525 
4.35 0.35 -0.0716374 0.789859 
4.4 0.35 -0.115246 0.767957 
4.45 0.35 -0.154294 0.737728 
4.5 0.35 -0.187357 0.701474 
4.55 0.35 -0.213316 0.661487 
4.6 0.35 -0.231369 0.619768 
4.65 0.35 -0.24102 0.577914 
4.7 0.35 -0.242057 0.537144 
4.75 0.35 -0.234532 0.498396 
4.8 0.35 -0.218746 0.462463 
4.85 0.35 -0.195239 0.430095 
4.9 0.35 -0.164787 0.402068 
4.95 0.35 -0.128397 0.379193 
5 0.35 -0.0872944 0.362273 
0 0.4 -0.1419 0.345649 
0.05 0.4 -0.0966082 0.326889 
0.1 0.4 -0.0477017 0.315331 
0.15 0.4 0.00302226 0.31162 
0.2 0.4 0.0536743 0.315972 
0.25 0.4 0.102371 0.328145 
0.3 0.4 0.147329 0.347487 
0.35 0.4 0.186941 0.37307 
0.4 0.4 0.219835 0.403849 
0.45 0.4 0.244903 0.438793 
0.5 0.4 0.261316 0.476963 
0.55 0.4 0.268523 0.517508 
0.6 0.4 0.266247 0.55959 
0.65 0.4 0.254492 0.602257 
0.7 0.4 0.233551 0.644305 
0.75 0.4 0.204027 0.68417 
0.8 0.4 0.166851 0.71991 
0.85 0.4 0.12329 0.74933 
0.9 0.4 0.0749267 0.770259 
0.95 0.4 0.0236053 0.780937 
1 0.4 -0.0286554 0.780395 
1.05 0.4 -0.0797801 0.768682 
1.1 0.4 -0.127762 0.746858 
1.15 0.4 -0.170777 0.716739 
1.2 0.4 -0.207271 0.680513 
1.25 0.4 -0.236009 0.640361 
1.3 0.4 -0.256091 0.598189 
1.35 0.4 -0.266944 0.555524 
1.4 0.4 -0.268301 0.51354 
1.45 0.4 -0.260186 0.473169 
1.5 0.4 -0.242902 0.435245 
1.55 0.4 -0.217025 0.400623 
1.6 0.4 -0.183411 0.37025 
1.65 0.4 -0.143193 0.34516 
1.7 0.4 -0.0977642 0.32639 
1.75 0.4 -0.0487464 0.314846 
1.8 0.4 0.00207167 0.311145 
1.85 0.4 0.0528129 0.315496 
1.9 0.4 0.101604 0.327654 
1.95 0.4 0.146667 0.346973 
2 0.4 0.186397 0.372532 
2.05 0.4 0.21942 0.403289 
2.1 0.4 0.244626 0.438215 
2.15 0.4 0.261181 0.476371 
2.2 0.4 0.268529 0.516908 
2.25 0.4 0.266393 0.558988 
2.3 0.4 0.25477 0.601665 
2.35 0.4 0.233951 0.643738 
2.4 0.4 0.204535 0.683649 
2.45 0.4 0.16745 0.719463 
2.5 0.4 0.123959 0.748985 
2.55 0.4 0.0756407 0.770042 
2.6 0.4 0.0243385 0.780865 
2.65 0.4 -0.02793 0.780472 
2.7 0.4 -0.0790881 0.768899 
2.75 0.4 -0.127127 0.747193 
2.8 0.4 -0.170218 0.717164 
2.85 0.4 -0.206804 0.680997 
2.9 0.4 -0.235644 0.640876 
2.95 0.4 -0.255834 0.598714 
3 0.4 -0.266795 0.556041 
3.05 0.4 -0.26826 0.514038 
3.1 0.4 -0.260248 0.473638 
3.15 0.4 -0.243058 0.435678 
3.2 0.4 -0.217265 0.401013 
3.25 0.4 -0.183724 0.37059 
3.3 0.4 -0.143564 0.345441 
3.35 0.4 -0.0981775 0.326606 
3.4 0.4 -0.0491857 0.314993 
3.45 0.4 0.00162312 0.311221 
3.5 0.4 0.0523714 0.315504 
3.55 0.4 0.101185 0.327601 
3.6 0.4 0.146282 0.346869 
3.65 0.4 0.186058 0.372387 
3.7 0.4 0.219133 0.403114 
3.75 0.4 0.244396 0.438019 
3.8 0.4 0.261011 0.476164 
3.85 0.4 0.26842 0.516695 
3.9 0.4 0.266342 0.558775 
3.95 0.4 0.254776 0.601457 
4 0.4 0.234009 0.643542 
4.05 0.4 0.204641 0.683474 
4.1 0.4 0.167598 0.719318 
4.15 0.4 0.124143 0.748881 
4.2 0.4 0.0758561 0.76999 
4.25 0.4 0.0245793 0.780875 
4.3 0.4 -0.0276679 0.780549 
4.35 0.4 -0.0788075 0.769044 
4.4 0.4 -0.126827 0.747402 
4.45 0.4 -0.169897 0.717427 
4.5 0.4 -0.206454 0.681301 
4.55 0.4 -0.235255 0.641206 
4.6 0.4 -0.255391 0.599052 
4.65 0.4 -0.266281 0.556372 
4.7 0.4 -0.267653 0.514346 
4.75 0.4 -0.259526 0.473913 
4.8 0.4 -0.242196 0.435915 
4.85 0.4 -0.216235 0.401218 
4.9 0.4 -0.182494 0.370779 
4.95 0.4 -0.142105 0.345649 
5 0.4 -0.096468 0.326889 
0 0.45 -0.150583 0.32076 
0.05 0.45 -0.102405 0.300083 
0.1 0.45 -0.0503659 0.287282 
0.15 0.45 0.00361861 0.283192 
0.2 0.45 0.0575187 0.288097 
0.25 0.45 0.109303 0.301665 
0.3 0.45 0.157049 0.323028 
0.35 0.45 0.199032 0.350961 
0.4 0.45 0.233788 0.384105 
0.45 0.45 0.260153 0.421159 
0.5 0.45 0.277271 0.460979 
0.55 0.45 0.284588 0.502595 
0.6 0.45 0.281853 0.545124 
0.65 0.45 0.269109 0.587636 
0.7 0.45 0.246707 0.62901 
0.75 0.45 0.215315 0.667816 
0.8 0.45 0.175939 0.702296 
0.85 0.45 0.129921 0.730479 
0.9 0.45 0.0789199 0.750426 
0.95 0.45 0.0248558 0.760572 
1 0.45 -0.0301802 0.760057 
1.05 0.45 -0.0840404 0.748925 
1.1 0.45 -0.134645 0.728115 
1.15 0.45 -0.180095 0.699243 
1.2 0.45 -0.21876 0.664264 
1.25 0.45 -0.249327 0.625137 
1.3 0.45 -0.270823 0.583591 
1.35 0.45 -0.282607 0.541019 
1.4 0.45 -0.284359 0.498522 
1.45 0.45 -0.27606 0.457014 
1.5 0.45 -0.25799 0.417381 
1.55 0.45 -0.230728 0.380608 
1.6 0.45 -0.195157 0.347854 
1.65 0.45 -0.152469 0.320432 
1.7 0.45 -0.104152 0.299697 
1.75 0.45 -0.051948 0.28685 
1.8 0.45 0.00220788 0.282716 
1.85 0.45 0.0562805 0.287575 
1.9 0.45 0.108239 0.301099 
1.95 0.45 0.156161 0.322424 
2 0.45 0.198322 0.350331 
2.05 0.45 0.233257 0.38346 
2.1 0.45 0.2598 0.420508 
2.15 0.45 0.27709 0.460331 
2.2 0.45 0.284575 0.501954 
2.25 0.45 0.281998 0.544497 
2.3 0.45 0.269401 0.587033 
2.35 0.45 0.247131 0.628443 
2.4 0.45 0.215855 0.667303 
2.45 0.45 0.176575 0.701861 
2.5 0.45 0.130629 0.730146 
2.55 0.45 0.0796752 0.750218 
2.6 0.45 0.0256305 0.760502 
2.65 0.45 -0.029414 0.760129 
2.7 0.45 -0.0833097 0.74913 
2.75 0.45 -0.133974 0.728433 
2.8 0.45 -0.179504 0.699648 
2.85 0.45 -0.218264 0.664729 
2.9 0.45 -0.248938 0.625637 
2.95 0.45 -0.270547 0.584105 
3 0.45 -0.282446 0.541532 
3.05 0.45 -0.284311 0.499021 
3.1 0.45 -0.276121 0.457491 
3.15 0.45 -0.258153 0.417828 
3.2 0.45 -0.230981 0.381015 
3.25 0.45 -0.195488 0.348211 
3.3 0.45 -0.152863 0.320729 
3.35 0.45 -0.104592 0.299924 
3.4 0.45 -0.0524163 0.287 
3.45 0.45 0.00172939 0.282787 
3.5 0.45 0.0558094 0.287571 
3.55 0.45 0.107791 0.301027 
3.6 0.45 0.155751 0.322297 
3.65 0.45 0.19796 0.350161 
3.7 0.45 0.232952 0.383261 
3.75 0.45 0.259556 0.420292 
3.8 0.45 0.27691 0.460106 
3.85 0.45 0.284458 0.501728 
3.9 0.45 0.281943 0.544276 
3.95 0.45 0.269404 0.586822 
4 0.45 0.247188 0.628247 
4.05 0.45 0.215961 0.66713 
4.1 0.45 0.176723 0.701719 
4.15 0.45 0.130814 0.730044 
4.2 0.45 0.0798906 0.750163 
4.25 0.45 0.0258715 0.760502 
4.3 0.45 -0.0291506 0.760185 
4.35 0.45 -0.0830245 0.749241 
4.4 0.45 -0.133664 0.728593 
4.45 0.45 -0.179163 0.699844 
4.5 0.45 -0.21788 0.664945 
4.55 0.45 -0.248492 0.625857 
4.6 0.45 -0.270015 0.584308 
4.65 0.45 -0.2818 0.541701 
4.7 0.45 -0.283517 0.499142 
4.75 0.45 -0.275142 0.457556 
4.8 0.45 -0.256949 0.417839 
4.85 0.45 -0.229516 0.380991 
4.9 0.45 -0.193732 0.348187 
4.95 0.45 -0.150805 0.32076 
5 0.45 -0.102254 0.300083 
0 0.5 -0.153815 0.300812 
0.05 0.5 -0.104515 0.278249 
0.1 0.5 -0.0512328 0.264218 
0.15 0.5 0.00405861 0.25976 
0.2 0.5 0.0592541 0.265225 
0.25 0.5 0.112243 0.280186 
0.3 0.5 0.161029 0.303544 
0.35 0.5 0.203831 0.33376 
0.4 0.5 0.239152 0.369147 
0.45 0.5 0.265814 0.408113 
0.5 0.5 0.28297 0.4493 
0.55 0.5 0.290092 0.491604 
0.6 0.5 0.286965 0.534092 
0.65 0.5 0.273678 0.57586 
0.7 0.5 0.250627 0.615886 
0.75 0.5 0.218524 0.652913 
0.8 0.5 0.178413 0.685431 
0.85 0.5 0.131661 0.711761 
0.9 0.5 0.0799397 0.730269 
0.95 0.5 0.0251694 0.739644 
1 0.5 -0.0305674 0.739168 
1.05 0.5 -0.0851347 0.728878 
1.1 0.5 -0.136461 0.709557 
1.15 0.5 -0.182645 0.68256 
1.2 0.5 -0.222042 0.649536 
1.25 0.5 -0.253312 0.612152 
1.3 0.5 -0.275444 0.571898 
1.35 0.5 -0.287751 0.530002 
1.4 0.5 -0.289865 0.487468 
1.45 0.5 -0.281724 0.445197 
1.5 0.5 -0.263569 0.404131 
1.55 0.5 -0.235954 0.365398 
1.6 0.5 -0.199754 0.330382 
1.65 0.5 -0.156175 0.300695 
1.7 0.5 -0.106742 0.278025 
1.75 0.5 -0.0532576 0.263883 
1.8 0.5 0.00226377 0.259316 
1.85 0.5 0.0576982 0.264682 
1.9 0.5 0.110926 0.279563 
1.95 0.5 0.159948 0.302864 
2 0.5 0.20298 0.333048 
2.05 0.5 0.238522 0.368424 
2.1 0.5 0.265396 0.407396 
2.15 0.5 0.28275 0.448601 
2.2 0.5 0.290059 0.490931 
2.25 0.5 0.287104 0.53345 
2.3 0.5 0.273973 0.575256 
2.35 0.5 0.25106 0.615329 
2.4 0.5 0.219076 0.652419 
2.45 0.5 0.179062 0.685017 
2.5 0.5 0.132383 0.711448 
2.55 0.5 0.0807079 0.730074 
2.6 0.5 0.0259563 0.739578 
2.65 0.5 -0.0297897 0.739233 
2.7 0.5 -0.0843929 0.729066 
2.75 0.5 -0.135779 0.709851 
2.8 0.5 -0.182043 0.682938 
2.85 0.5 -0.221537 0.649973 
2.9 0.5 -0.252914 0.612628 
2.95 0.5 -0.27516 0.572393 
3 0.5 -0.287584 0.530503 
3.05 0.5 -0.289814 0.487964 
3.1 0.5 -0.281784 0.445678 
3.15 0.5 -0.263733 0.404588 
3.2 0.5 -0.23621 0.36582 
3.25 0.5 -0.200091 0.330756 
3.3 0.5 -0.156578 0.301007 
3.35 0.5 -0.107192 0.278262 
3.4 0.5 -0.0537379 0.264036 
3.45 0.5 0.00177273 0.259383 
3.5 0.5 0.0572148 0.264665 
3.55 0.5 0.110467 0.279472 
3.6 0.5 0.159528 0.302712 
3.65 0.5 0.20261 0.332852 
3.7 0.5 0.23821 0.368201 
3.75 0.5 0.265147 0.407158 
3.8 0.5 0.282566 0.44836 
3.85 0.5 0.289939 0.490693 
3.9 0.5 0.287046 0.533222 
3.95 0.5 0.273973 0.575042 
4 0.5 0.251113 0.615135 
4.05 0.5 0.219177 0.652249 
4.1 0.5 0.179204 0.684878 
4.15 0.5 0.132559 0.711345 
4.2 0.5 0.0809131 0.730013 
4.25 0.5 0.026186 0.739562 
4.3 0.5 -0.0295376 0.739262 
4.35 0.5 -0.0841174 0.729134 
4.4 0.5 -0.135475 0.709949 
4.45 0.5 -0.1817 0.683051 
4.5 0.5 -0.221136 0.650084 
4.55 0.5 -0.252432 0.612717 
4.6 0.5 -0.274565 0.572438 
4.65 0.5 -0.286838 0.530485 
4.7 0.5 -0.288872 0.487868 
4.75 0.5 -0.280598 0.445499 
4.8 0.5 -0.262254 0.404336 
4.85 0.5 -0.234397 0.365524 
4.9 0.5 -0.197916 0.330472 
4.95 0.5 -0.154044 0.300812 
5 0.5 -0.104359 0.278249 
0 0.55 -0.151394 0.282761 
0.05 0.55 -0.10281 0.258566 
0.1 0.55 -0.0502593 0.243468 
0.15 0.55 0.00429376 0.238698 
0.2 0.55 0.0587423 0.244665 
0.25 0.55 0.110972 0.260855 
0.3 0.55 0.158987 0.285951 
0.35 0.55 0.201016 0.318127 
0.4 0.55 0.235585 0.355393 
0.45 0.55 0.261549 0.395893 
0.5 0.55 0.278101 0.438068 
0.55 0.55 0.284762 0.480685 
0.6 0.55 0.281362 0.522759 
0.65 0.55 0.26803 0.563406 
0.7 0.55 0.245194 0.601703 
0.75 0.55 0.213583 0.636581 
0.8 0.55 0.174236 0.666792 
0.85 0.55 0.128494 0.69098 
0.9 0.55 0.0779814 0.707842 
0.95 0.55 0.0245456 0.716339 
1 0.55 -0.0298158 0.715908 
1.05 0.55 -0.0830571 0.706577 
1.1 0.55 -0.133191 0.688962 
1.15 0.55 -0.178385 0.664136 
1.2 0.55 -0.217041 0.633414 
1.25 0.55 -0.247844 0.598147 
1.3 0.55 -0.269782 0.559565 
1.35 0.55 -0.282151 0.51872 
1.4 0.55 -0.284549 0.476524 
1.45 0.55 -0.276871 0.433864 
1.5 0.55 -0.259312 0.391745 
1.55 0.55 -0.232377 0.35143 
1.6 0.55 -0.196902 0.314514 
1.65 0.55 -0.15406 0.282882 
1.7 0.55 -0.105354 0.258527 
1.75 0.55 -0.0525833 0.24325 
1.8 0.55 0.00223539 0.238304 
1.85 0.55 0.0569666 0.244116 
1.9 0.55 0.10948 0.260185 
1.95 0.55 0.157773 0.285202 
2 0.55 0.200068 0.317339 
2.05 0.55 0.234888 0.354599 
2.1 0.55 0.261086 0.395118 
2.15 0.55 0.277855 0.437327 
2.2 0.55 0.284713 0.479987 
2.25 0.55 0.281491 0.522108 
2.3 0.55 0.268318 0.562808 
2.35 0.55 0.24562 0.601165 
2.4 0.55 0.214126 0.636113 
2.45 0.55 0.174873 0.666406 
2.5 0.55 0.129203 0.690692 
2.55 0.55 0.0787337 0.707664 
2.6 0.55 0.0253151 0.716279 
2.65 0.55 -0.0290559 0.715966 
2.7 0.55 -0.0823323 0.706747 
2.75 0.55 -0.132524 0.68923 
2.8 0.55 -0.177796 0.664482 
2.85 0.55 -0.216546 0.63382 
2.9 0.55 -0.247453 0.598594 
2.95 0.55 -0.269502 0.560037 
3 0.55 -0.281985 0.519205 
3.05 0.55 -0.284496 0.477013 
3.1 0.55 -0.276928 0.434345 
3.15 0.55 -0.25947 0.392207 
3.2 0.55 -0.232628 0.351861 
3.25 0.55 -0.197233 0.314899 
3.3 0.55 -0.154456 0.283204 
3.35 0.55 -0.105799 0.258772 
3.4 0.55 -0.0530577 0.243406 
3.45 0.55 0.00175013 0.238365 
3.5 0.55 0.056489 0.244086 
3.55 0.55 0.109027 0.260075 
3.6 0.55 0.157359 0.285028 
3.65 0.55 0.199704 0.31712 
3.7 0.55 0.234582 0.354353 
3.75 0.55 0.260842 0.39486 
3.8 0.55 0.277674 0.43707 
3.85 0.55 0.284596 0.479739 
3.9 0.55 0.281434 0.521874 
3.95 0.55 0.268316 0.562592 
4 0.55 0.245668 0.600972 
4.05 0.55 0.214218 0.635945 
4.1 0.55 0.175003 0.666269 
4.15 0.55 0.129363 0.690587 
4.2 0.55 0.0789201 0.707593 
4.25 0.55 0.0255236 0.716243 
4.3 0.55 -0.0288265 0.715962 
4.35 0.55 -0.0820794 0.706765 
4.4 0.55 -0.13224 0.689258 
4.45 0.55 -0.177467 0.664504 
4.5 0.55 -0.216151 0.633815 
4.55 0.55 -0.246963 0.598541 
4.6 0.55 -0.26888 0.559913 
4.65 0.55 -0.281185 0.518988 
4.7 0.55 -0.283467 0.476687 
4.75 0.55 -0.275613 0.433908 
4.8 0.55 -0.257817 0.391675 
4.85 0.55 -0.230592 0.351276 
4.9 0.55 -0.19479 0.314334 
4.95 0.55 -0.151622 0.282761 
5 0.55 -0.102656 0.258566 
0 0.6 -0.143376 0.264287 
0.05 0.6 -0.097331 0.239004 
0.1 0.6 -0.0474781 0.223189 
0.15 0.6 0.00429543 0.218219 
0.2 0.6 0.0559603 0.224548 
0.25 0.6 0.105479 0.241591 
0.3 0.6 0.150933 0.267866 
0.35 0.6 0.19063 0.301324 
0.4 0.6 0.223173 0.339749 
0.45 0.6 0.247495 0.381085 
0.5 0.6 0.262858 0.42362 
0.55 0.6 0.268845 0.466022 
0.6 0.6 0.265334 0.507257 
0.65 0.6 0.252486 0.54646 
0.7 0.6 0.230738 0.582799 
0.75 0.6 0.200806 0.615374 
0.8 0.6 0.163685 0.643188 
0.85 0.6 0.120639 0.665189 
0.9 0.6 0.073182 0.680387 
0.95 0.6 0.0230285 0.688004 
1 0.6 -0.0279782 0.687617 
1.05 0.6 -0.0779522 0.67925 
1.1 0.6 -0.125058 0.66336 
1.15 0.6 -0.167597 0.640753 
1.2 0.6 -0.204077 0.61243 
1.25 0.6 -0.233254 0.579439 
1.3 0.6 -0.254158 0.542768 
1.35 0.6 -0.266097 0.503306 
1.4 0.6 -0.268655 0.461883 
1.45 0.6 -0.261694 0.419374 
1.5 0.6 -0.245358 0.376836 
1.55 0.6 -0.22009 0.335642 
1.6 0.6 -0.186655 0.297545 
1.65 0.6 -0.146149 0.264638 
1.7 0.6 -0.0999991 0.239147 
1.75 0.6 -0.0499272 0.223091 
1.8 0.6 0.0021228 0.217882 
1.85 0.6 0.0540884 0.224002 
1.9 0.6 0.103912 0.240887 
1.95 0.6 0.149664 0.267061 
2 0.6 0.189644 0.300473 
2.05 0.6 0.222452 0.338897 
2.1 0.6 0.247016 0.380263 
2.15 0.6 0.262601 0.422847 
2.2 0.6 0.268786 0.465307 
2.25 0.6 0.26545 0.506605 
2.3 0.6 0.252757 0.545875 
2.35 0.6 0.231142 0.582283 
2.4 0.6 0.201321 0.614934 
2.45 0.6 0.164288 0.642832 
2.5 0.6 0.121307 0.664927 
2.55 0.6 0.0738905 0.680227 
2.6 0.6 0.0237522 0.68795 
2.65 0.6 -0.0272643 0.68767 
2.7 0.6 -0.0772714 0.679402 
2.75 0.6 -0.124432 0.663601 
2.8 0.6 -0.167044 0.641068 
2.85 0.6 -0.20361 0.612803 
2.9 0.6 -0.232884 0.579856 
2.95 0.6 -0.253892 0.543216 
3 0.6 -0.265938 0.503773 
3.05 0.6 -0.268604 0.462359 
3.1 0.6 -0.261746 0.419849 
3.15 0.6 -0.245507 0.377298 
3.2 0.6 -0.220327 0.336077 
3.25 0.6 -0.186968 0.297936 
3.3 0.6 -0.146525 0.264967 
3.35 0.6 -0.100421 0.239395 
3.4 0.6 -0.050378 0.223245 
3.45 0.6 0.00166168 0.217936 
3.5 0.6 0.0536347 0.22396 
3.55 0.6 0.103482 0.240761 
3.6 0.6 0.149271 0.266869 
3.65 0.6 0.1893 0.300236 
3.7 0.6 0.222163 0.338634 
3.75 0.6 0.246787 0.379991 
3.8 0.6 0.262432 0.422579 
3.85 0.6 0.268676 0.465052 
3.9 0.6 0.265396 0.506368 
3.95 0.6 0.252753 0.545659 
4 0.6 0.231184 0.582091 
4.05 0.6 0.201402 0.614768 
4.1 0.6 0.164401 0.642694 
4.15 0.6 0.121447 0.664817 
4.2 0.6 0.0740518 0.680144 
4.25 0.6 0.0239319 0.687891 
4.3 0.6 -0.0270664 0.687628 
4.35 0.6 -0.0770517 0.679367 
4.4 0.6 -0.124181 0.663557 
4.45 0.6 -0.166746 0.640997 
4.5 0.6 -0.203243 0.612683 
4.55 0.6 -0.232416 0.579663 
4.6 0.6 -0.253282 0.542925 
4.65 0.6 -0.265137 0.503362 
4.7 0.6 -0.267557 0.461812 
4.75 0.6 -0.260395 0.419166 
4.8 0.6 -0.243797 0.376501 
4.85 0.6 -0.218215 0.335217 
4.9 0.6 -0.184435 0.297105 
4.95 0.6 -0.143593 0.264287 
5 0.6 -0.0971839 0.239004 
0 0.65 -0.130101 0.243699 
0.05 0.65 -0.0883052 0.21817 
0.1 0.65 -0.0430064 0.202178 
0.15 0.65 0.00405756 0.197177 
0.2 0.65 0.0510138 0.203642 
0.25 0.65 0.0959822 0.220948 
0.3 0.65 0.137199 0.247525 
0.35 0.65 0.173115 0.281208 
0.4 0.65 0.202466 0.319669 
0.45 0.65 0.224297 0.360753 
0.5 0.65 0.237966 0.402674 
0.55 0.65 0.243123 0.444045 
0.6 0.65 0.239693 0.483815 
0.65 0.65 0.227854 0.521137 
0.7 0.65 0.208031 0.555256 
0.75 0.65 0.180892 0.585416 
0.8 0.65 0.147345 0.610831 
0.85 0.65 0.108534 0.630708 
0.9 0.65 0.0658131 0.644319 
0.95 0.65 0.0207045 0.651103 
1 0.65 -0.025159 0.650759 
1.05 0.65 -0.0701088 0.643303 
1.1 0.65 -0.112519 0.629062 
1.15 0.65 -0.15088 0.608616 
1.2 0.65 -0.183854 0.582701 
1.25 0.65 -0.210319 0.552112 
1.3 0.65 -0.229383 0.51763 
1.35 0.65 -0.2404 0.480008 
1.4 0.65 -0.242964 0.440003 
1.45 0.65 -0.236915 0.398477 
1.5 0.65 -0.22235 0.356511 
1.55 0.65 -0.19964 0.315534 
1.6 0.65 -0.169453 0.277379 
1.65 0.65 -0.132773 0.244242 
1.7 0.65 -0.0908953 0.218466 
1.75 0.65 -0.0453966 0.202186 
1.8 0.65 0.00193051 0.196897 
1.85 0.65 0.0491795 0.203111 
1.9 0.65 0.0944488 0.220229 
1.95 0.65 0.13596 0.246687 
2 0.65 0.172157 0.28032 
2.05 0.65 0.201767 0.318783 
2.1 0.65 0.223835 0.359906 
2.15 0.65 0.237716 0.401887 
2.2 0.65 0.243061 0.44333 
2.25 0.65 0.239797 0.483174 
2.3 0.65 0.228101 0.520572 
2.35 0.65 0.208399 0.554768 
2.4 0.65 0.18136 0.585008 
2.45 0.65 0.147892 0.610508 
2.5 0.65 0.109139 0.630474 
2.55 0.65 0.0664525 0.644178 
2.6 0.65 0.0213564 0.651058 
2.65 0.65 -0.0245164 0.650808 
2.7 0.65 -0.0694964 0.64344 
2.75 0.65 -0.111956 0.629278 
2.8 0.65 -0.150381 0.608901 
2.85 0.65 -0.183434 0.583043 
2.9 0.65 -0.209985 0.552498 
2.95 0.65 -0.229143 0.51805 
3 0.65 -0.240256 0.480451 
3.05 0.65 -0.242916 0.440461 
3.1 0.65 -0.23696 0.398938 
3.15 0.65 -0.222483 0.356963 
3.2 0.65 -0.199854 0.315962 
3.25 0.65 -0.169738 0.277765 
3.3 0.65 -0.133115 0.244567 
3.35 0.65 -0.0912792 0.218711 
3.4 0.65 -0.0458068 0.202335 
3.45 0.65 0.00151095 0.196945 
3.5 0.65 0.0487671 0.203061 
3.55 0.65 0.0940585 0.220094 
3.6 0.65 0.135605 0.246486 
3.65 0.65 0.171846 0.280073 
3.7 0.65 0.201507 0.318512 
3.75 0.65 0.223629 0.359629 
3.8 0.65 0.237564 0.401615 
3.85 0.65 0.242963 0.443072 
3.9 0.65 0.239747 0.482936 
3.95 0.65 0.228096 0.520357 
4 0.65 0.208434 0.554578 
4.05 0.65 0.181427 0.584843 
4.1 0.65 0.147987 0.610367 
4.15 0.65 0.109254 0.630357 
4.2 0.65 0.0665847 0.644081 
4.25 0.65 0.0215027 0.650974 
4.3 0.65 -0.0243557 0.650729 
4.35 0.65 -0.069317 0.643353 
4.4 0.65 -0.111748 0.629167 
4.45 0.65 -0.150129 0.608745 
4.5 0.65 -0.183113 0.582819 
4.55 0.65 -0.209565 0.552181 
4.6 0.65 -0.228582 0.517614 
4.65 0.65 -0.239507 0.479874 
4.7 0.65 -0.241924 0.439728 
4.75 0.65 -0.23567 0.398051 
4.8 0.65 -0.220841 0.35595 
4.85 0.65 -0.19782 0.314884 
4.9 0.65 -0.167298 0.276724 
4.95 0.65 -0.130296 0.243699 
5 0.65 -0.0881732 0.21817 
0 0.7 -0.112233 0.219839 
0.05 0.7 -0.0761778 0.19515 
0.1 0.7 -0.0370599 0.179677 
0.15 0.7 0.00359812 0.174859 
0.2 0.7 0.0441544 0.181163 
0.25 0.7 0.0829622 0.197966 
0.3 0.7 0.118481 0.223703 
0.35 0.7 0.149367 0.256231 
0.4 0.7 0.174532 0.293244 
0.45 0.7 0.193165 0.332614 
0.5 0.7 0.204735 0.372575 
0.55 0.7 0.208965 0.41176 
0.6 0.7 0.205818 0.449131 
0.65 0.7 0.195473 0.483882 
0.7 0.7 0.178316 0.515325 
0.75 0.7 0.154936 0.542823 
0.8 0.7 0.126122 0.565753 
0.85 0.7 0.0928552 0.583521 
0.9 0.7 0.0562859 0.595599 
0.95 0.7 0.0177033 0.601592 
1 0.7 -0.0215154 0.601289 
1.05 0.7 -0.0599642 0.5947 
1.1 0.7 -0.0962713 0.582054 
1.15 0.7 -0.129158 0.563761 
1.2 0.7 -0.157486 0.540355 
1.25 0.7 -0.180292 0.512434 
1.3 0.7 -0.196801 0.480621 
1.35 0.7 -0.206441 0.445552 
1.4 0.7 -0.208841 0.407924 
1.45 0.7 -0.203837 0.36856 
1.5 0.7 -0.191485 0.328529 
1.55 0.7 -0.172079 0.28924 
1.6 0.7 -0.146176 0.252509 
1.65 0.7 -0.114611 0.220506 
1.7 0.7 -0.0785005 0.195553 
1.75 0.7 -0.0392183 0.179766 
1.8 0.7 0.00166809 0.174633 
1.85 0.7 0.042486 0.180663 
1.9 0.7 0.0815671 0.197261 
1.95 0.7 0.117356 0.222871 
2 0.7 0.148499 0.255345 
2.05 0.7 0.173902 0.292362 
2.1 0.7 0.19275 0.331776 
2.15 0.7 0.204511 0.371804 
2.2 0.7 0.208909 0.411065 
2.25 0.7 0.205908 0.448518 
2.3 0.7 0.195687 0.483349 
2.35 0.7 0.178635 0.514873 
2.4 0.7 0.155341 0.542451 
2.45 0.7 0.126594 0.565463 
2.5 0.7 0.093375 0.583314 
2.55 0.7 0.0568345 0.595477 
2.6 0.7 0.0182617 0.601555 
2.65 0.7 -0.0209658 0.601334 
2.7 0.7 -0.0594407 0.594823 
2.75 0.7 -0.0957897 0.582248 
2.8 0.7 -0.128732 0.564017 
2.85 0.7 -0.157127 0.540664 
2.9 0.7 -0.180006 0.512787 
2.95 0.7 -0.196595 0.481008 
3 0.7 -0.206318 0.445965 
3.05 0.7 -0.2088 0.408352 
3.1 0.7 -0.203876 0.368995 
3.15 0.7 -0.1916 0.328957 
3.2 0.7 -0.172264 0.289647 
3.25 0.7 -0.146421 0.252877 
3.3 0.7 -0.114906 0.220816 
3.35 0.7 -0.0788324 0.195785 
3.4 0.7 -0.039573 0.179906 
3.45 0.7 0.00130546 0.174675 
3.5 0.7 0.0421298 0.18061 
3.55 0.7 0.0812305 0.197125 
3.6 0.7 0.11705 0.222671 
3.65 0.7 0.148232 0.255102 
3.7 0.7 0.173679 0.292096 
3.75 0.7 0.192574 0.331504 
3.8 0.7 0.204382 0.371539 
3.85 0.7 0.208826 0.410815 
3.9 0.7 0.205866 0.448288 
3.95 0.7 0.195683 0.483142 
4 0.7 0.178662 0.514688 
4.05 0.7 0.155395 0.542289 
4.1 0.7 0.126669 0.565323 
4.15 0.7 0.0934653 0.583192 
4.2 0.7 0.0569365 0.595368 
4.25 0.7 0.0183732 0.601451 
4.3 0.7 -0.020844 0.601225 
4.35 0.7 -0.0593045 0.594695 
4.4 0.7 -0.0956298 0.582083 
4.45 0.7 -0.128533 0.563795 
4.5 0.7 -0.156867 0.540362 
4.55 0.7 -0.179656 0.512379 
4.6 0.7 -0.196117 0.480469 
4.65 0.7 -0.205667 0.445274 
4.7 0.7 -0.207927 0.407498 
4.75 0.7 -0.202731 0.367981 
4.8 0.7 -0.190136 0.327815 
4.85 0.7 -0.170448 0.288443 
4.9 0.7 -0.144244 0.251716 
4.95 0.7 -0.112394 0.219839 
5 0.7 -0.0760684 0.19515 
0 0.75 -0.0908093 0.192031 
0.05 0.75 -0.0616444 0.169403 
0.1 0.75 -0.0299709 0.155224 
0.15 0.75 0.00295955 0.150824 
0.2 0.75 0.0357984 0.156634 
0.25 0.75 0.0671956 0.17207 
0.3 0.75 0.095892 0.195681 
0.35 0.75 0.120795 0.225482 
0.4 0.75 0.141029 0.259336 
0.45 0.75 0.155949 0.295273 
0.5 0.75 0.165141 0.331651 
0.55 0.75 0.168404 0.367194 
0.6 0.75 0.165726 0.400937 
0.65 0.75 0.157269 0.432134 
0.7 0.75 0.143359 0.460175 
0.75 0.75 0.124483 0.48452 
0.8 0.75 0.101278 0.504675 
0.85 0.75 0.0745324 0.520191 
0.9 0.75 0.045166 0.530683 
0.95 0.75 0.0142032 0.535871 
1 0.75 -0.0172639 0.535609 
1.05 0.75 -0.0481208 0.529903 
1.1 0.75 -0.0772793 0.518912 
1.15 0.75 -0.103723 0.502928 
1.2 0.75 -0.126541 0.482339 
1.25 0.75 -0.14496 0.4576 
1.3 0.75 -0.158351 0.429207 
1.35 0.75 -0.166241 0.397702 
1.4 0.75 -0.168316 0.363706 
1.45 0.75 -0.164425 0.327982 
1.5 0.75 -0.154594 0.291526 
1.55 0.75 -0.139041 0.255653 
1.6 0.75 -0.118199 0.222052 
1.65 0.75 -0.0927331 0.192734 
1.7 0.75 -0.0635462 0.16985 
1.75 0.75 -0.0317566 0.155362 
1.8 0.75 0.00135099 0.15065 
1.85 0.75 0.0344022 0.156186 
1.9 0.75 0.0660268 0.171417 
1.95 0.75 0.0949507 0.194902 
2 0.75 0.120071 0.224649 
2.05 0.75 0.140505 0.258508 
2.1 0.75 0.155606 0.294488 
2.15 0.75 0.164958 0.330932 
2.2 0.75 0.16836 0.366552 
2.25 0.75 0.165801 0.400375 
2.3 0.75 0.157445 0.431652 
2.35 0.75 0.14362 0.45977 
2.4 0.75 0.124812 0.484192 
2.45 0.75 0.10166 0.504423 
2.5 0.75 0.0749519 0.520013 
2.55 0.75 0.0456076 0.530581 
2.6 0.75 0.0146518 0.535842 
2.65 0.75 -0.0168229 0.535651 
2.7 0.75 -0.0477012 0.530012 
2.75 0.75 -0.0768936 0.519083 
2.8 0.75 -0.103381 0.503154 
2.85 0.75 -0.126253 0.482613 
2.9 0.75 -0.144731 0.457913 
2.95 0.75 -0.158186 0.429552 
3 0.75 -0.166142 0.398072 
3.05 0.75 -0.168283 0.364092 
3.1 0.75 -0.164457 0.328375 
3.15 0.75 -0.154688 0.291914 
3.2 0.75 -0.139191 0.256023 
3.25 0.75 -0.118397 0.222386 
3.3 0.75 -0.0929722 0.193015 
3.35 0.75 -0.0638153 0.170061 
3.4 0.75 -0.032044 0.155489 
3.45 0.75 0.00105726 0.150686 
3.5 0.75 0.0341141 0.156135 
3.55 0.75 0.065755 0.171289 
3.6 0.75 0.0947042 0.194715 
3.65 0.75 0.119857 0.224422 
3.7 0.75 0.140327 0.25826 
3.75 0.75 0.155466 0.294235 
3.8 0.75 0.164856 0.330686 
3.85 0.75 0.168294 0.36632 
3.9 0.75 0.165768 0.400162 
3.95 0.75 0.157441 0.431459 
4 0.75 0.143641 0.459598 
4.05 0.75 0.124852 0.484039 
4.1 0.75 0.101715 0.504288 
4.15 0.75 0.0750177 0.519891 
4.2 0.75 0.0456807 0.530466 
4.25 0.75 0.0147302 0.535727 
4.3 0.75 -0.0167385 0.535523 
4.35 0.75 -0.047607 0.529859 
4.4 0.75 -0.0767816 0.518887 
4.45 0.75 -0.103239 0.502895 
4.5 0.75 -0.126061 0.482269 
4.55 0.75 -0.144464 0.457461 
4.6 0.75 -0.157811 0.42897 
4.65 0.75 -0.165622 0.39734 
4.7 0.75 -0.167577 0.363202 
4.75 0.75 -0.163523 0.327334 
4.8 0.75 -0.153489 0.290754 
4.85 0.75 -0.137703 0.25481 
4.9 0.75 -0.116617 0.221222 
4.95 0.75 -0.0909247 0.192031 
5 0.75 -0.0615659 0.169403 
0 0.8 -0.067295 0.160053 
0.05 0.8 -0.0456901 0.140684 
0.1 0.8 -0.0222078 0.128558 
0.15 0.8 0.00220757 0.124806 
0.2 0.8 0.0265449 0.129793 
0.25 0.8 0.0497934 0.143016 
0.3 0.8 0.0710129 0.163235 
0.35 0.8 0.0893922 0.188749 
0.4 0.8 0.104285 0.217727 
0.45 0.8 0.115225 0.248473 
0.5 0.8 0.121918 0.279567 
0.55 0.8 0.124228 0.309901 
0.6 0.8 0.122161 0.338632 
0.65 0.8 0.115847 0.365111 
0.7 0.8 0.105536 0.38882 
0.75 0.8 0.0915913 0.409315 
0.8 0.8 0.0744854 0.426207 
0.85 0.8 0.0547971 0.439158 
0.9 0.8 0.033199 0.447887 
0.95 0.8 0.0104384 0.452194 
1 0.8 -0.0126892 0.451976 
1.05 0.8 -0.0353728 0.447238 
1.1 0.8 -0.0568197 0.438092 
1.15 0.8 -0.0762881 0.424745 
1.2 0.8 -0.0931126 0.40748 
1.25 0.8 -0.106723 0.386643 
1.3 0.8 -0.116654 0.362625 
1.35 0.8 -0.122551 0.335873 
1.4 0.8 -0.124174 0.306917 
1.45 0.8 -0.121398 0.276421 
1.5 0.8 -0.11423 0.245254 
1.55 0.8 -0.102817 0.21456 
1.6 0.8 -0.0874664 0.1858 
1.65 0.8 -0.0686633 0.160703 
1.7 0.8 -0.0470738 0.141114 
1.75 0.8 -0.0235314 0.128713 
1.8 0.8 0.00100129 0.12468 
1.85 0.8 0.0254916 0.129418 
1.9 0.8 0.0489102 0.142455 
1.95 0.8 0.0703025 0.162558 
2 0.8 0.0888477 0.188023 
2.05 0.8 0.103894 0.217004 
2.1 0.8 0.114971 0.247788 
2.15 0.8 0.121785 0.278942 
2.2 0.8 0.124199 0.309345 
2.25 0.8 0.12222 0.338148 
2.3 0.8 0.115981 0.364699 
2.35 0.8 0.105732 0.388477 
2.4 0.8 0.0918366 0.409039 
2.45 0.8 0.0747687 0.425998 
2.5 0.8 0.0551072 0.439013 
2.55 0.8 0.0335245 0.447805 
2.6 0.8 0.0107684 0.452173 
2.65 0.8 -0.0123653 0.452015 
2.7 0.8 -0.035065 0.447332 
2.75 0.8 -0.0565369 0.438237 
2.8 0.8 -0.0760381 0.424935 
2.85 0.8 -0.0929015 0.407711 
2.9 0.8 -0.106555 0.386908 
2.95 0.8 -0.116533 0.362918 
3 0.8 -0.122479 0.336187 
3.05 0.8 -0.12415 0.307245 
3.1 0.8 -0.121423 0.276755 
3.15 0.8 -0.1143 0.245585 
3.2 0.8 -0.102928 0.214875 
3.25 0.8 -0.0876138 0.186085 
3.3 0.8 -0.0688407 0.160942 
3.35 0.8 -0.0472734 0.141293 
3.4 0.8 -0.0237446 0.12882 
3.45 0.8 0.000783618 0.124709 
3.5 0.8 0.0252784 0.129373 
3.55 0.8 0.0487094 0.142344 
3.6 0.8 0.070121 0.162396 
3.65 0.8 0.0886903 0.187827 
3.7 0.8 0.103764 0.21679 
3.75 0.8 0.114869 0.247569 
3.8 0.8 0.121711 0.278729 
3.85 0.8 0.124152 0.309144 
3.9 0.8 0.122197 0.337962 
3.95 0.8 0.115979 0.36453 
4 0.8 0.105747 0.388326 
4.05 0.8 0.0918647 0.408904 
4.1 0.8 0.0748064 0.425876 
4.15 0.8 0.0551511 0.4389 
4.2 0.8 0.033572 0.447695 
4.25 0.8 0.0108181 0.452059 
4.3 0.8 -0.0123131 0.451885 
4.35 0.8 -0.0350074 0.447175 
4.4 0.8 -0.0564679 0.438037 
4.45 0.8 -0.0759475 0.424675 
4.5 0.8 -0.0927749 0.407371 
4.55 0.8 -0.106373 0.386468 
4.6 0.8 -0.11627 0.362359 
4.65 0.8 -0.122107 0.335495 
4.7 0.8 -0.123637 0.306414 
4.75 0.8 -0.120738 0.275794 
4.8 0.8 -0.113417 0.244524 
4.85 0.8 -0.101832 0.213776 
4.9 0.8 -0.0863088 0.185035 
4.95 0.8 -0.0673529 0.160053 
5 0.8 -0.0456504 0.140684 
0 0.85 -0.0436444 0.124121 
0.05 0.85 -0.0296298 0.10901 
0.1 0.85 -0.0143985 0.0995636 
0.15 0.85 0.00142829 0.0966488 
0.2 0.85 0.017193 0.10054 
0.25 0.85 0.0322375 0.11085 
0.3 0.85 0.0459497 0.126622 
0.35 0.85 0.0578036 0.146538 
0.4 0.85 0.0673845 0.169178 
0.45 0.85 0.0743965 0.193215 
0.5 0.85 0.0786583 0.217532 
0.55 0.85 0.0800912 0.241248 
0.6 0.85 0.0787064 0.26369 
0.65 0.85 0.074595 0.284344 
0.7 0.85 0.0679218 0.302798 
0.75 0.85 0.0589226 0.318713 
0.8 0.85 0.0479023 0.331797 
0.85 0.85 0.035232 0.341805 
0.9 0.85 0.021342 0.348537 
0.95 0.85 0.00670966 0.351855 
1 0.85 -0.00815702 0.351687 
1.05 0.85 -0.0227403 0.348037 
1.1 0.85 -0.036534 0.340982 
1.15 0.85 -0.0490642 0.330665 
1.2 0.85 -0.059905 0.317289 
1.25 0.85 -0.0686904 0.301104 
1.3 0.85 -0.0751206 0.282403 
1.35 0.85 -0.078965 0.261533 
1.4 0.85 -0.0800636 0.23891 
1.45 0.85 -0.0783307 0.215064 
1.5 0.85 -0.0737609 0.19069 
1.55 0.85 -0.0664404 0.166696 
1.6 0.85 -0.0565603 0.144229 
1.65 0.85 -0.0444281 0.124642 
1.7 0.85 -0.030473 0.109369 
1.75 0.85 -0.0152374 0.0997066 
1.8 0.85 0.000648518 0.0965655 
1.85 0.85 0.0165066 0.100256 
1.9 0.85 0.031661 0.110414 
1.95 0.85 0.0454869 0.12609 
2 0.85 0.0574507 0.145964 
2.05 0.85 0.0671327 0.168605 
2.1 0.85 0.074235 0.192672 
2.15 0.85 0.0785755 0.217037 
2.2 0.85 0.080076 0.240808 
2.25 0.85 0.0787483 0.263309 
2.3 0.85 0.0746846 0.284021 
2.35 0.85 0.0680506 0.302531 
2.4 0.85 0.0590826 0.3185 
2.45 0.85 0.0480862 0.331636 
2.5 0.85 0.0354324 0.341694 
2.55 0.85 0.0215518 0.348476 
2.6 0.85 0.00692187 0.351841 
2.65 0.85 -0.0079491 0.351718 
2.7 0.85 -0.0225429 0.348111 
2.75 0.85 -0.036353 0.341095 
2.8 0.85 -0.0489042 0.330814 
2.85 0.85 -0.0597701 0.317469 
2.9 0.85 -0.0685835 0.30131 
2.95 0.85 -0.0750438 0.282632 
3 0.85 -0.0789193 0.261778 
3.05 0.85 -0.0800492 0.239167 
3.1 0.85 -0.0783469 0.215326 
3.15 0.85 -0.0738062 0.190949 
3.2 0.85 -0.0665126 0.166942 
3.25 0.85 -0.056656 0.144451 
3.3 0.85 -0.0445432 0.124828 
3.35 0.85 -0.0306025 0.109507 
3.4 0.85 -0.0153756 0.0997893 
3.45 0.85 0.000507584 0.0965879 
3.5 0.85 0.0163688 0.10022 
3.55 0.85 0.0315315 0.110327 
3.6 0.85 0.0453703 0.125963 
3.65 0.85 0.0573499 0.145811 
3.7 0.85 0.0670498 0.168437 
3.75 0.85 0.0741706 0.1925 
3.8 0.85 0.0785293 0.216868 
3.85 0.85 0.0800467 0.240649 
3.9 0.85 0.0787343 0.263162 
3.95 0.85 0.0746836 0.283887 
4 0.85 0.0680601 0.30241 
4.05 0.85 0.0591 0.31839 
4.1 0.85 0.0481089 0.331536 
4.15 0.85 0.0354581 0.3416 
4.2 0.85 0.0215786 0.348382 
4.25 0.85 0.00694884 0.351741 
4.3 0.85 -0.00792189 0.351605 
4.35 0.85 -0.0225137 0.347973 
4.4 0.85 -0.0363177 0.34092 
4.45 0.85 -0.0488565 0.330588 
4.5 0.85 -0.0597001 0.317177 
4.55 0.85 -0.0684783 0.300937 
4.6 0.85 -0.0748868 0.282162 
4.65 0.85 -0.0786912 0.261201 
4.7 0.85 -0.0797291 0.23848 
4.75 0.85 -0.0779145 0.214539 
4.8 0.85 -0.0732459 0.190089 
4.85 0.85 -0.0658187 0.166059 
4.9 0.85 -0.0558391 0.143615 
4.95 0.85 -0.043633 0.124121 
5 0.85 -0.0296371 0.10901 
0 0.9 -0.0223656 0.0848333 
0.05 0.9 -0.015155 0.0746246 
0.1 0.9 -0.00735671 0.0682609 
0.15 0.9 0.000723694 0.0663022 
0.2 0.9 0.00876095 0.0689255 
0.25 0.9 0.0164218 0.075875 
0.3 0.9 0.0233935 0.0865174 
0.35 0.9 0.029408 0.0999793 
0.4 0.9 0.0342562 0.115309 
0.45 0.9 0.0377915 0.131611 
0.5 0.9 0.0399263 0.148123 
0.55 0.9 0.0406257 0.164238 
0.6 0.9 0.0398994 0.179489 
0.65 0.9 0.0377963 0.193519 
0.7 0.9 0.0344014 0.206043 
0.75 0.9 0.0298344 0.216831 
0.8 0.9 0.0242491 0.225689 
0.85 0.9 0.0178324 0.232455 
0.9 0.9 0.0108011 0.237002 
0.95 0.9 0.00339555 0.239241 
1 0.9 -0.00412815 0.239128 
1.05 0.9 -0.011509 0.236664 
1.1 0.9 -0.018492 0.231898 
1.15 0.9 -0.0248383 0.224922 
1.2 0.9 -0.0303334 0.215866 
1.25 0.9 -0.0347931 0.204893 
1.3 0.9 -0.0380659 0.192199 
1.35 0.9 -0.0400345 0.178021 
1.4 0.9 -0.0406165 0.162647 
1.45 0.9 -0.0397651 0.146444 
1.5 0.9 -0.0374737 0.129895 
1.55 0.9 -0.0337809 0.113624 
1.6 0.9 -0.028779 0.0984154 
1.65 0.9 -0.0226209 0.0851808 
1.7 0.9 -0.0155236 0.0748783 
1.75 0.9 -0.00776478 0.0683695 
1.8 0.9 0.000330556 0.066255 
1.85 0.9 0.0084115 0.0687395 
1.9 0.9 0.0161283 0.075583 
1.95 0.9 0.023159 0.0861582 
2 0.9 0.0292305 0.0995896 
2.05 0.9 0.0341309 0.114918 
2.1 0.9 0.0377124 0.13124 
2.15 0.9 0.0398873 0.147784 
2.2 0.9 0.0406208 0.163937 
2.25 0.9 0.0399232 0.179229 
2.3 0.9 0.0378438 0.193298 
2.35 0.9 0.0344683 0.205861 
2.4 0.9 0.0299166 0.216686 
2.45 0.9 0.024343 0.22558 
2.5 0.9 0.0179344 0.23238 
2.55 0.9 0.0109075 0.236961 
2.6 0.9 0.00350293 0.239232 
2.65 0.9 -0.00402315 0.239149 
2.7 0.9 -0.0114095 0.236714 
2.75 0.9 -0.0184008 0.231975 
2.8 0.9 -0.0247579 0.225023 
2.85 0.9 -0.0302657 0.215988 
2.9 0.9 -0.0347396 0.205033 
2.95 0.9 -0.0380275 0.192355 
3 0.9 -0.0400119 0.178188 
3.05 0.9 -0.0406096 0.162821 
3.1 0.9 -0.0397737 0.146622 
3.15 0.9 -0.037497 0.13007 
3.2 0.9 -0.0338178 0.113791 
3.25 0.9 -0.0288279 0.0985658 
3.3 0.9 -0.0226796 0.0853068 
3.35 0.9 -0.0155897 0.0749721 
3.4 0.9 -0.00783526 0.0684254 
3.45 0.9 0.000258764 0.0662703 
3.5 0.9 0.00834144 0.0687153 
3.55 0.9 0.0160627 0.0755243 
3.6 0.9 0.0231001 0.0860725 
3.65 0.9 0.0291799 0.0994855 
3.7 0.9 0.0340895 0.114804 
3.75 0.9 0.0376805 0.131123 
3.8 0.9 0.0398647 0.147669 
3.85 0.9 0.0406068 0.163828 
3.9 0.9 0.0399167 0.179128 
3.95 0.9 0.0378438 0.193206 
4 0.9 0.0344734 0.205777 
4.05 0.9 0.0299254 0.21661 
4.1 0.9 0.024354 0.225509 
4.15 0.9 0.0179464 0.232313 
4.2 0.9 0.0109194 0.236893 
4.25 0.9 0.00351424 0.23916 
4.3 0.9 -0.00401251 0.239066 
4.35 0.9 -0.0113987 0.236613 
4.4 0.9 -0.018388 0.231847 
4.45 0.9 -0.0247396 0.224859 
4.5 0.9 -0.0302371 0.215778 
4.55 0.9 -0.0346938 0.204766 
4.6 0.9 -0.037956 0.192021 
4.65 0.9 -0.0399044 0.177781 
4.7 0.9 -0.0404552 0.162341 
4.75 0.9 -0.0395619 0.146075 
4.8 0.9 -0.0372204 0.129479 
4.85 0.9 -0.0334765 0.11319 
4.9 0.9 -0.0284362 0.0980032 
4.95 0.9 -0.0222733 0.0848333 
5 0.9 -0.0152175 0.0746246 
0 0.95 -0.00660746 0.0430874 
0.05 0.95 -0.00439369 0.0380131 
0.1 0.95 -0.00211884 0.0348661 
0.15 0.95 0.000206598 0.0338998 
0.2 0.95 0.00251192 0.0351978 
0.25 0.95 0.00470585 0.0386376 
0.3 0.95 0.00669875 0.0439139 
0.35 0.95 0.00841369 0.050603 
0.4 0.95 0.00979152 0.0582386 
0.45 0.95 0.0107918 0.0663772 
0.5 0.95 0.0113915 0.0746366 
0.55 0.95 0.0115823 0.0827089 
0.6 0.95 0.0113683 0.0903554 
0.65 0.95 0.0107641 0.0973917 
0.7 0.95 0.00979416 0.103673 
0.75 0.95 0.00849223 0.109082 
0.8 0.95 0.00690166 0.113521 
0.85 0.95 0.00507514 0.11691 
0.9 0.95 0.00307397 0.119186 
0.95 0.95 0.00096638 0.120307 
1 0.95 -0.00117484 0.12025 
1.05 0.95 -0.00327545 0.119017 
1.1 0.95 -0.00526293 0.116631 
1.15 0.95 -0.00706955 0.113136 
1.2 0.95 -0.00863468 0.108597 
1.25 0.95 -0.00990633 0.103096 
1.3 0.95 -0.0108419 0.0967294 
1.35 0.95 -0.0114082 0.0896184 
1.4 0.95 -0.0115814 0.0819107 
1.45 0.95 -0.0113476 0.0737955 
1.5 0.95 -0.0107033 0.065519 
1.55 0.95 -0.00965791 0.0573983 
1.6 0.95 -0.00823575 0.0498252 
1.65 0.95 -0.00647907 0.0432515 
1.7 0.95 -0.00444934 0.0381455 
1.75 0.95 -0.0022265 0.0349253 
1.8 0.95 9.48112e-05 0.0338801 
1.85 0.95 0.00241191 0.0351083 
1.9 0.95 0.00462247 0.0384945 
1.95 0.95 0.00663281 0.0437364 
2 0.95 0.00836438 0.0504092 
2.05 0.95 0.00975727 0.0580435 
2.1 0.95 0.0107708 0.0661912 
2.15 0.95 0.0113818 0.0744662 
2.2 0.95 0.0115821 0.0825575 
2.25 0.95 0.011376 0.0902241 
2.3 0.95 0.0107784 0.0972805 
2.35 0.95 0.00981376 0.103581 
2.4 0.95 0.00851603 0.109009 
2.45 0.95 0.00692863 0.113466 
2.5 0.95 0.00510428 0.116872 
2.55 0.95 0.00310428 0.119165 
2.6 0.95 0.0009969 0.120302 
2.65 0.95 -0.00114506 0.120261 
2.7 0.95 -0.00324727 0.119042 
2.75 0.95 -0.00523717 0.116669 
2.8 0.95 -0.00704687 0.113187 
2.85 0.95 -0.00861563 0.108659 
2.9 0.95 -0.00989132 0.103166 
2.95 0.95 -0.0108312 0.0968073 
3 0.95 -0.0114019 0.0897021 
3.05 0.95 -0.0115796 0.0819982 
3.1 0.95 -0.0113502 0.0738845 
3.15 0.95 -0.0107101 0.0656068 
3.2 0.95 -0.00966856 0.0574816 
3.25 0.95 -0.00824982 0.0499002 
3.3 0.95 -0.00649597 0.0433142 
3.35 0.95 -0.00446833 0.0381922 
3.4 0.95 -0.00224673 0.0349532 
3.45 0.95 7.42391e-05 0.0338879 
3.5 0.95 0.00239189 0.0350965 
3.55 0.95 0.00460379 0.0384656 
3.6 0.95 0.00661612 0.0436941 
3.65 0.95 0.00835014 0.0503576 
3.7 0.95 0.00974573 0.0579866 
3.75 0.95 0.010762 0.0661326 
3.8 0.95 0.0113756 0.0744085 
3.85 0.95 0.0115784 0.0825026 
3.9 0.95 0.0113745 0.090173 
3.95 0.95 0.0107786 0.0972338 
4 0.95 0.00981537 0.103539 
4.05 0.95 0.00851859 0.10897 
4.1 0.95 0.00693171 0.11343 
4.15 0.95 0.0051075 0.116838 
4.2 0.95 0.00310731 0.11913 
4.25 0.95 0.00099952 0.120265 
4.3 0.95 -0.0011429 0.120217 
4.35 0.95 -0.00324539 0.118989 
4.4 0.95 -0.00523504 0.116603 
4.45 0.95 -0.0070436 0.113102 
4.5 0.95 -0.00860981 0.10855 
4.55 0.95 -0.009881 0.103029 
4.6 0.95 -0.0108138 0.0966365 
4.65 0.95 -0.0113745 0.0894949 
4.7 0.95 -0.0115389 0.0817546 
4.75 0.95 -0.0112928 0.0736093 
4.8 0.95 -0.0106339 0.0653112 
4.85 0.95 -0.00957458 0.0571842 
4.9 0.95 -0.00814838 0.0496262 
4.95 0.95 -0.00642242 0.0430874 
5 0.95 -0.00451983 0.0380131 
0 1 0 0 
0.05 1 0 0 
0.1 1 0 0 
0.15 1 0 0 
0.2 1 0 0 
0.25 1 0 0 
0.3 1 0 0 
0.35 1 0 0 
0.4 1 0 0 
0.45 1 0 0 
0.5 1 0 0 
0.55 1 0 0 
0.6 1 0 0 
0.65 1 0 0 
0.7 1 0 0 
0.75 1 0 0 
0.8 1 0 0 
0.85 1 0 0 
0.9 1 0 0 
0.95 1 0 0 
1 1 0 0 
1.05 1 0 0 
1.1 1 0 0 
1.15 1 0 0 
1.2 1 0 0 
1.25 1 0 0 
1.3 1 0 0 
1.35 1 0 0 
1.4 1 0 0 
1.45 1 0 0 
1.5 1 0 0 
1.55 1 0 0 
1.6 1 0 0 
1.65 1 0 0 
1.7 1 0 0 
1.75 1 0 0 
1.8 1 0 0 
1.85 1 0 0 
1.9 1 0 0 
1.95 1 0 0 
2 1 0 0 
2.05 1 0 0 
2.1 1 0 0 
2.15 1 0 0 
2.2 1 0 0 
2.25 1 0 0 
2.3 1 0 0 
2.35 1 0 0 
2.4 1 0 0 
2.45 1 0 0 
2.5 1 0 0 
2.55 1 0 0 
2.6 1 0 0 
2.65 1 0 0 
2.7 1 0 0 
2.75 1 0 0 
2.8 1 0 0 
2.85 1 0 0 
2.9 1 0 0 
2.95 1 0 0 
3 1 0 0 
3.05 1 0 0 
3.1 1 0 0 
3.15 1 0 0 
3.2 1 0 0 
3.25 1 0 0 
3.3 1 0 0 
3.35 1 0 0 
3.4 1 0 0 
3.45 1 0 0 
3.5 1 0 0 
3.55 1 0 0 
3.6 1 0 0 
3.65 1 0 0 
3.7 1 0 0 
3.75 1 0 0 
3.8 1 0 0 
3.85 1 0 0 
3.9 1 0 0 
3.95 1 0 0 
4 1 0 0 
4.05 1 0 0 
4.1 1 0 0 
4.15 1 0 0 
4.2 1 0 0 
4.25 1 0 0 
4.3 1 0 0 
4.35 1 0 0 
4.4 1 0 0 
4.45 1 0 0 
4.5 1 0 0 
4.55 1 0 0 
4.6 1 0 0 
4.65 1 0 0 
4.7 1 0 0 
4.75 1 0 0 
4.8 1 0 0 
4.85 1 0 0 
4.9 1 0 0 
4.95 1 0 0 
5 1 0 0 
