x, y, ksi, T
#iter= 1360000
0 0 0 1 
0.05 0 0 1 
0.1 0 0 1 
0.15 0 0 1 
0.2 0 0 1 
0.25 0 0 1 
0.3 0 0 1 
0.35 0 0 1 
0.4 0 0 1 
0.45 0 0 1 
0.5 0 0 1 
0.55 0 0 1 
0.6 0 0 1 
0.65 0 0 1 
0.7 0 0 1 
0.75 0 0 1 
0.8 0 0 1 
0.85 0 0 1 
0.9 0 0 1 
0.95 0 0 1 
1 0 0 1 
1.05 0 0 1 
1.1 0 0 1 
1.15 0 0 1 
1.2 0 0 1 
1.25 0 0 1 
1.3 0 0 1 
1.35 0 0 1 
1.4 0 0 1 
1.45 0 0 1 
1.5 0 0 1 
1.55 0 0 1 
1.6 0 0 1 
1.65 0 0 1 
1.7 0 0 1 
1.75 0 0 1 
1.8 0 0 1 
1.85 0 0 1 
1.9 0 0 1 
1.95 0 0 1 
2 0 0 1 
2.05 0 0 1 
2.1 0 0 1 
2.15 0 0 1 
2.2 0 0 1 
2.25 0 0 1 
2.3 0 0 1 
2.35 0 0 1 
2.4 0 0 1 
2.45 0 0 1 
2.5 0 0 1 
2.55 0 0 1 
2.6 0 0 1 
2.65 0 0 1 
2.7 0 0 1 
2.75 0 0 1 
2.8 0 0 1 
2.85 0 0 1 
2.9 0 0 1 
2.95 0 0 1 
3 0 0 1 
3.05 0 0 1 
3.1 0 0 1 
3.15 0 0 1 
3.2 0 0 1 
3.25 0 0 1 
3.3 0 0 1 
3.35 0 0 1 
3.4 0 0 1 
3.45 0 0 1 
3.5 0 0 1 
3.55 0 0 1 
3.6 0 0 1 
3.65 0 0 1 
3.7 0 0 1 
3.75 0 0 1 
3.8 0 0 1 
3.85 0 0 1 
3.9 0 0 1 
3.95 0 0 1 
4 0 0 1 
4.05 0 0 1 
4.1 0 0 1 
4.15 0 0 1 
4.2 0 0 1 
4.25 0 0 1 
4.3 0 0 1 
4.35 0 0 1 
4.4 0 0 1 
4.45 0 0 1 
4.5 0 0 1 
4.55 0 0 1 
4.6 0 0 1 
4.65 0 0 1 
4.7 0 0 1 
4.75 0 0 1 
4.8 0 0 1 
4.85 0 0 1 
4.9 0 0 1 
4.95 0 0 1 
5 0 0 1 
0 0.05 -0.00650041 0.884784 
0.05 0.05 -0.00440882 0.881753 
0.1 0.05 -0.00222611 0.879971 
0.15 0.05 -1.6673e-05 0.879415 
0.2 0.05 0.00216201 0.88007 
0.25 0.05 0.00424615 0.881907 
0.3 0.05 0.00617102 0.884884 
0.35 0.05 0.00787579 0.88894 
0.4 0.05 0.00930645 0.894001 
0.45 0.05 0.0104174 0.899975 
0.5 0.05 0.0111719 0.906752 
0.55 0.05 0.0115424 0.914201 
0.6 0.05 0.0115105 0.922154 
0.65 0.05 0.0110679 0.930395 
0.7 0.05 0.0102175 0.938644 
0.75 0.05 0.00897609 0.946544 
0.8 0.05 0.00737705 0.95367 
0.85 0.05 0.00547237 0.959555 
0.9 0.05 0.00333325 0.963748 
0.95 0.05 0.00104781 0.965885 
1 0.05 -0.00128423 0.965771 
1.05 0.05 -0.00355928 0.963415 
1.1 0.05 -0.00567848 0.959036 
1.15 0.05 -0.00755524 0.953007 
1.2 0.05 -0.00912029 0.945786 
1.25 0.05 -0.0103236 0.937837 
1.3 0.05 -0.0111338 0.929581 
1.35 0.05 -0.0115356 0.921366 
1.4 0.05 -0.0115276 0.913465 
1.45 0.05 -0.0111195 0.906089 
1.5 0.05 -0.0103313 0.899402 
1.55 0.05 -0.00919223 0.893533 
1.6 0.05 -0.00774102 0.888588 
1.65 0.05 -0.00602589 0.884657 
1.7 0.05 -0.00410405 0.881811 
1.75 0.05 -0.0020406 0.880102 
1.8 0.05 9.35694e-05 0.879563 
1.85 0.05 0.00222449 0.880205 
1.9 0.05 0.00427836 0.882014 
1.95 0.05 0.00618466 0.884958 
2 0.05 0.00787892 0.888981 
2.05 0.05 0.00930466 0.894009 
2.1 0.05 0.0104145 0.899955 
2.15 0.05 0.0111705 0.906708 
2.2 0.05 0.0115441 0.914138 
2.25 0.05 0.0115164 0.922076 
2.3 0.05 0.0110785 0.930307 
2.35 0.05 0.0102329 0.938552 
2.4 0.05 0.00899615 0.946455 
2.45 0.05 0.00740124 0.953591 
2.5 0.05 0.0054999 0.959493 
2.55 0.05 0.00336306 0.963708 
2.6 0.05 0.00107867 0.965873 
2.65 0.05 -0.00125363 0.965787 
2.7 0.05 -0.00353023 0.963459 
2.75 0.05 -0.00565211 0.959102 
2.8 0.05 -0.00753246 0.953091 
2.85 0.05 -0.00910174 0.945881 
2.9 0.05 -0.0103097 0.937939 
2.95 0.05 -0.0111246 0.929684 
3 0.05 -0.0115311 0.921466 
3.05 0.05 -0.0115275 0.913559 
3.1 0.05 -0.0111237 0.906176 
3.15 0.05 -0.0103392 0.89948 
3.2 0.05 -0.00920344 0.893602 
3.25 0.05 -0.00775498 0.888648 
3.3 0.05 -0.006042 0.884706 
3.35 0.05 -0.00412169 0.881849 
3.4 0.05 -0.00205908 0.88013 
3.45 0.05 7.48945e-05 0.87958 
3.5 0.05 0.00220627 0.880212 
3.55 0.05 0.00426116 0.882013 
3.6 0.05 0.00616899 0.884948 
3.65 0.05 0.0078652 0.888963 
3.7 0.05 0.0092932 0.893985 
3.75 0.05 0.0104055 0.899925 
3.8 0.05 0.0111641 0.906674 
3.85 0.05 0.0115404 0.9141 
3.9 0.05 0.0115154 0.922035 
3.95 0.05 0.01108 0.930266 
4 0.05 0.010237 0.938512 
4.05 0.05 0.00900261 0.946418 
4.1 0.05 0.00740992 0.95356 
4.15 0.05 0.00551055 0.959472 
4.2 0.05 0.00337537 0.9637 
4.25 0.05 0.00109226 0.965881 
4.3 0.05 -0.00123922 0.965814 
4.35 0.05 -0.00351549 0.963506 
4.4 0.05 -0.00563759 0.959172 
4.45 0.05 -0.00751882 0.953182 
4.5 0.05 -0.00908978 0.945994 
4.55 0.05 -0.0103005 0.938073 
4.6 0.05 -0.01112 0.929839 
4.65 0.05 -0.0115338 0.921641 
4.7 0.05 -0.0115418 0.913753 
4.75 0.05 -0.0111561 0.906384 
4.8 0.05 -0.0103999 0.899693 
4.85 0.05 -0.00930801 0.893805 
4.9 0.05 -0.00792805 0.888813 
4.95 0.05 -0.00631993 0.884784 
5 0.05 -0.00453258 0.881753 
0 0.1 -0.0219333 0.770903 
0.05 0.1 -0.0150968 0.764949 
0.1 0.1 -0.00766032 0.761379 
0.15 0.1 7.9812e-06 0.760251 
0.2 0.1 0.00762382 0.761546 
0.25 0.1 0.0149295 0.765207 
0.3 0.1 0.0216843 0.771145 
0.35 0.1 0.0276682 0.779237 
0.4 0.1 0.0326876 0.789329 
0.45 0.1 0.0365793 0.801238 
0.5 0.1 0.0392128 0.81475 
0.55 0.1 0.0404907 0.829602 
0.6 0.1 0.0403504 0.845471 
0.65 0.1 0.0387659 0.861935 
0.7 0.1 0.0357538 0.878443 
0.75 0.1 0.0313795 0.89429 
0.8 0.1 0.0257656 0.908619 
0.85 0.1 0.0190981 0.920481 
0.9 0.1 0.011626 0.928948 
0.95 0.1 0.0036533 0.93327 
1 0.1 -0.00447858 0.933039 
1.05 0.1 -0.0124158 0.928275 
1.1 0.1 -0.0198198 0.919432 
1.15 0.1 -0.0263914 0.907282 
1.2 0.1 -0.0318878 0.892765 
1.25 0.1 -0.0361301 0.876825 
1.3 0.1 -0.0390018 0.860304 
1.35 0.1 -0.0404433 0.843893 
1.4 0.1 -0.0404435 0.828128 
1.45 0.1 -0.0390334 0.813421 
1.5 0.1 -0.036281 0.800087 
1.55 0.1 -0.0322893 0.788383 
1.6 0.1 -0.027196 0.77852 
1.65 0.1 -0.0211721 0.770674 
1.7 0.1 -0.0144202 0.76499 
1.75 0.1 -0.00717003 0.761576 
1.8 0.1 0.000328737 0.760499 
1.85 0.1 0.0078161 0.761781 
1.9 0.1 0.0150325 0.765397 
1.95 0.1 0.0217297 0.771274 
2 0.1 0.0276801 0.779303 
2.05 0.1 0.0326835 0.789335 
2.1 0.1 0.0365718 0.80119 
2.15 0.1 0.0392104 0.814655 
2.2 0.1 0.0404992 0.82947 
2.25 0.1 0.0403731 0.84531 
2.3 0.1 0.0388049 0.861756 
2.35 0.1 0.0358093 0.878257 
2.4 0.1 0.0314509 0.894109 
2.45 0.1 0.0258511 0.908458 
2.5 0.1 0.019195 0.920355 
2.55 0.1 0.0117306 0.928868 
2.6 0.1 0.00376143 0.933246 
2.65 0.1 -0.00437137 0.933072 
2.7 0.1 -0.0123139 0.928364 
2.75 0.1 -0.019727 0.919566 
2.8 0.1 -0.0263109 0.907452 
2.85 0.1 -0.031822 0.892957 
2.9 0.1 -0.0360802 0.877028 
2.95 0.1 -0.0389685 0.860509 
3 0.1 -0.0404264 0.844092 
3.05 0.1 -0.0404425 0.828316 
3.1 0.1 -0.0390471 0.813594 
3.15 0.1 -0.036308 0.800244 
3.2 0.1 -0.0323281 0.788521 
3.25 0.1 -0.0272446 0.778638 
3.3 0.1 -0.0212284 0.770771 
3.35 0.1 -0.0144819 0.765066 
3.4 0.1 -0.00723491 0.761631 
3.45 0.1 0.000263061 0.760534 
3.5 0.1 0.00775186 0.761796 
3.55 0.1 0.0149718 0.765393 
3.6 0.1 0.0216743 0.771253 
3.65 0.1 0.0276314 0.779267 
3.7 0.1 0.0326427 0.789285 
3.75 0.1 0.0365396 0.80113 
3.8 0.1 0.0391874 0.814586 
3.85 0.1 0.0404855 0.829394 
3.9 0.1 0.0403689 0.84523 
3.95 0.1 0.0388098 0.861674 
4 0.1 0.0358232 0.878177 
4.05 0.1 0.0314731 0.894035 
4.1 0.1 0.0258811 0.908396 
4.15 0.1 0.0192318 0.920311 
4.2 0.1 0.0117732 0.92885 
4.25 0.1 0.0038084 0.93326 
4.3 0.1 -0.00432154 0.933123 
4.35 0.1 -0.0122629 0.928456 
4.4 0.1 -0.0196768 0.919702 
4.45 0.1 -0.0262637 0.907631 
4.5 0.1 -0.0317805 0.893179 
4.55 0.1 -0.0360484 0.877291 
4.6 0.1 -0.038952 0.860813 
4.65 0.1 -0.040434 0.844434 
4.7 0.1 -0.0404871 0.828692 
4.75 0.1 -0.0391477 0.813995 
4.8 0.1 -0.036491 0.800653 
4.85 0.1 -0.0326273 0.788904 
4.9 0.1 -0.0276958 0.778938 
4.95 0.1 -0.0218429 0.770903 
5 0.1 -0.0151567 0.764949 
0 0.15 -0.0427325 0.663159 
0.05 0.15 -0.0293798 0.654467 
0.1 0.15 -0.0148597 0.649208 
0.15 0.15 0.000175875 0.647525 
0.2 0.15 0.0151542 0.649421 
0.25 0.15 0.0295468 0.654821 
0.3 0.15 0.0428637 0.663588 
0.35 0.15 0.0546609 0.675531 
0.4 0.15 0.0645496 0.690414 
0.45 0.15 0.0722037 0.70796 
0.5 0.15 0.0773637 0.727848 
0.55 0.15 0.0798388 0.7497 
0.6 0.15 0.0795091 0.773047 
0.65 0.15 0.076331 0.797281 
0.7 0.15 0.0703454 0.821607 
0.75 0.15 0.0616913 0.844994 
0.8 0.15 0.0506186 0.86618 
0.85 0.15 0.0374972 0.883751 
0.9 0.15 0.0228164 0.896311 
0.95 0.15 0.00716758 0.90273 
1 0.15 -0.00878869 0.902385 
1.05 0.15 -0.024369 0.895312 
1.1 0.15 -0.038918 0.882193 
1.15 0.15 -0.0518533 0.8642 
1.2 0.15 -0.0626976 0.842738 
1.25 0.15 -0.0710935 0.819215 
1.3 0.15 -0.0768035 0.794872 
1.35 0.15 -0.0797 0.770714 
1.4 0.15 -0.0797523 0.747517 
1.45 0.15 -0.0770143 0.725872 
1.5 0.15 -0.0716161 0.706236 
1.55 0.15 -0.0637596 0.688982 
1.6 0.15 -0.0537165 0.674422 
1.65 0.15 -0.0418262 0.662825 
1.7 0.15 -0.0284911 0.654414 
1.75 0.15 -0.0141674 0.649357 
1.8 0.15 0.000649506 0.647762 
1.85 0.15 0.0154438 0.649661 
1.9 0.15 0.0297005 0.655016 
1.95 0.15 0.042927 0.663713 
2 0.15 0.0546713 0.675578 
2.05 0.15 0.064536 0.690385 
2.1 0.15 0.0721874 0.707861 
2.15 0.15 0.0773598 0.727689 
2.2 0.15 0.0798574 0.749491 
2.25 0.15 0.0795565 0.7728 
2.3 0.15 0.0764101 0.79701 
2.35 0.15 0.0704571 0.821327 
2.4 0.15 0.0618339 0.844724 
2.45 0.15 0.0507884 0.86594 
2.5 0.15 0.0376888 0.883562 
2.55 0.15 0.0230228 0.896192 
2.6 0.15 0.00738075 0.902693 
2.65 0.15 -0.00857738 0.902435 
2.7 0.15 -0.024168 0.895443 
2.75 0.15 -0.0387347 0.882393 
2.8 0.15 -0.0516939 0.864451 
2.85 0.15 -0.0625666 0.843022 
2.9 0.15 -0.0709937 0.819515 
2.95 0.15 -0.0767361 0.795173 
3 0.15 -0.079665 0.771006 
3.05 0.15 -0.0797485 0.747793 
3.1 0.15 -0.0770399 0.726126 
3.15 0.15 -0.0716683 0.706465 
3.2 0.15 -0.0638351 0.689183 
3.25 0.15 -0.0538116 0.674594 
3.3 0.15 -0.0419368 0.662967 
3.35 0.15 -0.0286128 0.654524 
3.4 0.15 -0.0142955 0.649437 
3.45 0.15 0.000519624 0.647811 
3.5 0.15 0.0153166 0.649681 
3.55 0.15 0.02958 0.655008 
3.6 0.15 0.0428168 0.66368 
3.65 0.15 0.0545743 0.675524 
3.7 0.15 0.0644545 0.690311 
3.75 0.15 0.072123 0.707772 
3.8 0.15 0.0773135 0.727586 
3.85 0.15 0.0798296 0.749379 
3.9 0.15 0.0795472 0.772681 
3.95 0.15 0.0764191 0.796889 
4 0.15 0.0704835 0.821209 
4.05 0.15 0.0618768 0.844614 
4.1 0.15 0.0508463 0.865848 
4.15 0.15 0.0377601 0.883497 
4.2 0.15 0.0231052 0.896163 
4.25 0.15 0.00747168 0.902711 
4.3 0.15 -0.00848082 0.902508 
4.35 0.15 -0.0240689 0.895575 
4.4 0.15 -0.0386367 0.882587 
4.45 0.15 -0.0516008 0.864706 
4.5 0.15 -0.0624834 0.843337 
4.55 0.15 -0.0709268 0.819888 
4.6 0.15 -0.076695 0.795601 
4.65 0.15 -0.0796636 0.771484 
4.7 0.15 -0.0798069 0.748314 
4.75 0.15 -0.0771856 0.726677 
4.8 0.15 -0.0719367 0.707019 
4.85 0.15 -0.0642651 0.689693 
4.9 0.15 -0.0544301 0.67499 
4.95 0.15 -0.0427185 0.663159 
5 0.15 -0.0293866 0.654467 
0 0.2 -0.0658641 0.567285 
0.05 0.2 -0.0451716 0.556151 
0.1 0.2 -0.0227313 0.549386 
0.15 0.2 0.000531295 0.547205 
0.2 0.2 0.0237387 0.549645 
0.25 0.2 0.0460593 0.55662 
0.3 0.2 0.0667177 0.567944 
0.35 0.2 0.0850121 0.58335 
0.4 0.2 0.100331 0.602513 
0.45 0.2 0.112163 0.625056 
0.5 0.2 0.120106 0.650559 
0.55 0.2 0.123866 0.678536 
0.6 0.2 0.123267 0.708396 
0.65 0.2 0.118252 0.739379 
0.7 0.2 0.108897 0.770484 
0.75 0.2 0.0954303 0.800407 
0.8 0.2 0.0782502 0.827538 
0.85 0.2 0.0579345 0.850061 
0.9 0.2 0.0352381 0.866176 
0.95 0.2 0.0110667 0.874416 
1 0.2 -0.0135728 0.873973 
1.05 0.2 -0.03764 0.864892 
1.1 0.2 -0.0601354 0.848061 
1.15 0.2 -0.0801668 0.824996 
1.2 0.2 -0.0969967 0.797513 
1.25 0.2 -0.110066 0.767415 
1.3 0.2 -0.118995 0.736285 
1.35 0.2 -0.123574 0.705393 
1.4 0.2 -0.12374 0.675715 
1.45 0.2 -0.119566 0.647989 
1.5 0.2 -0.111246 0.622792 
1.55 0.2 -0.0990874 0.600601 
1.6 0.2 -0.0835107 0.581829 
1.65 0.2 -0.065044 0.566839 
1.7 0.2 -0.0443155 0.555944 
1.75 0.2 -0.0220389 0.549383 
1.8 0.2 0.00101032 0.547312 
1.85 0.2 0.0240241 0.549778 
1.9 0.2 0.0461958 0.556724 
1.95 0.2 0.0667542 0.567988 
2 0.2 0.0849922 0.583321 
2.05 0.2 0.10029 0.602408 
2.1 0.2 0.112128 0.624879 
2.15 0.2 0.120096 0.650319 
2.2 0.2 0.123895 0.678242 
2.25 0.2 0.123343 0.708061 
2.3 0.2 0.118377 0.739019 
2.35 0.2 0.109073 0.770117 
2.4 0.2 0.0956538 0.800055 
2.45 0.2 0.0785153 0.827227 
2.5 0.2 0.0582328 0.849817 
2.55 0.2 0.0355588 0.866021 
2.6 0.2 0.0113974 0.874368 
2.65 0.2 -0.0132451 0.874036 
2.7 0.2 -0.0373279 0.86506 
2.75 0.2 -0.0598505 0.848317 
2.8 0.2 -0.0799184 0.825318 
2.85 0.2 -0.0967918 0.797876 
2.9 0.2 -0.109909 0.767798 
2.95 0.2 -0.118888 0.736669 
3 0.2 -0.123517 0.705766 
3.05 0.2 -0.123732 0.676067 
3.1 0.2 -0.119604 0.648313 
3.15 0.2 -0.111325 0.623085 
3.2 0.2 -0.0992032 0.600859 
3.25 0.2 -0.0836574 0.582049 
3.3 0.2 -0.0652152 0.56702 
3.35 0.2 -0.0445043 0.556084 
3.4 0.2 -0.022238 0.549484 
3.45 0.2 0.000808093 0.547373 
3.5 0.2 0.0238257 0.549801 
3.55 0.2 0.0460078 0.556712 
3.6 0.2 0.066582 0.567944 
3.65 0.2 0.0848406 0.583249 
3.7 0.2 0.100162 0.602311 
3.75 0.2 0.112027 0.624763 
3.8 0.2 0.120023 0.650186 
3.85 0.2 0.123851 0.678097 
3.9 0.2 0.123327 0.707909 
3.95 0.2 0.11839 0.738864 
4 0.2 0.109112 0.769965 
4.05 0.2 0.0957185 0.799915 
4.1 0.2 0.0786031 0.827109 
4.15 0.2 0.0583408 0.849733 
4.2 0.2 0.0356837 0.865984 
4.25 0.2 0.0115353 0.874389 
4.3 0.2 -0.0130983 0.874125 
4.35 0.2 -0.0371768 0.865223 
4.4 0.2 -0.0596996 0.848556 
4.45 0.2 -0.0797729 0.825631 
4.5 0.2 -0.0966576 0.79826 
4.55 0.2 -0.109794 0.768248 
4.6 0.2 -0.118803 0.73718 
4.65 0.2 -0.123477 0.70633 
4.7 0.2 -0.123759 0.676673 
4.75 0.2 -0.119726 0.648944 
4.8 0.2 -0.111576 0.623709 
4.85 0.2 -0.0996145 0.601429 
4.9 0.2 -0.0842386 0.5825 
4.95 0.2 -0.0659143 0.567285 
5 0.2 -0.0451346 0.556151 
0 0.25 -0.0889535 0.487549 
0.05 0.25 -0.0608591 0.474303 
0.1 0.25 -0.030458 0.466235 
0.15 0.25 0.00106442 0.463628 
0.2 0.25 0.0325329 0.466557 
0.25 0.25 0.0628102 0.474922 
0.3 0.25 0.090829 0.488475 
0.35 0.25 0.115623 0.506857 
0.4 0.25 0.136354 0.529631 
0.45 0.25 0.152324 0.556314 
0.5 0.25 0.162991 0.586384 
0.55 0.25 0.167967 0.619262 
0.6 0.25 0.167022 0.654265 
0.65 0.25 0.160097 0.690522 
0.7 0.25 0.147315 0.726882 
0.75 0.25 0.129001 0.761841 
0.8 0.25 0.105707 0.793534 
0.85 0.25 0.0782205 0.819843 
0.9 0.25 0.0475582 0.838667 
0.95 0.25 0.0149317 0.848294 
1 0.25 -0.0183175 0.847776 
1.05 0.25 -0.0508053 0.837166 
1.1 0.25 -0.0811998 0.817503 
1.15 0.25 -0.108307 0.790559 
1.2 0.25 -0.131131 0.758453 
1.25 0.25 -0.148911 0.723284 
1.3 0.25 -0.161118 0.686885 
1.35 0.25 -0.167449 0.650723 
1.4 0.25 -0.167802 0.615915 
1.45 0.25 -0.162259 0.583308 
1.5 0.25 -0.151066 0.553571 
1.55 0.25 -0.134632 0.527272 
1.6 0.25 -0.113523 0.504926 
1.65 0.25 -0.0884535 0.487005 
1.7 0.25 -0.0602817 0.47393 
1.75 0.25 -0.0299842 0.466035 
1.8 0.25 0.00137451 0.463538 
1.85 0.25 0.0326845 0.466511 
1.9 0.25 0.0628379 0.474868 
1.95 0.25 0.0907763 0.488381 
2 0.25 0.115532 0.506706 
2.05 0.25 0.13626 0.529417 
2.1 0.25 0.152255 0.556039 
2.15 0.25 0.162967 0.586052 
2.2 0.25 0.168002 0.618883 
2.25 0.25 0.167124 0.653849 
2.3 0.25 0.160269 0.690083 
2.35 0.25 0.147556 0.726441 
2.4 0.25 0.129307 0.761423 
2.45 0.25 0.106069 0.793165 
2.5 0.25 0.0786262 0.819554 
2.55 0.25 0.0479935 0.838485 
2.6 0.25 0.0153801 0.848237 
2.65 0.25 -0.0178733 0.847849 
2.7 0.25 -0.0503822 0.837362 
2.75 0.25 -0.080813 0.817802 
2.8 0.25 -0.107969 0.790934 
2.85 0.25 -0.130852 0.758876 
2.9 0.25 -0.148695 0.72373 
2.95 0.25 -0.16097 0.687333 
3 0.25 -0.167369 0.651158 
3.05 0.25 -0.167788 0.616326 
3.1 0.25 -0.162307 0.583688 
3.15 0.25 -0.151171 0.553914 
3.2 0.25 -0.134788 0.527575 
3.25 0.25 -0.113721 0.505185 
3.3 0.25 -0.0886854 0.487218 
3.35 0.25 -0.0605379 0.474095 
3.4 0.25 -0.030255 0.466152 
3.45 0.25 0.00109913 0.463607 
3.5 0.25 0.0324141 0.466534 
3.55 0.25 0.0625813 0.474849 
3.6 0.25 0.0905412 0.488324 
3.65 0.25 0.115325 0.506616 
3.7 0.25 0.136085 0.5293 
3.75 0.25 0.152117 0.555898 
3.8 0.25 0.162867 0.585893 
3.85 0.25 0.16794 0.618711 
3.9 0.25 0.167101 0.653669 
3.95 0.25 0.160284 0.689902 
4 0.25 0.147607 0.726264 
4.05 0.25 0.129392 0.76126 
4.1 0.25 0.106184 0.793028 
4.15 0.25 0.0787685 0.819456 
4.2 0.25 0.0481581 0.83844 
4.25 0.25 0.0155621 0.848258 
4.3 0.25 -0.0176791 0.847947 
4.35 0.25 -0.0501809 0.837543 
4.4 0.25 -0.0806097 0.818066 
4.45 0.25 -0.107769 0.791279 
4.5 0.25 -0.13066 0.759295 
4.55 0.25 -0.148519 0.724216 
4.6 0.25 -0.160817 0.687877 
4.65 0.25 -0.167252 0.651749 
4.7 0.25 -0.167725 0.61695 
4.75 0.25 -0.162318 0.584324 
4.8 0.25 -0.151279 0.554536 
4.85 0.25 -0.13501 0.528143 
4.9 0.25 -0.114049 0.505654 
4.95 0.25 -0.0890568 0.487549 
5 0.25 -0.0607863 0.474303 
0 0.3 -0.110169 0.425335 
0.05 0.3 -0.075213 0.410219 
0.1 0.3 -0.0374402 0.400989 
0.15 0.3 0.00172679 0.398011 
0.2 0.3 0.0408366 0.4014 
0.25 0.3 0.078465 0.41103 
0.3 0.3 0.113268 0.426562 
0.35 0.3 0.144032 0.447505 
0.4 0.3 0.169703 0.473276 
0.45 0.3 0.189418 0.503257 
0.5 0.3 0.202508 0.536816 
0.55 0.3 0.208506 0.573289 
0.6 0.3 0.207148 0.611927 
0.65 0.3 0.198384 0.651793 
0.7 0.3 0.182388 0.691656 
0.75 0.3 0.159588 0.7299 
0.8 0.3 0.13068 0.764514 
0.85 0.3 0.0966452 0.793213 
0.9 0.3 0.0587367 0.81373 
0.95 0.3 0.0184362 0.824217 
1 0.3 -0.022622 0.823652 
1.05 0.3 -0.0627537 0.812092 
1.1 0.3 -0.100336 0.790659 
1.15 0.3 -0.133906 0.761261 
1.2 0.3 -0.162239 0.726187 
1.25 0.3 -0.184381 0.687702 
1.3 0.3 -0.199665 0.64778 
1.35 0.3 -0.207691 0.607995 
1.4 0.3 -0.208309 0.569545 
1.45 0.3 -0.201593 0.533338 
1.5 0.3 -0.187831 0.500112 
1.55 0.3 -0.167513 0.470521 
1.6 0.3 -0.141331 0.445192 
1.65 0.3 -0.110174 0.424737 
1.7 0.3 -0.0751108 0.409723 
1.75 0.3 -0.0373682 0.400618 
1.8 0.3 0.00171301 0.397732 
1.85 0.3 0.0407328 0.401167 
1.9 0.3 0.0782936 0.410803 
1.95 0.3 0.113063 0.426312 
2 0.3 0.143826 0.447217 
2.05 0.3 0.169527 0.472943 
2.1 0.3 0.189296 0.502878 
2.15 0.3 0.202458 0.536393 
2.2 0.3 0.20854 0.57283 
2.25 0.3 0.207272 0.61144 
2.3 0.3 0.198598 0.651292 
2.35 0.3 0.18269 0.69116 
2.4 0.3 0.15997 0.729434 
2.45 0.3 0.131131 0.764106 
2.5 0.3 0.0971499 0.792895 
2.55 0.3 0.0592773 0.81353 
2.6 0.3 0.0189924 0.824153 
2.65 0.3 -0.0220714 0.823731 
2.7 0.3 -0.062229 0.812305 
2.75 0.3 -0.0998554 0.790984 
2.8 0.3 -0.133486 0.76167 
2.85 0.3 -0.16189 0.726648 
2.9 0.3 -0.184112 0.688189 
2.95 0.3 -0.199479 0.64827 
3 0.3 -0.207589 0.608472 
3.05 0.3 -0.208288 0.569997 
3.1 0.3 -0.20165 0.533757 
3.15 0.3 -0.187959 0.500492 
3.2 0.3 -0.167704 0.470858 
3.25 0.3 -0.141576 0.445481 
3.3 0.3 -0.110462 0.424975 
3.35 0.3 -0.0754295 0.409906 
3.4 0.3 -0.0377056 0.400746 
3.45 0.3 0.00136947 0.397805 
3.5 0.3 0.0403952 0.401187 
3.55 0.3 0.0779731 0.410774 
3.6 0.3 0.112769 0.426241 
3.65 0.3 0.143567 0.447109 
3.7 0.3 0.169309 0.472805 
3.75 0.3 0.189123 0.502716 
3.8 0.3 0.202332 0.536213 
3.85 0.3 0.208462 0.572637 
3.9 0.3 0.207242 0.61124 
3.95 0.3 0.198615 0.651092 
4 0.3 0.182751 0.690967 
4.05 0.3 0.160071 0.729257 
4.1 0.3 0.131269 0.763957 
4.15 0.3 0.0973206 0.792789 
4.2 0.3 0.0594748 0.813481 
4.25 0.3 0.0192111 0.824174 
4.3 0.3 -0.021837 0.823832 
4.35 0.3 -0.0619843 0.812491 
4.4 0.3 -0.099605 0.791254 
4.45 0.3 -0.133233 0.762019 
4.5 0.3 -0.161638 0.727068 
4.55 0.3 -0.183863 0.688667 
4.6 0.3 -0.199237 0.648796 
4.65 0.3 -0.207359 0.609031 
4.7 0.3 -0.208077 0.570574 
4.75 0.3 -0.201466 0.534334 
4.8 0.3 -0.18781 0.501048 
4.85 0.3 -0.16759 0.471367 
4.9 0.3 -0.141476 0.445921 
4.95 0.3 -0.110315 0.425335 
5 0.3 -0.0751116 0.410219 
0 0.35 -0.128123 0.379139 
0.05 0.35 -0.0873141 0.362236 
0.1 0.35 -0.0432472 0.351877 
0.15 0.35 0.00244771 0.348547 
0.2 0.35 0.0480774 0.352408 
0.25 0.35 0.0919646 0.363285 
0.3 0.35 0.132523 0.380705 
0.35 0.35 0.168318 0.403991 
0.4 0.35 0.198119 0.432358 
0.45 0.35 0.22092 0.465008 
0.5 0.35 0.235955 0.501174 
0.55 0.35 0.242703 0.540105 
0.6 0.35 0.240884 0.581003 
0.65 0.35 0.230467 0.622909 
0.7 0.35 0.211689 0.664578 
0.75 0.35 0.185068 0.704374 
0.8 0.35 0.151432 0.740263 
0.85 0.35 0.111926 0.769938 
0.9 0.35 0.0679949 0.79111 
0.95 0.35 0.0213359 0.801917 
1 0.35 -0.0261864 0.801334 
1.05 0.35 -0.0726529 0.789419 
1.1 0.35 -0.116211 0.767296 
1.15 0.35 -0.155186 0.736889 
1.2 0.35 -0.18816 0.700507 
1.25 0.35 -0.214022 0.660439 
1.3 0.35 -0.231976 0.618682 
1.35 0.35 -0.241531 0.576827 
1.4 0.35 -0.242481 0.536085 
1.45 0.35 -0.234881 0.497391 
1.5 0.35 -0.219038 0.461533 
1.55 0.35 -0.195501 0.429258 
1.6 0.35 -0.16506 0.401333 
1.65 0.35 -0.128744 0.378555 
1.7 0.35 -0.0878078 0.361694 
1.75 0.35 -0.0436963 0.351408 
1.8 0.35 0.00200316 0.348137 
1.85 0.35 0.0476297 0.35203 
1.9 0.35 0.0915256 0.362911 
1.95 0.35 0.132114 0.380317 
2 0.35 0.167963 0.403576 
2.05 0.35 0.197838 0.431913 
2.1 0.35 0.220731 0.464533 
2.15 0.35 0.23587 0.50067 
2.2 0.35 0.242729 0.539578 
2.25 0.35 0.241022 0.580461 
2.3 0.35 0.230716 0.622364 
2.35 0.35 0.212041 0.664046 
2.4 0.35 0.185514 0.70388 
2.45 0.35 0.151959 0.739835 
2.5 0.35 0.112514 0.769606 
2.55 0.35 0.0686239 0.790901 
2.6 0.35 0.0219824 0.801851 
2.65 0.35 -0.0255466 0.801415 
2.7 0.35 -0.0720431 0.789638 
2.75 0.35 -0.115652 0.767631 
2.8 0.35 -0.154696 0.737311 
2.85 0.35 -0.187753 0.700984 
2.9 0.35 -0.213706 0.660944 
2.95 0.35 -0.231755 0.619193 
3 0.35 -0.241408 0.577326 
3.05 0.35 -0.242453 0.536561 
3.1 0.35 -0.234944 0.497836 
3.15 0.35 -0.219185 0.46194 
3.2 0.35 -0.195721 0.429621 
3.25 0.35 -0.165344 0.401646 
3.3 0.35 -0.129079 0.378813 
3.35 0.35 -0.0881799 0.361892 
3.4 0.35 -0.0440908 0.351544 
3.45 0.35 0.00160105 0.348211 
3.5 0.35 0.0472343 0.352043 
3.55 0.35 0.0911502 0.36287 
3.6 0.35 0.13177 0.380228 
3.65 0.35 0.16766 0.403448 
3.7 0.35 0.197583 0.431754 
3.75 0.35 0.220528 0.464351 
3.8 0.35 0.235723 0.500472 
3.85 0.35 0.242637 0.539369 
3.9 0.35 0.240986 0.580248 
3.95 0.35 0.230733 0.622153 
4 0.35 0.212109 0.663844 
4.05 0.35 0.185628 0.703696 
4.1 0.35 0.152113 0.739682 
4.15 0.35 0.112705 0.769496 
4.2 0.35 0.0688448 0.790849 
4.25 0.35 0.0222273 0.801868 
4.3 0.35 -0.0252831 0.801511 
4.35 0.35 -0.0717655 0.789814 
4.4 0.35 -0.115364 0.767886 
4.45 0.35 -0.154397 0.737637 
4.5 0.35 -0.187443 0.70137 
4.55 0.35 -0.213382 0.661376 
4.6 0.35 -0.231413 0.619654 
4.65 0.35 -0.241041 0.577803 
4.7 0.35 -0.242055 0.537037 
4.75 0.35 -0.234509 0.498296 
4.8 0.35 -0.218702 0.462372 
4.85 0.35 -0.195176 0.430015 
4.9 0.35 -0.164707 0.402 
4.95 0.35 -0.128303 0.379139 
5 0.35 -0.0871905 0.362236 
0 0.4 -0.141797 0.34559 
0.05 0.4 -0.0964928 0.326848 
0.1 0.4 -0.0475786 0.31531 
0.15 0.4 0.00314838 0.311619 
0.2 0.4 0.0537986 0.315993 
0.25 0.4 0.102489 0.328185 
0.3 0.4 0.147435 0.347544 
0.35 0.4 0.187032 0.373143 
0.4 0.4 0.219907 0.403934 
0.45 0.4 0.244954 0.438888 
0.5 0.4 0.261344 0.477066 
0.55 0.4 0.268526 0.517617 
0.6 0.4 0.266224 0.559702 
0.65 0.4 0.254444 0.60237 
0.7 0.4 0.233479 0.644415 
0.75 0.4 0.203933 0.684272 
0.8 0.4 0.166738 0.719998 
0.85 0.4 0.123161 0.749397 
0.9 0.4 0.074787 0.7703 
0.95 0.4 0.0234602 0.780948 
1 0.4 -0.0288003 0.780374 
1.05 0.4 -0.0799188 0.768631 
1.1 0.4 -0.127889 0.746781 
1.15 0.4 -0.170888 0.716641 
1.2 0.4 -0.207361 0.680401 
1.25 0.4 -0.236076 0.640241 
1.3 0.4 -0.256132 0.598065 
1.35 0.4 -0.266957 0.555401 
1.4 0.4 -0.268286 0.51342 
1.45 0.4 -0.260144 0.473054 
1.5 0.4 -0.242833 0.435138 
1.55 0.4 -0.216932 0.400527 
1.6 0.4 -0.183297 0.370168 
1.65 0.4 -0.143061 0.345095 
1.7 0.4 -0.0976187 0.326346 
1.75 0.4 -0.0485928 0.314825 
1.8 0.4 0.00222776 0.311149 
1.85 0.4 0.0529658 0.315524 
1.9 0.4 0.101748 0.327705 
1.95 0.4 0.146797 0.347045 
2 0.4 0.186509 0.372621 
2.05 0.4 0.219509 0.403392 
2.1 0.4 0.244689 0.43833 
2.15 0.4 0.261216 0.476495 
2.2 0.4 0.268536 0.517038 
2.25 0.4 0.266369 0.559122 
2.3 0.4 0.254717 0.601799 
2.35 0.4 0.23387 0.643868 
2.4 0.4 0.204429 0.68377 
2.45 0.4 0.167322 0.719567 
2.5 0.4 0.123813 0.749065 
2.55 0.4 0.0754823 0.770093 
2.6 0.4 0.0241738 0.780882 
2.65 0.4 -0.0280944 0.780453 
2.7 0.4 -0.0792458 0.768846 
2.75 0.4 -0.127272 0.747111 
2.8 0.4 -0.170345 0.717058 
2.85 0.4 -0.206909 0.680876 
2.9 0.4 -0.235723 0.640745 
2.95 0.4 -0.255884 0.598579 
3 0.4 -0.266817 0.555907 
3.05 0.4 -0.268251 0.513907 
3.1 0.4 -0.26021 0.473514 
3.15 0.4 -0.242992 0.435563 
3.2 0.4 -0.217174 0.40091 
3.25 0.4 -0.18361 0.370501 
3.3 0.4 -0.143432 0.34537 
3.35 0.4 -0.0980318 0.326557 
3.4 0.4 -0.0490315 0.314967 
3.45 0.4 0.00178014 0.31122 
3.5 0.4 0.0525255 0.315527 
3.55 0.4 0.10133 0.327647 
3.6 0.4 0.146414 0.346935 
3.65 0.4 0.186171 0.372471 
3.7 0.4 0.219225 0.403211 
3.75 0.4 0.244463 0.438128 
3.8 0.4 0.261052 0.47628 
3.85 0.4 0.268433 0.516817 
3.9 0.4 0.266327 0.5589 
3.95 0.4 0.254733 0.601581 
4 0.4 0.23394 0.643663 
4.05 0.4 0.204548 0.683586 
4.1 0.4 0.167485 0.719414 
4.15 0.4 0.124014 0.748956 
4.2 0.4 0.0757154 0.770039 
4.25 0.4 0.0244328 0.780893 
4.3 0.4 -0.0278146 0.780535 
4.35 0.4 -0.0789485 0.769 
4.4 0.4 -0.126957 0.747332 
4.45 0.4 -0.170012 0.717337 
4.5 0.4 -0.206549 0.681198 
4.55 0.4 -0.235328 0.641094 
4.6 0.4 -0.25544 0.598937 
4.65 0.4 -0.266305 0.556258 
4.7 0.4 -0.267652 0.514235 
4.75 0.4 -0.2595 0.473809 
4.8 0.4 -0.242147 0.435819 
4.85 0.4 -0.216165 0.401131 
4.9 0.4 -0.182406 0.370705 
4.95 0.4 -0.142002 0.34559 
5 0.4 -0.0963528 0.326848 
0 0.45 -0.150473 0.320697 
0.05 0.45 -0.102282 0.300038 
0.1 0.45 -0.0502348 0.287259 
0.15 0.45 0.00375289 0.283192 
0.2 0.45 0.0576509 0.28812 
0.25 0.45 0.109428 0.30171 
0.3 0.45 0.157162 0.323091 
0.35 0.45 0.199128 0.35104 
0.4 0.45 0.233864 0.384197 
0.45 0.45 0.260207 0.42126 
0.5 0.45 0.277299 0.461087 
0.55 0.45 0.28459 0.502706 
0.6 0.45 0.281828 0.545236 
0.65 0.45 0.269058 0.587748 
0.7 0.45 0.24663 0.629118 
0.75 0.45 0.215215 0.667914 
0.8 0.45 0.175819 0.70238 
0.85 0.45 0.129785 0.730544 
0.9 0.45 0.0787726 0.750466 
0.95 0.45 0.0247029 0.760583 
1 0.45 -0.0303327 0.760037 
1.05 0.45 -0.0841867 0.748876 
1.1 0.45 -0.134779 0.728041 
1.15 0.45 -0.180212 0.699148 
1.2 0.45 -0.218856 0.664155 
1.25 0.45 -0.249398 0.625019 
1.3 0.45 -0.270866 0.583467 
1.35 0.45 -0.282622 0.540894 
1.4 0.45 -0.284344 0.498398 
1.45 0.45 -0.276016 0.456894 
1.5 0.45 -0.257918 0.417268 
1.55 0.45 -0.230629 0.380505 
1.6 0.45 -0.195035 0.347764 
1.65 0.45 -0.152329 0.32036 
1.7 0.45 -0.103997 0.299648 
1.75 0.45 -0.0517843 0.286826 
1.8 0.45 0.00237429 0.282719 
1.85 0.45 0.0564434 0.287605 
1.9 0.45 0.108392 0.301155 
1.95 0.45 0.156299 0.322503 
2 0.45 0.198439 0.350427 
2.05 0.45 0.233351 0.383571 
2.1 0.45 0.259866 0.420629 
2.15 0.45 0.277127 0.460459 
2.2 0.45 0.284581 0.502087 
2.25 0.45 0.281972 0.544631 
2.3 0.45 0.269344 0.587166 
2.35 0.45 0.247045 0.62857 
2.4 0.45 0.215743 0.667419 
2.45 0.45 0.176439 0.701961 
2.5 0.45 0.130475 0.730223 
2.55 0.45 0.0795083 0.750266 
2.6 0.45 0.0254571 0.760518 
2.65 0.45 -0.0295872 0.760111 
2.7 0.45 -0.0834758 0.749079 
2.75 0.45 -0.134127 0.728354 
2.8 0.45 -0.179638 0.699547 
2.85 0.45 -0.218375 0.664611 
2.9 0.45 -0.249022 0.62551 
2.95 0.45 -0.270601 0.583971 
3 0.45 -0.28247 0.541397 
3.05 0.45 -0.284303 0.498889 
3.1 0.45 -0.276082 0.457363 
3.15 0.45 -0.258084 0.417707 
3.2 0.45 -0.230884 0.380905 
3.25 0.45 -0.195367 0.348115 
3.3 0.45 -0.152723 0.320652 
3.35 0.45 -0.104437 0.29987 
3.4 0.45 -0.0522519 0.286972 
3.45 0.45 0.0018968 0.282786 
3.5 0.45 0.0559736 0.287597 
3.55 0.45 0.107946 0.301079 
3.6 0.45 0.155891 0.32237 
3.65 0.45 0.19808 0.350252 
3.7 0.45 0.233049 0.383366 
3.75 0.45 0.259626 0.420406 
3.8 0.45 0.276952 0.460227 
3.85 0.45 0.284471 0.501853 
3.9 0.45 0.281926 0.544402 
3.95 0.45 0.269358 0.586946 
4 0.45 0.247115 0.628366 
4.05 0.45 0.215863 0.667239 
4.1 0.45 0.176603 0.701812 
4.15 0.45 0.130678 0.730116 
4.2 0.45 0.0797423 0.75021 
4.25 0.45 0.0257172 0.760519 
4.3 0.45 -0.029305 0.760173 
4.35 0.45 -0.0831731 0.7492 
4.4 0.45 -0.133802 0.728526 
4.45 0.45 -0.179284 0.699758 
4.5 0.45 -0.21798 0.664846 
4.55 0.45 -0.248569 0.625748 
4.6 0.45 -0.270067 0.584195 
4.65 0.45 -0.281826 0.541587 
4.7 0.45 -0.283517 0.49903 
4.75 0.45 -0.275116 0.457448 
4.8 0.45 -0.256898 0.417739 
4.85 0.45 -0.229442 0.3809 
4.9 0.45 -0.193639 0.348108 
4.95 0.45 -0.150695 0.320697 
5 0.45 -0.102131 0.300038 
0 0.5 -0.153703 0.300744 
0.05 0.5 -0.104389 0.278201 
0.1 0.5 -0.0510986 0.264193 
0.15 0.5 0.00419618 0.259761 
0.2 0.5 0.0593895 0.265251 
0.25 0.5 0.112371 0.280236 
0.3 0.5 0.161144 0.303613 
0.35 0.5 0.203929 0.333845 
0.4 0.5 0.239229 0.369244 
0.45 0.5 0.265868 0.408218 
0.5 0.5 0.282998 0.449409 
0.55 0.5 0.290093 0.491716 
0.6 0.5 0.286939 0.534203 
0.65 0.5 0.273625 0.575969 
0.7 0.5 0.250548 0.615989 
0.75 0.5 0.218423 0.653006 
0.8 0.5 0.178291 0.685509 
0.85 0.5 0.131523 0.71182 
0.9 0.5 0.0797904 0.730304 
0.95 0.5 0.0250145 0.739653 
1 0.5 -0.030722 0.739149 
1.05 0.5 -0.085283 0.728832 
1.1 0.5 -0.136597 0.709488 
1.15 0.5 -0.182764 0.682471 
1.2 0.5 -0.22214 0.649432 
1.25 0.5 -0.253385 0.612038 
1.3 0.5 -0.275489 0.571777 
1.35 0.5 -0.287767 0.529877 
1.4 0.5 -0.289851 0.487343 
1.45 0.5 -0.28168 0.445073 
1.5 0.5 -0.263496 0.404012 
1.55 0.5 -0.235854 0.365288 
1.6 0.5 -0.19963 0.330286 
1.65 0.5 -0.156031 0.300617 
1.7 0.5 -0.106583 0.27797 
1.75 0.5 -0.0530898 0.263856 
1.8 0.5 0.00243443 0.25932 
1.85 0.5 0.0578652 0.264716 
1.9 0.5 0.111083 0.279625 
1.95 0.5 0.160089 0.302949 
2 0.5 0.2031 0.333151 
2.05 0.5 0.238617 0.368541 
2.1 0.5 0.265462 0.407522 
2.15 0.5 0.282787 0.448733 
2.2 0.5 0.290064 0.491064 
2.25 0.5 0.287077 0.533582 
2.3 0.5 0.273914 0.575385 
2.35 0.5 0.250972 0.615451 
2.4 0.5 0.218961 0.65253 
2.45 0.5 0.178924 0.685111 
2.5 0.5 0.132226 0.711519 
2.55 0.5 0.0805387 0.730119 
2.6 0.5 0.0257807 0.739592 
2.65 0.5 -0.029965 0.739216 
2.7 0.5 -0.0845613 0.729019 
2.75 0.5 -0.135934 0.709778 
2.8 0.5 -0.18218 0.682842 
2.85 0.5 -0.22165 0.649862 
2.9 0.5 -0.253 0.612505 
2.95 0.5 -0.275216 0.572264 
3 0.5 -0.287609 0.53037 
3.05 0.5 -0.289807 0.487831 
3.1 0.5 -0.281745 0.445547 
3.15 0.5 -0.263663 0.404462 
3.2 0.5 -0.236113 0.365703 
3.25 0.5 -0.199968 0.330653 
3.3 0.5 -0.156434 0.300923 
3.35 0.5 -0.107033 0.278203 
3.4 0.5 -0.0535694 0.264005 
3.45 0.5 0.00194444 0.259382 
3.5 0.5 0.0573832 0.264694 
3.55 0.5 0.110626 0.279529 
3.6 0.5 0.159671 0.302793 
3.65 0.5 0.202733 0.332951 
3.7 0.5 0.238309 0.368312 
3.75 0.5 0.265218 0.407279 
3.8 0.5 0.282609 0.448485 
3.85 0.5 0.289951 0.49082 
3.9 0.5 0.287028 0.533347 
3.95 0.5 0.273926 0.575164 
4 0.5 0.251038 0.61525 
4.05 0.5 0.219077 0.652353 
4.1 0.5 0.179082 0.684966 
4.15 0.5 0.13242 0.711414 
4.2 0.5 0.0807628 0.730057 
4.25 0.5 0.0260297 0.739579 
4.3 0.5 -0.029694 0.739251 
4.35 0.5 -0.084268 0.729096 
4.4 0.5 -0.135614 0.709888 
4.45 0.5 -0.181823 0.682971 
4.5 0.5 -0.221239 0.64999 
4.55 0.5 -0.252512 0.612613 
4.6 0.5 -0.274619 0.572329 
4.65 0.5 -0.286866 0.530373 
4.7 0.5 -0.288873 0.487757 
4.75 0.5 -0.280572 0.44539 
4.8 0.5 -0.262203 0.404231 
4.85 0.5 -0.234323 0.365428 
4.9 0.5 -0.197821 0.330387 
4.95 0.5 -0.153932 0.300744 
5 0.5 -0.104234 0.278201 
0 0.55 -0.151283 0.282689 
0.05 0.55 -0.102687 0.258515 
0.1 0.55 -0.0501269 0.243442 
0.15 0.55 0.0044295 0.238699 
0.2 0.55 0.0588759 0.244693 
0.25 0.55 0.111098 0.260908 
0.3 0.55 0.1591 0.286026 
0.35 0.55 0.201112 0.318218 
0.4 0.55 0.23566 0.355495 
0.45 0.55 0.261601 0.396001 
0.5 0.55 0.278128 0.438179 
0.55 0.55 0.284763 0.480797 
0.6 0.55 0.281336 0.522868 
0.65 0.55 0.267978 0.56351 
0.7 0.55 0.245116 0.6018 
0.75 0.55 0.213483 0.636667 
0.8 0.55 0.174116 0.666864 
0.85 0.55 0.128359 0.691034 
0.9 0.55 0.0778356 0.707873 
0.95 0.55 0.0243945 0.716347 
1 0.55 -0.0299666 0.71589 
1.05 0.55 -0.0832018 0.706535 
1.1 0.55 -0.133324 0.688898 
1.15 0.55 -0.178501 0.664053 
1.2 0.55 -0.217137 0.633316 
1.25 0.55 -0.247916 0.598037 
1.3 0.55 -0.269827 0.559447 
1.35 0.55 -0.282168 0.518596 
1.4 0.55 -0.284537 0.476398 
1.45 0.55 -0.276829 0.433738 
1.5 0.55 -0.259241 0.391621 
1.55 0.55 -0.232279 0.351314 
1.6 0.55 -0.19678 0.314411 
1.65 0.55 -0.153918 0.282797 
1.7 0.55 -0.105198 0.258468 
1.75 0.55 -0.0524176 0.243221 
1.8 0.55 0.00240395 0.238307 
1.85 0.55 0.0571315 0.244152 
1.9 0.55 0.109635 0.260251 
1.95 0.55 0.157912 0.285293 
2 0.55 0.200186 0.317448 
2.05 0.55 0.234981 0.354722 
2.1 0.55 0.261151 0.395248 
2.15 0.55 0.277889 0.43746 
2.2 0.55 0.284716 0.48012 
2.25 0.55 0.281463 0.522238 
2.3 0.55 0.26826 0.562932 
2.35 0.55 0.245533 0.60128 
2.4 0.55 0.214013 0.636216 
2.45 0.55 0.174738 0.666493 
2.5 0.55 0.12905 0.690758 
2.55 0.55 0.0785687 0.707704 
2.6 0.55 0.0251439 0.716292 
2.65 0.55 -0.0292269 0.715951 
2.7 0.55 -0.0824966 0.706704 
2.75 0.55 -0.132676 0.689162 
2.8 0.55 -0.177929 0.664394 
2.85 0.55 -0.216657 0.633715 
2.9 0.55 -0.247538 0.598477 
2.95 0.55 -0.269558 0.559912 
3 0.55 -0.28201 0.519075 
3.05 0.55 -0.28449 0.476879 
3.1 0.55 -0.27689 0.434212 
3.15 0.55 -0.259403 0.392078 
3.2 0.55 -0.232533 0.351739 
3.25 0.55 -0.197113 0.314791 
3.3 0.55 -0.154315 0.283115 
3.35 0.55 -0.105642 0.258708 
3.4 0.55 -0.0528913 0.243372 
3.45 0.55 0.00191973 0.238364 
3.5 0.55 0.0566553 0.244118 
3.55 0.55 0.109184 0.260137 
3.6 0.55 0.1575 0.285115 
3.65 0.55 0.199825 0.317225 
3.7 0.55 0.234678 0.354471 
3.75 0.55 0.260912 0.394985 
3.8 0.55 0.277715 0.437197 
3.85 0.55 0.284607 0.479866 
3.9 0.55 0.281415 0.521998 
3.95 0.55 0.268269 0.562711 
4 0.55 0.245594 0.601081 
4.05 0.55 0.21412 0.636043 
4.1 0.55 0.174884 0.666351 
4.15 0.55 0.129228 0.69065 
4.2 0.55 0.0787735 0.707634 
4.25 0.55 0.0253711 0.71626 
4.3 0.55 -0.028979 0.715952 
4.35 0.55 -0.0822263 0.706731 
4.4 0.55 -0.132376 0.689203 
4.45 0.55 -0.177587 0.664431 
4.5 0.55 -0.216252 0.633728 
4.55 0.55 -0.247042 0.598443 
4.6 0.55 -0.268933 0.559808 
4.65 0.55 -0.281213 0.518879 
4.7 0.55 -0.283468 0.476576 
4.75 0.55 -0.275588 0.433798 
4.8 0.55 -0.257767 0.391568 
4.85 0.55 -0.230519 0.351176 
4.9 0.55 -0.194696 0.314245 
4.95 0.55 -0.151511 0.282688 
5 0.55 -0.102532 0.258515 
0 0.6 -0.143272 0.264212 
0.05 0.6 -0.0972137 0.238951 
0.1 0.6 -0.0473525 0.223162 
0.15 0.6 0.00442426 0.21822 
0.2 0.6 0.056087 0.224578 
0.25 0.6 0.105598 0.241647 
0.3 0.6 0.15104 0.267944 
0.35 0.6 0.19072 0.301418 
0.4 0.6 0.223244 0.339853 
0.45 0.6 0.247543 0.381194 
0.5 0.6 0.262883 0.423731 
0.55 0.6 0.268845 0.466131 
0.6 0.6 0.265308 0.507363 
0.65 0.6 0.252435 0.54656 
0.7 0.6 0.230665 0.58289 
0.75 0.6 0.200712 0.615454 
0.8 0.6 0.163572 0.643253 
0.85 0.6 0.120512 0.665237 
0.9 0.6 0.0730451 0.680415 
0.95 0.6 0.0228867 0.68801 
1 0.6 -0.0281198 0.687601 
1.05 0.6 -0.0780882 0.679212 
1.1 0.6 -0.125183 0.663302 
1.15 0.6 -0.167707 0.640676 
1.2 0.6 -0.204168 0.612338 
1.25 0.6 -0.233322 0.579335 
1.3 0.6 -0.254201 0.542655 
1.35 0.6 -0.266113 0.503186 
1.4 0.6 -0.268644 0.461758 
1.45 0.6 -0.261655 0.419246 
1.5 0.6 -0.245292 0.37671 
1.55 0.6 -0.219998 0.335522 
1.6 0.6 -0.18654 0.297438 
1.65 0.6 -0.146015 0.26455 
1.7 0.6 -0.0998507 0.239085 
1.75 0.6 -0.0497699 0.22306 
1.8 0.6 0.00228289 0.217885 
1.85 0.6 0.0542449 0.22404 
1.9 0.6 0.104059 0.240955 
1.95 0.6 0.149795 0.267155 
2 0.6 0.189756 0.300586 
2.05 0.6 0.222539 0.339022 
2.1 0.6 0.247077 0.380394 
2.15 0.6 0.262633 0.42298 
2.2 0.6 0.268788 0.465438 
2.25 0.6 0.265424 0.506732 
2.3 0.6 0.252701 0.545994 
2.35 0.6 0.23106 0.582392 
2.4 0.6 0.201215 0.61503 
2.45 0.6 0.164161 0.642911 
2.5 0.6 0.121163 0.664987 
2.55 0.6 0.0737356 0.680264 
2.6 0.6 0.0235916 0.687962 
2.65 0.6 -0.0274246 0.687656 
2.7 0.6 -0.0774257 0.679364 
2.75 0.6 -0.124574 0.66354 
2.8 0.6 -0.167169 0.640987 
2.85 0.6 -0.203715 0.612706 
2.9 0.6 -0.232965 0.579746 
2.95 0.6 -0.253946 0.543096 
3 0.6 -0.265963 0.503646 
3.05 0.6 -0.268599 0.462227 
3.1 0.6 -0.261711 0.419715 
3.15 0.6 -0.245443 0.377167 
3.2 0.6 -0.220237 0.335952 
3.25 0.6 -0.186854 0.297824 
3.3 0.6 -0.146391 0.264874 
3.35 0.6 -0.100273 0.239328 
3.4 0.6 -0.05022 0.22321 
3.45 0.6 0.00182276 0.217936 
3.5 0.6 0.0537926 0.223995 
3.55 0.6 0.103631 0.240826 
3.6 0.6 0.149405 0.266959 
3.65 0.6 0.189414 0.300345 
3.7 0.6 0.222254 0.338755 
3.75 0.6 0.246852 0.380118 
3.8 0.6 0.262469 0.422707 
3.85 0.6 0.268685 0.465178 
3.9 0.6 0.265377 0.506489 
3.95 0.6 0.252708 0.545772 
4 0.6 0.231113 0.582195 
4.05 0.6 0.201309 0.61486 
4.1 0.6 0.164289 0.64277 
4.15 0.6 0.121319 0.664875 
4.2 0.6 0.0739141 0.680182 
4.25 0.6 0.0237889 0.687907 
4.3 0.6 -0.0272095 0.687621 
4.35 0.6 -0.0771896 0.679338 
4.4 0.6 -0.124309 0.663508 
4.45 0.6 -0.16686 0.640931 
4.5 0.6 -0.203338 0.612603 
4.55 0.6 -0.23249 0.579572 
4.6 0.6 -0.253333 0.542826 
4.65 0.6 -0.265164 0.503257 
4.7 0.6 -0.267559 0.461704 
4.75 0.6 -0.260373 0.419056 
4.8 0.6 -0.243751 0.376393 
4.85 0.6 -0.218147 0.335116 
4.9 0.6 -0.184346 0.297014 
4.95 0.6 -0.143488 0.264212 
5 0.6 -0.0970668 0.238951 
0 0.65 -0.130007 0.243624 
0.05 0.65 -0.0881987 0.218116 
0.1 0.65 -0.0428922 0.202151 
0.15 0.65 0.00417468 0.197179 
0.2 0.65 0.0511289 0.203673 
0.25 0.65 0.0960905 0.221005 
0.3 0.65 0.137296 0.247603 
0.35 0.65 0.173197 0.281302 
0.4 0.65 0.20253 0.319773 
0.45 0.65 0.22434 0.360862 
0.5 0.65 0.237987 0.402782 
0.55 0.65 0.243122 0.444152 
0.6 0.65 0.239669 0.483916 
0.65 0.65 0.227808 0.521231 
0.7 0.65 0.207965 0.55534 
0.75 0.65 0.180806 0.585489 
0.8 0.65 0.147244 0.61089 
0.85 0.65 0.10842 0.630751 
0.9 0.65 0.0656899 0.644344 
0.95 0.65 0.0205769 0.651108 
1 0.65 -0.0252863 0.650744 
1.05 0.65 -0.0702312 0.643268 
1.1 0.65 -0.112632 0.629008 
1.15 0.65 -0.150979 0.608545 
1.2 0.65 -0.183937 0.582616 
1.25 0.65 -0.210381 0.552014 
1.3 0.65 -0.229423 0.517523 
1.35 0.65 -0.240416 0.479892 
1.4 0.65 -0.242954 0.439881 
1.45 0.65 -0.23688 0.398351 
1.5 0.65 -0.22229 0.356386 
1.55 0.65 -0.199557 0.315414 
1.6 0.65 -0.169349 0.277271 
1.65 0.65 -0.132652 0.244153 
1.7 0.65 -0.0907604 0.218403 
1.75 0.65 -0.0452536 0.202154 
1.8 0.65 0.0020761 0.196899 
1.85 0.65 0.0493218 0.203149 
1.9 0.65 0.0945821 0.220298 
1.95 0.65 0.136079 0.246782 
2 0.65 0.172257 0.280433 
2.05 0.65 0.201846 0.318908 
2.1 0.65 0.223889 0.360036 
2.15 0.65 0.237744 0.402017 
2.2 0.65 0.243063 0.443457 
2.25 0.65 0.239771 0.483294 
2.3 0.65 0.22805 0.520684 
2.35 0.65 0.208324 0.554869 
2.4 0.65 0.181263 0.585095 
2.45 0.65 0.147778 0.610579 
2.5 0.65 0.10901 0.630527 
2.55 0.65 0.0663132 0.644211 
2.6 0.65 0.0212121 0.651068 
2.65 0.65 -0.0246606 0.650796 
2.7 0.65 -0.0696352 0.643406 
2.75 0.65 -0.112084 0.629224 
2.8 0.65 -0.150495 0.608828 
2.85 0.65 -0.183528 0.582954 
2.9 0.65 -0.210058 0.552396 
2.95 0.65 -0.229192 0.517937 
3 0.65 -0.240279 0.480329 
3.05 0.65 -0.242912 0.440333 
3.1 0.65 -0.23693 0.398807 
3.15 0.65 -0.222427 0.356833 
3.2 0.65 -0.199773 0.315837 
3.25 0.65 -0.169635 0.277653 
3.3 0.65 -0.132994 0.244473 
3.35 0.65 -0.0911442 0.218644 
3.4 0.65 -0.0456632 0.2023 
3.45 0.65 0.00165745 0.196945 
3.5 0.65 0.0489106 0.203096 
3.55 0.65 0.0941933 0.22016 
3.6 0.65 0.135726 0.246577 
3.65 0.65 0.171949 0.280183 
3.7 0.65 0.201589 0.318634 
3.75 0.65 0.223687 0.359755 
3.8 0.65 0.237597 0.401742 
3.85 0.65 0.242971 0.443195 
3.9 0.65 0.23973 0.483053 
3.95 0.65 0.228054 0.520465 
4 0.65 0.208369 0.554675 
4.05 0.65 0.181343 0.584928 
4.1 0.65 0.147885 0.610437 
4.15 0.65 0.10914 0.63041 
4.2 0.65 0.0664609 0.644115 
4.25 0.65 0.0213742 0.650989 
4.3 0.65 -0.0244843 0.650723 
4.35 0.65 -0.069441 0.643328 
4.4 0.65 -0.111863 0.629124 
4.45 0.65 -0.150231 0.608686 
4.5 0.65 -0.183199 0.582746 
4.55 0.65 -0.209632 0.552097 
4.6 0.65 -0.228629 0.517521 
4.65 0.65 -0.239532 0.479774 
4.7 0.65 -0.241926 0.439623 
4.75 0.65 -0.23565 0.397944 
4.8 0.65 -0.2208 0.355844 
4.85 0.65 -0.197759 0.314783 
4.9 0.65 -0.167218 0.276633 
4.95 0.65 -0.130201 0.243624 
5 0.65 -0.0880668 0.218116 
0 0.7 -0.112152 0.219767 
0.05 0.7 -0.0760859 0.195099 
0.1 0.7 -0.0369613 0.179651 
0.15 0.7 0.00369931 0.17486 
0.2 0.7 0.0442538 0.181193 
0.25 0.7 0.0830556 0.198021 
0.3 0.7 0.118565 0.223779 
0.35 0.7 0.149437 0.256321 
0.4 0.7 0.174586 0.293343 
0.45 0.7 0.193202 0.332717 
0.5 0.7 0.204753 0.372679 
0.55 0.7 0.208964 0.41186 
0.6 0.7 0.205797 0.449226 
0.65 0.7 0.195433 0.483969 
0.7 0.7 0.178258 0.515402 
0.75 0.7 0.154862 0.542888 
0.8 0.7 0.126035 0.565806 
0.85 0.7 0.0927572 0.583558 
0.9 0.7 0.0561805 0.595621 
0.95 0.7 0.0175942 0.601596 
1 0.7 -0.0216244 0.601275 
1.05 0.7 -0.060069 0.594668 
1.1 0.7 -0.0963681 0.582006 
1.15 0.7 -0.129243 0.563697 
1.2 0.7 -0.157557 0.540277 
1.25 0.7 -0.180346 0.512344 
1.3 0.7 -0.196836 0.48052 
1.35 0.7 -0.206455 0.445443 
1.4 0.7 -0.208833 0.407808 
1.45 0.7 -0.203807 0.368441 
1.5 0.7 -0.191434 0.328409 
1.55 0.7 -0.172008 0.289125 
1.6 0.7 -0.146086 0.252405 
1.65 0.7 -0.114506 0.22042 
1.7 0.7 -0.0783842 0.195491 
1.75 0.7 -0.0390948 0.179735 
1.8 0.7 0.00179389 0.174635 
1.85 0.7 0.0426089 0.1807 
1.9 0.7 0.0816822 0.197328 
1.95 0.7 0.117459 0.222963 
2 0.7 0.148586 0.255454 
2.05 0.7 0.173969 0.292482 
2.1 0.7 0.192796 0.3319 
2.15 0.7 0.204535 0.371928 
2.2 0.7 0.20891 0.411185 
2.25 0.7 0.205886 0.448631 
2.3 0.7 0.195643 0.483453 
2.35 0.7 0.178571 0.514965 
2.4 0.7 0.155258 0.54253 
2.45 0.7 0.126496 0.565527 
2.5 0.7 0.0932643 0.583361 
2.55 0.7 0.0567154 0.595506 
2.6 0.7 0.0181383 0.601564 
2.65 0.7 -0.021089 0.601323 
2.7 0.7 -0.0595594 0.594793 
2.75 0.7 -0.0958996 0.582199 
2.8 0.7 -0.128829 0.563952 
2.85 0.7 -0.157208 0.540584 
2.9 0.7 -0.180069 0.512693 
2.95 0.7 -0.196638 0.480903 
3 0.7 -0.206338 0.445851 
3.05 0.7 -0.208797 0.408231 
3.1 0.7 -0.20385 0.36887 
3.15 0.7 -0.191552 0.328832 
3.2 0.7 -0.172194 0.289527 
3.25 0.7 -0.146333 0.252769 
3.3 0.7 -0.114801 0.220726 
3.35 0.7 -0.0787159 0.19572 
3.4 0.7 -0.0394489 0.179872 
3.45 0.7 0.00143204 0.174675 
3.5 0.7 0.0422537 0.180644 
3.55 0.7 0.0813469 0.197189 
3.6 0.7 0.117155 0.22276 
3.65 0.7 0.148321 0.255208 
3.7 0.7 0.173749 0.292213 
3.75 0.7 0.192624 0.331625 
3.8 0.7 0.20441 0.371659 
3.85 0.7 0.208832 0.410932 
3.9 0.7 0.205851 0.448397 
3.95 0.7 0.195646 0.483242 
4 0.7 0.178607 0.514778 
4.05 0.7 0.155322 0.542367 
4.1 0.7 0.126582 0.565386 
4.15 0.7 0.093367 0.58324 
4.2 0.7 0.0568305 0.595399 
4.25 0.7 0.0182633 0.601464 
4.3 0.7 -0.020954 0.60122 
4.35 0.7 -0.0594105 0.594673 
4.4 0.7 -0.0957283 0.582045 
4.45 0.7 -0.128621 0.563743 
4.5 0.7 -0.156941 0.540296 
4.55 0.7 -0.179714 0.512302 
4.6 0.7 -0.196157 0.480383 
4.65 0.7 -0.205688 0.445181 
4.7 0.7 -0.207929 0.407399 
4.75 0.7 -0.202714 0.36788 
4.8 0.7 -0.190101 0.327714 
4.85 0.7 -0.170395 0.288346 
4.9 0.7 -0.144176 0.251629 
4.95 0.7 -0.112313 0.219767 
5 0.7 -0.0759766 0.195099 
0 0.75 -0.0907433 0.191965 
0.05 0.75 -0.06157 0.169356 
0.1 0.75 -0.029891 0.1552 
0.15 0.75 0.00304152 0.150826 
0.2 0.75 0.0358789 0.156661 
0.25 0.75 0.0672712 0.172121 
0.3 0.75 0.0959595 0.195751 
0.35 0.75 0.120852 0.225564 
0.4 0.75 0.141073 0.259427 
0.45 0.75 0.155978 0.295367 
0.5 0.75 0.165155 0.331745 
0.55 0.75 0.168402 0.367285 
0.6 0.75 0.165708 0.401022 
0.65 0.75 0.157236 0.432212 
0.7 0.75 0.143313 0.460243 
0.75 0.75 0.124423 0.484578 
0.8 0.75 0.101208 0.504721 
0.85 0.75 0.0744537 0.520223 
0.9 0.75 0.0450814 0.530701 
0.95 0.75 0.0141156 0.535874 
1 0.75 -0.0173513 0.535596 
1.05 0.75 -0.048205 0.529875 
1.1 0.75 -0.0773572 0.51887 
1.15 0.75 -0.103791 0.502872 
1.2 0.75 -0.126599 0.48227 
1.25 0.75 -0.145004 0.45752 
1.3 0.75 -0.158379 0.429117 
1.35 0.75 -0.166252 0.397603 
1.4 0.75 -0.16831 0.363601 
1.45 0.75 -0.164402 0.327873 
1.5 0.75 -0.154554 0.291416 
1.55 0.75 -0.138984 0.255548 
1.6 0.75 -0.118127 0.221956 
1.65 0.75 -0.0926486 0.192655 
1.7 0.75 -0.0634522 0.169794 
1.75 0.75 -0.0316566 0.155334 
1.8 0.75 0.00145287 0.150653 
1.85 0.75 0.0345018 0.15622 
1.9 0.75 0.0661199 0.171479 
1.95 0.75 0.0950336 0.194986 
2 0.75 0.120141 0.224748 
2.05 0.75 0.14056 0.258617 
2.1 0.75 0.155643 0.294601 
2.15 0.75 0.164977 0.331045 
2.2 0.75 0.16836 0.366661 
2.25 0.75 0.165783 0.400477 
2.3 0.75 0.157409 0.431745 
2.35 0.75 0.143568 0.459852 
2.4 0.75 0.124745 0.484261 
2.45 0.75 0.101581 0.504479 
2.5 0.75 0.074863 0.520054 
2.55 0.75 0.0455121 0.530605 
2.6 0.75 0.0145528 0.53585 
2.65 0.75 -0.0169217 0.535642 
2.7 0.75 -0.0477964 0.529986 
2.75 0.75 -0.0769819 0.519041 
2.8 0.75 -0.10346 0.503097 
2.85 0.75 -0.126319 0.482542 
2.9 0.75 -0.144782 0.45783 
2.95 0.75 -0.15822 0.429459 
3 0.75 -0.166158 0.39797 
3.05 0.75 -0.168281 0.363983 
3.1 0.75 -0.164437 0.328262 
3.15 0.75 -0.154649 0.2918 
3.2 0.75 -0.139135 0.255914 
3.25 0.75 -0.118326 0.222287 
3.3 0.75 -0.0928878 0.192933 
3.35 0.75 -0.063721 0.170001 
3.4 0.75 -0.0319436 0.155457 
3.45 0.75 0.00115978 0.150686 
3.5 0.75 0.0342144 0.156166 
3.55 0.75 0.0658491 0.171348 
3.6 0.75 0.0947884 0.194796 
3.65 0.75 0.119928 0.22452 
3.7 0.75 0.140383 0.258367 
3.75 0.75 0.155505 0.294346 
3.8 0.75 0.164878 0.330796 
3.85 0.75 0.168298 0.366426 
3.9 0.75 0.165755 0.400261 
3.95 0.75 0.157412 0.431549 
4 0.75 0.143596 0.459678 
4.05 0.75 0.124794 0.484108 
4.1 0.75 0.101645 0.504344 
4.15 0.75 0.0749388 0.519933 
4.2 0.75 0.0455956 0.530493 
4.25 0.75 0.014642 0.535739 
4.3 0.75 -0.0168266 0.53552 
4.35 0.75 -0.047692 0.52984 
4.4 0.75 -0.0768606 0.518854 
4.45 0.75 -0.103309 0.502849 
4.5 0.75 -0.12612 0.482212 
4.55 0.75 -0.14451 0.457394 
4.6 0.75 -0.157844 0.428893 
4.65 0.75 -0.16564 0.397257 
4.7 0.75 -0.167579 0.363113 
4.75 0.75 -0.16351 0.327242 
4.8 0.75 -0.153461 0.290663 
4.85 0.75 -0.13766 0.254722 
4.9 0.75 -0.116561 0.221142 
4.95 0.75 -0.0908586 0.191965 
5 0.75 -0.0614915 0.169356 
0 0.8 -0.0672462 0.159997 
0.05 0.8 -0.045635 0.140644 
0.1 0.8 -0.0221486 0.128538 
0.15 0.8 0.00226834 0.124808 
0.2 0.8 0.0266046 0.129816 
0.25 0.8 0.0498494 0.14306 
0.3 0.8 0.0710628 0.163295 
0.35 0.8 0.0894341 0.18882 
0.4 0.8 0.104318 0.217805 
0.45 0.8 0.115247 0.248553 
0.5 0.8 0.121928 0.279647 
0.55 0.8 0.124227 0.309978 
0.6 0.8 0.122148 0.338704 
0.65 0.8 0.115823 0.365177 
0.7 0.8 0.105502 0.388877 
0.75 0.8 0.0915476 0.409363 
0.8 0.8 0.0744337 0.426246 
0.85 0.8 0.0547392 0.439185 
0.9 0.8 0.0331368 0.447902 
0.95 0.8 0.010374 0.452196 
1 0.8 -0.0127535 0.451966 
1.05 0.8 -0.0354347 0.447215 
1.1 0.8 -0.0568771 0.438057 
1.15 0.8 -0.0763389 0.424698 
1.2 0.8 -0.0931549 0.407422 
1.25 0.8 -0.106755 0.386575 
1.3 0.8 -0.116675 0.362548 
1.35 0.8 -0.12256 0.335789 
1.4 0.8 -0.12417 0.306827 
1.45 0.8 -0.121382 0.276327 
1.5 0.8 -0.114201 0.24516 
1.55 0.8 -0.102775 0.21447 
1.6 0.8 -0.0874134 0.185718 
1.65 0.8 -0.0686008 0.160634 
1.7 0.8 -0.0470042 0.141065 
1.75 0.8 -0.0234573 0.128689 
1.8 0.8 0.00107678 0.124682 
1.85 0.8 0.0255654 0.129447 
1.9 0.8 0.048979 0.142508 
1.95 0.8 0.0703638 0.16263 
2 0.8 0.0888991 0.188108 
2.05 0.8 0.103934 0.217097 
2.1 0.8 0.114998 0.247884 
2.15 0.8 0.121798 0.279038 
2.2 0.8 0.124199 0.309437 
2.25 0.8 0.122207 0.338234 
2.3 0.8 0.115955 0.364777 
2.35 0.8 0.105694 0.388546 
2.4 0.8 0.0917874 0.409098 
2.45 0.8 0.0747105 0.426045 
2.5 0.8 0.0550418 0.439047 
2.55 0.8 0.0334543 0.447825 
2.6 0.8 0.0106957 0.45218 
2.65 0.8 -0.0124379 0.452007 
2.7 0.8 -0.0351349 0.44731 
2.75 0.8 -0.0566019 0.438202 
2.8 0.8 -0.0760957 0.424887 
2.85 0.8 -0.09295 0.407652 
2.9 0.8 -0.106593 0.386838 
2.95 0.8 -0.116559 0.362838 
3 0.8 -0.122491 0.3361 
3.05 0.8 -0.124149 0.307152 
3.1 0.8 -0.121408 0.276659 
3.15 0.8 -0.114272 0.245488 
3.2 0.8 -0.102887 0.214782 
3.25 0.8 -0.0875612 0.186 
3.3 0.8 -0.0687783 0.160871 
3.35 0.8 -0.0472037 0.141242 
3.4 0.8 -0.0236702 0.128793 
3.45 0.8 0.000859584 0.124709 
3.5 0.8 0.0253527 0.129399 
3.55 0.8 0.0487791 0.142395 
3.6 0.8 0.0701832 0.162466 
3.65 0.8 0.0887428 0.18791 
3.7 0.8 0.103805 0.216881 
3.75 0.8 0.114898 0.247664 
3.8 0.8 0.121727 0.278823 
3.85 0.8 0.124155 0.309234 
3.9 0.8 0.122187 0.338046 
3.95 0.8 0.115957 0.364607 
4 0.8 0.105713 0.388394 
4.05 0.8 0.0918215 0.408962 
4.1 0.8 0.0747548 0.425923 
4.15 0.8 0.0550929 0.438935 
4.2 0.8 0.0335095 0.447718 
4.25 0.8 0.0107533 0.452069 
4.3 0.8 -0.0123779 0.451883 
4.35 0.8 -0.0350699 0.44716 
4.4 0.8 -0.056526 0.43801 
4.45 0.8 -0.0759993 0.424637 
4.5 0.8 -0.0928187 0.407324 
4.55 0.8 -0.106408 0.386412 
4.6 0.8 -0.116295 0.362295 
4.65 0.8 -0.12212 0.335424 
4.7 0.8 -0.123639 0.306339 
4.75 0.8 -0.120728 0.275716 
4.8 0.8 -0.113396 0.244446 
4.85 0.8 -0.101801 0.213701 
4.9 0.8 -0.086268 0.184967 
4.95 0.8 -0.067304 0.159997 
5 0.8 -0.0455953 0.140644 
0 0.85 -0.0436128 0.124077 
0.05 0.85 -0.029594 0.108978 
0.1 0.85 -0.0143601 0.0995479 
0.15 0.85 0.00146767 0.0966502 
0.2 0.85 0.0172317 0.100559 
0.25 0.85 0.0322737 0.110884 
0.3 0.85 0.0459819 0.126668 
0.35 0.85 0.0578306 0.146593 
0.4 0.85 0.0674053 0.169239 
0.45 0.85 0.0744104 0.193278 
0.5 0.85 0.0786648 0.217594 
0.55 0.85 0.0800902 0.241308 
0.6 0.85 0.078698 0.263747 
0.65 0.85 0.0745795 0.284395 
0.7 0.85 0.0678996 0.302843 
0.75 0.85 0.0588944 0.31875 
0.8 0.85 0.0478691 0.331827 
0.85 0.85 0.0351948 0.341825 
0.9 0.85 0.021302 0.348548 
0.95 0.85 0.00666827 0.351857 
1 0.85 -0.00819837 0.351679 
1.05 0.85 -0.0227801 0.348019 
1.1 0.85 -0.036571 0.340954 
1.15 0.85 -0.0490969 0.330628 
1.2 0.85 -0.0599323 0.317244 
1.25 0.85 -0.0687114 0.301051 
1.3 0.85 -0.0751344 0.282343 
1.35 0.85 -0.078971 0.261467 
1.4 0.85 -0.0800614 0.238839 
1.45 0.85 -0.0783201 0.214991 
1.5 0.85 -0.073742 0.190617 
1.55 0.85 -0.0664136 0.166625 
1.6 0.85 -0.0565261 0.144164 
1.65 0.85 -0.0443878 0.124589 
1.7 0.85 -0.030428 0.109331 
1.75 0.85 -0.0151894 0.0996874 
1.8 0.85 0.000697402 0.0965671 
1.85 0.85 0.0165544 0.100278 
1.9 0.85 0.0317055 0.110455 
1.95 0.85 0.0455265 0.126146 
2 0.85 0.0574838 0.146031 
2.05 0.85 0.0671583 0.168678 
2.1 0.85 0.0742523 0.192748 
2.15 0.85 0.0785841 0.217112 
2.2 0.85 0.0800757 0.24088 
2.25 0.85 0.0787394 0.263377 
2.3 0.85 0.0746674 0.284082 
2.35 0.85 0.0680257 0.302585 
2.4 0.85 0.0590509 0.318545 
2.45 0.85 0.0480486 0.331672 
2.5 0.85 0.0353904 0.34172 
2.55 0.85 0.0215066 0.348491 
2.6 0.85 0.00687516 0.351846 
2.65 0.85 -0.00799576 0.351712 
2.7 0.85 -0.0225879 0.348094 
2.75 0.85 -0.0363947 0.341068 
2.8 0.85 -0.0489414 0.330776 
2.85 0.85 -0.0598013 0.317423 
2.9 0.85 -0.0686078 0.301256 
2.95 0.85 -0.0750604 0.28257 
3 0.85 -0.0789275 0.26171 
3.05 0.85 -0.0800487 0.239094 
3.1 0.85 -0.0783375 0.215251 
3.15 0.85 -0.0737881 0.190873 
3.2 0.85 -0.0664862 0.166869 
3.25 0.85 -0.0566221 0.144384 
3.3 0.85 -0.0445029 0.124773 
3.35 0.85 -0.0305574 0.109468 
3.4 0.85 -0.0153274 0.0997685 
3.45 0.85 0.000556775 0.096588 
3.5 0.85 0.0164169 0.100241 
3.55 0.85 0.0315766 0.110366 
3.6 0.85 0.0454104 0.126017 
3.65 0.85 0.0573838 0.145876 
3.7 0.85 0.0670763 0.168509 
3.75 0.85 0.074189 0.192574 
3.8 0.85 0.0785394 0.216942 
3.85 0.85 0.0800483 0.24072 
3.9 0.85 0.0787277 0.263228 
3.95 0.85 0.0746692 0.283947 
4 0.85 0.0680385 0.302463 
4.05 0.85 0.0590721 0.318436 
4.1 0.85 0.0480756 0.331573 
4.15 0.85 0.0354207 0.341628 
4.2 0.85 0.0215384 0.3484 
4.25 0.85 0.00690719 0.35175 
4.3 0.85 -0.00796351 0.351603 
4.35 0.85 -0.0225538 0.347962 
4.4 0.85 -0.0363551 0.340899 
4.45 0.85 -0.0488897 0.330559 
4.5 0.85 -0.0597283 0.31714 
4.55 0.85 -0.0685005 0.300893 
4.6 0.85 -0.0749024 0.282112 
4.65 0.85 -0.0786997 0.261146 
4.7 0.85 -0.0797303 0.238421 
4.75 0.85 -0.0779083 0.214478 
4.8 0.85 -0.0732325 0.190028 
4.85 0.85 -0.0657985 0.166 
4.9 0.85 -0.0558127 0.143562 
4.95 0.85 -0.0436014 0.124077 
5 0.85 -0.0296014 0.108978 
0 0.9 -0.0223494 0.0848037 
0.05 0.9 -0.0151368 0.0746036 
0.1 0.9 -0.00733714 0.0682504 
0.15 0.9 0.000743783 0.0663031 
0.2 0.9 0.00878067 0.068938 
0.25 0.9 0.0164402 0.0758979 
0.3 0.9 0.0234099 0.0865487 
0.35 0.9 0.0294218 0.100017 
0.4 0.9 0.0342668 0.11535 
0.45 0.9 0.0377985 0.131654 
0.5 0.9 0.0399296 0.148165 
0.55 0.9 0.0406252 0.164279 
0.6 0.9 0.0398951 0.179528 
0.65 0.9 0.0377885 0.193553 
0.7 0.9 0.0343902 0.206073 
0.75 0.9 0.0298201 0.216856 
0.8 0.9 0.0242323 0.225708 
0.85 0.9 0.0178136 0.232468 
0.9 0.9 0.0107808 0.237009 
0.95 0.9 0.00337461 0.239242 
1 0.9 -0.00414908 0.239122 
1.05 0.9 -0.0115292 0.236652 
1.1 0.9 -0.0185107 0.23188 
1.15 0.9 -0.0248549 0.224897 
1.2 0.9 -0.0303473 0.215835 
1.25 0.9 -0.0348038 0.204857 
1.3 0.9 -0.038073 0.192159 
1.35 0.9 -0.0400377 0.177977 
1.4 0.9 -0.0406155 0.162599 
1.45 0.9 -0.0397599 0.146394 
1.5 0.9 -0.0374642 0.129845 
1.55 0.9 -0.0337673 0.113576 
1.6 0.9 -0.0287617 0.098372 
1.65 0.9 -0.0226004 0.0851449 
1.7 0.9 -0.0155007 0.0748527 
1.75 0.9 -0.00774036 0.0683566 
1.8 0.9 0.000355466 0.0662561 
1.85 0.9 0.00843582 0.0687545 
1.9 0.9 0.016151 0.0756105 
1.95 0.9 0.0231791 0.086196 
2 0.9 0.0292473 0.0996347 
2.05 0.9 0.0341439 0.114968 
2.1 0.9 0.0377211 0.131291 
2.15 0.9 0.0398916 0.147835 
2.2 0.9 0.0406206 0.163986 
2.25 0.9 0.0399186 0.179275 
2.3 0.9 0.0378351 0.19334 
2.35 0.9 0.0344557 0.205897 
2.4 0.9 0.0299006 0.216717 
2.45 0.9 0.024324 0.225604 
2.5 0.9 0.0179131 0.232398 
2.55 0.9 0.0108846 0.236971 
2.6 0.9 0.0034793 0.239235 
2.65 0.9 -0.00404675 0.239145 
2.7 0.9 -0.0114323 0.236703 
2.75 0.9 -0.018422 0.231957 
2.8 0.9 -0.0247767 0.224998 
2.85 0.9 -0.0302816 0.215956 
2.9 0.9 -0.0347519 0.204996 
2.95 0.9 -0.038036 0.192313 
3 0.9 -0.0400161 0.178142 
3.05 0.9 -0.0406094 0.162772 
3.1 0.9 -0.0397691 0.14657 
3.15 0.9 -0.0374879 0.130019 
3.2 0.9 -0.0338045 0.113742 
3.25 0.9 -0.0288107 0.098521 
3.3 0.9 -0.0226592 0.0852695 
3.35 0.9 -0.0155667 0.0749453 
3.4 0.9 -0.00781072 0.0684114 
3.45 0.9 0.00028383 0.0662704 
3.5 0.9 0.00836594 0.0687294 
3.55 0.9 0.0160856 0.075551 
3.6 0.9 0.0231204 0.0861094 
3.65 0.9 0.029197 0.0995297 
3.7 0.9 0.0341029 0.114853 
3.75 0.9 0.0376898 0.131173 
3.8 0.9 0.0398697 0.147719 
3.85 0.9 0.0406075 0.163876 
3.9 0.9 0.0399133 0.179173 
3.95 0.9 0.0378364 0.193247 
4 0.9 0.0344624 0.205813 
4.05 0.9 0.0299112 0.216641 
4.1 0.9 0.0243371 0.225534 
4.15 0.9 0.0179274 0.232332 
4.2 0.9 0.0108991 0.236905 
4.25 0.9 0.00349317 0.239165 
4.3 0.9 -0.00403356 0.239065 
4.35 0.9 -0.011419 0.236606 
4.4 0.9 -0.0184068 0.231834 
4.45 0.9 -0.0247564 0.22484 
4.5 0.9 -0.0302513 0.215753 
4.55 0.9 -0.034705 0.204736 
4.6 0.9 -0.0379639 0.191987 
4.65 0.9 -0.0399088 0.177744 
4.7 0.9 -0.0404558 0.162301 
4.75 0.9 -0.0395588 0.146034 
4.8 0.9 -0.0372136 0.129437 
4.85 0.9 -0.0334663 0.11315 
4.9 0.9 -0.0284228 0.0979674 
4.95 0.9 -0.0222572 0.0848037 
5 0.9 -0.0151992 0.0746036 
0 0.95 -0.00660268 0.0430728 
0.05 0.95 -0.00438844 0.0380027 
0.1 0.95 -0.00211322 0.0348609 
0.15 0.95 0.000212365 0.0339003 
0.2 0.95 0.00251758 0.035204 
0.25 0.95 0.00471115 0.0386489 
0.3 0.95 0.00670345 0.0439295 
0.35 0.95 0.00841761 0.0506216 
0.4 0.95 0.00979452 0.0582591 
0.45 0.95 0.0107938 0.0663985 
0.5 0.95 0.0113924 0.0746578 
0.55 0.95 0.0115821 0.0827294 
0.6 0.95 0.0113671 0.0903746 
0.65 0.95 0.0107619 0.0974091 
0.7 0.95 0.00979097 0.103688 
0.75 0.95 0.00848818 0.109094 
0.8 0.95 0.00689687 0.11353 
0.85 0.95 0.00506978 0.116916 
0.9 0.95 0.00306821 0.11919 
0.95 0.95 0.000960419 0.120307 
1 0.95 -0.0011808 0.120247 
1.05 0.95 -0.0032812 0.119011 
1.1 0.95 -0.00526827 0.116621 
1.15 0.95 -0.00707429 0.113124 
1.2 0.95 -0.00863865 0.108582 
1.25 0.95 -0.0099094 0.103078 
1.3 0.95 -0.0108439 0.096709 
1.35 0.95 -0.0114091 0.089596 
1.4 0.95 -0.0115812 0.0818867 
1.45 0.95 -0.0113461 0.0737706 
1.5 0.95 -0.0107007 0.0654941 
1.55 0.95 -0.00965407 0.0573744 
1.6 0.95 -0.00823083 0.0498037 
1.65 0.95 -0.00647323 0.0432336 
1.7 0.95 -0.00444279 0.0381329 
1.75 0.95 -0.0022195 0.034919 
1.8 0.95 0.000101954 0.0338806 
1.85 0.95 0.00241888 0.0351157 
1.9 0.95 0.00462896 0.0385081 
1.95 0.95 0.00663856 0.0437552 
2 0.95 0.00836917 0.0504317 
2.05 0.95 0.00976095 0.0580682 
2.1 0.95 0.0107732 0.0662168 
2.15 0.95 0.011383 0.0744917 
2.2 0.95 0.011582 0.082582 
2.25 0.95 0.0113747 0.090247 
2.3 0.95 0.0107759 0.0973013 
2.35 0.95 0.00981016 0.1036 
2.4 0.95 0.00851146 0.109024 
2.45 0.95 0.00692322 0.113478 
2.5 0.95 0.00509822 0.116881 
2.55 0.95 0.00309778 0.119171 
2.6 0.95 0.000990177 0.120304 
2.65 0.95 -0.00115177 0.120259 
2.7 0.95 -0.00325375 0.119037 
2.75 0.95 -0.00524318 0.11666 
2.8 0.95 -0.00705222 0.113174 
2.85 0.95 -0.00862014 0.108643 
2.9 0.95 -0.00989484 0.103147 
2.95 0.95 -0.0108336 0.0967862 
3 0.95 -0.0114031 0.0896789 
3.05 0.95 -0.0115796 0.0819734 
3.1 0.95 -0.0113489 0.0738588 
3.15 0.95 -0.0107075 0.0655811 
3.2 0.95 -0.00966477 0.0574569 
3.25 0.95 -0.00824492 0.0498779 
3.3 0.95 -0.00649012 0.0432957 
3.35 0.95 -0.00446175 0.038179 
3.4 0.95 -0.00223969 0.0349463 
3.45 0.95 8.14261e-05 0.0338879 
3.5 0.95 0.00239891 0.0351035 
3.55 0.95 0.00461034 0.0384788 
3.6 0.95 0.00662194 0.0437124 
3.65 0.95 0.00835501 0.0503796 
3.7 0.95 0.00974951 0.0580108 
3.75 0.95 0.0107646 0.0661578 
3.8 0.95 0.011377 0.0744336 
3.85 0.95 0.0115786 0.0825267 
3.9 0.95 0.0113735 0.0901956 
3.95 0.95 0.0107765 0.0972542 
4 0.95 0.00981222 0.103557 
4.05 0.95 0.00851454 0.108985 
4.1 0.95 0.0069269 0.113442 
4.15 0.95 0.0051021 0.116847 
4.2 0.95 0.00310151 0.119137 
4.25 0.95 0.000993523 0.120267 
4.3 0.95 -0.00114889 0.120217 
4.35 0.95 -0.00325116 0.118986 
4.4 0.95 -0.00524041 0.116596 
4.45 0.95 -0.00704838 0.113092 
4.5 0.95 -0.00861385 0.108538 
4.55 0.95 -0.0098842 0.103014 
4.6 0.95 -0.0108161 0.0966195 
4.65 0.95 -0.0113758 0.0894762 
4.7 0.95 -0.011539 0.0817346 
4.75 0.95 -0.0112919 0.0735886 
4.8 0.95 -0.010632 0.0652905 
4.85 0.95 -0.00957167 0.0571645 
4.9 0.95 -0.00814455 0.0496084 
4.95 0.95 -0.00641778 0.0430728 
5 0.95 -0.00451442 0.0380027 
0 1 0 0 
0.05 1 0 0 
0.1 1 0 0 
0.15 1 0 0 
0.2 1 0 0 
0.25 1 0 0 
0.3 1 0 0 
0.35 1 0 0 
0.4 1 0 0 
0.45 1 0 0 
0.5 1 0 0 
0.55 1 0 0 
0.6 1 0 0 
0.65 1 0 0 
0.7 1 0 0 
0.75 1 0 0 
0.8 1 0 0 
0.85 1 0 0 
0.9 1 0 0 
0.95 1 0 0 
1 1 0 0 
1.05 1 0 0 
1.1 1 0 0 
1.15 1 0 0 
1.2 1 0 0 
1.25 1 0 0 
1.3 1 0 0 
1.35 1 0 0 
1.4 1 0 0 
1.45 1 0 0 
1.5 1 0 0 
1.55 1 0 0 
1.6 1 0 0 
1.65 1 0 0 
1.7 1 0 0 
1.75 1 0 0 
1.8 1 0 0 
1.85 1 0 0 
1.9 1 0 0 
1.95 1 0 0 
2 1 0 0 
2.05 1 0 0 
2.1 1 0 0 
2.15 1 0 0 
2.2 1 0 0 
2.25 1 0 0 
2.3 1 0 0 
2.35 1 0 0 
2.4 1 0 0 
2.45 1 0 0 
2.5 1 0 0 
2.55 1 0 0 
2.6 1 0 0 
2.65 1 0 0 
2.7 1 0 0 
2.75 1 0 0 
2.8 1 0 0 
2.85 1 0 0 
2.9 1 0 0 
2.95 1 0 0 
3 1 0 0 
3.05 1 0 0 
3.1 1 0 0 
3.15 1 0 0 
3.2 1 0 0 
3.25 1 0 0 
3.3 1 0 0 
3.35 1 0 0 
3.4 1 0 0 
3.45 1 0 0 
3.5 1 0 0 
3.55 1 0 0 
3.6 1 0 0 
3.65 1 0 0 
3.7 1 0 0 
3.75 1 0 0 
3.8 1 0 0 
3.85 1 0 0 
3.9 1 0 0 
3.95 1 0 0 
4 1 0 0 
4.05 1 0 0 
4.1 1 0 0 
4.15 1 0 0 
4.2 1 0 0 
4.25 1 0 0 
4.3 1 0 0 
4.35 1 0 0 
4.4 1 0 0 
4.45 1 0 0 
4.5 1 0 0 
4.55 1 0 0 
4.6 1 0 0 
4.65 1 0 0 
4.7 1 0 0 
4.75 1 0 0 
4.8 1 0 0 
4.85 1 0 0 
4.9 1 0 0 
4.95 1 0 0 
5 1 0 0 
