x, y, ksi, T
#iter= 1390000
0 0 0 1 
0.05 0 0 1 
0.1 0 0 1 
0.15 0 0 1 
0.2 0 0 1 
0.25 0 0 1 
0.3 0 0 1 
0.35 0 0 1 
0.4 0 0 1 
0.45 0 0 1 
0.5 0 0 1 
0.55 0 0 1 
0.6 0 0 1 
0.65 0 0 1 
0.7 0 0 1 
0.75 0 0 1 
0.8 0 0 1 
0.85 0 0 1 
0.9 0 0 1 
0.95 0 0 1 
1 0 0 1 
1.05 0 0 1 
1.1 0 0 1 
1.15 0 0 1 
1.2 0 0 1 
1.25 0 0 1 
1.3 0 0 1 
1.35 0 0 1 
1.4 0 0 1 
1.45 0 0 1 
1.5 0 0 1 
1.55 0 0 1 
1.6 0 0 1 
1.65 0 0 1 
1.7 0 0 1 
1.75 0 0 1 
1.8 0 0 1 
1.85 0 0 1 
1.9 0 0 1 
1.95 0 0 1 
2 0 0 1 
2.05 0 0 1 
2.1 0 0 1 
2.15 0 0 1 
2.2 0 0 1 
2.25 0 0 1 
2.3 0 0 1 
2.35 0 0 1 
2.4 0 0 1 
2.45 0 0 1 
2.5 0 0 1 
2.55 0 0 1 
2.6 0 0 1 
2.65 0 0 1 
2.7 0 0 1 
2.75 0 0 1 
2.8 0 0 1 
2.85 0 0 1 
2.9 0 0 1 
2.95 0 0 1 
3 0 0 1 
3.05 0 0 1 
3.1 0 0 1 
3.15 0 0 1 
3.2 0 0 1 
3.25 0 0 1 
3.3 0 0 1 
3.35 0 0 1 
3.4 0 0 1 
3.45 0 0 1 
3.5 0 0 1 
3.55 0 0 1 
3.6 0 0 1 
3.65 0 0 1 
3.7 0 0 1 
3.75 0 0 1 
3.8 0 0 1 
3.85 0 0 1 
3.9 0 0 1 
3.95 0 0 1 
4 0 0 1 
4.05 0 0 1 
4.1 0 0 1 
4.15 0 0 1 
4.2 0 0 1 
4.25 0 0 1 
4.3 0 0 1 
4.35 0 0 1 
4.4 0 0 1 
4.45 0 0 1 
4.5 0 0 1 
4.55 0 0 1 
4.6 0 0 1 
4.65 0 0 1 
4.7 0 0 1 
4.75 0 0 1 
4.8 0 0 1 
4.85 0 0 1 
4.9 0 0 1 
4.95 0 0 1 
5 0 0 1 
0 0.05 -0.00648808 0.884759 
0.05 0.05 -0.00439561 0.881735 
0.1 0.05 -0.00221214 0.879961 
0.15 0.05 -2.36035e-06 0.879414 
0.2 0.05 0.00217616 0.880077 
0.25 0.05 0.00425963 0.881922 
0.3 0.05 0.00618335 0.884906 
0.35 0.05 0.00788651 0.888971 
0.4 0.05 0.00931517 0.894038 
0.45 0.05 0.0104238 0.900019 
0.5 0.05 0.0111757 0.906802 
0.55 0.05 0.0115434 0.914256 
0.6 0.05 0.0115086 0.922212 
0.65 0.05 0.011063 0.930455 
0.7 0.05 0.0102096 0.938702 
0.75 0.05 0.00896546 0.946598 
0.8 0.05 0.00736394 0.953718 
0.85 0.05 0.00545722 0.959592 
0.9 0.05 0.00331665 0.96377 
0.95 0.05 0.00103046 0.965891 
1 0.05 -0.00130156 0.96576 
1.05 0.05 -0.00357582 0.963388 
1.1 0.05 -0.0056935 0.958995 
1.15 0.05 -0.00756814 0.952955 
1.2 0.05 -0.0091306 0.945727 
1.25 0.05 -0.010331 0.937774 
1.3 0.05 -0.011138 0.929517 
1.35 0.05 -0.0115367 0.921303 
1.4 0.05 -0.0115255 0.913406 
1.45 0.05 -0.0111144 0.906035 
1.5 0.05 -0.0103232 0.899353 
1.55 0.05 -0.0091815 0.893491 
1.6 0.05 -0.00772797 0.888554 
1.65 0.05 -0.00601092 0.884632 
1.7 0.05 -0.00408767 0.881794 
1.75 0.05 -0.00202334 0.880095 
1.8 0.05 0.00011111 0.879565 
1.85 0.05 0.00224171 0.880217 
1.9 0.05 0.00429465 0.882036 
1.95 0.05 0.00619947 0.884988 
2 0.05 0.00789174 0.88902 
2.05 0.05 0.00931506 0.894056 
2.1 0.05 0.0104221 0.900009 
2.15 0.05 0.011175 0.906769 
2.2 0.05 0.0115454 0.914203 
2.25 0.05 0.0115143 0.922145 
2.3 0.05 0.0110729 0.930377 
2.35 0.05 0.010224 0.938621 
2.4 0.05 0.00898404 0.946519 
2.45 0.05 0.0073863 0.953647 
2.5 0.05 0.00548265 0.959537 
2.55 0.05 0.00334419 0.963736 
2.6 0.05 0.00105896 0.965882 
2.65 0.05 -0.0012733 0.965777 
2.7 0.05 -0.003549 0.96343 
2.75 0.05 -0.00566918 0.959058 
2.8 0.05 -0.00754718 0.953034 
2.85 0.05 -0.0091136 0.945816 
2.9 0.05 -0.0103183 0.937869 
2.95 0.05 -0.0111298 0.929613 
3 0.05 -0.0115329 0.921397 
3.05 0.05 -0.011526 0.913494 
3.1 0.05 -0.0111188 0.906116 
3.15 0.05 -0.0103313 0.899427 
3.2 0.05 -0.00919276 0.893555 
3.25 0.05 -0.00774191 0.888609 
3.3 0.05 -0.00602697 0.884676 
3.35 0.05 -0.0041052 0.881829 
3.4 0.05 -0.00204172 0.880119 
3.45 0.05 9.25316e-05 0.879579 
3.5 0.05 0.00222357 0.880221 
3.55 0.05 0.00427754 0.88203 
3.6 0.05 0.0061839 0.884974 
3.65 0.05 0.00787815 0.888998 
3.7 0.05 0.00930378 0.894028 
3.75 0.05 0.0104134 0.899974 
3.8 0.05 0.011169 0.906729 
3.85 0.05 0.0115422 0.91416 
3.9 0.05 0.011514 0.922099 
3.95 0.05 0.0110754 0.93033 
4 0.05 0.0102292 0.938575 
4.05 0.05 0.00899198 0.946477 
4.1 0.05 0.00739671 0.953612 
4.15 0.05 0.00549524 0.959512 
4.2 0.05 0.00335858 0.963726 
4.25 0.05 0.00107471 0.96589 
4.3 0.05 -0.00125675 0.965806 
4.35 0.05 -0.00353222 0.963482 
4.4 0.05 -0.00565284 0.959133 
4.45 0.05 -0.00753201 0.953133 
4.5 0.05 -0.00910048 0.945938 
4.55 0.05 -0.0103085 0.938013 
4.6 0.05 -0.011125 0.929778 
4.65 0.05 -0.0115359 0.921582 
4.7 0.05 -0.0115411 0.913697 
4.75 0.05 -0.0111526 0.906332 
4.8 0.05 -0.0103939 0.899647 
4.85 0.05 -0.00929972 0.893765 
4.9 0.05 -0.00791778 0.88878 
4.95 0.05 -0.00630796 0.884759 
5 0.05 -0.00451898 0.881735 
0 0.1 -0.0218913 0.770851 
0.05 0.1 -0.0150506 0.764913 
0.1 0.1 -0.00761128 0.761359 
0.15 0.1 5.82226e-05 0.760248 
0.2 0.1 0.00767348 0.761559 
0.25 0.1 0.0149768 0.765237 
0.3 0.1 0.0217275 0.771191 
0.35 0.1 0.0277057 0.779298 
0.4 0.1 0.032718 0.789404 
0.45 0.1 0.0366015 0.801327 
0.5 0.1 0.0392258 0.814849 
0.55 0.1 0.0404939 0.829711 
0.6 0.1 0.0403432 0.845587 
0.65 0.1 0.0387484 0.862054 
0.7 0.1 0.035726 0.878561 
0.75 0.1 0.031342 0.8944 
0.8 0.1 0.0257196 0.908715 
0.85 0.1 0.0190451 0.920555 
0.9 0.1 0.011568 0.928994 
0.95 0.1 0.00359278 0.933283 
1 0.1 -0.004539 0.933017 
1.05 0.1 -0.0124735 0.928221 
1.1 0.1 -0.0198723 0.919349 
1.15 0.1 -0.0264365 0.907178 
1.2 0.1 -0.031924 0.892647 
1.25 0.1 -0.0361561 0.876699 
1.3 0.1 -0.039017 0.860177 
1.35 0.1 -0.0404472 0.843768 
1.4 0.1 -0.0404363 0.82801 
1.45 0.1 -0.0390153 0.813312 
1.5 0.1 -0.0362526 0.79999 
1.55 0.1 -0.0322516 0.7883 
1.6 0.1 -0.0271501 0.778452 
1.65 0.1 -0.0211195 0.770623 
1.7 0.1 -0.0143626 0.764957 
1.75 0.1 -0.00710934 0.761561 
1.8 0.1 0.000390393 0.760504 
1.85 0.1 0.00787659 0.761805 
1.9 0.1 0.0150898 0.765439 
1.95 0.1 0.0217817 0.771335 
2 0.1 0.0277251 0.77938 
2.05 0.1 0.0327199 0.789428 
2.1 0.1 0.0365984 0.801298 
2.15 0.1 0.0392261 0.814776 
2.2 0.1 0.0405034 0.829601 
2.25 0.1 0.0403653 0.845448 
2.3 0.1 0.038785 0.861897 
2.35 0.1 0.0357777 0.878395 
2.4 0.1 0.0314082 0.894238 
2.45 0.1 0.0257988 0.908571 
2.5 0.1 0.0191347 0.920442 
2.55 0.1 0.0116647 0.928923 
2.6 0.1 0.00369269 0.933264 
2.65 0.1 -0.00443998 0.933051 
2.7 0.1 -0.0123794 0.928305 
2.75 0.1 -0.0197867 0.919476 
2.8 0.1 -0.0263626 0.907338 
2.85 0.1 -0.0318637 0.892827 
2.9 0.1 -0.0361108 0.876889 
2.95 0.1 -0.0389873 0.860368 
3 0.1 -0.0404331 0.843955 
3.05 0.1 -0.0404372 0.828186 
3.1 0.1 -0.0390303 0.813474 
3.15 0.1 -0.0362804 0.800136 
3.2 0.1 -0.0322907 0.788428 
3.25 0.1 -0.0271987 0.778561 
3.3 0.1 -0.0211756 0.770712 
3.35 0.1 -0.014424 0.765025 
3.4 0.1 -0.0071739 0.761609 
3.45 0.1 0.000325059 0.760531 
3.5 0.1 0.00781271 0.761812 
3.55 0.1 0.0150294 0.765428 
3.6 0.1 0.0217267 0.771307 
3.65 0.1 0.0276769 0.779337 
3.7 0.1 0.0326799 0.789371 
3.75 0.1 0.0365673 0.801229 
3.8 0.1 0.0392047 0.814696 
3.85 0.1 0.0404919 0.829514 
3.9 0.1 0.0403639 0.845356 
3.95 0.1 0.0387936 0.861802 
4 0.1 0.035796 0.878303 
4.05 0.1 0.0314358 0.894153 
4.1 0.1 0.0258349 0.9085 
4.15 0.1 0.0191783 0.920392 
4.2 0.1 0.0117146 0.928902 
4.25 0.1 0.0037472 0.933278 
4.3 0.1 -0.00438269 0.933107 
4.35 0.1 -0.0123214 0.928407 
4.4 0.1 -0.0197302 0.919625 
4.45 0.1 -0.02631 0.907532 
4.5 0.1 -0.0318183 0.893066 
4.55 0.1 -0.0360766 0.877171 
4.6 0.1 -0.0389701 0.860691 
4.65 0.1 -0.0404417 0.844316 
4.7 0.1 -0.0404847 0.828581 
4.75 0.1 -0.0391357 0.813893 
4.8 0.1 -0.03647 0.800561 
4.85 0.1 -0.0325983 0.788825 
4.9 0.1 -0.0276598 0.778872 
4.95 0.1 -0.0218011 0.770851 
5 0.1 -0.0151103 0.764913 
0 0.15 -0.0426501 0.663083 
0.05 0.15 -0.0292887 0.654414 
0.1 0.15 -0.0147629 0.649179 
0.15 0.15 0.000275047 0.64752 
0.2 0.15 0.0152522 0.649441 
0.25 0.15 0.02964 0.654865 
0.3 0.15 0.0429487 0.663656 
0.35 0.15 0.0547346 0.675621 
0.4 0.15 0.0646092 0.690525 
0.45 0.15 0.0722469 0.70809 
0.5 0.15 0.0773888 0.727995 
0.55 0.15 0.0798444 0.749861 
0.6 0.15 0.0794944 0.773217 
0.65 0.15 0.0762957 0.797456 
0.7 0.15 0.0702901 0.82178 
0.75 0.15 0.0616172 0.845156 
0.8 0.15 0.0505278 0.866322 
0.85 0.15 0.0373929 0.88386 
0.9 0.15 0.0227025 0.896379 
0.95 0.15 0.0070488 0.902749 
1 0.15 -0.00890725 0.902354 
1.05 0.15 -0.0244822 0.895231 
1.1 0.15 -0.0390211 0.882071 
1.15 0.15 -0.0519422 0.864046 
1.2 0.15 -0.062769 0.842563 
1.25 0.15 -0.0711451 0.81903 
1.3 0.15 -0.0768337 0.794684 
1.35 0.15 -0.079708 0.77053 
1.4 0.15 -0.0797382 0.747343 
1.45 0.15 -0.0769787 0.725712 
1.5 0.15 -0.0715602 0.706093 
1.55 0.15 -0.0636851 0.688859 
1.6 0.15 -0.0536257 0.674321 
1.65 0.15 -0.0417221 0.662749 
1.7 0.15 -0.0283772 0.654364 
1.75 0.15 -0.0140474 0.649335 
1.8 0.15 0.000771379 0.647768 
1.85 0.15 0.0155633 0.649696 
1.9 0.15 0.0298136 0.655078 
1.95 0.15 0.0430297 0.663802 
2 0.15 0.05476 0.675693 
2.05 0.15 0.0646077 0.690523 
2.1 0.15 0.0722396 0.70802 
2.15 0.15 0.0773905 0.727866 
2.2 0.15 0.0798652 0.749683 
2.25 0.15 0.0795406 0.773002 
2.3 0.15 0.0763705 0.797217 
2.35 0.15 0.0703943 0.821531 
2.4 0.15 0.0617496 0.844915 
2.45 0.15 0.0506851 0.866107 
2.5 0.15 0.0375702 0.883692 
2.55 0.15 0.0228934 0.896274 
2.6 0.15 0.00724584 0.90272 
2.65 0.15 -0.00871204 0.902403 
2.7 0.15 -0.0242967 0.895356 
2.75 0.15 -0.0388521 0.882259 
2.8 0.15 -0.0517956 0.864281 
2.85 0.15 -0.0626491 0.842829 
2.9 0.15 -0.0710545 0.81931 
2.95 0.15 -0.0767736 0.794966 
3 0.15 -0.0796787 0.770804 
3.05 0.15 -0.0797386 0.747602 
3.1 0.15 -0.077007 0.72595 
3.15 0.15 -0.071614 0.706308 
3.2 0.15 -0.0637615 0.689047 
3.25 0.15 -0.0537211 0.674481 
3.3 0.15 -0.0418326 0.662879 
3.35 0.15 -0.0284984 0.654464 
3.4 0.15 -0.0141749 0.649405 
3.45 0.15 0.000642181 0.647807 
3.5 0.15 0.0154368 0.649706 
3.55 0.15 0.0296939 0.655061 
3.6 0.15 0.0429205 0.663759 
3.65 0.15 0.0546643 0.675627 
3.7 0.15 0.064528 0.690437 
3.75 0.15 0.0721777 0.707917 
3.8 0.15 0.0773475 0.727749 
3.85 0.15 0.0798419 0.749555 
3.9 0.15 0.0795372 0.772866 
3.95 0.15 0.0763868 0.797078 
4 0.15 0.0704298 0.821395 
4.05 0.15 0.0618032 0.844789 
4.1 0.15 0.0507553 0.866001 
4.15 0.15 0.037655 0.883616 
4.2 0.15 0.0229902 0.89624 
4.25 0.15 0.00735159 0.902739 
4.3 0.15 -0.00860085 0.902483 
4.35 0.15 -0.0241838 0.895502 
4.4 0.15 -0.0387418 0.882472 
4.45 0.15 -0.0516923 0.86456 
4.5 0.15 -0.0625581 0.843171 
4.55 0.15 -0.0709829 0.819711 
4.6 0.15 -0.0767312 0.795422 
4.65 0.15 -0.0796795 0.77131 
4.7 0.15 -0.0798028 0.74815 
4.75 0.15 -0.0771623 0.726526 
4.8 0.15 -0.0718957 0.706884 
4.85 0.15 -0.064208 0.689577 
4.9 0.15 -0.0543592 0.674893 
4.95 0.15 -0.0426361 0.663083 
5 0.15 -0.0292955 0.654414 
0 0.2 -0.0657364 0.567188 
0.05 0.2 -0.0450301 0.556083 
0.1 0.2 -0.0225808 0.549349 
0.15 0.2 0.000685405 0.547199 
0.2 0.2 0.0238909 0.549672 
0.25 0.2 0.0462039 0.556678 
0.3 0.2 0.0668494 0.568032 
0.35 0.2 0.0851261 0.583467 
0.4 0.2 0.100423 0.602656 
0.45 0.2 0.112229 0.625223 
0.5 0.2 0.120144 0.650747 
0.55 0.2 0.123874 0.678741 
0.6 0.2 0.123244 0.708613 
0.65 0.2 0.118196 0.739602 
0.7 0.2 0.10881 0.770705 
0.75 0.2 0.0953149 0.800615 
0.8 0.2 0.0781093 0.82772 
0.85 0.2 0.0577729 0.850202 
0.9 0.2 0.035062 0.866263 
0.95 0.2 0.0108832 0.874441 
1 0.2 -0.0137559 0.873932 
1.05 0.2 -0.0378149 0.864789 
1.1 0.2 -0.0602949 0.847905 
1.15 0.2 -0.0803045 0.824799 
1.2 0.2 -0.0971076 0.797289 
1.25 0.2 -0.110146 0.767178 
1.3 0.2 -0.119042 0.736044 
1.35 0.2 -0.123586 0.705158 
1.4 0.2 -0.123718 0.675492 
1.45 0.2 -0.119511 0.647783 
1.5 0.2 -0.111159 0.622608 
1.55 0.2 -0.0989716 0.600442 
1.6 0.2 -0.0833696 0.581699 
1.65 0.2 -0.0648821 0.566741 
1.7 0.2 -0.0441382 0.555879 
1.75 0.2 -0.0218522 0.549354 
1.8 0.2 0.00119998 0.547319 
1.85 0.2 0.02421 0.549823 
1.9 0.2 0.0463716 0.556805 
1.95 0.2 0.0669137 0.568103 
2 0.2 0.0851299 0.583469 
2.05 0.2 0.100401 0.602585 
2.1 0.2 0.112208 0.625084 
2.15 0.2 0.120143 0.650546 
2.2 0.2 0.123906 0.678488 
2.25 0.2 0.123317 0.70832 
2.3 0.2 0.118315 0.739283 
2.35 0.2 0.108975 0.770377 
2.4 0.2 0.0955228 0.800299 
2.45 0.2 0.0783553 0.82744 
2.5 0.2 0.0580493 0.849983 
2.55 0.2 0.0353588 0.866127 
2.6 0.2 0.0111891 0.874402 
2.65 0.2 -0.013453 0.873996 
2.7 0.2 -0.0375269 0.864949 
2.75 0.2 -0.0600323 0.848146 
2.8 0.2 -0.0800762 0.825101 
2.85 0.2 -0.0969201 0.797629 
2.9 0.2 -0.110004 0.767536 
2.95 0.2 -0.118947 0.736404 
3 0.2 -0.123539 0.705508 
3.05 0.2 -0.123717 0.675822 
3.1 0.2 -0.119553 0.648088 
3.15 0.2 -0.111241 0.622882 
3.2 0.2 -0.0990891 0.600683 
3.25 0.2 -0.0835169 0.581903 
3.3 0.2 -0.0650532 0.566907 
3.35 0.2 -0.0443264 0.556006 
3.4 0.2 -0.0220504 0.549442 
3.45 0.2 0.000998834 0.547368 
3.5 0.2 0.0240129 0.549834 
3.55 0.2 0.046185 0.55678 
3.6 0.2 0.0667433 0.568046 
3.65 0.2 0.0849805 0.583382 
3.7 0.2 0.100276 0.602473 
3.75 0.2 0.112111 0.62495 
3.8 0.2 0.120075 0.650395 
3.85 0.2 0.12387 0.678323 
3.9 0.2 0.123311 0.708146 
3.95 0.2 0.118339 0.739106 
4 0.2 0.109029 0.770204 
4.05 0.2 0.0956043 0.800139 
4.1 0.2 0.0784621 0.827305 
4.15 0.2 0.0581783 0.849887 
4.2 0.2 0.035506 0.866083 
4.25 0.2 0.0113499 0.874424 
4.3 0.2 -0.0132837 0.874094 
4.35 0.2 -0.0373544 0.865129 
4.4 0.2 -0.0598624 0.848409 
4.45 0.2 -0.0799149 0.825444 
4.5 0.2 -0.0967741 0.798047 
4.55 0.2 -0.109881 0.768022 
4.6 0.2 -0.11886 0.736952 
4.65 0.2 -0.123502 0.706108 
4.7 0.2 -0.123753 0.676464 
4.75 0.2 -0.119691 0.648751 
4.8 0.2 -0.111513 0.623536 
4.85 0.2 -0.0995264 0.601279 
4.9 0.2 -0.0841287 0.582376 
4.95 0.2 -0.0657865 0.567188 
5 0.2 -0.0449932 0.556083 
0 0.25 -0.0887803 0.487434 
0.05 0.25 -0.0606669 0.474223 
0.1 0.25 -0.0302535 0.466192 
0.15 0.25 0.00127386 0.463623 
0.2 0.25 0.0327396 0.466591 
0.25 0.25 0.0630065 0.474993 
0.3 0.25 0.0910075 0.488582 
0.35 0.25 0.115777 0.506997 
0.4 0.25 0.136478 0.529802 
0.45 0.25 0.152413 0.556512 
0.5 0.25 0.163042 0.586606 
0.55 0.25 0.167976 0.619503 
0.6 0.25 0.166988 0.65452 
0.65 0.25 0.160021 0.690783 
0.7 0.25 0.147196 0.72714 
0.75 0.25 0.128844 0.762084 
0.8 0.25 0.105516 0.793745 
0.85 0.25 0.078002 0.820007 
0.9 0.25 0.0473203 0.838769 
0.95 0.25 0.0146841 0.848323 
1 0.25 -0.0185646 0.847728 
1.05 0.25 -0.0510415 0.837045 
1.1 0.25 -0.0814153 0.81732 
1.15 0.25 -0.108493 0.790328 
1.2 0.25 -0.131282 0.758191 
1.25 0.25 -0.14902 0.723005 
1.3 0.25 -0.161182 0.686603 
1.35 0.25 -0.167467 0.650447 
1.4 0.25 -0.167774 0.615653 
1.45 0.25 -0.162185 0.583065 
1.5 0.25 -0.150949 0.553352 
1.55 0.25 -0.134476 0.527083 
1.6 0.25 -0.113331 0.50477 
1.65 0.25 -0.0882334 0.486886 
1.7 0.25 -0.0600404 0.473851 
1.75 0.25 -0.02973 0.466 
1.8 0.25 0.00163266 0.463547 
1.85 0.25 0.0329375 0.466564 
1.9 0.25 0.0630769 0.474965 
1.95 0.25 0.0909929 0.488519 
2 0.25 0.115719 0.506882 
2.05 0.25 0.13641 0.529628 
2.1 0.25 0.152364 0.55628 
2.15 0.25 0.16303 0.586319 
2.2 0.25 0.168016 0.619171 
2.25 0.25 0.167088 0.654151 
2.3 0.25 0.160184 0.690392 
2.35 0.25 0.147423 0.726745 
2.4 0.25 0.129129 0.761708 
2.45 0.25 0.105852 0.793414 
2.5 0.25 0.0783781 0.819749 
2.55 0.25 0.0477234 0.838608 
2.6 0.25 0.0150989 0.848276 
2.65 0.25 -0.018154 0.847802 
2.7 0.25 -0.0506508 0.837232 
2.75 0.25 -0.0810588 0.817602 
2.8 0.25 -0.108182 0.790681 
2.85 0.25 -0.131026 0.758588 
2.9 0.25 -0.148825 0.723424 
2.95 0.25 -0.161051 0.687024 
3 0.25 -0.1674 0.650856 
3.05 0.25 -0.16777 0.616039 
3.1 0.25 -0.16224 0.583422 
3.15 0.25 -0.151058 0.553675 
3.2 0.25 -0.134633 0.527367 
3.25 0.25 -0.11353 0.505012 
3.3 0.25 -0.0884653 0.487083 
3.35 0.25 -0.060296 0.474001 
3.4 0.25 -0.0299997 0.466102 
3.45 0.25 0.00135876 0.463603 
3.5 0.25 0.0326689 0.466574 
3.55 0.25 0.0628224 0.474932 
3.6 0.25 0.0907605 0.488447 
3.65 0.25 0.115515 0.506776 
3.7 0.25 0.13624 0.529493 
3.75 0.25 0.152231 0.55612 
3.8 0.25 0.162938 0.58614 
3.85 0.25 0.167965 0.618976 
3.9 0.25 0.167079 0.653948 
3.95 0.25 0.160215 0.690186 
4 0.25 0.147494 0.726544 
4.05 0.25 0.129237 0.761522 
4.1 0.25 0.105993 0.793257 
4.15 0.25 0.0785488 0.819636 
4.2 0.25 0.0479182 0.838556 
4.25 0.25 0.0153119 0.8483 
4.3 0.25 -0.0179293 0.847911 
4.35 0.25 -0.0504209 0.837433 
4.4 0.25 -0.08083 0.817895 
4.45 0.25 -0.107961 0.791061 
4.5 0.25 -0.130818 0.759047 
4.55 0.25 -0.148638 0.723952 
4.6 0.25 -0.160895 0.687611 
4.65 0.25 -0.167288 0.651489 
4.7 0.25 -0.167719 0.616704 
4.75 0.25 -0.162271 0.584098 
4.8 0.25 -0.151195 0.554332 
4.85 0.25 -0.134891 0.527966 
4.9 0.25 -0.1139 0.505506 
4.95 0.25 -0.0888834 0.487434 
5 0.25 -0.0605943 0.474223 
0 0.3 -0.109953 0.425204 
0.05 0.3 -0.0749738 0.410128 
0.1 0.3 -0.0371856 0.40094 
0.15 0.3 0.00198752 0.398006 
0.2 0.3 0.0410938 0.40144 
0.25 0.3 0.0787089 0.411113 
0.3 0.3 0.11349 0.426686 
0.35 0.3 0.144222 0.447665 
0.4 0.3 0.169856 0.47347 
0.45 0.3 0.189527 0.50348 
0.5 0.3 0.202569 0.537063 
0.55 0.3 0.208515 0.573556 
0.6 0.3 0.207105 0.612208 
0.65 0.3 0.198287 0.65208 
0.7 0.3 0.18224 0.691939 
0.75 0.3 0.159392 0.730165 
0.8 0.3 0.130443 0.764744 
0.85 0.3 0.0963747 0.793392 
0.9 0.3 0.0584427 0.813841 
0.95 0.3 0.0181303 0.824248 
1 0.3 -0.0229272 0.823599 
1.05 0.3 -0.0630455 0.81196 
1.1 0.3 -0.100602 0.790458 
1.15 0.3 -0.134137 0.761009 
1.2 0.3 -0.162426 0.7259 
1.25 0.3 -0.184518 0.687396 
1.3 0.3 -0.199746 0.64747 
1.35 0.3 -0.207715 0.607691 
1.4 0.3 -0.208275 0.569253 
1.45 0.3 -0.201502 0.533067 
1.5 0.3 -0.187686 0.499866 
1.55 0.3 -0.167318 0.470306 
1.6 0.3 -0.141093 0.445014 
1.65 0.3 -0.1099 0.4246 
1.7 0.3 -0.0748102 0.409631 
1.75 0.3 -0.0370514 0.400576 
1.8 0.3 0.00203486 0.397741 
1.85 0.3 0.0410481 0.401228 
1.9 0.3 0.0785912 0.410913 
1.95 0.3 0.113332 0.42647 
2 0.3 0.144057 0.447416 
2.05 0.3 0.169713 0.47318 
2.1 0.3 0.18943 0.503148 
2.15 0.3 0.202535 0.53669 
2.2 0.3 0.208556 0.573148 
2.25 0.3 0.207226 0.611773 
2.3 0.3 0.198491 0.651631 
2.35 0.3 0.182524 0.691493 
2.4 0.3 0.159749 0.729745 
2.45 0.3 0.130862 0.764377 
2.5 0.3 0.0968429 0.793107 
2.55 0.3 0.0589435 0.813664 
2.6 0.3 0.0186451 0.824197 
2.65 0.3 -0.022418 0.82368 
2.7 0.3 -0.062561 0.812164 
2.75 0.3 -0.10016 0.790766 
2.8 0.3 -0.133751 0.761393 
2.85 0.3 -0.162106 0.726334 
2.9 0.3 -0.184273 0.687854 
2.95 0.3 -0.19958 0.64793 
3 0.3 -0.207629 0.608139 
3.05 0.3 -0.208266 0.569679 
3.1 0.3 -0.201567 0.533462 
3.15 0.3 -0.187819 0.500225 
3.2 0.3 -0.167513 0.470623 
3.25 0.3 -0.14134 0.445285 
3.3 0.3 -0.110188 0.424821 
3.35 0.3 -0.0751282 0.4098 
3.4 0.3 -0.0373874 0.400689 
3.45 0.3 0.0016932 0.3978 
3.5 0.3 0.0407129 0.401234 
3.55 0.3 0.0782735 0.41087 
3.6 0.3 0.113042 0.426383 
3.65 0.3 0.143803 0.447292 
3.7 0.3 0.169501 0.473024 
3.75 0.3 0.189265 0.502966 
3.8 0.3 0.202419 0.536488 
3.85 0.3 0.208491 0.572932 
3.9 0.3 0.207213 0.611548 
3.95 0.3 0.198528 0.651404 
4 0.3 0.182609 0.691273 
4.05 0.3 0.159879 0.729543 
4.1 0.3 0.131033 0.764208 
4.15 0.3 0.0970489 0.792985 
4.2 0.3 0.0591784 0.813607 
4.25 0.3 0.0189021 0.82422 
4.3 0.3 -0.0221461 0.823793 
4.35 0.3 -0.062281 0.812372 
4.4 0.3 -0.0998776 0.791068 
4.45 0.3 -0.133472 0.761781 
4.5 0.3 -0.161835 0.726797 
4.55 0.3 -0.184013 0.68838 
4.6 0.3 -0.199336 0.648504 
4.65 0.3 -0.207405 0.608746 
4.7 0.3 -0.208071 0.570302 
4.75 0.3 -0.201409 0.534082 
4.8 0.3 -0.187706 0.50082 
4.85 0.3 -0.167442 0.471168 
4.9 0.3 -0.141291 0.445754 
4.95 0.3 -0.110099 0.425204 
5 0.3 -0.0748727 0.410128 
0 0.35 -0.127872 0.378995 
0.05 0.35 -0.087035 0.362135 
0.1 0.35 -0.0429498 0.351824 
0.15 0.35 0.00275227 0.348544 
0.2 0.35 0.0483776 0.352456 
0.25 0.35 0.092249 0.36338 
0.3 0.35 0.13278 0.380845 
0.35 0.35 0.16854 0.40417 
0.4 0.35 0.198296 0.432571 
0.45 0.35 0.221045 0.46525 
0.5 0.35 0.236024 0.501439 
0.55 0.35 0.242712 0.540388 
0.6 0.35 0.240831 0.581299 
0.65 0.35 0.230353 0.62321 
0.7 0.35 0.211515 0.664872 
0.75 0.35 0.18484 0.704648 
0.8 0.35 0.151157 0.740501 
0.85 0.35 0.111612 0.770122 
0.9 0.35 0.0676542 0.791223 
0.95 0.35 0.0209818 0.801948 
1 0.35 -0.0265396 0.801279 
1.05 0.35 -0.0729909 0.789281 
1.1 0.35 -0.11652 0.767088 
1.15 0.35 -0.155454 0.736627 
1.2 0.35 -0.188378 0.700208 
1.25 0.35 -0.214182 0.660119 
1.3 0.35 -0.232072 0.618355 
1.35 0.35 -0.24156 0.576504 
1.4 0.35 -0.242442 0.535774 
1.45 0.35 -0.234777 0.497099 
1.5 0.35 -0.21887 0.461266 
1.55 0.35 -0.195274 0.429021 
1.6 0.35 -0.164782 0.401135 
1.65 0.35 -0.128424 0.3784 
1.7 0.35 -0.0874564 0.36159 
1.75 0.35 -0.0433257 0.351359 
1.8 0.35 0.00237968 0.348147 
1.85 0.35 0.0479985 0.352098 
1.9 0.35 0.0918734 0.363035 
1.95 0.35 0.132428 0.380492 
2 0.35 0.168233 0.403797 
2.05 0.35 0.198054 0.432172 
2.1 0.35 0.220885 0.464825 
2.15 0.35 0.235958 0.500988 
2.2 0.35 0.242746 0.539916 
2.25 0.35 0.240967 0.580812 
2.3 0.35 0.23059 0.622719 
2.35 0.35 0.211847 0.664394 
2.4 0.35 0.185257 0.704203 
2.45 0.35 0.151646 0.740116 
2.5 0.35 0.112158 0.769825 
2.55 0.35 0.0682374 0.791039 
2.6 0.35 0.0215805 0.801895 
2.65 0.35 -0.0259478 0.801362 
2.7 0.35 -0.0724276 0.789492 
2.75 0.35 -0.116005 0.767405 
2.8 0.35 -0.155004 0.737025 
2.85 0.35 -0.188005 0.700658 
2.9 0.35 -0.213895 0.660595 
2.95 0.35 -0.231876 0.618836 
3 0.35 -0.241456 0.576975 
3.05 0.35 -0.242429 0.536223 
3.1 0.35 -0.23485 0.497519 
3.15 0.35 -0.219024 0.46165 
3.2 0.35 -0.195499 0.429364 
3.25 0.35 -0.165068 0.401429 
3.3 0.35 -0.12876 0.378641 
3.35 0.35 -0.0878278 0.361773 
3.4 0.35 -0.0437187 0.351481 
3.45 0.35 0.00197979 0.348206 
3.5 0.35 0.0476059 0.352097 
3.55 0.35 0.0915014 0.362979 
3.6 0.35 0.132088 0.380388 
3.65 0.35 0.167935 0.403652 
3.7 0.35 0.197806 0.431995 
3.75 0.35 0.220692 0.464623 
3.8 0.35 0.235822 0.500768 
3.85 0.35 0.24267 0.539684 
3.9 0.35 0.24095 0.580574 
3.95 0.35 0.230631 0.622481 
4 0.35 0.211943 0.664165 
4.05 0.35 0.185404 0.703995 
4.1 0.35 0.151839 0.739942 
4.15 0.35 0.11239 0.7697 
4.2 0.35 0.0685016 0.79098 
4.25 0.35 0.0218696 0.801916 
4.3 0.35 -0.0256409 0.801472 
4.35 0.35 -0.0721092 0.789693 
4.4 0.35 -0.11568 0.767694 
4.45 0.35 -0.154675 0.737392 
4.5 0.35 -0.187673 0.70109 
4.55 0.35 -0.213557 0.661076 
4.6 0.35 -0.231529 0.61935 
4.65 0.35 -0.241096 0.577503 
4.7 0.35 -0.24205 0.536749 
4.75 0.35 -0.234445 0.498028 
4.8 0.35 -0.218582 0.462127 
4.85 0.35 -0.195005 0.429798 
4.9 0.35 -0.164492 0.401817 
4.95 0.35 -0.128052 0.378995 
5 0.35 -0.0869118 0.362135 
0 0.4 -0.141519 0.345433 
0.05 0.4 -0.096183 0.326738 
0.1 0.4 -0.0472483 0.315253 
0.15 0.4 0.00348673 0.311618 
0.2 0.4 0.0541319 0.316047 
0.25 0.4 0.102804 0.328292 
0.3 0.4 0.147721 0.3477 
0.35 0.4 0.187277 0.373339 
0.4 0.4 0.220102 0.404164 
0.45 0.4 0.245091 0.439145 
0.5 0.4 0.261418 0.477344 
0.55 0.4 0.268533 0.517911 
0.6 0.4 0.266164 0.560005 
0.65 0.4 0.254316 0.602674 
0.7 0.4 0.233286 0.64471 
0.75 0.4 0.20368 0.684545 
0.8 0.4 0.166433 0.720234 
0.85 0.4 0.122815 0.749579 
0.9 0.4 0.074412 0.770411 
0.95 0.4 0.0230706 0.780978 
1 0.4 -0.0291889 0.780319 
1.05 0.4 -0.0802908 0.768495 
1.1 0.4 -0.12823 0.746574 
1.15 0.4 -0.171184 0.71638 
1.2 0.4 -0.207602 0.680101 
1.25 0.4 -0.236253 0.639918 
1.3 0.4 -0.256239 0.597733 
1.35 0.4 -0.266991 0.555069 
1.4 0.4 -0.268246 0.513096 
1.45 0.4 -0.26003 0.472746 
1.5 0.4 -0.242648 0.434851 
1.55 0.4 -0.216682 0.40027 
1.6 0.4 -0.182989 0.369949 
1.65 0.4 -0.142705 0.344923 
1.7 0.4 -0.0972281 0.326229 
1.75 0.4 -0.0481806 0.314769 
1.8 0.4 0.00264664 0.311159 
1.85 0.4 0.053376 0.315599 
1.9 0.4 0.102135 0.327842 
1.95 0.4 0.147146 0.347237 
2 0.4 0.186807 0.372862 
2.05 0.4 0.219747 0.403671 
2.1 0.4 0.244858 0.43864 
2.15 0.4 0.26131 0.476828 
2.2 0.4 0.268552 0.517388 
2.25 0.4 0.266306 0.559481 
2.3 0.4 0.254575 0.602158 
2.35 0.4 0.233653 0.644216 
2.4 0.4 0.204143 0.684092 
2.45 0.4 0.166977 0.719846 
2.5 0.4 0.123421 0.749282 
2.55 0.4 0.075057 0.770229 
2.6 0.4 0.0237319 0.780926 
2.65 0.4 -0.0285356 0.780401 
2.7 0.4 -0.0796689 0.768702 
2.75 0.4 -0.12766 0.746888 
2.8 0.4 -0.170685 0.716774 
2.85 0.4 -0.207188 0.68055 
2.9 0.4 -0.235933 0.640395 
2.95 0.4 -0.256019 0.598218 
3 0.4 -0.266872 0.555548 
3.05 0.4 -0.268227 0.513558 
3.1 0.4 -0.260108 0.473182 
3.15 0.4 -0.242815 0.435255 
3.2 0.4 -0.216929 0.400633 
3.25 0.4 -0.183305 0.370264 
3.3 0.4 -0.143077 0.345182 
3.35 0.4 -0.0976406 0.326424 
3.4 0.4 -0.0486176 0.314897 
3.45 0.4 0.00220153 0.311216 
3.5 0.4 0.0529389 0.315589 
3.55 0.4 0.101721 0.327771 
3.6 0.4 0.146768 0.347114 
3.65 0.4 0.186476 0.372695 
3.7 0.4 0.219471 0.403473 
3.75 0.4 0.244643 0.438418 
3.8 0.4 0.26116 0.476592 
3.85 0.4 0.268467 0.517144 
3.9 0.4 0.266286 0.559235 
3.95 0.4 0.254618 0.601916 
4 0.4 0.233756 0.643986 
4.05 0.4 0.2043 0.683885 
4.1 0.4 0.167182 0.719674 
4.15 0.4 0.123667 0.749159 
4.2 0.4 0.0753378 0.77017 
4.25 0.4 0.0240394 0.780941 
4.3 0.4 -0.0282081 0.780498 
4.35 0.4 -0.0793267 0.768882 
4.4 0.4 -0.127306 0.747144 
4.45 0.4 -0.170318 0.717095 
4.5 0.4 -0.206804 0.680919 
4.55 0.4 -0.235523 0.640795 
4.6 0.4 -0.25557 0.59863 
4.65 0.4 -0.266369 0.555953 
4.7 0.4 -0.267649 0.513939 
4.75 0.4 -0.259432 0.473528 
4.8 0.4 -0.242016 0.43556 
4.85 0.4 -0.215977 0.4009 
4.9 0.4 -0.182169 0.370507 
4.95 0.4 -0.141723 0.345433 
5 0.4 -0.0960434 0.326738 
0 0.45 -0.150178 0.320527 
0.05 0.45 -0.101953 0.299919 
0.1 0.45 -0.0498832 0.287197 
0.15 0.45 0.00411313 0.283193 
0.2 0.45 0.0580056 0.288183 
0.25 0.45 0.109763 0.30183 
0.3 0.45 0.157465 0.323262 
0.35 0.45 0.199387 0.351253 
0.4 0.45 0.234069 0.384443 
0.45 0.45 0.26035 0.42153 
0.5 0.45 0.277375 0.461374 
0.55 0.45 0.284595 0.503005 
0.6 0.45 0.281761 0.545539 
0.65 0.45 0.26892 0.588049 
0.7 0.45 0.246424 0.629406 
0.75 0.45 0.214947 0.668178 
0.8 0.45 0.175497 0.702606 
0.85 0.45 0.129419 0.730716 
0.9 0.45 0.0783772 0.75057 
0.95 0.45 0.0242925 0.76061 
1 0.45 -0.0307421 0.759983 
1.05 0.45 -0.0845789 0.748745 
1.1 0.45 -0.135139 0.727842 
1.15 0.45 -0.180526 0.698895 
1.2 0.45 -0.219112 0.663863 
1.25 0.45 -0.249587 0.624702 
1.3 0.45 -0.270982 0.583136 
1.35 0.45 -0.28266 0.540559 
1.4 0.45 -0.284303 0.498066 
1.45 0.45 -0.275897 0.456573 
1.5 0.45 -0.257723 0.416965 
1.55 0.45 -0.230365 0.380228 
1.6 0.45 -0.194709 0.347525 
1.65 0.45 -0.151951 0.320169 
1.7 0.45 -0.103581 0.299516 
1.75 0.45 -0.0513449 0.286762 
1.8 0.45 0.00282086 0.282729 
1.85 0.45 0.0568805 0.287688 
1.9 0.45 0.108803 0.301306 
1.95 0.45 0.156669 0.322714 
2 0.45 0.198756 0.350687 
2.05 0.45 0.233602 0.383868 
2.1 0.45 0.260043 0.420954 
2.15 0.45 0.277225 0.460803 
2.2 0.45 0.284595 0.502442 
2.25 0.45 0.281902 0.544991 
2.3 0.45 0.269192 0.587521 
2.35 0.45 0.246814 0.628911 
2.4 0.45 0.21544 0.667732 
2.45 0.45 0.176074 0.702229 
2.5 0.45 0.130061 0.73043 
2.55 0.45 0.0790602 0.750395 
2.6 0.45 0.0249918 0.76056 
2.65 0.45 -0.0300517 0.760061 
2.7 0.45 -0.0839216 0.748942 
2.75 0.45 -0.134537 0.728142 
2.8 0.45 -0.179998 0.699274 
2.85 0.45 -0.218672 0.664295 
2.9 0.45 -0.249246 0.625166 
2.95 0.45 -0.270746 0.583614 
3 0.45 -0.282531 0.541037 
3.05 0.45 -0.284281 0.498533 
3.1 0.45 -0.275976 0.45702 
3.15 0.45 -0.257898 0.417383 
3.2 0.45 -0.230626 0.38061 
3.25 0.45 -0.195044 0.347859 
3.3 0.45 -0.152346 0.320445 
3.35 0.45 -0.10402 0.299724 
3.4 0.45 -0.0518108 0.286895 
3.45 0.45 0.00234607 0.282783 
3.5 0.45 0.0564142 0.287667 
3.55 0.45 0.108362 0.301217 
3.6 0.45 0.156267 0.322568 
3.65 0.45 0.198404 0.350497 
3.7 0.45 0.233309 0.383648 
3.75 0.45 0.259816 0.420714 
3.8 0.45 0.277065 0.460552 
3.85 0.45 0.284505 0.502188 
3.9 0.45 0.28188 0.544739 
3.95 0.45 0.269235 0.587279 
4 0.45 0.246918 0.628684 
4.05 0.45 0.215599 0.66753 
4.1 0.45 0.176283 0.702063 
4.15 0.45 0.130311 0.730311 
4.2 0.45 0.0793444 0.750336 
4.25 0.45 0.025303 0.760567 
4.3 0.45 -0.0297194 0.760139 
4.35 0.45 -0.0835717 0.749089 
4.4 0.45 -0.134169 0.728348 
4.45 0.45 -0.179608 0.699527 
4.5 0.45 -0.21825 0.664577 
4.55 0.45 -0.248777 0.625457 
4.6 0.45 -0.270208 0.583892 
4.65 0.45 -0.281896 0.541283 
4.7 0.45 -0.283516 0.498731 
4.75 0.45 -0.275045 0.457161 
4.8 0.45 -0.256761 0.417468 
4.85 0.45 -0.229245 0.380654 
4.9 0.45 -0.193388 0.347896 
4.95 0.45 -0.1504 0.320527 
5 0.45 -0.101802 0.299919 
0 0.5 -0.153401 0.300561 
0.05 0.5 -0.104052 0.278072 
0.1 0.5 -0.0507385 0.264127 
0.15 0.5 0.00456522 0.259763 
0.2 0.5 0.0597527 0.265321 
0.25 0.5 0.112713 0.280368 
0.3 0.5 0.161453 0.3038 
0.35 0.5 0.204192 0.334075 
0.4 0.5 0.239436 0.369504 
0.45 0.5 0.266012 0.408499 
0.5 0.5 0.283073 0.449704 
0.55 0.5 0.290096 0.492016 
0.6 0.5 0.286868 0.534502 
0.65 0.5 0.273482 0.576261 
0.7 0.5 0.250337 0.616264 
0.75 0.5 0.218149 0.653255 
0.8 0.5 0.177963 0.685719 
0.85 0.5 0.131152 0.711979 
0.9 0.5 0.0793895 0.7304 
0.95 0.5 0.0245987 0.739676 
1 0.5 -0.0311367 0.739098 
1.05 0.5 -0.0856806 0.728709 
1.1 0.5 -0.136962 0.709301 
1.15 0.5 -0.183083 0.682232 
1.2 0.5 -0.222401 0.649153 
1.25 0.5 -0.253579 0.611731 
1.3 0.5 -0.275609 0.571452 
1.35 0.5 -0.287809 0.529542 
1.4 0.5 -0.289813 0.487006 
1.45 0.5 -0.281561 0.444741 
1.5 0.5 -0.2633 0.403693 
1.55 0.5 -0.235585 0.364993 
1.6 0.5 -0.199297 0.330026 
1.65 0.5 -0.155645 0.300408 
1.7 0.5 -0.106157 0.277824 
1.75 0.5 -0.0526393 0.263784 
1.8 0.5 0.00289243 0.259329 
1.85 0.5 0.0583133 0.264806 
1.9 0.5 0.111504 0.279789 
1.95 0.5 0.160468 0.303177 
2 0.5 0.203422 0.333429 
2.05 0.5 0.238872 0.368855 
2.1 0.5 0.265641 0.407861 
2.15 0.5 0.282884 0.449085 
2.2 0.5 0.290076 0.491422 
2.25 0.5 0.287003 0.533938 
2.3 0.5 0.273757 0.575731 
2.35 0.5 0.250735 0.615778 
2.4 0.5 0.218653 0.652825 
2.45 0.5 0.178553 0.685362 
2.5 0.5 0.131806 0.711711 
2.55 0.5 0.0800847 0.730238 
2.6 0.5 0.0253095 0.739631 
2.65 0.5 -0.0304354 0.73917 
2.7 0.5 -0.0850131 0.728892 
2.75 0.5 -0.13635 0.70958 
2.8 0.5 -0.182546 0.682586 
2.85 0.5 -0.221952 0.649562 
2.9 0.5 -0.25323 0.612175 
2.95 0.5 -0.275366 0.571915 
3 0.5 -0.287674 0.530012 
3.05 0.5 -0.289786 0.487472 
3.1 0.5 -0.28164 0.445194 
3.15 0.5 -0.263476 0.404124 
3.2 0.5 -0.23585 0.36539 
3.25 0.5 -0.199639 0.330378 
3.3 0.5 -0.156049 0.300699 
3.35 0.5 -0.106607 0.278043 
3.4 0.5 -0.0531171 0.263921 
3.45 0.5 0.00240522 0.25938 
3.5 0.5 0.0578349 0.264773 
3.55 0.5 0.111052 0.279682 
3.6 0.5 0.160056 0.303009 
3.65 0.5 0.203062 0.333216 
3.7 0.5 0.238573 0.368613 
3.75 0.5 0.265409 0.407601 
3.8 0.5 0.282722 0.44882 
3.85 0.5 0.289984 0.491159 
3.9 0.5 0.286979 0.533684 
3.95 0.5 0.273798 0.57549 
4 0.5 0.250836 0.615557 
4.05 0.5 0.218808 0.652632 
4.1 0.5 0.178756 0.685204 
4.15 0.5 0.132049 0.711597 
4.2 0.5 0.0803596 0.730175 
4.25 0.5 0.0256103 0.739625 
4.3 0.5 -0.0301136 0.739221 
4.35 0.5 -0.0846719 0.728995 
4.4 0.5 -0.135987 0.709724 
4.45 0.5 -0.182152 0.682756 
4.5 0.5 -0.221514 0.649738 
4.55 0.5 -0.252725 0.612335 
4.6 0.5 -0.274764 0.572036 
4.65 0.5 -0.286939 0.530073 
4.7 0.5 -0.288874 0.487457 
4.75 0.5 -0.280502 0.445097 
4.8 0.5 -0.262065 0.403952 
4.85 0.5 -0.234122 0.36517 
4.9 0.5 -0.197565 0.330161 
4.95 0.5 -0.15363 0.300561 
5 0.5 -0.103897 0.278072 
0 0.55 -0.150987 0.282495 
0.05 0.55 -0.102354 0.258378 
0.1 0.55 -0.0497717 0.243372 
0.15 0.55 0.00479365 0.238702 
0.2 0.55 0.0592341 0.24477 
0.25 0.55 0.111435 0.261052 
0.3 0.55 0.159403 0.286226 
0.35 0.55 0.20137 0.31846 
0.4 0.55 0.235862 0.355767 
0.45 0.55 0.26174 0.396291 
0.5 0.55 0.278199 0.438477 
0.55 0.55 0.284763 0.481095 
0.6 0.55 0.281264 0.523161 
0.65 0.55 0.267836 0.563791 
0.7 0.55 0.244908 0.602061 
0.75 0.55 0.213214 0.636899 
0.8 0.55 0.173795 0.667057 
0.85 0.55 0.127997 0.691178 
0.9 0.55 0.0774444 0.707958 
0.95 0.55 0.0239889 0.716367 
1 0.55 -0.0303712 0.715843 
1.05 0.55 -0.0835901 0.706422 
1.1 0.55 -0.133681 0.688726 
1.15 0.55 -0.178814 0.66383 
1.2 0.55 -0.217395 0.633053 
1.25 0.55 -0.248109 0.597744 
1.3 0.55 -0.269948 0.559131 
1.35 0.55 -0.282212 0.518266 
1.4 0.55 -0.284501 0.47606 
1.45 0.55 -0.276715 0.433398 
1.5 0.55 -0.25905 0.39129 
1.55 0.55 -0.232016 0.351003 
1.6 0.55 -0.196453 0.314134 
1.65 0.55 -0.153538 0.282572 
1.7 0.55 -0.104778 0.25831 
1.75 0.55 -0.0519728 0.243143 
1.8 0.55 0.00285629 0.238317 
1.85 0.55 0.0575738 0.244249 
1.9 0.55 0.110051 0.260428 
1.95 0.55 0.158284 0.285536 
2 0.55 0.200503 0.317742 
2.05 0.55 0.23523 0.35505 
2.1 0.55 0.261325 0.395596 
2.15 0.55 0.277982 0.437817 
2.2 0.55 0.284726 0.480477 
2.25 0.55 0.281388 0.522587 
2.3 0.55 0.268103 0.563266 
2.35 0.55 0.2453 0.60159 
2.4 0.55 0.21371 0.636492 
2.45 0.55 0.174375 0.666724 
2.5 0.55 0.128639 0.690933 
2.55 0.55 0.0781256 0.707813 
2.6 0.55 0.0246845 0.716327 
2.65 0.55 -0.0296855 0.71591 
2.7 0.55 -0.0829374 0.706589 
2.75 0.55 -0.133082 0.688981 
2.8 0.55 -0.178288 0.664158 
2.85 0.55 -0.216954 0.633435 
2.9 0.55 -0.247765 0.598164 
2.95 0.55 -0.269707 0.559576 
3 0.55 -0.282077 0.518724 
3.05 0.55 -0.284473 0.476521 
3.1 0.55 -0.276789 0.433854 
3.15 0.55 -0.259221 0.391729 
3.2 0.55 -0.232276 0.351412 
3.25 0.55 -0.196789 0.3145 
3.3 0.55 -0.153936 0.282876 
3.35 0.55 -0.105221 0.258538 
3.4 0.55 -0.0524448 0.243283 
3.45 0.55 0.00237484 0.238363 
3.5 0.55 0.0571013 0.244204 
3.55 0.55 0.109604 0.260303 
3.6 0.55 0.157878 0.285347 
3.65 0.55 0.200149 0.317507 
3.7 0.55 0.234937 0.354787 
3.75 0.55 0.261098 0.39532 
3.8 0.55 0.277824 0.43754 
3.85 0.55 0.284636 0.480207 
3.9 0.55 0.281364 0.522331 
3.95 0.55 0.268141 0.563028 
4 0.55 0.245395 0.601375 
4.05 0.55 0.213856 0.636305 
4.1 0.55 0.174564 0.666572 
4.15 0.55 0.128865 0.69082 
4.2 0.55 0.07838 0.707744 
4.25 0.55 0.0249621 0.716303 
4.3 0.55 -0.0293882 0.715928 
4.35 0.55 -0.0826204 0.706641 
4.4 0.55 -0.132741 0.689055 
4.45 0.55 -0.17791 0.664235 
4.5 0.55 -0.216522 0.633494 
4.55 0.55 -0.247252 0.598182 
4.6 0.55 -0.269077 0.559527 
4.65 0.55 -0.281287 0.518586 
4.7 0.55 -0.283471 0.476279 
4.75 0.55 -0.275522 0.433502 
4.8 0.55 -0.257633 0.391282 
4.85 0.55 -0.230323 0.350908 
4.9 0.55 -0.194445 0.314008 
4.95 0.55 -0.151214 0.282495 
5 0.55 -0.1022 0.258378 
0 0.6 -0.142991 0.264011 
0.05 0.6 -0.0968988 0.238809 
0.1 0.6 -0.0470154 0.22309 
0.15 0.6 0.00476989 0.218225 
0.2 0.6 0.0564268 0.224659 
0.25 0.6 0.105918 0.241798 
0.3 0.6 0.151327 0.268152 
0.35 0.6 0.190963 0.301669 
0.4 0.6 0.223434 0.340132 
0.45 0.6 0.247673 0.381488 
0.5 0.6 0.262948 0.424029 
0.55 0.6 0.268843 0.466426 
0.6 0.6 0.265239 0.507646 
0.65 0.6 0.2523 0.546827 
0.7 0.6 0.230467 0.583134 
0.75 0.6 0.200458 0.615667 
0.8 0.6 0.163269 0.643428 
0.85 0.6 0.120171 0.665366 
0.9 0.6 0.0726776 0.68049 
0.95 0.6 0.022506 0.688026 
1 0.6 -0.0284996 0.687557 
1.05 0.6 -0.0784529 0.679108 
1.1 0.6 -0.12552 0.663144 
1.15 0.6 -0.168003 0.640471 
1.2 0.6 -0.204411 0.612092 
1.25 0.6 -0.233505 0.579057 
1.3 0.6 -0.254317 0.542351 
1.35 0.6 -0.266157 0.502862 
1.4 0.6 -0.268613 0.461421 
1.45 0.6 -0.261549 0.418904 
1.5 0.6 -0.245113 0.376373 
1.55 0.6 -0.219751 0.335202 
1.6 0.6 -0.186231 0.29715 
1.65 0.6 -0.145655 0.264314 
1.7 0.6 -0.0994521 0.238917 
1.75 0.6 -0.0493476 0.222976 
1.8 0.6 0.0027125 0.217894 
1.85 0.6 0.0546648 0.224141 
1.9 0.6 0.104453 0.24114 
1.95 0.6 0.150148 0.267408 
2 0.6 0.190054 0.30089 
2.05 0.6 0.222773 0.339358 
2.1 0.6 0.247239 0.380747 
2.15 0.6 0.262718 0.423337 
2.2 0.6 0.268795 0.46579 
2.25 0.6 0.265351 0.50707 
2.3 0.6 0.252552 0.546312 
2.35 0.6 0.230838 0.582683 
2.4 0.6 0.200928 0.615285 
2.45 0.6 0.163819 0.643123 
2.5 0.6 0.120778 0.665145 
2.55 0.6 0.0733198 0.680361 
2.6 0.6 0.0231606 0.687993 
2.65 0.6 -0.0278549 0.687619 
2.7 0.6 -0.0778395 0.679261 
2.75 0.6 -0.124957 0.663376 
2.8 0.6 -0.167507 0.640771 
2.85 0.6 -0.203996 0.612446 
2.9 0.6 -0.23318 0.579451 
2.95 0.6 -0.254088 0.542774 
3 0.6 -0.266028 0.503305 
3.05 0.6 -0.268585 0.461874 
3.1 0.6 -0.261618 0.419357 
3.15 0.6 -0.245273 0.376813 
3.2 0.6 -0.219995 0.335617 
3.25 0.6 -0.186549 0.297523 
3.3 0.6 -0.146032 0.264625 
3.35 0.6 -0.0998736 0.23915 
3.4 0.6 -0.0497961 0.223117 
3.45 0.6 0.00225503 0.217935 
3.5 0.6 0.0542161 0.224086 
3.55 0.6 0.104029 0.241002 
3.6 0.6 0.149763 0.267203 
3.65 0.6 0.18972 0.300638 
3.7 0.6 0.222497 0.33908 
3.75 0.6 0.247026 0.380459 
3.8 0.6 0.262569 0.423052 
3.85 0.6 0.26871 0.465516 
3.9 0.6 0.265327 0.506814 
3.95 0.6 0.252585 0.546077 
4 0.6 0.230924 0.582474 
4.05 0.6 0.201059 0.615105 
4.1 0.6 0.163988 0.642974 
4.15 0.6 0.120978 0.665031 
4.2 0.6 0.0735447 0.680282 
4.25 0.6 0.0234051 0.687947 
4.3 0.6 -0.0275933 0.687601 
4.35 0.6 -0.0775595 0.679259 
4.4 0.6 -0.124652 0.663377 
4.45 0.6 -0.167164 0.640754 
4.5 0.6 -0.203594 0.612388 
4.55 0.6 -0.232689 0.579328 
4.6 0.6 -0.25347 0.542559 
4.65 0.6 -0.265236 0.502974 
4.7 0.6 -0.267564 0.461412 
4.75 0.6 -0.260311 0.418761 
4.8 0.6 -0.243626 0.376104 
4.85 0.6 -0.217963 0.334843 
4.9 0.6 -0.18411 0.29677 
4.95 0.6 -0.143207 0.264011 
5 0.6 -0.0967524 0.238809 
0 0.65 -0.129753 0.243423 
0.05 0.65 -0.0879128 0.217973 
0.1 0.65 -0.0425858 0.202078 
0.15 0.65 0.00448889 0.197184 
0.2 0.65 0.0514377 0.203755 
0.25 0.65 0.0963809 0.221158 
0.3 0.65 0.137556 0.247813 
0.35 0.65 0.173416 0.281554 
0.4 0.65 0.2027 0.320051 
0.45 0.65 0.224456 0.361152 
0.5 0.65 0.238044 0.403074 
0.55 0.65 0.243118 0.444437 
0.6 0.65 0.239605 0.484187 
0.65 0.65 0.227684 0.521482 
0.7 0.65 0.207785 0.555566 
0.75 0.65 0.180576 0.585684 
0.8 0.65 0.14697 0.611048 
0.85 0.65 0.108113 0.630865 
0.9 0.65 0.0653593 0.644409 
0.95 0.65 0.0202345 0.651121 
1 0.65 -0.025628 0.650704 
1.05 0.65 -0.0705596 0.643175 
1.1 0.65 -0.112935 0.628865 
1.15 0.65 -0.151246 0.608357 
1.2 0.65 -0.184157 0.582388 
1.25 0.65 -0.210547 0.551753 
1.3 0.65 -0.229529 0.517233 
1.35 0.65 -0.240457 0.47958 
1.4 0.65 -0.242928 0.439553 
1.45 0.65 -0.236786 0.398014 
1.5 0.65 -0.22213 0.356051 
1.55 0.65 -0.199334 0.315093 
1.6 0.65 -0.16907 0.276981 
1.65 0.65 -0.132326 0.243913 
1.7 0.65 -0.0903985 0.218233 
1.75 0.65 -0.0448696 0.202069 
1.8 0.65 0.00246681 0.196908 
1.85 0.65 0.0497036 0.203251 
1.9 0.65 0.0949398 0.220484 
1.95 0.65 0.136399 0.247037 
2 0.65 0.172527 0.280737 
2.05 0.65 0.202057 0.319243 
2.1 0.65 0.224035 0.360385 
2.15 0.65 0.23782 0.402367 
2.2 0.65 0.243067 0.443798 
2.25 0.65 0.239704 0.483619 
2.3 0.65 0.227913 0.520985 
2.35 0.65 0.208123 0.55514 
2.4 0.65 0.181004 0.58533 
2.45 0.65 0.147469 0.610771 
2.5 0.65 0.108662 0.630669 
2.55 0.65 0.0659392 0.644297 
2.6 0.65 0.0208247 0.651095 
2.65 0.65 -0.0250473 0.650763 
2.7 0.65 -0.0700074 0.643314 
2.75 0.65 -0.112429 0.629077 
2.8 0.65 -0.150799 0.608631 
2.85 0.65 -0.183783 0.582715 
2.9 0.65 -0.210254 0.552121 
2.95 0.65 -0.229322 0.517633 
3 0.65 -0.24034 0.480002 
3.05 0.65 -0.242902 0.439989 
3.1 0.65 -0.236847 0.398455 
3.15 0.65 -0.222275 0.356483 
3.2 0.65 -0.199555 0.315503 
3.25 0.65 -0.169358 0.277351 
3.3 0.65 -0.132668 0.244223 
3.35 0.65 -0.0907817 0.218463 
3.4 0.65 -0.0452777 0.202206 
3.45 0.65 0.00205059 0.196945 
3.5 0.65 0.0492956 0.20319 
3.55 0.65 0.094555 0.220338 
3.6 0.65 0.13605 0.246824 
3.65 0.65 0.172225 0.280479 
3.7 0.65 0.201808 0.318959 
3.75 0.65 0.223843 0.360094 
3.8 0.65 0.237686 0.402081 
3.85 0.65 0.242991 0.443525 
3.9 0.65 0.239683 0.483366 
3.95 0.65 0.227942 0.520755 
4 0.65 0.208197 0.554937 
4.05 0.65 0.181117 0.585155 
4.1 0.65 0.147614 0.610625 
4.15 0.65 0.108832 0.630551 
4.2 0.65 0.0661285 0.644207 
4.25 0.65 0.0210292 0.651027 
4.3 0.65 -0.0248293 0.650708 
4.35 0.65 -0.0697736 0.64326 
4.4 0.65 -0.112172 0.629008 
4.45 0.65 -0.150506 0.608527 
4.5 0.65 -0.18343 0.58255 
4.55 0.65 -0.209813 0.551871 
4.6 0.65 -0.228754 0.517271 
4.65 0.65 -0.239598 0.479505 
4.7 0.65 -0.241932 0.439342 
4.75 0.65 -0.235596 0.397657 
4.8 0.65 -0.220688 0.35556 
4.85 0.65 -0.197593 0.314512 
4.9 0.65 -0.167004 0.276389 
4.95 0.65 -0.129947 0.243423 
5 0.65 -0.0877813 0.217973 
0 0.7 -0.111933 0.219574 
0.05 0.7 -0.0758391 0.194961 
0.1 0.7 -0.0366966 0.179581 
0.15 0.7 0.00397079 0.174866 
0.2 0.7 0.0445205 0.181274 
0.25 0.7 0.0833062 0.198169 
0.3 0.7 0.118789 0.223982 
0.35 0.7 0.149626 0.256564 
0.4 0.7 0.174733 0.29361 
0.45 0.7 0.193301 0.332995 
0.5 0.7 0.204801 0.372956 
0.55 0.7 0.208959 0.412128 
0.6 0.7 0.205741 0.449479 
0.65 0.7 0.195326 0.484201 
0.7 0.7 0.178103 0.515609 
0.75 0.7 0.154665 0.543064 
0.8 0.7 0.125801 0.565946 
0.85 0.7 0.0924942 0.583659 
0.9 0.7 0.0558976 0.595677 
0.95 0.7 0.0173013 0.601606 
1 0.7 -0.0219166 0.601238 
1.05 0.7 -0.0603501 0.594584 
1.1 0.7 -0.0966279 0.581876 
1.15 0.7 -0.129473 0.563526 
1.2 0.7 -0.157747 0.540069 
1.25 0.7 -0.18049 0.512103 
1.3 0.7 -0.196929 0.48025 
1.35 0.7 -0.206493 0.44515 
1.4 0.7 -0.208813 0.407497 
1.45 0.7 -0.203728 0.368119 
1.5 0.7 -0.191297 0.328087 
1.55 0.7 -0.171817 0.288815 
1.6 0.7 -0.145847 0.252125 
1.65 0.7 -0.114225 0.220188 
1.7 0.7 -0.0780719 0.195326 
1.75 0.7 -0.0387632 0.179651 
1.8 0.7 0.00213148 0.174643 
1.85 0.7 0.0429386 0.180798 
1.9 0.7 0.0819908 0.197508 
1.95 0.7 0.117734 0.223208 
2 0.7 0.148818 0.255747 
2.05 0.7 0.17415 0.292803 
2.1 0.7 0.19292 0.332233 
2.15 0.7 0.204598 0.37226 
2.2 0.7 0.208912 0.411507 
2.25 0.7 0.205826 0.448934 
2.3 0.7 0.195525 0.483731 
2.35 0.7 0.178397 0.515213 
2.4 0.7 0.155036 0.542743 
2.45 0.7 0.126231 0.565699 
2.5 0.7 0.092967 0.583487 
2.55 0.7 0.0563955 0.595582 
2.6 0.7 0.0178072 0.601588 
2.65 0.7 -0.0214196 0.601294 
2.7 0.7 -0.0598777 0.594711 
2.75 0.7 -0.0961945 0.582068 
2.8 0.7 -0.12909 0.563775 
2.85 0.7 -0.157427 0.540367 
2.9 0.7 -0.180238 0.512442 
2.95 0.7 -0.196751 0.480621 
3 0.7 -0.206392 0.445545 
3.05 0.7 -0.20879 0.407907 
3.1 0.7 -0.203781 0.368536 
3.15 0.7 -0.191422 0.328498 
3.2 0.7 -0.172008 0.289206 
3.25 0.7 -0.146095 0.252478 
3.3 0.7 -0.114521 0.220484 
3.35 0.7 -0.0784031 0.195546 
3.4 0.7 -0.0391159 0.179781 
3.45 0.7 0.00177174 0.174675 
3.5 0.7 0.0425863 0.180736 
3.55 0.7 0.081659 0.197362 
3.6 0.7 0.117434 0.222999 
3.65 0.7 0.148558 0.255494 
3.7 0.7 0.173937 0.292526 
3.75 0.7 0.192756 0.33195 
3.8 0.7 0.204485 0.371983 
3.85 0.7 0.208847 0.411244 
3.9 0.7 0.205808 0.448691 
3.95 0.7 0.195549 0.483512 
4 0.7 0.178458 0.515019 
4.05 0.7 0.155127 0.542574 
4.1 0.7 0.126349 0.565556 
4.15 0.7 0.0931034 0.583367 
4.2 0.7 0.0565461 0.595482 
4.25 0.7 0.0179683 0.601499 
4.3 0.7 -0.0212489 0.601208 
4.35 0.7 -0.059695 0.594615 
4.4 0.7 -0.0959924 0.581943 
4.45 0.7 -0.128856 0.563602 
4.5 0.7 -0.157139 0.540121 
4.55 0.7 -0.179869 0.512097 
4.6 0.7 -0.196265 0.480153 
4.65 0.7 -0.205746 0.444931 
4.7 0.7 -0.207936 0.407135 
4.75 0.7 -0.202668 0.367608 
4.8 0.7 -0.190005 0.327443 
4.85 0.7 -0.170253 0.288087 
4.9 0.7 -0.143991 0.251395 
4.95 0.7 -0.112093 0.219574 
5 0.7 -0.0757302 0.194961 
0 0.75 -0.0905662 0.191789 
0.05 0.75 -0.0613703 0.16923 
0.1 0.75 -0.0296766 0.155137 
0.15 0.75 0.00326142 0.150832 
0.2 0.75 0.0360949 0.156736 
0.25 0.75 0.0674739 0.172257 
0.3 0.75 0.0961405 0.195937 
0.35 0.75 0.121004 0.225787 
0.4 0.75 0.14119 0.259671 
0.45 0.75 0.156057 0.29562 
0.5 0.75 0.165193 0.331996 
0.55 0.75 0.168398 0.367527 
0.6 0.75 0.165662 0.40125 
0.65 0.75 0.157149 0.432419 
0.7 0.75 0.143188 0.460426 
0.75 0.75 0.124264 0.484732 
0.8 0.75 0.101019 0.504844 
0.85 0.75 0.0742424 0.52031 
0.9 0.75 0.0448543 0.530749 
0.95 0.75 0.0138806 0.535882 
1 0.75 -0.0175859 0.535563 
1.05 0.75 -0.0484307 0.529801 
1.1 0.75 -0.0775661 0.518757 
1.15 0.75 -0.103976 0.502721 
1.2 0.75 -0.126752 0.482086 
1.25 0.75 -0.145121 0.457304 
1.3 0.75 -0.158455 0.428874 
1.35 0.75 -0.166284 0.397339 
1.4 0.75 -0.168295 0.363319 
1.45 0.75 -0.16434 0.32758 
1.5 0.75 -0.154445 0.291122 
1.55 0.75 -0.138831 0.255265 
1.6 0.75 -0.117934 0.2217 
1.65 0.75 -0.0924217 0.192442 
1.7 0.75 -0.0631996 0.169642 
1.75 0.75 -0.0313881 0.155257 
1.8 0.75 0.00172625 0.15066 
1.85 0.75 0.0347687 0.15631 
1.9 0.75 0.0663695 0.171643 
1.95 0.75 0.0952561 0.195211 
2 0.75 0.120328 0.225016 
2.05 0.75 0.140705 0.25891 
2.1 0.75 0.155742 0.294905 
2.15 0.75 0.165027 0.331346 
2.2 0.75 0.16836 0.366951 
2.25 0.75 0.165734 0.400749 
2.3 0.75 0.157313 0.431993 
2.35 0.75 0.143428 0.460072 
2.4 0.75 0.124566 0.484449 
2.45 0.75 0.101368 0.504629 
2.5 0.75 0.0746243 0.520164 
2.55 0.75 0.0452554 0.530671 
2.6 0.75 0.0142873 0.535871 
2.65 0.75 -0.0171869 0.535617 
2.7 0.75 -0.0480519 0.529916 
2.75 0.75 -0.0772187 0.518927 
2.8 0.75 -0.10367 0.502942 
2.85 0.75 -0.126495 0.482351 
2.9 0.75 -0.144919 0.457606 
2.95 0.75 -0.158312 0.429207 
3 0.75 -0.166203 0.397694 
3.05 0.75 -0.168276 0.36369 
3.1 0.75 -0.164382 0.327958 
3.15 0.75 -0.154545 0.291496 
3.2 0.75 -0.138985 0.255621 
3.25 0.75 -0.118135 0.222021 
3.3 0.75 -0.0926613 0.192711 
3.35 0.75 -0.0634679 0.169841 
3.4 0.75 -0.0316739 0.155374 
3.45 0.75 0.00143488 0.150687 
3.5 0.75 0.0344836 0.15625 
3.55 0.75 0.0661015 0.171508 
3.6 0.75 0.0950143 0.195016 
3.65 0.75 0.120119 0.224782 
3.7 0.75 0.140534 0.258654 
3.75 0.75 0.155611 0.294643 
3.8 0.75 0.164937 0.331091 
3.85 0.75 0.168309 0.36671 
3.9 0.75 0.16572 0.400526 
3.95 0.75 0.157332 0.431792 
4 0.75 0.143475 0.459894 
4.05 0.75 0.124636 0.484292 
4.1 0.75 0.101457 0.504493 
4.15 0.75 0.0747269 0.520046 
4.2 0.75 0.0453672 0.530566 
4.25 0.75 0.0144054 0.535771 
4.3 0.75 -0.0170632 0.535511 
4.35 0.75 -0.0479202 0.529791 
4.4 0.75 -0.0770726 0.518767 
4.45 0.75 -0.103498 0.502727 
4.5 0.75 -0.12628 0.482058 
4.55 0.75 -0.144636 0.457212 
4.6 0.75 -0.157931 0.428689 
4.65 0.75 -0.165687 0.397033 
4.7 0.75 -0.167585 0.362875 
4.75 0.75 -0.163474 0.326996 
4.8 0.75 -0.153384 0.290417 
4.85 0.75 -0.137546 0.254486 
4.9 0.75 -0.116413 0.220929 
4.95 0.75 -0.0906813 0.191789 
5 0.75 -0.0612921 0.16923 
0 0.8 -0.0671151 0.159846 
0.05 0.8 -0.045487 0.140537 
0.1 0.8 -0.0219897 0.128484 
0.15 0.8 0.00243138 0.124813 
0.2 0.8 0.0267646 0.12988 
0.25 0.8 0.0499995 0.143176 
0.3 0.8 0.0711967 0.163454 
0.35 0.8 0.0895463 0.18901 
0.4 0.8 0.104404 0.218013 
0.45 0.8 0.115305 0.248769 
0.5 0.8 0.121956 0.279862 
0.55 0.8 0.124223 0.310185 
0.6 0.8 0.122113 0.338897 
0.65 0.8 0.115759 0.365352 
0.7 0.8 0.10541 0.389031 
0.75 0.8 0.0914302 0.409493 
0.8 0.8 0.0742951 0.426348 
0.85 0.8 0.0545838 0.439257 
0.9 0.8 0.0329698 0.447942 
0.95 0.8 0.0102013 0.452203 
1 0.8 -0.012926 0.451938 
1.05 0.8 -0.0356008 0.447154 
1.1 0.8 -0.0570309 0.437962 
1.15 0.8 -0.076475 0.424571 
1.2 0.8 -0.0932685 0.407267 
1.25 0.8 -0.106842 0.386393 
1.3 0.8 -0.116732 0.362343 
1.35 0.8 -0.122584 0.335563 
1.4 0.8 -0.12416 0.306586 
1.45 0.8 -0.121337 0.276077 
1.5 0.8 -0.114121 0.244908 
1.55 0.8 -0.102663 0.214227 
1.6 0.8 -0.087271 0.185497 
1.65 0.8 -0.0684332 0.160452 
1.7 0.8 -0.0468173 0.140935 
1.75 0.8 -0.0232584 0.128623 
1.8 0.8 0.00127937 0.124688 
1.85 0.8 0.0257632 0.129524 
1.9 0.8 0.0491638 0.142649 
1.95 0.8 0.0705282 0.162823 
2 0.8 0.089037 0.188337 
2.05 0.8 0.104041 0.217348 
2.1 0.8 0.115071 0.248144 
2.15 0.8 0.121834 0.279295 
2.2 0.8 0.124198 0.309685 
2.25 0.8 0.12217 0.338466 
2.3 0.8 0.115883 0.364988 
2.35 0.8 0.10559 0.388732 
2.4 0.8 0.0916552 0.409255 
2.45 0.8 0.0745539 0.42617 
2.5 0.8 0.0548662 0.439138 
2.55 0.8 0.0332657 0.44788 
2.6 0.8 0.0105006 0.452197 
2.65 0.8 -0.0126328 0.451986 
2.7 0.8 -0.0353227 0.447252 
2.75 0.8 -0.056776 0.438107 
2.8 0.8 -0.0762504 0.424758 
2.85 0.8 -0.0930799 0.407491 
2.9 0.8 -0.106694 0.386649 
2.95 0.8 -0.116627 0.362625 
3 0.8 -0.122525 0.335866 
3.05 0.8 -0.124146 0.306903 
3.1 0.8 -0.121368 0.2764 
3.15 0.8 -0.114196 0.245227 
3.2 0.8 -0.102777 0.214531 
3.25 0.8 -0.0874199 0.185772 
3.3 0.8 -0.0686109 0.160681 
3.35 0.8 -0.0470163 0.141105 
3.4 0.8 -0.0234704 0.128722 
3.45 0.8 0.00106344 0.12471 
3.5 0.8 0.0255521 0.129472 
3.55 0.8 0.0489658 0.142531 
3.6 0.8 0.07035 0.162654 
3.65 0.8 0.0888838 0.188135 
3.7 0.8 0.103916 0.217127 
3.75 0.8 0.114976 0.247918 
3.8 0.8 0.121769 0.279075 
3.85 0.8 0.124162 0.309476 
3.9 0.8 0.12216 0.338273 
3.95 0.8 0.115897 0.364813 
4 0.8 0.105624 0.388576 
4.05 0.8 0.0917053 0.409118 
4.1 0.8 0.0746163 0.426049 
4.15 0.8 0.054937 0.43903 
4.2 0.8 0.0333415 0.447779 
4.25 0.8 0.0105794 0.452096 
4.3 0.8 -0.0125517 0.451876 
4.35 0.8 -0.0352375 0.44712 
4.4 0.8 -0.0566818 0.437939 
4.45 0.8 -0.0761381 0.424536 
4.5 0.8 -0.0929361 0.407195 
4.55 0.8 -0.1065 0.38626 
4.6 0.8 -0.116359 0.362122 
4.65 0.8 -0.122155 0.335235 
4.7 0.8 -0.123644 0.306136 
4.75 0.8 -0.120702 0.275506 
4.8 0.8 -0.11334 0.244236 
4.85 0.8 -0.101717 0.2135 
4.9 0.8 -0.0861583 0.184785 
4.95 0.8 -0.0671728 0.159846 
5 0.8 -0.0454475 0.140537 
0 0.85 -0.0435278 0.12396 
0.05 0.85 -0.0294982 0.108895 
0.1 0.85 -0.0142572 0.099506 
0.15 0.85 0.00157333 0.0966542 
0.2 0.85 0.0173354 0.100608 
0.25 0.85 0.0323709 0.110975 
0.3 0.85 0.0460685 0.126792 
0.35 0.85 0.0579031 0.146742 
0.4 0.85 0.067461 0.169402 
0.45 0.85 0.0744475 0.193447 
0.5 0.85 0.0786822 0.217762 
0.55 0.85 0.0800875 0.241469 
0.6 0.85 0.0786754 0.263897 
0.65 0.85 0.0745377 0.284531 
0.7 0.85 0.06784 0.302962 
0.75 0.85 0.0588189 0.318851 
0.8 0.85 0.0477799 0.331906 
0.85 0.85 0.0350949 0.341881 
0.9 0.85 0.0211946 0.348579 
0.95 0.85 0.00655722 0.351861 
1 0.85 -0.00830929 0.351657 
1.05 0.85 -0.022887 0.347971 
1.1 0.85 -0.0366701 0.340881 
1.15 0.85 -0.0491847 0.33053 
1.2 0.85 -0.0600057 0.317123 
1.25 0.85 -0.0687676 0.300909 
1.3 0.85 -0.0751714 0.282183 
1.35 0.85 -0.0789871 0.261291 
1.4 0.85 -0.0800555 0.238651 
1.45 0.85 -0.0782916 0.214795 
1.5 0.85 -0.0736911 0.19042 
1.55 0.85 -0.0663413 0.166435 
1.6 0.85 -0.0564345 0.143992 
1.65 0.85 -0.0442796 0.124446 
1.7 0.85 -0.0303072 0.109229 
1.75 0.85 -0.0150607 0.0996363 
1.8 0.85 0.000828585 0.0965716 
1.85 0.85 0.0166824 0.100338 
1.9 0.85 0.0318251 0.110565 
1.95 0.85 0.0456327 0.126296 
2 0.85 0.0575727 0.14621 
2.05 0.85 0.0672269 0.168874 
2.1 0.85 0.0742986 0.192951 
2.15 0.85 0.0786071 0.217313 
2.2 0.85 0.080075 0.241074 
2.25 0.85 0.0787154 0.263558 
2.3 0.85 0.0746212 0.284246 
2.35 0.85 0.0679589 0.302729 
2.4 0.85 0.0589657 0.318667 
2.45 0.85 0.0479479 0.33177 
2.5 0.85 0.0352775 0.341791 
2.55 0.85 0.0213854 0.348534 
2.6 0.85 0.00674979 0.351859 
2.65 0.85 -0.00812095 0.351696 
2.7 0.85 -0.0227086 0.348049 
2.75 0.85 -0.0365067 0.340994 
2.8 0.85 -0.0490409 0.330677 
2.85 0.85 -0.059885 0.317298 
2.9 0.85 -0.068673 0.301109 
2.95 0.85 -0.0751047 0.282403 
3 0.85 -0.0789494 0.261527 
3.05 0.85 -0.0800472 0.238898 
3.1 0.85 -0.0783122 0.215048 
3.15 0.85 -0.0737395 0.190669 
3.2 0.85 -0.0664153 0.166673 
3.25 0.85 -0.056531 0.144207 
3.3 0.85 -0.0443947 0.124625 
3.35 0.85 -0.0304362 0.109361 
3.4 0.85 -0.0151981 0.099713 
3.45 0.85 0.000688781 0.0965886 
3.5 0.85 0.016546 0.100297 
3.55 0.85 0.0316973 0.110473 
3.6 0.85 0.0455181 0.126164 
3.65 0.85 0.0574745 0.146051 
3.7 0.85 0.0671472 0.168701 
3.75 0.85 0.0742384 0.192773 
3.8 0.85 0.0785662 0.217139 
3.85 0.85 0.0800526 0.240909 
3.9 0.85 0.0787098 0.263405 
3.95 0.85 0.0746304 0.284108 
4 0.85 0.0679805 0.302605 
4.05 0.85 0.0589971 0.318557 
4.1 0.85 0.0479863 0.331671 
4.15 0.85 0.0353203 0.341701 
4.2 0.85 0.0214304 0.348448 
4.25 0.85 0.00679542 0.351771 
4.3 0.85 -0.00807516 0.351599 
4.35 0.85 -0.0226615 0.347931 
4.4 0.85 -0.0364552 0.340845 
4.45 0.85 -0.048979 0.330481 
4.5 0.85 -0.0598038 0.317041 
4.55 0.85 -0.06856 0.300775 
4.6 0.85 -0.0749442 0.281978 
4.65 0.85 -0.0787226 0.260999 
4.7 0.85 -0.0797335 0.238263 
4.75 0.85 -0.0778917 0.214315 
4.8 0.85 -0.0731965 0.189865 
4.85 0.85 -0.0657442 0.165843 
4.9 0.85 -0.0557419 0.14342 
4.95 0.85 -0.0435165 0.12396 
5 0.85 -0.0295056 0.108895 
0 0.9 -0.022306 0.0847245 
0.05 0.9 -0.0150879 0.0745475 
0.1 0.9 -0.00728463 0.0682223 
0.15 0.9 0.000797679 0.0663059 
0.2 0.9 0.00883355 0.0689715 
0.25 0.9 0.0164897 0.0759593 
0.3 0.9 0.0234539 0.0866328 
0.35 0.9 0.0294585 0.100117 
0.4 0.9 0.034295 0.11546 
0.45 0.9 0.0378172 0.131768 
0.5 0.9 0.0399383 0.148279 
0.55 0.9 0.0406237 0.164388 
0.6 0.9 0.0398836 0.17963 
0.65 0.9 0.0377673 0.193646 
0.7 0.9 0.03436 0.206154 
0.75 0.9 0.0297819 0.216924 
0.8 0.9 0.0241871 0.225762 
0.85 0.9 0.017763 0.232506 
0.9 0.9 0.0107265 0.23703 
0.95 0.9 0.0033184 0.239245 
1 0.9 -0.00420524 0.239107 
1.05 0.9 -0.0115834 0.236619 
1.1 0.9 -0.018561 0.23183 
1.15 0.9 -0.0248994 0.224831 
1.2 0.9 -0.0303846 0.215753 
1.25 0.9 -0.0348325 0.20476 
1.3 0.9 -0.0380919 0.19205 
1.35 0.9 -0.0400461 0.177857 
1.4 0.9 -0.0406127 0.162471 
1.45 0.9 -0.0397457 0.146261 
1.5 0.9 -0.0374387 0.129711 
1.55 0.9 -0.0337309 0.113448 
1.6 0.9 -0.0287153 0.0982557 
1.65 0.9 -0.0225454 0.0850486 
1.7 0.9 -0.0154392 0.0747842 
1.75 0.9 -0.0076748 0.0683222 
1.8 0.9 0.000422313 0.0662591 
1.85 0.9 0.00850105 0.0687949 
1.9 0.9 0.0162118 0.0756846 
1.95 0.9 0.0232331 0.0862974 
2 0.9 0.0292924 0.0997557 
2.05 0.9 0.0341785 0.115101 
2.1 0.9 0.0377444 0.131429 
2.15 0.9 0.0399031 0.147972 
2.2 0.9 0.0406201 0.164118 
2.25 0.9 0.0399063 0.179397 
2.3 0.9 0.0378115 0.193451 
2.35 0.9 0.0344218 0.205995 
2.4 0.9 0.0298574 0.216799 
2.45 0.9 0.024273 0.22567 
2.5 0.9 0.017856 0.232446 
2.55 0.9 0.0108233 0.237 
2.6 0.9 0.00341587 0.239244 
2.65 0.9 -0.00411008 0.239135 
2.7 0.9 -0.0114933 0.236673 
2.75 0.9 -0.0184787 0.231907 
2.8 0.9 -0.0248271 0.22493 
2.85 0.9 -0.030324 0.215872 
2.9 0.9 -0.034785 0.204896 
2.95 0.9 -0.0380585 0.1922 
3 0.9 -0.0400274 0.178018 
3.05 0.9 -0.0406088 0.162639 
3.1 0.9 -0.0397565 0.146433 
3.15 0.9 -0.0374634 0.129881 
3.2 0.9 -0.0337686 0.113609 
3.25 0.9 -0.0287645 0.0984008 
3.3 0.9 -0.0226042 0.0851697 
3.35 0.9 -0.015505 0.0748736 
3.4 0.9 -0.00774483 0.068374 
3.45 0.9 0.000351096 0.0662707 
3.5 0.9 0.00843167 0.0687674 
3.55 0.9 0.016147 0.0756227 
3.6 0.9 0.0231751 0.0862085 
3.65 0.9 0.029243 0.0996483 
3.7 0.9 0.0341387 0.114983 
3.75 0.9 0.0377145 0.131308 
3.8 0.9 0.039883 0.147853 
3.85 0.9 0.0406094 0.164005 
3.9 0.9 0.039904 0.179293 
3.95 0.9 0.0378166 0.193356 
4 0.9 0.0344328 0.20591 
4.05 0.9 0.0298731 0.216723 
4.1 0.9 0.0242918 0.225601 
4.15 0.9 0.0178765 0.232382 
4.2 0.9 0.0108444 0.236938 
4.25 0.9 0.00343661 0.23918 
4.3 0.9 -0.00409003 0.239062 
4.35 0.9 -0.0114735 0.236586 
4.4 0.9 -0.0184575 0.231797 
4.45 0.9 -0.0248015 0.224787 
4.5 0.9 -0.0302895 0.215686 
4.55 0.9 -0.0347351 0.204656 
4.6 0.9 -0.0379851 0.191897 
4.65 0.9 -0.0399204 0.177644 
4.7 0.9 -0.0404575 0.162194 
4.75 0.9 -0.0395504 0.145923 
4.8 0.9 -0.0371955 0.129326 
4.85 0.9 -0.0334388 0.113044 
4.9 0.9 -0.0283869 0.0978714 
4.95 0.9 -0.0222139 0.0847245 
5 0.9 -0.0151501 0.0745475 
0 0.95 -0.00658985 0.0430334 
0.05 0.95 -0.00437435 0.0379749 
0.1 0.95 -0.00209815 0.034847 
0.15 0.95 0.000227837 0.0339017 
0.2 0.95 0.00253275 0.0352206 
0.25 0.95 0.00472534 0.0386794 
0.3 0.95 0.00671604 0.0439712 
0.35 0.95 0.00842811 0.0506715 
0.4 0.95 0.00980255 0.0583142 
0.45 0.95 0.0107991 0.0664558 
0.5 0.95 0.0113949 0.0747149 
0.55 0.95 0.0115817 0.0827844 
0.6 0.95 0.0113638 0.0904259 
0.65 0.95 0.0107558 0.0974555 
0.7 0.95 0.00978238 0.103729 
0.75 0.95 0.0084773 0.109128 
0.8 0.95 0.00688404 0.113557 
0.85 0.95 0.0050554 0.116935 
0.9 0.95 0.00305276 0.1192 
0.95 0.95 0.000944422 0.120309 
1 0.95 -0.00119679 0.12024 
1.05 0.95 -0.00329662 0.118995 
1.1 0.95 -0.00528258 0.116596 
1.15 0.95 -0.00708699 0.11309 
1.2 0.95 -0.0086493 0.108541 
1.25 0.95 -0.00991762 0.103029 
1.3 0.95 -0.0108494 0.0966543 
1.35 0.95 -0.0114116 0.0895358 
1.4 0.95 -0.0115805 0.0818224 
1.45 0.95 -0.0113422 0.0737039 
1.5 0.95 -0.0106935 0.0654273 
1.55 0.95 -0.00964375 0.0573103 
1.6 0.95 -0.00821763 0.0497458 
1.65 0.95 -0.00645755 0.0431859 
1.7 0.95 -0.0044252 0.038099 
1.75 0.95 -0.00220072 0.0349019 
1.8 0.95 0.000121121 0.0338822 
1.85 0.95 0.00243758 0.0351357 
1.9 0.95 0.00464638 0.0385448 
1.95 0.95 0.00665397 0.0438055 
2 0.95 0.00838201 0.0504919 
2.05 0.95 0.0097708 0.0581344 
2.1 0.95 0.0107798 0.0662857 
2.15 0.95 0.0113862 0.0745602 
2.2 0.95 0.0115818 0.0826479 
2.25 0.95 0.0113711 0.0903086 
2.3 0.95 0.0107692 0.0973572 
2.35 0.95 0.00980049 0.103649 
2.4 0.95 0.00849917 0.109066 
2.45 0.95 0.00690871 0.113511 
2.5 0.95 0.00508197 0.116905 
2.55 0.95 0.00308034 0.119185 
2.6 0.95 0.000972135 0.120309 
2.65 0.95 -0.00116979 0.120254 
2.7 0.95 -0.00327112 0.119021 
2.75 0.95 -0.0052593 0.116635 
2.8 0.95 -0.00706656 0.11314 
2.85 0.95 -0.00863222 0.108601 
2.9 0.95 -0.00990427 0.103097 
2.95 0.95 -0.01084 0.0967296 
3 0.95 -0.0114064 0.0896166 
3.05 0.95 -0.0115795 0.0819069 
3.1 0.95 -0.0113453 0.0737899 
3.15 0.95 -0.0107006 0.0655121 
3.2 0.95 -0.00965459 0.0573907 
3.25 0.95 -0.00823176 0.0498181 
3.3 0.95 -0.00647441 0.0432461 
3.35 0.95 -0.00444409 0.0381435 
3.4 0.95 -0.00222081 0.0349278 
3.45 0.95 0.000100712 0.0338881 
3.5 0.95 0.00241774 0.0351223 
3.55 0.95 0.00462791 0.0385144 
3.6 0.95 0.00663753 0.0437615 
3.65 0.95 0.00836808 0.0504386 
3.7 0.95 0.00975964 0.0580759 
3.75 0.95 0.0107716 0.0662253 
3.8 0.95 0.0113807 0.0745008 
3.85 0.95 0.011579 0.0825914 
3.9 0.95 0.0113707 0.090256 
3.95 0.95 0.0107708 0.0973092 
4 0.95 0.00980376 0.103605 
4.05 0.95 0.00850366 0.109027 
4.1 0.95 0.00691399 0.113476 
4.15 0.95 0.00508761 0.116872 
4.2 0.95 0.00308595 0.119153 
4.25 0.95 0.000977429 0.120275 
4.3 0.95 -0.00116495 0.120216 
4.35 0.95 -0.00326664 0.118976 
4.4 0.95 -0.00525479 0.116577 
4.45 0.95 -0.00706119 0.113066 
4.5 0.95 -0.0086247 0.108504 
4.55 0.95 -0.00989275 0.102974 
4.6 0.95 -0.0108221 0.096574 
4.65 0.95 -0.0113791 0.089426 
4.7 0.95 -0.0115395 0.081681 
4.75 0.95 -0.0112895 0.0735331 
4.8 0.95 -0.0106268 0.0652351 
4.85 0.95 -0.00956384 0.0571114 
4.9 0.95 -0.00813427 0.0495607 
4.95 0.95 -0.00640531 0.0430334 
5 0.95 -0.00449992 0.0379749 
0 1 0 0 
0.05 1 0 0 
0.1 1 0 0 
0.15 1 0 0 
0.2 1 0 0 
0.25 1 0 0 
0.3 1 0 0 
0.35 1 0 0 
0.4 1 0 0 
0.45 1 0 0 
0.5 1 0 0 
0.55 1 0 0 
0.6 1 0 0 
0.65 1 0 0 
0.7 1 0 0 
0.75 1 0 0 
0.8 1 0 0 
0.85 1 0 0 
0.9 1 0 0 
0.95 1 0 0 
1 1 0 0 
1.05 1 0 0 
1.1 1 0 0 
1.15 1 0 0 
1.2 1 0 0 
1.25 1 0 0 
1.3 1 0 0 
1.35 1 0 0 
1.4 1 0 0 
1.45 1 0 0 
1.5 1 0 0 
1.55 1 0 0 
1.6 1 0 0 
1.65 1 0 0 
1.7 1 0 0 
1.75 1 0 0 
1.8 1 0 0 
1.85 1 0 0 
1.9 1 0 0 
1.95 1 0 0 
2 1 0 0 
2.05 1 0 0 
2.1 1 0 0 
2.15 1 0 0 
2.2 1 0 0 
2.25 1 0 0 
2.3 1 0 0 
2.35 1 0 0 
2.4 1 0 0 
2.45 1 0 0 
2.5 1 0 0 
2.55 1 0 0 
2.6 1 0 0 
2.65 1 0 0 
2.7 1 0 0 
2.75 1 0 0 
2.8 1 0 0 
2.85 1 0 0 
2.9 1 0 0 
2.95 1 0 0 
3 1 0 0 
3.05 1 0 0 
3.1 1 0 0 
3.15 1 0 0 
3.2 1 0 0 
3.25 1 0 0 
3.3 1 0 0 
3.35 1 0 0 
3.4 1 0 0 
3.45 1 0 0 
3.5 1 0 0 
3.55 1 0 0 
3.6 1 0 0 
3.65 1 0 0 
3.7 1 0 0 
3.75 1 0 0 
3.8 1 0 0 
3.85 1 0 0 
3.9 1 0 0 
3.95 1 0 0 
4 1 0 0 
4.05 1 0 0 
4.1 1 0 0 
4.15 1 0 0 
4.2 1 0 0 
4.25 1 0 0 
4.3 1 0 0 
4.35 1 0 0 
4.4 1 0 0 
4.45 1 0 0 
4.5 1 0 0 
4.55 1 0 0 
4.6 1 0 0 
4.65 1 0 0 
4.7 1 0 0 
4.75 1 0 0 
4.8 1 0 0 
4.85 1 0 0 
4.9 1 0 0 
4.95 1 0 0 
5 1 0 0 
