x, y, ksi, T
#iter= 1400000
0 0 0 1 
0.05 0 0 1 
0.1 0 0 1 
0.15 0 0 1 
0.2 0 0 1 
0.25 0 0 1 
0.3 0 0 1 
0.35 0 0 1 
0.4 0 0 1 
0.45 0 0 1 
0.5 0 0 1 
0.55 0 0 1 
0.6 0 0 1 
0.65 0 0 1 
0.7 0 0 1 
0.75 0 0 1 
0.8 0 0 1 
0.85 0 0 1 
0.9 0 0 1 
0.95 0 0 1 
1 0 0 1 
1.05 0 0 1 
1.1 0 0 1 
1.15 0 0 1 
1.2 0 0 1 
1.25 0 0 1 
1.3 0 0 1 
1.35 0 0 1 
1.4 0 0 1 
1.45 0 0 1 
1.5 0 0 1 
1.55 0 0 1 
1.6 0 0 1 
1.65 0 0 1 
1.7 0 0 1 
1.75 0 0 1 
1.8 0 0 1 
1.85 0 0 1 
1.9 0 0 1 
1.95 0 0 1 
2 0 0 1 
2.05 0 0 1 
2.1 0 0 1 
2.15 0 0 1 
2.2 0 0 1 
2.25 0 0 1 
2.3 0 0 1 
2.35 0 0 1 
2.4 0 0 1 
2.45 0 0 1 
2.5 0 0 1 
2.55 0 0 1 
2.6 0 0 1 
2.65 0 0 1 
2.7 0 0 1 
2.75 0 0 1 
2.8 0 0 1 
2.85 0 0 1 
2.9 0 0 1 
2.95 0 0 1 
3 0 0 1 
3.05 0 0 1 
3.1 0 0 1 
3.15 0 0 1 
3.2 0 0 1 
3.25 0 0 1 
3.3 0 0 1 
3.35 0 0 1 
3.4 0 0 1 
3.45 0 0 1 
3.5 0 0 1 
3.55 0 0 1 
3.6 0 0 1 
3.65 0 0 1 
3.7 0 0 1 
3.75 0 0 1 
3.8 0 0 1 
3.85 0 0 1 
3.9 0 0 1 
3.95 0 0 1 
4 0 0 1 
4.05 0 0 1 
4.1 0 0 1 
4.15 0 0 1 
4.2 0 0 1 
4.25 0 0 1 
4.3 0 0 1 
4.35 0 0 1 
4.4 0 0 1 
4.45 0 0 1 
4.5 0 0 1 
4.55 0 0 1 
4.6 0 0 1 
4.65 0 0 1 
4.7 0 0 1 
4.75 0 0 1 
4.8 0 0 1 
4.85 0 0 1 
4.9 0 0 1 
4.95 0 0 1 
5 0 0 1 
0 0.05 -0.00648442 0.884751 
0.05 0.05 -0.00439168 0.881729 
0.1 0.05 -0.00220799 0.879958 
0.15 0.05 1.89654e-06 0.879413 
0.2 0.05 0.00218038 0.880079 
0.25 0.05 0.00426365 0.881926 
0.3 0.05 0.00618701 0.884913 
0.35 0.05 0.00788969 0.88898 
0.4 0.05 0.00931776 0.89405 
0.45 0.05 0.0104257 0.900032 
0.5 0.05 0.0111768 0.906817 
0.55 0.05 0.0115437 0.914272 
0.6 0.05 0.011508 0.922229 
0.65 0.05 0.0110615 0.930472 
0.7 0.05 0.0102073 0.93872 
0.75 0.05 0.0089623 0.946615 
0.8 0.05 0.00736003 0.953732 
0.85 0.05 0.00545271 0.959603 
0.9 0.05 0.0033117 0.963777 
0.95 0.05 0.00102529 0.965893 
1 0.05 -0.00130672 0.965757 
1.05 0.05 -0.00358073 0.96338 
1.1 0.05 -0.00569797 0.958983 
1.15 0.05 -0.00757198 0.95294 
1.2 0.05 -0.00913367 0.945709 
1.25 0.05 -0.0103332 0.937756 
1.3 0.05 -0.0111393 0.929498 
1.35 0.05 -0.011537 0.921285 
1.4 0.05 -0.0115249 0.913388 
1.45 0.05 -0.0111128 0.906019 
1.5 0.05 -0.0103208 0.899339 
1.55 0.05 -0.0091783 0.893478 
1.6 0.05 -0.00772408 0.888544 
1.65 0.05 -0.00600647 0.884624 
1.7 0.05 -0.00408279 0.881789 
1.75 0.05 -0.0020182 0.880092 
1.8 0.05 0.000116329 0.879566 
1.85 0.05 0.00224683 0.88022 
1.9 0.05 0.00429949 0.882042 
1.95 0.05 0.00620387 0.884997 
2 0.05 0.00789555 0.889031 
2.05 0.05 0.00931814 0.89407 
2.1 0.05 0.0104244 0.900025 
2.15 0.05 0.0111764 0.906787 
2.2 0.05 0.0115458 0.914223 
2.25 0.05 0.0115137 0.922165 
2.3 0.05 0.0110712 0.930398 
2.35 0.05 0.0102213 0.938641 
2.4 0.05 0.00898043 0.946538 
2.45 0.05 0.00738186 0.953663 
2.5 0.05 0.00547752 0.959549 
2.55 0.05 0.00333857 0.963744 
2.6 0.05 0.0010531 0.965884 
2.65 0.05 -0.00127915 0.965773 
2.7 0.05 -0.00355458 0.963421 
2.75 0.05 -0.00567426 0.959045 
2.8 0.05 -0.00755155 0.953017 
2.85 0.05 -0.00911712 0.945797 
2.9 0.05 -0.0103209 0.937849 
2.95 0.05 -0.0111314 0.929592 
3 0.05 -0.0115334 0.921376 
3.05 0.05 -0.0115255 0.913475 
3.1 0.05 -0.0111174 0.906098 
3.15 0.05 -0.010329 0.899411 
3.2 0.05 -0.00918958 0.893541 
3.25 0.05 -0.00773801 0.888598 
3.3 0.05 -0.00602249 0.884668 
3.35 0.05 -0.0041003 0.881823 
3.4 0.05 -0.00203656 0.880115 
3.45 0.05 9.77785e-05 0.879579 
3.5 0.05 0.00222872 0.880223 
3.55 0.05 0.00428241 0.882036 
3.6 0.05 0.00618833 0.884982 
3.65 0.05 0.007882 0.889008 
3.7 0.05 0.00930692 0.89404 
3.75 0.05 0.0104157 0.899989 
3.8 0.05 0.0111705 0.906746 
3.85 0.05 0.0115428 0.914177 
3.9 0.05 0.0115136 0.922117 
3.95 0.05 0.0110741 0.930349 
4 0.05 0.010227 0.938594 
4.05 0.05 0.00898882 0.946494 
4.1 0.05 0.00739278 0.953627 
4.15 0.05 0.00549068 0.959524 
4.2 0.05 0.00335359 0.963733 
4.25 0.05 0.00106949 0.965893 
4.3 0.05 -0.00126196 0.965803 
4.35 0.05 -0.0035372 0.963475 
4.4 0.05 -0.00565738 0.959122 
4.45 0.05 -0.00753593 0.953119 
4.5 0.05 -0.00910366 0.945921 
4.55 0.05 -0.0103108 0.937995 
4.6 0.05 -0.0111265 0.92976 
4.65 0.05 -0.0115365 0.921564 
4.7 0.05 -0.0115408 0.91368 
4.75 0.05 -0.0111515 0.906317 
4.8 0.05 -0.0103921 0.899633 
4.85 0.05 -0.00929725 0.893753 
4.9 0.05 -0.00791472 0.88877 
4.95 0.05 -0.0063044 0.884751 
5 0.05 -0.00451493 0.881729 
0 0.1 -0.0218788 0.770836 
0.05 0.1 -0.0150368 0.764903 
0.1 0.1 -0.0075967 0.761353 
0.15 0.1 7.31655e-05 0.760247 
0.2 0.1 0.00768825 0.761563 
0.25 0.1 0.0149908 0.765246 
0.3 0.1 0.0217403 0.771205 
0.35 0.1 0.0277168 0.779316 
0.4 0.1 0.032727 0.789426 
0.45 0.1 0.0366081 0.801353 
0.5 0.1 0.0392297 0.814879 
0.55 0.1 0.0404948 0.829743 
0.6 0.1 0.0403411 0.845621 
0.65 0.1 0.0387431 0.862089 
0.7 0.1 0.0357177 0.878595 
0.75 0.1 0.0313308 0.894432 
0.8 0.1 0.0257059 0.908743 
0.85 0.1 0.0190293 0.920577 
0.9 0.1 0.0115508 0.929007 
0.95 0.1 0.00357477 0.933287 
1 0.1 -0.00455697 0.933011 
1.05 0.1 -0.0124906 0.928205 
1.1 0.1 -0.0198879 0.919325 
1.15 0.1 -0.02645 0.907148 
1.2 0.1 -0.0319348 0.892612 
1.25 0.1 -0.0361639 0.876662 
1.3 0.1 -0.0390215 0.860139 
1.35 0.1 -0.0404484 0.843731 
1.4 0.1 -0.0404341 0.827975 
1.45 0.1 -0.0390099 0.81328 
1.5 0.1 -0.0362441 0.799962 
1.55 0.1 -0.0322404 0.788275 
1.6 0.1 -0.0271364 0.778432 
1.65 0.1 -0.0211038 0.770608 
1.7 0.1 -0.0143454 0.764947 
1.75 0.1 -0.00709129 0.761557 
1.8 0.1 0.000408736 0.760505 
1.85 0.1 0.00789458 0.761812 
1.9 0.1 0.0151068 0.765452 
1.95 0.1 0.0217972 0.771353 
2 0.1 0.0277384 0.779404 
2.05 0.1 0.0327308 0.789456 
2.1 0.1 0.0366063 0.80133 
2.15 0.1 0.0392308 0.814811 
2.2 0.1 0.0405046 0.829639 
2.25 0.1 0.040363 0.845489 
2.3 0.1 0.0387791 0.861938 
2.35 0.1 0.0357683 0.878436 
2.4 0.1 0.0313955 0.894277 
2.45 0.1 0.0257832 0.908604 
2.5 0.1 0.0191167 0.920468 
2.55 0.1 0.0116451 0.92894 
2.6 0.1 0.00367223 0.933269 
2.65 0.1 -0.00446039 0.933044 
2.7 0.1 -0.0123989 0.928288 
2.75 0.1 -0.0198045 0.91945 
2.8 0.1 -0.0263779 0.907304 
2.85 0.1 -0.0318761 0.892788 
2.9 0.1 -0.0361199 0.876848 
2.95 0.1 -0.0389928 0.860327 
3 0.1 -0.0404351 0.843914 
3.05 0.1 -0.0404356 0.828148 
3.1 0.1 -0.0390252 0.813438 
3.15 0.1 -0.0362721 0.800105 
3.2 0.1 -0.0322795 0.788401 
3.25 0.1 -0.027185 0.778538 
3.3 0.1 -0.0211599 0.770694 
3.35 0.1 -0.0144068 0.765013 
3.4 0.1 -0.00715574 0.761602 
3.45 0.1 0.000343503 0.76053 
3.5 0.1 0.0078308 0.761817 
3.55 0.1 0.0150465 0.765438 
3.6 0.1 0.0217423 0.771322 
3.65 0.1 0.0276905 0.779357 
3.7 0.1 0.032691 0.789396 
3.75 0.1 0.0365756 0.801258 
3.8 0.1 0.0392098 0.814729 
3.85 0.1 0.0404937 0.829549 
3.9 0.1 0.0403624 0.845393 
3.95 0.1 0.0387887 0.861841 
4 0.1 0.0357879 0.878341 
4.05 0.1 0.0314247 0.894189 
4.1 0.1 0.0258211 0.90853 
4.15 0.1 0.0191624 0.920416 
4.2 0.1 0.0116972 0.928917 
4.25 0.1 0.003729 0.933284 
4.3 0.1 -0.00440088 0.933102 
4.35 0.1 -0.0123388 0.928392 
4.4 0.1 -0.0197461 0.919602 
4.45 0.1 -0.0263238 0.907503 
4.5 0.1 -0.0318295 0.893033 
4.55 0.1 -0.0360849 0.877136 
4.6 0.1 -0.0389754 0.860655 
4.65 0.1 -0.040444 0.844281 
4.7 0.1 -0.040484 0.828548 
4.75 0.1 -0.0391321 0.813862 
4.8 0.1 -0.0364638 0.800534 
4.85 0.1 -0.0325897 0.788801 
4.9 0.1 -0.0276491 0.778853 
4.95 0.1 -0.0217887 0.770836 
5 0.1 -0.0150965 0.764903 
0 0.15 -0.0426256 0.663061 
0.05 0.15 -0.0292616 0.654399 
0.1 0.15 -0.0147341 0.64917 
0.15 0.15 0.000304543 0.647519 
0.2 0.15 0.0152813 0.649447 
0.25 0.15 0.0296677 0.654879 
0.3 0.15 0.042974 0.663676 
0.35 0.15 0.0547565 0.675648 
0.4 0.15 0.0646269 0.690558 
0.45 0.15 0.0722598 0.708128 
0.5 0.15 0.0773962 0.728038 
0.55 0.15 0.079846 0.749908 
0.6 0.15 0.07949 0.773267 
0.65 0.15 0.0762852 0.797508 
0.7 0.15 0.0702736 0.821832 
0.75 0.15 0.0615951 0.845205 
0.8 0.15 0.0505007 0.866364 
0.85 0.15 0.0373618 0.883893 
0.9 0.15 0.0226686 0.896399 
0.95 0.15 0.00701347 0.902755 
1 0.15 -0.00894251 0.902344 
1.05 0.15 -0.0245159 0.895207 
1.1 0.15 -0.0390518 0.882035 
1.15 0.15 -0.0519686 0.864 
1.2 0.15 -0.0627903 0.842511 
1.25 0.15 -0.0711604 0.818974 
1.3 0.15 -0.0768426 0.794628 
1.35 0.15 -0.0797104 0.770476 
1.4 0.15 -0.079734 0.747291 
1.45 0.15 -0.0769681 0.725664 
1.5 0.15 -0.0715435 0.706051 
1.55 0.15 -0.0636629 0.688822 
1.6 0.15 -0.0535987 0.674291 
1.65 0.15 -0.0416911 0.662726 
1.7 0.15 -0.0283433 0.654349 
1.75 0.15 -0.0140117 0.649329 
1.8 0.15 0.000807637 0.64777 
1.85 0.15 0.0155989 0.649707 
1.9 0.15 0.0298472 0.655097 
1.95 0.15 0.0430602 0.663829 
2 0.15 0.0547863 0.675727 
2.05 0.15 0.064629 0.690564 
2.1 0.15 0.072255 0.708068 
2.15 0.15 0.0773995 0.727919 
2.2 0.15 0.0798674 0.74974 
2.25 0.15 0.0795358 0.773062 
2.3 0.15 0.0763587 0.797278 
2.35 0.15 0.0703756 0.821592 
2.4 0.15 0.0617245 0.844971 
2.45 0.15 0.0506544 0.866156 
2.5 0.15 0.0375349 0.88373 
2.55 0.15 0.0228549 0.896298 
2.6 0.15 0.0072057 0.902727 
2.65 0.15 -0.0087521 0.902394 
2.7 0.15 -0.0243349 0.89533 
2.75 0.15 -0.0388871 0.88222 
2.8 0.15 -0.0518259 0.864231 
2.85 0.15 -0.0626736 0.842772 
2.9 0.15 -0.0710725 0.819249 
2.95 0.15 -0.0767848 0.794904 
3 0.15 -0.0796827 0.770744 
3.05 0.15 -0.0797356 0.747545 
3.1 0.15 -0.0769972 0.725897 
3.15 0.15 -0.0715978 0.706261 
3.2 0.15 -0.0637395 0.689006 
3.25 0.15 -0.0536942 0.674448 
3.3 0.15 -0.0418015 0.662853 
3.35 0.15 -0.0284643 0.654446 
3.4 0.15 -0.014139 0.649395 
3.45 0.15 0.000678641 0.647806 
3.5 0.15 0.0154726 0.649714 
3.55 0.15 0.0297278 0.655076 
3.6 0.15 0.0429513 0.663783 
3.65 0.15 0.0546911 0.675658 
3.7 0.15 0.0645498 0.690474 
3.75 0.15 0.0721939 0.70796 
3.8 0.15 0.0773576 0.727797 
3.85 0.15 0.0798455 0.749607 
3.9 0.15 0.0795342 0.772921 
3.95 0.15 0.0763772 0.797134 
4 0.15 0.0704138 0.82145 
4.05 0.15 0.0617812 0.844841 
4.1 0.15 0.0507282 0.866046 
4.15 0.15 0.0376237 0.883652 
4.2 0.15 0.022956 0.896263 
4.25 0.15 0.00731587 0.902747 
4.3 0.15 -0.00863655 0.902476 
4.35 0.15 -0.024218 0.89548 
4.4 0.15 -0.0387731 0.882438 
4.45 0.15 -0.0517195 0.864517 
4.5 0.15 -0.0625803 0.843121 
4.55 0.15 -0.0709995 0.819659 
4.6 0.15 -0.0767419 0.795369 
4.65 0.15 -0.0796842 0.771259 
4.7 0.15 -0.0798016 0.748101 
4.75 0.15 -0.0771554 0.726481 
4.8 0.15 -0.0718835 0.706844 
4.85 0.15 -0.064191 0.689542 
4.9 0.15 -0.0543381 0.674864 
4.95 0.15 -0.0426116 0.663061 
5 0.15 -0.0292684 0.654399 
0 0.2 -0.0656984 0.567159 
0.05 0.2 -0.044988 0.556063 
0.1 0.2 -0.022536 0.549338 
0.15 0.2 0.000731241 0.547198 
0.2 0.2 0.0239361 0.54968 
0.25 0.2 0.0462469 0.556696 
0.3 0.2 0.0668886 0.568059 
0.35 0.2 0.08516 0.583502 
0.4 0.2 0.10045 0.602699 
0.45 0.2 0.112249 0.625273 
0.5 0.2 0.120155 0.650803 
0.55 0.2 0.123876 0.678802 
0.6 0.2 0.123237 0.708678 
0.65 0.2 0.11818 0.739669 
0.7 0.2 0.108784 0.770771 
0.75 0.2 0.0952805 0.800676 
0.8 0.2 0.0780674 0.827773 
0.85 0.2 0.0577249 0.850244 
0.9 0.2 0.0350096 0.866289 
0.95 0.2 0.0108286 0.874448 
1 0.2 -0.0138103 0.87392 
1.05 0.2 -0.0378669 0.864758 
1.1 0.2 -0.0603423 0.847858 
1.15 0.2 -0.0803454 0.82474 
1.2 0.2 -0.0971405 0.797222 
1.25 0.2 -0.11017 0.767107 
1.3 0.2 -0.119056 0.735973 
1.35 0.2 -0.12359 0.705088 
1.4 0.2 -0.123712 0.675426 
1.45 0.2 -0.119495 0.647722 
1.5 0.2 -0.111133 0.622553 
1.55 0.2 -0.0989372 0.600395 
1.6 0.2 -0.0833276 0.58166 
1.65 0.2 -0.0648339 0.566711 
1.7 0.2 -0.0440855 0.55586 
1.75 0.2 -0.0217966 0.549346 
1.8 0.2 0.00125641 0.547322 
1.85 0.2 0.0242654 0.549836 
1.9 0.2 0.0464239 0.556829 
1.95 0.2 0.0669611 0.568138 
2 0.2 0.0851708 0.583513 
2.05 0.2 0.100434 0.602638 
2.1 0.2 0.112232 0.625144 
2.15 0.2 0.120157 0.650613 
2.2 0.2 0.12391 0.678561 
2.25 0.2 0.12331 0.708397 
2.3 0.2 0.118297 0.739362 
2.35 0.2 0.108946 0.770455 
2.4 0.2 0.0954838 0.800372 
2.45 0.2 0.0783076 0.827504 
2.5 0.2 0.0579946 0.850033 
2.55 0.2 0.0352992 0.866158 
2.6 0.2 0.0111271 0.874412 
2.65 0.2 -0.0135149 0.873983 
2.7 0.2 -0.037586 0.864916 
2.75 0.2 -0.0600863 0.848095 
2.8 0.2 -0.080123 0.825037 
2.85 0.2 -0.0969582 0.797556 
2.9 0.2 -0.110032 0.767458 
2.95 0.2 -0.118965 0.736326 
3 0.2 -0.123545 0.705431 
3.05 0.2 -0.123713 0.675749 
3.1 0.2 -0.119538 0.648021 
3.15 0.2 -0.111216 0.622822 
3.2 0.2 -0.0990551 0.600631 
3.25 0.2 -0.0834751 0.58186 
3.3 0.2 -0.065005 0.566874 
3.35 0.2 -0.0442735 0.555983 
3.4 0.2 -0.0219946 0.54943 
3.45 0.2 0.00105558 0.547367 
3.5 0.2 0.0240686 0.549844 
3.55 0.2 0.0462377 0.556801 
3.6 0.2 0.0667912 0.568077 
3.65 0.2 0.0850221 0.583422 
3.7 0.2 0.10031 0.602522 
3.75 0.2 0.112137 0.625006 
3.8 0.2 0.120091 0.650457 
3.85 0.2 0.123875 0.67839 
3.9 0.2 0.123306 0.708217 
3.95 0.2 0.118324 0.739178 
4 0.2 0.109004 0.770275 
4.05 0.2 0.0955703 0.800206 
4.1 0.2 0.0784201 0.827363 
4.15 0.2 0.0581299 0.849932 
4.2 0.2 0.0354531 0.866112 
4.25 0.2 0.0112947 0.874434 
4.3 0.2 -0.0133388 0.874085 
4.35 0.2 -0.0374073 0.865101 
4.4 0.2 -0.0599108 0.848365 
4.45 0.2 -0.079957 0.825388 
4.5 0.2 -0.0968086 0.797984 
4.55 0.2 -0.109907 0.767955 
4.6 0.2 -0.118877 0.736884 
4.65 0.2 -0.12351 0.706042 
4.7 0.2 -0.123751 0.676401 
4.75 0.2 -0.11968 0.648694 
4.8 0.2 -0.111494 0.623485 
4.85 0.2 -0.0995001 0.601235 
4.9 0.2 -0.0840959 0.582339 
4.95 0.2 -0.0657484 0.567159 
5 0.2 -0.0449511 0.556063 
0 0.25 -0.0887287 0.487399 
0.05 0.25 -0.0606097 0.474199 
0.1 0.25 -0.0301927 0.466179 
0.15 0.25 0.00133615 0.463621 
0.2 0.25 0.0328011 0.466601 
0.25 0.25 0.0630648 0.475014 
0.3 0.25 0.0910606 0.488614 
0.35 0.25 0.115823 0.507039 
0.4 0.25 0.136515 0.529853 
0.45 0.25 0.15244 0.556571 
0.5 0.25 0.163057 0.586672 
0.55 0.25 0.167978 0.619575 
0.6 0.25 0.166978 0.654596 
0.65 0.25 0.159998 0.690861 
0.7 0.25 0.147161 0.727217 
0.75 0.25 0.128797 0.762156 
0.8 0.25 0.105459 0.793808 
0.85 0.25 0.0779369 0.820056 
0.9 0.25 0.0472496 0.838799 
0.95 0.25 0.0146104 0.848331 
1 0.25 -0.0186381 0.847713 
1.05 0.25 -0.0511117 0.837009 
1.1 0.25 -0.0814793 0.817265 
1.15 0.25 -0.108548 0.79026 
1.2 0.25 -0.131326 0.758113 
1.25 0.25 -0.149052 0.722923 
1.3 0.25 -0.161201 0.686519 
1.35 0.25 -0.167472 0.650365 
1.4 0.25 -0.167766 0.615575 
1.45 0.25 -0.162163 0.582993 
1.5 0.25 -0.150914 0.553288 
1.55 0.25 -0.134429 0.527027 
1.6 0.25 -0.113274 0.504724 
1.65 0.25 -0.0881679 0.486851 
1.7 0.25 -0.0599686 0.473828 
1.75 0.25 -0.0296544 0.465989 
1.8 0.25 0.00170946 0.46355 
1.85 0.25 0.0330128 0.46658 
1.9 0.25 0.063148 0.474994 
1.95 0.25 0.0910573 0.48856 
2 0.25 0.115774 0.506935 
2.05 0.25 0.136454 0.529691 
2.1 0.25 0.152396 0.556351 
2.15 0.25 0.163049 0.586399 
2.2 0.25 0.16802 0.619256 
2.25 0.25 0.167077 0.654242 
2.3 0.25 0.160158 0.690484 
2.35 0.25 0.147383 0.726836 
2.4 0.25 0.129076 0.761793 
2.45 0.25 0.105787 0.793488 
2.5 0.25 0.0783042 0.819806 
2.55 0.25 0.047643 0.838645 
2.6 0.25 0.0150153 0.848288 
2.65 0.25 -0.0182375 0.847787 
2.7 0.25 -0.0507307 0.837193 
2.75 0.25 -0.0811319 0.817543 
2.8 0.25 -0.108246 0.790606 
2.85 0.25 -0.131078 0.758502 
2.9 0.25 -0.148863 0.723333 
2.95 0.25 -0.161075 0.686932 
3 0.25 -0.167409 0.650766 
3.05 0.25 -0.167764 0.615954 
3.1 0.25 -0.16222 0.583343 
3.15 0.25 -0.151025 0.553604 
3.2 0.25 -0.134587 0.527305 
3.25 0.25 -0.113474 0.50496 
3.3 0.25 -0.0883998 0.487043 
3.35 0.25 -0.060224 0.473974 
3.4 0.25 -0.0299237 0.466088 
3.45 0.25 0.001436 0.463601 
3.5 0.25 0.0327447 0.466586 
3.55 0.25 0.0628942 0.474956 
3.6 0.25 0.0908256 0.488484 
3.65 0.25 0.115571 0.506824 
3.7 0.25 0.136286 0.52955 
3.75 0.25 0.152265 0.556186 
3.8 0.25 0.162959 0.586213 
3.85 0.25 0.167972 0.619055 
3.9 0.25 0.167072 0.654031 
3.95 0.25 0.160195 0.69027 
4 0.25 0.14746 0.726627 
4.05 0.25 0.129191 0.7616 
4.1 0.25 0.105937 0.793325 
4.15 0.25 0.0784835 0.819689 
4.2 0.25 0.0478469 0.838591 
4.25 0.25 0.0152374 0.848312 
4.3 0.25 -0.0180038 0.847901 
4.35 0.25 -0.0504923 0.837401 
4.4 0.25 -0.0808955 0.817844 
4.45 0.25 -0.108018 0.790996 
4.5 0.25 -0.130865 0.758973 
4.55 0.25 -0.148674 0.723874 
4.6 0.25 -0.160919 0.687532 
4.65 0.25 -0.167299 0.651412 
4.7 0.25 -0.167717 0.616631 
4.75 0.25 -0.162257 0.58403 
4.8 0.25 -0.151169 0.554272 
4.85 0.25 -0.134855 0.527914 
4.9 0.25 -0.113856 0.505462 
4.95 0.25 -0.0888318 0.487399 
5 0.25 -0.0605371 0.474199 
0 0.3 -0.109889 0.425166 
0.05 0.3 -0.0749027 0.410101 
0.1 0.3 -0.0371098 0.400926 
0.15 0.3 0.00206507 0.398005 
0.2 0.3 0.0411702 0.401452 
0.25 0.3 0.0787814 0.411138 
0.3 0.3 0.113556 0.426722 
0.35 0.3 0.144279 0.447713 
0.4 0.3 0.169901 0.473527 
0.45 0.3 0.189559 0.503546 
0.5 0.3 0.202587 0.537136 
0.55 0.3 0.208518 0.573635 
0.6 0.3 0.207092 0.612291 
0.65 0.3 0.198258 0.652165 
0.7 0.3 0.182196 0.692023 
0.75 0.3 0.159334 0.730244 
0.8 0.3 0.130372 0.764813 
0.85 0.3 0.0962941 0.793445 
0.9 0.3 0.0583552 0.813874 
0.95 0.3 0.0180393 0.824257 
1 0.3 -0.023018 0.823583 
1.05 0.3 -0.0631323 0.811921 
1.1 0.3 -0.100682 0.790398 
1.15 0.3 -0.134206 0.760933 
1.2 0.3 -0.162481 0.725814 
1.25 0.3 -0.184558 0.687305 
1.3 0.3 -0.199771 0.647377 
1.35 0.3 -0.207722 0.6076 
1.4 0.3 -0.208264 0.569167 
1.45 0.3 -0.201475 0.532986 
1.5 0.3 -0.187642 0.499793 
1.55 0.3 -0.16726 0.470243 
1.6 0.3 -0.141022 0.444961 
1.65 0.3 -0.109818 0.424559 
1.7 0.3 -0.0747207 0.409604 
1.75 0.3 -0.0369571 0.400564 
1.8 0.3 0.00213061 0.397744 
1.85 0.3 0.041142 0.401247 
1.9 0.3 0.0786798 0.410946 
1.95 0.3 0.113412 0.426517 
2 0.3 0.144126 0.447476 
2.05 0.3 0.169768 0.473251 
2.1 0.3 0.18947 0.503228 
2.15 0.3 0.202557 0.536779 
2.2 0.3 0.20856 0.573243 
2.25 0.3 0.207212 0.611872 
2.3 0.3 0.198459 0.651732 
2.35 0.3 0.182474 0.691592 
2.4 0.3 0.159683 0.729838 
2.45 0.3 0.130782 0.764458 
2.5 0.3 0.0967515 0.79317 
2.55 0.3 0.0588442 0.813704 
2.6 0.3 0.0185418 0.824209 
2.65 0.3 -0.0225211 0.823664 
2.7 0.3 -0.0626597 0.812122 
2.75 0.3 -0.10025 0.790701 
2.8 0.3 -0.13383 0.761311 
2.85 0.3 -0.162171 0.72624 
2.9 0.3 -0.184321 0.687754 
2.95 0.3 -0.199611 0.647829 
3 0.3 -0.20764 0.60804 
3.05 0.3 -0.208259 0.569584 
3.1 0.3 -0.201543 0.533374 
3.15 0.3 -0.187778 0.500145 
3.2 0.3 -0.167456 0.470553 
3.25 0.3 -0.141269 0.445226 
3.3 0.3 -0.110106 0.424775 
3.35 0.3 -0.0750385 0.409768 
3.4 0.3 -0.0372927 0.400673 
3.45 0.3 0.00178951 0.397799 
3.5 0.3 0.0408074 0.401248 
3.55 0.3 0.0783629 0.410899 
3.6 0.3 0.113123 0.426425 
3.65 0.3 0.143873 0.447346 
3.7 0.3 0.169558 0.473089 
3.75 0.3 0.189307 0.50304 
3.8 0.3 0.202445 0.53657 
3.85 0.3 0.2085 0.57302 
3.9 0.3 0.207204 0.61164 
3.95 0.3 0.198502 0.651497 
4 0.3 0.182567 0.691364 
4.05 0.3 0.159822 0.729629 
4.1 0.3 0.130962 0.764282 
4.15 0.3 0.0969681 0.793044 
4.2 0.3 0.0590903 0.813645 
4.25 0.3 0.0188101 0.824233 
4.3 0.3 -0.0222381 0.823781 
4.35 0.3 -0.0623692 0.812337 
4.4 0.3 -0.0999587 0.791012 
4.45 0.3 -0.133543 0.761711 
4.5 0.3 -0.161894 0.726716 
4.55 0.3 -0.184057 0.688294 
4.6 0.3 -0.199365 0.648417 
4.65 0.3 -0.207419 0.608661 
4.7 0.3 -0.208069 0.570222 
4.75 0.3 -0.201393 0.534007 
4.8 0.3 -0.187675 0.500753 
4.85 0.3 -0.167399 0.471109 
4.9 0.3 -0.141236 0.445705 
4.95 0.3 -0.110035 0.425166 
5 0.3 -0.0748017 0.410101 
0 0.35 -0.127798 0.378953 
0.05 0.35 -0.086952 0.362105 
0.1 0.35 -0.0428613 0.351809 
0.15 0.35 0.00284285 0.348544 
0.2 0.35 0.0484669 0.35247 
0.25 0.35 0.0923336 0.363408 
0.3 0.35 0.132857 0.380886 
0.35 0.35 0.168606 0.404223 
0.4 0.35 0.198348 0.432634 
0.45 0.35 0.221082 0.465322 
0.5 0.35 0.236045 0.501518 
0.55 0.35 0.242715 0.540473 
0.6 0.35 0.240815 0.581387 
0.65 0.35 0.230319 0.623299 
0.7 0.35 0.211464 0.66496 
0.75 0.35 0.184772 0.70473 
0.8 0.35 0.151075 0.740572 
0.85 0.35 0.111519 0.770177 
0.9 0.35 0.0675528 0.791257 
0.95 0.35 0.0208764 0.801958 
1 0.35 -0.0266447 0.801263 
1.05 0.35 -0.0730914 0.78924 
1.1 0.35 -0.116612 0.767026 
1.15 0.35 -0.155534 0.736549 
1.2 0.35 -0.188443 0.700119 
1.25 0.35 -0.214229 0.660024 
1.3 0.35 -0.2321 0.618258 
1.35 0.35 -0.241569 0.576408 
1.4 0.35 -0.242431 0.535681 
1.45 0.35 -0.234746 0.497012 
1.5 0.35 -0.21882 0.461186 
1.55 0.35 -0.195207 0.428951 
1.6 0.35 -0.164699 0.401075 
1.65 0.35 -0.128329 0.378355 
1.7 0.35 -0.0873518 0.361559 
1.75 0.35 -0.0432155 0.351345 
1.8 0.35 0.00249169 0.34815 
1.85 0.35 0.0481082 0.352118 
1.9 0.35 0.0919768 0.363072 
1.95 0.35 0.132521 0.380544 
2 0.35 0.168313 0.403862 
2.05 0.35 0.198118 0.43225 
2.1 0.35 0.220931 0.464912 
2.15 0.35 0.235983 0.501083 
2.2 0.35 0.24275 0.540017 
2.25 0.35 0.24095 0.580917 
2.3 0.35 0.230552 0.622825 
2.35 0.35 0.211789 0.664497 
2.4 0.35 0.18518 0.704299 
2.45 0.35 0.151553 0.740199 
2.5 0.35 0.112052 0.76989 
2.55 0.35 0.0681224 0.79108 
2.6 0.35 0.0214609 0.801908 
2.65 0.35 -0.0260672 0.801346 
2.7 0.35 -0.0725419 0.789448 
2.75 0.35 -0.11611 0.767338 
2.8 0.35 -0.155095 0.73694 
2.85 0.35 -0.18808 0.70056 
2.9 0.35 -0.213951 0.660491 
2.95 0.35 -0.231911 0.618731 
3 0.35 -0.241471 0.57687 
3.05 0.35 -0.242422 0.536123 
3.1 0.35 -0.234822 0.497425 
3.15 0.35 -0.218976 0.461564 
3.2 0.35 -0.195433 0.429287 
3.25 0.35 -0.164986 0.401364 
3.3 0.35 -0.128665 0.378591 
3.35 0.35 -0.087723 0.361737 
3.4 0.35 -0.0436079 0.351462 
3.45 0.35 0.00209246 0.348205 
3.5 0.35 0.0477165 0.352114 
3.55 0.35 0.0916059 0.363012 
3.6 0.35 0.132183 0.380435 
3.65 0.35 0.168017 0.403713 
3.7 0.35 0.197872 0.432067 
3.75 0.35 0.220741 0.464704 
3.8 0.35 0.235852 0.500856 
3.85 0.35 0.242679 0.539777 
3.9 0.35 0.24094 0.58067 
3.95 0.35 0.2306 0.622579 
4 0.35 0.211893 0.66426 
4.05 0.35 0.185337 0.704084 
4.1 0.35 0.151757 0.740019 
4.15 0.35 0.112297 0.769761 
4.2 0.35 0.0683995 0.791019 
4.25 0.35 0.0217632 0.80193 
4.3 0.35 -0.0257473 0.80146 
4.35 0.35 -0.0722114 0.789656 
4.4 0.35 -0.115774 0.767637 
4.45 0.35 -0.154757 0.737319 
4.5 0.35 -0.187741 0.701006 
4.55 0.35 -0.213609 0.660987 
4.6 0.35 -0.231564 0.619259 
4.65 0.35 -0.241113 0.577414 
4.7 0.35 -0.242048 0.536664 
4.75 0.35 -0.234425 0.497948 
4.8 0.35 -0.218547 0.462054 
4.85 0.35 -0.194954 0.429734 
4.9 0.35 -0.164428 0.401763 
4.95 0.35 -0.127977 0.378953 
5 0.35 -0.0868289 0.362105 
0 0.4 -0.141436 0.345387 
0.05 0.4 -0.0960908 0.326705 
0.1 0.4 -0.04715 0.315236 
0.15 0.4 0.00358736 0.311618 
0.2 0.4 0.054231 0.316063 
0.25 0.4 0.102898 0.328324 
0.3 0.4 0.147805 0.347746 
0.35 0.4 0.187349 0.373397 
0.4 0.4 0.220159 0.404232 
0.45 0.4 0.245132 0.439222 
0.5 0.4 0.26144 0.477427 
0.55 0.4 0.268535 0.517998 
0.6 0.4 0.266146 0.560095 
0.65 0.4 0.254278 0.602764 
0.7 0.4 0.233228 0.644798 
0.75 0.4 0.203605 0.684627 
0.8 0.4 0.166342 0.720304 
0.85 0.4 0.122712 0.749632 
0.9 0.4 0.0743004 0.770444 
0.95 0.4 0.0229547 0.780987 
1 0.4 -0.0293044 0.780302 
1.05 0.4 -0.0804015 0.768454 
1.1 0.4 -0.128331 0.746513 
1.15 0.4 -0.171272 0.716302 
1.2 0.4 -0.207674 0.680012 
1.25 0.4 -0.236306 0.639822 
1.3 0.4 -0.256271 0.597634 
1.35 0.4 -0.267001 0.55497 
1.4 0.4 -0.268233 0.513 
1.45 0.4 -0.259996 0.472654 
1.5 0.4 -0.242593 0.434766 
1.55 0.4 -0.216607 0.400194 
1.6 0.4 -0.182897 0.369884 
1.65 0.4 -0.1426 0.344872 
1.7 0.4 -0.0971119 0.326194 
1.75 0.4 -0.0480579 0.314753 
1.8 0.4 0.00277126 0.311162 
1.85 0.4 0.053498 0.315621 
1.9 0.4 0.102249 0.327883 
1.95 0.4 0.147249 0.347295 
2 0.4 0.186896 0.372933 
2.05 0.4 0.219817 0.403754 
2.1 0.4 0.244908 0.438732 
2.15 0.4 0.261338 0.476928 
2.2 0.4 0.268556 0.517492 
2.25 0.4 0.266287 0.559588 
2.3 0.4 0.254533 0.602265 
2.35 0.4 0.233589 0.64432 
2.4 0.4 0.204058 0.684188 
2.45 0.4 0.166874 0.719929 
2.5 0.4 0.123304 0.749346 
2.55 0.4 0.0749304 0.770269 
2.6 0.4 0.0236004 0.780938 
2.65 0.4 -0.0286668 0.780385 
2.7 0.4 -0.0797947 0.768659 
2.75 0.4 -0.127776 0.746822 
2.8 0.4 -0.170786 0.71669 
2.85 0.4 -0.207271 0.680452 
2.9 0.4 -0.235996 0.64029 
2.95 0.4 -0.256059 0.598111 
3 0.4 -0.266889 0.555441 
3.05 0.4 -0.26822 0.513454 
3.1 0.4 -0.260077 0.473083 
3.15 0.4 -0.242763 0.435163 
3.2 0.4 -0.216856 0.400551 
3.25 0.4 -0.183215 0.370194 
3.3 0.4 -0.142972 0.345126 
3.35 0.4 -0.0975242 0.326385 
3.4 0.4 -0.0484945 0.314876 
3.45 0.4 0.00232689 0.311215 
3.5 0.4 0.0530618 0.315608 
3.55 0.4 0.101837 0.327807 
3.6 0.4 0.146873 0.347167 
3.65 0.4 0.186567 0.372762 
3.7 0.4 0.219544 0.403551 
3.75 0.4 0.244697 0.438505 
3.8 0.4 0.261192 0.476685 
3.85 0.4 0.268477 0.517241 
3.9 0.4 0.266274 0.559334 
3.95 0.4 0.254584 0.602015 
4 0.4 0.233701 0.644083 
4.05 0.4 0.204226 0.683974 
4.1 0.4 0.167092 0.719751 
4.15 0.4 0.123564 0.749219 
4.2 0.4 0.0752255 0.770208 
4.25 0.4 0.0239224 0.780956 
4.3 0.4 -0.0283251 0.780487 
4.35 0.4 -0.0794391 0.768846 
4.4 0.4 -0.12741 0.747088 
4.45 0.4 -0.170409 0.717023 
4.5 0.4 -0.206879 0.680836 
4.55 0.4 -0.235581 0.640706 
4.6 0.4 -0.255609 0.598539 
4.65 0.4 -0.266388 0.555862 
4.7 0.4 -0.267648 0.513851 
4.75 0.4 -0.259411 0.473445 
4.8 0.4 -0.241977 0.435483 
4.85 0.4 -0.215921 0.400831 
4.9 0.4 -0.182098 0.370449 
4.95 0.4 -0.141641 0.345387 
5 0.4 -0.0959514 0.326705 
0 0.45 -0.150091 0.320476 
0.05 0.45 -0.101855 0.299883 
0.1 0.45 -0.0497786 0.287179 
0.15 0.45 0.00422027 0.283193 
0.2 0.45 0.0581111 0.288201 
0.25 0.45 0.109863 0.301866 
0.3 0.45 0.157555 0.323313 
0.35 0.45 0.199463 0.351316 
0.4 0.45 0.23413 0.384516 
0.45 0.45 0.260392 0.42161 
0.5 0.45 0.277397 0.461459 
0.55 0.45 0.284597 0.503093 
0.6 0.45 0.281741 0.545629 
0.65 0.45 0.268879 0.588138 
0.7 0.45 0.246363 0.629491 
0.75 0.45 0.214867 0.668257 
0.8 0.45 0.175401 0.702673 
0.85 0.45 0.129311 0.730767 
0.9 0.45 0.0782596 0.750601 
0.95 0.45 0.0241705 0.760618 
1 0.45 -0.0308638 0.759967 
1.05 0.45 -0.0846955 0.748706 
1.1 0.45 -0.135246 0.727783 
1.15 0.45 -0.180619 0.69882 
1.2 0.45 -0.219188 0.663776 
1.25 0.45 -0.249643 0.624607 
1.3 0.45 -0.271017 0.583038 
1.35 0.45 -0.282672 0.540459 
1.4 0.45 -0.284291 0.497968 
1.45 0.45 -0.275861 0.456477 
1.5 0.45 -0.257666 0.416874 
1.55 0.45 -0.230286 0.380146 
1.6 0.45 -0.194612 0.347453 
1.65 0.45 -0.151839 0.320112 
1.7 0.45 -0.103457 0.299477 
1.75 0.45 -0.0512142 0.286744 
1.8 0.45 0.00295372 0.282732 
1.85 0.45 0.0570105 0.287713 
1.9 0.45 0.108926 0.301351 
1.95 0.45 0.156779 0.322776 
2 0.45 0.198849 0.350764 
2.05 0.45 0.233676 0.383957 
2.1 0.45 0.260096 0.421051 
2.15 0.45 0.277254 0.460905 
2.2 0.45 0.284599 0.502548 
2.25 0.45 0.281882 0.545098 
2.3 0.45 0.269147 0.587627 
2.35 0.45 0.246746 0.629012 
2.4 0.45 0.21535 0.667825 
2.45 0.45 0.175966 0.702308 
2.5 0.45 0.129938 0.730491 
2.55 0.45 0.0789268 0.750434 
2.6 0.45 0.0248533 0.760572 
2.65 0.45 -0.0301899 0.760046 
2.7 0.45 -0.0840542 0.748902 
2.75 0.45 -0.134659 0.728078 
2.8 0.45 -0.180105 0.699193 
2.85 0.45 -0.21876 0.664201 
2.9 0.45 -0.249313 0.625064 
2.95 0.45 -0.270789 0.583508 
3 0.45 -0.28255 0.540929 
3.05 0.45 -0.284274 0.498427 
3.1 0.45 -0.275945 0.456917 
3.15 0.45 -0.257843 0.417287 
3.2 0.45 -0.230549 0.380522 
3.25 0.45 -0.194948 0.347782 
3.3 0.45 -0.152234 0.320384 
3.35 0.45 -0.103896 0.299681 
3.4 0.45 -0.0516796 0.286872 
3.45 0.45 0.00247972 0.282782 
3.5 0.45 0.0565453 0.287688 
3.55 0.45 0.108486 0.301258 
3.6 0.45 0.156379 0.322627 
3.65 0.45 0.1985 0.35057 
3.7 0.45 0.233386 0.383732 
3.75 0.45 0.259872 0.420805 
3.8 0.45 0.277099 0.460649 
3.85 0.45 0.284515 0.502288 
3.9 0.45 0.281867 0.54484 
3.95 0.45 0.269198 0.587378 
4 0.45 0.24686 0.628779 
4.05 0.45 0.215521 0.667617 
4.1 0.45 0.176187 0.702138 
4.15 0.45 0.130202 0.730369 
4.2 0.45 0.079226 0.750373 
4.25 0.45 0.0251798 0.760581 
4.3 0.45 -0.0298426 0.760128 
4.35 0.45 -0.0836902 0.749055 
4.4 0.45 -0.134279 0.728295 
4.45 0.45 -0.179705 0.699458 
4.5 0.45 -0.218331 0.664497 
4.55 0.45 -0.248839 0.62537 
4.6 0.45 -0.270249 0.583802 
4.65 0.45 -0.281917 0.541192 
4.7 0.45 -0.283515 0.498642 
4.75 0.45 -0.275024 0.457075 
4.8 0.45 -0.25672 0.417388 
4.85 0.45 -0.229186 0.380582 
4.9 0.45 -0.193313 0.347833 
4.95 0.45 -0.150312 0.320476 
5 0.45 -0.101704 0.299883 
0 0.5 -0.153312 0.300506 
0.05 0.5 -0.103952 0.278033 
0.1 0.5 -0.0506313 0.264107 
0.15 0.5 0.00467497 0.259763 
0.2 0.5 0.0598607 0.265342 
0.25 0.5 0.112815 0.280408 
0.3 0.5 0.161545 0.303856 
0.35 0.5 0.20427 0.334143 
0.4 0.5 0.239498 0.369582 
0.45 0.5 0.266054 0.408583 
0.5 0.5 0.283095 0.449791 
0.55 0.5 0.290096 0.492105 
0.6 0.5 0.286847 0.534591 
0.65 0.5 0.27344 0.576347 
0.7 0.5 0.250274 0.616346 
0.75 0.5 0.218067 0.653329 
0.8 0.5 0.177865 0.685782 
0.85 0.5 0.131041 0.712026 
0.9 0.5 0.0792703 0.730428 
0.95 0.5 0.0244751 0.739683 
1 0.5 -0.03126 0.739083 
1.05 0.5 -0.0857989 0.728672 
1.1 0.5 -0.137071 0.709245 
1.15 0.5 -0.183178 0.68216 
1.2 0.5 -0.222479 0.64907 
1.25 0.5 -0.253637 0.611639 
1.3 0.5 -0.275645 0.571355 
1.35 0.5 -0.287821 0.529443 
1.4 0.5 -0.289801 0.486906 
1.45 0.5 -0.281526 0.444642 
1.5 0.5 -0.263241 0.403599 
1.55 0.5 -0.235505 0.364905 
1.6 0.5 -0.199198 0.329949 
1.65 0.5 -0.15553 0.300345 
1.7 0.5 -0.10603 0.277781 
1.75 0.5 -0.0525053 0.263763 
1.8 0.5 0.00302868 0.259332 
1.85 0.5 0.0584465 0.264833 
1.9 0.5 0.11163 0.279838 
1.95 0.5 0.16058 0.303245 
2 0.5 0.203518 0.333512 
2.05 0.5 0.238947 0.368949 
2.1 0.5 0.265694 0.407961 
2.15 0.5 0.282912 0.44919 
2.2 0.5 0.290079 0.491528 
2.25 0.5 0.286981 0.534044 
2.3 0.5 0.27371 0.575834 
2.35 0.5 0.250664 0.615875 
2.4 0.5 0.218561 0.652913 
2.45 0.5 0.178443 0.685437 
2.5 0.5 0.131681 0.711768 
2.55 0.5 0.0799496 0.730273 
2.6 0.5 0.0251693 0.739642 
2.65 0.5 -0.0305753 0.739156 
2.7 0.5 -0.0851474 0.728854 
2.75 0.5 -0.136474 0.709521 
2.8 0.5 -0.182654 0.68251 
2.85 0.5 -0.222042 0.649473 
2.9 0.5 -0.253298 0.612077 
2.95 0.5 -0.27541 0.571812 
3 0.5 -0.287694 0.529906 
3.05 0.5 -0.28978 0.487365 
3.1 0.5 -0.281608 0.445089 
3.15 0.5 -0.26342 0.404024 
3.2 0.5 -0.235772 0.365297 
3.25 0.5 -0.199541 0.330296 
3.3 0.5 -0.155935 0.300633 
3.35 0.5 -0.10648 0.277996 
3.4 0.5 -0.0529825 0.263897 
3.45 0.5 0.0025423 0.259379 
3.5 0.5 0.0579693 0.264797 
3.55 0.5 0.111178 0.279728 
3.6 0.5 0.16017 0.303073 
3.65 0.5 0.20316 0.333295 
3.7 0.5 0.238652 0.368702 
3.75 0.5 0.265466 0.407698 
3.8 0.5 0.282755 0.44892 
3.85 0.5 0.289993 0.49126 
3.9 0.5 0.286965 0.533784 
3.95 0.5 0.27376 0.575587 
4 0.5 0.250776 0.615649 
4.05 0.5 0.218728 0.652714 
4.1 0.5 0.178659 0.685274 
4.15 0.5 0.131938 0.711651 
4.2 0.5 0.0802396 0.73021 
4.25 0.5 0.0254855 0.739638 
4.3 0.5 -0.0302384 0.739212 
4.35 0.5 -0.084792 0.728965 
4.4 0.5 -0.136098 0.709675 
4.45 0.5 -0.18225 0.682692 
4.5 0.5 -0.221596 0.649663 
4.55 0.5 -0.252788 0.612252 
4.6 0.5 -0.274807 0.571949 
4.65 0.5 -0.286961 0.529984 
4.7 0.5 -0.288874 0.487368 
4.75 0.5 -0.280481 0.445009 
4.8 0.5 -0.262024 0.403868 
4.85 0.5 -0.234062 0.365094 
4.9 0.5 -0.197489 0.330094 
4.95 0.5 -0.15354 0.300506 
5 0.5 -0.103797 0.278033 
0 0.55 -0.150899 0.282437 
0.05 0.55 -0.102256 0.258337 
0.1 0.55 -0.049666 0.243351 
0.15 0.55 0.00490195 0.238703 
0.2 0.55 0.0593406 0.244793 
0.25 0.55 0.111536 0.261095 
0.3 0.55 0.159494 0.286285 
0.35 0.55 0.201446 0.318533 
0.4 0.55 0.235922 0.355848 
0.45 0.55 0.261781 0.396377 
0.5 0.55 0.27822 0.438566 
0.55 0.55 0.284763 0.481184 
0.6 0.55 0.281243 0.523248 
0.65 0.55 0.267793 0.563874 
0.7 0.55 0.244846 0.602138 
0.75 0.55 0.213134 0.636968 
0.8 0.55 0.173699 0.667114 
0.85 0.55 0.127889 0.69122 
0.9 0.55 0.0773279 0.707984 
0.95 0.55 0.0238682 0.716372 
1 0.55 -0.0304916 0.715828 
1.05 0.55 -0.0837056 0.706388 
1.1 0.55 -0.133787 0.688674 
1.15 0.55 -0.178908 0.663764 
1.2 0.55 -0.217471 0.632974 
1.25 0.55 -0.248166 0.597656 
1.3 0.55 -0.269983 0.559037 
1.35 0.55 -0.282224 0.518167 
1.4 0.55 -0.284491 0.475959 
1.45 0.55 -0.27668 0.433297 
1.5 0.55 -0.258993 0.391192 
1.55 0.55 -0.231938 0.35091 
1.6 0.55 -0.196356 0.314052 
1.65 0.55 -0.153425 0.282505 
1.7 0.55 -0.104652 0.258263 
1.75 0.55 -0.0518404 0.24312 
1.8 0.55 0.00299086 0.23832 
1.85 0.55 0.0577054 0.244278 
1.9 0.55 0.110174 0.26048 
1.95 0.55 0.158395 0.285609 
2 0.55 0.200597 0.317829 
2.05 0.55 0.235304 0.355147 
2.1 0.55 0.261376 0.3957 
2.15 0.55 0.27801 0.437923 
2.2 0.55 0.284728 0.480583 
2.25 0.55 0.281366 0.522691 
2.3 0.55 0.268056 0.563365 
2.35 0.55 0.24523 0.601682 
2.4 0.55 0.21362 0.636574 
2.45 0.55 0.174267 0.666793 
2.5 0.55 0.128517 0.690985 
2.55 0.55 0.0779938 0.707845 
2.6 0.55 0.0245478 0.716337 
2.65 0.55 -0.029822 0.715897 
2.7 0.55 -0.0830686 0.706555 
2.75 0.55 -0.133203 0.688927 
2.8 0.55 -0.178394 0.664087 
2.85 0.55 -0.217043 0.633351 
2.9 0.55 -0.247832 0.598071 
2.95 0.55 -0.269751 0.559476 
3 0.55 -0.282097 0.518619 
3.05 0.55 -0.284468 0.476414 
3.1 0.55 -0.276759 0.433747 
3.15 0.55 -0.259167 0.391625 
3.2 0.55 -0.232199 0.351315 
3.25 0.55 -0.196693 0.314413 
3.3 0.55 -0.153823 0.282805 
3.35 0.55 -0.105096 0.258487 
3.4 0.55 -0.0523119 0.243256 
3.45 0.55 0.00251024 0.238363 
3.5 0.55 0.057234 0.24423 
3.55 0.55 0.109729 0.260352 
3.6 0.55 0.157991 0.285416 
3.65 0.55 0.200245 0.317591 
3.7 0.55 0.235014 0.354881 
3.75 0.55 0.261153 0.39542 
3.8 0.55 0.277856 0.437642 
3.85 0.55 0.284644 0.480308 
3.9 0.55 0.281349 0.522429 
3.95 0.55 0.268103 0.563122 
4 0.55 0.245335 0.601463 
4.05 0.55 0.213777 0.636383 
4.1 0.55 0.174469 0.666638 
4.15 0.55 0.128757 0.69087 
4.2 0.55 0.0782629 0.707776 
4.25 0.55 0.0248404 0.716315 
4.3 0.55 -0.0295099 0.71592 
4.35 0.55 -0.0827376 0.706615 
4.4 0.55 -0.132849 0.689011 
4.45 0.55 -0.178006 0.664176 
4.5 0.55 -0.216603 0.633424 
4.55 0.55 -0.247314 0.598104 
4.6 0.55 -0.26912 0.559444 
4.65 0.55 -0.281309 0.5185 
4.7 0.55 -0.283472 0.47619 
4.75 0.55 -0.275502 0.433414 
4.8 0.55 -0.257593 0.391197 
4.85 0.55 -0.230264 0.350829 
4.9 0.55 -0.194371 0.313938 
4.95 0.55 -0.151126 0.282437 
5 0.55 -0.102102 0.258337 
0 0.6 -0.142908 0.263952 
0.05 0.6 -0.0968051 0.238767 
0.1 0.6 -0.0469151 0.223068 
0.15 0.6 0.00487268 0.218226 
0.2 0.6 0.0565279 0.224683 
0.25 0.6 0.106013 0.241843 
0.3 0.6 0.151412 0.268214 
0.35 0.6 0.191036 0.301744 
0.4 0.6 0.22349 0.340215 
0.45 0.6 0.247711 0.381576 
0.5 0.6 0.262967 0.424118 
0.55 0.6 0.268842 0.466513 
0.6 0.6 0.265218 0.507731 
0.65 0.6 0.252259 0.546906 
0.7 0.6 0.230408 0.583206 
0.75 0.6 0.200382 0.61573 
0.8 0.6 0.163179 0.64348 
0.85 0.6 0.120069 0.665404 
0.9 0.6 0.0725683 0.680512 
0.95 0.6 0.0223928 0.688031 
1 0.6 -0.0286126 0.687543 
1.05 0.6 -0.0785614 0.679077 
1.1 0.6 -0.125619 0.663097 
1.15 0.6 -0.16809 0.640409 
1.2 0.6 -0.204484 0.612019 
1.25 0.6 -0.233559 0.578974 
1.3 0.6 -0.254351 0.54226 
1.35 0.6 -0.26617 0.502766 
1.4 0.6 -0.268604 0.461321 
1.45 0.6 -0.261518 0.418803 
1.5 0.6 -0.245059 0.376272 
1.55 0.6 -0.219677 0.335106 
1.6 0.6 -0.186139 0.297065 
1.65 0.6 -0.145548 0.264243 
1.7 0.6 -0.0993335 0.238868 
1.75 0.6 -0.049222 0.222952 
1.8 0.6 0.00284031 0.217897 
1.85 0.6 0.0547897 0.224171 
1.9 0.6 0.10457 0.241195 
1.95 0.6 0.150253 0.267483 
2 0.6 0.190143 0.30098 
2.05 0.6 0.222843 0.339458 
2.1 0.6 0.247287 0.380852 
2.15 0.6 0.262744 0.423444 
2.2 0.6 0.268796 0.465895 
2.25 0.6 0.265329 0.507171 
2.3 0.6 0.252507 0.546407 
2.35 0.6 0.230772 0.58277 
2.4 0.6 0.200843 0.615361 
2.45 0.6 0.163717 0.643185 
2.5 0.6 0.120663 0.665192 
2.55 0.6 0.0731961 0.68039 
2.6 0.6 0.0230324 0.688002 
2.65 0.6 -0.0279829 0.687608 
2.7 0.6 -0.0779625 0.67923 
2.75 0.6 -0.12507 0.663328 
2.8 0.6 -0.167607 0.640707 
2.85 0.6 -0.204079 0.612369 
2.9 0.6 -0.233244 0.579364 
2.95 0.6 -0.254131 0.542679 
3 0.6 -0.266048 0.503203 
3.05 0.6 -0.26858 0.461768 
3.1 0.6 -0.26159 0.41925 
3.15 0.6 -0.245223 0.376708 
3.2 0.6 -0.219923 0.335517 
3.25 0.6 -0.186458 0.297433 
3.3 0.6 -0.145925 0.264551 
3.35 0.6 -0.0997548 0.239097 
3.4 0.6 -0.0496699 0.223089 
3.45 0.6 0.00238363 0.217935 
3.5 0.6 0.054342 0.224114 
3.55 0.6 0.104147 0.241054 
3.6 0.6 0.14987 0.267276 
3.65 0.6 0.189811 0.300726 
3.7 0.6 0.222569 0.339177 
3.75 0.6 0.247078 0.380561 
3.8 0.6 0.262599 0.423155 
3.85 0.6 0.268717 0.465617 
3.9 0.6 0.265313 0.50691 
3.95 0.6 0.252549 0.546168 
4 0.6 0.230867 0.582557 
4.05 0.6 0.200985 0.615178 
4.1 0.6 0.163898 0.643035 
4.15 0.6 0.120876 0.665077 
4.2 0.6 0.0734347 0.680312 
4.25 0.6 0.0232909 0.687959 
4.3 0.6 -0.0277075 0.687595 
4.35 0.6 -0.0776695 0.679236 
4.4 0.6 -0.124754 0.663337 
4.45 0.6 -0.167254 0.640701 
4.5 0.6 -0.20367 0.612324 
4.55 0.6 -0.232748 0.579255 
4.6 0.6 -0.253511 0.54248 
4.65 0.6 -0.265257 0.50289 
4.7 0.6 -0.267565 0.461325 
4.75 0.6 -0.260293 0.418674 
4.8 0.6 -0.243589 0.376018 
4.85 0.6 -0.217908 0.334761 
4.9 0.6 -0.184039 0.296698 
4.95 0.6 -0.143124 0.263952 
5 0.6 -0.0966588 0.238767 
0 0.65 -0.129677 0.243363 
0.05 0.65 -0.0878277 0.217931 
0.1 0.65 -0.0424947 0.202057 
0.15 0.65 0.00458235 0.197186 
0.2 0.65 0.0515295 0.20378 
0.25 0.65 0.0964672 0.221204 
0.3 0.65 0.137633 0.247876 
0.35 0.65 0.173482 0.281629 
0.4 0.65 0.202751 0.320133 
0.45 0.65 0.224491 0.361238 
0.5 0.65 0.238061 0.403161 
0.55 0.65 0.243117 0.444521 
0.6 0.65 0.239585 0.484268 
0.65 0.65 0.227648 0.521557 
0.7 0.65 0.207731 0.555634 
0.75 0.65 0.180508 0.585742 
0.8 0.65 0.146889 0.611095 
0.85 0.65 0.108021 0.630899 
0.9 0.65 0.0652609 0.644428 
0.95 0.65 0.0201326 0.651125 
1 0.65 -0.0257296 0.650691 
1.05 0.65 -0.0706572 0.643147 
1.1 0.65 -0.113025 0.628822 
1.15 0.65 -0.151325 0.608301 
1.2 0.65 -0.184223 0.58232 
1.25 0.65 -0.210597 0.551675 
1.3 0.65 -0.229561 0.517147 
1.35 0.65 -0.240469 0.479487 
1.4 0.65 -0.242921 0.439455 
1.45 0.65 -0.236758 0.397914 
1.5 0.65 -0.222082 0.355951 
1.55 0.65 -0.199268 0.314997 
1.6 0.65 -0.168987 0.276895 
1.65 0.65 -0.132228 0.243842 
1.7 0.65 -0.0902907 0.218182 
1.75 0.65 -0.0447554 0.202043 
1.8 0.65 0.00258304 0.196911 
1.85 0.65 0.0498172 0.203281 
1.9 0.65 0.0950461 0.22054 
1.95 0.65 0.136494 0.247113 
2 0.65 0.172608 0.280828 
2.05 0.65 0.20212 0.319342 
2.1 0.65 0.224078 0.360489 
2.15 0.65 0.237842 0.402471 
2.2 0.65 0.243068 0.443899 
2.25 0.65 0.239684 0.483715 
2.3 0.65 0.227873 0.521074 
2.35 0.65 0.208063 0.55522 
2.4 0.65 0.180927 0.5854 
2.45 0.65 0.147377 0.610828 
2.5 0.65 0.108559 0.630711 
2.55 0.65 0.0658279 0.644323 
2.6 0.65 0.0207095 0.651103 
2.65 0.65 -0.0251624 0.650753 
2.7 0.65 -0.0701181 0.643286 
2.75 0.65 -0.112531 0.629033 
2.8 0.65 -0.15089 0.608573 
2.85 0.65 -0.183858 0.582643 
2.9 0.65 -0.210312 0.552039 
2.95 0.65 -0.229361 0.517542 
3 0.65 -0.240358 0.479905 
3.05 0.65 -0.242898 0.439887 
3.1 0.65 -0.236823 0.39835 
3.15 0.65 -0.222229 0.356379 
3.2 0.65 -0.19949 0.315403 
3.25 0.65 -0.169276 0.277261 
3.3 0.65 -0.132571 0.244148 
3.35 0.65 -0.0906738 0.21841 
3.4 0.65 -0.045163 0.202178 
3.45 0.65 0.00216755 0.196945 
3.5 0.65 0.0494101 0.203218 
3.55 0.65 0.0946626 0.220391 
3.6 0.65 0.136147 0.246897 
3.65 0.65 0.172307 0.280567 
3.7 0.65 0.201873 0.319056 
3.75 0.65 0.223889 0.360195 
3.8 0.65 0.237713 0.402182 
3.85 0.65 0.242997 0.443623 
3.9 0.65 0.239668 0.483459 
3.95 0.65 0.227909 0.520842 
4 0.65 0.208146 0.555014 
4.05 0.65 0.18105 0.585223 
4.1 0.65 0.147533 0.61068 
4.15 0.65 0.10874 0.630593 
4.2 0.65 0.0660295 0.644234 
4.25 0.65 0.0209265 0.651038 
4.3 0.65 -0.0249319 0.650703 
4.35 0.65 -0.0698725 0.64324 
4.4 0.65 -0.112263 0.628973 
4.45 0.65 -0.150587 0.608479 
4.5 0.65 -0.183499 0.582492 
4.55 0.65 -0.209866 0.551804 
4.6 0.65 -0.228791 0.517197 
4.65 0.65 -0.239618 0.479425 
4.7 0.65 -0.241934 0.439258 
4.75 0.65 -0.235579 0.397572 
4.8 0.65 -0.220654 0.355475 
4.85 0.65 -0.197543 0.314431 
4.9 0.65 -0.16694 0.276317 
4.95 0.65 -0.129871 0.243363 
5 0.65 -0.0876964 0.217931 
0 0.7 -0.111868 0.219517 
0.05 0.7 -0.0757657 0.19492 
0.1 0.7 -0.0366179 0.179561 
0.15 0.7 0.00405153 0.174868 
0.2 0.7 0.0445998 0.181298 
0.25 0.7 0.0833807 0.198214 
0.3 0.7 0.118855 0.224043 
0.35 0.7 0.149682 0.256636 
0.4 0.7 0.174776 0.293689 
0.45 0.7 0.19333 0.333077 
0.5 0.7 0.204815 0.373038 
0.55 0.7 0.208958 0.412208 
0.6 0.7 0.205724 0.449554 
0.65 0.7 0.195294 0.48427 
0.7 0.7 0.178057 0.51567 
0.75 0.7 0.154606 0.543117 
0.8 0.7 0.125731 0.565988 
0.85 0.7 0.0924159 0.583689 
0.9 0.7 0.0558134 0.595694 
0.95 0.7 0.0172142 0.601609 
1 0.7 -0.0220035 0.601226 
1.05 0.7 -0.0604337 0.594559 
1.1 0.7 -0.0967052 0.581838 
1.15 0.7 -0.129541 0.563476 
1.2 0.7 -0.157804 0.540007 
1.25 0.7 -0.180533 0.512032 
1.3 0.7 -0.196956 0.48017 
1.35 0.7 -0.206504 0.445063 
1.4 0.7 -0.208807 0.407404 
1.45 0.7 -0.203705 0.368024 
1.5 0.7 -0.191257 0.327991 
1.55 0.7 -0.17176 0.288723 
1.6 0.7 -0.145775 0.252041 
1.65 0.7 -0.114141 0.220119 
1.7 0.7 -0.0779789 0.195277 
1.75 0.7 -0.0386645 0.179627 
1.8 0.7 0.00223191 0.174646 
1.85 0.7 0.0430367 0.180828 
1.9 0.7 0.0820825 0.197561 
1.95 0.7 0.117816 0.223282 
2 0.7 0.148887 0.255834 
2.05 0.7 0.174203 0.292899 
2.1 0.7 0.192957 0.332333 
2.15 0.7 0.204617 0.372359 
2.2 0.7 0.208912 0.411602 
2.25 0.7 0.205809 0.449024 
2.3 0.7 0.195489 0.483814 
2.35 0.7 0.178345 0.515287 
2.4 0.7 0.154969 0.542806 
2.45 0.7 0.126153 0.56575 
2.5 0.7 0.0928786 0.583525 
2.55 0.7 0.0563004 0.595605 
2.6 0.7 0.0177087 0.601595 
2.65 0.7 -0.0215179 0.601285 
2.7 0.7 -0.0599724 0.594687 
2.75 0.7 -0.0962822 0.582029 
2.8 0.7 -0.129168 0.563723 
2.85 0.7 -0.157492 0.540302 
2.9 0.7 -0.180288 0.512367 
2.95 0.7 -0.196785 0.480537 
3 0.7 -0.206408 0.445454 
3.05 0.7 -0.208787 0.407811 
3.1 0.7 -0.20376 0.368437 
3.15 0.7 -0.191383 0.328399 
3.2 0.7 -0.171952 0.289111 
3.25 0.7 -0.146024 0.252391 
3.3 0.7 -0.114437 0.220412 
3.35 0.7 -0.07831 0.195494 
3.4 0.7 -0.0390168 0.179754 
3.45 0.7 0.0018728 0.174676 
3.5 0.7 0.0426852 0.180763 
3.55 0.7 0.0817518 0.197414 
3.6 0.7 0.117517 0.22307 
3.65 0.7 0.148629 0.255579 
3.7 0.7 0.173992 0.29262 
3.75 0.7 0.192796 0.332047 
3.8 0.7 0.204507 0.372079 
3.85 0.7 0.208852 0.411337 
3.9 0.7 0.205796 0.448779 
3.95 0.7 0.19552 0.483593 
4 0.7 0.178414 0.515091 
4.05 0.7 0.155069 0.542636 
4.1 0.7 0.126279 0.565606 
4.15 0.7 0.0930249 0.583405 
4.2 0.7 0.0564614 0.595506 
4.25 0.7 0.0178806 0.60151 
4.3 0.7 -0.0213366 0.601205 
4.35 0.7 -0.0597796 0.594597 
4.4 0.7 -0.0960709 0.581913 
4.45 0.7 -0.128926 0.56356 
4.5 0.7 -0.157198 0.540068 
4.55 0.7 -0.179916 0.512036 
4.6 0.7 -0.196298 0.480084 
4.65 0.7 -0.205764 0.444857 
4.7 0.7 -0.207937 0.407057 
4.75 0.7 -0.202655 0.367528 
4.8 0.7 -0.189977 0.327363 
4.85 0.7 -0.170211 0.28801 
4.9 0.7 -0.143937 0.251326 
4.95 0.7 -0.112028 0.219517 
5 0.7 -0.0756569 0.19492 
0 0.75 -0.0905135 0.191736 
0.05 0.75 -0.0613109 0.169193 
0.1 0.75 -0.0296129 0.155118 
0.15 0.75 0.00332682 0.150834 
0.2 0.75 0.0361591 0.156758 
0.25 0.75 0.0675341 0.172297 
0.3 0.75 0.0961942 0.195992 
0.35 0.75 0.121049 0.225853 
0.4 0.75 0.141225 0.259743 
0.45 0.75 0.15608 0.295695 
0.5 0.75 0.165204 0.332071 
0.55 0.75 0.168396 0.3676 
0.6 0.75 0.165648 0.401317 
0.65 0.75 0.157123 0.432481 
0.7 0.75 0.14315 0.460481 
0.75 0.75 0.124217 0.484778 
0.8 0.75 0.100963 0.50488 
0.85 0.75 0.0741796 0.520336 
0.9 0.75 0.0447868 0.530764 
0.95 0.75 0.0138107 0.535885 
1 0.75 -0.0176557 0.535554 
1.05 0.75 -0.0484979 0.529779 
1.1 0.75 -0.0776283 0.518723 
1.15 0.75 -0.104031 0.502677 
1.2 0.75 -0.126798 0.482031 
1.25 0.75 -0.145155 0.45724 
1.3 0.75 -0.158477 0.428802 
1.35 0.75 -0.166293 0.39726 
1.4 0.75 -0.16829 0.363235 
1.45 0.75 -0.164321 0.327493 
1.5 0.75 -0.154412 0.291035 
1.55 0.75 -0.138785 0.25518 
1.6 0.75 -0.117876 0.221623 
1.65 0.75 -0.0923541 0.192378 
1.7 0.75 -0.0631244 0.169596 
1.75 0.75 -0.0313082 0.155235 
1.8 0.75 0.00180759 0.150662 
1.85 0.75 0.0348482 0.156337 
1.9 0.75 0.0664438 0.171693 
1.95 0.75 0.0953222 0.195278 
2 0.75 0.120384 0.225096 
2.05 0.75 0.140748 0.258997 
2.1 0.75 0.155771 0.294995 
2.15 0.75 0.165042 0.331436 
2.2 0.75 0.16836 0.367038 
2.25 0.75 0.165719 0.40083 
2.3 0.75 0.157284 0.432067 
2.35 0.75 0.143386 0.460138 
2.4 0.75 0.124512 0.484504 
2.45 0.75 0.101305 0.504674 
2.5 0.75 0.0745532 0.520197 
2.55 0.75 0.0451791 0.530691 
2.6 0.75 0.0142082 0.535877 
2.65 0.75 -0.0172658 0.535609 
2.7 0.75 -0.0481278 0.529894 
2.75 0.75 -0.0772891 0.518893 
2.8 0.75 -0.103732 0.502896 
2.85 0.75 -0.126547 0.482294 
2.9 0.75 -0.144959 0.45754 
2.95 0.75 -0.158339 0.429132 
3 0.75 -0.166216 0.397612 
3.05 0.75 -0.168275 0.363603 
3.1 0.75 -0.164365 0.327868 
3.15 0.75 -0.154514 0.291405 
3.2 0.75 -0.13894 0.255533 
3.25 0.75 -0.118078 0.221942 
3.3 0.75 -0.0925939 0.192645 
3.35 0.75 -0.0633926 0.169794 
3.4 0.75 -0.0315937 0.155349 
3.45 0.75 0.00151672 0.150687 
3.5 0.75 0.0345637 0.156275 
3.55 0.75 0.0661765 0.171555 
3.6 0.75 0.0950814 0.195081 
3.65 0.75 0.120176 0.22486 
3.7 0.75 0.140579 0.25874 
3.75 0.75 0.155643 0.294731 
3.8 0.75 0.164954 0.331178 
3.85 0.75 0.168313 0.366794 
3.9 0.75 0.165709 0.400605 
3.95 0.75 0.157308 0.431864 
4 0.75 0.143439 0.459958 
4.05 0.75 0.12459 0.484347 
4.1 0.75 0.101401 0.504538 
4.15 0.75 0.0746638 0.520079 
4.2 0.75 0.0452993 0.530588 
4.25 0.75 0.014335 0.53578 
4.3 0.75 -0.0171335 0.535508 
4.35 0.75 -0.047988 0.529776 
4.4 0.75 -0.0771356 0.518741 
4.45 0.75 -0.103554 0.502691 
4.5 0.75 -0.126327 0.482012 
4.55 0.75 -0.144673 0.457159 
4.6 0.75 -0.157957 0.428628 
4.65 0.75 -0.165701 0.396966 
4.7 0.75 -0.167587 0.362804 
4.75 0.75 -0.163463 0.326923 
4.8 0.75 -0.153361 0.290343 
4.85 0.75 -0.137512 0.254416 
4.9 0.75 -0.116369 0.220866 
4.95 0.75 -0.0906286 0.191736 
5 0.75 -0.0612328 0.169193 
0 0.8 -0.0670761 0.159801 
0.05 0.8 -0.045443 0.140505 
0.1 0.8 -0.0219424 0.128468 
0.15 0.8 0.00247987 0.124815 
0.2 0.8 0.0268122 0.129899 
0.25 0.8 0.0500441 0.143211 
0.3 0.8 0.0712364 0.163502 
0.35 0.8 0.0895796 0.189067 
0.4 0.8 0.10443 0.218075 
0.45 0.8 0.115322 0.248833 
0.5 0.8 0.121964 0.279926 
0.55 0.8 0.124222 0.310246 
0.6 0.8 0.122103 0.338954 
0.65 0.8 0.115739 0.365404 
0.7 0.8 0.105382 0.389077 
0.75 0.8 0.0913952 0.409531 
0.8 0.8 0.0742538 0.426378 
0.85 0.8 0.0545375 0.439278 
0.9 0.8 0.0329202 0.447953 
0.95 0.8 0.0101499 0.452205 
1 0.8 -0.0129773 0.45193 
1.05 0.8 -0.0356502 0.447135 
1.1 0.8 -0.0570767 0.437933 
1.15 0.8 -0.0765154 0.424534 
1.2 0.8 -0.0933022 0.407221 
1.25 0.8 -0.106868 0.386339 
1.3 0.8 -0.116748 0.362281 
1.35 0.8 -0.122591 0.335496 
1.4 0.8 -0.124157 0.306514 
1.45 0.8 -0.121323 0.276002 
1.5 0.8 -0.114098 0.244833 
1.55 0.8 -0.102629 0.214155 
1.6 0.8 -0.0872286 0.185432 
1.65 0.8 -0.0683833 0.160398 
1.7 0.8 -0.0467617 0.140896 
1.75 0.8 -0.0231993 0.128603 
1.8 0.8 0.00133964 0.12469 
1.85 0.8 0.025822 0.129547 
1.9 0.8 0.0492188 0.142691 
1.95 0.8 0.0705771 0.16288 
2 0.8 0.089078 0.188405 
2.05 0.8 0.104072 0.217423 
2.1 0.8 0.115092 0.248221 
2.15 0.8 0.121845 0.279372 
2.2 0.8 0.124198 0.309759 
2.25 0.8 0.122159 0.338534 
2.3 0.8 0.115862 0.365051 
2.35 0.8 0.105559 0.388787 
2.4 0.8 0.0916158 0.409302 
2.45 0.8 0.0745073 0.426208 
2.5 0.8 0.054814 0.439165 
2.55 0.8 0.0332095 0.447897 
2.6 0.8 0.0104426 0.452202 
2.65 0.8 -0.0126907 0.45198 
2.7 0.8 -0.0353785 0.447234 
2.75 0.8 -0.0568278 0.438078 
2.8 0.8 -0.0762963 0.42472 
2.85 0.8 -0.0931185 0.407443 
2.9 0.8 -0.106724 0.386593 
2.95 0.8 -0.116647 0.362561 
3 0.8 -0.122535 0.335796 
3.05 0.8 -0.124145 0.306828 
3.1 0.8 -0.121356 0.276322 
3.15 0.8 -0.114173 0.24515 
3.2 0.8 -0.102744 0.214457 
3.25 0.8 -0.0873779 0.185704 
3.3 0.8 -0.068561 0.160625 
3.35 0.8 -0.0469606 0.141064 
3.4 0.8 -0.023411 0.128701 
3.45 0.8 0.00112409 0.12471 
3.5 0.8 0.0256114 0.129493 
3.55 0.8 0.0490213 0.142572 
3.6 0.8 0.0703996 0.16271 
3.65 0.8 0.0889257 0.188202 
3.7 0.8 0.103948 0.2172 
3.75 0.8 0.114999 0.247994 
3.8 0.8 0.121782 0.27915 
3.85 0.8 0.124164 0.309548 
3.9 0.8 0.122152 0.33834 
3.95 0.8 0.115879 0.364875 
4 0.8 0.105597 0.38863 
4.05 0.8 0.0916708 0.409164 
4.1 0.8 0.0745751 0.426087 
4.15 0.8 0.0548906 0.439058 
4.2 0.8 0.0332916 0.447798 
4.25 0.8 0.0105276 0.452105 
4.3 0.8 -0.0126034 0.451874 
4.35 0.8 -0.0352873 0.447108 
4.4 0.8 -0.0567281 0.437917 
4.45 0.8 -0.0761794 0.424506 
4.5 0.8 -0.092971 0.407157 
4.55 0.8 -0.106527 0.386214 
4.6 0.8 -0.116379 0.362071 
4.65 0.8 -0.122166 0.335178 
4.7 0.8 -0.123645 0.306076 
4.75 0.8 -0.120694 0.275444 
4.8 0.8 -0.113323 0.244174 
4.85 0.8 -0.101692 0.21344 
4.9 0.8 -0.0861257 0.184731 
4.95 0.8 -0.0671338 0.159801 
5 0.8 -0.0454035 0.140505 
0 0.85 -0.0435026 0.123925 
0.05 0.85 -0.0294697 0.10887 
0.1 0.85 -0.0142266 0.0994936 
0.15 0.85 0.00160475 0.0966554 
0.2 0.85 0.0173662 0.100623 
0.25 0.85 0.0323998 0.111002 
0.3 0.85 0.0460942 0.126829 
0.35 0.85 0.0579246 0.146786 
0.4 0.85 0.0674775 0.16945 
0.45 0.85 0.0744585 0.193497 
0.5 0.85 0.0786874 0.217812 
0.55 0.85 0.0800867 0.241517 
0.6 0.85 0.0786687 0.263942 
0.65 0.85 0.0745253 0.284572 
0.7 0.85 0.0678223 0.302998 
0.75 0.85 0.0587963 0.31888 
0.8 0.85 0.0477533 0.331929 
0.85 0.85 0.0350651 0.341897 
0.9 0.85 0.0211627 0.348588 
0.95 0.85 0.00652418 0.351862 
1 0.85 -0.00834228 0.351651 
1.05 0.85 -0.0229188 0.347957 
1.1 0.85 -0.0366995 0.340859 
1.15 0.85 -0.0492108 0.330501 
1.2 0.85 -0.0600275 0.317087 
1.25 0.85 -0.0687843 0.300867 
1.3 0.85 -0.0751824 0.282135 
1.35 0.85 -0.0789918 0.261238 
1.4 0.85 -0.0800537 0.238595 
1.45 0.85 -0.0782831 0.214737 
1.5 0.85 -0.073676 0.190361 
1.55 0.85 -0.0663198 0.166379 
1.6 0.85 -0.0564072 0.143941 
1.65 0.85 -0.0442473 0.124404 
1.7 0.85 -0.0302712 0.109199 
1.75 0.85 -0.0150224 0.0996211 
1.8 0.85 0.000867612 0.096573 
1.85 0.85 0.0167205 0.100356 
1.9 0.85 0.0318606 0.110598 
1.95 0.85 0.0456643 0.126341 
2 0.85 0.0575991 0.146263 
2.05 0.85 0.0672473 0.168933 
2.1 0.85 0.0743124 0.193011 
2.15 0.85 0.0786139 0.217373 
2.2 0.85 0.0800747 0.241132 
2.25 0.85 0.0787082 0.263611 
2.3 0.85 0.0746074 0.284295 
2.35 0.85 0.067939 0.302772 
2.4 0.85 0.0589404 0.318703 
2.45 0.85 0.0479179 0.331798 
2.5 0.85 0.0352439 0.341812 
2.55 0.85 0.0213493 0.348546 
2.6 0.85 0.00671249 0.351863 
2.65 0.85 -0.00815819 0.351691 
2.7 0.85 -0.0227445 0.348036 
2.75 0.85 -0.03654 0.340972 
2.8 0.85 -0.0490705 0.330647 
2.85 0.85 -0.0599099 0.317261 
2.9 0.85 -0.0686923 0.301065 
2.95 0.85 -0.0751178 0.282354 
3 0.85 -0.0789559 0.261473 
3.05 0.85 -0.0800467 0.23884 
3.1 0.85 -0.0783047 0.214987 
3.15 0.85 -0.0737249 0.190609 
3.2 0.85 -0.0663941 0.166614 
3.25 0.85 -0.0565039 0.144154 
3.3 0.85 -0.0443625 0.124581 
3.35 0.85 -0.0304001 0.10933 
3.4 0.85 -0.0151596 0.0996966 
3.45 0.85 0.000728053 0.0965888 
3.5 0.85 0.0165843 0.100314 
3.55 0.85 0.0317332 0.110505 
3.6 0.85 0.0455501 0.126208 
3.65 0.85 0.0575015 0.146104 
3.7 0.85 0.0671683 0.168758 
3.75 0.85 0.0742531 0.192833 
3.8 0.85 0.0785742 0.217198 
3.85 0.85 0.0800538 0.240966 
3.9 0.85 0.0787045 0.263458 
3.95 0.85 0.0746189 0.284155 
4 0.85 0.0679632 0.302647 
4.05 0.85 0.0589748 0.318593 
4.1 0.85 0.0479598 0.3317 
4.15 0.85 0.0352904 0.341723 
4.2 0.85 0.0213983 0.348462 
4.25 0.85 0.00676217 0.351778 
4.3 0.85 -0.00810837 0.351597 
4.35 0.85 -0.0226936 0.347922 
4.4 0.85 -0.0364849 0.340828 
4.45 0.85 -0.0490055 0.330458 
4.5 0.85 -0.0598263 0.317012 
4.55 0.85 -0.0685777 0.30074 
4.6 0.85 -0.0749566 0.281938 
4.65 0.85 -0.0787293 0.260955 
4.7 0.85 -0.0797344 0.238216 
4.75 0.85 -0.0778867 0.214266 
4.8 0.85 -0.0731858 0.189816 
4.85 0.85 -0.065728 0.165796 
4.9 0.85 -0.0557208 0.143377 
4.95 0.85 -0.0434912 0.123925 
5 0.85 -0.029477 0.10887 
0 0.9 -0.022293 0.084701 
0.05 0.9 -0.0150733 0.0745308 
0.1 0.9 -0.00726901 0.0682139 
0.15 0.9 0.000813708 0.0663067 
0.2 0.9 0.00884927 0.0689816 
0.25 0.9 0.0165045 0.0759776 
0.3 0.9 0.023467 0.0866579 
0.35 0.9 0.0294695 0.100147 
0.4 0.9 0.0343034 0.115493 
0.45 0.9 0.0378227 0.131802 
0.5 0.9 0.0399409 0.148313 
0.55 0.9 0.0406233 0.164421 
0.6 0.9 0.0398802 0.17966 
0.65 0.9 0.037761 0.193674 
0.7 0.9 0.034351 0.206178 
0.75 0.9 0.0297705 0.216944 
0.8 0.9 0.0241737 0.225777 
0.85 0.9 0.017748 0.232517 
0.9 0.9 0.0107104 0.237036 
0.95 0.9 0.00330168 0.239246 
1 0.9 -0.00422194 0.239103 
1.05 0.9 -0.0115994 0.23661 
1.1 0.9 -0.0185759 0.231815 
1.15 0.9 -0.0249127 0.224811 
1.2 0.9 -0.0303957 0.215728 
1.25 0.9 -0.034841 0.204732 
1.3 0.9 -0.0380976 0.192017 
1.35 0.9 -0.0400486 0.177821 
1.4 0.9 -0.0406119 0.162432 
1.45 0.9 -0.0397415 0.146222 
1.5 0.9 -0.0374311 0.129671 
1.55 0.9 -0.03372 0.11341 
1.6 0.9 -0.0287014 0.0982211 
1.65 0.9 -0.0225291 0.08502 
1.7 0.9 -0.0154209 0.0747639 
1.75 0.9 -0.00765529 0.068312 
1.8 0.9 0.0004422 0.0662601 
1.85 0.9 0.00852046 0.068807 
1.9 0.9 0.0162299 0.0757067 
1.95 0.9 0.0232491 0.0863276 
2 0.9 0.0293058 0.0997917 
2.05 0.9 0.0341888 0.11514 
2.1 0.9 0.0377514 0.13147 
2.15 0.9 0.0399064 0.148012 
2.2 0.9 0.0406199 0.164157 
2.25 0.9 0.0399026 0.179434 
2.3 0.9 0.0378045 0.193484 
2.35 0.9 0.0344116 0.206024 
2.4 0.9 0.0298445 0.216824 
2.45 0.9 0.0242578 0.225689 
2.5 0.9 0.017839 0.23246 
2.55 0.9 0.010805 0.237008 
2.6 0.9 0.003397 0.239247 
2.65 0.9 -0.00412892 0.239131 
2.7 0.9 -0.0115115 0.236663 
2.75 0.9 -0.0184955 0.231892 
2.8 0.9 -0.024842 0.22491 
2.85 0.9 -0.0303366 0.215847 
2.9 0.9 -0.0347948 0.204867 
2.95 0.9 -0.0380652 0.192166 
3 0.9 -0.0400307 0.177981 
3.05 0.9 -0.0406087 0.162599 
3.1 0.9 -0.0397527 0.146392 
3.15 0.9 -0.0374561 0.12984 
3.2 0.9 -0.0337579 0.113569 
3.25 0.9 -0.0287508 0.098365 
3.3 0.9 -0.0225878 0.08514 
3.35 0.9 -0.0154867 0.0748523 
3.4 0.9 -0.00772522 0.068363 
3.45 0.9 0.000371107 0.0662709 
3.5 0.9 0.00845122 0.0687787 
3.55 0.9 0.0161653 0.0756441 
3.6 0.9 0.0231914 0.086238 
3.65 0.9 0.0292566 0.0996837 
3.7 0.9 0.0341493 0.115022 
3.75 0.9 0.0377219 0.131348 
3.8 0.9 0.039887 0.147893 
3.85 0.9 0.0406099 0.164043 
3.9 0.9 0.0399012 0.179329 
3.95 0.9 0.0378106 0.193389 
4 0.9 0.034424 0.205939 
4.05 0.9 0.0298617 0.216747 
4.1 0.9 0.0242784 0.22562 
4.15 0.9 0.0178614 0.232397 
4.2 0.9 0.0108281 0.236948 
4.25 0.9 0.00341979 0.239185 
4.3 0.9 -0.00410683 0.239062 
4.35 0.9 -0.0114897 0.23658 
4.4 0.9 -0.0184725 0.231786 
4.45 0.9 -0.0248149 0.224772 
4.5 0.9 -0.0303009 0.215666 
4.55 0.9 -0.0347441 0.204633 
4.6 0.9 -0.0379913 0.191869 
4.65 0.9 -0.0399238 0.177614 
4.7 0.9 -0.040458 0.162162 
4.75 0.9 -0.0395479 0.14589 
4.8 0.9 -0.03719 0.129293 
4.85 0.9 -0.0334306 0.113012 
4.9 0.9 -0.0283761 0.0978429 
4.95 0.9 -0.022201 0.0847009 
5 0.9 -0.0151355 0.0745308 
0 0.95 -0.00658603 0.0430217 
0.05 0.95 -0.00437016 0.0379667 
0.1 0.95 -0.00209366 0.0348429 
0.15 0.95 0.000232439 0.0339021 
0.2 0.95 0.00253727 0.0352256 
0.25 0.95 0.00472956 0.0386884 
0.3 0.95 0.00671979 0.0439837 
0.35 0.95 0.00843123 0.0506864 
0.4 0.95 0.00980494 0.0583305 
0.45 0.95 0.0108007 0.0664728 
0.5 0.95 0.0113956 0.0747318 
0.55 0.95 0.0115816 0.0828007 
0.6 0.95 0.0113628 0.0904411 
0.65 0.95 0.010754 0.0974693 
0.7 0.95 0.00977982 0.103741 
0.75 0.95 0.00847406 0.109138 
0.8 0.95 0.00688022 0.113565 
0.85 0.95 0.00505112 0.116941 
0.9 0.95 0.00304816 0.119203 
0.95 0.95 0.000939663 0.120309 
1 0.95 -0.00120155 0.120238 
1.05 0.95 -0.0033012 0.11899 
1.1 0.95 -0.00528684 0.116589 
1.15 0.95 -0.00709077 0.113081 
1.2 0.95 -0.00865247 0.108529 
1.25 0.95 -0.00992006 0.103015 
1.3 0.95 -0.010851 0.0966379 
1.35 0.95 -0.0114123 0.0895179 
1.4 0.95 -0.0115803 0.0818033 
1.45 0.95 -0.011341 0.0736841 
1.5 0.95 -0.0106913 0.0654074 
1.55 0.95 -0.00964068 0.0572913 
1.6 0.95 -0.0082137 0.0497286 
1.65 0.95 -0.00645288 0.0431717 
1.7 0.95 -0.00441996 0.0380889 
1.75 0.95 -0.00219513 0.0348969 
1.8 0.95 0.000126823 0.0338826 
1.85 0.95 0.00244314 0.0351416 
1.9 0.95 0.00465155 0.0385558 
1.95 0.95 0.00665856 0.0438205 
2 0.95 0.00838583 0.0505098 
2.05 0.95 0.00977372 0.0581541 
2.1 0.95 0.0107818 0.0663061 
2.15 0.95 0.0113871 0.0745806 
2.2 0.95 0.0115817 0.0826676 
2.25 0.95 0.0113701 0.0903269 
2.3 0.95 0.0107672 0.0973738 
2.35 0.95 0.00979761 0.103663 
2.4 0.95 0.00849551 0.109078 
2.45 0.95 0.00690439 0.113521 
2.5 0.95 0.00507714 0.116912 
2.55 0.95 0.00307514 0.119189 
2.6 0.95 0.000966767 0.12031 
2.65 0.95 -0.00117515 0.120252 
2.7 0.95 -0.00327628 0.119017 
2.75 0.95 -0.0052641 0.116628 
2.8 0.95 -0.00707082 0.11313 
2.85 0.95 -0.00863581 0.108588 
2.9 0.95 -0.00990707 0.103083 
2.95 0.95 -0.010842 0.0967127 
3 0.95 -0.0114073 0.0895981 
3.05 0.95 -0.0115795 0.0818871 
3.1 0.95 -0.0113443 0.0737694 
3.15 0.95 -0.0106986 0.0654916 
3.2 0.95 -0.00965156 0.057371 
3.25 0.95 -0.00822784 0.0498004 
3.3 0.95 -0.00646974 0.0432314 
3.35 0.95 -0.00443883 0.0381329 
3.4 0.95 -0.00221519 0.0349223 
3.45 0.95 0.00010645 0.0338882 
3.5 0.95 0.00242334 0.0351279 
3.55 0.95 0.00463313 0.038525 
3.6 0.95 0.00664217 0.0437762 
3.65 0.95 0.00837196 0.0504562 
3.7 0.95 0.00976265 0.0580952 
3.75 0.95 0.0107736 0.0662454 
3.8 0.95 0.0113818 0.0745208 
3.85 0.95 0.0115791 0.0826106 
3.9 0.95 0.0113699 0.090274 
3.95 0.95 0.0107691 0.0973255 
4 0.95 0.00980124 0.10362 
4.05 0.95 0.00850042 0.109039 
4.1 0.95 0.00691015 0.113486 
4.15 0.95 0.0050833 0.116879 
4.2 0.95 0.00308132 0.119158 
4.25 0.95 0.000972642 0.120277 
4.3 0.95 -0.00116973 0.120215 
4.35 0.95 -0.00327125 0.118973 
4.4 0.95 -0.00525906 0.116572 
4.45 0.95 -0.007065 0.113058 
4.5 0.95 -0.00862792 0.108494 
4.55 0.95 -0.00989529 0.102962 
4.6 0.95 -0.0108239 0.0965604 
4.65 0.95 -0.01138 0.0894111 
4.7 0.95 -0.0115397 0.0816651 
4.75 0.95 -0.0112888 0.0735166 
4.8 0.95 -0.0106253 0.0652186 
4.85 0.95 -0.00956151 0.0570957 
4.9 0.95 -0.00813121 0.0495465 
4.95 0.95 -0.0064016 0.0430217 
5 0.95 -0.0044956 0.0379667 
0 1 0 0 
0.05 1 0 0 
0.1 1 0 0 
0.15 1 0 0 
0.2 1 0 0 
0.25 1 0 0 
0.3 1 0 0 
0.35 1 0 0 
0.4 1 0 0 
0.45 1 0 0 
0.5 1 0 0 
0.55 1 0 0 
0.6 1 0 0 
0.65 1 0 0 
0.7 1 0 0 
0.75 1 0 0 
0.8 1 0 0 
0.85 1 0 0 
0.9 1 0 0 
0.95 1 0 0 
1 1 0 0 
1.05 1 0 0 
1.1 1 0 0 
1.15 1 0 0 
1.2 1 0 0 
1.25 1 0 0 
1.3 1 0 0 
1.35 1 0 0 
1.4 1 0 0 
1.45 1 0 0 
1.5 1 0 0 
1.55 1 0 0 
1.6 1 0 0 
1.65 1 0 0 
1.7 1 0 0 
1.75 1 0 0 
1.8 1 0 0 
1.85 1 0 0 
1.9 1 0 0 
1.95 1 0 0 
2 1 0 0 
2.05 1 0 0 
2.1 1 0 0 
2.15 1 0 0 
2.2 1 0 0 
2.25 1 0 0 
2.3 1 0 0 
2.35 1 0 0 
2.4 1 0 0 
2.45 1 0 0 
2.5 1 0 0 
2.55 1 0 0 
2.6 1 0 0 
2.65 1 0 0 
2.7 1 0 0 
2.75 1 0 0 
2.8 1 0 0 
2.85 1 0 0 
2.9 1 0 0 
2.95 1 0 0 
3 1 0 0 
3.05 1 0 0 
3.1 1 0 0 
3.15 1 0 0 
3.2 1 0 0 
3.25 1 0 0 
3.3 1 0 0 
3.35 1 0 0 
3.4 1 0 0 
3.45 1 0 0 
3.5 1 0 0 
3.55 1 0 0 
3.6 1 0 0 
3.65 1 0 0 
3.7 1 0 0 
3.75 1 0 0 
3.8 1 0 0 
3.85 1 0 0 
3.9 1 0 0 
3.95 1 0 0 
4 1 0 0 
4.05 1 0 0 
4.1 1 0 0 
4.15 1 0 0 
4.2 1 0 0 
4.25 1 0 0 
4.3 1 0 0 
4.35 1 0 0 
4.4 1 0 0 
4.45 1 0 0 
4.5 1 0 0 
4.55 1 0 0 
4.6 1 0 0 
4.65 1 0 0 
4.7 1 0 0 
4.75 1 0 0 
4.8 1 0 0 
4.85 1 0 0 
4.9 1 0 0 
4.95 1 0 0 
5 1 0 0 
