x, y, ksi, T
#iter= 1460000
0 0 0 1 
0.05 0 0 1 
0.1 0 0 1 
0.15 0 0 1 
0.2 0 0 1 
0.25 0 0 1 
0.3 0 0 1 
0.35 0 0 1 
0.4 0 0 1 
0.45 0 0 1 
0.5 0 0 1 
0.55 0 0 1 
0.6 0 0 1 
0.65 0 0 1 
0.7 0 0 1 
0.75 0 0 1 
0.8 0 0 1 
0.85 0 0 1 
0.9 0 0 1 
0.95 0 0 1 
1 0 0 1 
1.05 0 0 1 
1.1 0 0 1 
1.15 0 0 1 
1.2 0 0 1 
1.25 0 0 1 
1.3 0 0 1 
1.35 0 0 1 
1.4 0 0 1 
1.45 0 0 1 
1.5 0 0 1 
1.55 0 0 1 
1.6 0 0 1 
1.65 0 0 1 
1.7 0 0 1 
1.75 0 0 1 
1.8 0 0 1 
1.85 0 0 1 
1.9 0 0 1 
1.95 0 0 1 
2 0 0 1 
2.05 0 0 1 
2.1 0 0 1 
2.15 0 0 1 
2.2 0 0 1 
2.25 0 0 1 
2.3 0 0 1 
2.35 0 0 1 
2.4 0 0 1 
2.45 0 0 1 
2.5 0 0 1 
2.55 0 0 1 
2.6 0 0 1 
2.65 0 0 1 
2.7 0 0 1 
2.75 0 0 1 
2.8 0 0 1 
2.85 0 0 1 
2.9 0 0 1 
2.95 0 0 1 
3 0 0 1 
3.05 0 0 1 
3.1 0 0 1 
3.15 0 0 1 
3.2 0 0 1 
3.25 0 0 1 
3.3 0 0 1 
3.35 0 0 1 
3.4 0 0 1 
3.45 0 0 1 
3.5 0 0 1 
3.55 0 0 1 
3.6 0 0 1 
3.65 0 0 1 
3.7 0 0 1 
3.75 0 0 1 
3.8 0 0 1 
3.85 0 0 1 
3.9 0 0 1 
3.95 0 0 1 
4 0 0 1 
4.05 0 0 1 
4.1 0 0 1 
4.15 0 0 1 
4.2 0 0 1 
4.25 0 0 1 
4.3 0 0 1 
4.35 0 0 1 
4.4 0 0 1 
4.45 0 0 1 
4.5 0 0 1 
4.55 0 0 1 
4.6 0 0 1 
4.65 0 0 1 
4.7 0 0 1 
4.75 0 0 1 
4.8 0 0 1 
4.85 0 0 1 
4.9 0 0 1 
4.95 0 0 1 
5 0 0 1 
0 0.05 -0.00646627 0.884713 
0.05 0.05 -0.00437224 0.881703 
0.1 0.05 -0.00218744 0.879943 
0.15 0.05 2.29478e-05 0.879411 
0.2 0.05 0.00220119 0.880088 
0.25 0.05 0.00428347 0.881948 
0.3 0.05 0.00620512 0.884947 
0.35 0.05 0.00790542 0.889025 
0.4 0.05 0.00933054 0.894105 
0.45 0.05 0.010435 0.900097 
0.5 0.05 0.0111823 0.906891 
0.55 0.05 0.0115451 0.914352 
0.6 0.05 0.0115051 0.922315 
0.65 0.05 0.0110542 0.93056 
0.7 0.05 0.0101957 0.938805 
0.75 0.05 0.00894661 0.946695 
0.8 0.05 0.0073407 0.953801 
0.85 0.05 0.00543038 0.959657 
0.9 0.05 0.00328725 0.96381 
0.95 0.05 0.000999754 0.965902 
1 0.05 -0.00133221 0.965741 
1.05 0.05 -0.00360503 0.96334 
1.1 0.05 -0.00572003 0.958922 
1.15 0.05 -0.00759092 0.952864 
1.2 0.05 -0.00914879 0.945622 
1.25 0.05 -0.010344 0.937663 
1.3 0.05 -0.0111456 0.929404 
1.35 0.05 -0.0115386 0.921193 
1.4 0.05 -0.0115217 0.913301 
1.45 0.05 -0.0111052 0.905939 
1.5 0.05 -0.0103089 0.899267 
1.55 0.05 -0.00916246 0.893417 
1.6 0.05 -0.00770482 0.888494 
1.65 0.05 -0.00598441 0.884587 
1.7 0.05 -0.00405865 0.881765 
1.75 0.05 -0.00199279 0.880082 
1.8 0.05 0.000142145 0.879569 
1.85 0.05 0.00227215 0.880238 
1.9 0.05 0.00432345 0.882074 
1.95 0.05 0.00622563 0.885042 
2 0.05 0.00791437 0.889089 
2.05 0.05 0.00933339 0.89414 
2.1 0.05 0.0104355 0.900105 
2.15 0.05 0.011183 0.906876 
2.2 0.05 0.0115476 0.914319 
2.25 0.05 0.0115104 0.922267 
2.3 0.05 0.011063 0.930502 
2.35 0.05 0.0102081 0.938743 
2.4 0.05 0.00896254 0.946633 
2.45 0.05 0.00735982 0.953745 
2.5 0.05 0.0054521 0.959613 
2.55 0.05 0.00331076 0.963784 
2.6 0.05 0.00102409 0.965897 
2.65 0.05 -0.0013081 0.965758 
2.7 0.05 -0.00358218 0.963378 
2.75 0.05 -0.00569935 0.958979 
2.8 0.05 -0.00757316 0.952934 
2.85 0.05 -0.00913452 0.945701 
2.9 0.05 -0.0103336 0.937747 
2.95 0.05 -0.0111391 0.929489 
3 0.05 -0.0115361 0.921275 
3.05 0.05 -0.0115231 0.913379 
3.1 0.05 -0.0111102 0.90601 
3.15 0.05 -0.0103173 0.899332 
3.2 0.05 -0.00917382 0.893473 
3.25 0.05 -0.00771873 0.888541 
3.3 0.05 -0.00600034 0.884624 
3.35 0.05 -0.00407602 0.881793 
3.4 0.05 -0.002011 0.880099 
3.45 0.05 0.000123734 0.879577 
3.5 0.05 0.00225417 0.880235 
3.55 0.05 0.0043065 0.882062 
3.6 0.05 0.00621024 0.885022 
3.65 0.05 0.00790102 0.88906 
3.7 0.05 0.00932245 0.894103 
3.75 0.05 0.0104273 0.900062 
3.8 0.05 0.0111777 0.906827 
3.85 0.05 0.0115454 0.914266 
3.9 0.05 0.0115115 0.92221 
3.95 0.05 0.0110672 0.930444 
4 0.05 0.0102155 0.938686 
4.05 0.05 0.00897313 0.946581 
4.1 0.05 0.0073733 0.953702 
4.15 0.05 0.00546813 0.959583 
4.2 0.05 0.00332887 0.963771 
4.25 0.05 0.00104367 0.965906 
4.3 0.05 -0.00128774 0.965791 
4.35 0.05 -0.0035618 0.963439 
4.4 0.05 -0.00567978 0.959065 
4.45 0.05 -0.00755529 0.953046 
4.5 0.05 -0.00911936 0.945839 
4.55 0.05 -0.0103225 0.937907 
4.6 0.05 -0.0111339 0.929671 
4.65 0.05 -0.0115396 0.921477 
4.7 0.05 -0.0115396 0.913598 
4.75 0.05 -0.0111463 0.906241 
4.8 0.05 -0.0103832 0.899566 
4.85 0.05 -0.00928501 0.893695 
4.9 0.05 -0.00789959 0.888722 
4.95 0.05 -0.00628678 0.884713 
5 0.05 -0.00449491 0.881703 
0 0.1 -0.021817 0.770761 
0.05 0.1 -0.0149689 0.76485 
0.1 0.1 -0.00752455 0.761325 
0.15 0.1 0.000147061 0.760242 
0.2 0.1 0.00776126 0.761583 
0.25 0.1 0.0150603 0.76529 
0.3 0.1 0.0218037 0.771272 
0.35 0.1 0.0277718 0.779406 
0.4 0.1 0.0327716 0.789537 
0.45 0.1 0.0366406 0.801483 
0.5 0.1 0.0392486 0.815025 
0.55 0.1 0.0404992 0.829904 
0.6 0.1 0.0403304 0.845791 
0.65 0.1 0.0387171 0.862264 
0.7 0.1 0.0356766 0.878768 
0.75 0.1 0.0312756 0.894594 
0.8 0.1 0.0256381 0.908883 
0.85 0.1 0.0189512 0.920686 
0.9 0.1 0.0114654 0.929074 
0.95 0.1 0.0034857 0.933306 
1 0.1 -0.00464585 0.932979 
1.05 0.1 -0.0125754 0.928125 
1.1 0.1 -0.0199649 0.919203 
1.15 0.1 -0.0265163 0.906994 
1.2 0.1 -0.0319879 0.892437 
1.25 0.1 -0.036202 0.876476 
1.3 0.1 -0.0390436 0.859951 
1.35 0.1 -0.040454 0.843548 
1.4 0.1 -0.0404233 0.827801 
1.45 0.1 -0.038983 0.81312 
1.5 0.1 -0.0362022 0.799819 
1.55 0.1 -0.0321846 0.788153 
1.6 0.1 -0.0270687 0.778332 
1.65 0.1 -0.0210262 0.770532 
1.7 0.1 -0.0142605 0.764898 
1.75 0.1 -0.00700194 0.761536 
1.8 0.1 0.000499477 0.760512 
1.85 0.1 0.00798358 0.761847 
1.9 0.1 0.0151909 0.765515 
1.95 0.1 0.0218736 0.771443 
2 0.1 0.0278045 0.779519 
2.05 0.1 0.0327842 0.789595 
2.1 0.1 0.0366452 0.80149 
2.15 0.1 0.0392538 0.814989 
2.2 0.1 0.0405105 0.829832 
2.25 0.1 0.0403513 0.845691 
2.3 0.1 0.0387496 0.862145 
2.35 0.1 0.0357215 0.878639 
2.4 0.1 0.0313325 0.894467 
2.45 0.1 0.0257059 0.908769 
2.5 0.1 0.0190278 0.920597 
2.55 0.1 0.011548 0.92902 
2.6 0.1 0.00357103 0.933294 
2.65 0.1 -0.00456135 0.933012 
2.7 0.1 -0.0124953 0.928201 
2.75 0.1 -0.0198923 0.919316 
2.8 0.1 -0.0264537 0.907135 
2.85 0.1 -0.0319374 0.892596 
2.9 0.1 -0.0361648 0.876644 
2.95 0.1 -0.0390203 0.86012 
3 0.1 -0.0404447 0.843712 
3.05 0.1 -0.0404276 0.827956 
3.1 0.1 -0.0390002 0.813262 
3.15 0.1 -0.0362313 0.799947 
3.2 0.1 -0.0322243 0.788265 
3.25 0.1 -0.0271173 0.778426 
3.3 0.1 -0.021082 0.770607 
3.35 0.1 -0.0143215 0.764953 
3.4 0.1 -0.00706592 0.761571 
3.45 0.1 0.000434744 0.760527 
3.5 0.1 0.00792031 0.761842 
3.55 0.1 0.0151312 0.765491 
3.6 0.1 0.0218194 0.771401 
3.65 0.1 0.0277574 0.77946 
3.7 0.1 0.0327456 0.789521 
3.75 0.1 0.0366162 0.801404 
3.8 0.1 0.0392351 0.814892 
3.85 0.1 0.0405028 0.829725 
3.9 0.1 0.0403549 0.845579 
3.95 0.1 0.0387646 0.86203 
4 0.1 0.0357478 0.878526 
4.05 0.1 0.0313696 0.894362 
4.1 0.1 0.0257529 0.908682 
4.15 0.1 0.0190836 0.920534 
4.2 0.1 0.0116109 0.928993 
4.25 0.1 0.00363895 0.93331 
4.3 0.1 -0.00449081 0.933078 
4.35 0.1 -0.0124247 0.928319 
4.4 0.1 -0.0198246 0.919488 
4.45 0.1 -0.0263918 0.907357 
4.5 0.1 -0.0318849 0.892867 
4.55 0.1 -0.0361262 0.87696 
4.6 0.1 -0.0390018 0.860477 
4.65 0.1 -0.0404552 0.844107 
4.7 0.1 -0.0404804 0.828384 
4.75 0.1 -0.0391143 0.813712 
4.8 0.1 -0.0364328 0.800399 
4.85 0.1 -0.0325469 0.788685 
4.9 0.1 -0.027596 0.778756 
4.95 0.1 -0.0217272 0.770761 
5 0.1 -0.0150282 0.76485 
0 0.15 -0.0425042 0.66295 
0.05 0.15 -0.0291275 0.654322 
0.1 0.15 -0.0145916 0.649128 
0.15 0.15 0.000450406 0.647512 
0.2 0.15 0.0154253 0.649477 
0.25 0.15 0.0298046 0.654944 
0.3 0.15 0.0430988 0.663776 
0.35 0.15 0.0548646 0.675781 
0.4 0.15 0.0647144 0.690722 
0.45 0.15 0.0723232 0.70832 
0.5 0.15 0.0774328 0.728254 
0.55 0.15 0.0798539 0.750144 
0.6 0.15 0.079468 0.773518 
0.65 0.15 0.076233 0.797766 
0.7 0.15 0.0701918 0.822086 
0.75 0.15 0.0614857 0.845443 
0.8 0.15 0.0503669 0.866571 
0.85 0.15 0.0372081 0.884054 
0.9 0.15 0.0225009 0.896499 
0.95 0.15 0.00683866 0.902783 
1 0.15 -0.0091169 0.902296 
1.05 0.15 -0.0246824 0.895088 
1.1 0.15 -0.0392033 0.881854 
1.15 0.15 -0.0520991 0.863773 
1.2 0.15 -0.062895 0.842254 
1.25 0.15 -0.0712359 0.818701 
1.3 0.15 -0.0768866 0.794351 
1.35 0.15 -0.0797219 0.770206 
1.4 0.15 -0.0797129 0.747036 
1.45 0.15 -0.0769153 0.725429 
1.5 0.15 -0.0714608 0.705841 
1.55 0.15 -0.0635529 0.688641 
1.6 0.15 -0.0534649 0.674144 
1.65 0.15 -0.0415378 0.662615 
1.7 0.15 -0.0281754 0.654277 
1.75 0.15 -0.0138351 0.649297 
1.8 0.15 0.000987002 0.64778 
1.85 0.15 0.0157748 0.649758 
1.9 0.15 0.0300135 0.65519 
1.95 0.15 0.043211 0.663961 
2 0.15 0.0549166 0.675897 
2.05 0.15 0.0647341 0.690768 
2.1 0.15 0.0723314 0.708302 
2.15 0.15 0.0774442 0.72818 
2.2 0.15 0.0798784 0.750023 
2.25 0.15 0.079512 0.77336 
2.3 0.15 0.0762998 0.797583 
2.35 0.15 0.0702828 0.821891 
2.4 0.15 0.0616 0.845252 
2.45 0.15 0.0505021 0.8664 
2.5 0.15 0.0373601 0.88392 
2.55 0.15 0.0226642 0.896418 
2.6 0.15 0.00700708 0.902765 
2.65 0.15 -0.00895026 0.902346 
2.7 0.15 -0.0245242 0.895202 
2.75 0.15 -0.0390597 0.882022 
2.8 0.15 -0.0519753 0.863981 
2.85 0.15 -0.0627946 0.842488 
2.9 0.15 -0.0711615 0.818948 
2.95 0.15 -0.0768396 0.7946 
3 0.15 -0.0797024 0.770447 
3.05 0.15 -0.0797205 0.747263 
3.1 0.15 -0.0769485 0.725638 
3.15 0.15 -0.0715176 0.706029 
3.2 0.15 -0.0636307 0.688806 
3.25 0.15 -0.0535606 0.674282 
3.3 0.15 -0.0416479 0.662725 
3.35 0.15 -0.0282958 0.654358 
3.4 0.15 -0.0139615 0.649348 
3.45 0.15 0.000859007 0.647801 
3.5 0.15 0.0156496 0.649751 
3.55 0.15 0.0298953 0.655154 
3.6 0.15 0.0431037 0.663899 
3.65 0.15 0.0548233 0.67581 
3.7 0.15 0.0646577 0.69066 
3.75 0.15 0.0722739 0.708175 
3.8 0.15 0.0774073 0.728037 
3.85 0.15 0.0798632 0.749867 
3.9 0.15 0.079519 0.773194 
3.95 0.15 0.0763293 0.797413 
4 0.15 0.0703344 0.821725 
4.05 0.15 0.0616726 0.845098 
4.1 0.15 0.050594 0.86627 
4.15 0.15 0.0374689 0.883827 
4.2 0.15 0.0227867 0.896376 
4.25 0.15 0.00713916 0.902787 
4.3 0.15 -0.0088131 0.902439 
4.35 0.15 -0.0243869 0.895372 
4.4 0.15 -0.0389275 0.882269 
4.45 0.15 -0.0518537 0.864301 
4.5 0.15 -0.0626901 0.842876 
4.55 0.15 -0.0710817 0.819399 
4.6 0.15 -0.0767948 0.795107 
4.65 0.15 -0.0797072 0.771003 
4.7 0.15 -0.0797952 0.74786 
4.75 0.15 -0.077121 0.726259 
4.8 0.15 -0.0718229 0.706646 
4.85 0.15 -0.0641069 0.68937 
4.9 0.15 -0.0542336 0.674722 
4.95 0.15 -0.0424903 0.66295 
5 0.15 -0.0291342 0.654322 
0 0.2 -0.0655103 0.567017 
0.05 0.2 -0.0447797 0.555964 
0.1 0.2 -0.0223146 0.549284 
0.15 0.2 0.000957904 0.547191 
0.2 0.2 0.0241598 0.54972 
0.25 0.2 0.0464594 0.556782 
0.3 0.2 0.0670821 0.568189 
0.35 0.2 0.0853273 0.583675 
0.4 0.2 0.100585 0.60291 
0.45 0.2 0.112346 0.62552 
0.5 0.2 0.12021 0.65108 
0.55 0.2 0.123887 0.679104 
0.6 0.2 0.123201 0.708998 
0.65 0.2 0.118097 0.739998 
0.7 0.2 0.108657 0.771096 
0.75 0.2 0.0951103 0.800982 
0.8 0.2 0.0778597 0.82804 
0.85 0.2 0.0574869 0.85045 
0.9 0.2 0.0347503 0.866417 
0.95 0.2 0.0105587 0.874484 
1 0.2 -0.0140796 0.873858 
1.05 0.2 -0.0381241 0.864605 
1.1 0.2 -0.0605766 0.847627 
1.15 0.2 -0.0805476 0.82445 
1.2 0.2 -0.0973031 0.796893 
1.25 0.2 -0.110287 0.766757 
1.3 0.2 -0.119125 0.735619 
1.35 0.2 -0.123609 0.704743 
1.4 0.2 -0.12368 0.675098 
1.45 0.2 -0.119413 0.64742 
1.5 0.2 -0.111005 0.622283 
1.55 0.2 -0.0987663 0.600162 
1.6 0.2 -0.0831195 0.581469 
1.65 0.2 -0.0645953 0.566567 
1.7 0.2 -0.0438243 0.555765 
1.75 0.2 -0.0215217 0.549304 
1.8 0.2 0.00153554 0.547334 
1.85 0.2 0.024539 0.549903 
1.9 0.2 0.0466824 0.556949 
1.95 0.2 0.0671954 0.568309 
2 0.2 0.0853729 0.583732 
2.05 0.2 0.100597 0.6029 
2.1 0.2 0.11235 0.625446 
2.15 0.2 0.120225 0.650948 
2.2 0.2 0.123926 0.678923 
2.25 0.2 0.123271 0.708778 
2.3 0.2 0.118204 0.739751 
2.35 0.2 0.108801 0.770838 
2.4 0.2 0.0952904 0.800731 
2.45 0.2 0.0780715 0.827817 
2.5 0.2 0.0577241 0.850277 
2.55 0.2 0.0350046 0.866312 
2.6 0.2 0.0108203 0.874461 
2.65 0.2 -0.0138209 0.873922 
2.7 0.2 -0.0378785 0.864751 
2.75 0.2 -0.0603535 0.847842 
2.8 0.2 -0.0803547 0.824717 
2.85 0.2 -0.0971463 0.797193 
2.9 0.2 -0.110171 0.767073 
2.95 0.2 -0.119051 0.735936 
3 0.2 -0.123577 0.705051 
3.05 0.2 -0.12369 0.67539 
3.1 0.2 -0.119464 0.647689 
3.15 0.2 -0.111092 0.622525 
3.2 0.2 -0.0988865 0.600373 
3.25 0.2 -0.0832679 0.581646 
3.3 0.2 -0.0647662 0.566708 
3.35 0.2 -0.0440114 0.555869 
3.4 0.2 -0.0217184 0.549369 
3.45 0.2 0.00133629 0.547361 
3.5 0.2 0.024344 0.549892 
3.55 0.2 0.0464983 0.556902 
3.6 0.2 0.0670282 0.568228 
3.65 0.2 0.0852275 0.58362 
3.7 0.2 0.100478 0.602761 
3.75 0.2 0.112261 0.625282 
3.8 0.2 0.120168 0.650764 
3.85 0.2 0.123902 0.678723 
3.9 0.2 0.123282 0.708566 
3.95 0.2 0.118249 0.739535 
4 0.2 0.10888 0.770626 
4.05 0.2 0.0954017 0.800534 
4.1 0.2 0.0782123 0.82765 
4.15 0.2 0.0578904 0.850157 
4.2 0.2 0.0351916 0.866257 
4.25 0.2 0.0110218 0.874485 
4.3 0.2 -0.0136115 0.874038 
4.35 0.2 -0.0376684 0.864962 
4.4 0.2 -0.06015 0.848148 
4.45 0.2 -0.0801655 0.825113 
4.5 0.2 -0.0969795 0.79767 
4.55 0.2 -0.110036 0.767623 
4.6 0.2 -0.11896 0.736549 
4.65 0.2 -0.123547 0.705716 
4.7 0.2 -0.123743 0.676093 
4.75 0.2 -0.119628 0.64841 
4.8 0.2 -0.111401 0.623231 
4.85 0.2 -0.0993701 0.601015 
4.9 0.2 -0.0839339 0.582156 
4.95 0.2 -0.0655602 0.567017 
5 0.2 -0.0447429 0.555964 
0 0.25 -0.0884736 0.48723 
0.05 0.25 -0.0603267 0.474081 
0.1 0.25 -0.0298917 0.466115 
0.15 0.25 0.00164419 0.463614 
0.2 0.25 0.0331049 0.46665 
0.25 0.25 0.0633532 0.475119 
0.3 0.25 0.0913228 0.488772 
0.35 0.25 0.116049 0.507246 
0.4 0.25 0.136696 0.530105 
0.45 0.25 0.15257 0.556863 
0.5 0.25 0.16313 0.586998 
0.55 0.25 0.167991 0.61993 
0.6 0.25 0.166928 0.654971 
0.65 0.25 0.159884 0.691246 
0.7 0.25 0.146987 0.727597 
0.75 0.25 0.128566 0.762513 
0.8 0.25 0.105178 0.794119 
0.85 0.25 0.077615 0.820297 
0.9 0.25 0.0468993 0.838948 
0.95 0.25 0.014246 0.848372 
1 0.25 -0.0190015 0.847641 
1.05 0.25 -0.0514589 0.836829 
1.1 0.25 -0.081796 0.816995 
1.15 0.25 -0.108822 0.78992 
1.2 0.25 -0.131547 0.757727 
1.25 0.25 -0.149212 0.722513 
1.3 0.25 -0.161296 0.686104 
1.35 0.25 -0.167499 0.649959 
1.4 0.25 -0.167723 0.615189 
1.45 0.25 -0.162053 0.582636 
1.5 0.25 -0.15074 0.552967 
1.55 0.25 -0.134197 0.526749 
1.6 0.25 -0.112992 0.504495 
1.65 0.25 -0.0878435 0.486677 
1.7 0.25 -0.0596133 0.473713 
1.75 0.25 -0.0292803 0.465938 
1.8 0.25 0.00208938 0.463564 
1.85 0.25 0.0333851 0.46666 
1.9 0.25 0.0634995 0.475137 
1.95 0.25 0.0913756 0.488764 
2 0.25 0.116048 0.507195 
2.05 0.25 0.136675 0.530001 
2.1 0.25 0.152554 0.556707 
2.15 0.25 0.16314 0.586792 
2.2 0.25 0.16804 0.619681 
2.25 0.25 0.167024 0.654687 
2.3 0.25 0.160032 0.690939 
2.35 0.25 0.147186 0.727284 
2.4 0.25 0.128813 0.762212 
2.45 0.25 0.105468 0.793854 
2.5 0.25 0.0779384 0.820091 
2.55 0.25 0.0472452 0.838824 
2.6 0.25 0.0146013 0.848345 
2.65 0.25 -0.0186506 0.847716 
2.7 0.25 -0.0511258 0.837001 
2.75 0.25 -0.0814931 0.817247 
2.8 0.25 -0.10856 0.790232 
2.85 0.25 -0.131333 0.758078 
2.9 0.25 -0.149052 0.722883 
2.95 0.25 -0.161193 0.686476 
3 0.25 -0.167454 0.650321 
3.05 0.25 -0.167735 0.615531 
3.1 0.25 -0.16212 0.582952 
3.15 0.25 -0.150858 0.553252 
3.2 0.25 -0.134359 0.526999 
3.25 0.25 -0.113192 0.504706 
3.3 0.25 -0.0880754 0.486845 
3.35 0.25 -0.0598676 0.473837 
3.4 0.25 -0.0295479 0.466015 
3.45 0.25 0.0018181 0.463595 
3.5 0.25 0.0331196 0.466645 
3.55 0.25 0.0632487 0.475079 
3.6 0.25 0.0911478 0.488666 
3.65 0.25 0.11585 0.50706 
3.7 0.25 0.136513 0.529835 
3.75 0.25 0.152433 0.556513 
3.8 0.25 0.163062 0.586576 
3.85 0.25 0.168007 0.619446 
3.9 0.25 0.167038 0.654441 
3.95 0.25 0.160092 0.690688 
4 0.25 0.147291 0.727037 
4.05 0.25 0.128962 0.761984 
4.1 0.25 0.105655 0.793661 
4.15 0.25 0.0781599 0.819953 
4.2 0.25 0.0474937 0.83876 
4.25 0.25 0.0148692 0.848372 
4.3 0.25 -0.0183719 0.847846 
4.35 0.25 -0.0508451 0.837239 
4.4 0.25 -0.0812191 0.817591 
4.45 0.25 -0.108301 0.790675 
4.5 0.25 -0.131098 0.758607 
4.55 0.25 -0.148849 0.723486 
4.6 0.25 -0.161033 0.68714 
4.65 0.25 -0.167351 0.651031 
4.7 0.25 -0.167707 0.61627 
4.75 0.25 -0.162188 0.583697 
4.8 0.25 -0.151044 0.553972 
4.85 0.25 -0.13468 0.527653 
4.9 0.25 -0.113636 0.505245 
4.95 0.25 -0.0885763 0.48723 
5 0.25 -0.0602545 0.474081 
0 0.3 -0.109572 0.424974 
0.05 0.3 -0.0745506 0.409968 
0.1 0.3 -0.0367352 0.400855 
0.15 0.3 0.00244855 0.398 
0.2 0.3 0.0415483 0.401512 
0.25 0.3 0.0791398 0.411261 
0.3 0.3 0.113881 0.426905 
0.35 0.3 0.144559 0.44795 
0.4 0.3 0.170126 0.473813 
0.45 0.3 0.189719 0.503874 
0.5 0.3 0.202675 0.5375 
0.55 0.3 0.208531 0.574028 
0.6 0.3 0.207027 0.612705 
0.65 0.3 0.198115 0.652588 
0.7 0.3 0.181978 0.692439 
0.75 0.3 0.159046 0.730633 
0.8 0.3 0.130023 0.765152 
0.85 0.3 0.0958956 0.793707 
0.9 0.3 0.0579222 0.814035 
0.95 0.3 0.0175892 0.824301 
1 0.3 -0.0234668 0.823504 
1.05 0.3 -0.0635613 0.811724 
1.1 0.3 -0.101073 0.790103 
1.15 0.3 -0.134545 0.760561 
1.2 0.3 -0.162755 0.725392 
1.25 0.3 -0.184758 0.686856 
1.3 0.3 -0.199889 0.646921 
1.35 0.3 -0.207756 0.607152 
1.4 0.3 -0.208213 0.568739 
1.45 0.3 -0.20134 0.532587 
1.5 0.3 -0.187428 0.499432 
1.55 0.3 -0.166973 0.469927 
1.6 0.3 -0.140671 0.444699 
1.65 0.3 -0.109414 0.424358 
1.7 0.3 -0.0742779 0.409471 
1.75 0.3 -0.0364906 0.400503 
1.8 0.3 0.0026043 0.397759 
1.85 0.3 0.0416059 0.401337 
1.9 0.3 0.0791174 0.41111 
1.95 0.3 0.113808 0.426749 
2 0.3 0.144466 0.447771 
2.05 0.3 0.170041 0.473601 
2.1 0.3 0.189665 0.503626 
2.15 0.3 0.202669 0.537216 
2.2 0.3 0.208583 0.573712 
2.25 0.3 0.207144 0.612363 
2.3 0.3 0.198299 0.652231 
2.35 0.3 0.182228 0.692082 
2.4 0.3 0.159356 0.730296 
2.45 0.3 0.130386 0.764857 
2.5 0.3 0.096299 0.79348 
2.55 0.3 0.0583526 0.813899 
2.6 0.3 0.0180306 0.824271 
2.65 0.3 -0.0230312 0.823586 
2.7 0.3 -0.0631479 0.811912 
2.75 0.3 -0.100697 0.790379 
2.8 0.3 -0.134219 0.760904 
2.85 0.3 -0.162489 0.725776 
2.9 0.3 -0.184557 0.687261 
2.95 0.3 -0.199759 0.647329 
3 0.3 -0.207698 0.60755 
3.05 0.3 -0.208226 0.569117 
3.1 0.3 -0.201421 0.532939 
3.15 0.3 -0.187572 0.499751 
3.2 0.3 -0.167173 0.470208 
3.25 0.3 -0.14092 0.444937 
3.3 0.3 -0.109703 0.42455 
3.35 0.3 -0.0745946 0.409612 
3.4 0.3 -0.0368242 0.40059 
3.45 0.3 0.00226595 0.397793 
3.5 0.3 0.0412747 0.401318 
3.55 0.3 0.0788047 0.411041 
3.6 0.3 0.113524 0.426635 
3.65 0.3 0.14422 0.447616 
3.7 0.3 0.169839 0.473412 
3.75 0.3 0.189514 0.503408 
3.8 0.3 0.202572 0.536975 
3.85 0.3 0.208542 0.573453 
3.9 0.3 0.207161 0.612093 
3.95 0.3 0.198373 0.651957 
4 0.3 0.182357 0.691815 
4.05 0.3 0.159538 0.73005 
4.1 0.3 0.130614 0.76465 
4.15 0.3 0.0965679 0.793332 
4.2 0.3 0.058654 0.81383 
4.25 0.3 0.0183554 0.8243 
4.3 0.3 -0.0226927 0.823723 
4.35 0.3 -0.0628053 0.812162 
4.4 0.3 -0.100359 0.790737 
4.45 0.3 -0.133894 0.761361 
4.5 0.3 -0.162183 0.726318 
4.55 0.3 -0.184277 0.68787 
4.6 0.3 -0.19951 0.647988 
4.65 0.3 -0.207486 0.608242 
4.7 0.3 -0.208059 0.569823 
4.75 0.3 -0.201309 0.533638 
4.8 0.3 -0.187521 0.500419 
4.85 0.3 -0.167182 0.470817 
4.9 0.3 -0.140964 0.44546 
4.95 0.3 -0.109718 0.424974 
5 0.3 -0.0744501 0.409968 
0 0.35 -0.127428 0.378742 
0.05 0.35 -0.0865411 0.361959 
0.1 0.35 -0.0424238 0.351732 
0.15 0.35 0.00329079 0.34854 
0.2 0.35 0.0489082 0.35254 
0.25 0.35 0.0927515 0.363549 
0.3 0.35 0.133236 0.381092 
0.35 0.35 0.168931 0.404486 
0.4 0.35 0.198608 0.432947 
0.45 0.35 0.221266 0.465678 
0.5 0.35 0.236145 0.501908 
0.55 0.35 0.242727 0.54089 
0.6 0.35 0.240737 0.581822 
0.65 0.35 0.230151 0.623741 
0.7 0.35 0.211208 0.665393 
0.75 0.35 0.184436 0.705134 
0.8 0.35 0.150668 0.740922 
0.85 0.35 0.111056 0.770446 
0.9 0.35 0.0670512 0.791422 
0.95 0.35 0.0203553 0.802002 
1 0.35 -0.0271643 0.80118 
1.05 0.35 -0.0735883 0.789037 
1.1 0.35 -0.117067 0.766719 
1.15 0.35 -0.155928 0.736162 
1.2 0.35 -0.188762 0.699678 
1.25 0.35 -0.214463 0.659554 
1.3 0.35 -0.23224 0.617778 
1.35 0.35 -0.241611 0.575933 
1.4 0.35 -0.242374 0.535224 
1.45 0.35 -0.23459 0.496582 
1.5 0.35 -0.218572 0.460793 
1.55 0.35 -0.194873 0.428604 
1.6 0.35 -0.16429 0.400783 
1.65 0.35 -0.127857 0.378128 
1.7 0.35 -0.0868342 0.361407 
1.75 0.35 -0.0426698 0.351275 
1.8 0.35 0.00304583 0.348166 
1.85 0.35 0.0486507 0.35222 
1.9 0.35 0.0924881 0.363255 
1.95 0.35 0.132983 0.380803 
2 0.35 0.168709 0.404188 
2.05 0.35 0.198434 0.432632 
2.1 0.35 0.221157 0.465342 
2.15 0.35 0.236111 0.501552 
2.2 0.35 0.242774 0.540515 
2.25 0.35 0.240868 0.581434 
2.3 0.35 0.230364 0.623348 
2.35 0.35 0.211501 0.665007 
2.4 0.35 0.1848 0.704775 
2.45 0.35 0.151093 0.740612 
2.5 0.35 0.111528 0.77021 
2.55 0.35 0.067553 0.791281 
2.6 0.35 0.0208692 0.801972 
2.65 0.35 -0.0266576 0.801266 
2.7 0.35 -0.0731073 0.789232 
2.75 0.35 -0.116629 0.767006 
2.8 0.35 -0.155548 0.736518 
2.85 0.35 -0.18845 0.700079 
2.9 0.35 -0.214228 0.659977 
2.95 0.35 -0.232087 0.618207 
3 0.35 -0.241541 0.576354 
3.05 0.35 -0.242386 0.535626 
3.1 0.35 -0.234682 0.496959 
3.15 0.35 -0.218738 0.461138 
3.2 0.35 -0.195106 0.42891 
3.25 0.35 -0.16458 0.401045 
3.3 0.35 -0.128194 0.378339 
3.35 0.35 -0.0872043 0.361563 
3.4 0.35 -0.04306 0.35137 
3.45 0.35 0.00264986 0.3482 
3.5 0.35 0.0482632 0.352194 
3.55 0.35 0.0921223 0.363174 
3.6 0.35 0.132651 0.380671 
3.65 0.35 0.168421 0.404014 
3.7 0.35 0.198199 0.432423 
3.75 0.35 0.220981 0.465104 
3.8 0.35 0.235998 0.501293 
3.85 0.35 0.242726 0.54024 
3.9 0.35 0.240887 0.58115 
3.95 0.35 0.230449 0.623063 
4 0.35 0.211648 0.664732 
4.05 0.35 0.185006 0.704523 
4.1 0.35 0.151352 0.740401 
4.15 0.35 0.111833 0.77006 
4.2 0.35 0.0678943 0.791212 
4.25 0.35 0.0212369 0.801999 
4.3 0.35 -0.0262736 0.801401 
4.35 0.35 -0.0727166 0.789477 
4.4 0.35 -0.116239 0.767354 
4.45 0.35 -0.155165 0.736958 
4.5 0.35 -0.188078 0.700593 
4.55 0.35 -0.213866 0.660547 
4.6 0.35 -0.231734 0.618811 
4.65 0.35 -0.241194 0.576973 
4.7 0.35 -0.24204 0.536242 
4.75 0.35 -0.23433 0.497553 
4.8 0.35 -0.21837 0.461694 
4.85 0.35 -0.194703 0.429416 
4.9 0.35 -0.164112 0.401495 
4.95 0.35 -0.127607 0.378742 
5 0.35 -0.0864186 0.361959 
0 0.4 -0.141027 0.345156 
0.05 0.4 -0.0956348 0.326545 
0.1 0.4 -0.046664 0.315153 
0.15 0.4 0.00408498 0.311617 
0.2 0.4 0.054721 0.316145 
0.25 0.4 0.103361 0.328483 
0.3 0.4 0.148224 0.347975 
0.35 0.4 0.187708 0.373686 
0.4 0.4 0.220444 0.404571 
0.45 0.4 0.245332 0.4396 
0.5 0.4 0.261547 0.477837 
0.55 0.4 0.268545 0.51843 
0.6 0.4 0.266055 0.56054 
0.65 0.4 0.254088 0.603212 
0.7 0.4 0.232943 0.645232 
0.75 0.4 0.203232 0.685028 
0.8 0.4 0.165894 0.72065 
0.85 0.4 0.122202 0.749898 
0.9 0.4 0.0737482 0.770606 
0.95 0.4 0.0223815 0.781029 
1 0.4 -0.029876 0.78022 
1.05 0.4 -0.0809484 0.768252 
1.1 0.4 -0.128832 0.746208 
1.15 0.4 -0.171707 0.715916 
1.2 0.4 -0.208028 0.67957 
1.25 0.4 -0.236566 0.639347 
1.3 0.4 -0.256429 0.597145 
1.35 0.4 -0.26705 0.554481 
1.4 0.4 -0.268173 0.512523 
1.45 0.4 -0.259826 0.4722 
1.5 0.4 -0.24232 0.434345 
1.55 0.4 -0.216238 0.399816 
1.6 0.4 -0.182444 0.369562 
1.65 0.4 -0.142076 0.344619 
1.7 0.4 -0.0965365 0.326022 
1.75 0.4 -0.047451 0.314672 
1.8 0.4 0.00338775 0.311177 
1.85 0.4 0.0541013 0.315734 
1.9 0.4 0.102817 0.328086 
1.95 0.4 0.147761 0.347579 
2 0.4 0.187334 0.373287 
2.05 0.4 0.220166 0.404166 
2.1 0.4 0.245155 0.439188 
2.15 0.4 0.261476 0.477418 
2.2 0.4 0.268579 0.518007 
2.25 0.4 0.266192 0.560117 
2.3 0.4 0.254323 0.602795 
2.35 0.4 0.233268 0.644833 
2.4 0.4 0.203637 0.684663 
2.45 0.4 0.166366 0.720338 
2.5 0.4 0.122726 0.749662 
2.55 0.4 0.0743039 0.770468 
2.6 0.4 0.0229497 0.781001 
2.65 0.4 -0.029316 0.780306 
2.7 0.4 -0.080417 0.768446 
2.75 0.4 -0.128347 0.746493 
2.8 0.4 -0.171286 0.716271 
2.85 0.4 -0.207682 0.679972 
2.9 0.4 -0.236304 0.639774 
2.95 0.4 -0.256256 0.59758 
3 0.4 -0.26697 0.554912 
3.05 0.4 -0.268184 0.51294 
3.1 0.4 -0.259926 0.472595 
3.15 0.4 -0.242502 0.43471 
3.2 0.4 -0.216495 0.400144 
3.25 0.4 -0.182765 0.369846 
3.3 0.4 -0.14245 0.344849 
3.35 0.4 -0.0969479 0.326191 
3.4 0.4 -0.047885 0.314775 
3.45 0.4 0.00294704 0.311211 
3.5 0.4 0.0536699 0.3157 
3.55 0.4 0.102411 0.32799 
3.6 0.4 0.147393 0.34743 
3.65 0.4 0.187015 0.373093 
3.7 0.4 0.219906 0.403937 
3.75 0.4 0.244961 0.438933 
3.8 0.4 0.261351 0.477145 
3.85 0.4 0.268526 0.517722 
3.9 0.4 0.266212 0.559827 
3.95 0.4 0.254414 0.602508 
4 0.4 0.233428 0.644559 
4.05 0.4 0.20386 0.684414 
4.1 0.4 0.166645 0.720132 
4.15 0.4 0.123053 0.749517 
4.2 0.4 0.0746696 0.7704 
4.25 0.4 0.0233436 0.781025 
4.3 0.4 -0.0289039 0.78043 
4.35 0.4 -0.0799952 0.768671 
4.4 0.4 -0.127922 0.74681 
4.45 0.4 -0.17086 0.716666 
4.5 0.4 -0.207253 0.680426 
4.55 0.4 -0.235867 0.640265 
4.6 0.4 -0.2558 0.598086 
4.65 0.4 -0.26648 0.555413 
4.7 0.4 -0.267642 0.513417 
4.75 0.4 -0.259309 0.473033 
4.8 0.4 -0.241783 0.435103 
4.85 0.4 -0.215645 0.400491 
4.9 0.4 -0.181749 0.370159 
4.95 0.4 -0.141231 0.345156 
5 0.4 -0.0954961 0.326545 
0 0.45 -0.149656 0.320227 
0.05 0.45 -0.10137 0.299709 
0.1 0.45 -0.0492612 0.28709 
0.15 0.45 0.0047501 0.283195 
0.2 0.45 0.0586326 0.288294 
0.25 0.45 0.110356 0.302044 
0.3 0.45 0.157999 0.323566 
0.35 0.45 0.199843 0.35163 
0.4 0.45 0.23443 0.384878 
0.45 0.45 0.260602 0.422008 
0.5 0.45 0.277508 0.461882 
0.55 0.45 0.284603 0.503532 
0.6 0.45 0.281642 0.546075 
0.65 0.45 0.268675 0.588579 
0.7 0.45 0.246059 0.629915 
0.75 0.45 0.214472 0.668644 
0.8 0.45 0.174926 0.703004 
0.85 0.45 0.128772 0.731019 
0.9 0.45 0.0776775 0.750753 
0.95 0.45 0.0235666 0.760656 
1 0.45 -0.0314659 0.759887 
1.05 0.45 -0.0852721 0.748512 
1.1 0.45 -0.135775 0.727489 
1.15 0.45 -0.18108 0.698447 
1.2 0.45 -0.219563 0.663345 
1.25 0.45 -0.249921 0.624139 
1.3 0.45 -0.271186 0.58255 
1.35 0.45 -0.282727 0.539966 
1.4 0.45 -0.28423 0.497479 
1.45 0.45 -0.275685 0.456005 
1.5 0.45 -0.257378 0.416428 
1.55 0.45 -0.229896 0.379739 
1.6 0.45 -0.194131 0.347101 
1.65 0.45 -0.151282 0.319832 
1.7 0.45 -0.102845 0.299284 
1.75 0.45 -0.0505673 0.286652 
1.8 0.45 0.00361095 0.282747 
1.85 0.45 0.0576534 0.287836 
1.9 0.45 0.10953 0.301575 
1.95 0.45 0.157323 0.323087 
2 0.45 0.199314 0.351147 
2.05 0.45 0.234044 0.384395 
2.1 0.45 0.260355 0.42153 
2.15 0.45 0.277396 0.461412 
2.2 0.45 0.284619 0.503072 
2.25 0.45 0.281777 0.545628 
2.3 0.45 0.268921 0.58815 
2.35 0.45 0.246404 0.629513 
2.4 0.45 0.214903 0.668284 
2.45 0.45 0.175428 0.702701 
2.5 0.45 0.129328 0.730793 
2.55 0.45 0.0782668 0.750622 
2.6 0.45 0.0241682 0.760632 
2.65 0.45 -0.0308735 0.759971 
2.7 0.45 -0.0847099 0.748699 
2.75 0.45 -0.135262 0.727764 
2.8 0.45 -0.180633 0.69879 
2.85 0.45 -0.219195 0.663736 
2.9 0.45 -0.249641 0.624558 
2.95 0.45 -0.271001 0.582982 
3 0.45 -0.282639 0.540398 
3.05 0.45 -0.284239 0.497903 
3.1 0.45 -0.275788 0.456412 
3.15 0.45 -0.257569 0.41681 
3.2 0.45 -0.230167 0.380088 
3.25 0.45 -0.194471 0.347406 
3.3 0.45 -0.151679 0.320081 
3.35 0.45 -0.103283 0.299467 
3.4 0.45 -0.05103 0.286761 
3.45 0.45 0.00314091 0.28278 
3.5 0.45 0.0571934 0.287793 
3.55 0.45 0.109097 0.301463 
3.6 0.45 0.156931 0.322918 
3.65 0.45 0.198975 0.350932 
3.7 0.45 0.233768 0.384146 
3.75 0.45 0.260149 0.421259 
3.8 0.45 0.277264 0.461127 
3.85 0.45 0.284563 0.502781 
3.9 0.45 0.281798 0.545337 
3.95 0.45 0.269016 0.587867 
4 0.45 0.246569 0.629247 
4.05 0.45 0.215132 0.668046 
4.1 0.45 0.175715 0.702506 
4.15 0.45 0.129663 0.730655 
4.2 0.45 0.0786402 0.750557 
4.25 0.45 0.0245703 0.760649 
4.3 0.45 -0.0304521 0.760077 
4.35 0.45 -0.0842762 0.74889 
4.4 0.45 -0.13482 0.728032 
4.45 0.45 -0.180181 0.699118 
4.5 0.45 -0.218727 0.664102 
4.55 0.45 -0.249144 0.624941 
4.6 0.45 -0.270455 0.583357 
4.65 0.45 -0.282019 0.540744 
4.7 0.45 -0.283512 0.498201 
4.75 0.45 -0.274918 0.456652 
4.8 0.45 -0.256518 0.416991 
4.85 0.45 -0.228894 0.380221 
4.9 0.45 -0.192943 0.347521 
4.95 0.45 -0.149877 0.320227 
5 0.45 -0.10122 0.299709 
0 0.5 -0.152868 0.300238 
0.05 0.5 -0.103456 0.277845 
0.1 0.5 -0.0501014 0.264012 
0.15 0.5 0.00521774 0.259768 
0.2 0.5 0.0603946 0.265446 
0.25 0.5 0.113319 0.280604 
0.3 0.5 0.161998 0.304131 
0.35 0.5 0.204656 0.33448 
0.4 0.5 0.239802 0.369965 
0.45 0.5 0.266265 0.408997 
0.5 0.5 0.283204 0.450224 
0.55 0.5 0.290099 0.492546 
0.6 0.5 0.286742 0.535032 
0.65 0.5 0.273229 0.576776 
0.7 0.5 0.249962 0.616751 
0.75 0.5 0.217663 0.653695 
0.8 0.5 0.177382 0.686091 
0.85 0.5 0.130495 0.712258 
0.9 0.5 0.0786802 0.730567 
0.95 0.5 0.0238633 0.739717 
1 0.5 -0.03187 0.739006 
1.05 0.5 -0.0863835 0.728491 
1.1 0.5 -0.137608 0.70897 
1.15 0.5 -0.183647 0.681808 
1.2 0.5 -0.222863 0.648658 
1.25 0.5 -0.253922 0.611187 
1.3 0.5 -0.275821 0.570877 
1.35 0.5 -0.287881 0.528951 
1.4 0.5 -0.289743 0.48641 
1.45 0.5 -0.281349 0.444154 
1.5 0.5 -0.262951 0.40313 
1.55 0.5 -0.235109 0.364471 
1.6 0.5 -0.198707 0.329568 
1.65 0.5 -0.154961 0.300038 
1.7 0.5 -0.105403 0.277567 
1.75 0.5 -0.051842 0.26366 
1.8 0.5 0.00370272 0.259348 
1.85 0.5 0.0591056 0.264968 
1.9 0.5 0.112249 0.280082 
1.95 0.5 0.161136 0.303582 
2 0.5 0.203991 0.333922 
2.05 0.5 0.239321 0.369412 
2.1 0.5 0.265956 0.40846 
2.15 0.5 0.283054 0.449708 
2.2 0.5 0.290095 0.492055 
2.25 0.5 0.286871 0.534568 
2.3 0.5 0.273477 0.576343 
2.35 0.5 0.250315 0.616356 
2.4 0.5 0.218105 0.653348 
2.45 0.5 0.177896 0.685805 
2.5 0.5 0.131062 0.712049 
2.55 0.5 0.0792808 0.730448 
2.6 0.5 0.0244757 0.739697 
2.65 0.5 -0.0312675 0.739087 
2.7 0.5 -0.0858118 0.728667 
2.75 0.5 -0.137086 0.709228 
2.8 0.5 -0.183192 0.682132 
2.85 0.5 -0.222487 0.649031 
2.9 0.5 -0.253635 0.611591 
2.95 0.5 -0.275629 0.571299 
3 0.5 -0.287789 0.52938 
3.05 0.5 -0.289749 0.486837 
3.1 0.5 -0.281452 0.444571 
3.15 0.5 -0.263144 0.403527 
3.2 0.5 -0.235384 0.364837 
3.25 0.5 -0.199055 0.329891 
3.3 0.5 -0.155367 0.300304 
3.35 0.5 -0.105852 0.277763 
3.4 0.5 -0.0523166 0.263775 
3.45 0.5 0.00322045 0.259378 
3.5 0.5 0.0586338 0.264914 
3.55 0.5 0.111804 0.279954 
3.6 0.5 0.160735 0.303392 
3.65 0.5 0.203645 0.333686 
3.7 0.5 0.23904 0.369144 
3.75 0.5 0.265746 0.408173 
3.8 0.5 0.28292 0.449413 
3.85 0.5 0.290039 0.49176 
3.9 0.5 0.286891 0.534279 
3.95 0.5 0.273571 0.576067 
4 0.5 0.250478 0.616101 
4.05 0.5 0.218332 0.653124 
4.1 0.5 0.178178 0.685622 
4.15 0.5 0.131391 0.71192 
4.2 0.5 0.079646 0.730383 
4.25 0.5 0.0248683 0.739704 
4.3 0.5 -0.0308556 0.739167 
4.35 0.5 -0.0853858 0.728815 
4.4 0.5 -0.136647 0.709433 
4.45 0.5 -0.182735 0.682375 
4.5 0.5 -0.222001 0.64929 
4.55 0.5 -0.253101 0.611843 
4.6 0.5 -0.275019 0.571518 
4.65 0.5 -0.287068 0.529543 
4.7 0.5 -0.288875 0.486927 
4.75 0.5 -0.280377 0.444578 
4.8 0.5 -0.26182 0.403457 
4.85 0.5 -0.233766 0.364715 
4.9 0.5 -0.197112 0.329762 
4.95 0.5 -0.153096 0.300238 
5 0.5 -0.103302 0.277845 
0 0.55 -0.150462 0.282153 
0.05 0.55 -0.101767 0.258137 
0.1 0.55 -0.0491432 0.24325 
0.15 0.55 0.00543752 0.23871 
0.2 0.55 0.0598671 0.244906 
0.25 0.55 0.112032 0.261307 
0.3 0.55 0.159939 0.28658 
0.35 0.55 0.201825 0.31889 
0.4 0.55 0.236219 0.356249 
0.45 0.55 0.261985 0.396804 
0.5 0.55 0.278324 0.439005 
0.55 0.55 0.284762 0.481624 
0.6 0.55 0.281136 0.523678 
0.65 0.55 0.267584 0.564286 
0.7 0.55 0.244538 0.602521 
0.75 0.55 0.212737 0.637308 
0.8 0.55 0.173226 0.667397 
0.85 0.55 0.127355 0.691431 
0.9 0.55 0.0767518 0.708108 
0.95 0.55 0.0232714 0.716401 
1 0.55 -0.0310867 0.715757 
1.05 0.55 -0.0842764 0.70622 
1.1 0.55 -0.134312 0.68842 
1.15 0.55 -0.179367 0.663435 
1.2 0.55 -0.217849 0.632587 
1.25 0.55 -0.248447 0.597223 
1.3 0.55 -0.270159 0.558572 
1.35 0.55 -0.282287 0.517681 
1.4 0.55 -0.284437 0.47546 
1.45 0.55 -0.27651 0.432798 
1.5 0.55 -0.25871 0.390705 
1.55 0.55 -0.23155 0.350453 
1.6 0.55 -0.195874 0.313646 
1.65 0.55 -0.152864 0.282174 
1.7 0.55 -0.104033 0.258031 
1.75 0.55 -0.0511855 0.243006 
1.8 0.55 0.00365658 0.238335 
1.85 0.55 0.0583561 0.244422 
1.9 0.55 0.110784 0.260742 
1.95 0.55 0.158942 0.285968 
2 0.55 0.201061 0.318263 
2.05 0.55 0.235669 0.355631 
2.1 0.55 0.26163 0.396213 
2.15 0.55 0.278145 0.438449 
2.2 0.55 0.28474 0.481108 
2.25 0.55 0.281255 0.523204 
2.3 0.55 0.267825 0.563855 
2.35 0.55 0.244885 0.602138 
2.4 0.55 0.213172 0.63698 
2.45 0.55 0.173732 0.667133 
2.5 0.55 0.127913 0.691241 
2.55 0.55 0.0773412 0.708003 
2.6 0.55 0.0238714 0.716386 
2.65 0.55 -0.030497 0.715834 
2.7 0.55 -0.0837169 0.706384 
2.75 0.55 -0.133801 0.68866 
2.8 0.55 -0.17892 0.663738 
2.85 0.55 -0.217479 0.632938 
2.9 0.55 -0.248164 0.597609 
2.95 0.55 -0.269969 0.558981 
3 0.55 -0.282194 0.518102 
3.05 0.55 -0.284441 0.475887 
3.1 0.55 -0.276609 0.43322 
3.15 0.55 -0.258898 0.391113 
3.2 0.55 -0.23182 0.350834 
3.25 0.55 -0.196215 0.313985 
3.3 0.55 -0.153264 0.282455 
3.35 0.55 -0.104476 0.258237 
3.4 0.55 -0.0516544 0.243126 
3.45 0.55 0.00318005 0.238363 
3.5 0.55 0.0578901 0.244359 
3.55 0.55 0.110346 0.260599 
3.6 0.55 0.158547 0.285759 
3.65 0.55 0.20072 0.318007 
3.7 0.55 0.235393 0.355346 
3.75 0.55 0.261425 0.395913 
3.8 0.55 0.278014 0.438145 
3.85 0.55 0.284685 0.48081 
3.9 0.55 0.281274 0.522918 
3.95 0.55 0.267915 0.563588 
4 0.55 0.245041 0.601895 
4.05 0.55 0.213387 0.636769 
4.1 0.55 0.173998 0.666962 
4.15 0.55 0.128222 0.691119 
4.2 0.55 0.0776835 0.707936 
4.25 0.55 0.0242385 0.716378 
4.3 0.55 -0.0301118 0.715882 
4.35 0.55 -0.083317 0.706481 
4.4 0.55 -0.133385 0.688792 
4.45 0.55 -0.178481 0.663887 
4.5 0.55 -0.217 0.633079 
4.55 0.55 -0.247622 0.597718 
4.6 0.55 -0.269331 0.559031 
4.65 0.55 -0.281417 0.51807 
4.7 0.55 -0.283476 0.475753 
4.75 0.55 -0.275402 0.432979 
4.8 0.55 -0.257396 0.390775 
4.85 0.55 -0.229975 0.350435 
4.9 0.55 -0.194001 0.313589 
4.95 0.55 -0.150689 0.282153 
5 0.55 -0.101613 0.258137 
0 0.6 -0.142495 0.263658 
0.05 0.6 -0.0963416 0.238558 
0.1 0.6 -0.0464191 0.222963 
0.15 0.6 0.005381 0.218234 
0.2 0.6 0.0570274 0.224804 
0.25 0.6 0.106483 0.242066 
0.3 0.6 0.151834 0.268522 
0.35 0.6 0.191392 0.302113 
0.4 0.6 0.223768 0.340626 
0.45 0.6 0.247901 0.382008 
0.5 0.6 0.263062 0.424557 
0.55 0.6 0.268838 0.466946 
0.6 0.6 0.265114 0.508148 
0.65 0.6 0.252059 0.547299 
0.7 0.6 0.230116 0.583565 
0.75 0.6 0.200007 0.616044 
0.8 0.6 0.162733 0.643737 
0.85 0.6 0.119567 0.665592 
0.9 0.6 0.0720273 0.680621 
0.95 0.6 0.0218326 0.688054 
1 0.6 -0.0291712 0.687477 
1.05 0.6 -0.0790977 0.678924 
1.1 0.6 -0.126113 0.662863 
1.15 0.6 -0.168524 0.640106 
1.2 0.6 -0.204841 0.611656 
1.25 0.6 -0.233827 0.578563 
1.3 0.6 -0.25452 0.541812 
1.35 0.6 -0.266233 0.502289 
1.4 0.6 -0.268557 0.460826 
1.45 0.6 -0.261361 0.418299 
1.5 0.6 -0.244795 0.375775 
1.55 0.6 -0.219312 0.334635 
1.6 0.6 -0.185684 0.296642 
1.65 0.6 -0.145017 0.263896 
1.7 0.6 -0.0987463 0.238623 
1.75 0.6 -0.0486001 0.222831 
1.8 0.6 0.00347257 0.217912 
1.85 0.6 0.0554075 0.224321 
1.9 0.6 0.105149 0.241468 
1.95 0.6 0.150771 0.267857 
2 0.6 0.190581 0.301427 
2.05 0.6 0.223186 0.339953 
2.1 0.6 0.247525 0.381372 
2.15 0.6 0.262868 0.42397 
2.2 0.6 0.268804 0.466413 
2.25 0.6 0.26522 0.507669 
2.3 0.6 0.252286 0.546875 
2.35 0.6 0.230445 0.583198 
2.4 0.6 0.20042 0.615737 
2.45 0.6 0.163213 0.643496 
2.5 0.6 0.120095 0.665423 
2.55 0.6 0.0725836 0.680531 
2.6 0.6 0.022398 0.688046 
2.65 0.6 -0.028616 0.687552 
2.7 0.6 -0.0785712 0.679077 
2.75 0.6 -0.125632 0.663086 
2.8 0.6 -0.168103 0.640387 
2.85 0.6 -0.204492 0.611986 
2.9 0.6 -0.23356 0.578929 
2.95 0.6 -0.254339 0.542205 
3 0.6 -0.266143 0.502701 
3.05 0.6 -0.268558 0.461247 
3.1 0.6 -0.261452 0.418722 
3.15 0.6 -0.244971 0.376188 
3.2 0.6 -0.219567 0.335024 
3.25 0.6 -0.186007 0.296991 
3.3 0.6 -0.145396 0.264186 
3.35 0.6 -0.0991669 0.238836 
3.4 0.6 -0.0490456 0.222953 
3.45 0.6 0.0030198 0.217936 
3.5 0.6 0.054965 0.224251 
3.55 0.6 0.104733 0.241313 
3.6 0.6 0.150396 0.267635 
3.65 0.6 0.190259 0.301159 
3.7 0.6 0.222926 0.339656 
3.75 0.6 0.247332 0.381063 
3.8 0.6 0.262746 0.423662 
3.85 0.6 0.268753 0.466115 
3.9 0.6 0.265238 0.507388 
3.95 0.6 0.252368 0.546617 
4 0.6 0.230587 0.582966 
4.05 0.6 0.200616 0.615538 
4.1 0.6 0.163455 0.643334 
4.15 0.6 0.120373 0.665305 
4.2 0.6 0.0728908 0.680458 
4.25 0.6 0.0227262 0.688018 
4.3 0.6 -0.0282721 0.687564 
4.35 0.6 -0.0782133 0.679119 
4.4 0.6 -0.125257 0.663143 
4.45 0.6 -0.167701 0.640439 
4.5 0.6 -0.204044 0.612008 
4.55 0.6 -0.23304 0.578895 
4.6 0.6 -0.253712 0.542088 
4.65 0.6 -0.265362 0.502475 
4.7 0.6 -0.267571 0.460896 
4.75 0.6 -0.260202 0.418241 
4.8 0.6 -0.243404 0.375593 
4.85 0.6 -0.217636 0.33436 
4.9 0.6 -0.18369 0.296339 
4.95 0.6 -0.14271 0.263658 
5 0.6 -0.096196 0.238558 
0 0.65 -0.129302 0.243068 
0.05 0.65 -0.0874068 0.217721 
0.1 0.65 -0.0420439 0.201952 
0.15 0.65 0.00504447 0.197195 
0.2 0.65 0.0519835 0.203903 
0.25 0.65 0.0968939 0.22143 
0.3 0.65 0.138015 0.248186 
0.35 0.65 0.173804 0.282 
0.4 0.65 0.203002 0.320543 
0.45 0.65 0.224661 0.361666 
0.5 0.65 0.238144 0.403591 
0.55 0.65 0.243111 0.44494 
0.6 0.65 0.239489 0.484666 
0.65 0.65 0.227464 0.521927 
0.7 0.65 0.207466 0.555966 
0.75 0.65 0.180169 0.586028 
0.8 0.65 0.146487 0.611326 
0.85 0.65 0.107569 0.631066 
0.9 0.65 0.0647741 0.644524 
0.95 0.65 0.0196288 0.651143 
1 0.65 -0.0262321 0.65063 
1.05 0.65 -0.07114 0.643008 
1.1 0.65 -0.113471 0.62861 
1.15 0.65 -0.151717 0.608022 
1.2 0.65 -0.184547 0.581984 
1.25 0.65 -0.210841 0.55129 
1.3 0.65 -0.229716 0.51672 
1.35 0.65 -0.240529 0.479027 
1.4 0.65 -0.242881 0.438972 
1.45 0.65 -0.236619 0.397418 
1.5 0.65 -0.221845 0.355457 
1.55 0.65 -0.198938 0.314525 
1.6 0.65 -0.168576 0.276469 
1.65 0.65 -0.131747 0.243491 
1.7 0.65 -0.0897575 0.217933 
1.75 0.65 -0.0441901 0.20192 
1.8 0.65 0.00315806 0.196925 
1.85 0.65 0.0503788 0.203433 
1.9 0.65 0.0955719 0.220815 
1.95 0.65 0.136964 0.247489 
2 0.65 0.173004 0.281276 
2.05 0.65 0.202429 0.319835 
2.1 0.65 0.22429 0.361003 
2.15 0.65 0.237951 0.402986 
2.2 0.65 0.243072 0.444401 
2.25 0.65 0.239583 0.484192 
2.3 0.65 0.22767 0.521516 
2.35 0.65 0.207766 0.555619 
2.4 0.65 0.180545 0.585745 
2.45 0.65 0.146923 0.611109 
2.5 0.65 0.108047 0.630919 
2.55 0.65 0.0652771 0.644449 
2.6 0.65 0.0201392 0.651142 
2.65 0.65 -0.0257315 0.650703 
2.7 0.65 -0.0706655 0.64315 
2.75 0.65 -0.113037 0.628815 
2.8 0.65 -0.151337 0.608283 
2.85 0.65 -0.184231 0.582291 
2.9 0.65 -0.210598 0.551634 
2.95 0.65 -0.229552 0.517094 
3 0.65 -0.240447 0.479423 
3.05 0.65 -0.242881 0.439382 
3.1 0.65 -0.2367 0.397833 
3.15 0.65 -0.222004 0.355865 
3.2 0.65 -0.199168 0.314912 
3.25 0.65 -0.168868 0.276817 
3.3 0.65 -0.132092 0.243781 
3.35 0.65 -0.0901398 0.218146 
3.4 0.65 -0.0445953 0.202041 
3.45 0.65 0.00274614 0.196947 
3.5 0.65 0.0499764 0.203358 
3.55 0.65 0.0951944 0.220655 
3.6 0.65 0.136624 0.247261 
3.65 0.65 0.172713 0.281003 
3.7 0.65 0.202195 0.319536 
3.75 0.65 0.224117 0.360694 
3.8 0.65 0.237842 0.402681 
3.85 0.65 0.243026 0.444109 
3.9 0.65 0.239598 0.483919 
3.95 0.65 0.227743 0.521268 
4 0.65 0.207891 0.555399 
4.05 0.65 0.180716 0.585556 
4.1 0.65 0.147132 0.610955 
4.15 0.65 0.108287 0.630801 
4.2 0.65 0.0655401 0.644367 
4.25 0.65 0.0204188 0.651093 
4.3 0.65 -0.0254394 0.650679 
4.35 0.65 -0.0703616 0.643139 
4.4 0.65 -0.112717 0.628802 
4.45 0.65 -0.15099 0.608245 
4.5 0.65 -0.183838 0.582204 
4.55 0.65 -0.210131 0.551471 
4.6 0.65 -0.228974 0.516829 
4.65 0.65 -0.239714 0.47903 
4.7 0.65 -0.241942 0.438844 
4.75 0.65 -0.235499 0.397149 
4.8 0.65 -0.220489 0.355057 
4.85 0.65 -0.197298 0.314033 
4.9 0.65 -0.166625 0.275959 
4.95 0.65 -0.129496 0.243068 
5 0.65 -0.0872761 0.217721 
0 0.7 -0.111545 0.219233 
0.05 0.7 -0.0754024 0.194719 
0.1 0.7 -0.0362285 0.179459 
0.15 0.7 0.00445079 0.174877 
0.2 0.7 0.0449919 0.181418 
0.25 0.7 0.0837488 0.198433 
0.3 0.7 0.119184 0.224342 
0.35 0.7 0.149959 0.256994 
0.4 0.7 0.17499 0.294082 
0.45 0.7 0.193474 0.333485 
0.5 0.7 0.204884 0.373446 
0.55 0.7 0.20895 0.412602 
0.6 0.7 0.205639 0.449926 
0.65 0.7 0.195135 0.484612 
0.7 0.7 0.177828 0.515974 
0.75 0.7 0.154314 0.543375 
0.8 0.7 0.125386 0.566194 
0.85 0.7 0.0920284 0.583836 
0.9 0.7 0.0553969 0.595777 
0.95 0.7 0.0167833 0.601624 
1 0.7 -0.0224334 0.601171 
1.05 0.7 -0.060847 0.594434 
1.1 0.7 -0.0970869 0.581647 
1.15 0.7 -0.129877 0.563224 
1.2 0.7 -0.158083 0.5397 
1.25 0.7 -0.180744 0.511676 
1.3 0.7 -0.197092 0.479773 
1.35 0.7 -0.206558 0.444631 
1.4 0.7 -0.208776 0.406947 
1.45 0.7 -0.203588 0.367551 
1.5 0.7 -0.191055 0.327517 
1.55 0.7 -0.171479 0.288268 
1.6 0.7 -0.145421 0.25163 
1.65 0.7 -0.113727 0.219778 
1.7 0.7 -0.0775188 0.195035 
1.75 0.7 -0.0381762 0.179506 
1.8 0.7 0.00272875 0.174659 
1.85 0.7 0.0435218 0.180974 
1.9 0.7 0.0825362 0.197828 
1.95 0.7 0.118221 0.223645 
2 0.7 0.149227 0.256266 
2.05 0.7 0.174468 0.293372 
2.1 0.7 0.193138 0.332823 
2.15 0.7 0.204709 0.372848 
2.2 0.7 0.208913 0.412075 
2.25 0.7 0.20572 0.449469 
2.3 0.7 0.195314 0.484223 
2.35 0.7 0.178089 0.515652 
2.4 0.7 0.154641 0.543118 
2.45 0.7 0.125763 0.566002 
2.5 0.7 0.0924405 0.58371 
2.55 0.7 0.0558293 0.595717 
2.6 0.7 0.0172212 0.601629 
2.65 0.7 -0.0220044 0.601241 
2.7 0.7 -0.0604406 0.594566 
2.75 0.7 -0.0967156 0.581836 
2.8 0.7 -0.129552 0.563463 
2.85 0.7 -0.157812 0.539983 
2.9 0.7 -0.180535 0.511995 
2.95 0.7 -0.19695 0.480122 
3 0.7 -0.206486 0.445003 
3.05 0.7 -0.208775 0.407334 
3.1 0.7 -0.203657 0.367945 
3.15 0.7 -0.191191 0.327907 
3.2 0.7 -0.171676 0.288639 
3.25 0.7 -0.145674 0.251964 
3.3 0.7 -0.114024 0.220057 
3.35 0.7 -0.0778491 0.195239 
3.4 0.7 -0.0385265 0.179621 
3.45 0.7 0.00237274 0.174678 
3.5 0.7 0.0431743 0.180899 
3.55 0.7 0.0822106 0.19767 
3.6 0.7 0.117928 0.223423 
3.65 0.7 0.148978 0.256 
3.7 0.7 0.174268 0.293081 
3.75 0.7 0.19299 0.332525 
3.8 0.7 0.204616 0.372555 
3.85 0.7 0.208874 0.411796 
3.9 0.7 0.205733 0.449211 
3.95 0.7 0.195375 0.48399 
4 0.7 0.178193 0.515445 
4.05 0.7 0.154782 0.542941 
4.1 0.7 0.125935 0.565855 
4.15 0.7 0.0926366 0.583593 
4.2 0.7 0.0560427 0.595627 
4.25 0.7 0.0174465 0.601561 
4.3 0.7 -0.0217704 0.601186 
4.35 0.7 -0.0601978 0.594511 
4.4 0.7 -0.096459 0.581763 
4.45 0.7 -0.129271 0.563352 
4.5 0.7 -0.157489 0.539809 
4.55 0.7 -0.180144 0.511733 
4.6 0.7 -0.196456 0.479745 
4.65 0.7 -0.205848 0.444489 
4.7 0.7 -0.207946 0.406668 
4.75 0.7 -0.202587 0.367128 
4.8 0.7 -0.189836 0.326965 
4.85 0.7 -0.170001 0.287629 
4.9 0.7 -0.143665 0.250982 
4.95 0.7 -0.111705 0.219233 
5 0.7 -0.0752942 0.194719 
0 0.75 -0.0902527 0.191477 
0.05 0.75 -0.061017 0.169008 
0.1 0.75 -0.0292975 0.155026 
0.15 0.75 0.00365023 0.150843 
0.2 0.75 0.0364766 0.156868 
0.25 0.75 0.0678319 0.172499 
0.3 0.75 0.09646 0.196267 
0.35 0.75 0.121272 0.22618 
0.4 0.75 0.141397 0.260102 
0.45 0.75 0.156196 0.296067 
0.5 0.75 0.165259 0.332441 
0.55 0.75 0.168389 0.367956 
0.6 0.75 0.165579 0.401652 
0.65 0.75 0.156994 0.432786 
0.7 0.75 0.142966 0.46075 
0.75 0.75 0.123982 0.485006 
0.8 0.75 0.100686 0.50506 
0.85 0.75 0.0738683 0.520463 
0.9 0.75 0.0444524 0.530835 
0.95 0.75 0.0134649 0.535896 
1 0.75 -0.0180008 0.535504 
1.05 0.75 -0.0488299 0.52967 
1.1 0.75 -0.0779353 0.518555 
1.15 0.75 -0.104302 0.502455 
1.2 0.75 -0.127023 0.481759 
1.25 0.75 -0.145327 0.456923 
1.3 0.75 -0.158588 0.428445 
1.35 0.75 -0.166339 0.39687 
1.4 0.75 -0.168267 0.362819 
1.45 0.75 -0.164228 0.327062 
1.5 0.75 -0.154251 0.290602 
1.55 0.75 -0.138559 0.254764 
1.6 0.75 -0.117591 0.221246 
1.65 0.75 -0.0920196 0.192065 
1.7 0.75 -0.0627522 0.169374 
1.75 0.75 -0.0309129 0.155123 
1.8 0.75 0.00220994 0.150674 
1.85 0.75 0.0352409 0.156471 
1.9 0.75 0.0668107 0.171937 
1.95 0.75 0.0956489 0.19561 
2 0.75 0.120658 0.225491 
2.05 0.75 0.140961 0.259429 
2.1 0.75 0.155916 0.295442 
2.15 0.75 0.165114 0.33188 
2.2 0.75 0.168359 0.367465 
2.25 0.75 0.165646 0.401231 
2.3 0.75 0.157142 0.432433 
2.35 0.75 0.143179 0.460462 
2.4 0.75 0.124248 0.48478 
2.45 0.75 0.100991 0.504894 
2.5 0.75 0.0742014 0.520357 
2.55 0.75 0.0448011 0.530788 
2.6 0.75 0.0138173 0.535907 
2.65 0.75 -0.017656 0.535571 
2.7 0.75 -0.0485036 0.52979 
2.75 0.75 -0.0776372 0.518725 
2.8 0.75 -0.104041 0.502668 
2.85 0.75 -0.126806 0.482012 
2.9 0.75 -0.145159 0.45721 
2.95 0.75 -0.158474 0.42876 
3 0.75 -0.166281 0.397206 
3.05 0.75 -0.168266 0.363171 
3.1 0.75 -0.164284 0.327421 
3.15 0.75 -0.154361 0.290957 
3.2 0.75 -0.138719 0.255102 
3.25 0.75 -0.117795 0.221551 
3.3 0.75 -0.09226 0.19232 
3.35 0.75 -0.0630198 0.16956 
3.4 0.75 -0.0311967 0.155228 
3.45 0.75 0.00192159 0.15069 
3.5 0.75 0.0349597 0.156401 
3.55 0.75 0.0665476 0.171791 
3.6 0.75 0.0954132 0.195405 
3.65 0.75 0.120457 0.225246 
3.7 0.75 0.1408 0.259162 
3.75 0.75 0.155798 0.295168 
3.8 0.75 0.16504 0.331612 
3.85 0.75 0.168329 0.367211 
3.9 0.75 0.165656 0.400996 
3.95 0.75 0.15719 0.432221 
4 0.75 0.143261 0.460274 
4.05 0.75 0.124358 0.484618 
4.1 0.75 0.101124 0.504758 
4.15 0.75 0.0743517 0.520244 
4.2 0.75 0.0449631 0.530694 
4.25 0.75 0.0139868 0.535826 
4.3 0.75 -0.0174815 0.535494 
4.35 0.75 -0.0483235 0.529703 
4.4 0.75 -0.0774472 0.518612 
4.45 0.75 -0.103831 0.50251 
4.5 0.75 -0.126561 0.481786 
4.55 0.75 -0.144857 0.456892 
4.6 0.75 -0.158086 0.428326 
4.65 0.75 -0.16577 0.396637 
4.7 0.75 -0.167595 0.362454 
4.75 0.75 -0.16341 0.326561 
4.8 0.75 -0.153249 0.289982 
4.85 0.75 -0.137343 0.254069 
4.9 0.75 -0.11615 0.220552 
4.95 0.75 -0.0903674 0.191477 
5 0.75 -0.0609392 0.169008 
0 0.8 -0.066883 0.15958 
0.05 0.8 -0.0452252 0.140348 
0.1 0.8 -0.0217087 0.128389 
0.15 0.8 0.00271965 0.124823 
0.2 0.8 0.0270475 0.129994 
0.25 0.8 0.0502646 0.143383 
0.3 0.8 0.0714329 0.163737 
0.35 0.8 0.0897443 0.189347 
0.4 0.8 0.104557 0.218382 
0.45 0.8 0.115406 0.249151 
0.5 0.8 0.122004 0.280242 
0.55 0.8 0.124216 0.31055 
0.6 0.8 0.122051 0.339238 
0.65 0.8 0.115644 0.365662 
0.7 0.8 0.105246 0.389304 
0.75 0.8 0.0912221 0.409721 
0.8 0.8 0.0740495 0.426528 
0.85 0.8 0.0543086 0.439384 
0.9 0.8 0.0326744 0.448011 
0.95 0.8 0.0098957 0.452213 
1 0.8 -0.013231 0.451888 
1.05 0.8 -0.0358945 0.447043 
1.1 0.8 -0.0573028 0.437793 
1.15 0.8 -0.0767154 0.424347 
1.2 0.8 -0.0934688 0.406991 
1.25 0.8 -0.106995 0.38607 
1.3 0.8 -0.116831 0.361978 
1.35 0.8 -0.122626 0.335164 
1.4 0.8 -0.124141 0.306159 
1.45 0.8 -0.121256 0.275634 
1.5 0.8 -0.11398 0.244463 
1.55 0.8 -0.102463 0.213799 
1.6 0.8 -0.0870186 0.185109 
1.65 0.8 -0.0681361 0.160129 
1.7 0.8 -0.0464863 0.140706 
1.75 0.8 -0.0229064 0.128508 
1.8 0.8 0.00163779 0.1247 
1.85 0.8 0.0261129 0.129662 
1.9 0.8 0.0494904 0.1429 
1.95 0.8 0.0708186 0.163164 
2 0.8 0.0892804 0.188743 
2.05 0.8 0.104229 0.217792 
2.1 0.8 0.115198 0.248603 
2.15 0.8 0.121898 0.279751 
2.2 0.8 0.124197 0.310123 
2.25 0.8 0.122104 0.338875 
2.3 0.8 0.115756 0.36536 
2.35 0.8 0.105406 0.38906 
2.4 0.8 0.0914206 0.409533 
2.45 0.8 0.0742765 0.426392 
2.5 0.8 0.0545552 0.439299 
2.55 0.8 0.0329318 0.447977 
2.6 0.8 0.0101553 0.452227 
2.65 0.8 -0.0129774 0.451948 
2.7 0.8 -0.0356547 0.447147 
2.75 0.8 -0.0570839 0.437938 
2.8 0.8 -0.0765235 0.424529 
2.85 0.8 -0.0933092 0.407206 
2.9 0.8 -0.106872 0.386314 
2.95 0.8 -0.116747 0.362247 
3 0.8 -0.122583 0.335451 
3.05 0.8 -0.12414 0.30646 
3.1 0.8 -0.121297 0.275941 
3.15 0.8 -0.11406 0.244767 
3.2 0.8 -0.102581 0.214088 
3.25 0.8 -0.0871694 0.18537 
3.3 0.8 -0.0683142 0.160347 
3.35 0.8 -0.0466845 0.140865 
3.4 0.8 -0.0231168 0.128597 
3.45 0.8 0.00142411 0.124713 
3.5 0.8 0.0259047 0.129601 
3.55 0.8 0.0492959 0.142774 
3.6 0.8 0.0706447 0.162988 
3.65 0.8 0.0891326 0.188532 
3.7 0.8 0.104111 0.217562 
3.75 0.8 0.115112 0.248368 
3.8 0.8 0.121844 0.279521 
3.85 0.8 0.124175 0.309905 
3.9 0.8 0.122112 0.338673 
3.95 0.8 0.115791 0.365178 
4 0.8 0.105465 0.388898 
4.05 0.8 0.0914995 0.409392 
4.1 0.8 0.0743709 0.426272 
4.15 0.8 0.0546608 0.439196 
4.2 0.8 0.0330444 0.447887 
4.25 0.8 0.0102717 0.452144 
4.3 0.8 -0.012859 0.451864 
4.35 0.8 -0.0355338 0.447049 
4.4 0.8 -0.056957 0.437811 
4.45 0.8 -0.0763833 0.424356 
4.5 0.8 -0.0931434 0.406968 
4.55 0.8 -0.106663 0.38599 
4.6 0.8 -0.116474 0.361817 
4.65 0.8 -0.122217 0.334899 
4.7 0.8 -0.123651 0.305779 
4.75 0.8 -0.120655 0.275136 
4.8 0.8 -0.11324 0.243865 
4.85 0.8 -0.101567 0.213144 
4.9 0.8 -0.085964 0.184463 
4.95 0.8 -0.0669405 0.15958 
5 0.8 -0.0451859 0.140348 
0 0.85 -0.0433775 0.123752 
0.05 0.85 -0.0293286 0.108748 
0.1 0.85 -0.0140751 0.0994326 
0.15 0.85 0.00176015 0.096662 
0.2 0.85 0.0175186 0.100697 
0.25 0.85 0.0325425 0.111137 
0.3 0.85 0.0462212 0.127013 
0.35 0.85 0.0580309 0.147005 
0.4 0.85 0.0675591 0.16969 
0.45 0.85 0.0745127 0.193745 
0.5 0.85 0.0787127 0.218059 
0.55 0.85 0.0800824 0.241754 
0.6 0.85 0.0786351 0.264164 
0.65 0.85 0.0744636 0.284773 
0.7 0.85 0.0677343 0.303174 
0.75 0.85 0.0586849 0.319028 
0.8 0.85 0.0476219 0.332044 
0.85 0.85 0.0349179 0.341978 
0.9 0.85 0.0210047 0.348632 
0.95 0.85 0.00636075 0.351869 
1 0.85 -0.00850544 0.351618 
1.05 0.85 -0.023076 0.347886 
1.1 0.85 -0.0368451 0.34075 
1.15 0.85 -0.0493397 0.330356 
1.2 0.85 -0.0601351 0.316909 
1.25 0.85 -0.0688667 0.300657 
1.3 0.85 -0.0752364 0.281898 
1.35 0.85 -0.079015 0.260978 
1.4 0.85 -0.0800445 0.238317 
1.45 0.85 -0.0782407 0.214449 
1.5 0.85 -0.0736007 0.190071 
1.55 0.85 -0.0662132 0.1661 
1.6 0.85 -0.0562719 0.143689 
1.65 0.85 -0.0440878 0.124195 
1.7 0.85 -0.0300931 0.10905 
1.75 0.85 -0.0148329 0.0995468 
1.8 0.85 0.00106068 0.0965807 
1.85 0.85 0.0169088 0.100446 
1.9 0.85 0.0320363 0.11076 
1.95 0.85 0.0458203 0.126562 
2 0.85 0.0577296 0.146527 
2.05 0.85 0.0673479 0.169221 
2.1 0.85 0.0743801 0.19331 
2.15 0.85 0.0786472 0.217669 
2.2 0.85 0.0800732 0.241416 
2.25 0.85 0.0786724 0.263877 
2.3 0.85 0.0745389 0.284536 
2.35 0.85 0.0678402 0.302984 
2.4 0.85 0.0588146 0.318882 
2.45 0.85 0.0477694 0.331941 
2.5 0.85 0.0350775 0.341915 
2.55 0.85 0.0211708 0.348608 
2.6 0.85 0.00652792 0.351882 
2.65 0.85 -0.00834241 0.351667 
2.7 0.85 -0.022922 0.347969 
2.75 0.85 -0.0367047 0.340864 
2.8 0.85 -0.0492167 0.330499 
2.85 0.85 -0.0600328 0.317077 
2.9 0.85 -0.0687878 0.300849 
2.95 0.85 -0.0751827 0.282109 
3 0.85 -0.0789877 0.261203 
3.05 0.85 -0.0800441 0.238553 
3.1 0.85 -0.0782671 0.214689 
3.15 0.85 -0.0736529 0.190309 
3.2 0.85 -0.0662894 0.166326 
3.25 0.85 -0.0563695 0.143893 
3.3 0.85 -0.0442031 0.124364 
3.35 0.85 -0.0302215 0.109174 
3.4 0.85 -0.0149691 0.0996159 
3.45 0.85 0.000922326 0.0965907 
3.5 0.85 0.0167742 0.100398 
3.55 0.85 0.0319107 0.110662 
3.6 0.85 0.0457083 0.126425 
3.65 0.85 0.0576347 0.146362 
3.7 0.85 0.0672724 0.169042 
3.75 0.85 0.0743254 0.193125 
3.8 0.85 0.0786133 0.217488 
3.85 0.85 0.0800596 0.241245 
3.9 0.85 0.0786778 0.263718 
3.95 0.85 0.0745615 0.284392 
4 0.85 0.0678776 0.302856 
4.05 0.85 0.0588642 0.31877 
4.1 0.85 0.0478282 0.331844 
4.15 0.85 0.0351426 0.34183 
4.2 0.85 0.0212393 0.348532 
4.25 0.85 0.00659771 0.351809 
4.3 0.85 -0.0082726 0.35159 
4.35 0.85 -0.0228519 0.347877 
4.4 0.85 -0.036632 0.340747 
4.45 0.85 -0.0491366 0.330343 
4.5 0.85 -0.0599371 0.316866 
4.55 0.85 -0.068665 0.300566 
4.6 0.85 -0.0750178 0.28174 
4.65 0.85 -0.0787626 0.260737 
4.7 0.85 -0.0797387 0.237984 
4.75 0.85 -0.0778619 0.214026 
4.8 0.85 -0.0731326 0.189575 
4.85 0.85 -0.0656479 0.165566 
4.9 0.85 -0.0556164 0.143169 
4.95 0.85 -0.0433662 0.123752 
5 0.85 -0.0293359 0.108748 
0 0.9 -0.022229 0.0845847 
0.05 0.9 -0.0150013 0.0744485 
0.1 0.9 -0.00719175 0.068173 
0.15 0.9 0.000892972 0.0663113 
0.2 0.9 0.008927 0.0690314 
0.25 0.9 0.0165772 0.0760683 
0.3 0.9 0.0235316 0.0867818 
0.35 0.9 0.0295234 0.100295 
0.4 0.9 0.0343447 0.115656 
0.45 0.9 0.0378501 0.131971 
0.5 0.9 0.0399536 0.148481 
0.55 0.9 0.040621 0.164582 
0.6 0.9 0.0398631 0.179811 
0.65 0.9 0.0377296 0.19381 
0.7 0.9 0.0343064 0.206297 
0.75 0.9 0.029714 0.217044 
0.8 0.9 0.0241072 0.225855 
0.85 0.9 0.0176735 0.232571 
0.9 0.9 0.0106304 0.237065 
0.95 0.9 0.00321896 0.23925 
1 0.9 -0.00430455 0.239081 
1.05 0.9 -0.0116791 0.236561 
1.1 0.9 -0.0186497 0.231741 
1.15 0.9 -0.0249781 0.224713 
1.2 0.9 -0.0304504 0.215607 
1.25 0.9 -0.034883 0.204589 
1.3 0.9 -0.0381253 0.191856 
1.35 0.9 -0.0400608 0.177644 
1.4 0.9 -0.0406077 0.162244 
1.45 0.9 -0.0397205 0.146025 
1.5 0.9 -0.0373933 0.129475 
1.55 0.9 -0.0336662 0.113221 
1.6 0.9 -0.028633 0.0980502 
1.65 0.9 -0.0224481 0.0848788 
1.7 0.9 -0.0153303 0.0746637 
1.75 0.9 -0.00755875 0.0682619 
1.8 0.9 0.000540582 0.0662653 
1.85 0.9 0.00861641 0.0688671 
1.9 0.9 0.0163193 0.0758164 
1.95 0.9 0.0233284 0.0864774 
2 0.9 0.0293719 0.0999702 
2.05 0.9 0.0342397 0.115336 
2.1 0.9 0.0377855 0.131673 
2.15 0.9 0.039923 0.148214 
2.2 0.9 0.0406189 0.16435 
2.25 0.9 0.0398842 0.179614 
2.3 0.9 0.0377696 0.193648 
2.35 0.9 0.0343615 0.206168 
2.4 0.9 0.0297808 0.216945 
2.45 0.9 0.0241826 0.225786 
2.5 0.9 0.0177548 0.232529 
2.55 0.9 0.0107147 0.23705 
2.6 0.9 0.00330363 0.23926 
2.65 0.9 -0.00422211 0.239115 
2.7 0.9 -0.0116013 0.236618 
2.75 0.9 -0.0185788 0.231819 
2.8 0.9 -0.0249161 0.22481 
2.85 0.9 -0.0303989 0.215722 
2.9 0.9 -0.0348433 0.20472 
2.95 0.9 -0.0380983 0.192 
3 0.9 -0.0400471 0.177798 
3.05 0.9 -0.0406076 0.162404 
3.1 0.9 -0.0397339 0.146189 
3.15 0.9 -0.0374198 0.129636 
3.2 0.9 -0.033705 0.113374 
3.25 0.9 -0.0286826 0.0981884 
3.3 0.9 -0.0225068 0.0849935 
3.35 0.9 -0.0153958 0.0747473 
3.4 0.9 -0.0076282 0.0683086 
3.45 0.9 0.000470102 0.0662722 
3.5 0.9 0.0085479 0.0688353 
3.55 0.9 0.0162555 0.0757503 
3.6 0.9 0.0232716 0.0863844 
3.65 0.9 0.029324 0.0998586 
3.7 0.9 0.0342018 0.115214 
3.75 0.9 0.0377582 0.131547 
3.8 0.9 0.0399064 0.148091 
3.85 0.9 0.0406124 0.164233 
3.9 0.9 0.0398873 0.179506 
3.95 0.9 0.0377812 0.193549 
4 0.9 0.0343804 0.20608 
4.05 0.9 0.0298055 0.216868 
4.1 0.9 0.0242116 0.225718 
4.15 0.9 0.0177865 0.23247 
4.2 0.9 0.0107477 0.236995 
4.25 0.9 0.00333656 0.239206 
4.3 0.9 -0.0041899 0.239057 
4.35 0.9 -0.0115698 0.23655 
4.4 0.9 -0.0185469 0.231732 
4.45 0.9 -0.0248812 0.224694 
4.5 0.9 -0.0303569 0.215568 
4.55 0.9 -0.0347883 0.204515 
4.6 0.9 -0.0380223 0.191736 
4.65 0.9 -0.0399407 0.177467 
4.7 0.9 -0.0404603 0.162004 
4.75 0.9 -0.0395355 0.145727 
4.8 0.9 -0.0371631 0.12913 
4.85 0.9 -0.03339 0.112856 
4.9 0.9 -0.0283231 0.0977019 
4.95 0.9 -0.0221373 0.0845847 
5 0.9 -0.0150632 0.0744485 
0 0.95 -0.00656713 0.042964 
0.05 0.95 -0.00434941 0.037926 
0.1 0.95 -0.00207148 0.0348227 
0.15 0.95 0.000255193 0.0339044 
0.2 0.95 0.00255957 0.0352503 
0.25 0.95 0.00475042 0.0387334 
0.3 0.95 0.00673829 0.0440452 
0.35 0.95 0.00844664 0.05076 
0.4 0.95 0.00981671 0.0584116 
0.45 0.95 0.0108085 0.066557 
0.5 0.95 0.0113992 0.0748158 
0.55 0.95 0.0115809 0.0828814 
0.6 0.95 0.0113579 0.0905165 
0.65 0.95 0.0107451 0.0975376 
0.7 0.95 0.00976715 0.103801 
0.75 0.95 0.00845802 0.109188 
0.8 0.95 0.0068613 0.113604 
0.85 0.95 0.00502994 0.116968 
0.9 0.95 0.00302541 0.119218 
0.95 0.95 0.000916122 0.120311 
1 0.95 -0.00122507 0.120226 
1.05 0.95 -0.00332388 0.118965 
1.1 0.95 -0.00530787 0.116552 
1.15 0.95 -0.00710943 0.113031 
1.2 0.95 -0.0086681 0.108468 
1.25 0.95 -0.0099321 0.102943 
1.3 0.95 -0.010859 0.0965572 
1.35 0.95 -0.0114159 0.0894292 
1.4 0.95 -0.0115792 0.0817086 
1.45 0.95 -0.0113352 0.0735859 
1.5 0.95 -0.0106807 0.0653091 
1.55 0.95 -0.00962544 0.057197 
1.6 0.95 -0.00819422 0.0496437 
1.65 0.95 -0.00642976 0.0431017 
1.7 0.95 -0.00439405 0.0380393 
1.75 0.95 -0.00216746 0.0348722 
1.8 0.95 0.000155032 0.0338852 
1.85 0.95 0.00247065 0.0351714 
1.9 0.95 0.00467715 0.0386101 
1.95 0.95 0.0066812 0.0438948 
2 0.95 0.00840467 0.0505986 
2.05 0.95 0.00978816 0.0582517 
2.1 0.95 0.0107914 0.0664074 
2.15 0.95 0.0113917 0.0746814 
2.2 0.95 0.0115813 0.0827645 
2.25 0.95 0.0113648 0.0904175 
2.3 0.95 0.0107572 0.0974559 
2.35 0.95 0.00978333 0.103735 
2.4 0.95 0.00847737 0.109139 
2.45 0.95 0.006883 0.113569 
2.5 0.95 0.00505319 0.116947 
2.55 0.95 0.00304945 0.11921 
2.6 0.95 0.000940205 0.120316 
2.65 0.95 -0.00120166 0.120244 
2.7 0.95 -0.00330183 0.118994 
2.75 0.95 -0.0052878 0.116591 
2.8 0.95 -0.00709189 0.11308 
2.85 0.95 -0.00865354 0.108526 
2.9 0.95 -0.00992089 0.103009 
2.95 0.95 -0.0108514 0.0966292 
3 0.95 -0.0114121 0.0895063 
3.05 0.95 -0.0115792 0.0817892 
3.1 0.95 -0.011339 0.0736679 
3.15 0.95 -0.0106883 0.06539 
3.2 0.95 -0.00963651 0.0572737 
3.25 0.95 -0.00820842 0.0497125 
3.3 0.95 -0.00644658 0.0431587 
3.35 0.95 -0.00441281 0.0380809 
3.4 0.95 -0.00218738 0.0348954 
3.45 0.95 0.000134834 0.0338888 
3.5 0.95 0.00245104 0.0351558 
3.55 0.95 0.00465895 0.0385775 
3.6 0.95 0.00666508 0.0438488 
3.65 0.95 0.00839113 0.0505432 
3.7 0.95 0.00977751 0.0581909 
3.75 0.95 0.0107838 0.0663448 
3.8 0.95 0.0113872 0.0746197 
3.85 0.95 0.0115797 0.0827057 
3.9 0.95 0.0113658 0.0903628 
3.95 0.95 0.0107606 0.0974063 
4 0.95 0.00978874 0.103691 
4.05 0.95 0.00848437 0.109099 
4.1 0.95 0.00689112 0.113534 
4.15 0.95 0.00506196 0.116916 
4.2 0.95 0.00305841 0.119182 
4.25 0.95 0.000948959 0.120288 
4.3 0.95 -0.00119336 0.120213 
4.35 0.95 -0.00329401 0.118958 
4.4 0.95 -0.0052802 0.116545 
4.45 0.95 -0.00708382 0.113019 
4.5 0.95 -0.00864384 0.108445 
4.55 0.95 -0.00990784 0.102903 
4.6 0.95 -0.0108327 0.0964933 
4.65 0.95 -0.0113848 0.0893372 
4.7 0.95 -0.0115403 0.0815862 
4.75 0.95 -0.0112853 0.073435 
4.8 0.95 -0.0106176 0.065137 
4.85 0.95 -0.00954995 0.0570177 
4.9 0.95 -0.00811606 0.0494763 
4.95 0.95 -0.00638324 0.042964 
5 0.95 -0.00447425 0.037926 
0 1 0 0 
0.05 1 0 0 
0.1 1 0 0 
0.15 1 0 0 
0.2 1 0 0 
0.25 1 0 0 
0.3 1 0 0 
0.35 1 0 0 
0.4 1 0 0 
0.45 1 0 0 
0.5 1 0 0 
0.55 1 0 0 
0.6 1 0 0 
0.65 1 0 0 
0.7 1 0 0 
0.75 1 0 0 
0.8 1 0 0 
0.85 1 0 0 
0.9 1 0 0 
0.95 1 0 0 
1 1 0 0 
1.05 1 0 0 
1.1 1 0 0 
1.15 1 0 0 
1.2 1 0 0 
1.25 1 0 0 
1.3 1 0 0 
1.35 1 0 0 
1.4 1 0 0 
1.45 1 0 0 
1.5 1 0 0 
1.55 1 0 0 
1.6 1 0 0 
1.65 1 0 0 
1.7 1 0 0 
1.75 1 0 0 
1.8 1 0 0 
1.85 1 0 0 
1.9 1 0 0 
1.95 1 0 0 
2 1 0 0 
2.05 1 0 0 
2.1 1 0 0 
2.15 1 0 0 
2.2 1 0 0 
2.25 1 0 0 
2.3 1 0 0 
2.35 1 0 0 
2.4 1 0 0 
2.45 1 0 0 
2.5 1 0 0 
2.55 1 0 0 
2.6 1 0 0 
2.65 1 0 0 
2.7 1 0 0 
2.75 1 0 0 
2.8 1 0 0 
2.85 1 0 0 
2.9 1 0 0 
2.95 1 0 0 
3 1 0 0 
3.05 1 0 0 
3.1 1 0 0 
3.15 1 0 0 
3.2 1 0 0 
3.25 1 0 0 
3.3 1 0 0 
3.35 1 0 0 
3.4 1 0 0 
3.45 1 0 0 
3.5 1 0 0 
3.55 1 0 0 
3.6 1 0 0 
3.65 1 0 0 
3.7 1 0 0 
3.75 1 0 0 
3.8 1 0 0 
3.85 1 0 0 
3.9 1 0 0 
3.95 1 0 0 
4 1 0 0 
4.05 1 0 0 
4.1 1 0 0 
4.15 1 0 0 
4.2 1 0 0 
4.25 1 0 0 
4.3 1 0 0 
4.35 1 0 0 
4.4 1 0 0 
4.45 1 0 0 
4.5 1 0 0 
4.55 1 0 0 
4.6 1 0 0 
4.65 1 0 0 
4.7 1 0 0 
4.75 1 0 0 
4.8 1 0 0 
4.85 1 0 0 
4.9 1 0 0 
4.95 1 0 0 
5 1 0 0 
