x, y, ksi, T
#iter= 150000
0 0 0 1 
0.05 0 0 1 
0.1 0 0 1 
0.15 0 0 1 
0.2 0 0 1 
0.25 0 0 1 
0.3 0 0 1 
0.35 0 0 1 
0.4 0 0 1 
0.45 0 0 1 
0.5 0 0 1 
0.55 0 0 1 
0.6 0 0 1 
0.65 0 0 1 
0.7 0 0 1 
0.75 0 0 1 
0.8 0 0 1 
0.85 0 0 1 
0.9 0 0 1 
0.95 0 0 1 
1 0 0 1 
1.05 0 0 1 
1.1 0 0 1 
1.15 0 0 1 
1.2 0 0 1 
1.25 0 0 1 
1.3 0 0 1 
1.35 0 0 1 
1.4 0 0 1 
1.45 0 0 1 
1.5 0 0 1 
1.55 0 0 1 
1.6 0 0 1 
1.65 0 0 1 
1.7 0 0 1 
1.75 0 0 1 
1.8 0 0 1 
1.85 0 0 1 
1.9 0 0 1 
1.95 0 0 1 
2 0 0 1 
2.05 0 0 1 
2.1 0 0 1 
2.15 0 0 1 
2.2 0 0 1 
2.25 0 0 1 
2.3 0 0 1 
2.35 0 0 1 
2.4 0 0 1 
2.45 0 0 1 
2.5 0 0 1 
2.55 0 0 1 
2.6 0 0 1 
2.65 0 0 1 
2.7 0 0 1 
2.75 0 0 1 
2.8 0 0 1 
2.85 0 0 1 
2.9 0 0 1 
2.95 0 0 1 
3 0 0 1 
3.05 0 0 1 
3.1 0 0 1 
3.15 0 0 1 
3.2 0 0 1 
3.25 0 0 1 
3.3 0 0 1 
3.35 0 0 1 
3.4 0 0 1 
3.45 0 0 1 
3.5 0 0 1 
3.55 0 0 1 
3.6 0 0 1 
3.65 0 0 1 
3.7 0 0 1 
3.75 0 0 1 
3.8 0 0 1 
3.85 0 0 1 
3.9 0 0 1 
3.95 0 0 1 
4 0 0 1 
4.05 0 0 1 
4.1 0 0 1 
4.15 0 0 1 
4.2 0 0 1 
4.25 0 0 1 
4.3 0 0 1 
4.35 0 0 1 
4.4 0 0 1 
4.45 0 0 1 
4.5 0 0 1 
4.55 0 0 1 
4.6 0 0 1 
4.65 0 0 1 
4.7 0 0 1 
4.75 0 0 1 
4.8 0 0 1 
4.85 0 0 1 
4.9 0 0 1 
4.95 0 0 1 
5 0 0 1 
0 0.05 -0.00611385 0.890771 
0.05 0.05 -0.0042321 0.887727 
0.1 0.05 -0.00226585 0.885874 
0.15 0.05 -0.00026765 0.885196 
0.2 0.05 0.00171165 0.885683 
0.25 0.05 0.00361396 0.887312 
0.3 0.05 0.00537963 0.890046 
0.35 0.05 0.00695201 0.893826 
0.4 0.05 0.00828029 0.89858 
0.45 0.05 0.00932118 0.904213 
0.5 0.05 0.0100397 0.910614 
0.55 0.05 0.0104098 0.917644 
0.6 0.05 0.0104145 0.925134 
0.65 0.05 0.0100466 0.932871 
0.7 0.05 0.00931006 0.940588 
0.75 0.05 0.00822116 0.947959 
0.8 0.05 0.00681072 0.954605 
0.85 0.05 0.00512517 0.960122 
0.9 0.05 0.00322673 0.964118 
0.95 0.05 0.00119142 0.966282 
1 0.05 -0.000895023 0.966429 
1.05 0.05 -0.00294306 0.964549 
1.1 0.05 -0.00486602 0.9608 
1.15 0.05 -0.0065862 0.955481 
1.2 0.05 -0.00803931 0.948975 
1.25 0.05 -0.00917665 0.941689 
1.3 0.05 -0.00996536 0.934007 
1.35 0.05 -0.0103872 0.926264 
1.4 0.05 -0.0104369 0.918734 
1.45 0.05 -0.0101204 0.911638 
1.5 0.05 -0.00945366 0.905152 
1.55 0.05 -0.00846221 0.899418 
1.6 0.05 -0.00718067 0.89455 
1.65 0.05 -0.00565252 0.890643 
1.7 0.05 -0.00392948 0.887773 
1.75 0.05 -0.00207039 0.885994 
1.8 0.05 -0.000139391 0.885342 
1.85 0.05 0.00179648 0.88583 
1.9 0.05 0.00366997 0.887448 
1.95 0.05 0.00541638 0.890163 
2 0.05 0.006976 0.893924 
2.05 0.05 0.00829599 0.898658 
2.1 0.05 0.00933166 0.904274 
2.15 0.05 0.0100471 0.910659 
2.2 0.05 0.0104155 0.917676 
2.25 0.05 0.0104194 0.925155 
2.3 0.05 0.0100514 0.932883 
2.35 0.05 0.00931512 0.940593 
2.4 0.05 0.00822671 0.94796 
2.45 0.05 0.00681682 0.954605 
2.5 0.05 0.00513179 0.960123 
2.55 0.05 0.00323372 0.964122 
2.6 0.05 0.00119855 0.96629 
2.65 0.05 -0.000888037 0.966443 
2.7 0.05 -0.00293653 0.964569 
2.75 0.05 -0.00486027 0.960825 
2.8 0.05 -0.00658155 0.955511 
2.85 0.05 -0.00803603 0.949008 
2.9 0.05 -0.00917498 0.941724 
2.95 0.05 -0.00996549 0.934042 
3 0.05 -0.0103893 0.926298 
3.05 0.05 -0.010441 0.918766 
3.1 0.05 -0.0101266 0.911668 
3.15 0.05 -0.00946193 0.905178 
3.2 0.05 -0.00847245 0.899439 
3.25 0.05 -0.00719269 0.894565 
3.3 0.05 -0.00566605 0.890652 
3.35 0.05 -0.00394417 0.887774 
3.4 0.05 -0.00208583 0.885987 
3.45 0.05 -0.000155071 0.885326 
3.5 0.05 0.00178108 0.885805 
3.55 0.05 0.00365541 0.887413 
3.6 0.05 0.00540321 0.890119 
3.65 0.05 0.00696475 0.893871 
3.7 0.05 0.00828717 0.898597 
3.75 0.05 0.00932572 0.904204 
3.8 0.05 0.0100444 0.910582 
3.85 0.05 0.0104165 0.917593 
3.9 0.05 0.0104243 0.925068 
3.95 0.05 0.0100605 0.932795 
4 0.05 0.00932837 0.940507 
4.05 0.05 0.00824408 0.947881 
4.1 0.05 0.00683806 0.954538 
4.15 0.05 0.00515644 0.960074 
4.2 0.05 0.00326107 0.964098 
4.25 0.05 0.00122772 0.966296 
4.3 0.05 -0.000858108 0.966483 
4.35 0.05 -0.00290702 0.964643 
4.4 0.05 -0.00483244 0.960935 
4.45 0.05 -0.0065567 0.955653 
4.5 0.05 -0.00801557 0.94918 
4.55 0.05 -0.00916055 0.941922 
4.6 0.05 -0.00995917 0.934264 
4.65 0.05 -0.0103939 0.926539 
4.7 0.05 -0.0104607 0.919022 
4.75 0.05 -0.0101672 0.911932 
4.8 0.05 -0.00953244 0.905441 
4.85 0.05 -0.0085865 0.899685 
4.9 0.05 -0.00737188 0.89477 
4.95 0.05 -0.00594367 0.890771 
5 0.05 -0.00435148 0.887727 
0 0.1 -0.020646 0.782589 
0.05 0.1 -0.0145176 0.776591 
0.1 0.1 -0.00782035 0.772874 
0.15 0.1 -0.000882932 0.7715 
0.2 0.1 0.00603822 0.772462 
0.25 0.1 0.0127083 0.775715 
0.3 0.1 0.0189058 0.781178 
0.35 0.1 0.0244263 0.788733 
0.4 0.1 0.0290883 0.79823 
0.45 0.1 0.0327373 0.809482 
0.5 0.1 0.0352492 0.822265 
0.55 0.1 0.036532 0.836308 
0.6 0.1 0.0365273 0.851277 
0.65 0.1 0.0352129 0.866755 
0.7 0.1 0.0326063 0.882214 
0.75 0.1 0.02877 0.897006 
0.8 0.1 0.0238161 0.910371 
0.85 0.1 0.0179102 0.921485 
0.9 0.1 0.0112704 0.929551 
0.95 0.1 0.00416009 0.933922 
1 0.1 -0.00312575 0.93422 
1.05 0.1 -0.0102798 0.93042 
1.1 0.1 -0.017004 0.922853 
1.15 0.1 -0.0230296 0.912134 
1.2 0.1 -0.0281316 0.899047 
1.25 0.1 -0.0321368 0.88442 
1.3 0.1 -0.034926 0.869026 
1.35 0.1 -0.0364303 0.853532 
1.4 0.1 -0.0366267 0.83848 
1.45 0.1 -0.035533 0.824305 
1.5 0.1 -0.033204 0.811349 
1.55 0.1 -0.0297292 0.799894 
1.6 0.1 -0.0252308 0.790166 
1.65 0.1 -0.0198631 0.782356 
1.7 0.1 -0.0138088 0.776615 
1.75 0.1 -0.00727574 0.773057 
1.8 0.1 -0.000489669 0.771752 
1.85 0.1 0.00631353 0.772728 
1.9 0.1 0.0128973 0.775964 
1.95 0.1 0.0190339 0.781396 
2 0.1 0.0245125 0.788916 
2.05 0.1 0.0291465 0.798377 
2.1 0.1 0.0327774 0.809595 
2.15 0.1 0.0352782 0.822349 
2.2 0.1 0.0365547 0.836367 
2.25 0.1 0.036547 0.851315 
2.3 0.1 0.0352318 0.866776 
2.35 0.1 0.0326258 0.882223 
2.4 0.1 0.0287908 0.897008 
2.45 0.1 0.0238386 0.91037 
2.5 0.1 0.0179342 0.921486 
2.55 0.1 0.0112955 0.929558 
2.6 0.1 0.0041854 0.933938 
2.65 0.1 -0.00310113 0.934247 
2.7 0.1 -0.0102569 0.93046 
2.75 0.1 -0.016984 0.922903 
2.8 0.1 -0.0230135 0.912193 
2.85 0.1 -0.0281204 0.899112 
2.9 0.1 -0.0321314 0.884489 
2.95 0.1 -0.0349269 0.869097 
3 0.1 -0.0364381 0.853601 
3.05 0.1 -0.0366417 0.838546 
3.1 0.1 -0.0355554 0.824364 
3.15 0.1 -0.0332337 0.811402 
3.2 0.1 -0.0297657 0.799936 
3.25 0.1 -0.0252735 0.790197 
3.3 0.1 -0.019911 0.782373 
3.35 0.1 -0.0138608 0.776617 
3.4 0.1 -0.00733016 0.773043 
3.45 0.1 -0.000544844 0.771721 
3.5 0.1 0.00625947 0.772678 
3.55 0.1 0.0128463 0.775896 
3.6 0.1 0.0189879 0.781309 
3.65 0.1 0.0244734 0.788811 
3.7 0.1 0.029116 0.798254 
3.75 0.1 0.0327572 0.809456 
3.8 0.1 0.0352697 0.822195 
3.85 0.1 0.0365591 0.836201 
3.9 0.1 0.0365652 0.851141 
3.95 0.1 0.0352645 0.866599 
4 0.1 0.0326731 0.88205 
4.05 0.1 0.0288523 0.896847 
4.1 0.1 0.0239134 0.910234 
4.15 0.1 0.0180207 0.921387 
4.2 0.1 0.0113911 0.929509 
4.25 0.1 0.00428706 0.933948 
4.3 0.1 -0.00299707 0.934325 
4.35 0.1 -0.0101545 0.930608 
4.4 0.1 -0.0168876 0.923121 
4.45 0.1 -0.0229276 0.912476 
4.5 0.1 -0.0280499 0.899454 
4.55 0.1 -0.0320819 0.884883 
4.6 0.1 -0.0349054 0.869535 
4.65 0.1 -0.0364537 0.854076 
4.7 0.1 -0.036707 0.839049 
4.75 0.1 -0.0356877 0.824883 
4.8 0.1 -0.0334561 0.811915 
4.85 0.1 -0.0301075 0.800412 
4.9 0.1 -0.0257649 0.790581 
4.95 0.1 -0.0205604 0.782589 
5 0.1 -0.014576 0.776591 
0 0.15 -0.0402543 0.679522 
0.05 0.15 -0.0282904 0.670718 
0.1 0.15 -0.0152119 0.665216 
0.15 0.15 -0.00160537 0.663161 
0.2 0.15 0.012011 0.664573 
0.25 0.15 0.0251555 0.669389 
0.3 0.15 0.0373781 0.677486 
0.35 0.15 0.0482666 0.688682 
0.4 0.15 0.0574569 0.702745 
0.45 0.15 0.0646408 0.71939 
0.5 0.15 0.069572 0.738283 
0.55 0.15 0.0720693 0.759024 
0.6 0.15 0.0720204 0.781127 
0.65 0.15 0.0693867 0.803983 
0.7 0.15 0.0642093 0.826826 
0.75 0.15 0.0566184 0.848705 
0.8 0.15 0.0468414 0.8685 
0.85 0.15 0.035208 0.884983 
0.9 0.15 0.022147 0.89696 
0.95 0.15 0.00817271 0.903454 
1 0.15 -0.00614198 0.903897 
1.05 0.15 -0.0202012 0.89825 
1.1 0.15 -0.0334263 0.887011 
1.15 0.15 -0.045293 0.87111 
1.2 0.15 -0.0553592 0.851723 
1.25 0.15 -0.0632812 0.830083 
1.3 0.15 -0.0688175 0.807331 
1.35 0.15 -0.0718255 0.784446 
1.4 0.15 -0.0722528 0.762219 
1.45 0.15 -0.0701291 0.741278 
1.5 0.15 -0.0655587 0.722127 
1.55 0.15 -0.0587164 0.705174 
1.6 0.15 -0.049844 0.690762 
1.65 0.15 -0.0392466 0.679176 
1.7 0.15 -0.0272874 0.67065 
1.75 0.15 -0.0143782 0.665361 
1.8 0.15 -0.000967352 0.663421 
1.85 0.15 0.0124775 0.664873 
1.9 0.15 0.0254872 0.669684 
1.95 0.15 0.0376097 0.677751 
2 0.15 0.0484271 0.688908 
2.05 0.15 0.0575686 0.702929 
2.1 0.15 0.0647204 0.719533 
2.15 0.15 0.0696314 0.738389 
2.2 0.15 0.072117 0.759098 
2.25 0.15 0.0720625 0.781173 
2.3 0.15 0.069427 0.804008 
2.35 0.15 0.0642505 0.826834 
2.4 0.15 0.0566619 0.848705 
2.45 0.15 0.0468878 0.868496 
2.5 0.15 0.0352569 0.884983 
2.55 0.15 0.0221975 0.896969 
2.6 0.15 0.00822332 0.903477 
2.65 0.15 -0.00609304 0.903938 
2.7 0.15 -0.020156 0.898308 
2.75 0.15 -0.0333869 0.887086 
2.8 0.15 -0.0452615 0.871198 
2.85 0.15 -0.0553376 0.851821 
2.9 0.15 -0.0632709 0.830186 
2.95 0.15 -0.06882 0.807436 
3 0.15 -0.0718417 0.784549 
3.05 0.15 -0.0722834 0.762317 
3.1 0.15 -0.0701742 0.741368 
3.15 0.15 -0.0656181 0.722206 
3.2 0.15 -0.0587894 0.705239 
3.25 0.15 -0.0499291 0.69081 
3.3 0.15 -0.039342 0.679204 
3.35 0.15 -0.0273905 0.670656 
3.4 0.15 -0.0144861 0.665343 
3.45 0.15 -0.00107653 0.663377 
3.5 0.15 0.0123707 0.664801 
3.55 0.15 0.0253867 0.669584 
3.6 0.15 0.0375194 0.677624 
3.65 0.15 0.0483506 0.688754 
3.7 0.15 0.0575094 0.702749 
3.75 0.15 0.0646816 0.719329 
3.8 0.15 0.0696158 0.738164 
3.85 0.15 0.072127 0.758855 
3.9 0.15 0.0720998 0.780918 
3.95 0.15 0.0694926 0.803747 
4 0.15 0.0643447 0.826579 
4.05 0.15 0.0567838 0.848468 
4.1 0.15 0.0470353 0.868295 
4.15 0.15 0.0354267 0.884835 
4.2 0.15 0.0223849 0.896893 
4.25 0.15 0.00842217 0.90349 
4.3 0.15 -0.00588978 0.904049 
4.35 0.15 -0.019956 0.898523 
4.4 0.15 -0.0331986 0.887402 
4.45 0.15 -0.0450933 0.871609 
4.5 0.15 -0.0551985 0.852316 
4.55 0.15 -0.0631711 0.830754 
4.6 0.15 -0.0687715 0.808066 
4.65 0.15 -0.0718598 0.785229 
4.7 0.15 -0.0723878 0.763033 
4.75 0.15 -0.0703905 0.742101 
4.8 0.15 -0.0659774 0.722924 
4.85 0.15 -0.0593242 0.705897 
4.9 0.15 -0.0506598 0.691339 
4.95 0.15 -0.0402406 0.679522 
5 0.15 -0.0282977 0.670718 
0 0.2 -0.0620839 0.586544 
0.05 0.2 -0.0435443 0.575191 
0.1 0.2 -0.0233289 0.568065 
0.15 0.2 -0.00227269 0.565387 
0.2 0.2 0.0188299 0.567209 
0.25 0.2 0.0392212 0.573463 
0.3 0.2 0.0581894 0.583982 
0.35 0.2 0.0750841 0.598513 
0.4 0.2 0.0893325 0.616731 
0.45 0.2 0.100452 0.638252 
0.5 0.2 0.108059 0.662631 
0.55 0.2 0.111876 0.689348 
0.6 0.2 0.111734 0.717781 
0.65 0.2 0.107581 0.747156 
0.7 0.2 0.0994903 0.776504 
0.75 0.2 0.0876748 0.804616 
0.8 0.2 0.0724945 0.830057 
0.85 0.2 0.0544645 0.851252 
0.9 0.2 0.0342482 0.866661 
0.95 0.2 0.0126352 0.875019 
1 0.2 -0.00949776 0.875589 
1.05 0.2 -0.0312405 0.868319 
1.1 0.2 -0.0517081 0.853859 
1.15 0.2 -0.0700958 0.833409 
1.2 0.2 -0.0857207 0.808488 
1.25 0.2 -0.0980464 0.78068 
1.3 0.2 -0.106691 0.751447 
1.35 0.2 -0.111424 0.722031 
1.4 0.2 -0.112153 0.693436 
1.45 0.2 -0.108914 0.66646 
1.5 0.2 -0.101864 0.641743 
1.55 0.2 -0.0912695 0.619816 
1.6 0.2 -0.0775034 0.60113 
1.65 0.2 -0.0610408 0.586074 
1.7 0.2 -0.0424479 0.574973 
1.75 0.2 -0.0223688 0.568077 
1.8 0.2 -0.00150446 0.565546 
1.85 0.2 0.0194131 0.56744 
1.9 0.2 0.0396496 0.573714 
1.95 0.2 0.0584979 0.584222 
2 0.2 0.0753046 0.598725 
2.05 0.2 0.0894911 0.616908 
2.1 0.2 0.100569 0.638392 
2.15 0.2 0.10815 0.662735 
2.2 0.2 0.111952 0.68942 
2.25 0.2 0.111802 0.717824 
2.3 0.2 0.107647 0.747177 
2.35 0.2 0.0995579 0.776508 
2.4 0.2 0.0877456 0.804609 
2.45 0.2 0.0725693 0.830049 
2.5 0.2 0.0545426 0.85125 
2.55 0.2 0.0343282 0.866672 
2.6 0.2 0.0127149 0.875049 
2.65 0.2 -0.00942109 0.875641 
2.7 0.2 -0.03117 0.868395 
2.75 0.2 -0.051647 0.853956 
2.8 0.2 -0.0700472 0.833523 
2.85 0.2 -0.0856875 0.808615 
2.9 0.2 -0.0980311 0.780814 
2.95 0.2 -0.106696 0.751584 
3 0.2 -0.11145 0.722166 
3.05 0.2 -0.112201 0.693565 
3.1 0.2 -0.108985 0.666579 
3.15 0.2 -0.101958 0.641848 
3.2 0.2 -0.0913839 0.619903 
3.25 0.2 -0.0776368 0.601196 
3.3 0.2 -0.06119 0.586115 
3.35 0.2 -0.0426091 0.574985 
3.4 0.2 -0.0225371 0.568057 
3.45 0.2 -0.00167452 0.565492 
3.5 0.2 0.0192471 0.56735 
3.55 0.2 0.0394936 0.573589 
3.6 0.2 0.058358 0.584061 
3.65 0.2 0.0751866 0.598528 
3.7 0.2 0.0894003 0.616679 
3.75 0.2 0.10051 0.638132 
3.8 0.2 0.108128 0.662448 
3.85 0.2 0.111969 0.68911 
3.9 0.2 0.111862 0.717498 
3.95 0.2 0.10775 0.746845 
4 0.2 0.0997048 0.776182 
4.05 0.2 0.0879349 0.804308 
4.1 0.2 0.0727976 0.829792 
4.15 0.2 0.0548046 0.851061 
4.2 0.2 0.0346165 0.866574 
4.25 0.2 0.0130204 0.875063 
4.3 0.2 -0.00910901 0.875781 
4.35 0.2 -0.0308629 0.868666 
4.4 0.2 -0.0513569 0.854354 
4.45 0.2 -0.0697864 0.834039 
4.5 0.2 -0.0854687 0.809234 
4.55 0.2 -0.0978678 0.781522 
4.6 0.2 -0.106603 0.752363 
4.65 0.2 -0.111446 0.723 
4.7 0.2 -0.112309 0.694435 
4.75 0.2 -0.109232 0.66746 
4.8 0.2 -0.102372 0.642704 
4.85 0.2 -0.0919905 0.620683 
4.9 0.2 -0.0784384 0.601834 
4.95 0.2 -0.0621309 0.586544 
5 0.2 -0.0435092 0.575191 
0 0.25 -0.0838891 0.507559 
0.05 0.25 -0.0587176 0.493967 
0.1 0.25 -0.0313291 0.485414 
0.15 0.25 -0.00279364 0.482189 
0.2 0.25 0.025825 0.484384 
0.25 0.25 0.0534919 0.491924 
0.3 0.25 0.0792282 0.504589 
0.35 0.25 0.102139 0.52204 
0.4 0.25 0.12144 0.543848 
0.45 0.25 0.136471 0.569517 
0.5 0.25 0.146714 0.598488 
0.55 0.25 0.151798 0.630133 
0.6 0.25 0.151504 0.663717 
0.65 0.25 0.145773 0.698339 
0.7 0.25 0.13472 0.732871 
0.75 0.25 0.118645 0.765912 
0.8 0.25 0.0980473 0.795793 
0.85 0.25 0.0736277 0.820676 
0.9 0.25 0.0462823 0.838759 
0.95 0.25 0.0170708 0.848567 
1 0.25 -0.0128349 0.849235 
1.05 0.25 -0.0422197 0.840704 
1.1 0.25 -0.069901 0.823731 
1.15 0.25 -0.0947998 0.799723 
1.2 0.25 -0.115995 0.770454 
1.25 0.25 -0.132756 0.73777 
1.3 0.25 -0.144556 0.703374 
1.35 0.25 -0.151069 0.668707 
1.4 0.25 -0.152156 0.634935 
1.45 0.25 -0.147854 0.602984 
1.5 0.25 -0.138361 0.57361 
1.55 0.25 -0.124031 0.547452 
1.6 0.25 -0.105368 0.525073 
1.65 0.25 -0.0830144 0.506972 
1.7 0.25 -0.0577425 0.493582 
1.75 0.25 -0.0304329 0.485242 
1.8 0.25 -0.00204617 0.482178 
1.85 0.25 0.0264135 0.484472 
1.9 0.25 0.0539389 0.492062 
1.95 0.25 0.079561 0.504742 
2 0.25 0.102386 0.522188 
2.05 0.25 0.121624 0.543978 
2.1 0.25 0.136613 0.569622 
2.15 0.25 0.14683 0.598567 
2.2 0.25 0.151899 0.630187 
2.25 0.25 0.151598 0.663746 
2.3 0.25 0.145866 0.698348 
2.35 0.25 0.134815 0.732866 
2.4 0.25 0.118745 0.7659 
2.45 0.25 0.0981522 0.795781 
2.5 0.25 0.0737366 0.820672 
2.55 0.25 0.0463931 0.838773 
2.6 0.25 0.0171806 0.848604 
2.65 0.25 -0.0127298 0.849299 
2.7 0.25 -0.0421234 0.840796 
2.75 0.25 -0.0698179 0.823848 
2.8 0.25 -0.0947339 0.799861 
2.85 0.25 -0.11595 0.770607 
2.9 0.25 -0.132735 0.737932 
2.95 0.25 -0.144563 0.703539 
3 0.25 -0.151105 0.668871 
3.05 0.25 -0.152223 0.635092 
3.1 0.25 -0.147951 0.603131 
3.15 0.25 -0.138489 0.573741 
3.2 0.25 -0.124188 0.547563 
3.25 0.25 -0.10555 0.525158 
3.3 0.25 -0.0832183 0.507027 
3.35 0.25 -0.0579625 0.493602 
3.4 0.25 -0.0306625 0.485224 
3.45 0.25 -0.00227786 0.482119 
3.5 0.25 0.0261877 0.48437 
3.55 0.25 0.0537272 0.491916 
3.6 0.25 0.0793715 0.504554 
3.65 0.25 0.102226 0.521958 
3.7 0.25 0.121502 0.543709 
3.75 0.25 0.136535 0.569318 
3.8 0.25 0.146802 0.598231 
3.85 0.25 0.151924 0.629825 
3.9 0.25 0.15168 0.663367 
3.95 0.25 0.146007 0.697962 
4 0.25 0.135015 0.732488 
4.05 0.25 0.119001 0.765549 
4.1 0.25 0.09846 0.795482 
4.15 0.25 0.0740889 0.820453 
4.2 0.25 0.0467801 0.83866 
4.25 0.25 0.0175901 0.848621 
4.3 0.25 -0.0123116 0.849461 
4.35 0.25 -0.0417114 0.841107 
4.4 0.25 -0.069427 0.824305 
4.45 0.25 -0.0943792 0.80045 
4.5 0.25 -0.115646 0.77131 
4.55 0.25 -0.132497 0.73873 
4.6 0.25 -0.144406 0.70441 
4.65 0.25 -0.151047 0.669795 
4.7 0.25 -0.152283 0.636045 
4.75 0.25 -0.148151 0.604085 
4.8 0.25 -0.138848 0.574661 
4.85 0.25 -0.124716 0.548402 
4.9 0.25 -0.106233 0.525865 
4.95 0.25 -0.0839865 0.507559 
5 0.25 -0.0586476 0.493967 
0 0.3 -0.103927 0.444144 
0.05 0.3 -0.0726107 0.428579 
0.1 0.3 -0.0385841 0.418759 
0.15 0.3 -0.00313112 0.415054 
0.2 0.3 0.0324366 0.417598 
0.25 0.3 0.0668249 0.426302 
0.3 0.3 0.0988034 0.440872 
0.35 0.3 0.127247 0.460856 
0.4 0.3 0.151172 0.485693 
0.45 0.3 0.169759 0.514749 
0.5 0.3 0.182367 0.547348 
0.55 0.3 0.188545 0.582758 
0.6 0.3 0.188036 0.620154 
0.65 0.3 0.180787 0.658549 
0.7 0.3 0.166958 0.696716 
0.75 0.3 0.146937 0.733139 
0.8 0.3 0.121355 0.766008 
0.85 0.3 0.0910857 0.793336 
0.9 0.3 0.0572359 0.813174 
0.95 0.3 0.0211057 0.823926 
1 0.3 -0.0158722 0.824658 
1.05 0.3 -0.0522141 0.815305 
1.1 0.3 -0.0864746 0.796686 
1.15 0.3 -0.11733 0.770322 
1.2 0.3 -0.143645 0.738129 
1.25 0.3 -0.16451 0.702109 
1.3 0.3 -0.17926 0.664102 
1.35 0.3 -0.187474 0.625671 
1.4 0.3 -0.188961 0.588078 
1.45 0.3 -0.183748 0.55234 
1.5 0.3 -0.172063 0.5193 
1.55 0.3 -0.154335 0.489696 
1.6 0.3 -0.131179 0.464209 
1.65 0.3 -0.103392 0.443473 
1.7 0.3 -0.0719388 0.428054 
1.75 0.3 -0.0379219 0.418416 
1.8 0.3 -0.00254894 0.414867 
1.85 0.3 0.0329159 0.417525 
1.9 0.3 0.0672044 0.426301 
1.95 0.3 0.0990981 0.440912 
2 0.3 0.127476 0.460915 
2.05 0.3 0.151353 0.485753 
2.1 0.3 0.169907 0.514802 
2.15 0.3 0.182495 0.547389 
2.2 0.3 0.188663 0.582783 
2.25 0.3 0.188152 0.620163 
2.3 0.3 0.180904 0.658544 
2.35 0.3 0.16708 0.696701 
2.4 0.3 0.147065 0.73312 
2.45 0.3 0.121489 0.765993 
2.5 0.3 0.0912241 0.793333 
2.55 0.3 0.0573762 0.813191 
2.6 0.3 0.021244 0.823969 
2.65 0.3 -0.0157403 0.824732 
2.7 0.3 -0.0520936 0.81541 
2.75 0.3 -0.0863708 0.796819 
2.8 0.3 -0.117248 0.770478 
2.85 0.3 -0.143589 0.738303 
2.9 0.3 -0.164485 0.702293 
2.95 0.3 -0.179269 0.664292 
3 0.3 -0.18752 0.62586 
3.05 0.3 -0.189045 0.588261 
3.1 0.3 -0.18387 0.552513 
3.15 0.3 -0.172223 0.519456 
3.2 0.3 -0.154531 0.48983 
3.25 0.3 -0.131407 0.464315 
3.3 0.3 -0.103647 0.443545 
3.35 0.3 -0.0722138 0.428087 
3.4 0.3 -0.0382086 0.418404 
3.45 0.3 -0.00283803 0.414807 
3.5 0.3 0.0326345 0.417415 
3.55 0.3 0.0669411 0.426141 
3.6 0.3 0.0988631 0.440704 
3.65 0.3 0.127279 0.46066 
3.7 0.3 0.151203 0.485456 
3.75 0.3 0.169812 0.514466 
3.8 0.3 0.182462 0.547019 
3.85 0.3 0.188697 0.582387 
3.9 0.3 0.188255 0.619749 
3.95 0.3 0.18108 0.658123 
4 0.3 0.167327 0.696291 
4.05 0.3 0.147381 0.73274 
4.1 0.3 0.121868 0.765671 
4.15 0.3 0.0916566 0.793098 
4.2 0.3 0.0578503 0.813071 
4.25 0.3 0.0217452 0.823989 
4.3 0.3 -0.0152283 0.824906 
4.35 0.3 -0.0515879 0.815744 
4.4 0.3 -0.0858885 0.797307 
4.45 0.3 -0.116806 0.771104 
4.5 0.3 -0.143201 0.739045 
4.55 0.3 -0.164165 0.703128 
4.6 0.3 -0.17903 0.665195 
4.65 0.3 -0.187374 0.626806 
4.7 0.3 -0.189005 0.589226 
4.75 0.3 -0.183946 0.553468 
4.8 0.3 -0.172421 0.52037 
4.85 0.3 -0.154845 0.490669 
4.9 0.3 -0.131808 0.465044 
4.95 0.3 -0.104066 0.444144 
5 0.3 -0.0725129 0.428579 
0 0.35 -0.120874 0.395398 
0.05 0.35 -0.0843211 0.378012 
0.1 0.35 -0.0446357 0.367007 
0.15 0.35 -0.00328506 0.362858 
0.2 0.35 0.038204 0.36575 
0.25 0.35 0.0783108 0.375563 
0.3 0.35 0.115584 0.391902 
0.35 0.35 0.1487 0.414162 
0.4 0.35 0.176503 0.441602 
0.45 0.35 0.198037 0.473422 
0.5 0.35 0.212568 0.508805 
0.55 0.35 0.219583 0.546916 
0.6 0.35 0.218806 0.586855 
0.65 0.35 0.210196 0.627588 
0.7 0.35 0.193963 0.667852 
0.75 0.35 0.170579 0.706094 
0.8 0.35 0.140791 0.740474 
0.85 0.35 0.105619 0.768971 
0.9 0.35 0.0663435 0.789612 
0.95 0.35 0.0244578 0.800783 
1 0.35 -0.0183972 0.801542 
1.05 0.35 -0.060525 0.791825 
1.1 0.35 -0.100271 0.772456 
1.15 0.35 -0.136116 0.744971 
1.2 0.35 -0.166745 0.711312 
1.25 0.35 -0.1911 0.67351 
1.3 0.35 -0.208396 0.63344 
1.35 0.35 -0.218121 0.592695 
1.4 0.35 -0.22003 0.552578 
1.45 0.35 -0.214129 0.514148 
1.5 0.35 -0.200663 0.478317 
1.55 0.35 -0.180111 0.445924 
1.6 0.35 -0.153179 0.417784 
1.65 0.35 -0.120792 0.394698 
1.7 0.35 -0.0840756 0.377411 
1.75 0.35 -0.0443295 0.366549 
1.8 0.35 -0.00297881 0.362538 
1.85 0.35 0.0384805 0.365543 
1.9 0.35 0.078548 0.375441 
1.95 0.35 0.115784 0.391838 
2 0.35 0.148869 0.414133 
2.05 0.35 0.17665 0.441592 
2.1 0.35 0.198171 0.47342 
2.15 0.35 0.212695 0.508804 
2.2 0.35 0.21971 0.54691 
2.25 0.35 0.218936 0.586842 
2.3 0.35 0.210333 0.627568 
2.35 0.35 0.194107 0.667828 
2.4 0.35 0.170732 0.706071 
2.45 0.35 0.140951 0.740458 
2.5 0.35 0.105784 0.76897 
2.55 0.35 0.0665097 0.789633 
2.6 0.35 0.0246211 0.800833 
2.65 0.35 -0.018242 0.801625 
2.7 0.35 -0.0603836 0.79194 
2.75 0.35 -0.100149 0.772601 
2.8 0.35 -0.136019 0.745142 
2.85 0.35 -0.16668 0.711502 
2.9 0.35 -0.191071 0.673713 
2.95 0.35 -0.208406 0.633649 
3 0.35 -0.218174 0.592906 
3.05 0.35 -0.220128 0.552784 
3.1 0.35 -0.214272 0.514345 
3.15 0.35 -0.200851 0.478498 
3.2 0.35 -0.180341 0.446082 
3.25 0.35 -0.153446 0.417913 
3.3 0.35 -0.121091 0.394789 
3.35 0.35 -0.084398 0.377458 
3.4 0.35 -0.0446654 0.366546 
3.45 0.35 -0.0033172 0.362481 
3.5 0.35 0.0381516 0.36543 
3.55 0.35 0.0782407 0.375271 
3.6 0.35 0.11551 0.391615 
3.65 0.35 0.14864 0.41386 
3.7 0.35 0.176476 0.441275 
3.75 0.35 0.198062 0.473064 
3.8 0.35 0.212658 0.508415 
3.85 0.35 0.219751 0.546495 
3.9 0.35 0.219058 0.586411 
3.95 0.35 0.210538 0.627133 
4 0.35 0.194395 0.667405 
4.05 0.35 0.171097 0.705682 
4.1 0.35 0.141387 0.74013 
4.15 0.35 0.106281 0.768732 
4.2 0.35 0.067053 0.789514 
4.25 0.35 0.025195 0.800856 
4.3 0.35 -0.0176554 0.801804 
4.35 0.35 -0.0598027 0.79228 
4.4 0.35 -0.0995919 0.773093 
4.45 0.35 -0.135501 0.745767 
4.5 0.35 -0.166214 0.712239 
4.55 0.35 -0.190668 0.674534 
4.6 0.35 -0.208074 0.634527 
4.65 0.35 -0.217917 0.593814 
4.7 0.35 -0.219947 0.553697 
4.75 0.35 -0.214165 0.515238 
4.8 0.35 -0.200808 0.479346 
4.85 0.35 -0.180343 0.446863 
4.9 0.35 -0.153456 0.418608 
4.95 0.35 -0.121045 0.395398 
5 0.35 -0.0842016 0.378012 
0 0.4 -0.133753 0.358661 
0.05 0.4 -0.0931889 0.339502 
0.1 0.4 -0.0491595 0.327324 
0.15 0.4 -0.00327768 0.32274 
0.2 0.4 0.0427579 0.325993 
0.25 0.4 0.0872442 0.336922 
0.3 0.4 0.128554 0.354996 
0.35 0.4 0.165203 0.379407 
0.4 0.4 0.195905 0.409193 
0.45 0.4 0.219606 0.443345 
0.5 0.4 0.235503 0.480879 
0.55 0.4 0.24305 0.520844 
0.6 0.4 0.241966 0.562281 
0.65 0.4 0.232236 0.604135 
0.7 0.4 0.214118 0.645158 
0.75 0.4 0.188158 0.683842 
0.8 0.4 0.155195 0.718411 
0.85 0.4 0.116361 0.746929 
0.9 0.4 0.0730618 0.767513 
0.95 0.4 0.0269273 0.778628 
1 0.4 -0.0202593 0.779383 
1.05 0.4 -0.0666564 0.769714 
1.1 0.4 -0.110467 0.750405 
1.15 0.4 -0.150032 0.722913 
1.2 0.4 -0.183913 0.689092 
1.25 0.4 -0.210935 0.650885 
1.3 0.4 -0.230216 0.610098 
1.35 0.4 -0.241169 0.56828 
1.4 0.4 -0.243496 0.52671 
1.45 0.4 -0.237172 0.486465 
1.5 0.4 -0.222441 0.448511 
1.55 0.4 -0.199811 0.413792 
1.6 0.4 -0.170048 0.383285 
1.65 0.4 -0.134168 0.357996 
1.7 0.4 -0.0934249 0.338897 
1.75 0.4 -0.0492713 0.326822 
1.8 0.4 -0.00331006 0.322349 
1.85 0.4 0.0427737 0.325703 
1.9 0.4 0.0872891 0.336714 
1.95 0.4 0.128617 0.35485 
2 0.4 0.16528 0.379306 
2.05 0.4 0.195994 0.409123 
2.1 0.4 0.219707 0.443295 
2.15 0.4 0.235615 0.48084 
2.2 0.4 0.243174 0.52081 
2.25 0.4 0.242103 0.562249 
2.3 0.4 0.232385 0.604103 
2.35 0.4 0.214279 0.645128 
2.4 0.4 0.18833 0.683817 
2.45 0.4 0.155375 0.718398 
2.5 0.4 0.116547 0.746933 
2.55 0.4 0.0732487 0.767541 
2.6 0.4 0.0271105 0.778687 
2.65 0.4 -0.0200856 0.779474 
2.7 0.4 -0.0664985 0.769839 
2.75 0.4 -0.110331 0.75056 
2.8 0.4 -0.149925 0.723095 
2.85 0.4 -0.18384 0.689294 
2.9 0.4 -0.210902 0.651102 
2.95 0.4 -0.230227 0.610324 
3 0.4 -0.241228 0.568509 
3.05 0.4 -0.243604 0.526938 
3.1 0.4 -0.237331 0.486685 
3.15 0.4 -0.22265 0.448716 
3.2 0.4 -0.200067 0.413975 
3.25 0.4 -0.170345 0.383438 
3.3 0.4 -0.134501 0.35811 
3.35 0.4 -0.0937839 0.338962 
3.4 0.4 -0.0496454 0.326831 
3.45 0.4 -0.0036867 0.322297 
3.5 0.4 0.0424079 0.325588 
3.55 0.4 0.086948 0.336537 
3.6 0.4 0.128314 0.354616 
3.65 0.4 0.165027 0.37902 
3.7 0.4 0.195803 0.408792 
3.75 0.4 0.219588 0.442926 
3.8 0.4 0.235576 0.480441 
3.85 0.4 0.243221 0.520389 
3.9 0.4 0.242239 0.561816 
3.95 0.4 0.232612 0.60367 
4 0.4 0.214595 0.644711 
4.05 0.4 0.188729 0.683437 
4.1 0.4 0.155851 0.718079 
4.15 0.4 0.117087 0.746704 
4.2 0.4 0.0738387 0.767428 
4.25 0.4 0.0277332 0.778711 
4.3 0.4 -0.0194486 0.779649 
4.35 0.4 -0.0658658 0.770166 
4.4 0.4 -0.109719 0.751029 
4.45 0.4 -0.149349 0.723688 
4.5 0.4 -0.18331 0.689985 
4.55 0.4 -0.210423 0.651863 
4.6 0.4 -0.229801 0.611127 
4.65 0.4 -0.240849 0.569328 
4.7 0.4 -0.243263 0.527746 
4.75 0.4 -0.237011 0.487462 
4.8 0.4 -0.222328 0.449443 
4.85 0.4 -0.199712 0.41464 
4.9 0.4 -0.169916 0.38404 
4.95 0.4 -0.133947 0.358661 
5 0.4 -0.0930536 0.339502 
0 0.45 -0.141882 0.330516 
0.05 0.45 -0.0987562 0.309607 
0.1 0.45 -0.0519389 0.296257 
0.15 0.45 -0.00314186 0.291242 
0.2 0.45 0.045816 0.294871 
0.25 0.45 0.0931039 0.306931 
0.3 0.45 0.136971 0.326726 
0.35 0.45 0.175826 0.353215 
0.4 0.45 0.208298 0.385175 
0.45 0.45 0.233272 0.421355 
0.5 0.45 0.249913 0.460582 
0.55 0.45 0.257669 0.50178 
0.6 0.45 0.256269 0.54393 
0.65 0.45 0.24573 0.585976 
0.7 0.45 0.226356 0.626727 
0.75 0.45 0.19875 0.664777 
0.8 0.45 0.163816 0.698496 
0.85 0.45 0.122755 0.726128 
0.9 0.45 0.0770449 0.745973 
0.95 0.45 0.0283877 0.756657 
1 0.45 -0.0213623 0.757381 
1.05 0.45 -0.0702924 0.748089 
1.1 0.45 -0.116534 0.729481 
1.15 0.45 -0.158356 0.702864 
1.2 0.45 -0.194248 0.669906 
1.25 0.45 -0.222964 0.63237 
1.3 0.45 -0.243557 0.59191 
1.35 0.45 -0.25538 0.549964 
1.4 0.45 -0.258086 0.507751 
1.45 0.45 -0.251617 0.466338 
1.5 0.45 -0.2362 0.426742 
1.55 0.45 -0.212345 0.390025 
1.6 0.45 -0.180845 0.357346 
1.65 0.45 -0.142774 0.329948 
1.7 0.45 -0.0994621 0.309064 
1.75 0.45 -0.0524698 0.295775 
1.8 0.45 -0.00352417 0.290835 
1.85 0.45 0.0455539 0.294541 
1.9 0.45 0.092937 0.306669 
1.95 0.45 0.136879 0.326523 
2 0.45 0.175794 0.35306 
2.05 0.45 0.208313 0.385056 
2.1 0.45 0.233327 0.421265 
2.15 0.45 0.25 0.460512 
2.2 0.45 0.257782 0.501724 
2.25 0.45 0.256405 0.543883 
2.3 0.45 0.245885 0.585937 
2.35 0.45 0.226527 0.626696 
2.4 0.45 0.198934 0.664755 
2.45 0.45 0.16401 0.698488 
2.5 0.45 0.122955 0.726139 
2.55 0.45 0.0772458 0.74601 
2.6 0.45 0.0285841 0.756723 
2.65 0.45 -0.0211764 0.75748 
2.7 0.45 -0.0701235 0.748221 
2.75 0.45 -0.116388 0.729644 
2.8 0.45 -0.158241 0.703053 
2.85 0.45 -0.194169 0.670117 
2.9 0.45 -0.222928 0.632598 
2.95 0.45 -0.243568 0.592149 
3 0.45 -0.255442 0.55021 
3.05 0.45 -0.258201 0.507998 
3.1 0.45 -0.251786 0.46658 
3.15 0.45 -0.236422 0.426972 
3.2 0.45 -0.212617 0.390235 
3.25 0.45 -0.181163 0.357525 
3.3 0.45 -0.143128 0.330085 
3.35 0.45 -0.0998451 0.309148 
3.4 0.45 -0.0528689 0.295797 
3.45 0.45 -0.00392581 0.29079 
3.5 0.45 0.0451642 0.294426 
3.55 0.45 0.092574 0.306487 
3.6 0.45 0.136557 0.32628 
3.65 0.45 0.175527 0.352763 
3.7 0.45 0.208112 0.384715 
3.75 0.45 0.233202 0.420889 
3.8 0.45 0.24996 0.46011 
3.85 0.45 0.257832 0.501306 
3.9 0.45 0.256549 0.543458 
3.95 0.45 0.246123 0.585517 
4 0.45 0.226858 0.626296 
4.05 0.45 0.199352 0.664395 
4.1 0.45 0.164505 0.69819 
4.15 0.45 0.123516 0.725928 
4.2 0.45 0.077858 0.745908 
4.25 0.45 0.0292297 0.756749 
4.3 0.45 -0.0205157 0.757643 
4.35 0.45 -0.0694652 0.748521 
4.4 0.45 -0.115748 0.73007 
4.45 0.45 -0.157631 0.703586 
4.5 0.45 -0.193595 0.670731 
4.55 0.45 -0.222389 0.633264 
4.6 0.45 -0.243059 0.59284 
4.65 0.45 -0.254949 0.550897 
4.7 0.45 -0.257703 0.508659 
4.75 0.45 -0.251255 0.467195 
4.8 0.45 -0.235823 0.42753 
4.85 0.45 -0.211911 0.390733 
4.9 0.45 -0.180308 0.357976 
4.95 0.45 -0.142091 0.330516 
5 0.45 -0.0986107 0.309607 
0 0.5 -0.144838 0.307593 
0.05 0.5 -0.100741 0.285045 
0.1 0.5 -0.0528466 0.270587 
0.15 0.5 -0.00291273 0.265168 
0.2 0.5 0.0471819 0.269166 
0.25 0.5 0.0955408 0.282309 
0.3 0.5 0.140352 0.30373 
0.35 0.5 0.179973 0.33214 
0.4 0.5 0.212999 0.366044 
0.45 0.5 0.238302 0.403942 
0.5 0.5 0.255045 0.444464 
0.55 0.5 0.262693 0.486405 
0.6 0.5 0.261003 0.528686 
0.65 0.5 0.250026 0.570263 
0.7 0.5 0.230102 0.61002 
0.75 0.5 0.201871 0.646693 
0.8 0.5 0.166269 0.678853 
0.85 0.5 0.124521 0.704982 
0.9 0.5 0.0781212 0.723628 
0.95 0.5 0.0287765 0.733627 
1 0.5 -0.021659 0.734303 
1.05 0.5 -0.071276 0.725609 
1.1 0.5 -0.118207 0.708136 
1.15 0.5 -0.160717 0.682991 
1.2 0.5 -0.197278 0.651597 
1.25 0.5 -0.226625 0.615474 
1.3 0.5 -0.247777 0.576068 
1.35 0.5 -0.260051 0.534668 
1.4 0.5 -0.263062 0.492406 
1.45 0.5 -0.256715 0.450329 
1.5 0.5 -0.241208 0.409504 
1.55 0.5 -0.217033 0.371114 
1.6 0.5 -0.184979 0.336506 
1.65 0.5 -0.146129 0.30717 
1.7 0.5 -0.101848 0.284612 
1.75 0.5 -0.0537441 0.270169 
1.8 0.5 -0.00360912 0.264784 
1.85 0.5 0.0466636 0.268826 
1.9 0.5 0.0951736 0.282017 
1.95 0.5 0.140109 0.303486 
2 0.5 0.179832 0.331942 
2.05 0.5 0.212939 0.365885 
2.1 0.5 0.238306 0.403818 
2.15 0.5 0.255101 0.444368 
2.2 0.5 0.262789 0.486331 
2.25 0.5 0.261132 0.528629 
2.3 0.5 0.25018 0.570219 
2.35 0.5 0.230276 0.609989 
2.4 0.5 0.202061 0.646676 
2.45 0.5 0.166469 0.678853 
2.5 0.5 0.124728 0.705003 
2.55 0.5 0.0783285 0.723675 
2.6 0.5 0.0289789 0.733702 
2.65 0.5 -0.0214677 0.734409 
2.7 0.5 -0.0711024 0.725747 
2.75 0.5 -0.118057 0.708304 
2.8 0.5 -0.160598 0.683186 
2.85 0.5 -0.197197 0.651815 
2.9 0.5 -0.226587 0.61571 
2.95 0.5 -0.247787 0.576318 
3 0.5 -0.260112 0.534928 
3.05 0.5 -0.263177 0.49267 
3.1 0.5 -0.256886 0.450592 
3.15 0.5 -0.241434 0.409758 
3.2 0.5 -0.217311 0.371348 
3.25 0.5 -0.185303 0.33671 
3.3 0.5 -0.146492 0.307329 
3.35 0.5 -0.102241 0.284715 
3.4 0.5 -0.0541535 0.270204 
3.45 0.5 -0.00402103 0.264745 
3.5 0.5 0.0462642 0.268711 
3.55 0.5 0.0948021 0.28183 
3.6 0.5 0.13978 0.303235 
3.65 0.5 0.179559 0.331636 
3.7 0.5 0.212735 0.365538 
3.75 0.5 0.23818 0.40344 
3.8 0.5 0.255061 0.443969 
3.85 0.5 0.262841 0.485921 
3.9 0.5 0.261278 0.528219 
3.95 0.5 0.250421 0.56982 
4 0.5 0.230609 0.609615 
4.05 0.5 0.202479 0.646343 
4.1 0.5 0.166965 0.678581 
4.15 0.5 0.125288 0.704812 
4.2 0.5 0.0789377 0.723584 
4.25 0.5 0.0296207 0.733725 
4.3 0.5 -0.0208106 0.734552 
4.35 0.5 -0.070446 0.726008 
4.4 0.5 -0.117415 0.708671 
4.45 0.5 -0.159978 0.683639 
4.5 0.5 -0.196602 0.652328 
4.55 0.5 -0.226012 0.616256 
4.6 0.5 -0.247218 0.576868 
4.65 0.5 -0.259529 0.535455 
4.7 0.5 -0.262549 0.493152 
4.75 0.5 -0.256176 0.451012 
4.8 0.5 -0.2406 0.41011 
4.85 0.5 -0.216308 0.37164 
4.9 0.5 -0.184093 0.336966 
4.95 0.5 -0.145054 0.307593 
5 0.5 -0.100591 0.285045 
0 0.55 -0.142443 0.287001 
0.05 0.55 -0.0990258 0.263112 
0.1 0.55 -0.0518376 0.247739 
0.15 0.55 -0.00262231 0.241991 
0.2 0.55 0.0467471 0.246309 
0.25 0.55 0.0943774 0.260364 
0.3 0.55 0.138461 0.283133 
0.35 0.55 0.177369 0.313098 
0.4 0.55 0.209714 0.348517 
0.45 0.55 0.234396 0.387667 
0.5 0.55 0.250614 0.428998 
0.55 0.55 0.257868 0.471187 
0.6 0.55 0.255952 0.513103 
0.65 0.55 0.244949 0.553718 
0.7 0.55 0.225225 0.591999 
0.75 0.55 0.19743 0.62684 
0.8 0.55 0.162496 0.65703 
0.85 0.55 0.121627 0.681316 
0.9 0.55 0.0762742 0.698518 
0.95 0.55 0.0280888 0.707698 
1 0.55 -0.0211451 0.708317 
1.05 0.55 -0.0695922 0.700338 
1.1 0.55 -0.115455 0.684231 
1.15 0.55 -0.157059 0.660886 
1.2 0.55 -0.19292 0.631458 
1.25 0.55 -0.221795 0.597199 
1.3 0.55 -0.24271 0.559327 
1.35 0.55 -0.254973 0.518964 
1.4 0.55 -0.258175 0.477149 
1.45 0.55 -0.252189 0.434904 
1.5 0.55 -0.237176 0.393339 
1.55 0.55 -0.21359 0.353747 
1.6 0.55 -0.182184 0.317647 
1.65 0.55 -0.144013 0.286751 
1.7 0.55 -0.100422 0.262815 
1.75 0.55 -0.0530075 0.24741 
1.8 0.55 -0.00355914 0.241651 
1.85 0.55 0.0460271 0.245976 
1.9 0.55 0.093848 0.260054 
1.95 0.55 0.138093 0.282857 
2 0.55 0.177134 0.312862 
2.05 0.55 0.209587 0.348324 
2.1 0.55 0.234354 0.387514 
2.15 0.55 0.250639 0.428879 
2.2 0.55 0.257945 0.471098 
2.25 0.55 0.256069 0.513038 
2.3 0.55 0.245097 0.553673 
2.35 0.55 0.225396 0.591973 
2.4 0.55 0.197617 0.626831 
2.45 0.55 0.162695 0.65704 
2.5 0.55 0.121832 0.681348 
2.55 0.55 0.0764799 0.698575 
2.6 0.55 0.0282894 0.707783 
2.65 0.55 -0.0209557 0.708431 
2.7 0.55 -0.0694203 0.700481 
2.75 0.55 -0.115307 0.684403 
2.8 0.55 -0.156941 0.661085 
2.85 0.55 -0.192839 0.63168 
2.9 0.55 -0.221756 0.597441 
2.95 0.55 -0.242718 0.559586 
3 0.55 -0.255032 0.519236 
3.05 0.55 -0.258287 0.477428 
3.1 0.55 -0.252356 0.435185 
3.15 0.55 -0.237397 0.393613 
3.2 0.55 -0.213863 0.354003 
3.25 0.55 -0.182503 0.317873 
3.3 0.55 -0.144372 0.286931 
3.35 0.55 -0.100809 0.262935 
3.4 0.55 -0.0534117 0.247458 
3.45 0.55 -0.0039659 0.241619 
3.5 0.55 0.0456329 0.245862 
3.55 0.55 0.0934817 0.259864 
3.6 0.55 0.13777 0.2826 
3.65 0.55 0.176866 0.312552 
3.7 0.55 0.209387 0.347973 
3.75 0.55 0.234232 0.387136 
3.8 0.55 0.250601 0.428486 
3.85 0.55 0.257996 0.470701 
3.9 0.55 0.256212 0.512647 
3.95 0.55 0.245331 0.553299 
4 0.55 0.225718 0.591627 
4.05 0.55 0.198021 0.626528 
4.1 0.55 0.163171 0.656796 
4.15 0.55 0.122368 0.681178 
4.2 0.55 0.0770623 0.698493 
4.25 0.55 0.0289021 0.707799 
4.3 0.55 -0.0203284 0.708549 
4.35 0.55 -0.0687924 0.700695 
4.4 0.55 -0.114689 0.6847 
4.45 0.55 -0.156339 0.661446 
4.5 0.55 -0.19225 0.63208 
4.55 0.55 -0.221172 0.597852 
4.6 0.55 -0.242121 0.559979 
4.65 0.55 -0.254395 0.519586 
4.7 0.55 -0.257573 0.477714 
4.75 0.55 -0.251523 0.435391 
4.8 0.55 -0.236398 0.39374 
4.85 0.55 -0.212651 0.354066 
4.9 0.55 -0.181045 0.31791 
4.95 0.55 -0.142657 0.287001 
5 0.55 -0.0988774 0.263112 
0 0.6 -0.13477 0.266458 
0.05 0.6 -0.093663 0.241772 
0.1 0.6 -0.0489493 0.225843 
0.15 0.6 -0.00229647 0.219903 
0.2 0.6 0.0444982 0.224437 
0.25 0.6 0.0896164 0.239074 
0.3 0.6 0.131326 0.262668 
0.35 0.6 0.16807 0.293532 
0.4 0.6 0.198537 0.32974 
0.45 0.6 0.221694 0.369402 
0.5 0.6 0.236803 0.410837 
0.55 0.6 0.243419 0.452639 
0.6 0.6 0.241377 0.493641 
0.65 0.6 0.230785 0.532835 
0.7 0.6 0.212016 0.569274 
0.75 0.6 0.185704 0.601999 
0.8 0.6 0.152741 0.630013 
0.85 0.6 0.114264 0.652317 
0.9 0.6 0.0716292 0.667991 
0.95 0.6 0.0263717 0.676313 
1 0.6 -0.0198557 0.676873 
1.05 0.6 -0.0653552 0.669642 
1.1 0.6 -0.108462 0.654978 
1.15 0.6 -0.147621 0.633565 
1.2 0.6 -0.181445 0.606299 
1.25 0.6 -0.208762 0.574175 
1.3 0.6 -0.228643 0.538192 
1.35 0.6 -0.240413 0.499313 
1.4 0.6 -0.24366 0.458481 
1.45 0.6 -0.238234 0.416693 
1.5 0.6 -0.224255 0.375084 
1.55 0.6 -0.202125 0.335027 
1.6 0.6 -0.172535 0.298169 
1.65 0.6 -0.136472 0.266385 
1.7 0.6 -0.0952085 0.241617 
1.75 0.6 -0.0502706 0.225612 
1.8 0.6 -0.00337504 0.219616 
1.85 0.6 0.0436533 0.22412 
1.9 0.6 0.0889823 0.238754 
1.95 0.6 0.130874 0.262367 
2 0.6 0.16777 0.293266 
2.05 0.6 0.198361 0.329516 
2.1 0.6 0.221616 0.369222 
2.15 0.6 0.236802 0.410699 
2.2 0.6 0.243477 0.452537 
2.25 0.6 0.241479 0.493571 
2.3 0.6 0.230921 0.532791 
2.35 0.6 0.212177 0.569253 
2.4 0.6 0.185882 0.601999 
2.45 0.6 0.152931 0.630034 
2.5 0.6 0.11446 0.65236 
2.55 0.6 0.0718253 0.668058 
2.6 0.6 0.0265628 0.676406 
2.65 0.6 -0.0196754 0.676993 
2.7 0.6 -0.0651915 0.66979 
2.75 0.6 -0.108321 0.655154 
2.8 0.6 -0.147509 0.633766 
2.85 0.6 -0.181367 0.606524 
2.9 0.6 -0.208723 0.574421 
2.95 0.6 -0.228648 0.538456 
3 0.6 -0.240467 0.499591 
3.05 0.6 -0.243764 0.458771 
3.1 0.6 -0.23839 0.416985 
3.15 0.6 -0.224463 0.375372 
3.2 0.6 -0.202382 0.335299 
3.25 0.6 -0.172837 0.298411 
3.3 0.6 -0.136811 0.26658 
3.35 0.6 -0.0955761 0.241749 
3.4 0.6 -0.0506542 0.225669 
3.45 0.6 -0.00376119 0.21959 
3.5 0.6 0.0432792 0.224009 
3.55 0.6 0.0886349 0.238564 
3.6 0.6 0.130567 0.26211 
3.65 0.6 0.167517 0.292955 
3.7 0.6 0.198172 0.329168 
3.75 0.6 0.221501 0.368851 
3.8 0.6 0.236766 0.410317 
3.85 0.6 0.243524 0.452157 
3.9 0.6 0.241612 0.493201 
3.95 0.6 0.231138 0.532443 
4 0.6 0.212475 0.568936 
4.05 0.6 0.186256 0.601725 
4.1 0.6 0.15337 0.629816 
4.15 0.6 0.114953 0.652208 
4.2 0.6 0.0723596 0.667982 
4.25 0.6 0.0271239 0.676412 
4.3 0.6 -0.0191012 0.677081 
4.35 0.6 -0.0646161 0.669952 
4.4 0.6 -0.107753 0.655377 
4.45 0.6 -0.14695 0.634031 
4.5 0.6 -0.180813 0.606806 
4.55 0.6 -0.208163 0.574694 
4.6 0.6 -0.228059 0.538692 
4.65 0.6 -0.239819 0.499765 
4.7 0.6 -0.24302 0.458861 
4.75 0.6 -0.237503 0.416982 
4.8 0.6 -0.223386 0.375278 
4.85 0.6 -0.201072 0.335139 
4.9 0.6 -0.171263 0.298233 
4.95 0.6 -0.134972 0.266458 
5 0.6 -0.0935226 0.241772 
0 0.65 -0.122161 0.244264 
0.05 0.65 -0.0848885 0.219579 
0.1 0.65 -0.0443095 0.203624 
0.15 0.65 -0.00195383 0.197689 
0.2 0.65 0.0405262 0.202281 
0.25 0.65 0.0814588 0.217005 
0.3 0.65 0.119254 0.240651 
0.35 0.65 0.152492 0.271449 
0.4 0.65 0.179981 0.307384 
0.45 0.65 0.200795 0.346489 
0.5 0.65 0.214284 0.387029 
0.55 0.65 0.220068 0.427563 
0.6 0.65 0.218024 0.466923 
0.65 0.65 0.208275 0.504133 
0.7 0.65 0.191182 0.538327 
0.75 0.65 0.167333 0.568679 
0.8 0.65 0.137546 0.594379 
0.85 0.65 0.102845 0.614646 
0.9 0.65 0.0644484 0.628782 
0.95 0.65 0.0237226 0.636252 
1 0.65 -0.0178637 0.636753 
1.05 0.65 -0.0588041 0.630265 
1.1 0.65 -0.0976207 0.617051 
1.15 0.65 -0.132927 0.597615 
1.2 0.65 -0.163482 0.572636 
1.25 0.65 -0.188227 0.542887 
1.3 0.65 -0.206316 0.509174 
1.35 0.65 -0.217121 0.472318 
1.4 0.65 -0.220247 0.433178 
1.45 0.65 -0.215533 0.392706 
1.5 0.65 -0.203061 0.35204 
1.55 0.65 -0.18317 0.312583 
1.6 0.65 -0.156468 0.276035 
1.65 0.65 -0.123838 0.244348 
1.7 0.65 -0.0864344 0.219553 
1.75 0.65 -0.0456509 0.203485 
1.8 0.65 -0.00306472 0.197457 
1.85 0.65 0.0396438 0.201986 
1.9 0.65 0.0807873 0.216683 
1.95 0.65 0.118768 0.240335 
2 0.65 0.152162 0.27116 
2.05 0.65 0.17978 0.307137 
2.1 0.65 0.200696 0.34629 
2.15 0.65 0.214265 0.386877 
2.2 0.65 0.22011 0.427454 
2.25 0.65 0.218112 0.46685 
2.3 0.65 0.208397 0.504091 
2.35 0.65 0.191327 0.538311 
2.4 0.65 0.167496 0.568688 
2.45 0.65 0.137719 0.59441 
2.5 0.65 0.103024 0.614699 
2.55 0.65 0.0646272 0.628859 
2.6 0.65 0.0238967 0.636353 
2.65 0.65 -0.0176994 0.636879 
2.7 0.65 -0.058655 0.630416 
2.75 0.65 -0.097492 0.617227 
2.8 0.65 -0.132824 0.597816 
2.85 0.65 -0.16341 0.57286 
2.9 0.65 -0.188191 0.543132 
2.95 0.65 -0.206319 0.509437 
3 0.65 -0.217168 0.472598 
3.05 0.65 -0.22034 0.433469 
3.1 0.65 -0.215673 0.393002 
3.15 0.65 -0.203248 0.352333 
3.2 0.65 -0.183402 0.31286 
3.25 0.65 -0.156741 0.276283 
3.3 0.65 -0.124146 0.244549 
3.35 0.65 -0.0867681 0.219692 
3.4 0.65 -0.0459995 0.203548 
3.45 0.65 -0.00341569 0.197435 
3.5 0.65 0.0393039 0.20188 
3.55 0.65 0.0804718 0.216498 
3.6 0.65 0.11849 0.240082 
3.65 0.65 0.151933 0.270856 
3.7 0.65 0.179609 0.306798 
3.75 0.65 0.200591 0.345932 
3.8 0.65 0.214232 0.386512 
3.85 0.65 0.220152 0.427094 
3.9 0.65 0.21823 0.466505 
3.95 0.65 0.20859 0.50377 
4 0.65 0.191592 0.538023 
4.05 0.65 0.167826 0.568441 
4.1 0.65 0.138106 0.594214 
4.15 0.65 0.103458 0.614562 
4.2 0.65 0.065096 0.628785 
4.25 0.65 0.024388 0.636345 
4.3 0.65 -0.0171974 0.636935 
4.35 0.65 -0.0581519 0.630527 
4.4 0.65 -0.0969937 0.617378 
4.45 0.65 -0.132331 0.597989 
4.5 0.65 -0.162916 0.573032 
4.55 0.65 -0.187683 0.543276 
4.6 0.65 -0.205774 0.509529 
4.65 0.65 -0.216555 0.472611 
4.7 0.65 -0.219621 0.433386 
4.75 0.65 -0.214805 0.392815 
4.8 0.65 -0.202186 0.352049 
4.85 0.65 -0.182108 0.31251 
4.9 0.65 -0.15519 0.275924 
4.95 0.65 -0.122341 0.244264 
5 0.65 -0.084763 0.219579 
0 0.7 -0.105262 0.219245 
0.05 0.7 -0.0731467 0.195566 
0.1 0.7 -0.0381493 0.180247 
0.15 0.7 -0.00160616 0.174562 
0.2 0.7 0.0350393 0.179008 
0.25 0.7 0.0703275 0.193192 
0.3 0.7 0.102874 0.215914 
0.35 0.7 0.131447 0.245422 
0.4 0.7 0.155021 0.279731 
0.45 0.7 0.172808 0.31691 
0.5 0.7 0.184263 0.355255 
0.55 0.7 0.189077 0.393363 
0.6 0.7 0.187166 0.430104 
0.65 0.7 0.178656 0.46456 
0.7 0.7 0.163874 0.495947 
0.75 0.7 0.143339 0.523557 
0.8 0.7 0.117757 0.546732 
0.85 0.7 0.0880107 0.564866 
0.9 0.7 0.0551351 0.577437 
0.95 0.7 0.0202905 0.584053 
1 0.7 -0.0152811 0.584496 
1.05 0.7 -0.0503071 0.578751 
1.1 0.7 -0.0835376 0.567008 
1.15 0.7 -0.113797 0.549633 
1.2 0.7 -0.140029 0.527134 
1.25 0.7 -0.161327 0.500104 
1.3 0.7 -0.176956 0.469195 
1.35 0.7 -0.186367 0.435105 
1.4 0.7 -0.189202 0.398604 
1.45 0.7 -0.185303 0.360586 
1.5 0.7 -0.17472 0.322149 
1.55 0.7 -0.157724 0.284659 
1.6 0.7 -0.134822 0.249784 
1.65 0.7 -0.106768 0.219443 
1.7 0.7 -0.0745527 0.195639 
1.75 0.7 -0.0393864 0.180185 
1.8 0.7 -0.00264413 0.174382 
1.85 0.7 0.0342051 0.178744 
1.9 0.7 0.0696859 0.192882 
1.95 0.7 0.102405 0.215596 
2 0.7 0.131125 0.245125 
2.05 0.7 0.154821 0.279475 
2.1 0.7 0.172705 0.316702 
2.15 0.7 0.184235 0.355097 
2.2 0.7 0.189106 0.39325 
2.25 0.7 0.187238 0.430031 
2.3 0.7 0.17876 0.464521 
2.35 0.7 0.164 0.495937 
2.4 0.7 0.14348 0.523573 
2.45 0.7 0.117908 0.54677 
2.5 0.7 0.0881656 0.564926 
2.55 0.7 0.05529 0.577519 
2.6 0.7 0.0204412 0.584158 
2.65 0.7 -0.015139 0.584623 
2.7 0.7 -0.050178 0.578901 
2.75 0.7 -0.083426 0.56718 
2.8 0.7 -0.113708 0.549828 
2.85 0.7 -0.139966 0.527351 
2.9 0.7 -0.161294 0.500341 
2.95 0.7 -0.176957 0.469451 
3 0.7 -0.186405 0.435376 
3.05 0.7 -0.18928 0.398886 
3.1 0.7 -0.185421 0.360874 
3.15 0.7 -0.174879 0.322434 
3.2 0.7 -0.157923 0.28493 
3.25 0.7 -0.135057 0.250027 
3.3 0.7 -0.107033 0.219641 
3.35 0.7 -0.0748403 0.195777 
3.4 0.7 -0.0396871 0.18025 
3.45 0.7 -0.00294713 0.174365 
3.5 0.7 0.0339115 0.178645 
3.55 0.7 0.0694136 0.192707 
3.6 0.7 0.102165 0.215358 
3.65 0.7 0.130927 0.244839 
3.7 0.7 0.154673 0.279157 
3.75 0.7 0.172614 0.316367 
3.8 0.7 0.184206 0.354758 
3.85 0.7 0.189141 0.392919 
3.9 0.7 0.187338 0.429716 
3.95 0.7 0.178923 0.464231 
4 0.7 0.164223 0.495678 
4.05 0.7 0.143757 0.523353 
4.1 0.7 0.118232 0.546596 
4.15 0.7 0.088528 0.564801 
4.2 0.7 0.0556804 0.577447 
4.25 0.7 0.0208493 0.584137 
4.3 0.7 -0.0147229 0.58465 
4.35 0.7 -0.0497615 0.578966 
4.4 0.7 -0.0830131 0.567269 
4.45 0.7 -0.113298 0.549922 
4.5 0.7 -0.139552 0.527429 
4.55 0.7 -0.160862 0.500379 
4.6 0.7 -0.176486 0.469424 
4.65 0.7 -0.185867 0.435264 
4.7 0.7 -0.188639 0.398671 
4.75 0.7 -0.18464 0.360552 
4.8 0.7 -0.173919 0.322016 
4.85 0.7 -0.156751 0.28445 
4.9 0.7 -0.133657 0.249546 
4.95 0.7 -0.105411 0.219245 
5 0.7 -0.0730434 0.195566 
0 0.75 -0.0850681 0.190705 
0.05 0.75 -0.0591205 0.169142 
0.1 0.75 -0.0308194 0.155189 
0.15 0.75 -0.00126027 0.150023 
0.2 0.75 0.0283754 0.154098 
0.25 0.75 0.0568949 0.167048 
0.3 0.75 0.0831695 0.18776 
0.35 0.75 0.106199 0.214616 
0.4 0.75 0.125157 0.245782 
0.45 0.75 0.139413 0.279473 
0.5 0.75 0.148541 0.314119 
0.55 0.75 0.152306 0.348423 
0.6 0.75 0.150656 0.38135 
0.65 0.75 0.143707 0.412068 
0.7 0.75 0.131733 0.439884 
0.75 0.75 0.115161 0.464201 
0.8 0.75 0.0945643 0.484486 
0.85 0.75 0.0706504 0.500271 
0.9 0.75 0.044248 0.511165 
0.95 0.75 0.0162813 0.516882 
1 0.75 -0.0122629 0.517264 
1.05 0.75 -0.0403738 0.512302 
1.1 0.75 -0.0670583 0.502129 
1.15 0.75 -0.0913806 0.487016 
1.2 0.75 -0.112496 0.467337 
1.25 0.75 -0.129676 0.44355 
1.3 0.75 -0.142327 0.416179 
1.35 0.75 -0.149997 0.38581 
1.4 0.75 -0.152389 0.353117 
1.45 0.75 -0.149358 0.318911 
1.5 0.75 -0.140931 0.284196 
1.55 0.75 -0.12731 0.250233 
1.6 0.75 -0.108894 0.218565 
1.65 0.75 -0.0862812 0.190962 
1.7 0.75 -0.0602726 0.169276 
1.75 0.75 -0.0318505 0.155185 
1.8 0.75 -0.00213831 0.149891 
1.85 0.75 0.0276615 0.15387 
1.9 0.75 0.0563409 0.166764 
1.95 0.75 0.0827611 0.18746 
2 0.75 0.105917 0.214331 
2.05 0.75 0.124979 0.245533 
2.1 0.75 0.13932 0.27927 
2.15 0.75 0.148513 0.313964 
2.2 0.75 0.152328 0.348314 
2.25 0.75 0.150714 0.381281 
2.3 0.75 0.143791 0.412033 
2.35 0.75 0.131836 0.439878 
2.4 0.75 0.115276 0.464221 
2.45 0.75 0.0946867 0.484529 
2.5 0.75 0.0707762 0.500334 
2.55 0.75 0.0443738 0.511248 
2.6 0.75 0.0164035 0.516984 
2.65 0.75 -0.0121477 0.517387 
2.7 0.75 -0.0402691 0.512444 
2.75 0.75 -0.0669676 0.502292 
2.8 0.75 -0.0913074 0.487198 
2.85 0.75 -0.112444 0.467538 
2.9 0.75 -0.129648 0.44377 
2.95 0.75 -0.142326 0.416415 
3 0.75 -0.150026 0.38606 
3.05 0.75 -0.15245 0.353378 
3.1 0.75 -0.149452 0.319177 
3.15 0.75 -0.141058 0.284459 
3.2 0.75 -0.12747 0.250484 
3.25 0.75 -0.109083 0.218789 
3.3 0.75 -0.0864947 0.191145 
3.35 0.75 -0.0605048 0.169405 
3.4 0.75 -0.0320937 0.155246 
3.45 0.75 -0.00238343 0.149878 
3.5 0.75 0.027424 0.153782 
3.55 0.75 0.0561205 0.166607 
3.6 0.75 0.082567 0.187246 
3.65 0.75 0.105757 0.214073 
3.7 0.75 0.12486 0.245247 
3.75 0.75 0.139246 0.27897 
3.8 0.75 0.148489 0.313662 
3.85 0.75 0.152355 0.34802 
3.9 0.75 0.150793 0.381003 
3.95 0.75 0.14392 0.411778 
4 0.75 0.132011 0.439652 
4.05 0.75 0.115495 0.464029 
4.1 0.75 0.0949414 0.484375 
4.15 0.75 0.0710601 0.500222 
4.2 0.75 0.0446786 0.511177 
4.25 0.75 0.016721 0.516953 
4.3 0.75 -0.011825 0.517389 
4.35 0.75 -0.0399468 0.512471 
4.4 0.75 -0.0666486 0.50233 
4.45 0.75 -0.0909903 0.487231 
4.5 0.75 -0.112122 0.467546 
4.55 0.75 -0.12931 0.443732 
4.6 0.75 -0.141952 0.416309 
4.65 0.75 -0.149593 0.385868 
4.7 0.75 -0.151927 0.353087 
4.75 0.75 -0.148809 0.318784 
4.8 0.75 -0.140265 0.283979 
4.85 0.75 -0.126504 0.249952 
4.9 0.75 -0.107934 0.218263 
4.95 0.75 -0.0851738 0.190705 
5 0.75 -0.0590469 0.169142 
0 0.8 -0.0629656 0.158401 
0.05 0.8 -0.0437654 0.14003 
0.1 0.8 -0.0228092 0.128149 
0.15 0.8 -0.000921334 0.123758 
0.2 0.8 0.0210153 0.127243 
0.25 0.8 0.0421108 0.138286 
0.3 0.8 0.0615244 0.155939 
0.35 0.8 0.0785138 0.178813 
0.4 0.8 0.0924697 0.205341 
0.45 0.8 0.102933 0.233992 
0.5 0.8 0.109597 0.263413 
0.55 0.8 0.112299 0.29249 
0.6 0.8 0.111011 0.320329 
0.65 0.8 0.105827 0.346219 
0.7 0.8 0.0969579 0.36958 
0.75 0.8 0.0847218 0.389922 
0.8 0.8 0.0695425 0.406825 
0.85 0.8 0.051941 0.419931 
0.9 0.8 0.0325238 0.428949 
0.95 0.8 0.0119658 0.433672 
1 0.8 -0.00901317 0.433988 
1.05 0.8 -0.0296763 0.429888 
1.1 0.8 -0.0492995 0.42147 
1.15 0.8 -0.0671993 0.408927 
1.2 0.8 -0.0827574 0.392537 
1.25 0.8 -0.0954388 0.372649 
1.3 0.8 -0.104804 0.349673 
1.35 0.8 -0.110517 0.324087 
1.4 0.8 -0.112349 0.296455 
1.45 0.8 -0.110188 0.267468 
1.5 0.8 -0.10404 0.237993 
1.55 0.8 -0.0940462 0.209117 
1.6 0.8 -0.0804899 0.182165 
1.65 0.8 -0.0638083 0.158659 
1.7 0.8 -0.0445917 0.140185 
1.75 0.8 -0.0235701 0.128179 
1.8 0.8 -0.00158254 0.123668 
1.85 0.8 0.0204707 0.127059 
1.9 0.8 0.0416848 0.138045 
1.95 0.8 0.061209 0.155677 
2 0.8 0.0782953 0.178561 
2.05 0.8 0.0923322 0.205119 
2.1 0.8 0.10286 0.23381 
2.15 0.8 0.109575 0.263274 
2.2 0.8 0.112315 0.292392 
2.25 0.8 0.111054 0.320268 
2.3 0.8 0.105891 0.346191 
2.35 0.8 0.0970348 0.369578 
2.4 0.8 0.0848077 0.389943 
2.45 0.8 0.0696338 0.406866 
2.5 0.8 0.0520345 0.41999 
2.55 0.8 0.0326171 0.429026 
2.6 0.8 0.0120563 0.433766 
2.65 0.8 -0.00892781 0.434098 
2.7 0.8 -0.0295986 0.430015 
2.75 0.8 -0.049232 0.421613 
2.8 0.8 -0.0671446 0.409086 
2.85 0.8 -0.082718 0.392713 
2.9 0.8 -0.095417 0.37284 
2.95 0.8 -0.104802 0.349878 
3 0.8 -0.110537 0.324303 
3.05 0.8 -0.112393 0.29668 
3.1 0.8 -0.110256 0.267698 
3.15 0.8 -0.104133 0.23822 
3.2 0.8 -0.0941629 0.209332 
3.25 0.8 -0.0806286 0.182358 
3.3 0.8 -0.0639657 0.158817 
3.35 0.8 -0.0447631 0.140296 
3.4 0.8 -0.0237499 0.128232 
3.45 0.8 -0.00176396 0.123658 
3.5 0.8 0.0202948 0.126985 
3.55 0.8 0.0415216 0.137913 
3.6 0.8 0.0610653 0.155496 
3.65 0.8 0.0781769 0.178343 
3.7 0.8 0.0922439 0.204877 
3.75 0.8 0.102806 0.233556 
3.8 0.8 0.109556 0.26302 
3.85 0.8 0.112334 0.292145 
3.9 0.8 0.111111 0.320035 
3.95 0.8 0.105984 0.345977 
4 0.8 0.0971618 0.36939 
4.05 0.8 0.0849651 0.389783 
4.1 0.8 0.069817 0.406737 
4.15 0.8 0.0522381 0.419893 
4.2 0.8 0.032835 0.428961 
4.25 0.8 0.0122825 0.433729 
4.3 0.8 -0.00869895 0.434085 
4.35 0.8 -0.0293711 0.430017 
4.4 0.8 -0.0490076 0.421619 
4.45 0.8 -0.0669219 0.409081 
4.5 0.8 -0.0824917 0.39268 
4.55 0.8 -0.0951774 0.372761 
4.6 0.8 -0.104535 0.349736 
4.65 0.8 -0.110223 0.324083 
4.7 0.8 -0.112011 0.296373 
4.75 0.8 -0.109782 0.267304 
4.8 0.8 -0.103548 0.237754 
4.85 0.8 -0.0934526 0.208827 
4.9 0.8 -0.0797924 0.181864 
4.95 0.8 -0.0630176 0.158401 
5 0.8 -0.043729 0.14003 
0 0.85 -0.0407887 0.122509 
0.05 0.85 -0.0283459 0.108218 
0.1 0.85 -0.0147687 0.0989863 
0.15 0.85 -0.00059784 0.0955809 
0.2 0.85 0.0135949 0.0982947 
0.25 0.85 0.0272322 0.106882 
0.3 0.85 0.039768 0.120608 
0.35 0.85 0.0507215 0.138402 
0.4 0.85 0.0597009 0.159044 
0.45 0.85 0.0664139 0.181342 
0.5 0.85 0.0706683 0.204237 
0.55 0.85 0.0723662 0.226848 
0.6 0.85 0.0714958 0.248474 
0.65 0.85 0.0681229 0.268552 
0.7 0.85 0.0623862 0.286632 
0.75 0.85 0.0544932 0.30234 
0.8 0.85 0.0447169 0.315361 
0.85 0.85 0.0333916 0.325436 
0.9 0.85 0.0209056 0.332356 
0.95 0.85 0.00769071 0.335976 
1 0.85 -0.00579325 0.336218 
1.05 0.85 -0.0190755 0.333076 
1.1 0.85 -0.0316932 0.326617 
1.15 0.85 -0.0432094 0.316978 
1.2 0.85 -0.0532283 0.304355 
1.25 0.85 -0.0614066 0.289003 
1.3 0.85 -0.0674611 0.271225 
1.35 0.85 -0.0711737 0.251386 
1.4 0.85 -0.0723942 0.229926 
1.45 0.85 -0.0710442 0.207386 
1.5 0.85 -0.0671226 0.18445 
1.55 0.85 -0.0607127 0.161976 
1.6 0.85 -0.0519918 0.141004 
1.65 0.85 -0.0412375 0.122721 
1.7 0.85 -0.02883 0.108359 
1.75 0.85 -0.0152428 0.0990297 
1.8 0.85 -0.00102358 0.0955253 
1.85 0.85 0.0132386 0.0981597 
1.9 0.85 0.0269517 0.106697 
1.95 0.85 0.0395601 0.120403 
2 0.85 0.050578 0.138202 
2.05 0.85 0.0596112 0.158866 
2.1 0.85 0.0663672 0.181196 
2.15 0.85 0.0706548 0.204125 
2.2 0.85 0.0723776 0.22677 
2.25 0.85 0.0715251 0.248425 
2.3 0.85 0.0681649 0.26853 
2.35 0.85 0.0624369 0.286632 
2.4 0.85 0.0545494 0.302359 
2.45 0.85 0.0447763 0.315397 
2.5 0.85 0.0334523 0.325486 
2.55 0.85 0.0209661 0.332419 
2.6 0.85 0.0077493 0.336053 
2.65 0.85 -0.00573802 0.336307 
2.7 0.85 -0.0190252 0.333178 
2.75 0.85 -0.0316494 0.326732 
2.8 0.85 -0.0431737 0.317105 
2.85 0.85 -0.0532023 0.304495 
2.9 0.85 -0.0613918 0.289154 
2.95 0.85 -0.0674591 0.271387 
3 0.85 -0.0711857 0.251557 
3.05 0.85 -0.0724213 0.230103 
3.1 0.85 -0.0710872 0.207566 
3.15 0.85 -0.0671815 0.184629 
3.2 0.85 -0.0607873 0.162145 
3.25 0.85 -0.0520807 0.141155 
3.3 0.85 -0.0413388 0.122845 
3.35 0.85 -0.0289405 0.108446 
3.4 0.85 -0.015359 0.0990719 
3.45 0.85 -0.00114089 0.0955181 
3.5 0.85 0.0131248 0.0981029 
3.55 0.85 0.0268461 0.106594 
3.6 0.85 0.0394671 0.120262 
3.65 0.85 0.0505013 0.138033 
3.7 0.85 0.0595539 0.158679 
3.75 0.85 0.0663317 0.180999 
3.8 0.85 0.0706426 0.203927 
3.85 0.85 0.0723893 0.226579 
3.9 0.85 0.0715607 0.248245 
3.95 0.85 0.0682236 0.268365 
4 0.85 0.0625171 0.286487 
4.05 0.85 0.0546487 0.302235 
4.1 0.85 0.0448917 0.315296 
4.15 0.85 0.0335801 0.325409 
4.2 0.85 0.0211024 0.332365 
4.25 0.85 0.00789011 0.336019 
4.3 0.85 -0.00559626 0.336289 
4.35 0.85 -0.0188851 0.333168 
4.4 0.85 -0.031512 0.326721 
4.45 0.85 -0.0430381 0.317082 
4.5 0.85 -0.0530649 0.304447 
4.55 0.85 -0.061246 0.289068 
4.6 0.85 -0.0672951 0.271249 
4.65 0.85 -0.070991 0.251356 
4.7 0.85 -0.0721815 0.229834 
4.75 0.85 -0.0707877 0.20723 
4.8 0.85 -0.0668107 0.184241 
4.85 0.85 -0.0603405 0.161733 
4.9 0.85 -0.0515655 0.140758 
4.95 0.85 -0.0407762 0.122509 
5 0.85 -0.0283543 0.108218 
0 0.9 -0.0208781 0.0835676 
0.05 0.9 -0.0144793 0.0739225 
0.1 0.9 -0.00753463 0.0677081 
0.15 0.9 -0.000308296 0.0654201 
0.2 0.9 0.00691898 0.067249 
0.25 0.9 0.0138563 0.0730315 
0.3 0.9 0.0202255 0.0822814 
0.35 0.9 0.0257818 0.094286 
0.4 0.9 0.0303271 0.108231 
0.45 0.9 0.0337153 0.123311 
0.5 0.9 0.0358524 0.138807 
0.55 0.9 0.0366924 0.154118 
0.6 0.9 0.0362323 0.16876 
0.65 0.9 0.034508 0.182348 
0.7 0.9 0.0315909 0.194572 
0.75 0.9 0.0275865 0.205179 
0.8 0.9 0.0226328 0.213962 
0.85 0.9 0.0168983 0.220749 
0.9 0.9 0.0105787 0.225406 
0.95 0.9 0.00389147 0.227841 
1 0.9 -0.00293138 0.228004 
1.05 0.9 -0.00965255 0.22589 
1.1 0.9 -0.0160387 0.221544 
1.15 0.9 -0.0218696 0.215051 
1.2 0.9 -0.0269459 0.206539 
1.25 0.9 -0.0310943 0.196172 
1.3 0.9 -0.0341719 0.184154 
1.35 0.9 -0.036068 0.17073 
1.4 0.9 -0.0367052 0.1562 
1.45 0.9 -0.0360416 0.140937 
1.5 0.9 -0.0340735 0.125411 
1.55 0.9 -0.0308396 0.11021 
1.6 0.9 -0.0264261 0.0960414 
1.65 0.9 -0.0209716 0.083706 
1.7 0.9 -0.0146681 0.0740288 
1.75 0.9 -0.00775753 0.0677487 
1.8 0.9 -0.000521045 0.0653912 
1.85 0.9 0.00673759 0.0671634 
1.9 0.9 0.0137131 0.0729094 
1.95 0.9 0.0201198 0.0821436 
2 0.9 0.0257095 0.09415 
2.05 0.9 0.0302826 0.108109 
2.1 0.9 0.033693 0.12321 
2.15 0.9 0.035847 0.13873 
2.2 0.9 0.0366995 0.154064 
2.25 0.9 0.0362484 0.168727 
2.3 0.9 0.0345302 0.182333 
2.35 0.9 0.0316173 0.194572 
2.4 0.9 0.0276155 0.205193 
2.45 0.9 0.0226632 0.213988 
2.5 0.9 0.0169292 0.220785 
2.55 0.9 0.0106094 0.225451 
2.6 0.9 0.00392123 0.227895 
2.65 0.9 -0.00290332 0.228066 
2.7 0.9 -0.00962694 0.225962 
2.75 0.9 -0.0160163 0.221624 
2.8 0.9 -0.0218513 0.215139 
2.85 0.9 -0.0269323 0.206635 
2.9 0.9 -0.0310864 0.196276 
2.95 0.9 -0.0341704 0.184265 
3 0.9 -0.0360735 0.170847 
3.05 0.9 -0.0367184 0.156321 
3.1 0.9 -0.0360628 0.14106 
3.15 0.9 -0.0341029 0.125533 
3.2 0.9 -0.0308769 0.110325 
3.25 0.9 -0.0264709 0.0961441 
3.3 0.9 -0.0210228 0.0837899 
3.35 0.9 -0.0147242 0.0740876 
3.4 0.9 -0.00781651 0.0677772 
3.45 0.9 -0.000580714 0.0653865 
3.5 0.9 0.00667965 0.0671253 
3.55 0.9 0.0136593 0.0728405 
3.6 0.9 0.0200724 0.082049 
3.65 0.9 0.0256705 0.0940361 
3.7 0.9 0.0302534 0.107982 
3.75 0.9 0.0336748 0.123077 
3.8 0.9 0.0358405 0.138596 
3.85 0.9 0.0367051 0.153935 
3.9 0.9 0.036266 0.168605 
3.95 0.9 0.0345594 0.182221 
4 0.9 0.0316572 0.194474 
4.05 0.9 0.0276649 0.205109 
4.1 0.9 0.0227205 0.213919 
4.15 0.9 0.0169925 0.220731 
4.2 0.9 0.0106766 0.225413 
4.25 0.9 0.00399032 0.227869 
4.3 0.9 -0.00283423 0.22805 
4.35 0.9 -0.00955923 0.22595 
4.4 0.9 -0.0159506 0.22161 
4.45 0.9 -0.021787 0.215116 
4.5 0.9 -0.0268676 0.206593 
4.55 0.9 -0.0310178 0.196207 
4.6 0.9 -0.0340929 0.18416 
4.65 0.9 -0.0359804 0.170699 
4.7 0.9 -0.0366021 0.156127 
4.75 0.9 -0.0359161 0.140823 
4.8 0.9 -0.0339205 0.125263 
4.85 0.9 -0.0306596 0.110044 
4.9 0.9 -0.026231 0.0958789 
4.95 0.9 -0.0207907 0.0835676 
5 0.9 -0.0145399 0.0739225 
0 0.95 -0.00616091 0.042392 
0.05 0.95 -0.00419116 0.0375951 
0.1 0.95 -0.00216616 0.0345193 
0.15 0.95 -8.90825e-05 0.0333891 
0.2 0.95 0.00198123 0.0342951 
0.25 0.95 0.00396589 0.0371589 
0.3 0.95 0.00578545 0.0417455 
0.35 0.95 0.00736968 0.0477083 
0.4 0.95 0.00866231 0.0546483 
0.45 0.95 0.00962262 0.0621676 
0.5 0.95 0.0102251 0.069907 
0.55 0.95 0.0104579 0.0775634 
0.6 0.95 0.0103213 0.0848907 
0.65 0.95 0.00982608 0.0916928 
0.7 0.95 0.00899281 0.0978122 
0.75 0.95 0.00785139 0.103121 
0.8 0.95 0.00644078 0.107515 
0.85 0.95 0.00480859 0.110909 
0.9 0.95 0.00301021 0.113237 
0.95 0.95 0.00110735 0.114454 
1 0.95 -0.000834105 0.114535 
1.05 0.95 -0.00274665 0.113479 
1.1 0.95 -0.00456399 0.111306 
1.15 0.95 -0.00622361 0.10806 
1.2 0.95 -0.00766905 0.103801 
1.25 0.95 -0.00885141 0.098613 
1.3 0.95 -0.0097303 0.0925967 
1.35 0.95 -0.0102743 0.0858762 
1.4 0.95 -0.0104614 0.0786041 
1.45 0.95 -0.0102789 0.0709708 
1.5 0.95 -0.00972475 0.0632155 
1.55 0.95 -0.00880872 0.0556343 
1.6 0.95 -0.00755403 0.0485812 
1.65 0.95 -0.00599913 0.042453 
1.7 0.95 -0.00419839 0.0376543 
1.75 0.95 -0.00222126 0.0345446 
1.8 0.95 -0.000149243 0.0333781 
1.85 0.95 0.00192923 0.034255 
1.9 0.95 0.00392524 0.0370998 
1.95 0.95 0.00575594 0.0416778 
2 0.95 0.00734992 0.0476409 
2.05 0.95 0.00865054 0.0545874 
2.1 0.95 0.00961712 0.0621169 
2.15 0.95 0.0102243 0.0698679 
2.2 0.95 0.0104606 0.0775358 
2.25 0.95 0.0103264 0.0848737 
2.3 0.95 0.00983275 0.0916851 
2.35 0.95 0.00900054 0.0978125 
2.4 0.95 0.00785978 0.103128 
2.45 0.95 0.00644952 0.107528 
2.5 0.95 0.00481743 0.110927 
2.55 0.95 0.00301896 0.11326 
2.6 0.95 0.00111582 0.114481 
2.65 0.95 -0.000826109 0.114567 
2.7 0.95 -0.00273934 0.113515 
2.75 0.95 -0.00455757 0.111347 
2.8 0.95 -0.00621831 0.108104 
2.85 0.95 -0.0076651 0.10385 
2.9 0.95 -0.00884902 0.0986655 
2.95 0.95 -0.00972971 0.0926527 
3 0.95 -0.0102757 0.0859352 
3.05 0.95 -0.0104649 0.0786652 
3.1 0.95 -0.0102847 0.0710327 
3.15 0.95 -0.00973294 0.0632763 
3.2 0.95 -0.00881921 0.0556917 
3.25 0.95 -0.00756668 0.0486324 
3.3 0.95 -0.00601365 0.0424947 
3.35 0.95 -0.00421435 0.0376835 
3.4 0.95 -0.0022381 0.0345587 
3.45 0.95 -0.000166313 0.0333758 
3.5 0.95 0.00191263 0.0342361 
3.55 0.95 0.00390982 0.0370656 
3.6 0.95 0.00574235 0.0416309 
3.65 0.95 0.00733871 0.0475843 
3.7 0.95 0.00864216 0.0545244 
3.75 0.95 0.00961188 0.0620507 
3.8 0.95 0.0102224 0.0698014 
3.85 0.95 0.0104621 0.0774711 
3.9 0.95 0.0103313 0.0848128 
3.95 0.95 0.00984091 0.0916293 
4 0.95 0.00901171 0.0977631 
4.05 0.95 0.0078736 0.103086 
4.1 0.95 0.00646553 0.107494 
4.15 0.95 0.00483509 0.1109 
4.2 0.95 0.00303764 0.11324 
4.25 0.95 0.0011349 0.114468 
4.3 0.95 -0.000807184 0.114558 
4.35 0.95 -0.002721 0.113508 
4.4 0.95 -0.00454003 0.111338 
4.45 0.95 -0.00620145 0.10809 
4.5 0.95 -0.00764838 0.103826 
4.55 0.95 -0.00883146 0.0986282 
4.6 0.95 -0.0097098 0.0925973 
4.65 0.95 -0.0102515 0.0858584 
4.7 0.95 -0.0104341 0.0785659 
4.75 0.95 -0.0102449 0.0709127 
4.8 0.95 -0.00968277 0.0631419 
4.85 0.95 -0.00875996 0.0555538 
4.9 0.95 -0.00750782 0.0485058 
4.95 0.95 -0.00598772 0.042392 
5 0.95 -0.00431199 0.0375951 
0 1 0 0 
0.05 1 0 0 
0.1 1 0 0 
0.15 1 0 0 
0.2 1 0 0 
0.25 1 0 0 
0.3 1 0 0 
0.35 1 0 0 
0.4 1 0 0 
0.45 1 0 0 
0.5 1 0 0 
0.55 1 0 0 
0.6 1 0 0 
0.65 1 0 0 
0.7 1 0 0 
0.75 1 0 0 
0.8 1 0 0 
0.85 1 0 0 
0.9 1 0 0 
0.95 1 0 0 
1 1 0 0 
1.05 1 0 0 
1.1 1 0 0 
1.15 1 0 0 
1.2 1 0 0 
1.25 1 0 0 
1.3 1 0 0 
1.35 1 0 0 
1.4 1 0 0 
1.45 1 0 0 
1.5 1 0 0 
1.55 1 0 0 
1.6 1 0 0 
1.65 1 0 0 
1.7 1 0 0 
1.75 1 0 0 
1.8 1 0 0 
1.85 1 0 0 
1.9 1 0 0 
1.95 1 0 0 
2 1 0 0 
2.05 1 0 0 
2.1 1 0 0 
2.15 1 0 0 
2.2 1 0 0 
2.25 1 0 0 
2.3 1 0 0 
2.35 1 0 0 
2.4 1 0 0 
2.45 1 0 0 
2.5 1 0 0 
2.55 1 0 0 
2.6 1 0 0 
2.65 1 0 0 
2.7 1 0 0 
2.75 1 0 0 
2.8 1 0 0 
2.85 1 0 0 
2.9 1 0 0 
2.95 1 0 0 
3 1 0 0 
3.05 1 0 0 
3.1 1 0 0 
3.15 1 0 0 
3.2 1 0 0 
3.25 1 0 0 
3.3 1 0 0 
3.35 1 0 0 
3.4 1 0 0 
3.45 1 0 0 
3.5 1 0 0 
3.55 1 0 0 
3.6 1 0 0 
3.65 1 0 0 
3.7 1 0 0 
3.75 1 0 0 
3.8 1 0 0 
3.85 1 0 0 
3.9 1 0 0 
3.95 1 0 0 
4 1 0 0 
4.05 1 0 0 
4.1 1 0 0 
4.15 1 0 0 
4.2 1 0 0 
4.25 1 0 0 
4.3 1 0 0 
4.35 1 0 0 
4.4 1 0 0 
4.45 1 0 0 
4.5 1 0 0 
4.55 1 0 0 
4.6 1 0 0 
4.65 1 0 0 
4.7 1 0 0 
4.75 1 0 0 
4.8 1 0 0 
4.85 1 0 0 
4.9 1 0 0 
4.95 1 0 0 
5 1 0 0 
