x, y, ksi, T
#iter= 1570000
0 0 0 1 
0.05 0 0 1 
0.1 0 0 1 
0.15 0 0 1 
0.2 0 0 1 
0.25 0 0 1 
0.3 0 0 1 
0.35 0 0 1 
0.4 0 0 1 
0.45 0 0 1 
0.5 0 0 1 
0.55 0 0 1 
0.6 0 0 1 
0.65 0 0 1 
0.7 0 0 1 
0.75 0 0 1 
0.8 0 0 1 
0.85 0 0 1 
0.9 0 0 1 
0.95 0 0 1 
1 0 0 1 
1.05 0 0 1 
1.1 0 0 1 
1.15 0 0 1 
1.2 0 0 1 
1.25 0 0 1 
1.3 0 0 1 
1.35 0 0 1 
1.4 0 0 1 
1.45 0 0 1 
1.5 0 0 1 
1.55 0 0 1 
1.6 0 0 1 
1.65 0 0 1 
1.7 0 0 1 
1.75 0 0 1 
1.8 0 0 1 
1.85 0 0 1 
1.9 0 0 1 
1.95 0 0 1 
2 0 0 1 
2.05 0 0 1 
2.1 0 0 1 
2.15 0 0 1 
2.2 0 0 1 
2.25 0 0 1 
2.3 0 0 1 
2.35 0 0 1 
2.4 0 0 1 
2.45 0 0 1 
2.5 0 0 1 
2.55 0 0 1 
2.6 0 0 1 
2.65 0 0 1 
2.7 0 0 1 
2.75 0 0 1 
2.8 0 0 1 
2.85 0 0 1 
2.9 0 0 1 
2.95 0 0 1 
3 0 0 1 
3.05 0 0 1 
3.1 0 0 1 
3.15 0 0 1 
3.2 0 0 1 
3.25 0 0 1 
3.3 0 0 1 
3.35 0 0 1 
3.4 0 0 1 
3.45 0 0 1 
3.5 0 0 1 
3.55 0 0 1 
3.6 0 0 1 
3.65 0 0 1 
3.7 0 0 1 
3.75 0 0 1 
3.8 0 0 1 
3.85 0 0 1 
3.9 0 0 1 
3.95 0 0 1 
4 0 0 1 
4.05 0 0 1 
4.1 0 0 1 
4.15 0 0 1 
4.2 0 0 1 
4.25 0 0 1 
4.3 0 0 1 
4.35 0 0 1 
4.4 0 0 1 
4.45 0 0 1 
4.5 0 0 1 
4.55 0 0 1 
4.6 0 0 1 
4.65 0 0 1 
4.7 0 0 1 
4.75 0 0 1 
4.8 0 0 1 
4.85 0 0 1 
4.9 0 0 1 
4.95 0 0 1 
5 0 0 1 
0 0.05 -0.00644546 0.88467 
0.05 0.05 -0.00434995 0.881673 
0.1 0.05 -0.0021639 0.879927 
0.15 0.05 4.70528e-05 0.879408 
0.2 0.05 0.00222502 0.8801 
0.25 0.05 0.00430615 0.881974 
0.3 0.05 0.00622582 0.884986 
0.35 0.05 0.0079234 0.889076 
0.4 0.05 0.00934514 0.894169 
0.45 0.05 0.0104457 0.900172 
0.5 0.05 0.0111886 0.906975 
0.55 0.05 0.0115466 0.914445 
0.6 0.05 0.0115017 0.922412 
0.65 0.05 0.0110458 0.93066 
0.7 0.05 0.0101823 0.938904 
0.75 0.05 0.0089286 0.946787 
0.8 0.05 0.00731851 0.953881 
0.85 0.05 0.00540478 0.959718 
0.9 0.05 0.00325922 0.963847 
0.95 0.05 0.000970492 0.965913 
1 0.05 -0.0013614 0.965722 
1.05 0.05 -0.00363285 0.963295 
1.1 0.05 -0.00574527 0.958853 
1.15 0.05 -0.00761256 0.952776 
1.2 0.05 -0.00916606 0.945523 
1.25 0.05 -0.0103564 0.937557 
1.3 0.05 -0.0111527 0.929297 
1.35 0.05 -0.0115403 0.921088 
1.4 0.05 -0.0115181 0.913202 
1.45 0.05 -0.0110963 0.905847 
1.5 0.05 -0.0102952 0.899186 
1.55 0.05 -0.00914425 0.893347 
1.6 0.05 -0.00768271 0.888437 
1.65 0.05 -0.0059591 0.884544 
1.7 0.05 -0.00403096 0.881737 
1.75 0.05 -0.00196366 0.88007 
1.8 0.05 0.000171725 0.879574 
1.85 0.05 0.00230116 0.880258 
1.9 0.05 0.00435087 0.88211 
1.95 0.05 0.00625052 0.885094 
2 0.05 0.00793589 0.889155 
2.05 0.05 0.00935081 0.89422 
2.1 0.05 0.0104482 0.900197 
2.15 0.05 0.0111905 0.906978 
2.2 0.05 0.0115495 0.91443 
2.25 0.05 0.0115067 0.922383 
2.3 0.05 0.0110534 0.93062 
2.35 0.05 0.0101928 0.938859 
2.4 0.05 0.00894197 0.946741 
2.45 0.05 0.00733451 0.953839 
2.5 0.05 0.00542293 0.959686 
2.55 0.05 0.00327887 0.963829 
2.6 0.05 0.000990829 0.965911 
2.65 0.05 -0.00134125 0.965739 
2.7 0.05 -0.00361377 0.963329 
2.75 0.05 -0.00572805 0.958903 
2.8 0.05 -0.00759787 0.952837 
2.85 0.05 -0.00915438 0.945591 
2.9 0.05 -0.010348 0.93763 
2.95 0.05 -0.0111478 0.92937 
3 0.05 -0.011539 0.921159 
3.05 0.05 -0.0115203 0.913269 
3.1 0.05 -0.0111019 0.905909 
3.15 0.05 -0.0103038 0.899241 
3.2 0.05 -0.00915571 0.893395 
3.25 0.05 -0.00769658 0.888477 
3.3 0.05 -0.00597491 0.884574 
3.35 0.05 -0.00404818 0.881758 
3.4 0.05 -0.0019817 0.880081 
3.45 0.05 0.000153473 0.879575 
3.5 0.05 0.00228332 0.88025 
3.55 0.05 0.00433406 0.882092 
3.6 0.05 0.0062353 0.885067 
3.65 0.05 0.00792276 0.889119 
3.7 0.05 0.00934019 0.894175 
3.75 0.05 0.0104405 0.900146 
3.8 0.05 0.0111859 0.906921 
3.85 0.05 0.0115483 0.914367 
3.9 0.05 0.011509 0.922317 
3.95 0.05 0.0110594 0.930552 
4 0.05 0.0102024 0.938793 
4.05 0.05 0.0089551 0.94668 
4.1 0.05 0.00735094 0.953788 
4.15 0.05 0.00544226 0.95965 
4.2 0.05 0.00330053 0.963814 
4.25 0.05 0.00101408 0.965921 
4.3 0.05 -0.00131725 0.965777 
4.35 0.05 -0.00358996 0.963397 
4.4 0.05 -0.00570541 0.959 
4.45 0.05 -0.00757742 0.952963 
4.5 0.05 -0.00913728 0.945744 
4.55 0.05 -0.0103357 0.937806 
4.6 0.05 -0.0111422 0.929569 
4.65 0.05 -0.011543 0.921378 
4.7 0.05 -0.0115382 0.913504 
4.75 0.05 -0.0111403 0.906155 
4.8 0.05 -0.0103729 0.899489 
4.85 0.05 -0.00927095 0.893628 
4.9 0.05 -0.00788223 0.888666 
4.95 0.05 -0.00626657 0.88467 
5 0.05 -0.00447196 0.881673 
0 0.1 -0.0217461 0.770675 
0.05 0.1 -0.0148909 0.764791 
0.1 0.1 -0.00744189 0.761292 
0.15 0.1 0.000231676 0.760237 
0.2 0.1 0.00784483 0.761606 
0.25 0.1 0.0151398 0.765341 
0.3 0.1 0.0218762 0.77135 
0.35 0.1 0.0278347 0.779509 
0.4 0.1 0.0328226 0.789665 
0.45 0.1 0.0366776 0.801632 
0.5 0.1 0.0392702 0.815193 
0.55 0.1 0.0405041 0.830087 
0.6 0.1 0.0403179 0.845986 
0.65 0.1 0.038687 0.862464 
0.7 0.1 0.0356293 0.878965 
0.75 0.1 0.0312121 0.894778 
0.8 0.1 0.0255602 0.909043 
0.85 0.1 0.0188616 0.920809 
0.9 0.1 0.0113675 0.92915 
0.95 0.1 0.00338365 0.933326 
1 0.1 -0.00474762 0.932941 
1.05 0.1 -0.0126725 0.928032 
1.1 0.1 -0.0200531 0.919063 
1.15 0.1 -0.0265921 0.906818 
1.2 0.1 -0.0320485 0.892237 
1.25 0.1 -0.0362455 0.876264 
1.3 0.1 -0.0390687 0.859736 
1.35 0.1 -0.0404603 0.843338 
1.4 0.1 -0.0404106 0.827603 
1.45 0.1 -0.0389521 0.812937 
1.5 0.1 -0.0361539 0.799656 
1.55 0.1 -0.0321206 0.788013 
1.6 0.1 -0.0269909 0.778218 
1.65 0.1 -0.0209372 0.770447 
1.7 0.1 -0.0141631 0.764842 
1.75 0.1 -0.00689952 0.761512 
1.8 0.1 0.000603449 0.76052 
1.85 0.1 0.0080855 0.761888 
1.9 0.1 0.0152873 0.765587 
1.95 0.1 0.021961 0.771546 
2 0.1 0.02788 0.779651 
2.05 0.1 0.0328452 0.789753 
2.1 0.1 0.0366896 0.801673 
2.15 0.1 0.0392798 0.815193 
2.2 0.1 0.040517 0.830052 
2.25 0.1 0.0403376 0.845924 
2.3 0.1 0.0387156 0.862382 
2.35 0.1 0.0356676 0.878872 
2.4 0.1 0.0312602 0.894684 
2.45 0.1 0.0256171 0.908958 
2.5 0.1 0.0189258 0.920743 
2.55 0.1 0.0114367 0.929112 
2.6 0.1 0.00345502 0.933323 
2.65 0.1 -0.00467701 0.932975 
2.7 0.1 -0.0126056 0.928101 
2.75 0.1 -0.0199927 0.919163 
2.8 0.1 -0.0265404 0.906941 
2.85 0.1 -0.0320073 0.892375 
2.9 0.1 -0.0362159 0.87641 
2.95 0.1 -0.0390515 0.859882 
3 0.1 -0.0404555 0.843481 
3.05 0.1 -0.0404181 0.827737 
3.1 0.1 -0.0389714 0.813061 
3.15 0.1 -0.0361842 0.799767 
3.2 0.1 -0.0321608 0.788109 
3.25 0.1 -0.0270396 0.778297 
3.3 0.1 -0.0209927 0.770508 
3.35 0.1 -0.0142237 0.764885 
3.4 0.1 -0.00696296 0.761534 
3.45 0.1 0.000539283 0.760523 
3.5 0.1 0.00802281 0.761871 
3.55 0.1 0.0152282 0.765551 
3.6 0.1 0.0219075 0.771491 
3.65 0.1 0.0278339 0.779579 
3.7 0.1 0.0328079 0.789666 
3.75 0.1 0.0366625 0.80157 
3.8 0.1 0.0392639 0.815078 
3.85 0.1 0.040513 0.829927 
3.9 0.1 0.0403461 0.845791 
3.95 0.1 0.0387368 0.862246 
4 0.1 0.0357015 0.878739 
4.05 0.1 0.0313063 0.894561 
4.1 0.1 0.0256747 0.908855 
4.15 0.1 0.0189932 0.92067 
4.2 0.1 0.011512 0.929079 
4.25 0.1 0.00353578 0.93334 
4.3 0.1 -0.0045938 0.933049 
4.35 0.1 -0.0125231 0.928235 
4.4 0.1 -0.0199143 0.919356 
4.45 0.1 -0.0264696 0.907191 
4.5 0.1 -0.0319481 0.892676 
4.55 0.1 -0.0361733 0.876758 
4.6 0.1 -0.0390317 0.860273 
4.65 0.1 -0.0404679 0.843908 
4.7 0.1 -0.040476 0.828196 
4.75 0.1 -0.0390937 0.813539 
4.8 0.1 -0.0363971 0.800245 
4.85 0.1 -0.0324977 0.788552 
4.9 0.1 -0.0275352 0.778646 
4.95 0.1 -0.0216566 0.770675 
5 0.1 -0.0149499 0.764791 
0 0.15 -0.042365 0.662824 
0.05 0.15 -0.0289738 0.654234 
0.1 0.15 -0.0144284 0.64908 
0.15 0.15 0.000617426 0.647505 
0.2 0.15 0.0155902 0.649511 
0.25 0.15 0.0299613 0.65502 
0.3 0.15 0.0432416 0.663892 
0.35 0.15 0.0549883 0.675934 
0.4 0.15 0.0648142 0.69091 
0.45 0.15 0.0723954 0.70854 
0.5 0.15 0.0774744 0.728502 
0.55 0.15 0.0798625 0.750414 
0.6 0.15 0.0794424 0.773805 
0.65 0.15 0.0761727 0.79806 
0.7 0.15 0.0700978 0.822377 
0.75 0.15 0.06136 0.845716 
0.8 0.15 0.0502132 0.866809 
0.85 0.15 0.0370318 0.884237 
0.9 0.15 0.0223086 0.896611 
0.95 0.15 0.00663839 0.902813 
1 0.15 -0.00931659 0.902241 
1.05 0.15 -0.0248729 0.89495 
1.1 0.15 -0.0393765 0.881647 
1.15 0.15 -0.0522483 0.863513 
1.2 0.15 -0.0630146 0.841959 
1.25 0.15 -0.0713219 0.818388 
1.3 0.15 -0.0769365 0.794034 
1.35 0.15 -0.0797345 0.769896 
1.4 0.15 -0.0796883 0.746743 
1.45 0.15 -0.0768544 0.725159 
1.5 0.15 -0.0713656 0.7056 
1.55 0.15 -0.0634264 0.688435 
1.6 0.15 -0.0533112 0.673975 
1.65 0.15 -0.0413618 0.662488 
1.7 0.15 -0.0279829 0.654194 
1.75 0.15 -0.0136326 0.649261 
1.8 0.15 0.00119252 0.647792 
1.85 0.15 0.0159762 0.649818 
1.9 0.15 0.0302037 0.655297 
1.95 0.15 0.0433836 0.664113 
2 0.15 0.0550655 0.676091 
2.05 0.15 0.0648543 0.691002 
2.1 0.15 0.0724185 0.708572 
2.15 0.15 0.077495 0.72848 
2.2 0.15 0.0798905 0.750348 
2.25 0.15 0.0794841 0.773702 
2.3 0.15 0.0762319 0.797932 
2.35 0.15 0.070176 0.822234 
2.4 0.15 0.061457 0.845573 
2.45 0.15 0.0503272 0.86668 
2.5 0.15 0.0371594 0.884137 
2.55 0.15 0.0224456 0.896554 
2.6 0.15 0.0067794 0.902808 
2.65 0.15 -0.00917726 0.90229 
2.7 0.15 -0.0247409 0.895053 
2.75 0.15 -0.0392573 0.881795 
2.8 0.15 -0.0521461 0.863695 
2.85 0.15 -0.0629329 0.842163 
2.9 0.15 -0.071263 0.818603 
2.95 0.15 -0.0769019 0.79425 
3 0.15 -0.0797245 0.770106 
3.05 0.15 -0.0797026 0.746941 
3.1 0.15 -0.0768921 0.725342 
3.15 0.15 -0.0714252 0.705764 
3.2 0.15 -0.0635057 0.688576 
3.25 0.15 -0.0534073 0.674092 
3.3 0.15 -0.0414715 0.662579 
3.35 0.15 -0.0281026 0.654257 
3.4 0.15 -0.013758 0.649295 
3.45 0.15 0.00106566 0.647796 
3.5 0.15 0.0158522 0.649793 
3.55 0.15 0.030087 0.655244 
3.6 0.15 0.0432779 0.664033 
3.65 0.15 0.0549744 0.675986 
3.7 0.15 0.0647808 0.690873 
3.75 0.15 0.0723652 0.708421 
3.8 0.15 0.0774638 0.728311 
3.85 0.15 0.0798829 0.750164 
3.9 0.15 0.0795012 0.773507 
3.95 0.15 0.076274 0.797733 
4 0.15 0.070243 0.822039 
4.05 0.15 0.0615478 0.845391 
4.1 0.15 0.05044 0.866526 
4.15 0.15 0.0372913 0.884028 
4.2 0.15 0.0225926 0.896504 
4.25 0.15 0.0069367 0.902831 
4.3 0.15 -0.00901525 0.902397 
4.35 0.15 -0.0245802 0.895247 
4.4 0.15 -0.0391042 0.882074 
4.45 0.15 -0.0520072 0.864055 
4.5 0.15 -0.0628153 0.842596 
4.55 0.15 -0.0711753 0.819101 
4.6 0.15 -0.0768549 0.794806 
4.65 0.15 -0.0797332 0.770711 
4.7 0.15 -0.0797876 0.747584 
4.75 0.15 -0.0770811 0.726006 
4.8 0.15 -0.0717531 0.706419 
4.85 0.15 -0.0640103 0.689175 
4.9 0.15 -0.0541137 0.67456 
4.95 0.15 -0.0423512 0.662824 
5 0.15 -0.0289804 0.654234 
0 0.2 -0.0652945 0.566854 
0.05 0.2 -0.044541 0.555851 
0.1 0.2 -0.022061 0.549223 
0.15 0.2 0.00121744 0.547183 
0.2 0.2 0.0244159 0.549766 
0.25 0.2 0.0467025 0.556881 
0.3 0.2 0.0673033 0.56834 
0.35 0.2 0.0855185 0.583873 
0.4 0.2 0.100739 0.603153 
0.45 0.2 0.112457 0.625802 
0.5 0.2 0.120273 0.651398 
0.55 0.2 0.123899 0.67945 
0.6 0.2 0.12316 0.709365 
0.65 0.2 0.118003 0.740375 
0.7 0.2 0.10851 0.771468 
0.75 0.2 0.0949147 0.801331 
0.8 0.2 0.0776213 0.828344 
0.85 0.2 0.0572139 0.850686 
0.9 0.2 0.0344531 0.866562 
0.95 0.2 0.0102493 0.874523 
1 0.2 -0.014388 0.873787 
1.05 0.2 -0.0384184 0.864428 
1.1 0.2 -0.0608445 0.847361 
1.15 0.2 -0.0807786 0.824116 
1.2 0.2 -0.0974887 0.796514 
1.25 0.2 -0.110421 0.766356 
1.3 0.2 -0.119203 0.735213 
1.35 0.2 -0.123629 0.704347 
1.4 0.2 -0.123642 0.674723 
1.45 0.2 -0.119319 0.647074 
1.5 0.2 -0.110858 0.621974 
1.55 0.2 -0.09857 0.599895 
1.6 0.2 -0.0828806 0.58125 
1.65 0.2 -0.0643216 0.566401 
1.7 0.2 -0.0435248 0.555657 
1.75 0.2 -0.0212066 0.549257 
1.8 0.2 0.00185537 0.547349 
1.85 0.2 0.0248523 0.54998 
1.9 0.2 0.0469783 0.557087 
1.95 0.2 0.0674636 0.568505 
2 0.2 0.0856039 0.583983 
2.05 0.2 0.100783 0.603201 
2.1 0.2 0.112484 0.625791 
2.15 0.2 0.120303 0.651332 
2.2 0.2 0.123943 0.679338 
2.25 0.2 0.123227 0.709214 
2.3 0.2 0.118098 0.740197 
2.35 0.2 0.108634 0.771277 
2.4 0.2 0.0950681 0.801142 
2.45 0.2 0.0778004 0.828174 
2.5 0.2 0.0574136 0.850555 
2.55 0.2 0.0346667 0.866486 
2.6 0.2 0.0104687 0.874515 
2.65 0.2 -0.0141715 0.873851 
2.7 0.2 -0.0382135 0.86456 
2.75 0.2 -0.0606592 0.847551 
2.8 0.2 -0.0806196 0.82435 
2.85 0.2 -0.0973612 0.796776 
2.9 0.2 -0.110329 0.766632 
2.95 0.2 -0.119149 0.73549 
3 0.2 -0.123613 0.704616 
3.05 0.2 -0.123664 0.674978 
3.1 0.2 -0.119377 0.647309 
3.15 0.2 -0.11095 0.622184 
3.2 0.2 -0.0986928 0.600078 
3.25 0.2 -0.0830299 0.581402 
3.3 0.2 -0.0644922 0.566519 
3.35 0.2 -0.0437109 0.555739 
3.4 0.2 -0.0214017 0.549301 
3.45 0.2 0.00165792 0.547355 
3.5 0.2 0.0246594 0.549948 
3.55 0.2 0.0467966 0.557019 
3.6 0.2 0.0672992 0.568402 
3.65 0.2 0.0854625 0.583846 
3.7 0.2 0.100669 0.603035 
3.75 0.2 0.112402 0.625599 
3.8 0.2 0.120255 0.651117 
3.85 0.2 0.123932 0.679104 
3.9 0.2 0.123254 0.708967 
3.95 0.2 0.118163 0.739944 
4 0.2 0.108738 0.771028 
4.05 0.2 0.0952081 0.800911 
4.1 0.2 0.0779738 0.827979 
4.15 0.2 0.0576158 0.850415 
4.2 0.2 0.0348917 0.866421 
4.25 0.2 0.0107092 0.874543 
4.3 0.2 -0.0139238 0.873983 
4.35 0.2 -0.0379673 0.864802 
4.4 0.2 -0.0604236 0.847899 
4.45 0.2 -0.0804037 0.824797 
4.5 0.2 -0.0971745 0.797311 
4.55 0.2 -0.110182 0.767242 
4.6 0.2 -0.119055 0.736165 
4.65 0.2 -0.123589 0.705343 
4.7 0.2 -0.123733 0.67574 
4.75 0.2 -0.119567 0.648086 
4.8 0.2 -0.111294 0.622941 
4.85 0.2 -0.0992207 0.600763 
4.9 0.2 -0.083748 0.581948 
4.95 0.2 -0.0653443 0.566854 
5 0.2 -0.0445044 0.555851 
0 0.25 -0.088181 0.487037 
0.05 0.25 -0.0600025 0.473947 
0.1 0.25 -0.029547 0.466044 
0.15 0.25 0.00199691 0.463607 
0.2 0.25 0.0334527 0.466708 
0.25 0.25 0.0636831 0.47524 
0.3 0.25 0.0916225 0.488953 
0.35 0.25 0.116308 0.507484 
0.4 0.25 0.136904 0.530394 
0.45 0.25 0.152719 0.557198 
0.5 0.25 0.163213 0.587373 
0.55 0.25 0.168005 0.620337 
0.6 0.25 0.16687 0.655401 
0.65 0.25 0.159754 0.691686 
0.7 0.25 0.146786 0.728032 
0.75 0.25 0.1283 0.762921 
0.8 0.25 0.104855 0.794474 
0.85 0.25 0.0772457 0.820571 
0.9 0.25 0.0464979 0.839117 
0.95 0.25 0.0138285 0.848418 
1 0.25 -0.0194176 0.847557 
1.05 0.25 -0.0518562 0.836623 
1.1 0.25 -0.0821582 0.816683 
1.15 0.25 -0.109135 0.789529 
1.2 0.25 -0.131799 0.757284 
1.25 0.25 -0.149395 0.722044 
1.3 0.25 -0.161403 0.685629 
1.35 0.25 -0.167527 0.649495 
1.4 0.25 -0.167673 0.614748 
1.45 0.25 -0.161926 0.582228 
1.5 0.25 -0.150541 0.5526 
1.55 0.25 -0.133931 0.526431 
1.6 0.25 -0.112667 0.504233 
1.65 0.25 -0.0874713 0.486478 
1.7 0.25 -0.0592057 0.473583 
1.75 0.25 -0.0288513 0.46588 
1.8 0.25 0.00252469 0.463581 
1.85 0.25 0.0338114 0.466752 
1.9 0.25 0.0639018 0.475302 
1.95 0.25 0.0917397 0.488999 
2 0.25 0.116361 0.507493 
2.05 0.25 0.136926 0.530358 
2.1 0.25 0.152735 0.557115 
2.15 0.25 0.163243 0.587244 
2.2 0.25 0.168061 0.620168 
2.25 0.25 0.166962 0.655199 
2.3 0.25 0.159885 0.691461 
2.35 0.25 0.146958 0.727796 
2.4 0.25 0.128511 0.762692 
2.45 0.25 0.1051 0.794272 
2.5 0.25 0.0775187 0.820416 
2.55 0.25 0.0467889 0.839028 
2.6 0.25 0.0141267 0.848408 
2.65 0.25 -0.0191237 0.847632 
2.7 0.25 -0.0515781 0.836778 
2.75 0.25 -0.0819065 0.816907 
2.8 0.25 -0.108919 0.789804 
2.85 0.25 -0.131625 0.757592 
2.9 0.25 -0.149268 0.722367 
2.95 0.25 -0.161327 0.685954 
3 0.25 -0.167504 0.649811 
3.05 0.25 -0.167701 0.615048 
3.1 0.25 -0.162004 0.582505 
3.15 0.25 -0.150665 0.55285 
3.2 0.25 -0.134097 0.526649 
3.25 0.25 -0.11287 0.504415 
3.3 0.25 -0.0877032 0.48662 
3.35 0.25 -0.0594589 0.473682 
3.4 0.25 -0.029117 0.465934 
3.45 0.25 0.00225589 0.463589 
3.5 0.25 0.0335489 0.466714 
3.55 0.25 0.0636546 0.47522 
3.6 0.25 0.0915164 0.488875 
3.65 0.25 0.116169 0.507332 
3.7 0.25 0.136772 0.530162 
3.75 0.25 0.152624 0.556889 
3.8 0.25 0.163179 0.586992 
3.85 0.25 0.168047 0.619895 
3.9 0.25 0.166998 0.654911 
3.95 0.25 0.159974 0.691167 
4 0.25 0.147098 0.727508 
4.05 0.25 0.128699 0.762424 
4.1 0.25 0.105332 0.794045 
4.15 0.25 0.0777888 0.820254 
4.2 0.25 0.047089 0.838953 
4.25 0.25 0.0144473 0.848439 
4.3 0.25 -0.0187934 0.847783 
4.35 0.25 -0.0512489 0.837052 
4.4 0.25 -0.0815893 0.817301 
4.45 0.25 -0.108624 0.790306 
4.5 0.25 -0.131363 0.758188 
4.55 0.25 -0.14905 0.723042 
4.6 0.25 -0.161164 0.686692 
4.65 0.25 -0.16741 0.650594 
4.7 0.25 -0.167695 0.615856 
4.75 0.25 -0.162107 0.583316 
4.8 0.25 -0.1509 0.55363 
4.85 0.25 -0.134478 0.527356 
4.9 0.25 -0.113384 0.504998 
4.95 0.25 -0.0882834 0.487037 
5 0.25 -0.0599306 0.473947 
0 0.3 -0.109209 0.424756 
0.05 0.3 -0.0741472 0.409816 
0.1 0.3 -0.0363061 0.400775 
0.15 0.3 0.00288765 0.397994 
0.2 0.3 0.041981 0.401581 
0.25 0.3 0.0795498 0.411402 
0.3 0.3 0.114253 0.427114 
0.35 0.3 0.144879 0.448222 
0.4 0.3 0.170382 0.47414 
0.45 0.3 0.189901 0.50425 
0.5 0.3 0.202776 0.537917 
0.55 0.3 0.208545 0.574479 
0.6 0.3 0.206951 0.613178 
0.65 0.3 0.197951 0.653071 
0.7 0.3 0.181727 0.692915 
0.75 0.3 0.158715 0.731079 
0.8 0.3 0.129622 0.765539 
0.85 0.3 0.0954385 0.794006 
0.9 0.3 0.057426 0.814219 
0.95 0.3 0.0170735 0.82435 
1 0.3 -0.0239808 0.823412 
1.05 0.3 -0.0640523 0.811498 
1.1 0.3 -0.101521 0.789762 
1.15 0.3 -0.134933 0.760134 
1.2 0.3 -0.163068 0.724907 
1.25 0.3 -0.184985 0.686341 
1.3 0.3 -0.200024 0.646397 
1.35 0.3 -0.207794 0.606638 
1.4 0.3 -0.208153 0.568248 
1.45 0.3 -0.201184 0.532131 
1.5 0.3 -0.187181 0.49902 
1.55 0.3 -0.166642 0.469567 
1.6 0.3 -0.140267 0.4444 
1.65 0.3 -0.108951 0.424129 
1.7 0.3 -0.07377 0.409319 
1.75 0.3 -0.0359559 0.400435 
1.8 0.3 0.00314704 0.397778 
1.85 0.3 0.0421373 0.401442 
1.9 0.3 0.0796184 0.411299 
1.95 0.3 0.114261 0.427017 
2 0.3 0.144855 0.448109 
2.05 0.3 0.170352 0.474002 
2.1 0.3 0.189888 0.504082 
2.15 0.3 0.202795 0.537718 
2.2 0.3 0.208607 0.574251 
2.25 0.3 0.207064 0.612926 
2.3 0.3 0.198116 0.652803 
2.35 0.3 0.181944 0.692644 
2.4 0.3 0.158981 0.73082 
2.45 0.3 0.12993 0.765313 
2.5 0.3 0.0957798 0.793835 
2.55 0.3 0.0577888 0.814121 
2.6 0.3 0.0174446 0.82434 
2.65 0.3 -0.0236155 0.823495 
2.7 0.3 -0.0637068 0.811669 
2.75 0.3 -0.101209 0.790008 
2.8 0.3 -0.134664 0.760436 
2.85 0.3 -0.162852 0.725245 
2.9 0.3 -0.184827 0.686696 
2.95 0.3 -0.199928 0.646756 
3 0.3 -0.207763 0.606989 
3.05 0.3 -0.208186 0.568582 
3.1 0.3 -0.201279 0.532442 
3.15 0.3 -0.187335 0.499301 
3.2 0.3 -0.166849 0.469814 
3.25 0.3 -0.140519 0.444607 
3.3 0.3 -0.10924 0.424292 
3.35 0.3 -0.0740855 0.409434 
3.4 0.3 -0.0362871 0.400497 
3.45 0.3 0.00281183 0.397787 
3.5 0.3 0.04181 0.401399 
3.55 0.3 0.0793105 0.411205 
3.6 0.3 0.113983 0.426876 
3.65 0.3 0.144617 0.447926 
3.7 0.3 0.170161 0.473782 
3.75 0.3 0.18975 0.50383 
3.8 0.3 0.202716 0.53744 
3.85 0.3 0.20859 0.573951 
3.9 0.3 0.207109 0.612612 
3.95 0.3 0.198225 0.652484 
4 0.3 0.182116 0.692331 
4.05 0.3 0.159212 0.730532 
4.1 0.3 0.130214 0.76507 
4.15 0.3 0.0961089 0.793661 
4.2 0.3 0.0581539 0.814041 
4.25 0.3 0.0178343 0.824374 
4.3 0.3 -0.0232133 0.823655 
4.35 0.3 -0.0633044 0.811959 
4.4 0.3 -0.100818 0.790421 
4.45 0.3 -0.134294 0.760959 
4.5 0.3 -0.162513 0.725861 
4.55 0.3 -0.184527 0.687385 
4.6 0.3 -0.199674 0.647497 
4.65 0.3 -0.207562 0.607762 
4.7 0.3 -0.208047 0.569367 
4.75 0.3 -0.201211 0.533215 
4.8 0.3 -0.187344 0.500037 
4.85 0.3 -0.166932 0.470483 
4.9 0.3 -0.140652 0.445181 
4.95 0.3 -0.109354 0.424756 
5 0.3 -0.0740472 0.409816 
0 0.35 -0.127005 0.378501 
0.05 0.35 -0.0860702 0.361791 
0.1 0.35 -0.0419226 0.351645 
0.15 0.35 0.00380369 0.348537 
0.2 0.35 0.0494133 0.352621 
0.25 0.35 0.0932296 0.363711 
0.3 0.35 0.133669 0.381328 
0.35 0.35 0.169302 0.404788 
0.4 0.35 0.198904 0.433307 
0.45 0.35 0.221475 0.466085 
0.5 0.35 0.236259 0.502356 
0.55 0.35 0.24274 0.541369 
0.6 0.35 0.240646 0.582321 
0.65 0.35 0.229956 0.624248 
0.7 0.35 0.210914 0.665888 
0.75 0.35 0.18405 0.705596 
0.8 0.35 0.150202 0.741322 
0.85 0.35 0.110526 0.770754 
0.9 0.35 0.0664762 0.79161 
0.95 0.35 0.0197582 0.802051 
1 0.35 -0.0277593 0.801084 
1.05 0.35 -0.0741571 0.788803 
1.1 0.35 -0.117586 0.766366 
1.15 0.35 -0.156379 0.735718 
1.2 0.35 -0.189127 0.699173 
1.25 0.35 -0.214729 0.659015 
1.3 0.35 -0.232399 0.617227 
1.35 0.35 -0.241657 0.575389 
1.4 0.35 -0.242306 0.534701 
1.45 0.35 -0.234411 0.49609 
1.5 0.35 -0.218286 0.460343 
1.55 0.35 -0.194489 0.428206 
1.6 0.35 -0.163819 0.40045 
1.65 0.35 -0.127316 0.37787 
1.7 0.35 -0.0862405 0.361235 
1.75 0.35 -0.0420443 0.351196 
1.8 0.35 0.00368074 0.348185 
1.85 0.35 0.0492721 0.352337 
1.9 0.35 0.0930734 0.363467 
1.95 0.35 0.133511 0.3811 
2 0.35 0.169161 0.404561 
2.05 0.35 0.198796 0.433071 
2.1 0.35 0.221414 0.465835 
2.15 0.35 0.236255 0.50209 
2.2 0.35 0.242799 0.541087 
2.25 0.35 0.240771 0.582027 
2.3 0.35 0.230148 0.623947 
2.35 0.35 0.211169 0.665592 
2.4 0.35 0.184363 0.705319 
2.45 0.35 0.150564 0.741084 
2.5 0.35 0.110926 0.770576 
2.55 0.35 0.0669001 0.791511 
2.6 0.35 0.0201909 0.802043 
2.65 0.35 -0.0273339 0.801172 
2.7 0.35 -0.0737547 0.788982 
2.75 0.35 -0.117222 0.766623 
2.8 0.35 -0.156065 0.736033 
2.85 0.35 -0.188873 0.699527 
2.9 0.35 -0.214543 0.659388 
2.95 0.35 -0.232286 0.617606 
3 0.35 -0.241619 0.575761 
3.05 0.35 -0.242343 0.535058 
3.1 0.35 -0.234521 0.496425 
3.15 0.35 -0.218464 0.46065 
3.2 0.35 -0.194729 0.428478 
3.25 0.35 -0.164113 0.40068 
3.3 0.35 -0.127653 0.378052 
3.35 0.35 -0.0866094 0.361363 
3.4 0.35 -0.0424319 0.351266 
3.45 0.35 0.00328851 0.348195 
3.5 0.35 0.0488892 0.352288 
3.55 0.35 0.0927135 0.363361 
3.6 0.35 0.133187 0.380943 
3.65 0.35 0.168883 0.404359 
3.7 0.35 0.198573 0.432831 
3.75 0.35 0.221254 0.465564 
3.8 0.35 0.236163 0.501793 
3.85 0.35 0.242779 0.540771 
3.9 0.35 0.240824 0.581699 
3.95 0.35 0.230274 0.623617 
4 0.35 0.211366 0.665272 
4.05 0.35 0.184626 0.705025 
4.1 0.35 0.150888 0.740838 
4.15 0.35 0.1113 0.770401 
4.2 0.35 0.0673151 0.79143 
4.25 0.35 0.0206338 0.802077 
4.3 0.35 -0.0268762 0.801332 
4.35 0.35 -0.0732948 0.789269 
4.4 0.35 -0.116771 0.767029 
4.45 0.35 -0.155631 0.736544 
4.5 0.35 -0.188463 0.70012 
4.55 0.35 -0.214159 0.660042 
4.6 0.35 -0.231928 0.618297 
4.65 0.35 -0.241285 0.576468 
4.7 0.35 -0.242029 0.535759 
4.75 0.35 -0.23422 0.497101 
4.8 0.35 -0.218166 0.461283 
4.85 0.35 -0.194414 0.429053 
4.9 0.35 -0.163749 0.401188 
4.95 0.35 -0.127183 0.378501 
5 0.35 -0.0859484 0.361791 
0 0.4 -0.140558 0.344894 
0.05 0.4 -0.0951122 0.326362 
0.1 0.4 -0.0461072 0.315059 
0.15 0.4 0.00465478 0.311617 
0.2 0.4 0.0552819 0.316239 
0.25 0.4 0.103891 0.328666 
0.3 0.4 0.148704 0.348237 
0.35 0.4 0.188118 0.374018 
0.4 0.4 0.220769 0.404959 
0.45 0.4 0.24556 0.440034 
0.5 0.4 0.261669 0.478306 
0.55 0.4 0.268555 0.518925 
0.6 0.4 0.265951 0.56105 
0.65 0.4 0.253869 0.603724 
0.7 0.4 0.232616 0.645729 
0.75 0.4 0.202804 0.685488 
0.8 0.4 0.165379 0.721045 
0.85 0.4 0.121618 0.7502 
0.9 0.4 0.0731152 0.77079 
0.95 0.4 0.0217247 0.781076 
1 0.4 -0.0305305 0.780123 
1.05 0.4 -0.0815745 0.768019 
1.1 0.4 -0.129405 0.745857 
1.15 0.4 -0.172205 0.715473 
1.2 0.4 -0.208432 0.679064 
1.25 0.4 -0.236862 0.638802 
1.3 0.4 -0.256607 0.596584 
1.35 0.4 -0.267105 0.553922 
1.4 0.4 -0.268102 0.511978 
1.45 0.4 -0.259631 0.471681 
1.5 0.4 -0.242006 0.433863 
1.55 0.4 -0.215814 0.399384 
1.6 0.4 -0.181923 0.369195 
1.65 0.4 -0.141476 0.34433 
1.7 0.4 -0.0958767 0.325827 
1.75 0.4 -0.0467552 0.314581 
1.8 0.4 0.0040941 0.311197 
1.85 0.4 0.0547922 0.315863 
1.9 0.4 0.103468 0.32832 
1.95 0.4 0.148347 0.347907 
2 0.4 0.187834 0.373694 
2.05 0.4 0.220564 0.404637 
2.1 0.4 0.245437 0.439711 
2.15 0.4 0.261631 0.477981 
2.2 0.4 0.268602 0.518598 
2.25 0.4 0.266082 0.560723 
2.3 0.4 0.25408 0.603401 
2.35 0.4 0.2329 0.64542 
2.4 0.4 0.203153 0.685205 
2.45 0.4 0.165782 0.720806 
2.5 0.4 0.122062 0.750024 
2.55 0.4 0.0735855 0.770693 
2.6 0.4 0.022204 0.781071 
2.65 0.4 -0.0300597 0.780213 
2.7 0.4 -0.0811294 0.768199 
2.75 0.4 -0.129001 0.746114 
2.8 0.4 -0.171857 0.71579 
2.85 0.4 -0.20815 0.67942 
2.9 0.4 -0.236655 0.639181 
2.95 0.4 -0.25648 0.596971 
3 0.4 -0.267061 0.554306 
3.05 0.4 -0.26814 0.512351 
3.1 0.4 -0.25975 0.472035 
3.15 0.4 -0.242201 0.434192 
3.2 0.4 -0.216079 0.399679 
3.25 0.4 -0.182248 0.369448 
3.3 0.4 -0.14185 0.344533 
3.35 0.4 -0.0962869 0.32597 
3.4 0.4 -0.0471864 0.31466 
3.45 0.4 0.0036576 0.311207 
3.5 0.4 0.0543664 0.315807 
3.55 0.4 0.103068 0.328201 
3.6 0.4 0.147987 0.347733 
3.65 0.4 0.187526 0.373473 
3.7 0.4 0.220318 0.404379 
3.75 0.4 0.245261 0.439424 
3.8 0.4 0.261531 0.477672 
3.85 0.4 0.268581 0.518274 
3.9 0.4 0.26614 0.560392 
3.95 0.4 0.254218 0.603071 
4 0.4 0.233114 0.645103 
4.05 0.4 0.203439 0.684918 
4.1 0.4 0.166132 0.720567 
4.15 0.4 0.122467 0.749856 
4.2 0.4 0.0740323 0.770617 
4.25 0.4 0.0226805 0.781104 
4.3 0.4 -0.0295666 0.780364 
4.35 0.4 -0.0806316 0.768468 
4.4 0.4 -0.128508 0.746491 
4.45 0.4 -0.171374 0.716257 
4.5 0.4 -0.20768 0.679955 
4.55 0.4 -0.236193 0.63976 
4.6 0.4 -0.256018 0.597568 
4.65 0.4 -0.266585 0.554899 
4.7 0.4 -0.267633 0.512919 
4.75 0.4 -0.25919 0.472562 
4.8 0.4 -0.241561 0.434668 
4.85 0.4 -0.215327 0.400102 
4.9 0.4 -0.181347 0.369827 
4.95 0.4 -0.140761 0.344894 
5 0.4 -0.0949742 0.326362 
0 0.45 -0.149158 0.319942 
0.05 0.45 -0.100814 0.29951 
0.1 0.45 -0.0486686 0.286988 
0.15 0.45 0.00535676 0.283198 
0.2 0.45 0.0592294 0.288401 
0.25 0.45 0.110919 0.302249 
0.3 0.45 0.158507 0.323856 
0.35 0.45 0.200276 0.351991 
0.4 0.45 0.234772 0.385293 
0.45 0.45 0.26084 0.422464 
0.5 0.45 0.277633 0.462367 
0.55 0.45 0.284609 0.504035 
0.6 0.45 0.281527 0.546585 
0.65 0.45 0.26844 0.589085 
0.7 0.45 0.245709 0.6304 
0.75 0.45 0.214017 0.669088 
0.8 0.45 0.174381 0.703382 
0.85 0.45 0.128155 0.731306 
0.9 0.45 0.0770103 0.750926 
0.95 0.45 0.0228747 0.760699 
1 0.45 -0.0321554 0.759793 
1.05 0.45 -0.0859321 0.748288 
1.1 0.45 -0.136379 0.727152 
1.15 0.45 -0.181607 0.698019 
1.2 0.45 -0.219992 0.662851 
1.25 0.45 -0.250237 0.623603 
1.3 0.45 -0.271379 0.581992 
1.35 0.45 -0.282789 0.539401 
1.4 0.45 -0.284159 0.49692 
1.45 0.45 -0.275481 0.455463 
1.5 0.45 -0.257047 0.415917 
1.55 0.45 -0.229447 0.379274 
1.6 0.45 -0.193578 0.346699 
1.65 0.45 -0.150644 0.319512 
1.7 0.45 -0.102142 0.299065 
1.75 0.45 -0.0498257 0.286548 
1.8 0.45 0.00436399 0.282767 
1.85 0.45 0.0583897 0.287979 
1.9 0.45 0.110222 0.301833 
1.95 0.45 0.157946 0.323445 
2 0.45 0.199844 0.351587 
2.05 0.45 0.234464 0.384898 
2.1 0.45 0.260651 0.422079 
2.15 0.45 0.277557 0.461993 
2.2 0.45 0.28464 0.503672 
2.25 0.45 0.281656 0.546235 
2.3 0.45 0.26866 0.58875 
2.35 0.45 0.246011 0.630087 
2.4 0.45 0.21439 0.668809 
2.45 0.45 0.174811 0.703151 
2.5 0.45 0.128628 0.731138 
2.55 0.45 0.0775098 0.750837 
2.6 0.45 0.023383 0.760698 
2.65 0.45 -0.0316567 0.759883 
2.7 0.45 -0.0854607 0.748464 
2.75 0.45 -0.135952 0.727402 
2.8 0.45 -0.181237 0.698328 
2.85 0.45 -0.219693 0.663201 
2.9 0.45 -0.250016 0.623979 
2.95 0.45 -0.271242 0.582379 
3 0.45 -0.28274 0.53979 
3.05 0.45 -0.284197 0.497303 
3.1 0.45 -0.275606 0.455833 
3.15 0.45 -0.257253 0.416265 
3.2 0.45 -0.229728 0.379591 
3.25 0.45 -0.193923 0.346975 
3.3 0.45 -0.151042 0.319735 
3.35 0.45 -0.102579 0.299224 
3.4 0.45 -0.0502855 0.286635 
3.45 0.45 0.00389849 0.282778 
3.5 0.45 0.0579357 0.287915 
3.55 0.45 0.109797 0.301699 
3.6 0.45 0.157563 0.323253 
3.65 0.45 0.199517 0.351347 
3.7 0.45 0.234204 0.384622 
3.75 0.45 0.260465 0.421778 
3.8 0.45 0.277451 0.461675 
3.85 0.45 0.284617 0.503345 
3.9 0.45 0.281718 0.545906 
3.95 0.45 0.268805 0.588428 
4 0.45 0.246235 0.629783 
4.05 0.45 0.214686 0.668536 
4.1 0.45 0.175172 0.702927 
4.15 0.45 0.129044 0.730982 
4.2 0.45 0.0779688 0.750766 
4.25 0.45 0.023872 0.760726 
4.3 0.45 -0.03115 0.760017 
4.35 0.45 -0.0849469 0.7487 
4.4 0.45 -0.135438 0.727729 
4.45 0.45 -0.180726 0.698727 
4.5 0.45 -0.21918 0.663649 
4.55 0.45 -0.249492 0.624449 
4.6 0.45 -0.270689 0.582847 
4.65 0.45 -0.282134 0.540231 
4.7 0.45 -0.283508 0.497697 
4.75 0.45 -0.274796 0.456167 
4.8 0.45 -0.256284 0.416537 
4.85 0.45 -0.228559 0.379809 
4.9 0.45 -0.192518 0.347165 
4.95 0.45 -0.149378 0.319942 
5 0.45 -0.100665 0.29951 
0 0.5 -0.152359 0.299932 
0.05 0.5 -0.102887 0.27763 
0.1 0.5 -0.0494945 0.263903 
0.15 0.5 0.0058392 0.259774 
0.2 0.5 0.0610056 0.265566 
0.25 0.5 0.113895 0.28083 
0.3 0.5 0.162517 0.304447 
0.35 0.5 0.205097 0.334868 
0.4 0.5 0.240148 0.370405 
0.45 0.5 0.266504 0.409472 
0.5 0.5 0.283327 0.45072 
0.55 0.5 0.290101 0.493051 
0.6 0.5 0.286621 0.535536 
0.65 0.5 0.272986 0.577267 
0.7 0.5 0.249604 0.617215 
0.75 0.5 0.2172 0.654114 
0.8 0.5 0.176828 0.686443 
0.85 0.5 0.129868 0.712523 
0.9 0.5 0.0780038 0.730725 
0.95 0.5 0.0231624 0.739754 
1 0.5 -0.0325685 0.738917 
1.05 0.5 -0.0870526 0.728281 
1.1 0.5 -0.138222 0.708652 
1.15 0.5 -0.184183 0.681403 
1.2 0.5 -0.223301 0.648186 
1.25 0.5 -0.254247 0.610668 
1.3 0.5 -0.27602 0.570328 
1.35 0.5 -0.287949 0.528386 
1.4 0.5 -0.289674 0.485843 
1.45 0.5 -0.281145 0.443595 
1.5 0.5 -0.262616 0.402593 
1.55 0.5 -0.234653 0.363974 
1.6 0.5 -0.198144 0.329132 
1.65 0.5 -0.154308 0.299687 
1.7 0.5 -0.104683 0.277324 
1.75 0.5 -0.0510816 0.263543 
1.8 0.5 0.00447503 0.259367 
1.85 0.5 0.0598604 0.265123 
1.9 0.5 0.112957 0.280363 
1.95 0.5 0.161772 0.303969 
2 0.5 0.204531 0.334393 
2.05 0.5 0.239747 0.369944 
2.1 0.5 0.266254 0.409031 
2.15 0.5 0.283214 0.450303 
2.2 0.5 0.290112 0.492659 
2.25 0.5 0.286743 0.535168 
2.3 0.5 0.273208 0.576927 
2.35 0.5 0.249912 0.616906 
2.4 0.5 0.217582 0.653845 
2.45 0.5 0.177268 0.686226 
2.5 0.5 0.130352 0.712369 
2.55 0.5 0.0785138 0.730646 
2.6 0.5 0.0236806 0.739758 
2.65 0.5 -0.0320605 0.739006 
2.7 0.5 -0.0865726 0.72845 
2.75 0.5 -0.137786 0.708892 
2.8 0.5 -0.183806 0.681698 
2.85 0.5 -0.222994 0.648524 
2.9 0.5 -0.254019 0.611034 
2.95 0.5 -0.275879 0.570711 
3 0.5 -0.287896 0.528777 
3.05 0.5 -0.289711 0.486232 
3.1 0.5 -0.28127 0.443977 
3.15 0.5 -0.262825 0.402958 
3.2 0.5 -0.234938 0.364311 
3.25 0.5 -0.198496 0.329429 
3.3 0.5 -0.154716 0.299929 
3.35 0.5 -0.105131 0.277498 
3.4 0.5 -0.0515532 0.263638 
3.45 0.5 0.00399745 0.259378 
3.5 0.5 0.0593949 0.265051 
3.55 0.5 0.112521 0.280216 
3.6 0.5 0.161381 0.303759 
3.65 0.5 0.204198 0.334134 
3.7 0.5 0.239483 0.369651 
3.75 0.5 0.266066 0.408718 
3.8 0.5 0.283107 0.449978 
3.85 0.5 0.29009 0.492332 
3.9 0.5 0.286806 0.534846 
3.95 0.5 0.273353 0.576617 
4 0.5 0.250135 0.616619 
4.05 0.5 0.217876 0.653591 
4.1 0.5 0.177627 0.68602 
4.15 0.5 0.130763 0.712227 
4.2 0.5 0.0789655 0.73058 
4.25 0.5 0.0241611 0.739777 
4.3 0.5 -0.0315624 0.739114 
4.35 0.5 -0.0860655 0.728642 
4.4 0.5 -0.137275 0.709154 
4.45 0.5 -0.183289 0.682012 
4.5 0.5 -0.222463 0.648864 
4.55 0.5 -0.253457 0.611374 
4.6 0.5 -0.275261 0.571023 
4.65 0.5 -0.287189 0.529038 
4.7 0.5 -0.288874 0.486422 
4.75 0.5 -0.280256 0.444085 
4.8 0.5 -0.261585 0.402987 
4.85 0.5 -0.233426 0.364281 
4.9 0.5 -0.196679 0.329383 
4.95 0.5 -0.152587 0.299932 
5 0.5 -0.102734 0.27763 
0 0.55 -0.149962 0.281829 
0.05 0.55 -0.101206 0.257908 
0.1 0.55 -0.0485444 0.243134 
0.15 0.55 0.00605074 0.238718 
0.2 0.55 0.0604698 0.245038 
0.25 0.55 0.112599 0.261551 
0.3 0.55 0.160449 0.286918 
0.35 0.55 0.202257 0.3193 
0.4 0.55 0.236557 0.356708 
0.45 0.55 0.262217 0.397293 
0.5 0.55 0.278441 0.439507 
0.55 0.55 0.284759 0.482127 
0.6 0.55 0.281013 0.524171 
0.65 0.55 0.267342 0.564758 
0.7 0.55 0.244184 0.602959 
0.75 0.55 0.212281 0.637697 
0.8 0.55 0.172682 0.667721 
0.85 0.55 0.126742 0.69167 
0.9 0.55 0.0760915 0.708249 
0.95 0.55 0.0225876 0.716431 
1 0.55 -0.0317683 0.715674 
1.05 0.55 -0.0849298 0.706027 
1.1 0.55 -0.134913 0.688127 
1.15 0.55 -0.179893 0.663058 
1.2 0.55 -0.21828 0.632142 
1.25 0.55 -0.248768 0.596727 
1.3 0.55 -0.270359 0.558039 
1.35 0.55 -0.282358 0.517123 
1.4 0.55 -0.284374 0.474889 
1.45 0.55 -0.276314 0.432226 
1.5 0.55 -0.258384 0.390147 
1.55 0.55 -0.231104 0.34993 
1.6 0.55 -0.19532 0.313182 
1.65 0.55 -0.152221 0.281796 
1.7 0.55 -0.103323 0.257767 
1.75 0.55 -0.0504347 0.242878 
1.8 0.55 0.00441934 0.238355 
1.85 0.55 0.0591012 0.244589 
1.9 0.55 0.111483 0.261043 
1.95 0.55 0.159568 0.28638 
2 0.55 0.201591 0.31876 
2.05 0.55 0.236086 0.356186 
2.1 0.55 0.26192 0.396801 
2.15 0.55 0.278298 0.439051 
2.2 0.55 0.284752 0.48171 
2.25 0.55 0.281125 0.523792 
2.3 0.55 0.267557 0.564417 
2.35 0.55 0.244488 0.602659 
2.4 0.55 0.212658 0.637444 
2.45 0.55 0.173117 0.667521 
2.5 0.55 0.127219 0.691534 
2.55 0.55 0.0765929 0.708182 
2.6 0.55 0.0230961 0.716441 
2.65 0.55 -0.0312702 0.715761 
2.7 0.55 -0.0844593 0.706187 
2.75 0.55 -0.134486 0.688352 
2.8 0.55 -0.179522 0.663337 
2.85 0.55 -0.217978 0.632464 
2.9 0.55 -0.248544 0.59708 
2.95 0.55 -0.270217 0.558413 
3 0.55 -0.282303 0.51751 
3.05 0.55 -0.284408 0.475282 
3.1 0.55 -0.276435 0.432617 
3.15 0.55 -0.258588 0.390526 
3.2 0.55 -0.231383 0.350284 
3.25 0.55 -0.195667 0.313496 
3.3 0.55 -0.152623 0.282054 
3.35 0.55 -0.103766 0.257953 
3.4 0.55 -0.0509006 0.242979 
3.45 0.55 0.0039475 0.238364 
3.5 0.55 0.0586415 0.244508 
3.55 0.55 0.111053 0.260882 
3.6 0.55 0.159183 0.286154 
3.65 0.55 0.201264 0.318485 
3.7 0.55 0.235827 0.355879 
3.75 0.55 0.261736 0.396477 
3.8 0.55 0.278194 0.438723 
3.85 0.55 0.284731 0.481385 
3.9 0.55 0.281185 0.523478 
3.95 0.55 0.267697 0.564121 
4 0.55 0.244702 0.602389 
4.05 0.55 0.21294 0.63721 
4.1 0.55 0.173458 0.667333 
4.15 0.55 0.127608 0.691402 
4.2 0.55 0.0770194 0.708118 
4.25 0.55 0.0235489 0.716448 
4.3 0.55 -0.030801 0.715838 
4.35 0.55 -0.0839803 0.706328 
4.4 0.55 -0.133999 0.688541 
4.45 0.55 -0.179023 0.663554 
4.5 0.55 -0.217454 0.632684 
4.55 0.55 -0.247974 0.597276 
4.6 0.55 -0.26957 0.558557 
4.65 0.55 -0.281539 0.517577 
4.7 0.55 -0.283479 0.475252 
4.75 0.55 -0.275287 0.432481 
4.8 0.55 -0.257168 0.390293 
4.85 0.55 -0.229643 0.349985 
4.9 0.55 -0.193576 0.313191 
4.95 0.55 -0.150188 0.281829 
5 0.55 -0.101054 0.257908 
0 0.6 -0.142021 0.263322 
0.05 0.6 -0.0958104 0.238321 
0.1 0.6 -0.0458509 0.222844 
0.15 0.6 0.00596302 0.218245 
0.2 0.6 0.0575991 0.224944 
0.25 0.6 0.107021 0.242323 
0.3 0.6 0.152316 0.268874 
0.35 0.6 0.191799 0.302538 
0.4 0.6 0.224086 0.341097 
0.45 0.6 0.248117 0.382503 
0.5 0.6 0.263169 0.425059 
0.55 0.6 0.268831 0.467442 
0.6 0.6 0.264994 0.508626 
0.65 0.6 0.251828 0.547748 
0.7 0.6 0.22978 0.583975 
0.75 0.6 0.199576 0.616402 
0.8 0.6 0.162221 0.64403 
0.85 0.6 0.118991 0.665807 
0.9 0.6 0.0714072 0.680745 
0.95 0.6 0.0211908 0.688079 
1 0.6 -0.0298109 0.6874 
1.05 0.6 -0.0797115 0.678748 
1.1 0.6 -0.126679 0.662595 
1.15 0.6 -0.169019 0.639757 
1.2 0.6 -0.205249 0.61124 
1.25 0.6 -0.234133 0.578092 
1.3 0.6 -0.254712 0.541298 
1.35 0.6 -0.266303 0.501743 
1.4 0.6 -0.268502 0.460258 
1.45 0.6 -0.261179 0.417723 
1.5 0.6 -0.24449 0.375206 
1.55 0.6 -0.218892 0.334095 
1.6 0.6 -0.185161 0.296159 
1.65 0.6 -0.144408 0.2635 
1.7 0.6 -0.0980729 0.238344 
1.75 0.6 -0.0478873 0.222694 
1.8 0.6 0.004197 0.217931 
1.85 0.6 0.0561149 0.224496 
1.9 0.6 0.105811 0.241782 
1.95 0.6 0.151363 0.268286 
2 0.6 0.191082 0.301941 
2.05 0.6 0.223578 0.340521 
2.1 0.6 0.247795 0.381968 
2.15 0.6 0.263008 0.424572 
2.2 0.6 0.268811 0.467006 
2.25 0.6 0.265094 0.50824 
2.3 0.6 0.25203 0.547412 
2.35 0.6 0.230068 0.583687 
2.4 0.6 0.199935 0.616166 
2.45 0.6 0.162634 0.64385 
2.5 0.6 0.119442 0.665688 
2.55 0.6 0.0718812 0.680693 
2.6 0.6 0.0216708 0.688095 
2.65 0.6 -0.0293414 0.687486 
2.7 0.6 -0.079268 0.6789 
2.75 0.6 -0.126276 0.662807 
2.8 0.6 -0.16867 0.640021 
2.85 0.6 -0.204963 0.611546 
2.9 0.6 -0.23392 0.578431 
2.95 0.6 -0.254577 0.541661 
3 0.6 -0.26625 0.502124 
3.05 0.6 -0.268531 0.46065 
3.1 0.6 -0.261291 0.418117 
3.15 0.6 -0.244681 0.375593 
3.2 0.6 -0.219156 0.334459 
3.25 0.6 -0.185489 0.296485 
3.3 0.6 -0.144789 0.263769 
3.35 0.6 -0.0984925 0.238538 
3.4 0.6 -0.0483299 0.222799 
3.45 0.6 0.00374872 0.217939 
3.5 0.6 0.0556784 0.22441 
3.55 0.6 0.105403 0.241612 
3.6 0.6 0.150998 0.268049 
3.65 0.6 0.190773 0.301655 
3.7 0.6 0.223334 0.340206 
3.75 0.6 0.247623 0.381639 
3.8 0.6 0.262912 0.424243 
3.85 0.6 0.268791 0.466685 
3.9 0.6 0.26515 0.507936 
3.95 0.6 0.25216 0.54713 
4 0.6 0.230266 0.583435 
4.05 0.6 0.200193 0.61595 
4.1 0.6 0.162945 0.643677 
4.15 0.6 0.119796 0.665565 
4.2 0.6 0.0722673 0.680625 
4.25 0.6 0.0220793 0.688084 
4.3 0.6 -0.0289186 0.687528 
4.35 0.6 -0.0788358 0.678985 
4.4 0.6 -0.125834 0.662919 
4.45 0.6 -0.168211 0.640139 
4.5 0.6 -0.204473 0.611644 
4.55 0.6 -0.233373 0.578483 
4.6 0.6 -0.25394 0.541638 
4.65 0.6 -0.26548 0.501999 
4.7 0.6 -0.267577 0.460404 
4.75 0.6 -0.260097 0.417745 
4.8 0.6 -0.243191 0.375106 
4.85 0.6 -0.217324 0.333901 
4.9 0.6 -0.183289 0.295929 
4.95 0.6 -0.142236 0.263322 
5 0.6 -0.0956656 0.238321 
0 0.65 -0.128873 0.242732 
0.05 0.65 -0.0869244 0.217483 
0.1 0.65 -0.0415274 0.201832 
0.15 0.65 0.00557359 0.197207 
0.2 0.65 0.052503 0.204046 
0.25 0.65 0.097382 0.22169 
0.3 0.65 0.138452 0.248542 
0.35 0.65 0.174172 0.282425 
0.4 0.65 0.203287 0.321012 
0.45 0.65 0.224854 0.362155 
0.5 0.65 0.238238 0.404082 
0.55 0.65 0.243102 0.44542 
0.6 0.65 0.239378 0.485123 
0.65 0.65 0.227253 0.52235 
0.7 0.65 0.207161 0.556346 
0.75 0.65 0.179779 0.586356 
0.8 0.65 0.146025 0.61159 
0.85 0.65 0.10705 0.631257 
0.9 0.65 0.0642162 0.644632 
0.95 0.65 0.0190516 0.651163 
1 0.65 -0.0268076 0.650559 
1.05 0.65 -0.0716926 0.642847 
1.1 0.65 -0.11398 0.628366 
1.15 0.65 -0.152165 0.607703 
1.2 0.65 -0.184916 0.581598 
1.25 0.65 -0.211119 0.550847 
1.3 0.65 -0.229892 0.516231 
1.35 0.65 -0.240596 0.478501 
1.4 0.65 -0.242835 0.438418 
1.45 0.65 -0.236458 0.39685 
1.5 0.65 -0.221572 0.354891 
1.55 0.65 -0.19856 0.313984 
1.6 0.65 -0.168103 0.275982 
1.65 0.65 -0.131195 0.243089 
1.7 0.65 -0.0891458 0.21765 
1.75 0.65 -0.043542 0.20178 
1.8 0.65 0.00381689 0.196944 
1.85 0.65 0.0510219 0.203609 
1.9 0.65 0.0961737 0.221133 
1.95 0.65 0.137501 0.247921 
2 0.65 0.173457 0.281791 
2.05 0.65 0.202782 0.320401 
2.1 0.65 0.224532 0.361592 
2.15 0.65 0.238075 0.403577 
2.2 0.65 0.243075 0.444975 
2.25 0.65 0.239465 0.484738 
2.3 0.65 0.227437 0.522023 
2.35 0.65 0.207424 0.556074 
2.4 0.65 0.180106 0.586139 
2.45 0.65 0.146401 0.61143 
2.5 0.65 0.10746 0.631156 
2.55 0.65 0.0646454 0.644592 
2.6 0.65 0.0194855 0.651186 
2.65 0.65 -0.0263835 0.650644 
2.7 0.65 -0.0712923 0.642992 
2.75 0.65 -0.113616 0.628565 
2.8 0.65 -0.151849 0.60795 
2.85 0.65 -0.184658 0.581886 
2.9 0.65 -0.210925 0.551169 
2.95 0.65 -0.229769 0.51658 
3 0.65 -0.240547 0.478871 
3.05 0.65 -0.24286 0.438802 
3.1 0.65 -0.236558 0.397239 
3.15 0.65 -0.221744 0.355275 
3.2 0.65 -0.198798 0.314349 
3.25 0.65 -0.1684 0.27631 
3.3 0.65 -0.131541 0.243361 
3.35 0.65 -0.0895273 0.217846 
3.4 0.65 -0.0439446 0.201885 
3.45 0.65 0.00340908 0.196951 
3.5 0.65 0.050625 0.20352 
3.55 0.65 0.095803 0.220959 
3.6 0.65 0.13717 0.24768 
3.65 0.65 0.173177 0.281503 
3.7 0.65 0.202562 0.320086 
3.75 0.65 0.224377 0.361266 
3.8 0.65 0.237989 0.403253 
3.85 0.65 0.243057 0.444664 
3.9 0.65 0.239516 0.484446 
3.95 0.65 0.227551 0.521756 
4 0.65 0.207598 0.555838 
4.05 0.65 0.180333 0.585938 
4.1 0.65 0.146672 0.611269 
4.15 0.65 0.107767 0.631038 
4.2 0.65 0.0649792 0.644519 
4.25 0.65 0.0198372 0.651156 
4.3 0.65 -0.0260206 0.65065 
4.35 0.65 -0.0709214 0.643023 
4.4 0.65 -0.113236 0.628604 
4.45 0.65 -0.15145 0.607975 
4.5 0.65 -0.184225 0.581873 
4.55 0.65 -0.210433 0.55109 
4.6 0.65 -0.229183 0.516407 
4.65 0.65 -0.239824 0.478577 
4.7 0.65 -0.24195 0.43837 
4.75 0.65 -0.235406 0.396666 
4.8 0.65 -0.220298 0.354578 
4.85 0.65 -0.197017 0.313578 
4.9 0.65 -0.166262 0.27555 
4.95 0.65 -0.129066 0.242732 
5 0.65 -0.0867944 0.217483 
0 0.7 -0.111175 0.218909 
0.05 0.7 -0.0749861 0.194489 
0.1 0.7 -0.0357824 0.179345 
0.15 0.7 0.00490794 0.17489 
0.2 0.7 0.0454405 0.181556 
0.25 0.7 0.0841699 0.198685 
0.3 0.7 0.11956 0.224686 
0.35 0.7 0.150275 0.257404 
0.4 0.7 0.175235 0.294532 
0.45 0.7 0.193639 0.333953 
0.5 0.7 0.204963 0.373912 
0.55 0.7 0.208941 0.413054 
0.6 0.7 0.205541 0.450352 
0.65 0.7 0.194952 0.485002 
0.7 0.7 0.177566 0.516321 
0.75 0.7 0.153979 0.543671 
0.8 0.7 0.12499 0.56643 
0.85 0.7 0.0915841 0.584004 
0.9 0.7 0.0549195 0.595871 
0.95 0.7 0.0162896 0.601639 
1 0.7 -0.0229257 0.601106 
1.05 0.7 -0.0613201 0.59429 
1.1 0.7 -0.0975237 0.581428 
1.15 0.7 -0.130262 0.562934 
1.2 0.7 -0.158401 0.539348 
1.25 0.7 -0.180985 0.511268 
1.3 0.7 -0.197246 0.479317 
1.35 0.7 -0.206618 0.444136 
1.4 0.7 -0.208739 0.406422 
1.45 0.7 -0.203452 0.367009 
1.5 0.7 -0.190822 0.326975 
1.55 0.7 -0.171155 0.287748 
1.6 0.7 -0.145015 0.251159 
1.65 0.7 -0.113251 0.219389 
1.7 0.7 -0.0769909 0.194759 
1.75 0.7 -0.0376164 0.17937 
1.8 0.7 0.00329801 0.174676 
1.85 0.7 0.0440773 0.181144 
1.9 0.7 0.0830555 0.198135 
1.95 0.7 0.118683 0.224062 
2 0.7 0.149617 0.256762 
2.05 0.7 0.174771 0.293914 
2.1 0.7 0.193344 0.333385 
2.15 0.7 0.204813 0.373408 
2.2 0.7 0.208913 0.412616 
2.25 0.7 0.205617 0.449979 
2.3 0.7 0.195112 0.484692 
2.35 0.7 0.177794 0.516069 
2.4 0.7 0.154263 0.543475 
2.45 0.7 0.125315 0.56629 
2.5 0.7 0.0919378 0.58392 
2.55 0.7 0.055289 0.595843 
2.6 0.7 0.0166625 0.601668 
2.65 0.7 -0.0225618 0.60119 
2.7 0.7 -0.0609768 0.594427 
2.75 0.7 -0.0972116 0.581613 
2.8 0.7 -0.12999 0.563163 
2.85 0.7 -0.158179 0.539616 
2.9 0.7 -0.180818 0.511569 
2.95 0.7 -0.197139 0.479646 
3 0.7 -0.206575 0.444486 
3.05 0.7 -0.20876 0.406787 
3.1 0.7 -0.203537 0.367381 
3.15 0.7 -0.190969 0.327344 
3.2 0.7 -0.171359 0.288099 
3.25 0.7 -0.145271 0.251475 
3.3 0.7 -0.113549 0.219651 
3.35 0.7 -0.0773204 0.194948 
3.4 0.7 -0.0379643 0.179471 
3.45 0.7 0.00294556 0.174683 
3.5 0.7 0.0437345 0.181058 
3.55 0.7 0.0827357 0.197966 
3.6 0.7 0.118399 0.223828 
3.65 0.7 0.149376 0.256483 
3.7 0.7 0.174582 0.293611 
3.75 0.7 0.193211 0.333073 
3.8 0.7 0.204739 0.3731 
3.85 0.7 0.208898 0.412323 
3.9 0.7 0.205659 0.449706 
3.95 0.7 0.195208 0.484444 
4 0.7 0.17794 0.515851 
4.05 0.7 0.154452 0.54329 
4.1 0.7 0.12554 0.56614 
4.15 0.7 0.0921913 0.583806 
4.2 0.7 0.0555627 0.595764 
4.25 0.7 0.0169492 0.601619 
4.3 0.7 -0.0222672 0.601164 
4.35 0.7 -0.0606765 0.594411 
4.4 0.7 -0.0969031 0.58159 
4.45 0.7 -0.129665 0.563113 
4.5 0.7 -0.157821 0.539512 
4.55 0.7 -0.180404 0.511386 
4.6 0.7 -0.196637 0.479357 
4.65 0.7 -0.205944 0.444068 
4.7 0.7 -0.207955 0.406223 
4.75 0.7 -0.202509 0.36667 
4.8 0.7 -0.189673 0.326509 
4.85 0.7 -0.16976 0.287194 
4.9 0.7 -0.143354 0.25059 
4.95 0.7 -0.111334 0.218909 
5 0.7 -0.0748784 0.194489 
0 0.75 -0.0899535 0.191181 
0.05 0.75 -0.06068 0.168799 
0.1 0.75 -0.0289363 0.154921 
0.15 0.75 0.00402052 0.150855 
0.2 0.75 0.0368398 0.156996 
0.25 0.75 0.0681726 0.17273 
0.3 0.75 0.0967637 0.196582 
0.35 0.75 0.121527 0.226555 
0.4 0.75 0.141594 0.260513 
0.45 0.75 0.156327 0.296492 
0.5 0.75 0.165321 0.332864 
0.55 0.75 0.16838 0.368364 
0.6 0.75 0.165499 0.402034 
0.65 0.75 0.156846 0.433135 
0.7 0.75 0.142754 0.461057 
0.75 0.75 0.123712 0.485265 
0.8 0.75 0.100367 0.505265 
0.85 0.75 0.0735115 0.520608 
0.9 0.75 0.0440692 0.530915 
0.95 0.75 0.0130687 0.535908 
1 0.75 -0.0183959 0.535447 
1.05 0.75 -0.0492099 0.529543 
1.1 0.75 -0.0782865 0.518363 
1.15 0.75 -0.104612 0.502199 
1.2 0.75 -0.12728 0.481446 
1.25 0.75 -0.145522 0.456559 
1.3 0.75 -0.158714 0.428036 
1.35 0.75 -0.16639 0.396422 
1.4 0.75 -0.16824 0.362343 
1.45 0.75 -0.164121 0.326569 
1.5 0.75 -0.154066 0.290106 
1.55 0.75 -0.138299 0.254288 
1.6 0.75 -0.117264 0.220814 
1.65 0.75 -0.0916356 0.191708 
1.7 0.75 -0.0623254 0.169121 
1.75 0.75 -0.0304598 0.154998 
1.8 0.75 0.00267094 0.150689 
1.85 0.75 0.0356906 0.156627 
1.9 0.75 0.0672307 0.172218 
1.95 0.75 0.0960227 0.195992 
2 0.75 0.120972 0.225944 
2.05 0.75 0.141203 0.259925 
2.1 0.75 0.15608 0.295954 
2.15 0.75 0.165196 0.332389 
2.2 0.75 0.168358 0.367955 
2.25 0.75 0.165561 0.40169 
2.3 0.75 0.156978 0.432852 
2.35 0.75 0.142941 0.460832 
2.4 0.75 0.123943 0.485094 
2.45 0.75 0.100631 0.505146 
2.5 0.75 0.0737978 0.52054 
2.55 0.75 0.0443676 0.530897 
2.6 0.75 0.0133691 0.53594 
2.65 0.75 -0.0181031 0.535526 
2.7 0.75 -0.0489338 0.529669 
2.75 0.75 -0.0780356 0.518531 
2.8 0.75 -0.104394 0.502406 
2.85 0.75 -0.127101 0.481688 
2.9 0.75 -0.145387 0.456831 
2.95 0.75 -0.158627 0.428334 
3 0.75 -0.166354 0.396741 
3.05 0.75 -0.168256 0.362676 
3.1 0.75 -0.164189 0.326909 
3.15 0.75 -0.154183 0.290444 
3.2 0.75 -0.138464 0.254609 
3.25 0.75 -0.117471 0.221104 
3.3 0.75 -0.0918767 0.191948 
3.35 0.75 -0.0625921 0.169294 
3.4 0.75 -0.0307416 0.155091 
3.45 0.75 0.00238547 0.150694 
3.5 0.75 0.0354131 0.156547 
3.55 0.75 0.0669722 0.172062 
3.6 0.75 0.0957927 0.195777 
3.65 0.75 0.120778 0.225689 
3.7 0.75 0.141052 0.259647 
3.75 0.75 0.155974 0.295669 
3.8 0.75 0.165138 0.332109 
3.85 0.75 0.168346 0.367688 
3.9 0.75 0.165595 0.401443 
3.95 0.75 0.157054 0.432629 
4 0.75 0.143056 0.460636 
4.05 0.75 0.124091 0.484927 
4.1 0.75 0.100806 0.505009 
4.15 0.75 0.0739938 0.520432 
4.2 0.75 0.0445779 0.530815 
4.25 0.75 0.0135879 0.535879 
4.3 0.75 -0.0178799 0.535477 
4.35 0.75 -0.0487075 0.529619 
4.4 0.75 -0.0778036 0.518464 
4.45 0.75 -0.104148 0.502303 
4.5 0.75 -0.126829 0.481526 
4.55 0.75 -0.145067 0.456585 
4.6 0.75 -0.158232 0.42798 
4.65 0.75 -0.165849 0.396259 
4.7 0.75 -0.167603 0.362053 
4.75 0.75 -0.163348 0.326147 
4.8 0.75 -0.153118 0.289568 
4.85 0.75 -0.137149 0.253673 
4.9 0.75 -0.115899 0.220194 
4.95 0.75 -0.0900679 0.191181 
5 0.75 -0.0606027 0.168799 
0 0.8 -0.0666615 0.159327 
0.05 0.8 -0.0449756 0.140169 
0.1 0.8 -0.0214409 0.1283 
0.15 0.8 0.0029942 0.124833 
0.2 0.8 0.0273167 0.130103 
0.25 0.8 0.0505169 0.143582 
0.3 0.8 0.0716576 0.164007 
0.35 0.8 0.0899324 0.189668 
0.4 0.8 0.104701 0.218733 
0.45 0.8 0.115503 0.249515 
0.5 0.8 0.122049 0.280603 
0.55 0.8 0.124208 0.310897 
0.6 0.8 0.121991 0.339563 
0.65 0.8 0.115534 0.365957 
0.7 0.8 0.105089 0.389562 
0.75 0.8 0.0910234 0.409939 
0.8 0.8 0.073815 0.426698 
0.85 0.8 0.0540462 0.439504 
0.9 0.8 0.0323927 0.448077 
0.95 0.8 0.00960446 0.452222 
1 0.8 -0.0135216 0.451839 
1.05 0.8 -0.0361741 0.446937 
1.1 0.8 -0.0575615 0.437632 
1.15 0.8 -0.0769439 0.424133 
1.2 0.8 -0.093659 0.406728 
1.25 0.8 -0.10714 0.385762 
1.3 0.8 -0.116925 0.36163 
1.35 0.8 -0.122665 0.334782 
1.4 0.8 -0.124122 0.305752 
1.45 0.8 -0.121179 0.275211 
1.5 0.8 -0.113844 0.244038 
1.55 0.8 -0.102272 0.21339 
1.6 0.8 -0.0867773 0.184739 
1.65 0.8 -0.0678524 0.159823 
1.7 0.8 -0.0461704 0.140488 
1.75 0.8 -0.0225708 0.1284 
1.8 0.8 0.00197941 0.124713 
1.85 0.8 0.0264461 0.129795 
1.9 0.8 0.0498013 0.14314 
1.95 0.8 0.0710948 0.163491 
2 0.8 0.0895117 0.189131 
2.05 0.8 0.104407 0.218216 
2.1 0.8 0.115318 0.249041 
2.15 0.8 0.121957 0.280185 
2.2 0.8 0.124194 0.31054 
2.25 0.8 0.12204 0.339265 
2.3 0.8 0.115634 0.365715 
2.35 0.8 0.10523 0.389372 
2.4 0.8 0.0911964 0.409797 
2.45 0.8 0.0740115 0.426602 
2.5 0.8 0.0542584 0.439451 
2.55 0.8 0.0326132 0.448068 
2.6 0.8 0.00982608 0.452254 
2.65 0.8 -0.0133058 0.451911 
2.7 0.8 -0.0359709 0.447047 
2.75 0.8 -0.0573769 0.437776 
2.8 0.8 -0.0767834 0.42431 
2.85 0.8 -0.0935272 0.406934 
2.9 0.8 -0.10704 0.385995 
2.95 0.8 -0.116861 0.361885 
3 0.8 -0.122638 0.335055 
3.05 0.8 -0.124134 0.306038 
3.1 0.8 -0.121228 0.275503 
3.15 0.8 -0.113931 0.244328 
3.2 0.8 -0.102393 0.213666 
3.25 0.8 -0.0869299 0.184987 
3.3 0.8 -0.0680308 0.160029 
3.35 0.8 -0.0463679 0.140637 
3.4 0.8 -0.0227796 0.12848 
3.45 0.8 0.00176787 0.124717 
3.5 0.8 0.0262406 0.129726 
3.55 0.8 0.0496101 0.143007 
3.6 0.8 0.070925 0.163307 
3.65 0.8 0.0893691 0.188912 
3.7 0.8 0.104296 0.217978 
3.75 0.8 0.115241 0.248797 
3.8 0.8 0.121914 0.279946 
3.85 0.8 0.124186 0.310312 
3.9 0.8 0.122065 0.339054 
3.95 0.8 0.11569 0.365524 
4 0.8 0.105313 0.389204 
4.05 0.8 0.0913027 0.409653 
4.1 0.8 0.0741367 0.426483 
4.15 0.8 0.0543974 0.439354 
4.2 0.8 0.0327611 0.44799 
4.25 0.8 0.00997858 0.452189 
4.3 0.8 -0.0131517 0.451851 
4.35 0.8 -0.0358159 0.44698 
4.4 0.8 -0.057219 0.437689 
4.45 0.8 -0.0766165 0.424185 
4.5 0.8 -0.0933405 0.406751 
4.55 0.8 -0.106818 0.385733 
4.6 0.8 -0.116582 0.361525 
4.65 0.8 -0.122275 0.334579 
4.7 0.8 -0.123658 0.305438 
4.75 0.8 -0.12061 0.274783 
4.8 0.8 -0.113145 0.243512 
4.85 0.8 -0.101424 0.212805 
4.9 0.8 -0.0857785 0.184157 
4.95 0.8 -0.0667189 0.159327 
5 0.8 -0.0449365 0.140169 
0 0.85 -0.043234 0.123556 
0.05 0.85 -0.0291669 0.108609 
0.1 0.85 -0.0139016 0.0993636 
0.15 0.85 0.00193806 0.0966703 
0.2 0.85 0.0176931 0.100782 
0.25 0.85 0.0327058 0.111292 
0.3 0.85 0.0463664 0.127224 
0.35 0.85 0.0581522 0.147255 
0.4 0.85 0.0676522 0.169964 
0.45 0.85 0.0745744 0.19403 
0.5 0.85 0.0787412 0.218341 
0.55 0.85 0.0800771 0.242026 
0.6 0.85 0.0785963 0.264417 
0.65 0.85 0.0743925 0.285002 
0.7 0.85 0.0676333 0.303375 
0.75 0.85 0.0585569 0.319196 
0.8 0.85 0.0474711 0.332176 
0.85 0.85 0.0347492 0.34207 
0.9 0.85 0.0208236 0.348682 
0.95 0.85 0.00617351 0.351875 
1 0.85 -0.00869229 0.35158 
1.05 0.85 -0.0232558 0.347804 
1.1 0.85 -0.0370117 0.340625 
1.15 0.85 -0.0494871 0.33019 
1.2 0.85 -0.060258 0.316704 
1.25 0.85 -0.0689608 0.300417 
1.3 0.85 -0.0752979 0.281627 
1.35 0.85 -0.0790412 0.26068 
1.4 0.85 -0.0800334 0.237999 
1.45 0.85 -0.0781917 0.214118 
1.5 0.85 -0.073514 0.189739 
1.55 0.85 -0.0660905 0.165781 
1.6 0.85 -0.0561165 0.1434 
1.65 0.85 -0.0439047 0.123956 
1.7 0.85 -0.0298889 0.108881 
1.75 0.85 -0.0146156 0.0994628 
1.8 0.85 0.00128189 0.0965907 
1.85 0.85 0.0171245 0.100549 
1.9 0.85 0.0322374 0.110948 
1.95 0.85 0.0459987 0.126817 
2 0.85 0.0578787 0.14683 
2.05 0.85 0.0674626 0.169553 
2.1 0.85 0.0744572 0.193652 
2.15 0.85 0.0786848 0.218009 
2.2 0.85 0.0800709 0.241742 
2.25 0.85 0.0786309 0.264181 
2.3 0.85 0.0744599 0.284812 
2.35 0.85 0.0677266 0.303226 
2.4 0.85 0.0586702 0.319087 
2.45 0.85 0.0475989 0.332104 
2.5 0.85 0.0348867 0.342033 
2.55 0.85 0.0209661 0.348678 
2.6 0.85 0.00631637 0.351903 
2.65 0.85 -0.00855345 0.351639 
2.7 0.85 -0.0231252 0.347891 
2.75 0.85 -0.0368931 0.340739 
2.8 0.85 -0.0493839 0.33033 
2.85 0.85 -0.0601733 0.316866 
2.9 0.85 -0.0688968 0.3006 
2.95 0.85 -0.0752565 0.281827 
3 0.85 -0.0790237 0.260895 
3.05 0.85 -0.0800406 0.238223 
3.1 0.85 -0.0782235 0.214347 
3.15 0.85 -0.0735698 0.189966 
3.2 0.85 -0.0661689 0.165997 
3.25 0.85 -0.0562151 0.143594 
3.3 0.85 -0.04402 0.124117 
3.35 0.85 -0.0300167 0.108997 
3.4 0.85 -0.0147508 0.0995246 
3.45 0.85 0.00114492 0.0965941 
3.5 0.85 0.0169916 0.100495 
3.55 0.85 0.0321138 0.110844 
3.6 0.85 0.0458892 0.126673 
3.65 0.85 0.0577869 0.146659 
3.7 0.85 0.0673912 0.169366 
3.75 0.85 0.0744077 0.193461 
3.8 0.85 0.0786577 0.217821 
3.85 0.85 0.0800658 0.241564 
3.9 0.85 0.0786469 0.264016 
3.95 0.85 0.0744953 0.284663 
4 0.85 0.0677791 0.303095 
4.05 0.85 0.0587372 0.318973 
4.1 0.85 0.0476772 0.332008 
4.15 0.85 0.034973 0.341953 
4.2 0.85 0.0210571 0.348612 
4.25 0.85 0.00640929 0.351844 
4.3 0.85 -0.00846068 0.351581 
4.35 0.85 -0.0230331 0.347825 
4.4 0.85 -0.0368003 0.340654 
4.45 0.85 -0.0492864 0.330211 
4.5 0.85 -0.0600638 0.316698 
4.55 0.85 -0.0687647 0.300367 
4.6 0.85 -0.0750875 0.281514 
4.65 0.85 -0.0788003 0.260488 
4.7 0.85 -0.0797433 0.237718 
4.75 0.85 -0.0778332 0.21375 
4.8 0.85 -0.0730713 0.189299 
4.85 0.85 -0.0655559 0.165301 
4.9 0.85 -0.0554966 0.14293 
4.95 0.85 -0.0432227 0.123556 
5 0.85 -0.0291741 0.108609 
0 0.9 -0.0221556 0.084452 
0.05 0.9 -0.0149188 0.0743548 
0.1 0.9 -0.00710324 0.0681267 
0.15 0.9 0.000983727 0.066317 
0.2 0.9 0.00901596 0.069089 
0.25 0.9 0.0166604 0.0761726 
0.3 0.9 0.0236055 0.0869241 
0.35 0.9 0.0295851 0.100465 
0.4 0.9 0.0343919 0.115842 
0.45 0.9 0.0378813 0.132164 
0.5 0.9 0.0399679 0.148673 
0.55 0.9 0.0406181 0.164767 
0.6 0.9 0.0398433 0.179983 
0.65 0.9 0.0376936 0.193965 
0.7 0.9 0.0342552 0.206434 
0.75 0.9 0.0296493 0.217157 
0.8 0.9 0.0240308 0.225944 
0.85 0.9 0.0175881 0.232633 
0.9 0.9 0.0105388 0.237099 
0.95 0.9 0.0031242 0.239254 
1 0.9 -0.00439915 0.239055 
1.05 0.9 -0.0117702 0.236506 
1.1 0.9 -0.0187341 0.231656 
1.15 0.9 -0.0250529 0.2246 
1.2 0.9 -0.0305129 0.215468 
1.25 0.9 -0.0349309 0.204426 
1.3 0.9 -0.0381568 0.191672 
1.35 0.9 -0.0400745 0.177441 
1.4 0.9 -0.0406026 0.162027 
1.45 0.9 -0.0396961 0.145801 
1.5 0.9 -0.0373498 0.129249 
1.55 0.9 -0.0336043 0.113004 
1.6 0.9 -0.0285543 0.0978548 
1.65 0.9 -0.0223551 0.0847175 
1.7 0.9 -0.0152264 0.0745495 
1.75 0.9 -0.00744808 0.0682054 
1.8 0.9 0.000653307 0.066272 
1.85 0.9 0.0087263 0.0689369 
1.9 0.9 0.0164217 0.0759428 
1.95 0.9 0.023419 0.0866495 
2 0.9 0.0294475 0.100175 
2.05 0.9 0.0342977 0.11556 
2.1 0.9 0.0378243 0.131905 
2.15 0.9 0.0399418 0.148444 
2.2 0.9 0.0406174 0.164572 
2.25 0.9 0.0398629 0.179821 
2.3 0.9 0.0377294 0.193835 
2.35 0.9 0.0343039 0.206333 
2.4 0.9 0.0297076 0.217084 
2.45 0.9 0.0240963 0.225896 
2.5 0.9 0.0176582 0.232609 
2.55 0.9 0.0106111 0.237097 
2.6 0.9 0.00319661 0.239274 
2.65 0.9 -0.00432888 0.239096 
2.7 0.9 -0.0117041 0.236566 
2.75 0.9 -0.0186742 0.231735 
2.8 0.9 -0.0250008 0.224696 
2.85 0.9 -0.0304701 0.21558 
2.9 0.9 -0.0348986 0.204551 
2.95 0.9 -0.0381359 0.191809 
3 0.9 -0.0400656 0.177588 
3.05 0.9 -0.0406061 0.16218 
3.1 0.9 -0.0397121 0.145957 
3.15 0.9 -0.037378 0.129403 
3.2 0.9 -0.033644 0.113151 
3.25 0.9 -0.0286043 0.0979864 
3.3 0.9 -0.0224138 0.0848262 
3.35 0.9 -0.0152915 0.0746277 
3.4 0.9 -0.00751698 0.0682472 
3.45 0.9 0.000583525 0.0662745 
3.5 0.9 0.00865861 0.0689008 
3.55 0.9 0.0163589 0.0758727 
3.6 0.9 0.0233635 0.0865525 
3.65 0.9 0.0294011 0.100059 
3.7 0.9 0.0342617 0.115434 
3.75 0.9 0.0377995 0.131775 
3.8 0.9 0.0399284 0.148317 
3.85 0.9 0.0406151 0.16445 
3.9 0.9 0.0398712 0.179709 
3.95 0.9 0.0377473 0.193733 
4 0.9 0.0343302 0.206243 
4.05 0.9 0.029741 0.217006 
4.1 0.9 0.0241351 0.225829 
4.15 0.9 0.0177006 0.232553 
4.2 0.9 0.0106554 0.237049 
4.25 0.9 0.00324122 0.23923 
4.3 0.9 -0.00428503 0.239052 
4.35 0.9 -0.0116614 0.236515 
4.4 0.9 -0.018632 0.231669 
4.45 0.9 -0.024957 0.224605 
4.5 0.9 -0.030421 0.215454 
4.55 0.9 -0.0348387 0.204381 
4.6 0.9 -0.0380576 0.191582 
4.65 0.9 -0.0399599 0.177298 
4.7 0.9 -0.0404627 0.161824 
4.75 0.9 -0.039521 0.14554 
4.8 0.9 -0.0371321 0.128943 
4.85 0.9 -0.0333433 0.112677 
4.9 0.9 -0.0282622 0.0975407 
4.95 0.9 -0.0220642 0.0844519 
5 0.9 -0.0149803 0.0743548 
0 0.95 -0.00654546 0.0428982 
0.05 0.95 -0.00432563 0.0378796 
0.1 0.95 -0.00204607 0.0347999 
0.15 0.95 0.000281246 0.0339073 
0.2 0.95 0.00258511 0.0352788 
0.25 0.95 0.00477427 0.0387851 
0.3 0.95 0.00675944 0.0441159 
0.35 0.95 0.00846424 0.0508444 
0.4 0.95 0.00983014 0.0585044 
0.45 0.95 0.0108173 0.0666535 
0.5 0.95 0.0114032 0.0749118 
0.55 0.95 0.01158 0.0829739 
0.6 0.95 0.0113522 0.0906028 
0.65 0.95 0.0107348 0.0976157 
0.7 0.95 0.00975258 0.103869 
0.75 0.95 0.0084396 0.109245 
0.8 0.95 0.0068396 0.113648 
0.85 0.95 0.00500565 0.116999 
0.9 0.95 0.00299934 0.119235 
0.95 0.95 0.000889151 0.120313 
1 0.95 -0.001252 0.120213 
1.05 0.95 -0.00334983 0.118937 
1.1 0.95 -0.00533193 0.116509 
1.15 0.95 -0.00713076 0.112975 
1.2 0.95 -0.00868595 0.108398 
1.25 0.95 -0.00994584 0.102862 
1.3 0.95 -0.0108681 0.0964646 
1.35 0.95 -0.0114199 0.0893275 
1.4 0.95 -0.0115779 0.0816 
1.45 0.95 -0.0113284 0.0734734 
1.5 0.95 -0.0106685 0.0651964 
1.55 0.95 -0.00960791 0.0570891 
1.6 0.95 -0.00817184 0.0495465 
1.65 0.95 -0.00640322 0.0430217 
1.7 0.95 -0.00436431 0.0379828 
1.75 0.95 -0.00213575 0.0348442 
1.8 0.95 0.000187354 0.0338886 
1.85 0.95 0.00250214 0.0352059 
1.9 0.95 0.00470645 0.0386727 
1.95 0.95 0.0067071 0.0439803 
2 0.95 0.00842621 0.0507005 
2.05 0.95 0.00980463 0.0583636 
2.1 0.95 0.0108024 0.0665236 
2.15 0.95 0.011397 0.0747968 
2.2 0.95 0.0115808 0.0828755 
2.25 0.95 0.0113587 0.0905211 
2.3 0.95 0.0107457 0.0975499 
2.35 0.95 0.00976689 0.103818 
2.4 0.95 0.00845653 0.109208 
2.45 0.95 0.00685844 0.113624 
2.5 0.95 0.00502571 0.116987 
2.55 0.95 0.00301999 0.119234 
2.6 0.95 0.000909761 0.120323 
2.65 0.95 -0.00123203 0.120234 
2.7 0.95 -0.00333108 0.118968 
2.75 0.95 -0.00531493 0.116549 
2.8 0.95 -0.00711599 0.113023 
2.85 0.95 -0.00867381 0.108454 
2.9 0.95 -0.00993666 0.102924 
2.95 0.95 -0.0108622 0.0965334 
3 0.95 -0.0114174 0.0894011 
3.05 0.95 -0.0115789 0.0816768 
3.1 0.95 -0.0113329 0.0735516 
3.15 0.95 -0.0106765 0.0652736 
3.2 0.95 -0.00961921 0.0571623 
3.25 0.95 -0.00818611 0.049612 
3.3 0.95 -0.00641999 0.0430757 
3.35 0.95 -0.00438296 0.0380217 
3.4 0.95 -0.0021555 0.034865 
3.45 0.95 0.000167354 0.0338899 
3.5 0.95 0.00248276 0.0351882 
3.55 0.95 0.0046885 0.0386381 
3.6 0.95 0.00669128 0.0439322 
3.65 0.95 0.00841304 0.050643 
3.7 0.95 0.00979447 0.0583007 
3.75 0.95 0.0107954 0.0664587 
3.8 0.95 0.0113933 0.0747329 
3.85 0.95 0.0115803 0.0828146 
3.9 0.95 0.0113611 0.0904645 
3.95 0.95 0.0107508 0.0974987 
4 0.95 0.00977438 0.103772 
4.05 0.95 0.00846595 0.109169 
4.1 0.95 0.00686929 0.11359 
4.15 0.95 0.00503749 0.116958 
4.2 0.95 0.00303215 0.119209 
4.25 0.95 0.000921828 0.1203 
4.3 0.95 -0.00122041 0.12021 
4.35 0.95 -0.00332007 0.11894 
4.4 0.95 -0.00530438 0.116514 
4.45 0.95 -0.00710534 0.112975 
4.5 0.95 -0.00866204 0.108388 
4.55 0.95 -0.00992215 0.102836 
4.6 0.95 -0.0108427 0.0964164 
4.65 0.95 -0.0113903 0.0892525 
4.7 0.95 -0.011541 0.0814959 
4.75 0.95 -0.0112812 0.0733415 
4.8 0.95 -0.0106088 0.0650437 
4.85 0.95 -0.00953666 0.0569286 
4.9 0.95 -0.00809867 0.0493962 
4.95 0.95 -0.00636218 0.0428982 
5 0.95 -0.00444978 0.0378796 
0 1 0 0 
0.05 1 0 0 
0.1 1 0 0 
0.15 1 0 0 
0.2 1 0 0 
0.25 1 0 0 
0.3 1 0 0 
0.35 1 0 0 
0.4 1 0 0 
0.45 1 0 0 
0.5 1 0 0 
0.55 1 0 0 
0.6 1 0 0 
0.65 1 0 0 
0.7 1 0 0 
0.75 1 0 0 
0.8 1 0 0 
0.85 1 0 0 
0.9 1 0 0 
0.95 1 0 0 
1 1 0 0 
1.05 1 0 0 
1.1 1 0 0 
1.15 1 0 0 
1.2 1 0 0 
1.25 1 0 0 
1.3 1 0 0 
1.35 1 0 0 
1.4 1 0 0 
1.45 1 0 0 
1.5 1 0 0 
1.55 1 0 0 
1.6 1 0 0 
1.65 1 0 0 
1.7 1 0 0 
1.75 1 0 0 
1.8 1 0 0 
1.85 1 0 0 
1.9 1 0 0 
1.95 1 0 0 
2 1 0 0 
2.05 1 0 0 
2.1 1 0 0 
2.15 1 0 0 
2.2 1 0 0 
2.25 1 0 0 
2.3 1 0 0 
2.35 1 0 0 
2.4 1 0 0 
2.45 1 0 0 
2.5 1 0 0 
2.55 1 0 0 
2.6 1 0 0 
2.65 1 0 0 
2.7 1 0 0 
2.75 1 0 0 
2.8 1 0 0 
2.85 1 0 0 
2.9 1 0 0 
2.95 1 0 0 
3 1 0 0 
3.05 1 0 0 
3.1 1 0 0 
3.15 1 0 0 
3.2 1 0 0 
3.25 1 0 0 
3.3 1 0 0 
3.35 1 0 0 
3.4 1 0 0 
3.45 1 0 0 
3.5 1 0 0 
3.55 1 0 0 
3.6 1 0 0 
3.65 1 0 0 
3.7 1 0 0 
3.75 1 0 0 
3.8 1 0 0 
3.85 1 0 0 
3.9 1 0 0 
3.95 1 0 0 
4 1 0 0 
4.05 1 0 0 
4.1 1 0 0 
4.15 1 0 0 
4.2 1 0 0 
4.25 1 0 0 
4.3 1 0 0 
4.35 1 0 0 
4.4 1 0 0 
4.45 1 0 0 
4.5 1 0 0 
4.55 1 0 0 
4.6 1 0 0 
4.65 1 0 0 
4.7 1 0 0 
4.75 1 0 0 
4.8 1 0 0 
4.85 1 0 0 
4.9 1 0 0 
4.95 1 0 0 
5 1 0 0 
