x, y, ksi, T
#iter= 1600000
0 0 0 1 
0.05 0 0 1 
0.1 0 0 1 
0.15 0 0 1 
0.2 0 0 1 
0.25 0 0 1 
0.3 0 0 1 
0.35 0 0 1 
0.4 0 0 1 
0.45 0 0 1 
0.5 0 0 1 
0.55 0 0 1 
0.6 0 0 1 
0.65 0 0 1 
0.7 0 0 1 
0.75 0 0 1 
0.8 0 0 1 
0.85 0 0 1 
0.9 0 0 1 
0.95 0 0 1 
1 0 0 1 
1.05 0 0 1 
1.1 0 0 1 
1.15 0 0 1 
1.2 0 0 1 
1.25 0 0 1 
1.3 0 0 1 
1.35 0 0 1 
1.4 0 0 1 
1.45 0 0 1 
1.5 0 0 1 
1.55 0 0 1 
1.6 0 0 1 
1.65 0 0 1 
1.7 0 0 1 
1.75 0 0 1 
1.8 0 0 1 
1.85 0 0 1 
1.9 0 0 1 
1.95 0 0 1 
2 0 0 1 
2.05 0 0 1 
2.1 0 0 1 
2.15 0 0 1 
2.2 0 0 1 
2.25 0 0 1 
2.3 0 0 1 
2.35 0 0 1 
2.4 0 0 1 
2.45 0 0 1 
2.5 0 0 1 
2.55 0 0 1 
2.6 0 0 1 
2.65 0 0 1 
2.7 0 0 1 
2.75 0 0 1 
2.8 0 0 1 
2.85 0 0 1 
2.9 0 0 1 
2.95 0 0 1 
3 0 0 1 
3.05 0 0 1 
3.1 0 0 1 
3.15 0 0 1 
3.2 0 0 1 
3.25 0 0 1 
3.3 0 0 1 
3.35 0 0 1 
3.4 0 0 1 
3.45 0 0 1 
3.5 0 0 1 
3.55 0 0 1 
3.6 0 0 1 
3.65 0 0 1 
3.7 0 0 1 
3.75 0 0 1 
3.8 0 0 1 
3.85 0 0 1 
3.9 0 0 1 
3.95 0 0 1 
4 0 0 1 
4.05 0 0 1 
4.1 0 0 1 
4.15 0 0 1 
4.2 0 0 1 
4.25 0 0 1 
4.3 0 0 1 
4.35 0 0 1 
4.4 0 0 1 
4.45 0 0 1 
4.5 0 0 1 
4.55 0 0 1 
4.6 0 0 1 
4.65 0 0 1 
4.7 0 0 1 
4.75 0 0 1 
4.8 0 0 1 
4.85 0 0 1 
4.9 0 0 1 
4.95 0 0 1 
5 0 0 1 
0 0.05 -0.0064417 0.884663 
0.05 0.05 -0.00434593 0.881668 
0.1 0.05 -0.00215965 0.879924 
0.15 0.05 5.14034e-05 0.879408 
0.2 0.05 0.00222932 0.880102 
0.25 0.05 0.00431024 0.881978 
0.3 0.05 0.00622956 0.884993 
0.35 0.05 0.00792665 0.889086 
0.4 0.05 0.00934776 0.894181 
0.45 0.05 0.0104476 0.900185 
0.5 0.05 0.0111897 0.90699 
0.55 0.05 0.0115469 0.914461 
0.6 0.05 0.0115011 0.92243 
0.65 0.05 0.0110443 0.930678 
0.7 0.05 0.0101799 0.938922 
0.75 0.05 0.00892534 0.946803 
0.8 0.05 0.0073145 0.953895 
0.85 0.05 0.00540015 0.959729 
0.9 0.05 0.00325416 0.963854 
0.95 0.05 0.000965209 0.965914 
1 0.05 -0.00136667 0.965719 
1.05 0.05 -0.00363787 0.963286 
1.1 0.05 -0.00574982 0.95884 
1.15 0.05 -0.00761646 0.95276 
1.2 0.05 -0.00916917 0.945505 
1.25 0.05 -0.0103586 0.937538 
1.3 0.05 -0.0111539 0.929277 
1.35 0.05 -0.0115406 0.921069 
1.4 0.05 -0.0115174 0.913184 
1.45 0.05 -0.0110947 0.90583 
1.5 0.05 -0.0102927 0.899171 
1.55 0.05 -0.00914096 0.893335 
1.6 0.05 -0.00767872 0.888427 
1.65 0.05 -0.00595452 0.884536 
1.7 0.05 -0.00402596 0.881732 
1.75 0.05 -0.0019584 0.880068 
1.8 0.05 0.000177066 0.879574 
1.85 0.05 0.00230639 0.880262 
1.9 0.05 0.00435582 0.882117 
1.95 0.05 0.00625502 0.885103 
2 0.05 0.00793977 0.889167 
2.05 0.05 0.00935395 0.894234 
2.1 0.05 0.0104505 0.900214 
2.15 0.05 0.0111919 0.906997 
2.2 0.05 0.0115499 0.91445 
2.25 0.05 0.011506 0.922404 
2.3 0.05 0.0110517 0.930642 
2.35 0.05 0.0101901 0.93888 
2.4 0.05 0.00893824 0.946761 
2.45 0.05 0.00732994 0.953856 
2.5 0.05 0.00541766 0.959699 
2.55 0.05 0.00327311 0.963837 
2.6 0.05 0.000984822 0.965914 
2.65 0.05 -0.00134724 0.965736 
2.7 0.05 -0.00361947 0.96332 
2.75 0.05 -0.00573323 0.958889 
2.8 0.05 -0.00760232 0.95282 
2.85 0.05 -0.00915796 0.945572 
2.9 0.05 -0.0103506 0.937608 
2.95 0.05 -0.0111494 0.929349 
3 0.05 -0.0115395 0.921138 
3.05 0.05 -0.0115198 0.913249 
3.1 0.05 -0.0111004 0.905891 
3.15 0.05 -0.0103014 0.899225 
3.2 0.05 -0.00915243 0.893381 
3.25 0.05 -0.00769258 0.888465 
3.3 0.05 -0.00597031 0.884565 
3.35 0.05 -0.00404315 0.881752 
3.4 0.05 -0.00197641 0.880078 
3.45 0.05 0.000158843 0.879575 
3.5 0.05 0.00228859 0.880252 
3.55 0.05 0.00433904 0.882097 
3.6 0.05 0.00623983 0.885075 
3.65 0.05 0.00792668 0.88913 
3.7 0.05 0.00934338 0.894189 
3.75 0.05 0.0104428 0.900161 
3.8 0.05 0.0111874 0.906937 
3.85 0.05 0.0115489 0.914385 
3.9 0.05 0.0115086 0.922336 
3.95 0.05 0.0110579 0.930572 
4 0.05 0.0102 0.938812 
4.05 0.05 0.00895184 0.946698 
4.1 0.05 0.0073469 0.953804 
4.15 0.05 0.00543759 0.959662 
4.2 0.05 0.00329541 0.963821 
4.25 0.05 0.00100874 0.965923 
4.3 0.05 -0.00132258 0.965774 
4.35 0.05 -0.00359504 0.963389 
4.4 0.05 -0.00571003 0.958989 
4.45 0.05 -0.00758141 0.952948 
4.5 0.05 -0.00914051 0.945727 
4.55 0.05 -0.0103381 0.937788 
4.6 0.05 -0.0111437 0.92955 
4.65 0.05 -0.0115436 0.92136 
4.7 0.05 -0.011538 0.913487 
4.75 0.05 -0.0111393 0.906139 
4.8 0.05 -0.0103711 0.899475 
4.85 0.05 -0.00926841 0.893616 
4.9 0.05 -0.00787909 0.888656 
4.95 0.05 -0.00626292 0.884663 
5 0.05 -0.00446782 0.881668 
0 0.1 -0.0217333 0.77066 
0.05 0.1 -0.0148769 0.76478 
0.1 0.1 -0.00742697 0.761286 
0.15 0.1 0.000246947 0.760236 
0.2 0.1 0.00785991 0.76161 
0.25 0.1 0.0151541 0.76535 
0.3 0.1 0.0218893 0.771364 
0.35 0.1 0.027846 0.779528 
0.4 0.1 0.0328317 0.789688 
0.45 0.1 0.0366842 0.801659 
0.5 0.1 0.039274 0.815224 
0.55 0.1 0.040505 0.83012 
0.6 0.1 0.0403156 0.846021 
0.65 0.1 0.0386816 0.8625 
0.7 0.1 0.0356207 0.879001 
0.75 0.1 0.0312006 0.894812 
0.8 0.1 0.0255461 0.909072 
0.85 0.1 0.0188454 0.920832 
0.9 0.1 0.0113498 0.929164 
0.95 0.1 0.00336523 0.93333 
1 0.1 -0.00476599 0.932934 
1.05 0.1 -0.01269 0.928015 
1.1 0.1 -0.020069 0.919038 
1.15 0.1 -0.0266057 0.906786 
1.2 0.1 -0.0320594 0.892201 
1.25 0.1 -0.0362533 0.876226 
1.3 0.1 -0.0390733 0.859697 
1.35 0.1 -0.0404614 0.8433 
1.4 0.1 -0.0404083 0.827567 
1.45 0.1 -0.0389464 0.812904 
1.5 0.1 -0.0361452 0.799627 
1.55 0.1 -0.032109 0.787988 
1.6 0.1 -0.0269768 0.778198 
1.65 0.1 -0.0209211 0.770431 
1.7 0.1 -0.0141455 0.764832 
1.75 0.1 -0.00688102 0.761507 
1.8 0.1 0.000622222 0.760522 
1.85 0.1 0.0081039 0.761895 
1.9 0.1 0.0153046 0.7656 
1.95 0.1 0.0219768 0.771564 
2 0.1 0.0278936 0.779675 
2.05 0.1 0.0328562 0.789782 
2.1 0.1 0.0366976 0.801706 
2.15 0.1 0.0392845 0.81523 
2.2 0.1 0.0405182 0.830092 
2.25 0.1 0.0403351 0.845966 
2.3 0.1 0.0387094 0.862425 
2.35 0.1 0.0356579 0.878914 
2.4 0.1 0.0312471 0.894723 
2.45 0.1 0.0256011 0.908992 
2.5 0.1 0.0189073 0.920769 
2.55 0.1 0.0114165 0.929128 
2.6 0.1 0.00343407 0.933328 
2.65 0.1 -0.00469789 0.932968 
2.7 0.1 -0.0126255 0.928083 
2.75 0.1 -0.0200108 0.919135 
2.8 0.1 -0.026556 0.906906 
2.85 0.1 -0.0320199 0.892336 
2.9 0.1 -0.0362251 0.876367 
2.95 0.1 -0.0390571 0.85984 
3 0.1 -0.0404574 0.843439 
3.05 0.1 -0.0404164 0.827698 
3.1 0.1 -0.0389661 0.813025 
3.15 0.1 -0.0361757 0.799734 
3.2 0.1 -0.0321493 0.788081 
3.25 0.1 -0.0270256 0.778274 
3.3 0.1 -0.0209766 0.77049 
3.35 0.1 -0.014206 0.764872 
3.4 0.1 -0.00694436 0.761528 
3.45 0.1 0.000558157 0.760523 
3.5 0.1 0.00804131 0.761876 
3.55 0.1 0.0152457 0.765562 
3.6 0.1 0.0219234 0.771508 
3.65 0.1 0.0278477 0.7796 
3.7 0.1 0.0328192 0.789692 
3.75 0.1 0.0366708 0.801601 
3.8 0.1 0.039269 0.815112 
3.85 0.1 0.0405148 0.829964 
3.9 0.1 0.0403444 0.84583 
3.95 0.1 0.0387317 0.862286 
4 0.1 0.0356932 0.878778 
4.05 0.1 0.0312949 0.894597 
4.1 0.1 0.0256605 0.908886 
4.15 0.1 0.0189769 0.920694 
4.2 0.1 0.0114942 0.929095 
4.25 0.1 0.00351715 0.933346 
4.3 0.1 -0.00461238 0.933044 
4.35 0.1 -0.0125409 0.92822 
4.4 0.1 -0.0199305 0.919333 
4.45 0.1 -0.0264836 0.90716 
4.5 0.1 -0.0319595 0.892642 
4.55 0.1 -0.0361817 0.876721 
4.6 0.1 -0.0390371 0.860236 
4.65 0.1 -0.0404701 0.843872 
4.7 0.1 -0.0404752 0.828162 
4.75 0.1 -0.0390899 0.813508 
4.8 0.1 -0.0363907 0.800218 
4.85 0.1 -0.0324888 0.788528 
4.9 0.1 -0.0275242 0.778626 
4.95 0.1 -0.0216438 0.77066 
5 0.1 -0.0149358 0.76478 
0 0.15 -0.0423399 0.662801 
0.05 0.15 -0.0289461 0.654218 
0.1 0.15 -0.014399 0.649071 
0.15 0.15 0.00064757 0.647504 
0.2 0.15 0.0156199 0.649518 
0.25 0.15 0.0299896 0.655034 
0.3 0.15 0.0432674 0.663913 
0.35 0.15 0.0550105 0.675962 
0.4 0.15 0.0648322 0.690944 
0.45 0.15 0.0724084 0.708579 
0.5 0.15 0.0774818 0.728547 
0.55 0.15 0.079864 0.750463 
0.6 0.15 0.0794377 0.773856 
0.65 0.15 0.0761618 0.798113 
0.7 0.15 0.0700808 0.822429 
0.75 0.15 0.0613373 0.845765 
0.8 0.15 0.0501855 0.866852 
0.85 0.15 0.0369999 0.88427 
0.9 0.15 0.0222739 0.896632 
0.95 0.15 0.00660223 0.902819 
1 0.15 -0.00935263 0.90223 
1.05 0.15 -0.0249072 0.894926 
1.1 0.15 -0.0394078 0.88161 
1.15 0.15 -0.0522752 0.863466 
1.2 0.15 -0.0630361 0.841905 
1.25 0.15 -0.0713374 0.818331 
1.3 0.15 -0.0769455 0.793977 
1.35 0.15 -0.0797368 0.76984 
1.4 0.15 -0.0796837 0.74669 
1.45 0.15 -0.0768433 0.725111 
1.5 0.15 -0.0713484 0.705557 
1.55 0.15 -0.0634035 0.688398 
1.6 0.15 -0.0532834 0.673945 
1.65 0.15 -0.04133 0.662465 
1.7 0.15 -0.0279481 0.654179 
1.75 0.15 -0.013596 0.649254 
1.8 0.15 0.00122963 0.647794 
1.85 0.15 0.0160125 0.649829 
1.9 0.15 0.0302381 0.655316 
1.95 0.15 0.0434148 0.664141 
2 0.15 0.0550924 0.676127 
2.05 0.15 0.0648759 0.691044 
2.1 0.15 0.0724341 0.70862 
2.15 0.15 0.0775041 0.728534 
2.2 0.15 0.0798926 0.750406 
2.25 0.15 0.079479 0.773764 
2.3 0.15 0.0762196 0.797995 
2.35 0.15 0.0701567 0.822296 
2.4 0.15 0.0614311 0.845631 
2.45 0.15 0.0502955 0.86673 
2.5 0.15 0.0371231 0.884176 
2.55 0.15 0.0224061 0.896578 
2.6 0.15 0.00673829 0.902815 
2.65 0.15 -0.00921824 0.90228 
2.7 0.15 -0.02478 0.895026 
2.75 0.15 -0.0392929 0.881754 
2.8 0.15 -0.0521769 0.863643 
2.85 0.15 -0.0629578 0.842104 
2.9 0.15 -0.0712813 0.81854 
2.95 0.15 -0.0769131 0.794187 
3 0.15 -0.0797285 0.770045 
3.05 0.15 -0.0796993 0.746883 
3.1 0.15 -0.0768819 0.725288 
3.15 0.15 -0.0714084 0.705716 
3.2 0.15 -0.063483 0.688535 
3.25 0.15 -0.0533796 0.674058 
3.3 0.15 -0.0414397 0.662552 
3.35 0.15 -0.0280676 0.654239 
3.4 0.15 -0.0137213 0.649285 
3.45 0.15 0.00110297 0.647795 
3.5 0.15 0.0158888 0.649801 
3.55 0.15 0.0301216 0.65526 
3.6 0.15 0.0433094 0.664057 
3.65 0.15 0.0550017 0.676017 
3.7 0.15 0.064803 0.690911 
3.75 0.15 0.0723816 0.708466 
3.8 0.15 0.0774739 0.728361 
3.85 0.15 0.0798865 0.750218 
3.9 0.15 0.0794979 0.773564 
3.95 0.15 0.076264 0.79779 
4 0.15 0.0702264 0.822095 
4.05 0.15 0.0615252 0.845444 
4.1 0.15 0.0504121 0.866573 
4.15 0.15 0.0372592 0.884064 
4.2 0.15 0.0225575 0.896527 
4.25 0.15 0.00690015 0.902839 
4.3 0.15 -0.00905174 0.902389 
4.35 0.15 -0.0246151 0.895224 
4.4 0.15 -0.0391361 0.882039 
4.45 0.15 -0.0520349 0.86401 
4.5 0.15 -0.0628379 0.842545 
4.55 0.15 -0.0711922 0.819047 
4.6 0.15 -0.0768657 0.794752 
4.65 0.15 -0.0797379 0.770658 
4.7 0.15 -0.0797862 0.747535 
4.75 0.15 -0.0770739 0.72596 
4.8 0.15 -0.0717405 0.706378 
4.85 0.15 -0.0639928 0.689139 
4.9 0.15 -0.054092 0.67453 
4.95 0.15 -0.0423261 0.662801 
5 0.15 -0.0289527 0.654218 
0 0.2 -0.0652556 0.566825 
0.05 0.2 -0.0444979 0.555831 
0.1 0.2 -0.0220152 0.549212 
0.15 0.2 0.00126429 0.547182 
0.2 0.2 0.0244621 0.549774 
0.25 0.2 0.0467464 0.556899 
0.3 0.2 0.0673432 0.568367 
0.35 0.2 0.085553 0.583909 
0.4 0.2 0.100767 0.603197 
0.45 0.2 0.112477 0.625853 
0.5 0.2 0.120285 0.651455 
0.55 0.2 0.123901 0.679513 
0.6 0.2 0.123152 0.709431 
0.65 0.2 0.117985 0.740443 
0.7 0.2 0.108483 0.771536 
0.75 0.2 0.0948793 0.801394 
0.8 0.2 0.0775782 0.828399 
0.85 0.2 0.0571646 0.850728 
0.9 0.2 0.0343995 0.866588 
0.95 0.2 0.0101935 0.87453 
1 0.2 -0.0144437 0.873774 
1.05 0.2 -0.0384715 0.864396 
1.1 0.2 -0.0608929 0.847313 
1.15 0.2 -0.0808203 0.824056 
1.2 0.2 -0.0975221 0.796446 
1.25 0.2 -0.110445 0.766284 
1.3 0.2 -0.119217 0.73514 
1.35 0.2 -0.123633 0.704275 
1.4 0.2 -0.123635 0.674655 
1.45 0.2 -0.119302 0.647012 
1.5 0.2 -0.110831 0.621918 
1.55 0.2 -0.0985345 0.599847 
1.6 0.2 -0.0828374 0.581211 
1.65 0.2 -0.0642721 0.566372 
1.7 0.2 -0.0434706 0.555638 
1.75 0.2 -0.0211497 0.549248 
1.8 0.2 0.00191311 0.547352 
1.85 0.2 0.0249089 0.549994 
1.9 0.2 0.0470317 0.557112 
1.95 0.2 0.0675119 0.568541 
2 0.2 0.0856456 0.584028 
2.05 0.2 0.100816 0.603256 
2.1 0.2 0.112509 0.625854 
2.15 0.2 0.120317 0.651401 
2.2 0.2 0.123946 0.679413 
2.25 0.2 0.123219 0.709293 
2.3 0.2 0.118078 0.740278 
2.35 0.2 0.108604 0.771356 
2.4 0.2 0.0950278 0.801216 
2.45 0.2 0.0777514 0.828239 
2.5 0.2 0.0573575 0.850605 
2.55 0.2 0.0346057 0.866518 
2.6 0.2 0.0104052 0.874525 
2.65 0.2 -0.0142348 0.873837 
2.7 0.2 -0.0382739 0.864526 
2.75 0.2 -0.0607143 0.847498 
2.8 0.2 -0.0806674 0.824283 
2.85 0.2 -0.0974 0.796701 
2.9 0.2 -0.110358 0.766552 
2.95 0.2 -0.119166 0.735409 
3 0.2 -0.123619 0.704537 
3.05 0.2 -0.123659 0.674903 
3.1 0.2 -0.119362 0.64724 
3.15 0.2 -0.110924 0.622123 
3.2 0.2 -0.0986578 0.600025 
3.25 0.2 -0.0829869 0.581358 
3.3 0.2 -0.0644427 0.566485 
3.35 0.2 -0.0436566 0.555716 
3.4 0.2 -0.0213446 0.549289 
3.45 0.2 0.00171599 0.547354 
3.5 0.2 0.0247164 0.549959 
3.55 0.2 0.0468504 0.55704 
3.6 0.2 0.0673481 0.568433 
3.65 0.2 0.0855048 0.583887 
3.7 0.2 0.100703 0.603085 
3.75 0.2 0.112427 0.625656 
3.8 0.2 0.12027 0.65118 
3.85 0.2 0.123937 0.679172 
3.9 0.2 0.123248 0.709039 
3.95 0.2 0.118147 0.740017 
4 0.2 0.108712 0.7711 
4.05 0.2 0.095173 0.800979 
4.1 0.2 0.0779306 0.828038 
4.15 0.2 0.0575662 0.850461 
4.2 0.2 0.0348376 0.866451 
4.25 0.2 0.0106527 0.874553 
4.3 0.2 -0.0139802 0.873973 
4.35 0.2 -0.0380212 0.864773 
4.4 0.2 -0.060473 0.847854 
4.45 0.2 -0.0804467 0.824739 
4.5 0.2 -0.0972097 0.797246 
4.55 0.2 -0.110209 0.767174 
4.6 0.2 -0.119072 0.736096 
4.65 0.2 -0.123596 0.705275 
4.7 0.2 -0.123731 0.675677 
4.75 0.2 -0.119556 0.648027 
4.8 0.2 -0.111275 0.622888 
4.85 0.2 -0.0991937 0.600718 
4.9 0.2 -0.0837145 0.58191 
4.95 0.2 -0.0653054 0.566825 
5 0.2 -0.0444613 0.555831 
0 0.25 -0.0881282 0.487003 
0.05 0.25 -0.0599439 0.473923 
0.1 0.25 -0.0294848 0.466031 
0.15 0.25 0.00206057 0.463606 
0.2 0.25 0.0335154 0.466718 
0.25 0.25 0.0637426 0.475262 
0.3 0.25 0.0916766 0.488986 
0.35 0.25 0.116355 0.507527 
0.4 0.25 0.136941 0.530446 
0.45 0.25 0.152746 0.557259 
0.5 0.25 0.163228 0.58744 
0.55 0.25 0.168007 0.62041 
0.6 0.25 0.166859 0.655479 
0.65 0.25 0.15973 0.691766 
0.7 0.25 0.14675 0.728111 
0.75 0.25 0.128252 0.762994 
0.8 0.25 0.104796 0.794538 
0.85 0.25 0.077179 0.820621 
0.9 0.25 0.0464254 0.839147 
0.95 0.25 0.0137531 0.848426 
1 0.25 -0.0194928 0.847542 
1.05 0.25 -0.0519279 0.836585 
1.1 0.25 -0.0822235 0.816627 
1.15 0.25 -0.109191 0.789458 
1.2 0.25 -0.131844 0.757204 
1.25 0.25 -0.149427 0.721959 
1.3 0.25 -0.161422 0.685543 
1.35 0.25 -0.167533 0.649411 
1.4 0.25 -0.167664 0.614668 
1.45 0.25 -0.161903 0.582154 
1.5 0.25 -0.150505 0.552534 
1.55 0.25 -0.133883 0.526374 
1.6 0.25 -0.112608 0.504186 
1.65 0.25 -0.087404 0.486442 
1.7 0.25 -0.0591321 0.473559 
1.75 0.25 -0.0287739 0.465869 
1.8 0.25 0.00260329 0.463584 
1.85 0.25 0.0338884 0.466769 
1.9 0.25 0.0639743 0.475332 
1.95 0.25 0.0918054 0.489041 
2 0.25 0.116418 0.507547 
2.05 0.25 0.136971 0.530423 
2.1 0.25 0.152768 0.557189 
2.15 0.25 0.163262 0.587326 
2.2 0.25 0.168065 0.620256 
2.25 0.25 0.16695 0.655291 
2.3 0.25 0.159859 0.691555 
2.35 0.25 0.146917 0.727889 
2.4 0.25 0.128457 0.762778 
2.45 0.25 0.105034 0.794347 
2.5 0.25 0.0774429 0.820475 
2.55 0.25 0.0467064 0.839065 
2.6 0.25 0.014041 0.84842 
2.65 0.25 -0.0192091 0.847617 
2.7 0.25 -0.0516597 0.836738 
2.75 0.25 -0.0819811 0.816845 
2.8 0.25 -0.108983 0.789726 
2.85 0.25 -0.131678 0.757504 
2.9 0.25 -0.149307 0.722274 
2.95 0.25 -0.161352 0.68586 
3 0.25 -0.167513 0.649719 
3.05 0.25 -0.167695 0.614961 
3.1 0.25 -0.161983 0.582425 
3.15 0.25 -0.15063 0.552777 
3.2 0.25 -0.13405 0.526586 
3.25 0.25 -0.112811 0.504362 
3.3 0.25 -0.0876359 0.486579 
3.35 0.25 -0.0593851 0.473654 
3.4 0.25 -0.0290392 0.465919 
3.45 0.25 0.00233494 0.463588 
3.5 0.25 0.0336264 0.466726 
3.55 0.25 0.0637279 0.475246 
3.6 0.25 0.0915829 0.488913 
3.65 0.25 0.116227 0.507381 
3.7 0.25 0.136819 0.530221 
3.75 0.25 0.152658 0.556956 
3.8 0.25 0.1632 0.587067 
3.85 0.25 0.168054 0.619975 
3.9 0.25 0.166991 0.654996 
3.95 0.25 0.159952 0.691253 
4 0.25 0.147063 0.727593 
4.05 0.25 0.128652 0.762504 
4.1 0.25 0.105274 0.794115 
4.15 0.25 0.0777218 0.820308 
4.2 0.25 0.0470158 0.838987 
4.25 0.25 0.0143711 0.848451 
4.3 0.25 -0.0188694 0.847771 
4.35 0.25 -0.0513217 0.837018 
4.4 0.25 -0.081656 0.817248 
4.45 0.25 -0.108682 0.79024 
4.5 0.25 -0.131411 0.758113 
4.55 0.25 -0.149086 0.722962 
4.6 0.25 -0.161187 0.686611 
4.65 0.25 -0.16742 0.650515 
4.7 0.25 -0.167693 0.615782 
4.75 0.25 -0.162093 0.583247 
4.8 0.25 -0.150874 0.553568 
4.85 0.25 -0.134441 0.527302 
4.9 0.25 -0.113339 0.504953 
4.95 0.25 -0.0882305 0.487003 
5 0.25 -0.0598721 0.473923 
0 0.3 -0.109143 0.424717 
0.05 0.3 -0.0740743 0.409789 
0.1 0.3 -0.0362286 0.400761 
0.15 0.3 0.0029669 0.397993 
0.2 0.3 0.042059 0.401594 
0.25 0.3 0.0796238 0.411428 
0.3 0.3 0.11432 0.427152 
0.35 0.3 0.144937 0.448271 
0.4 0.3 0.170428 0.474199 
0.45 0.3 0.189934 0.504318 
0.5 0.3 0.202794 0.537993 
0.55 0.3 0.208548 0.57456 
0.6 0.3 0.206938 0.613264 
0.65 0.3 0.197921 0.653159 
0.7 0.3 0.181682 0.693001 
0.75 0.3 0.158655 0.731159 
0.8 0.3 0.12955 0.765608 
0.85 0.3 0.0953559 0.79406 
0.9 0.3 0.0573364 0.814252 
0.95 0.3 0.0169804 0.824358 
1 0.3 -0.0240735 0.823395 
1.05 0.3 -0.0641409 0.811457 
1.1 0.3 -0.101602 0.789701 
1.15 0.3 -0.135003 0.760057 
1.2 0.3 -0.163125 0.724819 
1.25 0.3 -0.185026 0.686248 
1.3 0.3 -0.200048 0.646303 
1.35 0.3 -0.207801 0.606546 
1.4 0.3 -0.208142 0.56816 
1.45 0.3 -0.201156 0.532049 
1.5 0.3 -0.187136 0.498945 
1.55 0.3 -0.166583 0.469502 
1.6 0.3 -0.140195 0.444346 
1.65 0.3 -0.108867 0.424088 
1.7 0.3 -0.0736782 0.409292 
1.75 0.3 -0.0358593 0.400423 
1.8 0.3 0.00324503 0.397781 
1.85 0.3 0.0422332 0.401462 
1.9 0.3 0.0797088 0.411334 
1.95 0.3 0.114342 0.427065 
2 0.3 0.144925 0.448171 
2.05 0.3 0.170408 0.474075 
2.1 0.3 0.189928 0.504164 
2.15 0.3 0.202818 0.537809 
2.2 0.3 0.208612 0.574348 
2.25 0.3 0.207049 0.613028 
2.3 0.3 0.198082 0.652907 
2.35 0.3 0.181893 0.692745 
2.4 0.3 0.158913 0.730915 
2.45 0.3 0.129848 0.765395 
2.5 0.3 0.0956859 0.793899 
2.55 0.3 0.0576869 0.814161 
2.6 0.3 0.0173388 0.824353 
2.65 0.3 -0.023721 0.823478 
2.7 0.3 -0.0638077 0.811626 
2.75 0.3 -0.101301 0.789941 
2.8 0.3 -0.134744 0.760351 
2.85 0.3 -0.162917 0.725149 
2.9 0.3 -0.184876 0.686594 
2.95 0.3 -0.199959 0.646653 
3 0.3 -0.207775 0.606888 
3.05 0.3 -0.208179 0.568486 
3.1 0.3 -0.201254 0.532352 
3.15 0.3 -0.187292 0.49922 
3.2 0.3 -0.16679 0.469743 
3.25 0.3 -0.140447 0.444548 
3.3 0.3 -0.109156 0.424246 
3.35 0.3 -0.0739936 0.409402 
3.4 0.3 -0.0361901 0.400481 
3.45 0.3 0.00291039 0.397786 
3.5 0.3 0.0419066 0.401414 
3.55 0.3 0.0794018 0.411235 
3.6 0.3 0.114066 0.426919 
3.65 0.3 0.144688 0.447982 
3.7 0.3 0.170219 0.473849 
3.75 0.3 0.189793 0.503906 
3.8 0.3 0.202742 0.537523 
3.85 0.3 0.208598 0.574041 
3.9 0.3 0.2071 0.612706 
3.95 0.3 0.198198 0.652579 
4 0.3 0.182072 0.692425 
4.05 0.3 0.159153 0.730619 
4.1 0.3 0.130142 0.765146 
4.15 0.3 0.096026 0.79372 
4.2 0.3 0.0580636 0.814079 
4.25 0.3 0.0177403 0.824387 
4.3 0.3 -0.0233072 0.823642 
4.35 0.3 -0.0633945 0.811922 
4.4 0.3 -0.1009 0.790364 
4.45 0.3 -0.134367 0.760887 
4.5 0.3 -0.162572 0.725778 
4.55 0.3 -0.184572 0.687297 
4.6 0.3 -0.199703 0.647408 
4.65 0.3 -0.207576 0.607675 
4.7 0.3 -0.208045 0.569284 
4.75 0.3 -0.201194 0.533139 
4.8 0.3 -0.187312 0.499968 
4.85 0.3 -0.166887 0.470423 
4.9 0.3 -0.140595 0.445131 
4.95 0.3 -0.109288 0.424717 
5 0.3 -0.0739744 0.409789 
0 0.35 -0.126928 0.378457 
0.05 0.35 -0.0859852 0.361761 
0.1 0.35 -0.0418321 0.351629 
0.15 0.35 0.00389626 0.348537 
0.2 0.35 0.0495045 0.352636 
0.25 0.35 0.0933158 0.36374 
0.3 0.35 0.133747 0.381371 
0.35 0.35 0.169369 0.404843 
0.4 0.35 0.198957 0.433372 
0.45 0.35 0.221513 0.466159 
0.5 0.35 0.236279 0.502437 
0.55 0.35 0.242742 0.541455 
0.6 0.35 0.240629 0.582412 
0.65 0.35 0.229921 0.624339 
0.7 0.35 0.21086 0.665978 
0.75 0.35 0.18398 0.705679 
0.8 0.35 0.150118 0.741394 
0.85 0.35 0.11043 0.770809 
0.9 0.35 0.0663724 0.791644 
0.95 0.35 0.0196504 0.80206 
1 0.35 -0.0278667 0.801066 
1.05 0.35 -0.0742597 0.78876 
1.1 0.35 -0.11768 0.766302 
1.15 0.35 -0.15646 0.735638 
1.2 0.35 -0.189193 0.699082 
1.25 0.35 -0.214777 0.658917 
1.3 0.35 -0.232428 0.617128 
1.35 0.35 -0.241666 0.575291 
1.4 0.35 -0.242294 0.534606 
1.45 0.35 -0.234379 0.496002 
1.5 0.35 -0.218234 0.460262 
1.55 0.35 -0.194419 0.428135 
1.6 0.35 -0.163734 0.40039 
1.65 0.35 -0.127218 0.377823 
1.7 0.35 -0.0861332 0.361203 
1.75 0.35 -0.0419313 0.351182 
1.8 0.35 0.00379538 0.348188 
1.85 0.35 0.0493842 0.352358 
1.9 0.35 0.093179 0.363505 
1.95 0.35 0.133607 0.381154 
2 0.35 0.169243 0.404629 
2.05 0.35 0.198861 0.43315 
2.1 0.35 0.22146 0.465924 
2.15 0.35 0.23628 0.502187 
2.2 0.35 0.242803 0.54119 
2.25 0.35 0.240754 0.582134 
2.3 0.35 0.230108 0.624055 
2.35 0.35 0.211109 0.665698 
2.4 0.35 0.184284 0.705417 
2.45 0.35 0.150468 0.741169 
2.5 0.35 0.110817 0.770642 
2.55 0.35 0.0667821 0.791552 
2.6 0.35 0.0200685 0.802056 
2.65 0.35 -0.027456 0.801155 
2.7 0.35 -0.0738716 0.788937 
2.75 0.35 -0.117329 0.766553 
2.8 0.35 -0.156158 0.735946 
2.85 0.35 -0.18895 0.699427 
2.9 0.35 -0.2146 0.659282 
2.95 0.35 -0.232322 0.617498 
3 0.35 -0.241633 0.575655 
3.05 0.35 -0.242335 0.534955 
3.1 0.35 -0.234491 0.496329 
3.15 0.35 -0.218414 0.460562 
3.2 0.35 -0.19466 0.4284 
3.25 0.35 -0.164029 0.400615 
3.3 0.35 -0.127556 0.378001 
3.35 0.35 -0.0865019 0.361328 
3.4 0.35 -0.0423184 0.351248 
3.45 0.35 0.00340382 0.348194 
3.5 0.35 0.0490022 0.352305 
3.55 0.35 0.0928202 0.363394 
3.6 0.35 0.133283 0.380992 
3.65 0.35 0.168966 0.404422 
3.7 0.35 0.19864 0.432904 
3.75 0.35 0.221303 0.465647 
3.8 0.35 0.236193 0.501883 
3.85 0.35 0.242788 0.540867 
3.9 0.35 0.240813 0.581799 
3.95 0.35 0.230242 0.623717 
4 0.35 0.211315 0.665369 
4.05 0.35 0.184558 0.705116 
4.1 0.35 0.150804 0.740916 
4.15 0.35 0.111204 0.770462 
4.2 0.35 0.0672106 0.79147 
4.25 0.35 0.020525 0.802091 
4.3 0.35 -0.026985 0.801319 
4.35 0.35 -0.0733992 0.789231 
4.4 0.35 -0.116867 0.766971 
4.45 0.35 -0.155715 0.736469 
4.5 0.35 -0.188533 0.700035 
4.55 0.35 -0.214212 0.659951 
4.6 0.35 -0.231963 0.618205 
4.65 0.35 -0.241302 0.576377 
4.7 0.35 -0.242027 0.535672 
4.75 0.35 -0.2342 0.49702 
4.8 0.35 -0.218129 0.461208 
4.85 0.35 -0.194362 0.428987 
4.9 0.35 -0.163683 0.401133 
4.95 0.35 -0.127106 0.378457 
5 0.35 -0.0858634 0.361761 
0 0.4 -0.140473 0.344846 
0.05 0.4 -0.0950179 0.326329 
0.1 0.4 -0.0460067 0.315042 
0.15 0.4 0.00475761 0.311617 
0.2 0.4 0.0553831 0.316256 
0.25 0.4 0.103987 0.3287 
0.3 0.4 0.14879 0.348285 
0.35 0.4 0.188192 0.374078 
0.4 0.4 0.220828 0.405029 
0.45 0.4 0.245601 0.440112 
0.5 0.4 0.261691 0.47839 
0.55 0.4 0.268556 0.519014 
0.6 0.4 0.265932 0.561142 
0.65 0.4 0.25383 0.603816 
0.7 0.4 0.232556 0.645819 
0.75 0.4 0.202727 0.685571 
0.8 0.4 0.165285 0.721117 
0.85 0.4 0.121512 0.750255 
0.9 0.4 0.0730009 0.770823 
0.95 0.4 0.0216061 0.781085 
1 0.4 -0.0306487 0.780105 
1.05 0.4 -0.0816874 0.767977 
1.1 0.4 -0.129508 0.745793 
1.15 0.4 -0.172295 0.715393 
1.2 0.4 -0.208505 0.678972 
1.25 0.4 -0.236915 0.638704 
1.3 0.4 -0.256639 0.596483 
1.35 0.4 -0.267115 0.553821 
1.4 0.4 -0.268089 0.51188 
1.45 0.4 -0.259596 0.471587 
1.5 0.4 -0.241949 0.433776 
1.55 0.4 -0.215737 0.399306 
1.6 0.4 -0.181829 0.369128 
1.65 0.4 -0.141367 0.344278 
1.7 0.4 -0.0957574 0.325791 
1.75 0.4 -0.0466295 0.314565 
1.8 0.4 0.00422164 0.3112 
1.85 0.4 0.0549169 0.315887 
1.9 0.4 0.103585 0.328362 
1.95 0.4 0.148453 0.347966 
2 0.4 0.187924 0.373768 
2.05 0.4 0.220636 0.404723 
2.1 0.4 0.245488 0.439806 
2.15 0.4 0.261659 0.478083 
2.2 0.4 0.268606 0.518705 
2.25 0.4 0.266061 0.560833 
2.3 0.4 0.254036 0.603511 
2.35 0.4 0.232833 0.645526 
2.4 0.4 0.203066 0.685303 
2.45 0.4 0.165676 0.720891 
2.5 0.4 0.121942 0.750089 
2.55 0.4 0.0734557 0.770734 
2.6 0.4 0.0220693 0.781083 
2.65 0.4 -0.030194 0.780196 
2.7 0.4 -0.081258 0.768155 
2.75 0.4 -0.129119 0.746045 
2.8 0.4 -0.17196 0.715703 
2.85 0.4 -0.208235 0.679321 
2.9 0.4 -0.236718 0.639074 
2.95 0.4 -0.25652 0.596861 
3 0.4 -0.267077 0.554196 
3.05 0.4 -0.268132 0.512245 
3.1 0.4 -0.259719 0.471934 
3.15 0.4 -0.242147 0.434098 
3.2 0.4 -0.216004 0.399595 
3.25 0.4 -0.182155 0.369376 
3.3 0.4 -0.141742 0.344476 
3.35 0.4 -0.0961674 0.325931 
3.4 0.4 -0.0470602 0.314639 
3.45 0.4 0.0037859 0.311207 
3.5 0.4 0.0544921 0.315827 
3.55 0.4 0.103186 0.328239 
3.6 0.4 0.148094 0.347787 
3.65 0.4 0.187619 0.373542 
3.7 0.4 0.220393 0.404459 
3.75 0.4 0.245316 0.439513 
3.8 0.4 0.261563 0.477767 
3.85 0.4 0.268591 0.518374 
3.9 0.4 0.266127 0.560494 
3.95 0.4 0.254183 0.603173 
4 0.4 0.233058 0.645202 
4.05 0.4 0.203363 0.685009 
4.1 0.4 0.166039 0.720646 
4.15 0.4 0.122361 0.749917 
4.2 0.4 0.0739173 0.770656 
4.25 0.4 0.0225607 0.781118 
4.3 0.4 -0.0296863 0.780352 
4.35 0.4 -0.0807464 0.768431 
4.4 0.4 -0.128614 0.746433 
4.45 0.4 -0.171467 0.716183 
4.5 0.4 -0.207757 0.67987 
4.55 0.4 -0.236252 0.639669 
4.6 0.4 -0.256057 0.597475 
4.65 0.4 -0.266604 0.554806 
4.7 0.4 -0.267632 0.512829 
4.75 0.4 -0.259169 0.472477 
4.8 0.4 -0.24152 0.43459 
4.85 0.4 -0.215269 0.400032 
4.9 0.4 -0.181275 0.369767 
4.95 0.4 -0.140676 0.344846 
5 0.4 -0.09488 0.326329 
0 0.45 -0.149068 0.31989 
0.05 0.45 -0.100713 0.299474 
0.1 0.45 -0.0485616 0.28697 
0.15 0.45 0.00546624 0.283198 
0.2 0.45 0.059337 0.288421 
0.25 0.45 0.111021 0.302286 
0.3 0.45 0.158599 0.323908 
0.35 0.45 0.200354 0.352056 
0.4 0.45 0.234834 0.385368 
0.45 0.45 0.260883 0.422546 
0.5 0.45 0.277655 0.462455 
0.55 0.45 0.28461 0.504126 
0.6 0.45 0.281506 0.546678 
0.65 0.45 0.268397 0.589176 
0.7 0.45 0.245646 0.630487 
0.75 0.45 0.213935 0.669168 
0.8 0.45 0.174282 0.70345 
0.85 0.45 0.128044 0.731358 
0.9 0.45 0.0768898 0.750957 
0.95 0.45 0.0227498 0.760706 
1 0.45 -0.0322799 0.759776 
1.05 0.45 -0.0860512 0.748247 
1.1 0.45 -0.136489 0.727091 
1.15 0.45 -0.181701 0.697941 
1.2 0.45 -0.22007 0.662762 
1.25 0.45 -0.250294 0.623506 
1.3 0.45 -0.271413 0.581891 
1.35 0.45 -0.2828 0.539299 
1.4 0.45 -0.284146 0.496819 
1.45 0.45 -0.275444 0.455366 
1.5 0.45 -0.256987 0.415825 
1.55 0.45 -0.229366 0.37919 
1.6 0.45 -0.193478 0.346627 
1.65 0.45 -0.150528 0.319454 
1.7 0.45 -0.102015 0.299026 
1.75 0.45 -0.0496918 0.286529 
1.8 0.45 0.00449996 0.282771 
1.85 0.45 0.0585226 0.288005 
1.9 0.45 0.110347 0.301879 
1.95 0.45 0.158058 0.32351 
2 0.45 0.19994 0.351666 
2.05 0.45 0.23454 0.384989 
2.1 0.45 0.260704 0.422178 
2.15 0.45 0.277586 0.462098 
2.2 0.45 0.284643 0.503781 
2.25 0.45 0.281634 0.546344 
2.3 0.45 0.268613 0.588858 
2.35 0.45 0.24594 0.630191 
2.4 0.45 0.214297 0.668903 
2.45 0.45 0.174699 0.703232 
2.5 0.45 0.128502 0.7312 
2.55 0.45 0.077373 0.750875 
2.6 0.45 0.0232412 0.760709 
2.65 0.45 -0.0317981 0.759867 
2.7 0.45 -0.0855962 0.748422 
2.75 0.45 -0.136076 0.727337 
2.8 0.45 -0.181346 0.698244 
2.85 0.45 -0.219782 0.663104 
2.9 0.45 -0.250083 0.623874 
2.95 0.45 -0.271285 0.58227 
3 0.45 -0.282758 0.53968 
3.05 0.45 -0.28419 0.497195 
3.1 0.45 -0.275573 0.455728 
3.15 0.45 -0.257196 0.416167 
3.2 0.45 -0.229648 0.379501 
3.25 0.45 -0.193824 0.346897 
3.3 0.45 -0.150927 0.319672 
3.35 0.45 -0.102452 0.29918 
3.4 0.45 -0.050151 0.286612 
3.45 0.45 0.00403527 0.282778 
3.5 0.45 0.0580697 0.287937 
3.55 0.45 0.109923 0.301742 
3.6 0.45 0.157677 0.323314 
3.65 0.45 0.199615 0.351422 
3.7 0.45 0.234283 0.384708 
3.75 0.45 0.260522 0.421872 
3.8 0.45 0.277485 0.461774 
3.85 0.45 0.284627 0.503447 
3.9 0.45 0.281703 0.546009 
3.95 0.45 0.268766 0.588529 
4 0.45 0.246174 0.629879 
4.05 0.45 0.214606 0.668624 
4.1 0.45 0.175074 0.703003 
4.15 0.45 0.128933 0.731041 
4.2 0.45 0.0778475 0.750804 
4.25 0.45 0.0237459 0.760739 
4.3 0.45 -0.031276 0.760005 
4.35 0.45 -0.0850679 0.748666 
4.4 0.45 -0.13555 0.727674 
4.45 0.45 -0.180824 0.698656 
4.5 0.45 -0.219262 0.663567 
4.55 0.45 -0.249554 0.62436 
4.6 0.45 -0.270731 0.582755 
4.65 0.45 -0.282154 0.540138 
4.7 0.45 -0.283507 0.497606 
4.75 0.45 -0.274774 0.45608 
4.8 0.45 -0.256242 0.416455 
4.85 0.45 -0.228498 0.379735 
4.9 0.45 -0.192441 0.347101 
4.95 0.45 -0.149287 0.31989 
5 0.45 -0.100565 0.299474 
0 0.5 -0.152267 0.299877 
0.05 0.5 -0.102785 0.277591 
0.1 0.5 -0.0493849 0.263883 
0.15 0.5 0.00595136 0.259775 
0.2 0.5 0.0611158 0.265588 
0.25 0.5 0.113999 0.280871 
0.3 0.5 0.16261 0.304504 
0.35 0.5 0.205176 0.334938 
0.4 0.5 0.240211 0.370484 
0.45 0.5 0.266547 0.409558 
0.5 0.5 0.283349 0.45081 
0.55 0.5 0.290101 0.493143 
0.6 0.5 0.286598 0.535627 
0.65 0.5 0.272942 0.577356 
0.7 0.5 0.249539 0.617298 
0.75 0.5 0.217116 0.654189 
0.8 0.5 0.176728 0.686507 
0.85 0.5 0.129755 0.712571 
0.9 0.5 0.0778816 0.730753 
0.95 0.5 0.0230359 0.73976 
1 0.5 -0.0326946 0.738901 
1.05 0.5 -0.0871734 0.728243 
1.1 0.5 -0.138333 0.708595 
1.15 0.5 -0.18428 0.681329 
1.2 0.5 -0.22338 0.648101 
1.25 0.5 -0.254305 0.610575 
1.3 0.5 -0.276056 0.570229 
1.35 0.5 -0.287961 0.528285 
1.4 0.5 -0.289661 0.48574 
1.45 0.5 -0.281108 0.443494 
1.5 0.5 -0.262556 0.402496 
1.55 0.5 -0.23457 0.363884 
1.6 0.5 -0.198042 0.329054 
1.65 0.5 -0.15419 0.299624 
1.7 0.5 -0.104553 0.277281 
1.75 0.5 -0.0509443 0.263522 
1.8 0.5 0.00461447 0.259371 
1.85 0.5 0.0599966 0.265152 
1.9 0.5 0.113085 0.280414 
1.95 0.5 0.161887 0.304039 
2 0.5 0.204629 0.334478 
2.05 0.5 0.239824 0.37004 
2.1 0.5 0.266307 0.409134 
2.15 0.5 0.283242 0.45041 
2.2 0.5 0.290114 0.492768 
2.25 0.5 0.28672 0.535277 
2.3 0.5 0.273159 0.577032 
2.35 0.5 0.249839 0.617006 
2.4 0.5 0.217487 0.653935 
2.45 0.5 0.177155 0.686302 
2.5 0.5 0.130224 0.712427 
2.55 0.5 0.0783753 0.730682 
2.6 0.5 0.023537 0.739769 
2.65 0.5 -0.0322037 0.738991 
2.7 0.5 -0.0867099 0.72841 
2.75 0.5 -0.137912 0.708831 
2.8 0.5 -0.183917 0.68162 
2.85 0.5 -0.223086 0.648432 
2.9 0.5 -0.254088 0.610933 
2.95 0.5 -0.275923 0.570605 
3 0.5 -0.287915 0.528668 
3.05 0.5 -0.289704 0.486123 
3.1 0.5 -0.281237 0.443869 
3.15 0.5 -0.262767 0.402855 
3.2 0.5 -0.234857 0.364216 
3.25 0.5 -0.198395 0.329346 
3.3 0.5 -0.154598 0.299861 
3.35 0.5 -0.105 0.27745 
3.4 0.5 -0.0514153 0.263613 
3.45 0.5 0.00413774 0.259378 
3.5 0.5 0.0595322 0.265076 
3.55 0.5 0.11265 0.280263 
3.6 0.5 0.161497 0.303825 
3.65 0.5 0.204298 0.334216 
3.7 0.5 0.239563 0.369743 
3.75 0.5 0.266123 0.408816 
3.8 0.5 0.283141 0.45008 
3.85 0.5 0.290099 0.492435 
3.9 0.5 0.28679 0.534948 
3.95 0.5 0.273313 0.576716 
4 0.5 0.250073 0.616712 
4.05 0.5 0.217794 0.653676 
4.1 0.5 0.177527 0.686092 
4.15 0.5 0.13065 0.712282 
4.2 0.5 0.0788427 0.730615 
4.25 0.5 0.0240334 0.73979 
4.3 0.5 -0.0316899 0.739105 
4.35 0.5 -0.0861881 0.72861 
4.4 0.5 -0.137388 0.709104 
4.45 0.5 -0.183389 0.681946 
4.5 0.5 -0.222546 0.648787 
4.55 0.5 -0.253521 0.611289 
4.6 0.5 -0.275304 0.570934 
4.65 0.5 -0.287211 0.528946 
4.7 0.5 -0.288874 0.486331 
4.75 0.5 -0.280235 0.443996 
4.8 0.5 -0.261543 0.402902 
4.85 0.5 -0.233365 0.364203 
4.9 0.5 -0.196601 0.329315 
4.95 0.5 -0.152494 0.299877 
5 0.5 -0.102631 0.277591 
0 0.55 -0.149871 0.28177 
0.05 0.55 -0.101105 0.257867 
0.1 0.55 -0.0484363 0.243114 
0.15 0.55 0.00616142 0.23872 
0.2 0.55 0.0605785 0.245062 
0.25 0.55 0.112702 0.261595 
0.3 0.55 0.160541 0.286979 
0.35 0.55 0.202335 0.319374 
0.4 0.55 0.236618 0.356791 
0.45 0.55 0.262258 0.397382 
0.5 0.55 0.278461 0.439598 
0.55 0.55 0.284758 0.482218 
0.6 0.55 0.28099 0.52426 
0.65 0.55 0.267298 0.564843 
0.7 0.55 0.24412 0.603038 
0.75 0.55 0.212199 0.637767 
0.8 0.55 0.172584 0.667779 
0.85 0.55 0.126631 0.691714 
0.9 0.55 0.0759723 0.708274 
0.95 0.55 0.0224641 0.716437 
1 0.55 -0.0318913 0.715658 
1.05 0.55 -0.0850477 0.705992 
1.1 0.55 -0.135021 0.688073 
1.15 0.55 -0.179987 0.662989 
1.2 0.55 -0.218357 0.632061 
1.25 0.55 -0.248826 0.596637 
1.3 0.55 -0.270395 0.557942 
1.35 0.55 -0.28237 0.517022 
1.4 0.55 -0.284362 0.474786 
1.45 0.55 -0.276278 0.432122 
1.5 0.55 -0.258325 0.390047 
1.55 0.55 -0.231023 0.349835 
1.6 0.55 -0.19522 0.313098 
1.65 0.55 -0.152105 0.281728 
1.7 0.55 -0.103195 0.257719 
1.75 0.55 -0.0502991 0.242855 
1.8 0.55 0.00455707 0.238359 
1.85 0.55 0.0592357 0.244619 
1.9 0.55 0.111609 0.261097 
1.95 0.55 0.159681 0.286455 
2 0.55 0.201687 0.31885 
2.05 0.55 0.236161 0.356286 
2.1 0.55 0.261972 0.396907 
2.15 0.55 0.278325 0.43916 
2.2 0.55 0.284754 0.481818 
2.25 0.55 0.281101 0.523898 
2.3 0.55 0.267509 0.564518 
2.35 0.55 0.244416 0.602753 
2.4 0.55 0.212565 0.637528 
2.45 0.55 0.173006 0.667591 
2.5 0.55 0.127093 0.691586 
2.55 0.55 0.0764577 0.708215 
2.6 0.55 0.0229561 0.716451 
2.65 0.55 -0.0314098 0.715747 
2.7 0.55 -0.0845933 0.706152 
2.75 0.55 -0.134609 0.688296 
2.8 0.55 -0.179631 0.663265 
2.85 0.55 -0.218068 0.632378 
2.9 0.55 -0.248612 0.596985 
2.95 0.55 -0.270262 0.55831 
3 0.55 -0.282323 0.517403 
3.05 0.55 -0.284402 0.475173 
3.1 0.55 -0.276403 0.432508 
3.15 0.55 -0.258532 0.39042 
3.2 0.55 -0.231304 0.350185 
3.25 0.55 -0.195568 0.313408 
3.3 0.55 -0.152507 0.281982 
3.35 0.55 -0.103637 0.257901 
3.4 0.55 -0.0507645 0.242952 
3.45 0.55 0.00408606 0.238365 
3.5 0.55 0.0587771 0.244536 
3.55 0.55 0.11118 0.260933 
3.6 0.55 0.159298 0.286225 
3.65 0.55 0.201362 0.318571 
3.7 0.55 0.235905 0.355975 
3.75 0.55 0.261792 0.39658 
3.8 0.55 0.278227 0.438827 
3.85 0.55 0.284739 0.481488 
3.9 0.55 0.281169 0.523579 
3.95 0.55 0.267657 0.564217 
4 0.55 0.244641 0.602478 
4.05 0.55 0.212859 0.637289 
4.1 0.55 0.17336 0.6674 
4.15 0.55 0.127497 0.691454 
4.2 0.55 0.0768995 0.70815 
4.25 0.55 0.0234244 0.71646 
4.3 0.55 -0.0309254 0.71583 
4.35 0.55 -0.0840999 0.7063 
4.4 0.55 -0.134109 0.688496 
4.45 0.55 -0.179121 0.663494 
4.5 0.55 -0.217535 0.632612 
4.55 0.55 -0.248037 0.597196 
4.6 0.55 -0.269614 0.558472 
4.65 0.55 -0.281561 0.517488 
4.7 0.55 -0.283479 0.475162 
4.75 0.55 -0.275267 0.432391 
4.8 0.55 -0.257127 0.390206 
4.85 0.55 -0.229583 0.349904 
4.9 0.55 -0.1935 0.313119 
4.95 0.55 -0.150097 0.28177 
5 0.55 -0.100953 0.257867 
0 0.6 -0.141935 0.263261 
0.05 0.6 -0.0957144 0.238278 
0.1 0.6 -0.0457483 0.222823 
0.15 0.6 0.00606807 0.218247 
0.2 0.6 0.0577023 0.224969 
0.25 0.6 0.107118 0.242369 
0.3 0.6 0.152403 0.268938 
0.35 0.6 0.191873 0.302614 
0.4 0.6 0.224143 0.341182 
0.45 0.6 0.248156 0.382593 
0.5 0.6 0.263188 0.42515 
0.55 0.6 0.26883 0.467531 
0.6 0.6 0.264972 0.508712 
0.65 0.6 0.251786 0.547829 
0.7 0.6 0.229719 0.584049 
0.75 0.6 0.199499 0.616467 
0.8 0.6 0.162129 0.644083 
0.85 0.6 0.118887 0.665845 
0.9 0.6 0.0712953 0.680768 
0.95 0.6 0.0210749 0.688083 
1 0.6 -0.0299264 0.687386 
1.05 0.6 -0.0798223 0.678715 
1.1 0.6 -0.12678 0.662547 
1.15 0.6 -0.169109 0.639694 
1.2 0.6 -0.205322 0.611165 
1.25 0.6 -0.234188 0.578007 
1.3 0.6 -0.254746 0.541205 
1.35 0.6 -0.266315 0.501644 
1.4 0.6 -0.268491 0.460155 
1.45 0.6 -0.261146 0.417619 
1.5 0.6 -0.244435 0.375104 
1.55 0.6 -0.218816 0.333997 
1.6 0.6 -0.185067 0.296072 
1.65 0.6 -0.144298 0.263429 
1.7 0.6 -0.0979512 0.238294 
1.75 0.6 -0.0477586 0.22267 
1.8 0.6 0.0043278 0.217935 
1.85 0.6 0.0562426 0.224527 
1.9 0.6 0.105931 0.241839 
1.95 0.6 0.15147 0.268364 
2 0.6 0.191172 0.302034 
2.05 0.6 0.223649 0.340624 
2.1 0.6 0.247844 0.382075 
2.15 0.6 0.263034 0.424681 
2.2 0.6 0.268812 0.467113 
2.25 0.6 0.265071 0.508343 
2.3 0.6 0.251984 0.547508 
2.35 0.6 0.23 0.583776 
2.4 0.6 0.199847 0.616244 
2.45 0.6 0.16253 0.643914 
2.5 0.6 0.119325 0.665735 
2.55 0.6 0.0717543 0.680721 
2.6 0.6 0.0215394 0.688104 
2.65 0.6 -0.0294723 0.687474 
2.7 0.6 -0.0793938 0.678868 
2.75 0.6 -0.126392 0.662757 
2.8 0.6 -0.168772 0.639954 
2.85 0.6 -0.205048 0.611466 
2.9 0.6 -0.233984 0.578341 
2.95 0.6 -0.254619 0.541563 
3 0.6 -0.266269 0.50202 
3.05 0.6 -0.268526 0.460542 
3.1 0.6 -0.261262 0.418008 
3.15 0.6 -0.244629 0.375485 
3.2 0.6 -0.219082 0.334358 
3.25 0.6 -0.185396 0.296394 
3.3 0.6 -0.144679 0.263694 
3.35 0.6 -0.0983707 0.238485 
3.4 0.6 -0.0482006 0.222772 
3.45 0.6 0.00388033 0.21794 
3.5 0.6 0.0558071 0.224438 
3.55 0.6 0.105524 0.241666 
3.6 0.6 0.151107 0.268123 
3.65 0.6 0.190865 0.301745 
3.7 0.6 0.223408 0.340305 
3.75 0.6 0.247675 0.381743 
3.8 0.6 0.262942 0.424348 
3.85 0.6 0.268798 0.466788 
3.9 0.6 0.265135 0.508034 
3.95 0.6 0.252122 0.547222 
4 0.6 0.230207 0.583519 
4.05 0.6 0.200117 0.616024 
4.1 0.6 0.162853 0.643738 
4.15 0.6 0.119692 0.665612 
4.2 0.6 0.0721547 0.680655 
4.25 0.6 0.0219625 0.688096 
4.3 0.6 -0.0290353 0.687521 
4.35 0.6 -0.0789481 0.67896 
4.4 0.6 -0.125938 0.662879 
4.45 0.6 -0.168303 0.640084 
4.5 0.6 -0.20455 0.611579 
4.55 0.6 -0.233433 0.578408 
4.6 0.6 -0.253982 0.541557 
4.65 0.6 -0.265501 0.501914 
4.7 0.6 -0.267578 0.460316 
4.75 0.6 -0.260077 0.417655 
4.8 0.6 -0.243153 0.375019 
4.85 0.6 -0.217267 0.333818 
4.9 0.6 -0.183217 0.295855 
4.95 0.6 -0.14215 0.263261 
5 0.6 -0.0955698 0.238278 
0 0.65 -0.128795 0.242671 
0.05 0.65 -0.0868373 0.21744 
0.1 0.65 -0.0414342 0.201811 
0.15 0.65 0.00566908 0.197209 
0.2 0.65 0.0525967 0.204071 
0.25 0.65 0.09747 0.221737 
0.3 0.65 0.13853 0.248606 
0.35 0.65 0.174238 0.282502 
0.4 0.65 0.203339 0.321096 
0.45 0.65 0.224888 0.362244 
0.5 0.65 0.238255 0.404171 
0.55 0.65 0.2431 0.445506 
0.6 0.65 0.239358 0.485205 
0.65 0.65 0.227215 0.522426 
0.7 0.65 0.207106 0.556415 
0.75 0.65 0.179709 0.586415 
0.8 0.65 0.145941 0.611638 
0.85 0.65 0.106956 0.631291 
0.9 0.65 0.0641154 0.644652 
0.95 0.65 0.0189474 0.651166 
1 0.65 -0.0269114 0.650546 
1.05 0.65 -0.0717923 0.642818 
1.1 0.65 -0.114072 0.628322 
1.15 0.65 -0.152245 0.607645 
1.2 0.65 -0.184983 0.581528 
1.25 0.65 -0.211169 0.550767 
1.3 0.65 -0.229924 0.516143 
1.35 0.65 -0.240608 0.478405 
1.4 0.65 -0.242826 0.438318 
1.45 0.65 -0.236429 0.396747 
1.5 0.65 -0.221523 0.354789 
1.55 0.65 -0.198492 0.313887 
1.6 0.65 -0.168017 0.275894 
1.65 0.65 -0.131096 0.243017 
1.7 0.65 -0.0890353 0.217599 
1.75 0.65 -0.043425 0.201755 
1.8 0.65 0.00393585 0.196947 
1.85 0.65 0.0511379 0.203641 
1.9 0.65 0.0962822 0.22119 
1.95 0.65 0.137598 0.247999 
2 0.65 0.173538 0.281884 
2.05 0.65 0.202846 0.320503 
2.1 0.65 0.224576 0.361698 
2.15 0.65 0.238098 0.403683 
2.2 0.65 0.243075 0.445079 
2.25 0.65 0.239444 0.484836 
2.3 0.65 0.227394 0.522114 
2.35 0.65 0.207362 0.556157 
2.4 0.65 0.180026 0.58621 
2.45 0.65 0.146306 0.611488 
2.5 0.65 0.107354 0.631198 
2.55 0.65 0.0645313 0.644618 
2.6 0.65 0.0193675 0.651194 
2.65 0.65 -0.0265012 0.650634 
2.7 0.65 -0.0714055 0.642963 
2.75 0.65 -0.113721 0.62852 
2.8 0.65 -0.151941 0.607889 
2.85 0.65 -0.184735 0.581813 
2.9 0.65 -0.210984 0.551085 
2.95 0.65 -0.229808 0.516487 
3 0.65 -0.240565 0.478771 
3.05 0.65 -0.242856 0.438697 
3.1 0.65 -0.236532 0.397132 
3.15 0.65 -0.221697 0.355169 
3.2 0.65 -0.198731 0.314248 
3.25 0.65 -0.168315 0.276218 
3.3 0.65 -0.131441 0.243285 
3.35 0.65 -0.0894166 0.217792 
3.4 0.65 -0.0438271 0.201858 
3.45 0.65 0.00352877 0.196952 
3.5 0.65 0.050742 0.20355 
3.55 0.65 0.0959128 0.221014 
3.6 0.65 0.137269 0.247755 
3.65 0.65 0.173261 0.281593 
3.7 0.65 0.202628 0.320185 
3.75 0.65 0.224424 0.361369 
3.8 0.65 0.238015 0.403357 
3.85 0.65 0.243063 0.444765 
3.9 0.65 0.239501 0.484541 
3.95 0.65 0.227517 0.521844 
4 0.65 0.207545 0.555918 
4.05 0.65 0.180263 0.586007 
4.1 0.65 0.146589 0.611326 
4.15 0.65 0.107673 0.631081 
4.2 0.65 0.0648779 0.644547 
4.25 0.65 0.0197322 0.651167 
4.3 0.65 -0.0261255 0.650645 
4.35 0.65 -0.0710224 0.643002 
4.4 0.65 -0.113329 0.628568 
4.45 0.65 -0.151533 0.607927 
4.5 0.65 -0.184295 0.581814 
4.55 0.65 -0.210488 0.551021 
4.6 0.65 -0.229221 0.51633 
4.65 0.65 -0.239843 0.478495 
4.7 0.65 -0.241951 0.438285 
4.75 0.65 -0.235389 0.396578 
4.8 0.65 -0.220264 0.354491 
4.85 0.65 -0.196966 0.313495 
4.9 0.65 -0.166197 0.275476 
4.95 0.65 -0.128988 0.242671 
5 0.65 -0.0867074 0.21744 
0 0.7 -0.111108 0.218851 
0.05 0.7 -0.0749109 0.194448 
0.1 0.7 -0.0357019 0.179324 
0.15 0.7 0.00499045 0.174892 
0.2 0.7 0.0455215 0.181581 
0.25 0.7 0.0842458 0.198731 
0.3 0.7 0.119628 0.224749 
0.35 0.7 0.150332 0.257478 
0.4 0.7 0.175279 0.294613 
0.45 0.7 0.193668 0.334037 
0.5 0.7 0.204977 0.373996 
0.55 0.7 0.208939 0.413135 
0.6 0.7 0.205524 0.450429 
0.65 0.7 0.194919 0.485073 
0.7 0.7 0.177518 0.516383 
0.75 0.7 0.153919 0.543724 
0.8 0.7 0.124918 0.566472 
0.85 0.7 0.0915039 0.584035 
0.9 0.7 0.0548333 0.595888 
0.95 0.7 0.0162005 0.601642 
1 0.7 -0.0230146 0.601094 
1.05 0.7 -0.0614055 0.594264 
1.1 0.7 -0.0976024 0.581388 
1.15 0.7 -0.130331 0.562882 
1.2 0.7 -0.158459 0.539284 
1.25 0.7 -0.181028 0.511194 
1.3 0.7 -0.197274 0.479235 
1.35 0.7 -0.206629 0.444046 
1.4 0.7 -0.208732 0.406327 
1.45 0.7 -0.203427 0.366911 
1.5 0.7 -0.19078 0.326877 
1.55 0.7 -0.171096 0.287654 
1.6 0.7 -0.144942 0.251074 
1.65 0.7 -0.113165 0.219319 
1.7 0.7 -0.0768956 0.19471 
1.75 0.7 -0.0375153 0.179346 
1.8 0.7 0.00340079 0.17468 
1.85 0.7 0.0441776 0.181175 
1.9 0.7 0.0831492 0.19819 
1.95 0.7 0.118767 0.224137 
2 0.7 0.149687 0.256851 
2.05 0.7 0.174825 0.294012 
2.1 0.7 0.193381 0.333487 
2.15 0.7 0.204832 0.373509 
2.2 0.7 0.208913 0.412714 
2.25 0.7 0.205598 0.450071 
2.3 0.7 0.195075 0.484776 
2.35 0.7 0.177741 0.516144 
2.4 0.7 0.154195 0.543539 
2.45 0.7 0.125234 0.566342 
2.5 0.7 0.091847 0.583958 
2.55 0.7 0.0551915 0.595866 
2.6 0.7 0.0165615 0.601674 
2.65 0.7 -0.0226624 0.60118 
2.7 0.7 -0.0610735 0.594401 
2.75 0.7 -0.0973011 0.581572 
2.8 0.7 -0.13007 0.563109 
2.85 0.7 -0.158245 0.539549 
2.9 0.7 -0.180869 0.511492 
2.95 0.7 -0.197173 0.47956 
3 0.7 -0.20659 0.444393 
3.05 0.7 -0.208757 0.406688 
3.1 0.7 -0.203515 0.367279 
3.15 0.7 -0.190929 0.327242 
3.2 0.7 -0.171302 0.288001 
3.25 0.7 -0.145198 0.251387 
3.3 0.7 -0.113464 0.219578 
3.35 0.7 -0.0772249 0.194896 
3.4 0.7 -0.0378628 0.179445 
3.45 0.7 0.00304898 0.174684 
3.5 0.7 0.0438356 0.181086 
3.55 0.7 0.0828305 0.198019 
3.6 0.7 0.118483 0.223901 
3.65 0.7 0.149448 0.25657 
3.7 0.7 0.174638 0.293706 
3.75 0.7 0.193251 0.333172 
3.8 0.7 0.204761 0.373199 
3.85 0.7 0.208903 0.412417 
3.9 0.7 0.205646 0.449795 
3.95 0.7 0.195178 0.484526 
4 0.7 0.177895 0.515924 
4.05 0.7 0.154393 0.543353 
4.1 0.7 0.125469 0.566191 
4.15 0.7 0.0921108 0.583845 
4.2 0.7 0.0554761 0.595789 
4.25 0.7 0.0168594 0.60163 
4.3 0.7 -0.0223569 0.60116 
4.35 0.7 -0.0607628 0.594392 
4.4 0.7 -0.0969832 0.581559 
4.45 0.7 -0.129736 0.563069 
4.5 0.7 -0.157881 0.539459 
4.55 0.7 -0.180451 0.511324 
4.6 0.7 -0.196669 0.479287 
4.65 0.7 -0.205961 0.443992 
4.7 0.7 -0.207956 0.406143 
4.75 0.7 -0.202495 0.366588 
4.8 0.7 -0.189644 0.326427 
4.85 0.7 -0.169716 0.287115 
4.9 0.7 -0.143297 0.250519 
4.95 0.7 -0.111267 0.218851 
5 0.7 -0.0748033 0.194448 
0 0.75 -0.0898995 0.191128 
0.05 0.75 -0.0606192 0.168761 
0.1 0.75 -0.0288711 0.154903 
0.15 0.75 0.00408735 0.150857 
0.2 0.75 0.0369054 0.157019 
0.25 0.75 0.068234 0.172772 
0.3 0.75 0.0968185 0.196639 
0.35 0.75 0.121573 0.226622 
0.4 0.75 0.141629 0.260587 
0.45 0.75 0.156351 0.296569 
0.5 0.75 0.165332 0.332941 
0.55 0.75 0.168378 0.368438 
0.6 0.75 0.165484 0.402103 
0.65 0.75 0.156819 0.433197 
0.7 0.75 0.142715 0.461112 
0.75 0.75 0.123663 0.485312 
0.8 0.75 0.10031 0.505302 
0.85 0.75 0.073447 0.520634 
0.9 0.75 0.044 0.530929 
0.95 0.75 0.0129971 0.53591 
1 0.75 -0.0184673 0.535436 
1.05 0.75 -0.0492785 0.52952 
1.1 0.75 -0.0783498 0.518328 
1.15 0.75 -0.104668 0.502153 
1.2 0.75 -0.127327 0.48139 
1.25 0.75 -0.145557 0.456493 
1.3 0.75 -0.158737 0.427962 
1.35 0.75 -0.166399 0.396342 
1.4 0.75 -0.168235 0.362257 
1.45 0.75 -0.164102 0.326479 
1.5 0.75 -0.154032 0.290017 
1.55 0.75 -0.138252 0.254202 
1.6 0.75 -0.117205 0.220736 
1.65 0.75 -0.0915662 0.191644 
1.7 0.75 -0.0622482 0.169075 
1.75 0.75 -0.0303779 0.154975 
1.8 0.75 0.00275418 0.150692 
1.85 0.75 0.0357718 0.156655 
1.9 0.75 0.0673065 0.172269 
1.95 0.75 0.0960901 0.196061 
2 0.75 0.121028 0.226026 
2.05 0.75 0.141247 0.260014 
2.1 0.75 0.15611 0.296046 
2.15 0.75 0.165211 0.332481 
2.2 0.75 0.168357 0.368043 
2.25 0.75 0.165546 0.401773 
2.3 0.75 0.156948 0.432927 
2.35 0.75 0.142898 0.460898 
2.4 0.75 0.123888 0.485151 
2.45 0.75 0.100566 0.505192 
2.5 0.75 0.0737249 0.520573 
2.55 0.75 0.0442893 0.530917 
2.6 0.75 0.0132882 0.535946 
2.65 0.75 -0.0181838 0.535518 
2.7 0.75 -0.0490114 0.529647 
2.75 0.75 -0.0781075 0.518495 
2.8 0.75 -0.104457 0.502359 
2.85 0.75 -0.127155 0.481629 
2.9 0.75 -0.145428 0.456762 
2.95 0.75 -0.158655 0.428257 
3 0.75 -0.166367 0.396657 
3.05 0.75 -0.168254 0.362586 
3.1 0.75 -0.164172 0.326816 
3.15 0.75 -0.154151 0.290351 
3.2 0.75 -0.138418 0.25452 
3.25 0.75 -0.117412 0.221023 
3.3 0.75 -0.0918074 0.191882 
3.35 0.75 -0.0625148 0.169246 
3.4 0.75 -0.0306594 0.155066 
3.45 0.75 0.00246923 0.150695 
3.5 0.75 0.0354949 0.156573 
3.55 0.75 0.0670488 0.172111 
3.6 0.75 0.0958611 0.195845 
3.65 0.75 0.120836 0.225769 
3.7 0.75 0.141097 0.259734 
3.75 0.75 0.156006 0.295759 
3.8 0.75 0.165155 0.332198 
3.85 0.75 0.168349 0.367775 
3.9 0.75 0.165584 0.401524 
3.95 0.75 0.157029 0.432702 
4 0.75 0.143019 0.460701 
4.05 0.75 0.124043 0.484983 
4.1 0.75 0.100749 0.505054 
4.15 0.75 0.0739291 0.520466 
4.2 0.75 0.0445083 0.530837 
4.25 0.75 0.0135158 0.535888 
4.3 0.75 -0.0179518 0.535474 
4.35 0.75 -0.0487768 0.529604 
4.4 0.75 -0.0778679 0.518437 
4.45 0.75 -0.104205 0.502266 
4.5 0.75 -0.126877 0.481479 
4.55 0.75 -0.145105 0.45653 
4.6 0.75 -0.158258 0.427918 
4.65 0.75 -0.165863 0.396191 
4.7 0.75 -0.167604 0.361981 
4.75 0.75 -0.163337 0.326072 
4.8 0.75 -0.153095 0.289493 
4.85 0.75 -0.137114 0.253601 
4.9 0.75 -0.115853 0.22013 
4.95 0.75 -0.0900138 0.191128 
5 0.75 -0.0605419 0.168761 
0 0.8 -0.0666215 0.159282 
0.05 0.8 -0.0449305 0.140136 
0.1 0.8 -0.0213925 0.128284 
0.15 0.8 0.00304374 0.124835 
0.2 0.8 0.0273653 0.130123 
0.25 0.8 0.0505624 0.143618 
0.3 0.8 0.0716981 0.164056 
0.35 0.8 0.0899663 0.189726 
0.4 0.8 0.104727 0.218797 
0.45 0.8 0.11552 0.249581 
0.5 0.8 0.122057 0.280668 
0.55 0.8 0.124207 0.31096 
0.6 0.8 0.121981 0.339622 
0.65 0.8 0.115514 0.36601 
0.7 0.8 0.10506 0.389609 
0.75 0.8 0.0909875 0.409978 
0.8 0.8 0.0737727 0.426729 
0.85 0.8 0.0539988 0.439525 
0.9 0.8 0.0323418 0.448089 
0.95 0.8 0.00955188 0.452224 
1 0.8 -0.013574 0.451831 
1.05 0.8 -0.0362245 0.446918 
1.1 0.8 -0.0576081 0.437602 
1.15 0.8 -0.0769851 0.424094 
1.2 0.8 -0.0936933 0.40668 
1.25 0.8 -0.107166 0.385706 
1.3 0.8 -0.116942 0.361567 
1.35 0.8 -0.122672 0.334714 
1.4 0.8 -0.124119 0.305679 
1.45 0.8 -0.121164 0.275135 
1.5 0.8 -0.113819 0.243962 
1.55 0.8 -0.102237 0.213317 
1.6 0.8 -0.0867337 0.184672 
1.65 0.8 -0.0678011 0.159768 
1.7 0.8 -0.0461133 0.140449 
1.75 0.8 -0.0225101 0.128381 
1.8 0.8 0.0020411 0.124715 
1.85 0.8 0.0265063 0.129819 
1.9 0.8 0.0498574 0.143184 
1.95 0.8 0.0711446 0.16355 
2 0.8 0.0895534 0.189201 
2.05 0.8 0.104439 0.218292 
2.1 0.8 0.11534 0.24912 
2.15 0.8 0.121968 0.280264 
2.2 0.8 0.124193 0.310616 
2.25 0.8 0.122029 0.339335 
2.3 0.8 0.115612 0.365779 
2.35 0.8 0.105198 0.389428 
2.4 0.8 0.0911558 0.409844 
2.45 0.8 0.0739636 0.42664 
2.5 0.8 0.0542048 0.439479 
2.55 0.8 0.0325557 0.448084 
2.6 0.8 0.00976663 0.452259 
2.65 0.8 -0.0133651 0.451904 
2.7 0.8 -0.0360279 0.447029 
2.75 0.8 -0.0574298 0.437747 
2.8 0.8 -0.0768303 0.42427 
2.85 0.8 -0.0935665 0.406885 
2.9 0.8 -0.107071 0.385937 
2.95 0.8 -0.116882 0.36182 
3 0.8 -0.122648 0.334984 
3.05 0.8 -0.124132 0.305962 
3.1 0.8 -0.121216 0.275424 
3.15 0.8 -0.113907 0.244248 
3.2 0.8 -0.10236 0.21359 
3.25 0.8 -0.0868866 0.184918 
3.3 0.8 -0.0679796 0.159972 
3.35 0.8 -0.0463107 0.140596 
3.4 0.8 -0.0227187 0.128459 
3.45 0.8 0.00182993 0.124718 
3.5 0.8 0.0263012 0.129749 
3.55 0.8 0.0496668 0.143049 
3.6 0.8 0.0709756 0.163365 
3.65 0.8 0.0894117 0.188981 
3.7 0.8 0.104329 0.218053 
3.75 0.8 0.115264 0.248874 
3.8 0.8 0.121927 0.280022 
3.85 0.8 0.124188 0.310386 
3.9 0.8 0.122057 0.339123 
3.95 0.8 0.115671 0.365587 
4 0.8 0.105285 0.38926 
4.05 0.8 0.0912672 0.4097 
4.1 0.8 0.0740943 0.426521 
4.15 0.8 0.0543498 0.439383 
4.2 0.8 0.0327099 0.448008 
4.25 0.8 0.00992566 0.452197 
4.3 0.8 -0.0132045 0.451849 
4.35 0.8 -0.0358668 0.446968 
4.4 0.8 -0.0572663 0.437667 
4.45 0.8 -0.0766585 0.424154 
4.5 0.8 -0.093376 0.406712 
4.55 0.8 -0.106846 0.385687 
4.6 0.8 -0.116601 0.361472 
4.65 0.8 -0.122286 0.334522 
4.7 0.8 -0.123659 0.305376 
4.75 0.8 -0.120602 0.274719 
4.8 0.8 -0.113128 0.243448 
4.85 0.8 -0.101398 0.212744 
4.9 0.8 -0.0857449 0.184102 
4.95 0.8 -0.0666789 0.159282 
5 0.8 -0.0448915 0.140136 
0 0.85 -0.0432081 0.12352 
0.05 0.85 -0.0291377 0.108584 
0.1 0.85 -0.0138702 0.0993512 
0.15 0.85 0.00197017 0.0966719 
0.2 0.85 0.0177245 0.100798 
0.25 0.85 0.0327353 0.11132 
0.3 0.85 0.0463926 0.127262 
0.35 0.85 0.0581741 0.147301 
0.4 0.85 0.0676689 0.170014 
0.45 0.85 0.0745855 0.194081 
0.5 0.85 0.0787463 0.218392 
0.55 0.85 0.0800761 0.242075 
0.6 0.85 0.0785892 0.264463 
0.65 0.85 0.0743796 0.285044 
0.7 0.85 0.067615 0.303411 
0.75 0.85 0.0585338 0.319226 
0.8 0.85 0.0474438 0.3322 
0.85 0.85 0.0347187 0.342087 
0.9 0.85 0.0207909 0.348691 
0.95 0.85 0.00613971 0.351876 
1 0.85 -0.00872602 0.351573 
1.05 0.85 -0.0232883 0.347789 
1.1 0.85 -0.0370418 0.340602 
1.15 0.85 -0.0495137 0.33016 
1.2 0.85 -0.0602802 0.316667 
1.25 0.85 -0.0689777 0.300374 
1.3 0.85 -0.0753089 0.281578 
1.35 0.85 -0.0790458 0.260626 
1.4 0.85 -0.0800314 0.237941 
1.45 0.85 -0.0781828 0.214058 
1.5 0.85 -0.0734983 0.189679 
1.55 0.85 -0.0660683 0.165723 
1.6 0.85 -0.0560884 0.143348 
1.65 0.85 -0.0438716 0.123913 
1.7 0.85 -0.029852 0.10885 
1.75 0.85 -0.0145763 0.0994478 
1.8 0.85 0.00132183 0.0965927 
1.85 0.85 0.0171635 0.100568 
1.9 0.85 0.0322737 0.110982 
1.95 0.85 0.0460309 0.126863 
2 0.85 0.0579056 0.146885 
2.05 0.85 0.0674833 0.169612 
2.1 0.85 0.0744711 0.193714 
2.15 0.85 0.0786916 0.21807 
2.2 0.85 0.0800704 0.241801 
2.25 0.85 0.0786233 0.264236 
2.3 0.85 0.0744456 0.284862 
2.35 0.85 0.067706 0.30327 
2.4 0.85 0.058644 0.319123 
2.45 0.85 0.0475681 0.332133 
2.5 0.85 0.0348522 0.342054 
2.55 0.85 0.0209291 0.348691 
2.6 0.85 0.00627816 0.351907 
2.65 0.85 -0.00859155 0.351633 
2.7 0.85 -0.0231619 0.347877 
2.75 0.85 -0.0369271 0.340717 
2.8 0.85 -0.0494141 0.330299 
2.85 0.85 -0.0601986 0.316828 
2.9 0.85 -0.0689164 0.300555 
2.95 0.85 -0.0752698 0.281777 
3 0.85 -0.0790301 0.260839 
3.05 0.85 -0.0800399 0.238163 
3.1 0.85 -0.0782155 0.214285 
3.15 0.85 -0.0735548 0.189904 
3.2 0.85 -0.066147 0.165937 
3.25 0.85 -0.0561871 0.14354 
3.3 0.85 -0.0439869 0.124072 
3.35 0.85 -0.0299797 0.108965 
3.4 0.85 -0.0147114 0.0995083 
3.45 0.85 0.00118511 0.0965949 
3.5 0.85 0.0170308 0.100513 
3.55 0.85 0.0321505 0.110876 
3.6 0.85 0.0459218 0.126719 
3.65 0.85 0.0578144 0.146712 
3.7 0.85 0.0674126 0.169425 
3.75 0.85 0.0744225 0.193522 
3.8 0.85 0.0786657 0.217881 
3.85 0.85 0.0800669 0.241621 
3.9 0.85 0.0786412 0.26407 
3.95 0.85 0.0744833 0.284712 
4 0.85 0.0677613 0.303138 
4.05 0.85 0.0587142 0.31901 
4.1 0.85 0.04765 0.332038 
4.15 0.85 0.0349424 0.341975 
4.2 0.85 0.0210242 0.348626 
4.25 0.85 0.00637527 0.351851 
4.3 0.85 -0.00849462 0.35158 
4.35 0.85 -0.0230659 0.347816 
4.4 0.85 -0.0368307 0.340637 
4.45 0.85 -0.0493135 0.330187 
4.5 0.85 -0.0600867 0.316668 
4.55 0.85 -0.0687827 0.300331 
4.6 0.85 -0.0751 0.281473 
4.65 0.85 -0.0788071 0.260443 
4.7 0.85 -0.0797441 0.23767 
4.75 0.85 -0.077828 0.213701 
4.8 0.85 -0.0730602 0.18925 
4.85 0.85 -0.0655393 0.165254 
4.9 0.85 -0.055475 0.142887 
4.95 0.85 -0.0431968 0.12352 
5 0.85 -0.0291449 0.108584 
0 0.9 -0.0221423 0.084428 
0.05 0.9 -0.0149039 0.0743379 
0.1 0.9 -0.00708726 0.0681184 
0.15 0.9 0.00100011 0.0663181 
0.2 0.9 0.00903201 0.0690994 
0.25 0.9 0.0166754 0.0761915 
0.3 0.9 0.0236188 0.0869499 
0.35 0.9 0.0295962 0.100495 
0.4 0.9 0.0344004 0.115876 
0.45 0.9 0.0378869 0.132199 
0.5 0.9 0.0399704 0.148707 
0.55 0.9 0.0406176 0.1648 
0.6 0.9 0.0398397 0.180014 
0.65 0.9 0.037687 0.193993 
0.7 0.9 0.034246 0.206458 
0.75 0.9 0.0296375 0.217178 
0.8 0.9 0.0240171 0.22596 
0.85 0.9 0.0175727 0.232645 
0.9 0.9 0.0105222 0.237105 
0.95 0.9 0.00310709 0.239255 
1 0.9 -0.00441622 0.23905 
1.05 0.9 -0.0117866 0.236495 
1.1 0.9 -0.0187494 0.231641 
1.15 0.9 -0.0250664 0.224579 
1.2 0.9 -0.0305242 0.215443 
1.25 0.9 -0.0349396 0.204397 
1.3 0.9 -0.0381625 0.191638 
1.35 0.9 -0.0400769 0.177405 
1.4 0.9 -0.0406017 0.161988 
1.45 0.9 -0.0396917 0.14576 
1.5 0.9 -0.0373419 0.129208 
1.55 0.9 -0.0335931 0.112965 
1.6 0.9 -0.02854 0.0978195 
1.65 0.9 -0.0223383 0.0846885 
1.7 0.9 -0.0152076 0.074529 
1.75 0.9 -0.00742809 0.0681953 
1.8 0.9 0.00067366 0.0662734 
1.85 0.9 0.00874613 0.0689495 
1.9 0.9 0.0164401 0.0759656 
1.95 0.9 0.0234354 0.0866807 
2 0.9 0.0294611 0.100212 
2.05 0.9 0.0343082 0.115601 
2.1 0.9 0.0378313 0.131947 
2.15 0.9 0.0399452 0.148486 
2.2 0.9 0.0406171 0.164612 
2.25 0.9 0.039859 0.179858 
2.3 0.9 0.0377222 0.193869 
2.35 0.9 0.0342934 0.206362 
2.4 0.9 0.0296944 0.217109 
2.45 0.9 0.0240807 0.225915 
2.5 0.9 0.0176407 0.232623 
2.55 0.9 0.0105924 0.237106 
2.6 0.9 0.00317729 0.239276 
2.65 0.9 -0.00434815 0.239092 
2.7 0.9 -0.0117227 0.236556 
2.75 0.9 -0.0186914 0.23172 
2.8 0.9 -0.025016 0.224675 
2.85 0.9 -0.0304829 0.215554 
2.9 0.9 -0.0349086 0.204521 
2.95 0.9 -0.0381426 0.191774 
3 0.9 -0.0400689 0.17755 
3.05 0.9 -0.0406058 0.162139 
3.1 0.9 -0.0397082 0.145915 
3.15 0.9 -0.0373704 0.129361 
3.2 0.9 -0.033633 0.11311 
3.25 0.9 -0.0285901 0.0979499 
3.3 0.9 -0.0223969 0.0847961 
3.35 0.9 -0.0152727 0.0746062 
3.4 0.9 -0.00749689 0.0682362 
3.45 0.9 0.000604004 0.066275 
3.5 0.9 0.00867859 0.0689128 
3.55 0.9 0.0163775 0.0758949 
3.6 0.9 0.02338 0.0865829 
3.65 0.9 0.029415 0.100096 
3.7 0.9 0.0342725 0.115474 
3.75 0.9 0.0378069 0.131816 
3.8 0.9 0.0399323 0.148358 
3.85 0.9 0.0406155 0.164489 
3.9 0.9 0.0398682 0.179745 
3.95 0.9 0.0377412 0.193767 
4 0.9 0.0343211 0.206272 
4.05 0.9 0.0297293 0.217031 
4.1 0.9 0.0241212 0.22585 
4.15 0.9 0.0176851 0.232568 
4.2 0.9 0.0106388 0.237059 
4.25 0.9 0.00322401 0.239235 
4.3 0.9 -0.00430221 0.239051 
4.35 0.9 -0.011678 0.236509 
4.4 0.9 -0.0186473 0.231658 
4.45 0.9 -0.0249706 0.224589 
4.5 0.9 -0.0304326 0.215434 
4.55 0.9 -0.0348478 0.204356 
4.6 0.9 -0.038064 0.191554 
4.65 0.9 -0.0399633 0.177267 
4.7 0.9 -0.0404631 0.161791 
4.75 0.9 -0.0395184 0.145506 
4.8 0.9 -0.0371265 0.12891 
4.85 0.9 -0.0333349 0.112645 
4.9 0.9 -0.0282512 0.0975116 
4.95 0.9 -0.022051 0.084428 
5 0.9 -0.0149654 0.0743379 
0 0.95 -0.00654154 0.0428863 
0.05 0.95 -0.00432133 0.0378713 
0.1 0.95 -0.00204148 0.0347958 
0.15 0.95 0.000285948 0.0339078 
0.2 0.95 0.00258971 0.035284 
0.25 0.95 0.00477857 0.0387945 
0.3 0.95 0.00676325 0.0441286 
0.35 0.95 0.00846741 0.0508597 
0.4 0.95 0.00983255 0.0585212 
0.45 0.95 0.0108189 0.0666709 
0.5 0.95 0.0114039 0.0749291 
0.55 0.95 0.0115799 0.0829905 
0.6 0.95 0.0113512 0.0906183 
0.65 0.95 0.010733 0.0976297 
0.7 0.95 0.00974994 0.103881 
0.75 0.95 0.00843627 0.109255 
0.8 0.95 0.00683568 0.113656 
0.85 0.95 0.00500127 0.117004 
0.9 0.95 0.00299463 0.119238 
0.95 0.95 0.000884281 0.120313 
1 0.95 -0.00125686 0.120211 
1.05 0.95 -0.00335451 0.118932 
1.1 0.95 -0.00533628 0.116502 
1.15 0.95 -0.00713461 0.112964 
1.2 0.95 -0.00868917 0.108385 
1.25 0.95 -0.00994831 0.102847 
1.3 0.95 -0.0108697 0.0964478 
1.35 0.95 -0.0114207 0.0893092 
1.4 0.95 -0.0115777 0.0815804 
1.45 0.95 -0.0113272 0.0734531 
1.5 0.95 -0.0106663 0.0651761 
1.55 0.95 -0.00960474 0.0570697 
1.6 0.95 -0.00816779 0.0495289 
1.65 0.95 -0.00639842 0.0430073 
1.7 0.95 -0.00435894 0.0379727 
1.75 0.95 -0.00213002 0.0348392 
1.8 0.95 0.00019319 0.0338893 
1.85 0.95 0.00250782 0.0352122 
1.9 0.95 0.00471174 0.038684 
1.95 0.95 0.00671177 0.0439957 
2 0.95 0.00843009 0.0507189 
2.05 0.95 0.00980759 0.0583839 
2.1 0.95 0.0108044 0.0665445 
2.15 0.95 0.0113979 0.0748177 
2.2 0.95 0.0115807 0.0828956 
2.25 0.95 0.0113575 0.0905398 
2.3 0.95 0.0107436 0.0975669 
2.35 0.95 0.00976392 0.103833 
2.4 0.95 0.00845276 0.109221 
2.45 0.95 0.006854 0.113634 
2.5 0.95 0.00502075 0.116994 
2.55 0.95 0.00301466 0.119238 
2.6 0.95 0.000904263 0.120325 
2.65 0.95 -0.00123751 0.120232 
2.7 0.95 -0.00333636 0.118963 
2.75 0.95 -0.00531983 0.116541 
2.8 0.95 -0.00712033 0.113012 
2.85 0.95 -0.00867747 0.108441 
2.9 0.95 -0.00993951 0.102909 
2.95 0.95 -0.0108641 0.096516 
3 0.95 -0.0114184 0.0893821 
3.05 0.95 -0.0115789 0.0816566 
3.1 0.95 -0.0113318 0.0735306 
3.15 0.95 -0.0106743 0.0652526 
3.2 0.95 -0.00961607 0.0571422 
3.25 0.95 -0.00818207 0.0495939 
3.3 0.95 -0.00641519 0.0430608 
3.35 0.95 -0.00437756 0.038011 
3.4 0.95 -0.00214974 0.0348596 
3.45 0.95 0.000173226 0.0338902 
3.5 0.95 0.00248848 0.0351941 
3.55 0.95 0.00469384 0.0386491 
3.6 0.95 0.006696 0.0439473 
3.65 0.95 0.00841699 0.0506611 
3.7 0.95 0.00979753 0.0583206 
3.75 0.95 0.0107975 0.0664793 
3.8 0.95 0.0113944 0.0747533 
3.85 0.95 0.0115804 0.0828342 
3.9 0.95 0.0113602 0.0904829 
3.95 0.95 0.0107491 0.0975154 
4 0.95 0.00977178 0.103787 
4.05 0.95 0.00846262 0.109181 
4.1 0.95 0.00686535 0.1136 
4.15 0.95 0.00503307 0.116965 
4.2 0.95 0.0030274 0.119214 
4.25 0.95 0.00091693 0.120302 
4.3 0.95 -0.0012253 0.12021 
4.35 0.95 -0.00332477 0.118937 
4.4 0.95 -0.00530874 0.116508 
4.45 0.95 -0.00710922 0.112967 
4.5 0.95 -0.00866532 0.108378 
4.55 0.95 -0.00992473 0.102823 
4.6 0.95 -0.0108445 0.0964025 
4.65 0.95 -0.0113913 0.0892373 
4.7 0.95 -0.0115411 0.0814795 
4.75 0.95 -0.0112805 0.0733246 
4.8 0.95 -0.0106072 0.0650268 
4.85 0.95 -0.00953426 0.0569125 
4.9 0.95 -0.00809552 0.0493817 
4.95 0.95 -0.00635837 0.0428863 
5 0.95 -0.00444537 0.0378713 
0 1 0 0 
0.05 1 0 0 
0.1 1 0 0 
0.15 1 0 0 
0.2 1 0 0 
0.25 1 0 0 
0.3 1 0 0 
0.35 1 0 0 
0.4 1 0 0 
0.45 1 0 0 
0.5 1 0 0 
0.55 1 0 0 
0.6 1 0 0 
0.65 1 0 0 
0.7 1 0 0 
0.75 1 0 0 
0.8 1 0 0 
0.85 1 0 0 
0.9 1 0 0 
0.95 1 0 0 
1 1 0 0 
1.05 1 0 0 
1.1 1 0 0 
1.15 1 0 0 
1.2 1 0 0 
1.25 1 0 0 
1.3 1 0 0 
1.35 1 0 0 
1.4 1 0 0 
1.45 1 0 0 
1.5 1 0 0 
1.55 1 0 0 
1.6 1 0 0 
1.65 1 0 0 
1.7 1 0 0 
1.75 1 0 0 
1.8 1 0 0 
1.85 1 0 0 
1.9 1 0 0 
1.95 1 0 0 
2 1 0 0 
2.05 1 0 0 
2.1 1 0 0 
2.15 1 0 0 
2.2 1 0 0 
2.25 1 0 0 
2.3 1 0 0 
2.35 1 0 0 
2.4 1 0 0 
2.45 1 0 0 
2.5 1 0 0 
2.55 1 0 0 
2.6 1 0 0 
2.65 1 0 0 
2.7 1 0 0 
2.75 1 0 0 
2.8 1 0 0 
2.85 1 0 0 
2.9 1 0 0 
2.95 1 0 0 
3 1 0 0 
3.05 1 0 0 
3.1 1 0 0 
3.15 1 0 0 
3.2 1 0 0 
3.25 1 0 0 
3.3 1 0 0 
3.35 1 0 0 
3.4 1 0 0 
3.45 1 0 0 
3.5 1 0 0 
3.55 1 0 0 
3.6 1 0 0 
3.65 1 0 0 
3.7 1 0 0 
3.75 1 0 0 
3.8 1 0 0 
3.85 1 0 0 
3.9 1 0 0 
3.95 1 0 0 
4 1 0 0 
4.05 1 0 0 
4.1 1 0 0 
4.15 1 0 0 
4.2 1 0 0 
4.25 1 0 0 
4.3 1 0 0 
4.35 1 0 0 
4.4 1 0 0 
4.45 1 0 0 
4.5 1 0 0 
4.55 1 0 0 
4.6 1 0 0 
4.65 1 0 0 
4.7 1 0 0 
4.75 1 0 0 
4.8 1 0 0 
4.85 1 0 0 
4.9 1 0 0 
4.95 1 0 0 
5 1 0 0 
