x, y, ksi, T
#iter= 1610000
0 0 0 1 
0.05 0 0 1 
0.1 0 0 1 
0.15 0 0 1 
0.2 0 0 1 
0.25 0 0 1 
0.3 0 0 1 
0.35 0 0 1 
0.4 0 0 1 
0.45 0 0 1 
0.5 0 0 1 
0.55 0 0 1 
0.6 0 0 1 
0.65 0 0 1 
0.7 0 0 1 
0.75 0 0 1 
0.8 0 0 1 
0.85 0 0 1 
0.9 0 0 1 
0.95 0 0 1 
1 0 0 1 
1.05 0 0 1 
1.1 0 0 1 
1.15 0 0 1 
1.2 0 0 1 
1.25 0 0 1 
1.3 0 0 1 
1.35 0 0 1 
1.4 0 0 1 
1.45 0 0 1 
1.5 0 0 1 
1.55 0 0 1 
1.6 0 0 1 
1.65 0 0 1 
1.7 0 0 1 
1.75 0 0 1 
1.8 0 0 1 
1.85 0 0 1 
1.9 0 0 1 
1.95 0 0 1 
2 0 0 1 
2.05 0 0 1 
2.1 0 0 1 
2.15 0 0 1 
2.2 0 0 1 
2.25 0 0 1 
2.3 0 0 1 
2.35 0 0 1 
2.4 0 0 1 
2.45 0 0 1 
2.5 0 0 1 
2.55 0 0 1 
2.6 0 0 1 
2.65 0 0 1 
2.7 0 0 1 
2.75 0 0 1 
2.8 0 0 1 
2.85 0 0 1 
2.9 0 0 1 
2.95 0 0 1 
3 0 0 1 
3.05 0 0 1 
3.1 0 0 1 
3.15 0 0 1 
3.2 0 0 1 
3.25 0 0 1 
3.3 0 0 1 
3.35 0 0 1 
3.4 0 0 1 
3.45 0 0 1 
3.5 0 0 1 
3.55 0 0 1 
3.6 0 0 1 
3.65 0 0 1 
3.7 0 0 1 
3.75 0 0 1 
3.8 0 0 1 
3.85 0 0 1 
3.9 0 0 1 
3.95 0 0 1 
4 0 0 1 
4.05 0 0 1 
4.1 0 0 1 
4.15 0 0 1 
4.2 0 0 1 
4.25 0 0 1 
4.3 0 0 1 
4.35 0 0 1 
4.4 0 0 1 
4.45 0 0 1 
4.5 0 0 1 
4.55 0 0 1 
4.6 0 0 1 
4.65 0 0 1 
4.7 0 0 1 
4.75 0 0 1 
4.8 0 0 1 
4.85 0 0 1 
4.9 0 0 1 
4.95 0 0 1 
5 0 0 1 
0 0.05 -0.00644058 0.88466 
0.05 0.05 -0.00434473 0.881666 
0.1 0.05 -0.00215839 0.879923 
0.15 0.05 5.26962e-05 0.879408 
0.2 0.05 0.00223059 0.880103 
0.25 0.05 0.00431146 0.88198 
0.3 0.05 0.00623067 0.884995 
0.35 0.05 0.00792761 0.889089 
0.4 0.05 0.00934855 0.894184 
0.45 0.05 0.0104481 0.900189 
0.5 0.05 0.0111901 0.906995 
0.55 0.05 0.011547 0.914466 
0.6 0.05 0.0115009 0.922435 
0.65 0.05 0.0110439 0.930683 
0.7 0.05 0.0101792 0.938927 
0.75 0.05 0.00892437 0.946808 
0.8 0.05 0.00731331 0.953899 
0.85 0.05 0.00539877 0.959732 
0.9 0.05 0.00325266 0.963856 
0.95 0.05 0.000963639 0.965915 
1 0.05 -0.00136823 0.965718 
1.05 0.05 -0.00363936 0.963284 
1.1 0.05 -0.00575117 0.958837 
1.15 0.05 -0.00761762 0.952756 
1.2 0.05 -0.00917009 0.945499 
1.25 0.05 -0.0103593 0.937532 
1.3 0.05 -0.0111543 0.929272 
1.35 0.05 -0.0115407 0.921063 
1.4 0.05 -0.0115172 0.913178 
1.45 0.05 -0.0110942 0.905825 
1.5 0.05 -0.0102919 0.899167 
1.55 0.05 -0.00913998 0.893331 
1.6 0.05 -0.00767753 0.888424 
1.65 0.05 -0.00595316 0.884534 
1.7 0.05 -0.00402447 0.881731 
1.75 0.05 -0.00195683 0.880067 
1.8 0.05 0.000178653 0.879575 
1.85 0.05 0.00230795 0.880263 
1.9 0.05 0.00435729 0.882118 
1.95 0.05 0.00625635 0.885106 
2 0.05 0.00794093 0.889171 
2.05 0.05 0.00935488 0.894238 
2.1 0.05 0.0104512 0.900219 
2.15 0.05 0.0111923 0.907002 
2.2 0.05 0.01155 0.914456 
2.25 0.05 0.0115058 0.92241 
2.3 0.05 0.0110512 0.930648 
2.35 0.05 0.0101893 0.938886 
2.4 0.05 0.00893714 0.946766 
2.45 0.05 0.00732857 0.953861 
2.5 0.05 0.00541609 0.959702 
2.55 0.05 0.0032714 0.96384 
2.6 0.05 0.000983037 0.965914 
2.65 0.05 -0.00134902 0.965735 
2.7 0.05 -0.00362117 0.963317 
2.75 0.05 -0.00573477 0.958885 
2.8 0.05 -0.00760364 0.952815 
2.85 0.05 -0.00915902 0.945566 
2.9 0.05 -0.0103514 0.937602 
2.95 0.05 -0.0111499 0.929342 
3 0.05 -0.0115397 0.921132 
3.05 0.05 -0.0115196 0.913243 
3.1 0.05 -0.0110999 0.905885 
3.15 0.05 -0.0103007 0.89922 
3.2 0.05 -0.00915146 0.893377 
3.25 0.05 -0.00769139 0.888462 
3.3 0.05 -0.00596895 0.884563 
3.35 0.05 -0.00404166 0.88175 
3.4 0.05 -0.00197484 0.880077 
3.45 0.05 0.000160438 0.879575 
3.5 0.05 0.00229015 0.880253 
3.55 0.05 0.00434052 0.882099 
3.6 0.05 0.00624117 0.885077 
3.65 0.05 0.00792785 0.889133 
3.7 0.05 0.00934433 0.894192 
3.75 0.05 0.0104435 0.900165 
3.8 0.05 0.0111878 0.906942 
3.85 0.05 0.011549 0.914391 
3.9 0.05 0.0115084 0.922342 
3.95 0.05 0.0110575 0.930578 
4 0.05 0.0101993 0.938817 
4.05 0.05 0.00895087 0.946703 
4.1 0.05 0.0073457 0.953808 
4.15 0.05 0.0054362 0.959665 
4.2 0.05 0.00329389 0.963824 
4.25 0.05 0.00100716 0.965924 
4.3 0.05 -0.00132416 0.965774 
4.35 0.05 -0.00359655 0.963387 
4.4 0.05 -0.0057114 0.958985 
4.45 0.05 -0.0075826 0.952944 
4.5 0.05 -0.00914147 0.945722 
4.55 0.05 -0.0103388 0.937783 
4.6 0.05 -0.0111442 0.929545 
4.65 0.05 -0.0115438 0.921354 
4.7 0.05 -0.0115379 0.913482 
4.75 0.05 -0.0111389 0.906134 
4.8 0.05 -0.0103705 0.899471 
4.85 0.05 -0.00926765 0.893612 
4.9 0.05 -0.00787816 0.888653 
4.95 0.05 -0.00626183 0.88466 
5 0.05 -0.00446659 0.881666 
0 0.1 -0.0217295 0.770655 
0.05 0.1 -0.0148727 0.764777 
0.1 0.1 -0.00742254 0.761284 
0.15 0.1 0.000251485 0.760236 
0.2 0.1 0.00786439 0.761612 
0.25 0.1 0.0151584 0.765353 
0.3 0.1 0.0218932 0.771368 
0.35 0.1 0.0278494 0.779534 
0.4 0.1 0.0328344 0.789694 
0.45 0.1 0.0366862 0.801667 
0.5 0.1 0.0392752 0.815233 
0.55 0.1 0.0405053 0.83013 
0.6 0.1 0.040315 0.846032 
0.65 0.1 0.0386799 0.862511 
0.7 0.1 0.0356182 0.879011 
0.75 0.1 0.0311972 0.894821 
0.8 0.1 0.0255419 0.909081 
0.85 0.1 0.0188406 0.920838 
0.9 0.1 0.0113446 0.929168 
0.95 0.1 0.00335975 0.933331 
1 0.1 -0.00477145 0.932932 
1.05 0.1 -0.0126952 0.92801 
1.1 0.1 -0.0200738 0.919031 
1.15 0.1 -0.0266098 0.906777 
1.2 0.1 -0.0320627 0.892191 
1.25 0.1 -0.0362557 0.876214 
1.3 0.1 -0.0390746 0.859685 
1.35 0.1 -0.0404617 0.843289 
1.4 0.1 -0.0404076 0.827556 
1.45 0.1 -0.0389448 0.812894 
1.5 0.1 -0.0361426 0.799618 
1.55 0.1 -0.0321056 0.787981 
1.6 0.1 -0.0269727 0.778192 
1.65 0.1 -0.0209163 0.770427 
1.7 0.1 -0.0141403 0.764829 
1.75 0.1 -0.00687552 0.761506 
1.8 0.1 0.000627801 0.760522 
1.85 0.1 0.00810936 0.761897 
1.9 0.1 0.0153098 0.765604 
1.95 0.1 0.0219815 0.77157 
2 0.1 0.0278977 0.779682 
2.05 0.1 0.0328595 0.789791 
2.1 0.1 0.0366999 0.801716 
2.15 0.1 0.0392859 0.815241 
2.2 0.1 0.0405185 0.830104 
2.25 0.1 0.0403343 0.845978 
2.3 0.1 0.0387076 0.862438 
2.35 0.1 0.035655 0.878927 
2.4 0.1 0.0312432 0.894735 
2.45 0.1 0.0255963 0.909002 
2.5 0.1 0.0189019 0.920777 
2.55 0.1 0.0114106 0.929133 
2.6 0.1 0.00342785 0.933329 
2.65 0.1 -0.0047041 0.932966 
2.7 0.1 -0.0126314 0.928078 
2.75 0.1 -0.0200162 0.919127 
2.8 0.1 -0.0265606 0.906896 
2.85 0.1 -0.0320236 0.892324 
2.9 0.1 -0.0362279 0.876355 
2.95 0.1 -0.0390587 0.859827 
3 0.1 -0.0404579 0.843426 
3.05 0.1 -0.0404159 0.827686 
3.1 0.1 -0.0389646 0.813014 
3.15 0.1 -0.0361732 0.799725 
3.2 0.1 -0.0321459 0.788073 
3.25 0.1 -0.0270214 0.778267 
3.3 0.1 -0.0209718 0.770485 
3.35 0.1 -0.0142008 0.764869 
3.4 0.1 -0.00693883 0.761526 
3.45 0.1 0.000563767 0.760522 
3.5 0.1 0.00804681 0.761878 
3.55 0.1 0.0152509 0.765565 
3.6 0.1 0.0219282 0.771512 
3.65 0.1 0.0278518 0.779607 
3.7 0.1 0.0328225 0.789699 
3.75 0.1 0.0366733 0.80161 
3.8 0.1 0.0392706 0.815122 
3.85 0.1 0.0405154 0.829974 
3.9 0.1 0.040344 0.845841 
3.95 0.1 0.0387302 0.862297 
4 0.1 0.0356907 0.878789 
4.05 0.1 0.0312915 0.894608 
4.1 0.1 0.0256563 0.908895 
4.15 0.1 0.0189721 0.920701 
4.2 0.1 0.0114889 0.929099 
4.25 0.1 0.00351161 0.933347 
4.3 0.1 -0.00461791 0.933042 
4.35 0.1 -0.0125461 0.928215 
4.4 0.1 -0.0199353 0.919326 
4.45 0.1 -0.0264878 0.907151 
4.5 0.1 -0.0319629 0.892632 
4.55 0.1 -0.0361842 0.87671 
4.6 0.1 -0.0390387 0.860225 
4.65 0.1 -0.0404708 0.843862 
4.7 0.1 -0.0404749 0.828152 
4.75 0.1 -0.0390888 0.813499 
4.8 0.1 -0.0363888 0.800209 
4.85 0.1 -0.0324862 0.788521 
4.9 0.1 -0.0275209 0.77862 
4.95 0.1 -0.02164 0.770655 
5 0.1 -0.0149316 0.764777 
0 0.15 -0.0423324 0.662795 
0.05 0.15 -0.0289378 0.654213 
0.1 0.15 -0.0143902 0.649069 
0.15 0.15 0.000656528 0.647504 
0.2 0.15 0.0156288 0.649519 
0.25 0.15 0.029998 0.655038 
0.3 0.15 0.043275 0.663919 
0.35 0.15 0.0550172 0.67597 
0.4 0.15 0.0648376 0.690954 
0.45 0.15 0.0724123 0.708591 
0.5 0.15 0.077484 0.72856 
0.55 0.15 0.0798645 0.750478 
0.6 0.15 0.0794363 0.773872 
0.65 0.15 0.0761585 0.798129 
0.7 0.15 0.0700757 0.822445 
0.75 0.15 0.0613305 0.84578 
0.8 0.15 0.0501772 0.866864 
0.85 0.15 0.0369904 0.88428 
0.9 0.15 0.0222636 0.896638 
0.95 0.15 0.00659148 0.90282 
1 0.15 -0.00936334 0.902227 
1.05 0.15 -0.0249174 0.894918 
1.1 0.15 -0.0394171 0.881598 
1.15 0.15 -0.0522832 0.863452 
1.2 0.15 -0.0630425 0.841889 
1.25 0.15 -0.071342 0.818314 
1.3 0.15 -0.0769482 0.79396 
1.35 0.15 -0.0797374 0.769824 
1.4 0.15 -0.0796824 0.746674 
1.45 0.15 -0.07684 0.725096 
1.5 0.15 -0.0713432 0.705544 
1.55 0.15 -0.0633967 0.688387 
1.6 0.15 -0.0532751 0.673936 
1.65 0.15 -0.0413205 0.662458 
1.7 0.15 -0.0279378 0.654175 
1.75 0.15 -0.0135852 0.649252 
1.8 0.15 0.00124065 0.647795 
1.85 0.15 0.0160233 0.649832 
1.9 0.15 0.0302483 0.655322 
1.95 0.15 0.043424 0.664149 
2 0.15 0.0551003 0.676137 
2.05 0.15 0.0648823 0.691057 
2.1 0.15 0.0724388 0.708635 
2.15 0.15 0.0775068 0.728551 
2.2 0.15 0.0798932 0.750424 
2.25 0.15 0.0794775 0.773782 
2.3 0.15 0.0762159 0.798013 
2.35 0.15 0.0701509 0.822315 
2.4 0.15 0.0614234 0.845648 
2.45 0.15 0.0502861 0.866745 
2.5 0.15 0.0371124 0.884188 
2.55 0.15 0.0223943 0.896586 
2.6 0.15 0.00672607 0.902817 
2.65 0.15 -0.00923042 0.902277 
2.7 0.15 -0.0247917 0.895018 
2.75 0.15 -0.0393035 0.881742 
2.8 0.15 -0.0521861 0.863628 
2.85 0.15 -0.0629652 0.842086 
2.9 0.15 -0.0712867 0.818522 
2.95 0.15 -0.0769164 0.794169 
3 0.15 -0.0797296 0.770027 
3.05 0.15 -0.0796984 0.746866 
3.1 0.15 -0.0768789 0.725272 
3.15 0.15 -0.0714035 0.705702 
3.2 0.15 -0.0634763 0.688523 
3.25 0.15 -0.0533713 0.674048 
3.3 0.15 -0.0414302 0.662544 
3.35 0.15 -0.0280573 0.654233 
3.4 0.15 -0.0137103 0.649282 
3.45 0.15 0.00111406 0.647795 
3.5 0.15 0.0158997 0.649804 
3.55 0.15 0.0301318 0.655265 
3.6 0.15 0.0433187 0.664064 
3.65 0.15 0.0550098 0.676027 
3.7 0.15 0.0648096 0.690923 
3.75 0.15 0.0723865 0.708479 
3.8 0.15 0.077477 0.728376 
3.85 0.15 0.0798875 0.750234 
3.9 0.15 0.0794969 0.773581 
3.95 0.15 0.076261 0.797807 
4 0.15 0.0702215 0.822112 
4.05 0.15 0.0615185 0.84546 
4.1 0.15 0.0504038 0.866586 
4.15 0.15 0.0372496 0.884074 
4.2 0.15 0.0225471 0.896534 
4.25 0.15 0.00688929 0.902841 
4.3 0.15 -0.00906258 0.902386 
4.35 0.15 -0.0246255 0.895217 
4.4 0.15 -0.0391455 0.882029 
4.45 0.15 -0.0520431 0.863997 
4.5 0.15 -0.0628446 0.84253 
4.55 0.15 -0.0711972 0.819031 
4.6 0.15 -0.0768689 0.794736 
4.65 0.15 -0.0797392 0.770643 
4.7 0.15 -0.0797857 0.74752 
4.75 0.15 -0.0770718 0.725947 
4.8 0.15 -0.0717368 0.706366 
4.85 0.15 -0.0639876 0.689129 
4.9 0.15 -0.0540856 0.674522 
4.95 0.15 -0.0423186 0.662795 
5 0.15 -0.0289444 0.654213 
0 0.2 -0.065244 0.566816 
0.05 0.2 -0.0444851 0.555825 
0.1 0.2 -0.0220016 0.549209 
0.15 0.2 0.00127821 0.547181 
0.2 0.2 0.0244758 0.549777 
0.25 0.2 0.0467594 0.556904 
0.3 0.2 0.067355 0.568375 
0.35 0.2 0.0855632 0.58392 
0.4 0.2 0.100775 0.60321 
0.45 0.2 0.112483 0.625869 
0.5 0.2 0.120288 0.651472 
0.55 0.2 0.123902 0.679532 
0.6 0.2 0.12315 0.709451 
0.65 0.2 0.11798 0.740463 
0.7 0.2 0.108475 0.771556 
0.75 0.2 0.0948688 0.801413 
0.8 0.2 0.0775654 0.828415 
0.85 0.2 0.0571499 0.850741 
0.9 0.2 0.0343835 0.866595 
0.95 0.2 0.0101769 0.874532 
1 0.2 -0.0144602 0.87377 
1.05 0.2 -0.0384872 0.864386 
1.1 0.2 -0.0609072 0.847298 
1.15 0.2 -0.0808327 0.824038 
1.2 0.2 -0.0975321 0.796426 
1.25 0.2 -0.110453 0.766262 
1.3 0.2 -0.119222 0.735118 
1.35 0.2 -0.123634 0.704254 
1.4 0.2 -0.123633 0.674635 
1.45 0.2 -0.119297 0.646993 
1.5 0.2 -0.110823 0.621901 
1.55 0.2 -0.0985239 0.599833 
1.6 0.2 -0.0828246 0.581199 
1.65 0.2 -0.0642574 0.566363 
1.7 0.2 -0.0434546 0.555632 
1.75 0.2 -0.0211327 0.549246 
1.8 0.2 0.00193028 0.547353 
1.85 0.2 0.0249257 0.549998 
1.9 0.2 0.0470475 0.55712 
1.95 0.2 0.0675263 0.568551 
2 0.2 0.0856579 0.584042 
2.05 0.2 0.100826 0.603272 
2.1 0.2 0.112516 0.625872 
2.15 0.2 0.120321 0.651422 
2.2 0.2 0.123947 0.679435 
2.25 0.2 0.123216 0.709317 
2.3 0.2 0.118072 0.740302 
2.35 0.2 0.108595 0.77138 
2.4 0.2 0.0950159 0.801238 
2.45 0.2 0.0777368 0.828258 
2.5 0.2 0.0573408 0.85062 
2.55 0.2 0.0345875 0.866527 
2.6 0.2 0.0103863 0.874527 
2.65 0.2 -0.0142537 0.873834 
2.7 0.2 -0.0382919 0.864515 
2.75 0.2 -0.0607307 0.847483 
2.8 0.2 -0.0806815 0.824264 
2.85 0.2 -0.0974115 0.796679 
2.9 0.2 -0.110366 0.766528 
2.95 0.2 -0.119172 0.735385 
3 0.2 -0.123621 0.704514 
3.05 0.2 -0.123657 0.674881 
3.1 0.2 -0.119357 0.64722 
3.15 0.2 -0.110916 0.622104 
3.2 0.2 -0.0986474 0.600009 
3.25 0.2 -0.0829741 0.581345 
3.3 0.2 -0.064428 0.566475 
3.35 0.2 -0.0436405 0.555709 
3.4 0.2 -0.0213276 0.549285 
3.45 0.2 0.00173325 0.547354 
3.5 0.2 0.0247333 0.549962 
3.55 0.2 0.0468664 0.557046 
3.6 0.2 0.0673627 0.568442 
3.65 0.2 0.0855174 0.5839 
3.7 0.2 0.100713 0.6031 
3.75 0.2 0.112435 0.625673 
3.8 0.2 0.120275 0.651199 
3.85 0.2 0.123939 0.679193 
3.9 0.2 0.123247 0.709061 
3.95 0.2 0.118143 0.740039 
4 0.2 0.108704 0.771122 
4.05 0.2 0.0951626 0.800999 
4.1 0.2 0.0779178 0.828056 
4.15 0.2 0.0575515 0.850475 
4.2 0.2 0.0348215 0.866459 
4.25 0.2 0.010636 0.874556 
4.3 0.2 -0.0139969 0.87397 
4.35 0.2 -0.0380373 0.864764 
4.4 0.2 -0.0604876 0.847841 
4.45 0.2 -0.0804594 0.824722 
4.5 0.2 -0.0972201 0.797227 
4.55 0.2 -0.110217 0.767153 
4.6 0.2 -0.119077 0.736075 
4.65 0.2 -0.123599 0.705255 
4.7 0.2 -0.12373 0.675658 
4.75 0.2 -0.119553 0.64801 
4.8 0.2 -0.111269 0.622873 
4.85 0.2 -0.0991856 0.600705 
4.9 0.2 -0.0837045 0.581899 
4.95 0.2 -0.0652938 0.566816 
5 0.2 -0.0444485 0.555825 
0 0.25 -0.0881124 0.486992 
0.05 0.25 -0.0599265 0.473916 
0.1 0.25 -0.0294663 0.466027 
0.15 0.25 0.00207949 0.463606 
0.2 0.25 0.0335341 0.466721 
0.25 0.25 0.0637603 0.475269 
0.3 0.25 0.0916927 0.488996 
0.35 0.25 0.116368 0.50754 
0.4 0.25 0.136952 0.530462 
0.45 0.25 0.152753 0.557277 
0.5 0.25 0.163233 0.58746 
0.55 0.25 0.168008 0.620432 
0.6 0.25 0.166856 0.655502 
0.65 0.25 0.159723 0.69179 
0.7 0.25 0.146739 0.728134 
0.75 0.25 0.128238 0.763016 
0.8 0.25 0.104779 0.794557 
0.85 0.25 0.0771592 0.820636 
0.9 0.25 0.0464038 0.839156 
0.95 0.25 0.0137307 0.848428 
1 0.25 -0.0195151 0.847537 
1.05 0.25 -0.0519492 0.836574 
1.1 0.25 -0.0822429 0.81661 
1.15 0.25 -0.109208 0.789438 
1.2 0.25 -0.131858 0.757181 
1.25 0.25 -0.149437 0.721934 
1.3 0.25 -0.161428 0.685518 
1.35 0.25 -0.167534 0.649386 
1.4 0.25 -0.167661 0.614644 
1.45 0.25 -0.161896 0.582132 
1.5 0.25 -0.150494 0.552514 
1.55 0.25 -0.133868 0.526357 
1.6 0.25 -0.112591 0.504172 
1.65 0.25 -0.087384 0.486432 
1.7 0.25 -0.0591102 0.473552 
1.75 0.25 -0.0287508 0.465866 
1.8 0.25 0.00262664 0.463585 
1.85 0.25 0.0339112 0.466774 
1.9 0.25 0.0639959 0.475341 
1.95 0.25 0.0918249 0.489054 
2 0.25 0.116435 0.507563 
2.05 0.25 0.136985 0.530442 
2.1 0.25 0.152778 0.55721 
2.15 0.25 0.163268 0.58735 
2.2 0.25 0.168066 0.620282 
2.25 0.25 0.166947 0.655318 
2.3 0.25 0.159851 0.691583 
2.35 0.25 0.146905 0.727916 
2.4 0.25 0.128441 0.762804 
2.45 0.25 0.105014 0.794369 
2.5 0.25 0.0774203 0.820492 
2.55 0.25 0.0466819 0.839076 
2.6 0.25 0.0140156 0.848423 
2.65 0.25 -0.0192345 0.847612 
2.7 0.25 -0.051684 0.836726 
2.75 0.25 -0.0820032 0.816827 
2.8 0.25 -0.109003 0.789703 
2.85 0.25 -0.131693 0.757477 
2.9 0.25 -0.149319 0.722246 
2.95 0.25 -0.161359 0.685832 
3 0.25 -0.167516 0.649692 
3.05 0.25 -0.167693 0.614935 
3.1 0.25 -0.161977 0.582401 
3.15 0.25 -0.15062 0.552756 
3.2 0.25 -0.134036 0.526567 
3.25 0.25 -0.112794 0.504347 
3.3 0.25 -0.0876159 0.486567 
3.35 0.25 -0.0593631 0.473645 
3.4 0.25 -0.0290161 0.465915 
3.45 0.25 0.00235843 0.463588 
3.5 0.25 0.0336494 0.46673 
3.55 0.25 0.0637496 0.475253 
3.6 0.25 0.0916027 0.488924 
3.65 0.25 0.116244 0.507395 
3.7 0.25 0.136832 0.530239 
3.75 0.25 0.152669 0.556977 
3.8 0.25 0.163206 0.587089 
3.85 0.25 0.168056 0.62 
3.9 0.25 0.166989 0.655021 
3.95 0.25 0.159946 0.691279 
4 0.25 0.147052 0.727618 
4.05 0.25 0.128638 0.762527 
4.1 0.25 0.105257 0.794135 
4.15 0.25 0.0777018 0.820324 
4.2 0.25 0.0469941 0.838998 
4.25 0.25 0.0143484 0.848455 
4.3 0.25 -0.018892 0.847767 
4.35 0.25 -0.0513434 0.837008 
4.4 0.25 -0.0816759 0.817232 
4.45 0.25 -0.108699 0.79022 
4.5 0.25 -0.131425 0.75809 
4.55 0.25 -0.149096 0.722938 
4.6 0.25 -0.161194 0.686587 
4.65 0.25 -0.167424 0.650492 
4.7 0.25 -0.167692 0.61576 
4.75 0.25 -0.162089 0.583227 
4.8 0.25 -0.150866 0.55355 
4.85 0.25 -0.134431 0.527286 
4.9 0.25 -0.113325 0.50494 
4.95 0.25 -0.0882148 0.486992 
5 0.25 -0.0598547 0.473916 
0 0.3 -0.109124 0.424705 
0.05 0.3 -0.0740527 0.409781 
0.1 0.3 -0.0362056 0.400757 
0.15 0.3 0.00299045 0.397993 
0.2 0.3 0.0420822 0.401597 
0.25 0.3 0.0796458 0.411436 
0.3 0.3 0.11434 0.427164 
0.35 0.3 0.144954 0.448285 
0.4 0.3 0.170441 0.474217 
0.45 0.3 0.189944 0.504338 
0.5 0.3 0.202799 0.538015 
0.55 0.3 0.208548 0.574584 
0.6 0.3 0.206934 0.613289 
0.65 0.3 0.197912 0.653185 
0.7 0.3 0.181668 0.693026 
0.75 0.3 0.158638 0.731183 
0.8 0.3 0.129528 0.765629 
0.85 0.3 0.0953314 0.794076 
0.9 0.3 0.0573097 0.814261 
0.95 0.3 0.0169527 0.824361 
1 0.3 -0.0241011 0.82339 
1.05 0.3 -0.0641672 0.811445 
1.1 0.3 -0.101626 0.789682 
1.15 0.3 -0.135023 0.760034 
1.2 0.3 -0.163141 0.724793 
1.25 0.3 -0.185038 0.68622 
1.3 0.3 -0.200055 0.646275 
1.35 0.3 -0.207803 0.606518 
1.4 0.3 -0.208139 0.568134 
1.45 0.3 -0.201147 0.532025 
1.5 0.3 -0.187123 0.498923 
1.55 0.3 -0.166565 0.469483 
1.6 0.3 -0.140173 0.44433 
1.65 0.3 -0.108842 0.424076 
1.7 0.3 -0.0736509 0.409284 
1.75 0.3 -0.0358306 0.400419 
1.8 0.3 0.00327416 0.397782 
1.85 0.3 0.0422617 0.401467 
1.9 0.3 0.0797357 0.411344 
1.95 0.3 0.114367 0.427079 
2 0.3 0.144946 0.448189 
2.05 0.3 0.170425 0.474097 
2.1 0.3 0.18994 0.504189 
2.15 0.3 0.202824 0.537836 
2.2 0.3 0.208613 0.574377 
2.25 0.3 0.207045 0.613058 
2.3 0.3 0.198072 0.652938 
2.35 0.3 0.181878 0.692775 
2.4 0.3 0.158893 0.730943 
2.45 0.3 0.129824 0.76542 
2.5 0.3 0.095658 0.793918 
2.55 0.3 0.0576566 0.814173 
2.6 0.3 0.0173073 0.824356 
2.65 0.3 -0.0237524 0.823473 
2.7 0.3 -0.0638377 0.811612 
2.75 0.3 -0.101328 0.789921 
2.8 0.3 -0.134768 0.760326 
2.85 0.3 -0.162936 0.72512 
2.9 0.3 -0.18489 0.686564 
2.95 0.3 -0.199968 0.646622 
3 0.3 -0.207778 0.606857 
3.05 0.3 -0.208177 0.568457 
3.1 0.3 -0.201246 0.532325 
3.15 0.3 -0.187279 0.499196 
3.2 0.3 -0.166773 0.469722 
3.25 0.3 -0.140425 0.44453 
3.3 0.3 -0.109131 0.424232 
3.35 0.3 -0.0739662 0.409392 
3.4 0.3 -0.0361613 0.400476 
3.45 0.3 0.00293969 0.397786 
3.5 0.3 0.0419353 0.401418 
3.55 0.3 0.0794289 0.411244 
3.6 0.3 0.11409 0.426932 
3.65 0.3 0.144709 0.447999 
3.7 0.3 0.170236 0.473869 
3.75 0.3 0.189806 0.503929 
3.8 0.3 0.202749 0.537548 
3.85 0.3 0.2086 0.574067 
3.9 0.3 0.207097 0.612733 
3.95 0.3 0.19819 0.652607 
4 0.3 0.182059 0.692452 
4.05 0.3 0.159135 0.730645 
4.1 0.3 0.13012 0.765168 
4.15 0.3 0.0960014 0.793738 
4.2 0.3 0.0580367 0.81409 
4.25 0.3 0.0177123 0.824391 
4.3 0.3 -0.0233352 0.823638 
4.35 0.3 -0.0634212 0.811911 
4.4 0.3 -0.100925 0.790347 
4.45 0.3 -0.134388 0.760865 
4.5 0.3 -0.16259 0.725753 
4.55 0.3 -0.184585 0.687271 
4.6 0.3 -0.199712 0.647382 
4.65 0.3 -0.20758 0.60765 
4.7 0.3 -0.208044 0.56926 
4.75 0.3 -0.201189 0.533116 
4.8 0.3 -0.187302 0.499948 
4.85 0.3 -0.166874 0.470405 
4.9 0.3 -0.140579 0.445116 
4.95 0.3 -0.109269 0.424705 
5 0.3 -0.0739528 0.409781 
0 0.35 -0.126905 0.378444 
0.05 0.35 -0.0859599 0.361752 
0.1 0.35 -0.0418052 0.351624 
0.15 0.35 0.00392377 0.348537 
0.2 0.35 0.0495316 0.35264 
0.25 0.35 0.0933414 0.363749 
0.3 0.35 0.13377 0.381384 
0.35 0.35 0.169389 0.404859 
0.4 0.35 0.198973 0.433391 
0.45 0.35 0.221524 0.466181 
0.5 0.35 0.236285 0.502461 
0.55 0.35 0.242742 0.541481 
0.6 0.35 0.240624 0.582438 
0.65 0.35 0.22991 0.624366 
0.7 0.35 0.210845 0.666004 
0.75 0.35 0.183959 0.705704 
0.8 0.35 0.150093 0.741415 
0.85 0.35 0.110402 0.770826 
0.9 0.35 0.0663415 0.791654 
0.95 0.35 0.0196184 0.802062 
1 0.35 -0.0278987 0.801061 
1.05 0.35 -0.0742902 0.788747 
1.1 0.35 -0.117708 0.766283 
1.15 0.35 -0.156484 0.735614 
1.2 0.35 -0.189212 0.699055 
1.25 0.35 -0.214791 0.658888 
1.3 0.35 -0.232436 0.617098 
1.35 0.35 -0.241668 0.575262 
1.4 0.35 -0.24229 0.534578 
1.45 0.35 -0.234369 0.495975 
1.5 0.35 -0.218219 0.460238 
1.55 0.35 -0.194399 0.428113 
1.6 0.35 -0.163709 0.400372 
1.65 0.35 -0.127189 0.377809 
1.7 0.35 -0.0861013 0.361194 
1.75 0.35 -0.0418978 0.351177 
1.8 0.35 0.00382945 0.348189 
1.85 0.35 0.0494176 0.352365 
1.9 0.35 0.0932104 0.363516 
1.95 0.35 0.133635 0.38117 
2 0.35 0.169267 0.404649 
2.05 0.35 0.19888 0.433174 
2.1 0.35 0.221474 0.465951 
2.15 0.35 0.236288 0.502216 
2.2 0.35 0.242804 0.541221 
2.25 0.35 0.240748 0.582166 
2.3 0.35 0.230097 0.624087 
2.35 0.35 0.211091 0.665729 
2.4 0.35 0.18426 0.705446 
2.45 0.35 0.15044 0.741194 
2.5 0.35 0.110784 0.770661 
2.55 0.35 0.066747 0.791564 
2.6 0.35 0.0200321 0.802059 
2.65 0.35 -0.0274923 0.80115 
2.7 0.35 -0.0739063 0.788923 
2.75 0.35 -0.117361 0.766533 
2.8 0.35 -0.156186 0.73592 
2.85 0.35 -0.188972 0.699397 
2.9 0.35 -0.214617 0.65925 
2.95 0.35 -0.232333 0.617465 
3 0.35 -0.241638 0.575623 
3.05 0.35 -0.242333 0.534925 
3.1 0.35 -0.234483 0.496301 
3.15 0.35 -0.218399 0.460536 
3.2 0.35 -0.19464 0.428377 
3.25 0.35 -0.164004 0.400595 
3.3 0.35 -0.127527 0.377985 
3.35 0.35 -0.08647 0.361317 
3.4 0.35 -0.0422847 0.351242 
3.45 0.35 0.00343808 0.348194 
3.5 0.35 0.0490358 0.35231 
3.55 0.35 0.0928519 0.363404 
3.6 0.35 0.133312 0.381007 
3.65 0.35 0.168991 0.40444 
3.7 0.35 0.19866 0.432926 
3.75 0.35 0.221318 0.465671 
3.8 0.35 0.236202 0.50191 
3.85 0.35 0.242791 0.540895 
3.9 0.35 0.24081 0.581828 
3.95 0.35 0.230233 0.623746 
4 0.35 0.2113 0.665398 
4.05 0.35 0.184537 0.705143 
4.1 0.35 0.150779 0.74094 
4.15 0.35 0.111176 0.77048 
4.2 0.35 0.0671795 0.791481 
4.25 0.35 0.0204926 0.802095 
4.3 0.35 -0.0270173 0.801315 
4.35 0.35 -0.0734302 0.78922 
4.4 0.35 -0.116895 0.766953 
4.45 0.35 -0.15574 0.736447 
4.5 0.35 -0.188553 0.700009 
4.55 0.35 -0.214228 0.659924 
4.6 0.35 -0.231973 0.618177 
4.65 0.35 -0.241307 0.57635 
4.7 0.35 -0.242026 0.535646 
4.75 0.35 -0.234194 0.496996 
4.8 0.35 -0.218118 0.461186 
4.85 0.35 -0.194346 0.428968 
4.9 0.35 -0.163664 0.401117 
4.95 0.35 -0.127084 0.378444 
5 0.35 -0.0858382 0.361752 
0 0.4 -0.140448 0.344832 
0.05 0.4 -0.0949898 0.326319 
0.1 0.4 -0.0459769 0.315037 
0.15 0.4 0.00478817 0.311617 
0.2 0.4 0.0554131 0.316261 
0.25 0.4 0.104016 0.328709 
0.3 0.4 0.148816 0.348299 
0.35 0.4 0.188214 0.374095 
0.4 0.4 0.220845 0.40505 
0.45 0.4 0.245613 0.440136 
0.5 0.4 0.261698 0.478416 
0.55 0.4 0.268557 0.519041 
0.6 0.4 0.265926 0.56117 
0.65 0.4 0.253818 0.603844 
0.7 0.4 0.232539 0.645846 
0.75 0.4 0.202704 0.685596 
0.8 0.4 0.165258 0.721138 
0.85 0.4 0.121481 0.750271 
0.9 0.4 0.0729669 0.770833 
0.95 0.4 0.0215709 0.781087 
1 0.4 -0.0306838 0.7801 
1.05 0.4 -0.081721 0.767964 
1.1 0.4 -0.129539 0.745774 
1.15 0.4 -0.172321 0.715369 
1.2 0.4 -0.208526 0.678945 
1.25 0.4 -0.236931 0.638675 
1.3 0.4 -0.256649 0.596453 
1.35 0.4 -0.267118 0.553791 
1.4 0.4 -0.268085 0.511851 
1.45 0.4 -0.259585 0.47156 
1.5 0.4 -0.241932 0.433751 
1.55 0.4 -0.215714 0.399283 
1.6 0.4 -0.181801 0.369109 
1.65 0.4 -0.141335 0.344263 
1.7 0.4 -0.095722 0.325781 
1.75 0.4 -0.0465922 0.31456 
1.8 0.4 0.00425954 0.311201 
1.85 0.4 0.054954 0.315894 
1.9 0.4 0.10362 0.328375 
1.95 0.4 0.148484 0.347984 
2 0.4 0.187951 0.37379 
2.05 0.4 0.220657 0.404748 
2.1 0.4 0.245503 0.439834 
2.15 0.4 0.261668 0.478113 
2.2 0.4 0.268608 0.518736 
2.25 0.4 0.266055 0.560865 
2.3 0.4 0.254023 0.603543 
2.35 0.4 0.232813 0.645558 
2.4 0.4 0.20304 0.685332 
2.45 0.4 0.165645 0.720916 
2.5 0.4 0.121907 0.750108 
2.55 0.4 0.0734171 0.770746 
2.6 0.4 0.0220293 0.781087 
2.65 0.4 -0.0302339 0.780191 
2.7 0.4 -0.0812962 0.768141 
2.75 0.4 -0.129154 0.746025 
2.8 0.4 -0.171991 0.715677 
2.85 0.4 -0.20826 0.679291 
2.9 0.4 -0.236737 0.639042 
2.95 0.4 -0.256532 0.596828 
3 0.4 -0.267082 0.554164 
3.05 0.4 -0.26813 0.512213 
3.1 0.4 -0.259709 0.471904 
3.15 0.4 -0.242131 0.43407 
3.2 0.4 -0.215981 0.39957 
3.25 0.4 -0.182127 0.369355 
3.3 0.4 -0.14171 0.344459 
3.35 0.4 -0.0961319 0.325919 
3.4 0.4 -0.0470227 0.314633 
3.45 0.4 0.00382402 0.311207 
3.5 0.4 0.0545294 0.315832 
3.55 0.4 0.103221 0.328251 
3.6 0.4 0.148126 0.347804 
3.65 0.4 0.187646 0.373563 
3.7 0.4 0.220415 0.404483 
3.75 0.4 0.245332 0.439539 
3.8 0.4 0.261573 0.477796 
3.85 0.4 0.268593 0.518403 
3.9 0.4 0.266123 0.560524 
3.95 0.4 0.254172 0.603203 
4 0.4 0.233041 0.645231 
4.05 0.4 0.203341 0.685036 
4.1 0.4 0.166012 0.720669 
4.15 0.4 0.122329 0.749935 
4.2 0.4 0.0738831 0.770668 
4.25 0.4 0.0225251 0.781122 
4.3 0.4 -0.0297218 0.780348 
4.35 0.4 -0.0807806 0.76842 
4.4 0.4 -0.128645 0.746416 
4.45 0.4 -0.171495 0.716161 
4.5 0.4 -0.20778 0.679845 
4.55 0.4 -0.236269 0.639641 
4.6 0.4 -0.256069 0.597447 
4.65 0.4 -0.26661 0.554778 
4.7 0.4 -0.267631 0.512802 
4.75 0.4 -0.259162 0.472452 
4.8 0.4 -0.241508 0.434566 
4.85 0.4 -0.215252 0.400011 
4.9 0.4 -0.181253 0.369749 
4.95 0.4 -0.140651 0.344832 
5 0.4 -0.094852 0.326319 
0 0.45 -0.149041 0.319875 
0.05 0.45 -0.100684 0.299463 
0.1 0.45 -0.0485298 0.286965 
0.15 0.45 0.00549878 0.283199 
0.2 0.45 0.059369 0.288427 
0.25 0.45 0.111051 0.302297 
0.3 0.45 0.158626 0.323924 
0.35 0.45 0.200377 0.352075 
0.4 0.45 0.234852 0.38539 
0.45 0.45 0.260896 0.422571 
0.5 0.45 0.277662 0.462481 
0.55 0.45 0.28461 0.504153 
0.6 0.45 0.281499 0.546705 
0.65 0.45 0.268384 0.589203 
0.7 0.45 0.245627 0.630513 
0.75 0.45 0.213911 0.669192 
0.8 0.45 0.174253 0.703471 
0.85 0.45 0.12801 0.731373 
0.9 0.45 0.0768539 0.750967 
0.95 0.45 0.0227127 0.760709 
1 0.45 -0.0323169 0.759771 
1.05 0.45 -0.0860866 0.748235 
1.1 0.45 -0.136521 0.727072 
1.15 0.45 -0.18173 0.697918 
1.2 0.45 -0.220093 0.662735 
1.25 0.45 -0.250311 0.623478 
1.3 0.45 -0.271423 0.581861 
1.35 0.45 -0.282803 0.539268 
1.4 0.45 -0.284142 0.496789 
1.45 0.45 -0.275433 0.455337 
1.5 0.45 -0.25697 0.415798 
1.55 0.45 -0.229342 0.379165 
1.6 0.45 -0.193449 0.346605 
1.65 0.45 -0.150494 0.319437 
1.7 0.45 -0.101977 0.299014 
1.75 0.45 -0.0496519 0.286524 
1.8 0.45 0.00454036 0.282772 
1.85 0.45 0.0585621 0.288013 
1.9 0.45 0.110384 0.301893 
1.95 0.45 0.158091 0.323529 
2 0.45 0.199968 0.35169 
2.05 0.45 0.234562 0.385016 
2.1 0.45 0.26072 0.422208 
2.15 0.45 0.277594 0.462129 
2.2 0.45 0.284644 0.503813 
2.25 0.45 0.281627 0.546377 
2.3 0.45 0.268599 0.58889 
2.35 0.45 0.245919 0.630221 
2.4 0.45 0.214269 0.668932 
2.45 0.45 0.174666 0.703256 
2.5 0.45 0.128464 0.731219 
2.55 0.45 0.0773324 0.750887 
2.6 0.45 0.023199 0.760713 
2.65 0.45 -0.0318401 0.759862 
2.7 0.45 -0.0856364 0.748409 
2.75 0.45 -0.136113 0.727317 
2.8 0.45 -0.181378 0.698219 
2.85 0.45 -0.219809 0.663076 
2.9 0.45 -0.250103 0.623843 
2.95 0.45 -0.271298 0.582238 
3 0.45 -0.282763 0.539648 
3.05 0.45 -0.284187 0.497163 
3.1 0.45 -0.275563 0.455697 
3.15 0.45 -0.257179 0.416137 
3.2 0.45 -0.229625 0.379475 
3.25 0.45 -0.193795 0.346874 
3.3 0.45 -0.150893 0.319654 
3.35 0.45 -0.102414 0.299167 
3.4 0.45 -0.050111 0.286605 
3.45 0.45 0.00407592 0.282778 
3.5 0.45 0.0581095 0.287944 
3.55 0.45 0.10996 0.301755 
3.6 0.45 0.157711 0.323332 
3.65 0.45 0.199644 0.351444 
3.7 0.45 0.234306 0.384734 
3.75 0.45 0.260539 0.4219 
3.8 0.45 0.277495 0.461804 
3.85 0.45 0.28463 0.503478 
3.9 0.45 0.281699 0.54604 
3.95 0.45 0.268755 0.588559 
4 0.45 0.246156 0.629908 
4.05 0.45 0.214582 0.668651 
4.1 0.45 0.175045 0.703025 
4.15 0.45 0.128899 0.731058 
4.2 0.45 0.0778115 0.750815 
4.25 0.45 0.0237084 0.760743 
4.3 0.45 -0.0313135 0.760002 
4.35 0.45 -0.0851039 0.748655 
4.4 0.45 -0.135583 0.727658 
4.45 0.45 -0.180853 0.698635 
4.5 0.45 -0.219286 0.663543 
4.55 0.45 -0.249573 0.624334 
4.6 0.45 -0.270743 0.582727 
4.65 0.45 -0.28216 0.540111 
4.7 0.45 -0.283506 0.497579 
4.75 0.45 -0.274768 0.456054 
4.8 0.45 -0.25623 0.41643 
4.85 0.45 -0.22848 0.379713 
4.9 0.45 -0.192418 0.347082 
4.95 0.45 -0.149261 0.319875 
5 0.45 -0.100535 0.299463 
0 0.5 -0.15224 0.29986 
0.05 0.5 -0.102754 0.277579 
0.1 0.5 -0.0493523 0.263878 
0.15 0.5 0.00598469 0.259775 
0.2 0.5 0.0611486 0.265594 
0.25 0.5 0.11403 0.280883 
0.3 0.5 0.162638 0.304521 
0.35 0.5 0.2052 0.334959 
0.4 0.5 0.240229 0.370508 
0.45 0.5 0.26656 0.409583 
0.5 0.5 0.283356 0.450836 
0.55 0.5 0.290101 0.49317 
0.6 0.5 0.286592 0.535654 
0.65 0.5 0.272929 0.577382 
0.7 0.5 0.249519 0.617323 
0.75 0.5 0.217091 0.654212 
0.8 0.5 0.176698 0.686526 
0.85 0.5 0.129721 0.712585 
0.9 0.5 0.0778453 0.730762 
0.95 0.5 0.0229983 0.739762 
1 0.5 -0.032732 0.738896 
1.05 0.5 -0.0872092 0.728231 
1.1 0.5 -0.138366 0.708578 
1.15 0.5 -0.184308 0.681308 
1.2 0.5 -0.223403 0.648076 
1.25 0.5 -0.254322 0.610547 
1.3 0.5 -0.276067 0.5702 
1.35 0.5 -0.287964 0.528254 
1.4 0.5 -0.289658 0.48571 
1.45 0.5 -0.281097 0.443464 
1.5 0.5 -0.262538 0.402467 
1.55 0.5 -0.234546 0.363858 
1.6 0.5 -0.198011 0.32903 
1.65 0.5 -0.154155 0.299605 
1.7 0.5 -0.104514 0.277268 
1.75 0.5 -0.0509034 0.263516 
1.8 0.5 0.00465591 0.259372 
1.85 0.5 0.0600371 0.26516 
1.9 0.5 0.113123 0.280429 
1.95 0.5 0.161921 0.30406 
2 0.5 0.204658 0.334503 
2.05 0.5 0.239847 0.370068 
2.1 0.5 0.266323 0.409165 
2.15 0.5 0.283251 0.450442 
2.2 0.5 0.290115 0.4928 
2.25 0.5 0.286713 0.535309 
2.3 0.5 0.273144 0.577063 
2.35 0.5 0.249818 0.617035 
2.4 0.5 0.217459 0.653962 
2.45 0.5 0.177121 0.686324 
2.5 0.5 0.130186 0.712444 
2.55 0.5 0.0783341 0.730692 
2.6 0.5 0.0234943 0.739772 
2.65 0.5 -0.0322462 0.738987 
2.7 0.5 -0.0867507 0.728399 
2.75 0.5 -0.13795 0.708813 
2.8 0.5 -0.18395 0.681596 
2.85 0.5 -0.223113 0.648405 
2.9 0.5 -0.254109 0.610903 
2.95 0.5 -0.275937 0.570573 
3 0.5 -0.287921 0.528635 
3.05 0.5 -0.289702 0.486091 
3.1 0.5 -0.281227 0.443838 
3.15 0.5 -0.26275 0.402825 
3.2 0.5 -0.234833 0.364188 
3.25 0.5 -0.198365 0.329321 
3.3 0.5 -0.154563 0.299841 
3.35 0.5 -0.104962 0.277436 
3.4 0.5 -0.0513744 0.263606 
3.45 0.5 0.00417943 0.259378 
3.5 0.5 0.059573 0.265083 
3.55 0.5 0.112689 0.280277 
3.6 0.5 0.161532 0.303845 
3.65 0.5 0.204328 0.33424 
3.7 0.5 0.239586 0.36977 
3.75 0.5 0.26614 0.408845 
3.8 0.5 0.283151 0.450111 
3.85 0.5 0.290101 0.492466 
3.9 0.5 0.286785 0.534979 
3.95 0.5 0.273301 0.576746 
4 0.5 0.250055 0.61674 
4.05 0.5 0.21777 0.653701 
4.1 0.5 0.177497 0.686113 
4.15 0.5 0.130616 0.712298 
4.2 0.5 0.0788061 0.730626 
4.25 0.5 0.0239955 0.739794 
4.3 0.5 -0.0317278 0.739102 
4.35 0.5 -0.0862246 0.728601 
4.4 0.5 -0.137421 0.709089 
4.45 0.5 -0.183418 0.681926 
4.5 0.5 -0.222571 0.648764 
4.55 0.5 -0.25354 0.611264 
4.6 0.5 -0.275317 0.570908 
4.65 0.5 -0.287217 0.528919 
4.7 0.5 -0.288874 0.486304 
4.75 0.5 -0.280228 0.443969 
4.8 0.5 -0.26153 0.402877 
4.85 0.5 -0.233347 0.36418 
4.9 0.5 -0.196578 0.329294 
4.95 0.5 -0.152467 0.29986 
5 0.5 -0.102601 0.277579 
0 0.55 -0.149844 0.281753 
0.05 0.55 -0.101075 0.257855 
0.1 0.55 -0.0484042 0.243108 
0.15 0.55 0.0061943 0.23872 
0.2 0.55 0.0606108 0.245069 
0.25 0.55 0.112732 0.261608 
0.3 0.55 0.160568 0.286997 
0.35 0.55 0.202358 0.319396 
0.4 0.55 0.236636 0.356816 
0.45 0.55 0.262271 0.397408 
0.5 0.55 0.278468 0.439625 
0.55 0.55 0.284758 0.482245 
0.6 0.55 0.280983 0.524287 
0.65 0.55 0.267285 0.564868 
0.7 0.55 0.244101 0.603061 
0.75 0.55 0.212174 0.637788 
0.8 0.55 0.172555 0.667796 
0.85 0.55 0.126599 0.691726 
0.9 0.55 0.0759368 0.708281 
0.95 0.55 0.0224274 0.716438 
1 0.55 -0.0319278 0.715654 
1.05 0.55 -0.0850828 0.705981 
1.1 0.55 -0.135053 0.688058 
1.15 0.55 -0.180015 0.662969 
1.2 0.55 -0.21838 0.632037 
1.25 0.55 -0.248843 0.596611 
1.3 0.55 -0.270405 0.557914 
1.35 0.55 -0.282374 0.516992 
1.4 0.55 -0.284359 0.474755 
1.45 0.55 -0.276268 0.432092 
1.5 0.55 -0.258308 0.390017 
1.55 0.55 -0.230999 0.349807 
1.6 0.55 -0.195191 0.313073 
1.65 0.55 -0.152071 0.281708 
1.7 0.55 -0.103157 0.257705 
1.75 0.55 -0.0502588 0.242848 
1.8 0.55 0.00459799 0.23836 
1.85 0.55 0.0592757 0.244628 
1.9 0.55 0.111647 0.261113 
1.95 0.55 0.159715 0.286477 
2 0.55 0.201715 0.318876 
2.05 0.55 0.236183 0.356316 
2.1 0.55 0.261987 0.396939 
2.15 0.55 0.278333 0.439193 
2.2 0.55 0.284754 0.481851 
2.25 0.55 0.281094 0.52393 
2.3 0.55 0.267494 0.564549 
2.35 0.55 0.244395 0.602781 
2.4 0.55 0.212537 0.637553 
2.45 0.55 0.172973 0.667612 
2.5 0.55 0.127056 0.691602 
2.55 0.55 0.0764175 0.708224 
2.6 0.55 0.0229145 0.716454 
2.65 0.55 -0.0314513 0.715743 
2.7 0.55 -0.0846331 0.706141 
2.75 0.55 -0.134646 0.68828 
2.8 0.55 -0.179663 0.663243 
2.85 0.55 -0.218094 0.632352 
2.9 0.55 -0.248632 0.596956 
2.95 0.55 -0.270275 0.55828 
3 0.55 -0.282329 0.517371 
3.05 0.55 -0.2844 0.475141 
3.1 0.55 -0.276394 0.432475 
3.15 0.55 -0.258515 0.390389 
3.2 0.55 -0.231281 0.350155 
3.25 0.55 -0.195539 0.313382 
3.3 0.55 -0.152473 0.281961 
3.35 0.55 -0.103599 0.257886 
3.4 0.55 -0.050724 0.242944 
3.45 0.55 0.00412724 0.238365 
3.5 0.55 0.0588174 0.244544 
3.55 0.55 0.111218 0.260949 
3.6 0.55 0.159332 0.286247 
3.65 0.55 0.201391 0.318597 
3.7 0.55 0.235928 0.356004 
3.75 0.55 0.261809 0.39661 
3.8 0.55 0.278236 0.438858 
3.85 0.55 0.284741 0.481519 
3.9 0.55 0.281164 0.523609 
3.95 0.55 0.267646 0.564246 
4 0.55 0.244622 0.602505 
4.05 0.55 0.212835 0.637313 
4.1 0.55 0.173331 0.667419 
4.15 0.55 0.127464 0.691469 
4.2 0.55 0.0768639 0.70816 
4.25 0.55 0.0233874 0.716464 
4.3 0.55 -0.0309623 0.715828 
4.35 0.55 -0.0841355 0.706291 
4.4 0.55 -0.134142 0.688482 
4.45 0.55 -0.17915 0.663476 
4.5 0.55 -0.21756 0.632591 
4.55 0.55 -0.248056 0.597173 
4.6 0.55 -0.269626 0.558446 
4.65 0.55 -0.281568 0.517462 
4.7 0.55 -0.283479 0.475135 
4.75 0.55 -0.27526 0.432364 
4.8 0.55 -0.257114 0.39018 
4.85 0.55 -0.229565 0.34988 
4.9 0.55 -0.193477 0.313097 
4.95 0.55 -0.15007 0.281753 
5 0.55 -0.100923 0.257855 
0 0.6 -0.14191 0.263244 
0.05 0.6 -0.0956859 0.238265 
0.1 0.6 -0.0457178 0.222816 
0.15 0.6 0.00609928 0.218247 
0.2 0.6 0.0577329 0.224976 
0.25 0.6 0.107147 0.242383 
0.3 0.6 0.152428 0.268957 
0.35 0.6 0.191895 0.302637 
0.4 0.6 0.22416 0.341207 
0.45 0.6 0.248168 0.382619 
0.5 0.6 0.263194 0.425177 
0.55 0.6 0.26883 0.467558 
0.6 0.6 0.264966 0.508737 
0.65 0.6 0.251773 0.547853 
0.7 0.6 0.229701 0.584071 
0.75 0.6 0.199475 0.616486 
0.8 0.6 0.162101 0.644099 
0.85 0.6 0.118856 0.665857 
0.9 0.6 0.071262 0.680774 
0.95 0.6 0.0210405 0.688084 
1 0.6 -0.0299607 0.687382 
1.05 0.6 -0.0798552 0.678706 
1.1 0.6 -0.126811 0.662532 
1.15 0.6 -0.169135 0.639675 
1.2 0.6 -0.205344 0.611143 
1.25 0.6 -0.234204 0.577982 
1.3 0.6 -0.254756 0.541177 
1.35 0.6 -0.266319 0.501615 
1.4 0.6 -0.268488 0.460125 
1.45 0.6 -0.261136 0.417588 
1.5 0.6 -0.244419 0.375073 
1.55 0.6 -0.218794 0.333968 
1.6 0.6 -0.185039 0.296046 
1.65 0.6 -0.144265 0.263408 
1.7 0.6 -0.097915 0.238279 
1.75 0.6 -0.0477203 0.222663 
1.8 0.6 0.00436668 0.217936 
1.85 0.6 0.0562805 0.224537 
1.9 0.6 0.105966 0.241856 
1.95 0.6 0.151502 0.268387 
2 0.6 0.191199 0.302062 
2.05 0.6 0.22367 0.340654 
2.1 0.6 0.247858 0.382107 
2.15 0.6 0.263041 0.424713 
2.2 0.6 0.268813 0.467145 
2.25 0.6 0.265064 0.508373 
2.3 0.6 0.25197 0.547537 
2.35 0.6 0.22998 0.583802 
2.4 0.6 0.199821 0.616267 
2.45 0.6 0.162499 0.643933 
2.5 0.6 0.11929 0.665749 
2.55 0.6 0.0717166 0.68073 
2.6 0.6 0.0215004 0.688106 
2.65 0.6 -0.0295112 0.687471 
2.7 0.6 -0.0794312 0.678858 
2.75 0.6 -0.126426 0.662742 
2.8 0.6 -0.168802 0.639934 
2.85 0.6 -0.205073 0.611442 
2.9 0.6 -0.234004 0.578314 
2.95 0.6 -0.254632 0.541534 
3 0.6 -0.266274 0.501989 
3.05 0.6 -0.268525 0.46051 
3.1 0.6 -0.261253 0.417975 
3.15 0.6 -0.244613 0.375453 
3.2 0.6 -0.21906 0.334327 
3.25 0.6 -0.185368 0.296367 
3.3 0.6 -0.144647 0.263672 
3.35 0.6 -0.0983345 0.238469 
3.4 0.6 -0.0481622 0.222763 
3.45 0.6 0.00391944 0.217941 
3.5 0.6 0.0558454 0.224447 
3.55 0.6 0.10556 0.241683 
3.6 0.6 0.151139 0.268146 
3.65 0.6 0.190893 0.301772 
3.7 0.6 0.223429 0.340335 
3.75 0.6 0.247691 0.381774 
3.8 0.6 0.26295 0.424379 
3.85 0.6 0.2688 0.466819 
3.9 0.6 0.26513 0.508064 
3.95 0.6 0.25211 0.54725 
4 0.6 0.23019 0.583544 
4.05 0.6 0.200094 0.616046 
4.1 0.6 0.162826 0.643757 
4.15 0.6 0.119661 0.665626 
4.2 0.6 0.0721212 0.680664 
4.25 0.6 0.0219277 0.6881 
4.3 0.6 -0.02907 0.687519 
4.35 0.6 -0.0789815 0.678953 
4.4 0.6 -0.125969 0.662867 
4.45 0.6 -0.168331 0.640068 
4.5 0.6 -0.204573 0.611559 
4.55 0.6 -0.233451 0.578386 
4.6 0.6 -0.253994 0.541533 
4.65 0.6 -0.265508 0.501888 
4.7 0.6 -0.267579 0.460289 
4.75 0.6 -0.260072 0.417629 
4.8 0.6 -0.243141 0.374993 
4.85 0.6 -0.21725 0.333794 
4.9 0.6 -0.183195 0.295833 
4.95 0.6 -0.142125 0.263244 
5 0.6 -0.0955413 0.238265 
0 0.65 -0.128772 0.242653 
0.05 0.65 -0.0868114 0.217427 
0.1 0.65 -0.0414065 0.201805 
0.15 0.65 0.00569746 0.19721 
0.2 0.65 0.0526246 0.204079 
0.25 0.65 0.0974962 0.221751 
0.3 0.65 0.138554 0.248625 
0.35 0.65 0.174258 0.282525 
0.4 0.65 0.203354 0.321121 
0.45 0.65 0.224899 0.36227 
0.5 0.65 0.23826 0.404197 
0.55 0.65 0.2431 0.445532 
0.6 0.65 0.239352 0.485229 
0.65 0.65 0.227203 0.522449 
0.7 0.65 0.20709 0.556435 
0.75 0.65 0.179688 0.586432 
0.8 0.65 0.145917 0.611652 
0.85 0.65 0.106929 0.631301 
0.9 0.65 0.0640855 0.644657 
0.95 0.65 0.0189164 0.651167 
1 0.65 -0.0269423 0.650542 
1.05 0.65 -0.071822 0.64281 
1.1 0.65 -0.114099 0.628309 
1.15 0.65 -0.152269 0.607628 
1.2 0.65 -0.185003 0.581508 
1.25 0.65 -0.211184 0.550744 
1.3 0.65 -0.229934 0.516116 
1.35 0.65 -0.240612 0.478377 
1.4 0.65 -0.242824 0.438288 
1.45 0.65 -0.23642 0.396717 
1.5 0.65 -0.221508 0.354758 
1.55 0.65 -0.198471 0.313858 
1.6 0.65 -0.167992 0.275868 
1.65 0.65 -0.131066 0.242996 
1.7 0.65 -0.0890024 0.217584 
1.75 0.65 -0.0433902 0.201748 
1.8 0.65 0.0039712 0.196948 
1.85 0.65 0.0511724 0.20365 
1.9 0.65 0.0963145 0.221207 
1.95 0.65 0.137627 0.248022 
2 0.65 0.173563 0.281912 
2.05 0.65 0.202865 0.320534 
2.1 0.65 0.224589 0.36173 
2.15 0.65 0.238104 0.403715 
2.2 0.65 0.243075 0.44511 
2.25 0.65 0.239438 0.484866 
2.3 0.65 0.227382 0.522141 
2.35 0.65 0.207344 0.556181 
2.4 0.65 0.180003 0.586231 
2.45 0.65 0.146278 0.611505 
2.5 0.65 0.107322 0.631211 
2.55 0.65 0.0644974 0.644626 
2.6 0.65 0.0193324 0.651196 
2.65 0.65 -0.0265362 0.65063 
2.7 0.65 -0.0714391 0.642955 
2.75 0.65 -0.113752 0.628506 
2.8 0.65 -0.151968 0.607872 
2.85 0.65 -0.184757 0.581791 
2.9 0.65 -0.211002 0.55106 
2.95 0.65 -0.22982 0.51646 
3 0.65 -0.24057 0.478741 
3.05 0.65 -0.242855 0.438666 
3.1 0.65 -0.236524 0.3971 
3.15 0.65 -0.221683 0.355137 
3.2 0.65 -0.198712 0.314217 
3.25 0.65 -0.16829 0.276191 
3.3 0.65 -0.131412 0.243263 
3.35 0.65 -0.0893837 0.217775 
3.4 0.65 -0.0437922 0.201849 
3.45 0.65 0.00356435 0.196952 
3.5 0.65 0.0507768 0.203558 
3.55 0.65 0.0959455 0.221031 
3.6 0.65 0.137298 0.247778 
3.65 0.65 0.173285 0.28162 
3.7 0.65 0.202648 0.320215 
3.75 0.65 0.224438 0.3614 
3.8 0.65 0.238023 0.403387 
3.85 0.65 0.243064 0.444794 
3.9 0.65 0.239496 0.48457 
3.95 0.65 0.227506 0.52187 
4 0.65 0.20753 0.555941 
4.05 0.65 0.180243 0.586027 
4.1 0.65 0.146564 0.611343 
4.15 0.65 0.107645 0.631093 
4.2 0.65 0.0648477 0.644555 
4.25 0.65 0.019701 0.65117 
4.3 0.65 -0.0261567 0.650643 
4.35 0.65 -0.0710524 0.642995 
4.4 0.65 -0.113357 0.628558 
4.45 0.65 -0.151558 0.607912 
4.5 0.65 -0.184315 0.581796 
4.55 0.65 -0.210504 0.551001 
4.6 0.65 -0.229232 0.516308 
4.65 0.65 -0.239849 0.478471 
4.7 0.65 -0.241952 0.438259 
4.75 0.65 -0.235384 0.396552 
4.8 0.65 -0.220253 0.354466 
4.85 0.65 -0.196951 0.313471 
4.9 0.65 -0.166177 0.275454 
4.95 0.65 -0.128965 0.242653 
5 0.65 -0.0866816 0.217427 
0 0.7 -0.111088 0.218833 
0.05 0.7 -0.0748885 0.194435 
0.1 0.7 -0.035678 0.179318 
0.15 0.7 0.00501496 0.174893 
0.2 0.7 0.0455455 0.181589 
0.25 0.7 0.0842684 0.198744 
0.3 0.7 0.119648 0.224767 
0.35 0.7 0.150349 0.2575 
0.4 0.7 0.175292 0.294637 
0.45 0.7 0.193677 0.334062 
0.5 0.7 0.204981 0.374021 
0.55 0.7 0.208938 0.41316 
0.6 0.7 0.205518 0.450451 
0.65 0.7 0.194909 0.485094 
0.7 0.7 0.177504 0.516402 
0.75 0.7 0.153901 0.54374 
0.8 0.7 0.124897 0.566485 
0.85 0.7 0.09148 0.584044 
0.9 0.7 0.0548077 0.595893 
0.95 0.7 0.016174 0.601643 
1 0.7 -0.023041 0.601091 
1.05 0.7 -0.0614308 0.594256 
1.1 0.7 -0.0976258 0.581376 
1.15 0.7 -0.130352 0.562866 
1.2 0.7 -0.158476 0.539265 
1.25 0.7 -0.181041 0.511172 
1.3 0.7 -0.197282 0.47921 
1.35 0.7 -0.206632 0.44402 
1.4 0.7 -0.20873 0.406299 
1.45 0.7 -0.20342 0.366882 
1.5 0.7 -0.190768 0.326848 
1.55 0.7 -0.171079 0.287626 
1.6 0.7 -0.14492 0.251049 
1.65 0.7 -0.11314 0.219298 
1.7 0.7 -0.0768672 0.194695 
1.75 0.7 -0.0374852 0.179338 
1.8 0.7 0.00343134 0.174681 
1.85 0.7 0.0442074 0.181185 
1.9 0.7 0.083177 0.198207 
1.95 0.7 0.118792 0.22416 
2 0.7 0.149708 0.256878 
2.05 0.7 0.174841 0.294042 
2.1 0.7 0.193392 0.333517 
2.15 0.7 0.204837 0.373539 
2.2 0.7 0.208913 0.412743 
2.25 0.7 0.205592 0.450099 
2.3 0.7 0.195064 0.484801 
2.35 0.7 0.177725 0.516166 
2.4 0.7 0.154175 0.543558 
2.45 0.7 0.12521 0.566357 
2.5 0.7 0.09182 0.58397 
2.55 0.7 0.0551625 0.595873 
2.6 0.7 0.0165316 0.601676 
2.65 0.7 -0.0226923 0.601177 
2.7 0.7 -0.0611023 0.594394 
2.75 0.7 -0.0973277 0.58156 
2.8 0.7 -0.130093 0.563093 
2.85 0.7 -0.158265 0.539529 
2.9 0.7 -0.180884 0.511469 
2.95 0.7 -0.197183 0.479534 
3 0.7 -0.206595 0.444365 
3.05 0.7 -0.208756 0.406659 
3.1 0.7 -0.203509 0.367249 
3.15 0.7 -0.190917 0.327212 
3.2 0.7 -0.171285 0.287972 
3.25 0.7 -0.145177 0.251361 
3.3 0.7 -0.113438 0.219556 
3.35 0.7 -0.0771965 0.194881 
3.4 0.7 -0.0378326 0.179437 
3.45 0.7 0.00307972 0.174684 
3.5 0.7 0.0438656 0.181095 
3.55 0.7 0.0828586 0.198035 
3.6 0.7 0.118509 0.223923 
3.65 0.7 0.149469 0.256596 
3.7 0.7 0.174655 0.293735 
3.75 0.7 0.193263 0.333202 
3.8 0.7 0.204768 0.373228 
3.85 0.7 0.208904 0.412446 
3.9 0.7 0.205642 0.449822 
3.95 0.7 0.195169 0.48455 
4 0.7 0.177881 0.515946 
4.05 0.7 0.154375 0.543371 
4.1 0.7 0.125448 0.566206 
4.15 0.7 0.0920869 0.583856 
4.2 0.7 0.0554503 0.595796 
4.25 0.7 0.0168328 0.601633 
4.3 0.7 -0.0223836 0.601158 
4.35 0.7 -0.0607885 0.594387 
4.4 0.7 -0.097007 0.581549 
4.45 0.7 -0.129757 0.563057 
4.5 0.7 -0.157899 0.539443 
4.55 0.7 -0.180465 0.511305 
4.6 0.7 -0.196679 0.479266 
4.65 0.7 -0.205966 0.443969 
4.7 0.7 -0.207956 0.406119 
4.75 0.7 -0.202491 0.366563 
4.8 0.7 -0.189635 0.326402 
4.85 0.7 -0.169703 0.287092 
4.9 0.7 -0.143281 0.250498 
4.95 0.7 -0.111247 0.218833 
5 0.7 -0.074781 0.194435 
0 0.75 -0.0898834 0.191112 
0.05 0.75 -0.0606011 0.16875 
0.1 0.75 -0.0288517 0.154897 
0.15 0.75 0.00410721 0.150858 
0.2 0.75 0.0369249 0.157026 
0.25 0.75 0.0682523 0.172784 
0.3 0.75 0.0968348 0.196656 
0.35 0.75 0.121587 0.226643 
0.4 0.75 0.14164 0.260609 
0.45 0.75 0.156358 0.296592 
0.5 0.75 0.165335 0.332964 
0.55 0.75 0.168378 0.36846 
0.6 0.75 0.16548 0.402124 
0.65 0.75 0.156811 0.433216 
0.7 0.75 0.142704 0.461129 
0.75 0.75 0.123649 0.485326 
0.8 0.75 0.100292 0.505313 
0.85 0.75 0.0734278 0.520642 
0.9 0.75 0.0439795 0.530933 
0.95 0.75 0.0129759 0.535911 
1 0.75 -0.0184885 0.535433 
1.05 0.75 -0.0492988 0.529514 
1.1 0.75 -0.0783687 0.518317 
1.15 0.75 -0.104684 0.50214 
1.2 0.75 -0.127341 0.481373 
1.25 0.75 -0.145568 0.456473 
1.3 0.75 -0.158744 0.42794 
1.35 0.75 -0.166401 0.396317 
1.4 0.75 -0.168233 0.362231 
1.45 0.75 -0.164096 0.326453 
1.5 0.75 -0.154022 0.28999 
1.55 0.75 -0.138238 0.254176 
1.6 0.75 -0.117187 0.220713 
1.65 0.75 -0.0915455 0.191625 
1.7 0.75 -0.0622253 0.169061 
1.75 0.75 -0.0303536 0.154969 
1.8 0.75 0.00277891 0.150693 
1.85 0.75 0.0357959 0.156664 
1.9 0.75 0.067329 0.172284 
1.95 0.75 0.0961101 0.196082 
2 0.75 0.121045 0.226051 
2.05 0.75 0.14126 0.260041 
2.1 0.75 0.156119 0.296074 
2.15 0.75 0.165215 0.332508 
2.2 0.75 0.168357 0.36807 
2.25 0.75 0.165541 0.401797 
2.3 0.75 0.156939 0.43295 
2.35 0.75 0.142885 0.460918 
2.4 0.75 0.123872 0.485168 
2.45 0.75 0.100547 0.505205 
2.5 0.75 0.0737032 0.520583 
2.55 0.75 0.044266 0.530923 
2.6 0.75 0.0132641 0.535947 
2.65 0.75 -0.0182078 0.535516 
2.7 0.75 -0.0490345 0.52964 
2.75 0.75 -0.0781288 0.518485 
2.8 0.75 -0.104476 0.502345 
2.85 0.75 -0.127171 0.481612 
2.9 0.75 -0.145441 0.456742 
2.95 0.75 -0.158663 0.428234 
3 0.75 -0.166371 0.396632 
3.05 0.75 -0.168253 0.36256 
3.1 0.75 -0.164167 0.326789 
3.15 0.75 -0.154142 0.290323 
3.2 0.75 -0.138404 0.254494 
3.25 0.75 -0.117394 0.220999 
3.3 0.75 -0.0917868 0.191862 
3.35 0.75 -0.0624918 0.169232 
3.4 0.75 -0.0306349 0.155059 
3.45 0.75 0.00249412 0.150696 
3.5 0.75 0.0355193 0.156581 
3.55 0.75 0.0670716 0.172126 
3.6 0.75 0.0958815 0.195865 
3.65 0.75 0.120853 0.225793 
3.7 0.75 0.141111 0.25976 
3.75 0.75 0.156015 0.295786 
3.8 0.75 0.16516 0.332225 
3.85 0.75 0.16835 0.3678 
3.9 0.75 0.165581 0.401548 
3.95 0.75 0.157022 0.432724 
4 0.75 0.143008 0.46072 
4.05 0.75 0.124029 0.484999 
4.1 0.75 0.100732 0.505068 
4.15 0.75 0.0739099 0.520476 
4.2 0.75 0.0444876 0.530844 
4.25 0.75 0.0134944 0.535891 
4.3 0.75 -0.0179732 0.535473 
4.35 0.75 -0.0487974 0.529599 
4.4 0.75 -0.077887 0.518429 
4.45 0.75 -0.104222 0.502255 
4.5 0.75 -0.126891 0.481465 
4.55 0.75 -0.145116 0.456513 
4.6 0.75 -0.158266 0.427899 
4.65 0.75 -0.165867 0.39617 
4.7 0.75 -0.167605 0.361959 
4.75 0.75 -0.163334 0.32605 
4.8 0.75 -0.153088 0.289471 
4.85 0.75 -0.137103 0.25358 
4.9 0.75 -0.11584 0.22011 
4.95 0.75 -0.0899977 0.191112 
5 0.75 -0.0605238 0.16875 
0 0.8 -0.0666096 0.159268 
0.05 0.8 -0.0449171 0.140127 
0.1 0.8 -0.0213782 0.128279 
0.15 0.8 0.00305847 0.124836 
0.2 0.8 0.0273798 0.130129 
0.25 0.8 0.0505759 0.143628 
0.3 0.8 0.0717101 0.16407 
0.35 0.8 0.0899764 0.189743 
0.4 0.8 0.104735 0.218816 
0.45 0.8 0.115525 0.2496 
0.5 0.8 0.122059 0.280688 
0.55 0.8 0.124206 0.310979 
0.6 0.8 0.121977 0.339639 
0.65 0.8 0.115508 0.366026 
0.7 0.8 0.105052 0.389623 
0.75 0.8 0.0909768 0.409989 
0.8 0.8 0.0737601 0.426738 
0.85 0.8 0.0539847 0.439532 
0.9 0.8 0.0323267 0.448092 
0.95 0.8 0.00953625 0.452224 
1 0.8 -0.0135896 0.451828 
1.05 0.8 -0.0362395 0.446912 
1.1 0.8 -0.057622 0.437594 
1.15 0.8 -0.0769974 0.424082 
1.2 0.8 -0.0937035 0.406666 
1.25 0.8 -0.107174 0.38569 
1.3 0.8 -0.116947 0.361549 
1.35 0.8 -0.122674 0.334693 
1.4 0.8 -0.124118 0.305657 
1.45 0.8 -0.12116 0.275112 
1.5 0.8 -0.113812 0.243939 
1.55 0.8 -0.102227 0.213295 
1.6 0.8 -0.0867207 0.184652 
1.65 0.8 -0.0677859 0.159752 
1.7 0.8 -0.0460963 0.140438 
1.75 0.8 -0.0224921 0.128375 
1.8 0.8 0.00205943 0.124716 
1.85 0.8 0.0265241 0.129826 
1.9 0.8 0.0498741 0.143197 
1.95 0.8 0.0711594 0.163568 
2 0.8 0.0895658 0.189222 
2.05 0.8 0.104449 0.218315 
2.1 0.8 0.115347 0.249144 
2.15 0.8 0.121971 0.280287 
2.2 0.8 0.124193 0.310638 
2.25 0.8 0.122025 0.339356 
2.3 0.8 0.115605 0.365798 
2.35 0.8 0.105189 0.389445 
2.4 0.8 0.0911438 0.409858 
2.45 0.8 0.0739494 0.426651 
2.5 0.8 0.0541888 0.439487 
2.55 0.8 0.0325386 0.448089 
2.6 0.8 0.00974896 0.45226 
2.65 0.8 -0.0133828 0.451902 
2.7 0.8 -0.0360449 0.447023 
2.75 0.8 -0.0574455 0.437738 
2.8 0.8 -0.0768442 0.424259 
2.85 0.8 -0.0935781 0.406871 
2.9 0.8 -0.10708 0.38592 
2.95 0.8 -0.116888 0.361801 
3 0.8 -0.122651 0.334963 
3.05 0.8 -0.124132 0.305939 
3.1 0.8 -0.121212 0.275401 
3.15 0.8 -0.1139 0.244225 
3.2 0.8 -0.102349 0.213567 
3.25 0.8 -0.0868738 0.184898 
3.3 0.8 -0.0679644 0.159955 
3.35 0.8 -0.0462937 0.140584 
3.4 0.8 -0.0227006 0.128452 
3.45 0.8 0.00184838 0.124718 
3.5 0.8 0.0263192 0.129755 
3.55 0.8 0.0496836 0.143061 
3.6 0.8 0.0709906 0.163382 
3.65 0.8 0.0894243 0.189001 
3.7 0.8 0.104339 0.218075 
3.75 0.8 0.115271 0.248897 
3.8 0.8 0.121931 0.280045 
3.85 0.8 0.124188 0.310408 
3.9 0.8 0.122054 0.339143 
3.95 0.8 0.115666 0.365606 
4 0.8 0.105277 0.389276 
4.05 0.8 0.0912566 0.409714 
4.1 0.8 0.0740817 0.426532 
4.15 0.8 0.0543356 0.439391 
4.2 0.8 0.0326947 0.448013 
4.25 0.8 0.00990993 0.4522 
4.3 0.8 -0.0132202 0.451848 
4.35 0.8 -0.035882 0.446964 
4.4 0.8 -0.0572803 0.437661 
4.45 0.8 -0.076671 0.424144 
4.5 0.8 -0.0933865 0.4067 
4.55 0.8 -0.106854 0.385673 
4.6 0.8 -0.116607 0.361457 
4.65 0.8 -0.122289 0.334504 
4.7 0.8 -0.12366 0.305358 
4.75 0.8 -0.1206 0.2747 
4.8 0.8 -0.113123 0.24343 
4.85 0.8 -0.101391 0.212726 
4.9 0.8 -0.0857349 0.184086 
4.95 0.8 -0.066667 0.159268 
5 0.8 -0.0448781 0.140127 
0 0.85 -0.0432004 0.12351 
0.05 0.85 -0.029129 0.108576 
0.1 0.85 -0.0138609 0.0993476 
0.15 0.85 0.00197972 0.0966724 
0.2 0.85 0.0177339 0.100802 
0.25 0.85 0.032744 0.111328 
0.3 0.85 0.0464004 0.127273 
0.35 0.85 0.0581806 0.147314 
0.4 0.85 0.0676739 0.170029 
0.45 0.85 0.0745888 0.194096 
0.5 0.85 0.0787478 0.218407 
0.55 0.85 0.0800758 0.24209 
0.6 0.85 0.0785871 0.264476 
0.65 0.85 0.0743758 0.285056 
0.7 0.85 0.0676095 0.303422 
0.75 0.85 0.0585269 0.319235 
0.8 0.85 0.0474357 0.332207 
0.85 0.85 0.0347096 0.342092 
0.9 0.85 0.0207812 0.348694 
0.95 0.85 0.00612966 0.351877 
1 0.85 -0.00873604 0.351571 
1.05 0.85 -0.023298 0.347784 
1.1 0.85 -0.0370507 0.340595 
1.15 0.85 -0.0495216 0.330151 
1.2 0.85 -0.0602868 0.316656 
1.25 0.85 -0.0689827 0.300361 
1.3 0.85 -0.0753122 0.281563 
1.35 0.85 -0.0790472 0.26061 
1.4 0.85 -0.0800308 0.237924 
1.45 0.85 -0.0781801 0.21404 
1.5 0.85 -0.0734937 0.189662 
1.55 0.85 -0.0660617 0.165706 
1.6 0.85 -0.0560801 0.143332 
1.65 0.85 -0.0438617 0.1239 
1.7 0.85 -0.029841 0.108841 
1.75 0.85 -0.0145647 0.0994433 
1.8 0.85 0.0013337 0.0965933 
1.85 0.85 0.017175 0.100574 
1.9 0.85 0.0322845 0.110992 
1.95 0.85 0.0460404 0.126877 
2 0.85 0.0579135 0.146901 
2.05 0.85 0.0674894 0.16963 
2.1 0.85 0.0744752 0.193732 
2.15 0.85 0.0786936 0.218088 
2.2 0.85 0.0800703 0.241819 
2.25 0.85 0.078621 0.264252 
2.3 0.85 0.0744413 0.284876 
2.35 0.85 0.0676999 0.303283 
2.4 0.85 0.0586363 0.319134 
2.45 0.85 0.0475589 0.332142 
2.5 0.85 0.0348419 0.34206 
2.55 0.85 0.0209181 0.348694 
2.6 0.85 0.00626681 0.351908 
2.65 0.85 -0.00860288 0.351632 
2.7 0.85 -0.0231728 0.347873 
2.75 0.85 -0.0369372 0.34071 
2.8 0.85 -0.049423 0.33029 
2.85 0.85 -0.0602061 0.316817 
2.9 0.85 -0.0689222 0.300542 
2.95 0.85 -0.0752737 0.281761 
3 0.85 -0.079032 0.260822 
3.05 0.85 -0.0800396 0.238146 
3.1 0.85 -0.0782132 0.214267 
3.15 0.85 -0.0735503 0.189886 
3.2 0.85 -0.0661406 0.165919 
3.25 0.85 -0.0561788 0.143524 
3.3 0.85 -0.0439771 0.124059 
3.35 0.85 -0.0299687 0.108955 
3.4 0.85 -0.0146997 0.0995034 
3.45 0.85 0.00119705 0.0965951 
3.5 0.85 0.0170425 0.100518 
3.55 0.85 0.0321613 0.110886 
3.6 0.85 0.0459315 0.126732 
3.65 0.85 0.0578225 0.146728 
3.7 0.85 0.067419 0.169442 
3.75 0.85 0.0744269 0.19354 
3.8 0.85 0.078668 0.217899 
3.85 0.85 0.0800672 0.241638 
3.9 0.85 0.0786396 0.264086 
3.95 0.85 0.0744797 0.284726 
4 0.85 0.067756 0.303151 
4.05 0.85 0.0587074 0.319021 
4.1 0.85 0.0476418 0.332046 
4.15 0.85 0.0349333 0.341982 
4.2 0.85 0.0210145 0.34863 
4.25 0.85 0.00636516 0.351853 
4.3 0.85 -0.00850471 0.351579 
4.35 0.85 -0.0230756 0.347813 
4.4 0.85 -0.0368397 0.340632 
4.45 0.85 -0.0493215 0.33018 
4.5 0.85 -0.0600935 0.316659 
4.55 0.85 -0.068788 0.30032 
4.6 0.85 -0.0751038 0.281461 
4.65 0.85 -0.0788091 0.26043 
4.7 0.85 -0.0797443 0.237656 
4.75 0.85 -0.0778264 0.213686 
4.8 0.85 -0.0730569 0.189235 
4.85 0.85 -0.0655343 0.165239 
4.9 0.85 -0.0554685 0.142875 
4.95 0.85 -0.0431891 0.12351 
5 0.85 -0.0291363 0.108576 
0 0.9 -0.0221384 0.0844209 
0.05 0.9 -0.0148995 0.0743329 
0.1 0.9 -0.00708251 0.0681159 
0.15 0.9 0.00100497 0.0663184 
0.2 0.9 0.00903678 0.0691025 
0.25 0.9 0.0166799 0.0761971 
0.3 0.9 0.0236228 0.0869575 
0.35 0.9 0.0295995 0.100504 
0.4 0.9 0.0344029 0.115885 
0.45 0.9 0.0378886 0.132209 
0.5 0.9 0.0399712 0.148718 
0.55 0.9 0.0406174 0.16481 
0.6 0.9 0.0398386 0.180023 
0.65 0.9 0.0376851 0.194002 
0.7 0.9 0.0342432 0.206465 
0.75 0.9 0.0296341 0.217184 
0.8 0.9 0.024013 0.225965 
0.85 0.9 0.0175681 0.232648 
0.9 0.9 0.0105173 0.237107 
0.95 0.9 0.00310201 0.239255 
1 0.9 -0.0044213 0.239049 
1.05 0.9 -0.0117915 0.236492 
1.1 0.9 -0.0187539 0.231636 
1.15 0.9 -0.0250704 0.224573 
1.2 0.9 -0.0305275 0.215436 
1.25 0.9 -0.0349421 0.204388 
1.3 0.9 -0.0381642 0.191628 
1.35 0.9 -0.0400777 0.177394 
1.4 0.9 -0.0406014 0.161976 
1.45 0.9 -0.0396904 0.145748 
1.5 0.9 -0.0373395 0.129196 
1.55 0.9 -0.0335898 0.112954 
1.6 0.9 -0.0285358 0.097809 
1.65 0.9 -0.0223333 0.0846798 
1.7 0.9 -0.0152021 0.0745229 
1.75 0.9 -0.00742215 0.0681923 
1.8 0.9 0.000679708 0.0662738 
1.85 0.9 0.00875202 0.0689533 
1.9 0.9 0.0164456 0.0759724 
1.95 0.9 0.0234402 0.0866899 
2 0.9 0.0294652 0.100223 
2.05 0.9 0.0343113 0.115613 
2.1 0.9 0.0378333 0.131959 
2.15 0.9 0.0399462 0.148498 
2.2 0.9 0.040617 0.164624 
2.25 0.9 0.0398579 0.17987 
2.3 0.9 0.03772 0.193879 
2.35 0.9 0.0342903 0.206371 
2.4 0.9 0.0296905 0.217116 
2.45 0.9 0.0240761 0.225921 
2.5 0.9 0.0176356 0.232627 
2.55 0.9 0.0105869 0.237108 
2.6 0.9 0.00317154 0.239277 
2.65 0.9 -0.00435388 0.239091 
2.7 0.9 -0.0117282 0.236554 
2.75 0.9 -0.0186965 0.231715 
2.8 0.9 -0.0250206 0.224669 
2.85 0.9 -0.0304867 0.215546 
2.9 0.9 -0.0349115 0.204512 
2.95 0.9 -0.0381446 0.191764 
3 0.9 -0.0400699 0.177539 
3.05 0.9 -0.0406058 0.162127 
3.1 0.9 -0.039707 0.145902 
3.15 0.9 -0.0373681 0.129349 
3.2 0.9 -0.0336297 0.113098 
3.25 0.9 -0.0285859 0.0979391 
3.3 0.9 -0.0223919 0.0847871 
3.35 0.9 -0.0152671 0.0745998 
3.4 0.9 -0.00749092 0.0682329 
3.45 0.9 0.00061009 0.0662752 
3.5 0.9 0.00868452 0.0689163 
3.55 0.9 0.016383 0.0759014 
3.6 0.9 0.023385 0.086592 
3.65 0.9 0.0294191 0.100106 
3.7 0.9 0.0342757 0.115486 
3.75 0.9 0.0378091 0.131829 
3.8 0.9 0.0399335 0.14837 
3.85 0.9 0.0406157 0.164501 
3.9 0.9 0.0398673 0.179756 
3.95 0.9 0.0377394 0.193777 
4 0.9 0.0343184 0.206281 
4.05 0.9 0.0297259 0.217038 
4.1 0.9 0.0241171 0.225856 
4.15 0.9 0.0176805 0.232572 
4.2 0.9 0.0106338 0.237062 
4.25 0.9 0.00321889 0.239236 
4.3 0.9 -0.00430731 0.23905 
4.35 0.9 -0.0116829 0.236507 
4.4 0.9 -0.0186519 0.231654 
4.45 0.9 -0.0249747 0.224585 
4.5 0.9 -0.030436 0.215428 
4.55 0.9 -0.0348505 0.204349 
4.6 0.9 -0.0380659 0.191546 
4.65 0.9 -0.0399643 0.177258 
4.7 0.9 -0.0404632 0.161782 
4.75 0.9 -0.0395176 0.145496 
4.8 0.9 -0.0371248 0.1289 
4.85 0.9 -0.0333324 0.112635 
4.9 0.9 -0.028248 0.097503 
4.95 0.9 -0.022047 0.0844209 
5 0.9 -0.0149609 0.0743329 
0 0.95 -0.00654038 0.0428828 
0.05 0.95 -0.00432006 0.0378688 
0.1 0.95 -0.00204012 0.0347946 
0.15 0.95 0.000287345 0.033908 
0.2 0.95 0.00259108 0.0352855 
0.25 0.95 0.00477985 0.0387973 
0.3 0.95 0.00676438 0.0441324 
0.35 0.95 0.00846835 0.0508642 
0.4 0.95 0.00983327 0.0585261 
0.45 0.95 0.0108194 0.0666761 
0.5 0.95 0.0114041 0.0749343 
0.55 0.95 0.0115798 0.0829955 
0.6 0.95 0.0113509 0.0906229 
0.65 0.95 0.0107324 0.0976339 
0.7 0.95 0.00974916 0.103885 
0.75 0.95 0.00843528 0.109259 
0.8 0.95 0.00683452 0.113659 
0.85 0.95 0.00499996 0.117006 
0.9 0.95 0.00299323 0.119238 
0.95 0.95 0.000882834 0.120314 
1 0.95 -0.00125831 0.12021 
1.05 0.95 -0.0033559 0.118931 
1.1 0.95 -0.00533757 0.116499 
1.15 0.95 -0.00713575 0.112961 
1.2 0.95 -0.00869013 0.108382 
1.25 0.95 -0.00994905 0.102842 
1.3 0.95 -0.0108702 0.0964428 
1.35 0.95 -0.0114209 0.0893037 
1.4 0.95 -0.0115776 0.0815746 
1.45 0.95 -0.0113268 0.073447 
1.5 0.95 -0.0106656 0.06517 
1.55 0.95 -0.00960379 0.0570639 
1.6 0.95 -0.00816658 0.0495237 
1.65 0.95 -0.006397 0.043003 
1.7 0.95 -0.00435735 0.0379697 
1.75 0.95 -0.00212832 0.0348378 
1.8 0.95 0.000194924 0.0338894 
1.85 0.95 0.00250951 0.0352141 
1.9 0.95 0.00471331 0.0386874 
1.95 0.95 0.00671316 0.0440003 
2 0.95 0.00843124 0.0507244 
2.05 0.95 0.00980847 0.0583899 
2.1 0.95 0.0108049 0.0665508 
2.15 0.95 0.0113982 0.0748239 
2.2 0.95 0.0115807 0.0829015 
2.25 0.95 0.0113572 0.0905454 
2.3 0.95 0.010743 0.0975719 
2.35 0.95 0.00976303 0.103837 
2.4 0.95 0.00845164 0.109224 
2.45 0.95 0.00685268 0.113637 
2.5 0.95 0.00501927 0.116996 
2.55 0.95 0.00301308 0.119239 
2.6 0.95 0.000902629 0.120325 
2.65 0.95 -0.00123914 0.120232 
2.7 0.95 -0.00333793 0.118962 
2.75 0.95 -0.00532128 0.116539 
2.8 0.95 -0.00712163 0.113009 
2.85 0.95 -0.00867855 0.108437 
2.9 0.95 -0.00994035 0.102905 
2.95 0.95 -0.0108647 0.0965109 
3 0.95 -0.0114187 0.0893764 
3.05 0.95 -0.0115788 0.0816505 
3.1 0.95 -0.0113315 0.0735244 
3.15 0.95 -0.0106737 0.0652464 
3.2 0.95 -0.00961514 0.0571363 
3.25 0.95 -0.00818087 0.0495885 
3.3 0.95 -0.00641376 0.0430563 
3.35 0.95 -0.00437596 0.0380079 
3.4 0.95 -0.00214803 0.034858 
3.45 0.95 0.000174971 0.0338903 
3.5 0.95 0.00249019 0.0351959 
3.55 0.95 0.00469542 0.0386523 
3.6 0.95 0.0066974 0.0439518 
3.65 0.95 0.00841816 0.0506664 
3.7 0.95 0.00979844 0.0583265 
3.75 0.95 0.0107981 0.0664854 
3.8 0.95 0.0113947 0.0747594 
3.85 0.95 0.0115804 0.08284 
3.9 0.95 0.01136 0.0904883 
3.95 0.95 0.0107485 0.0975203 
4 0.95 0.00977101 0.103791 
4.05 0.95 0.00846163 0.109185 
4.1 0.95 0.00686418 0.113603 
4.15 0.95 0.00503175 0.116968 
4.2 0.95 0.00302599 0.119215 
4.25 0.95 0.000915475 0.120303 
4.3 0.95 -0.00122675 0.12021 
4.35 0.95 -0.00332617 0.118936 
4.4 0.95 -0.00531004 0.116506 
4.45 0.95 -0.00711038 0.112964 
4.5 0.95 -0.00866629 0.108375 
4.55 0.95 -0.0099255 0.10282 
4.6 0.95 -0.0108451 0.0963984 
4.65 0.95 -0.0113916 0.0892327 
4.7 0.95 -0.0115412 0.0814747 
4.75 0.95 -0.0112802 0.0733196 
4.8 0.95 -0.0106067 0.0650218 
4.85 0.95 -0.00953355 0.0569077 
4.9 0.95 -0.00809459 0.0493774 
4.95 0.95 -0.00635724 0.0428828 
5 0.95 -0.00444405 0.0378688 
0 1 0 0 
0.05 1 0 0 
0.1 1 0 0 
0.15 1 0 0 
0.2 1 0 0 
0.25 1 0 0 
0.3 1 0 0 
0.35 1 0 0 
0.4 1 0 0 
0.45 1 0 0 
0.5 1 0 0 
0.55 1 0 0 
0.6 1 0 0 
0.65 1 0 0 
0.7 1 0 0 
0.75 1 0 0 
0.8 1 0 0 
0.85 1 0 0 
0.9 1 0 0 
0.95 1 0 0 
1 1 0 0 
1.05 1 0 0 
1.1 1 0 0 
1.15 1 0 0 
1.2 1 0 0 
1.25 1 0 0 
1.3 1 0 0 
1.35 1 0 0 
1.4 1 0 0 
1.45 1 0 0 
1.5 1 0 0 
1.55 1 0 0 
1.6 1 0 0 
1.65 1 0 0 
1.7 1 0 0 
1.75 1 0 0 
1.8 1 0 0 
1.85 1 0 0 
1.9 1 0 0 
1.95 1 0 0 
2 1 0 0 
2.05 1 0 0 
2.1 1 0 0 
2.15 1 0 0 
2.2 1 0 0 
2.25 1 0 0 
2.3 1 0 0 
2.35 1 0 0 
2.4 1 0 0 
2.45 1 0 0 
2.5 1 0 0 
2.55 1 0 0 
2.6 1 0 0 
2.65 1 0 0 
2.7 1 0 0 
2.75 1 0 0 
2.8 1 0 0 
2.85 1 0 0 
2.9 1 0 0 
2.95 1 0 0 
3 1 0 0 
3.05 1 0 0 
3.1 1 0 0 
3.15 1 0 0 
3.2 1 0 0 
3.25 1 0 0 
3.3 1 0 0 
3.35 1 0 0 
3.4 1 0 0 
3.45 1 0 0 
3.5 1 0 0 
3.55 1 0 0 
3.6 1 0 0 
3.65 1 0 0 
3.7 1 0 0 
3.75 1 0 0 
3.8 1 0 0 
3.85 1 0 0 
3.9 1 0 0 
3.95 1 0 0 
4 1 0 0 
4.05 1 0 0 
4.1 1 0 0 
4.15 1 0 0 
4.2 1 0 0 
4.25 1 0 0 
4.3 1 0 0 
4.35 1 0 0 
4.4 1 0 0 
4.45 1 0 0 
4.5 1 0 0 
4.55 1 0 0 
4.6 1 0 0 
4.65 1 0 0 
4.7 1 0 0 
4.75 1 0 0 
4.8 1 0 0 
4.85 1 0 0 
4.9 1 0 0 
4.95 1 0 0 
5 1 0 0 
