x, y, ksi, T
#iter= 1620000
0 0 0 1 
0.05 0 0 1 
0.1 0 0 1 
0.15 0 0 1 
0.2 0 0 1 
0.25 0 0 1 
0.3 0 0 1 
0.35 0 0 1 
0.4 0 0 1 
0.45 0 0 1 
0.5 0 0 1 
0.55 0 0 1 
0.6 0 0 1 
0.65 0 0 1 
0.7 0 0 1 
0.75 0 0 1 
0.8 0 0 1 
0.85 0 0 1 
0.9 0 0 1 
0.95 0 0 1 
1 0 0 1 
1.05 0 0 1 
1.1 0 0 1 
1.15 0 0 1 
1.2 0 0 1 
1.25 0 0 1 
1.3 0 0 1 
1.35 0 0 1 
1.4 0 0 1 
1.45 0 0 1 
1.5 0 0 1 
1.55 0 0 1 
1.6 0 0 1 
1.65 0 0 1 
1.7 0 0 1 
1.75 0 0 1 
1.8 0 0 1 
1.85 0 0 1 
1.9 0 0 1 
1.95 0 0 1 
2 0 0 1 
2.05 0 0 1 
2.1 0 0 1 
2.15 0 0 1 
2.2 0 0 1 
2.25 0 0 1 
2.3 0 0 1 
2.35 0 0 1 
2.4 0 0 1 
2.45 0 0 1 
2.5 0 0 1 
2.55 0 0 1 
2.6 0 0 1 
2.65 0 0 1 
2.7 0 0 1 
2.75 0 0 1 
2.8 0 0 1 
2.85 0 0 1 
2.9 0 0 1 
2.95 0 0 1 
3 0 0 1 
3.05 0 0 1 
3.1 0 0 1 
3.15 0 0 1 
3.2 0 0 1 
3.25 0 0 1 
3.3 0 0 1 
3.35 0 0 1 
3.4 0 0 1 
3.45 0 0 1 
3.5 0 0 1 
3.55 0 0 1 
3.6 0 0 1 
3.65 0 0 1 
3.7 0 0 1 
3.75 0 0 1 
3.8 0 0 1 
3.85 0 0 1 
3.9 0 0 1 
3.95 0 0 1 
4 0 0 1 
4.05 0 0 1 
4.1 0 0 1 
4.15 0 0 1 
4.2 0 0 1 
4.25 0 0 1 
4.3 0 0 1 
4.35 0 0 1 
4.4 0 0 1 
4.45 0 0 1 
4.5 0 0 1 
4.55 0 0 1 
4.6 0 0 1 
4.65 0 0 1 
4.7 0 0 1 
4.75 0 0 1 
4.8 0 0 1 
4.85 0 0 1 
4.9 0 0 1 
4.95 0 0 1 
5 0 0 1 
0 0.05 -0.00643953 0.884658 
0.05 0.05 -0.0043436 0.881665 
0.1 0.05 -0.0021572 0.879922 
0.15 0.05 5.39175e-05 0.879408 
0.2 0.05 0.0022318 0.880103 
0.25 0.05 0.0043126 0.881981 
0.3 0.05 0.00623172 0.884997 
0.35 0.05 0.00792852 0.889091 
0.4 0.05 0.00934928 0.894187 
0.45 0.05 0.0104487 0.900193 
0.5 0.05 0.0111904 0.906999 
0.55 0.05 0.0115471 0.914471 
0.6 0.05 0.0115008 0.92244 
0.65 0.05 0.0110434 0.930688 
0.7 0.05 0.0101785 0.938932 
0.75 0.05 0.00892346 0.946813 
0.8 0.05 0.00731219 0.953903 
0.85 0.05 0.00539748 0.959735 
0.9 0.05 0.00325123 0.963858 
0.95 0.05 0.000962156 0.965915 
1 0.05 -0.00136971 0.965717 
1.05 0.05 -0.00364077 0.963281 
1.1 0.05 -0.00575245 0.958833 
1.15 0.05 -0.00761872 0.952751 
1.2 0.05 -0.00917097 0.945494 
1.25 0.05 -0.0103599 0.937527 
1.3 0.05 -0.0111547 0.929266 
1.35 0.05 -0.0115407 0.921058 
1.4 0.05 -0.011517 0.913173 
1.45 0.05 -0.0110938 0.905821 
1.5 0.05 -0.0102912 0.899162 
1.55 0.05 -0.00913905 0.893327 
1.6 0.05 -0.00767641 0.888421 
1.65 0.05 -0.00595188 0.884532 
1.7 0.05 -0.00402307 0.881729 
1.75 0.05 -0.00195535 0.880066 
1.8 0.05 0.000180152 0.879575 
1.85 0.05 0.00230942 0.880264 
1.9 0.05 0.00435868 0.88212 
1.95 0.05 0.00625761 0.885109 
2 0.05 0.00794202 0.889174 
2.05 0.05 0.00935576 0.894242 
2.1 0.05 0.0104518 0.900223 
2.15 0.05 0.0111926 0.907007 
2.2 0.05 0.0115501 0.914461 
2.25 0.05 0.0115056 0.922416 
2.3 0.05 0.0110507 0.930654 
2.35 0.05 0.0101885 0.938892 
2.4 0.05 0.00893609 0.946772 
2.45 0.05 0.00732729 0.953866 
2.5 0.05 0.00541461 0.959706 
2.55 0.05 0.00326978 0.963842 
2.6 0.05 0.000981351 0.965915 
2.65 0.05 -0.0013507 0.965734 
2.7 0.05 -0.00362277 0.963315 
2.75 0.05 -0.00573622 0.958881 
2.8 0.05 -0.00760489 0.95281 
2.85 0.05 -0.00916002 0.94556 
2.9 0.05 -0.0103521 0.937596 
2.95 0.05 -0.0111503 0.929336 
3 0.05 -0.0115398 0.921126 
3.05 0.05 -0.0115195 0.913238 
3.1 0.05 -0.0110995 0.90588 
3.15 0.05 -0.0103 0.899216 
3.2 0.05 -0.00915054 0.893373 
3.25 0.05 -0.00769026 0.888459 
3.3 0.05 -0.00596766 0.88456 
3.35 0.05 -0.00404025 0.881749 
3.4 0.05 -0.00197335 0.880076 
3.45 0.05 0.000161946 0.879575 
3.5 0.05 0.00229163 0.880254 
3.55 0.05 0.00434191 0.882101 
3.6 0.05 0.00624244 0.88508 
3.65 0.05 0.00792895 0.889136 
3.7 0.05 0.00934523 0.894196 
3.75 0.05 0.0104442 0.90017 
3.8 0.05 0.0111882 0.906947 
3.85 0.05 0.0115492 0.914396 
3.9 0.05 0.0115083 0.922347 
3.95 0.05 0.0110571 0.930583 
4 0.05 0.0101987 0.938823 
4.05 0.05 0.00894995 0.946708 
4.1 0.05 0.00734457 0.953813 
4.15 0.05 0.00543489 0.959669 
4.2 0.05 0.00329245 0.963826 
4.25 0.05 0.00100566 0.965925 
4.3 0.05 -0.00132566 0.965773 
4.35 0.05 -0.00359798 0.963385 
4.4 0.05 -0.0057127 0.958982 
4.45 0.05 -0.00758372 0.95294 
4.5 0.05 -0.00914238 0.945717 
4.55 0.05 -0.0103395 0.937778 
4.6 0.05 -0.0111446 0.92954 
4.65 0.05 -0.011544 0.921349 
4.7 0.05 -0.0115378 0.913477 
4.75 0.05 -0.0111386 0.90613 
4.8 0.05 -0.01037 0.899467 
4.85 0.05 -0.00926694 0.893609 
4.9 0.05 -0.00787728 0.888651 
4.95 0.05 -0.00626081 0.884658 
5 0.05 -0.00446542 0.881665 
0 0.1 -0.0217259 0.770651 
0.05 0.1 -0.0148687 0.764774 
0.1 0.1 -0.00741835 0.761283 
0.15 0.1 0.000255772 0.760236 
0.2 0.1 0.00786863 0.761613 
0.25 0.1 0.0151624 0.765355 
0.3 0.1 0.0218968 0.771372 
0.35 0.1 0.0278526 0.779539 
0.4 0.1 0.032837 0.789701 
0.45 0.1 0.0366881 0.801674 
0.5 0.1 0.0392762 0.815241 
0.55 0.1 0.0405055 0.83014 
0.6 0.1 0.0403143 0.846041 
0.65 0.1 0.0386784 0.862521 
0.7 0.1 0.0356158 0.879021 
0.75 0.1 0.0311939 0.894831 
0.8 0.1 0.0255379 0.909089 
0.85 0.1 0.018836 0.920844 
0.9 0.1 0.0113396 0.929172 
0.95 0.1 0.00335458 0.933332 
1 0.1 -0.00477661 0.93293 
1.05 0.1 -0.0127001 0.928005 
1.1 0.1 -0.0200782 0.919023 
1.15 0.1 -0.0266136 0.906768 
1.2 0.1 -0.0320657 0.89218 
1.25 0.1 -0.0362579 0.876203 
1.3 0.1 -0.0390759 0.859675 
1.35 0.1 -0.040462 0.843278 
1.4 0.1 -0.040407 0.827546 
1.45 0.1 -0.0389432 0.812885 
1.5 0.1 -0.0361401 0.79961 
1.55 0.1 -0.0321023 0.787974 
1.6 0.1 -0.0269687 0.778186 
1.65 0.1 -0.0209118 0.770422 
1.7 0.1 -0.0141354 0.764826 
1.75 0.1 -0.00687033 0.761505 
1.8 0.1 0.000633071 0.760523 
1.85 0.1 0.00811453 0.761899 
1.9 0.1 0.0153147 0.765608 
1.95 0.1 0.0219859 0.771575 
2 0.1 0.0279015 0.779688 
2.05 0.1 0.0328625 0.789799 
2.1 0.1 0.0367022 0.801725 
2.15 0.1 0.0392872 0.815251 
2.2 0.1 0.0405188 0.830115 
2.25 0.1 0.0403336 0.84599 
2.3 0.1 0.0387058 0.86245 
2.35 0.1 0.0356522 0.878939 
2.4 0.1 0.0312395 0.894746 
2.45 0.1 0.0255918 0.909012 
2.5 0.1 0.0188967 0.920785 
2.55 0.1 0.0114049 0.929138 
2.6 0.1 0.00342196 0.933331 
2.65 0.1 -0.00470996 0.932964 
2.7 0.1 -0.012637 0.928073 
2.75 0.1 -0.0200213 0.919119 
2.8 0.1 -0.026565 0.906886 
2.85 0.1 -0.0320272 0.892313 
2.9 0.1 -0.0362304 0.876343 
2.95 0.1 -0.0390603 0.859815 
3 0.1 -0.0404585 0.843415 
3.05 0.1 -0.0404154 0.827675 
3.1 0.1 -0.0389631 0.813004 
3.15 0.1 -0.0361708 0.799716 
3.2 0.1 -0.0321427 0.788065 
3.25 0.1 -0.0270174 0.778261 
3.3 0.1 -0.0209673 0.77048 
3.35 0.1 -0.0141958 0.764865 
3.4 0.1 -0.00693361 0.761524 
3.45 0.1 0.000569066 0.760522 
3.5 0.1 0.008052 0.761879 
3.55 0.1 0.0152558 0.765568 
3.6 0.1 0.0219326 0.771517 
3.65 0.1 0.0278556 0.779613 
3.7 0.1 0.0328257 0.789707 
3.75 0.1 0.0366756 0.801618 
3.8 0.1 0.039272 0.815131 
3.85 0.1 0.0405159 0.829985 
3.9 0.1 0.0403435 0.845852 
3.95 0.1 0.0387288 0.862308 
4 0.1 0.0356883 0.8788 
4.05 0.1 0.0312883 0.894618 
4.1 0.1 0.0256523 0.908904 
4.15 0.1 0.0189675 0.920708 
4.2 0.1 0.0114838 0.929104 
4.25 0.1 0.00350638 0.933349 
4.3 0.1 -0.00462312 0.933041 
4.35 0.1 -0.0125511 0.928211 
4.4 0.1 -0.0199398 0.919319 
4.45 0.1 -0.0264917 0.907143 
4.5 0.1 -0.0319661 0.892622 
4.55 0.1 -0.0361866 0.8767 
4.6 0.1 -0.0390402 0.860215 
4.65 0.1 -0.0404714 0.843852 
4.7 0.1 -0.0404747 0.828143 
4.75 0.1 -0.0390878 0.81349 
4.8 0.1 -0.0363869 0.800202 
4.85 0.1 -0.0324837 0.788514 
4.9 0.1 -0.0275178 0.778615 
4.95 0.1 -0.0216365 0.770651 
5 0.1 -0.0149276 0.764774 
0 0.15 -0.0423254 0.662788 
0.05 0.15 -0.02893 0.654209 
0.1 0.15 -0.014382 0.649066 
0.15 0.15 0.00066499 0.647503 
0.2 0.15 0.0156371 0.649521 
0.25 0.15 0.0300059 0.655042 
0.3 0.15 0.0432822 0.663925 
0.35 0.15 0.0550234 0.675978 
0.4 0.15 0.0648426 0.690963 
0.45 0.15 0.0724159 0.708602 
0.5 0.15 0.0774861 0.728572 
0.55 0.15 0.0798649 0.750492 
0.6 0.15 0.079435 0.773886 
0.65 0.15 0.0761555 0.798144 
0.7 0.15 0.070071 0.82246 
0.75 0.15 0.0613242 0.845794 
0.8 0.15 0.0501694 0.866876 
0.85 0.15 0.0369815 0.88429 
0.9 0.15 0.0222538 0.896643 
0.95 0.15 0.00658133 0.902822 
1 0.15 -0.00937346 0.902224 
1.05 0.15 -0.0249271 0.894911 
1.1 0.15 -0.0394259 0.881588 
1.15 0.15 -0.0522908 0.863438 
1.2 0.15 -0.0630486 0.841874 
1.25 0.15 -0.0713463 0.818299 
1.3 0.15 -0.0769507 0.793944 
1.35 0.15 -0.079738 0.769808 
1.4 0.15 -0.0796811 0.74666 
1.45 0.15 -0.0768369 0.725083 
1.5 0.15 -0.0713384 0.705532 
1.55 0.15 -0.0633903 0.688376 
1.6 0.15 -0.0532673 0.673927 
1.65 0.15 -0.0413116 0.662452 
1.7 0.15 -0.027928 0.654171 
1.75 0.15 -0.0135749 0.649251 
1.8 0.15 0.00125107 0.647795 
1.85 0.15 0.0160335 0.649835 
1.9 0.15 0.0302579 0.655327 
1.95 0.15 0.0434327 0.664157 
2 0.15 0.0551079 0.676147 
2.05 0.15 0.0648884 0.691069 
2.1 0.15 0.0724432 0.708648 
2.15 0.15 0.0775093 0.728566 
2.2 0.15 0.0798938 0.75044 
2.25 0.15 0.079476 0.773799 
2.3 0.15 0.0762124 0.798031 
2.35 0.15 0.0701455 0.822332 
2.4 0.15 0.0614162 0.845664 
2.45 0.15 0.0502773 0.866759 
2.5 0.15 0.0371022 0.884199 
2.55 0.15 0.0223832 0.896592 
2.6 0.15 0.00671452 0.902819 
2.65 0.15 -0.00924192 0.902274 
2.7 0.15 -0.0248026 0.895011 
2.75 0.15 -0.0393135 0.88173 
2.8 0.15 -0.0521947 0.863613 
2.85 0.15 -0.0629722 0.84207 
2.9 0.15 -0.0712918 0.818504 
2.95 0.15 -0.0769195 0.794151 
3 0.15 -0.0797307 0.770009 
3.05 0.15 -0.0796974 0.74685 
3.1 0.15 -0.076876 0.725257 
3.15 0.15 -0.0713988 0.705688 
3.2 0.15 -0.0634699 0.688511 
3.25 0.15 -0.0533635 0.674038 
3.3 0.15 -0.0414212 0.662537 
3.35 0.15 -0.0280475 0.654228 
3.4 0.15 -0.0137 0.64928 
3.45 0.15 0.00112454 0.647795 
3.5 0.15 0.0159099 0.649806 
3.55 0.15 0.0301415 0.655269 
3.6 0.15 0.0433275 0.664071 
3.65 0.15 0.0550174 0.676036 
3.7 0.15 0.0648158 0.690933 
3.75 0.15 0.0723911 0.708491 
3.8 0.15 0.0774798 0.72839 
3.85 0.15 0.0798885 0.750249 
3.9 0.15 0.079496 0.773596 
3.95 0.15 0.0762582 0.797823 
4 0.15 0.0702168 0.822128 
4.05 0.15 0.0615122 0.845475 
4.1 0.15 0.050396 0.866599 
4.15 0.15 0.0372406 0.884085 
4.2 0.15 0.0225373 0.89654 
4.25 0.15 0.00687903 0.902843 
4.3 0.15 -0.00907282 0.902384 
4.35 0.15 -0.0246353 0.895211 
4.4 0.15 -0.0391545 0.882019 
4.45 0.15 -0.0520509 0.863984 
4.5 0.15 -0.062851 0.842516 
4.55 0.15 -0.0712019 0.819016 
4.6 0.15 -0.076872 0.79472 
4.65 0.15 -0.0797406 0.770628 
4.7 0.15 -0.0797853 0.747506 
4.75 0.15 -0.0770697 0.725934 
4.8 0.15 -0.0717332 0.706355 
4.85 0.15 -0.0639827 0.689119 
4.9 0.15 -0.0540795 0.674514 
4.95 0.15 -0.0423116 0.662788 
5 0.15 -0.0289366 0.654209 
0 0.2 -0.0652331 0.566808 
0.05 0.2 -0.044473 0.555819 
0.1 0.2 -0.0219888 0.549205 
0.15 0.2 0.00129135 0.547181 
0.2 0.2 0.0244887 0.549779 
0.25 0.2 0.0467717 0.556909 
0.3 0.2 0.0673662 0.568383 
0.35 0.2 0.0855729 0.58393 
0.4 0.2 0.100783 0.603222 
0.45 0.2 0.112489 0.625883 
0.5 0.2 0.120291 0.651488 
0.55 0.2 0.123902 0.679549 
0.6 0.2 0.123148 0.70947 
0.65 0.2 0.117975 0.740482 
0.7 0.2 0.108468 0.771574 
0.75 0.2 0.0948589 0.80143 
0.8 0.2 0.0775533 0.82843 
0.85 0.2 0.0571361 0.850753 
0.9 0.2 0.0343684 0.866603 
0.95 0.2 0.0101612 0.874534 
1 0.2 -0.0144758 0.873766 
1.05 0.2 -0.0385021 0.864377 
1.1 0.2 -0.0609208 0.847285 
1.15 0.2 -0.0808444 0.824021 
1.2 0.2 -0.0975414 0.796407 
1.25 0.2 -0.110459 0.766242 
1.3 0.2 -0.119226 0.735097 
1.35 0.2 -0.123635 0.704234 
1.4 0.2 -0.123631 0.674616 
1.45 0.2 -0.119292 0.646976 
1.5 0.2 -0.110815 0.621886 
1.55 0.2 -0.0985139 0.59982 
1.6 0.2 -0.0828125 0.581188 
1.65 0.2 -0.0642435 0.566355 
1.7 0.2 -0.0434394 0.555627 
1.75 0.2 -0.0211168 0.549243 
1.8 0.2 0.00194649 0.547353 
1.85 0.2 0.0249416 0.550002 
1.9 0.2 0.0470625 0.557127 
1.95 0.2 0.0675399 0.568561 
2 0.2 0.0856696 0.584054 
2.05 0.2 0.100835 0.603287 
2.1 0.2 0.112523 0.62589 
2.15 0.2 0.120325 0.651442 
2.2 0.2 0.123948 0.679456 
2.25 0.2 0.123214 0.709339 
2.3 0.2 0.118067 0.740324 
2.35 0.2 0.108587 0.771402 
2.4 0.2 0.0950046 0.801259 
2.45 0.2 0.077723 0.828276 
2.5 0.2 0.0573251 0.850634 
2.55 0.2 0.0345704 0.866536 
2.6 0.2 0.0103685 0.87453 
2.65 0.2 -0.0142714 0.87383 
2.7 0.2 -0.0383088 0.864506 
2.75 0.2 -0.0607462 0.847468 
2.8 0.2 -0.0806949 0.824245 
2.85 0.2 -0.0974223 0.796657 
2.9 0.2 -0.110374 0.766506 
2.95 0.2 -0.119176 0.735363 
3 0.2 -0.123623 0.704492 
3.05 0.2 -0.123656 0.67486 
3.1 0.2 -0.119352 0.647201 
3.15 0.2 -0.110909 0.622087 
3.2 0.2 -0.0986375 0.599994 
3.25 0.2 -0.082962 0.581332 
3.3 0.2 -0.0644141 0.566466 
3.35 0.2 -0.0436252 0.555702 
3.4 0.2 -0.0213115 0.549281 
3.45 0.2 0.00174955 0.547354 
3.5 0.2 0.0247493 0.549965 
3.55 0.2 0.0468815 0.557052 
3.6 0.2 0.0673764 0.568451 
3.65 0.2 0.0855293 0.583911 
3.7 0.2 0.100723 0.603114 
3.75 0.2 0.112442 0.625689 
3.8 0.2 0.120279 0.651217 
3.85 0.2 0.12394 0.679212 
3.9 0.2 0.123245 0.709081 
3.95 0.2 0.118138 0.74006 
4 0.2 0.108697 0.771142 
4.05 0.2 0.0951528 0.801018 
4.1 0.2 0.0779057 0.828072 
4.15 0.2 0.0575375 0.850488 
4.2 0.2 0.0348063 0.866468 
4.25 0.2 0.0106201 0.874559 
4.3 0.2 -0.0140127 0.873967 
4.35 0.2 -0.0380524 0.864756 
4.4 0.2 -0.0605015 0.847828 
4.45 0.2 -0.0804715 0.824706 
4.5 0.2 -0.09723 0.797209 
4.55 0.2 -0.110224 0.767134 
4.6 0.2 -0.119082 0.736056 
4.65 0.2 -0.123601 0.705236 
4.7 0.2 -0.12373 0.67564 
4.75 0.2 -0.11955 0.647993 
4.8 0.2 -0.111263 0.622858 
4.85 0.2 -0.099178 0.600692 
4.9 0.2 -0.083695 0.581888 
4.95 0.2 -0.0652828 0.566808 
5 0.2 -0.0444364 0.555819 
0 0.25 -0.0880976 0.486983 
0.05 0.25 -0.05991 0.473909 
0.1 0.25 -0.0294488 0.466023 
0.15 0.25 0.00209736 0.463605 
0.2 0.25 0.0335517 0.466724 
0.25 0.25 0.063777 0.475275 
0.3 0.25 0.0917078 0.489005 
0.35 0.25 0.116381 0.507552 
0.4 0.25 0.136963 0.530476 
0.45 0.25 0.152761 0.557293 
0.5 0.25 0.163237 0.587479 
0.55 0.25 0.168009 0.620453 
0.6 0.25 0.166853 0.655524 
0.65 0.25 0.159716 0.691812 
0.7 0.25 0.146729 0.728156 
0.75 0.25 0.128224 0.763037 
0.8 0.25 0.104762 0.794575 
0.85 0.25 0.0771405 0.820649 
0.9 0.25 0.0463835 0.839165 
0.95 0.25 0.0137096 0.84843 
1 0.25 -0.0195362 0.847533 
1.05 0.25 -0.0519693 0.836563 
1.1 0.25 -0.0822613 0.816594 
1.15 0.25 -0.109224 0.789418 
1.2 0.25 -0.13187 0.757158 
1.25 0.25 -0.149446 0.72191 
1.3 0.25 -0.161433 0.685494 
1.35 0.25 -0.167535 0.649363 
1.4 0.25 -0.167659 0.614622 
1.45 0.25 -0.16189 0.582112 
1.5 0.25 -0.150484 0.552496 
1.55 0.25 -0.133855 0.526341 
1.6 0.25 -0.112574 0.504159 
1.65 0.25 -0.0873651 0.486422 
1.7 0.25 -0.0590895 0.473546 
1.75 0.25 -0.0287291 0.465864 
1.8 0.25 0.00264871 0.463586 
1.85 0.25 0.0339328 0.466778 
1.9 0.25 0.0640163 0.475349 
1.95 0.25 0.0918434 0.489066 
2 0.25 0.116451 0.507579 
2.05 0.25 0.136998 0.53046 
2.1 0.25 0.152787 0.557231 
2.15 0.25 0.163273 0.587373 
2.2 0.25 0.168067 0.620306 
2.25 0.25 0.166944 0.655344 
2.3 0.25 0.159843 0.691609 
2.35 0.25 0.146893 0.727942 
2.4 0.25 0.128425 0.762828 
2.45 0.25 0.104996 0.79439 
2.5 0.25 0.077399 0.820509 
2.55 0.25 0.0466588 0.839086 
2.6 0.25 0.0139915 0.848426 
2.65 0.25 -0.0192585 0.847608 
2.7 0.25 -0.0517069 0.836714 
2.75 0.25 -0.0820241 0.81681 
2.8 0.25 -0.109021 0.789681 
2.85 0.25 -0.131708 0.757453 
2.9 0.25 -0.14933 0.72222 
2.95 0.25 -0.161366 0.685806 
3 0.25 -0.167518 0.649666 
3.05 0.25 -0.167691 0.61491 
3.1 0.25 -0.161971 0.582378 
3.15 0.25 -0.15061 0.552735 
3.2 0.25 -0.134022 0.526549 
3.25 0.25 -0.112778 0.504332 
3.3 0.25 -0.087597 0.486555 
3.35 0.25 -0.0593424 0.473637 
3.4 0.25 -0.0289942 0.465911 
3.45 0.25 0.00238062 0.463587 
3.5 0.25 0.0336712 0.466734 
3.55 0.25 0.0637702 0.475261 
3.6 0.25 0.0916213 0.488935 
3.65 0.25 0.11626 0.507409 
3.7 0.25 0.136846 0.530255 
3.75 0.25 0.152678 0.556996 
3.8 0.25 0.163212 0.58711 
3.85 0.25 0.168058 0.620022 
3.9 0.25 0.166987 0.655045 
3.95 0.25 0.15994 0.691303 
4 0.25 0.147043 0.727642 
4.05 0.25 0.128624 0.76255 
4.1 0.25 0.10524 0.794155 
4.15 0.25 0.077683 0.820339 
4.2 0.25 0.0469736 0.839007 
4.25 0.25 0.0143271 0.848458 
4.3 0.25 -0.0189134 0.847764 
4.35 0.25 -0.0513638 0.836999 
4.4 0.25 -0.0816946 0.817218 
4.45 0.25 -0.108716 0.790201 
4.5 0.25 -0.131439 0.758069 
4.55 0.25 -0.149106 0.722916 
4.6 0.25 -0.161201 0.686564 
4.65 0.25 -0.167427 0.650469 
4.7 0.25 -0.167691 0.615739 
4.75 0.25 -0.162084 0.583207 
4.8 0.25 -0.150859 0.553533 
4.85 0.25 -0.13442 0.527271 
4.9 0.25 -0.113313 0.504928 
4.95 0.25 -0.0881999 0.486983 
5 0.25 -0.0598383 0.473909 
0 0.3 -0.109105 0.424694 
0.05 0.3 -0.0740322 0.409773 
0.1 0.3 -0.0361838 0.400753 
0.15 0.3 0.00301269 0.397993 
0.2 0.3 0.0421041 0.401601 
0.25 0.3 0.0796665 0.411443 
0.3 0.3 0.114359 0.427174 
0.35 0.3 0.14497 0.448299 
0.4 0.3 0.170454 0.474233 
0.45 0.3 0.189953 0.504357 
0.5 0.3 0.202805 0.538036 
0.55 0.3 0.208549 0.574607 
0.6 0.3 0.20693 0.613313 
0.65 0.3 0.197904 0.653209 
0.7 0.3 0.181655 0.693051 
0.75 0.3 0.158621 0.731206 
0.8 0.3 0.129508 0.765649 
0.85 0.3 0.0953082 0.794091 
0.9 0.3 0.0572846 0.814271 
0.95 0.3 0.0169266 0.824363 
1 0.3 -0.0241271 0.823385 
1.05 0.3 -0.0641921 0.811434 
1.1 0.3 -0.101649 0.789665 
1.15 0.3 -0.135043 0.760012 
1.2 0.3 -0.163157 0.724769 
1.25 0.3 -0.18505 0.686194 
1.3 0.3 -0.200062 0.646248 
1.35 0.3 -0.207804 0.606492 
1.4 0.3 -0.208136 0.568109 
1.45 0.3 -0.201139 0.532001 
1.5 0.3 -0.18711 0.498902 
1.55 0.3 -0.166548 0.469464 
1.6 0.3 -0.140152 0.444315 
1.65 0.3 -0.108819 0.424064 
1.7 0.3 -0.0736252 0.409276 
1.75 0.3 -0.0358035 0.400416 
1.8 0.3 0.00330167 0.397783 
1.85 0.3 0.0422886 0.401473 
1.9 0.3 0.079761 0.411353 
1.95 0.3 0.11439 0.427093 
2 0.3 0.144966 0.448206 
2.05 0.3 0.170441 0.474117 
2.1 0.3 0.189951 0.504212 
2.15 0.3 0.202831 0.537861 
2.2 0.3 0.208614 0.574404 
2.25 0.3 0.20704 0.613086 
2.3 0.3 0.198063 0.652967 
2.35 0.3 0.181863 0.692803 
2.4 0.3 0.158874 0.730969 
2.45 0.3 0.129801 0.765443 
2.5 0.3 0.0956317 0.793935 
2.55 0.3 0.057628 0.814184 
2.6 0.3 0.0172776 0.82436 
2.65 0.3 -0.023782 0.823469 
2.7 0.3 -0.063866 0.8116 
2.75 0.3 -0.101354 0.789902 
2.8 0.3 -0.13479 0.760302 
2.85 0.3 -0.162955 0.725093 
2.9 0.3 -0.184904 0.686535 
2.95 0.3 -0.199976 0.646593 
3 0.3 -0.207781 0.606829 
3.05 0.3 -0.208175 0.56843 
3.1 0.3 -0.201239 0.5323 
3.15 0.3 -0.187267 0.499173 
3.2 0.3 -0.166756 0.469702 
3.25 0.3 -0.140405 0.444514 
3.3 0.3 -0.109108 0.424219 
3.35 0.3 -0.0739404 0.409383 
3.4 0.3 -0.0361341 0.400471 
3.45 0.3 0.00296736 0.397785 
3.5 0.3 0.0419624 0.401422 
3.55 0.3 0.0794545 0.411252 
3.6 0.3 0.114113 0.426944 
3.65 0.3 0.144729 0.448015 
3.7 0.3 0.170252 0.473888 
3.75 0.3 0.189817 0.50395 
3.8 0.3 0.202757 0.537572 
3.85 0.3 0.208603 0.574093 
3.9 0.3 0.207094 0.61276 
3.95 0.3 0.198183 0.652634 
4 0.3 0.182047 0.692478 
4.05 0.3 0.159118 0.730669 
4.1 0.3 0.1301 0.76519 
4.15 0.3 0.0959781 0.793754 
4.2 0.3 0.0580114 0.814101 
4.25 0.3 0.0176859 0.824394 
4.3 0.3 -0.0233615 0.823635 
4.35 0.3 -0.0634465 0.811901 
4.4 0.3 -0.100948 0.790331 
4.45 0.3 -0.134408 0.760845 
4.5 0.3 -0.162607 0.72573 
4.55 0.3 -0.184598 0.687247 
4.6 0.3 -0.19972 0.647357 
4.65 0.3 -0.207583 0.607625 
4.7 0.3 -0.208044 0.569237 
4.75 0.3 -0.201184 0.533095 
4.8 0.3 -0.187293 0.499928 
4.85 0.3 -0.166861 0.470388 
4.9 0.3 -0.140563 0.445102 
4.95 0.3 -0.10925 0.424694 
5 0.3 -0.0739324 0.409773 
0 0.35 -0.126884 0.378432 
0.05 0.35 -0.0859361 0.361744 
0.1 0.35 -0.0417798 0.35162 
0.15 0.35 0.00394975 0.348536 
0.2 0.35 0.0495571 0.352644 
0.25 0.35 0.0933657 0.363757 
0.3 0.35 0.133792 0.381396 
0.35 0.35 0.169408 0.404875 
0.4 0.35 0.198988 0.43341 
0.45 0.35 0.221535 0.466202 
0.5 0.35 0.236291 0.502484 
0.55 0.35 0.242743 0.541505 
0.6 0.35 0.24062 0.582464 
0.65 0.35 0.2299 0.624392 
0.7 0.35 0.21083 0.66603 
0.75 0.35 0.18394 0.705727 
0.8 0.35 0.150069 0.741435 
0.85 0.35 0.110375 0.770841 
0.9 0.35 0.0663124 0.791664 
0.95 0.35 0.0195882 0.802065 
1 0.35 -0.0279288 0.801056 
1.05 0.35 -0.074319 0.788735 
1.1 0.35 -0.117734 0.766265 
1.15 0.35 -0.156507 0.735592 
1.2 0.35 -0.189231 0.699029 
1.25 0.35 -0.214804 0.658861 
1.3 0.35 -0.232444 0.61707 
1.35 0.35 -0.24167 0.575234 
1.4 0.35 -0.242287 0.534551 
1.45 0.35 -0.23436 0.49595 
1.5 0.35 -0.218204 0.460215 
1.55 0.35 -0.194379 0.428093 
1.6 0.35 -0.163685 0.400355 
1.65 0.35 -0.127162 0.377796 
1.7 0.35 -0.0860712 0.361186 
1.75 0.35 -0.041866 0.351173 
1.8 0.35 0.00386164 0.34819 
1.85 0.35 0.049449 0.352371 
1.9 0.35 0.09324 0.363527 
1.95 0.35 0.133662 0.381185 
2 0.35 0.16929 0.404668 
2.05 0.35 0.198898 0.433196 
2.1 0.35 0.221487 0.465976 
2.15 0.35 0.236295 0.502243 
2.2 0.35 0.242805 0.54125 
2.25 0.35 0.240743 0.582196 
2.3 0.35 0.230086 0.624118 
2.35 0.35 0.211074 0.665759 
2.4 0.35 0.184238 0.705474 
2.45 0.35 0.150413 0.741218 
2.5 0.35 0.110754 0.77068 
2.55 0.35 0.0667139 0.791575 
2.6 0.35 0.0199977 0.802063 
2.65 0.35 -0.0275266 0.801145 
2.7 0.35 -0.0739391 0.78891 
2.75 0.35 -0.117391 0.766513 
2.8 0.35 -0.156212 0.735895 
2.85 0.35 -0.188994 0.699369 
2.9 0.35 -0.214633 0.65922 
2.95 0.35 -0.232343 0.617435 
3 0.35 -0.241642 0.575593 
3.05 0.35 -0.242331 0.534896 
3.1 0.35 -0.234474 0.496273 
3.15 0.35 -0.218386 0.460511 
3.2 0.35 -0.194621 0.428355 
3.25 0.35 -0.16398 0.400577 
3.3 0.35 -0.127499 0.377971 
3.35 0.35 -0.0864398 0.361307 
3.4 0.35 -0.0422528 0.351237 
3.45 0.35 0.00347046 0.348194 
3.5 0.35 0.0490676 0.352314 
3.55 0.35 0.0928818 0.363414 
3.6 0.35 0.133339 0.38102 
3.65 0.35 0.169015 0.404458 
3.7 0.35 0.198679 0.432947 
3.75 0.35 0.221332 0.465695 
3.8 0.35 0.23621 0.501936 
3.85 0.35 0.242793 0.540922 
3.9 0.35 0.240806 0.581856 
3.95 0.35 0.230224 0.623774 
4 0.35 0.211286 0.665425 
4.05 0.35 0.184518 0.705168 
4.1 0.35 0.150755 0.740962 
4.15 0.35 0.111149 0.770498 
4.2 0.35 0.0671501 0.791492 
4.25 0.35 0.020462 0.802099 
4.3 0.35 -0.0270478 0.801312 
4.35 0.35 -0.0734595 0.78921 
4.4 0.35 -0.116922 0.766937 
4.45 0.35 -0.155764 0.736426 
4.5 0.35 -0.188573 0.699985 
4.55 0.35 -0.214242 0.659898 
4.6 0.35 -0.231983 0.618151 
4.65 0.35 -0.241311 0.576324 
4.7 0.35 -0.242026 0.535621 
4.75 0.35 -0.234188 0.496973 
4.8 0.35 -0.218108 0.461166 
4.85 0.35 -0.194332 0.428949 
4.9 0.35 -0.163645 0.401101 
4.95 0.35 -0.127062 0.378432 
5 0.35 -0.0858144 0.361744 
0 0.4 -0.140424 0.344819 
0.05 0.4 -0.0949633 0.32631 
0.1 0.4 -0.0459486 0.315032 
0.15 0.4 0.00481704 0.311617 
0.2 0.4 0.0554415 0.316266 
0.25 0.4 0.104042 0.328719 
0.3 0.4 0.14884 0.348313 
0.35 0.4 0.188234 0.374112 
0.4 0.4 0.220862 0.40507 
0.45 0.4 0.245625 0.440158 
0.5 0.4 0.261704 0.478439 
0.55 0.4 0.268557 0.519066 
0.6 0.4 0.26592 0.561195 
0.65 0.4 0.253807 0.60387 
0.7 0.4 0.232522 0.645871 
0.75 0.4 0.202682 0.685619 
0.8 0.4 0.165232 0.721158 
0.85 0.4 0.121451 0.750286 
0.9 0.4 0.0729348 0.770842 
0.95 0.4 0.0215376 0.781089 
1 0.4 -0.0307169 0.780095 
1.05 0.4 -0.0817527 0.767952 
1.1 0.4 -0.129568 0.745756 
1.15 0.4 -0.172347 0.715347 
1.2 0.4 -0.208547 0.678919 
1.25 0.4 -0.236946 0.638647 
1.3 0.4 -0.256658 0.596424 
1.35 0.4 -0.26712 0.553762 
1.4 0.4 -0.268081 0.511823 
1.45 0.4 -0.259575 0.471533 
1.5 0.4 -0.241916 0.433726 
1.55 0.4 -0.215693 0.399261 
1.6 0.4 -0.181774 0.36909 
1.65 0.4 -0.141304 0.344248 
1.7 0.4 -0.0956885 0.325771 
1.75 0.4 -0.0465569 0.314556 
1.8 0.4 0.00429535 0.311202 
1.85 0.4 0.054989 0.315901 
1.9 0.4 0.103653 0.328387 
1.95 0.4 0.148514 0.348 
2 0.4 0.187977 0.37381 
2.05 0.4 0.220677 0.404772 
2.1 0.4 0.245517 0.439861 
2.15 0.4 0.261675 0.478142 
2.2 0.4 0.268609 0.518766 
2.25 0.4 0.26605 0.560896 
2.3 0.4 0.254011 0.603574 
2.35 0.4 0.232794 0.645587 
2.4 0.4 0.203015 0.68536 
2.45 0.4 0.165615 0.720939 
2.5 0.4 0.121873 0.750126 
2.55 0.4 0.0733807 0.770757 
2.6 0.4 0.0219914 0.781091 
2.65 0.4 -0.0302716 0.780186 
2.7 0.4 -0.0813323 0.768129 
2.75 0.4 -0.129187 0.746006 
2.8 0.4 -0.172019 0.715653 
2.85 0.4 -0.208284 0.679263 
2.9 0.4 -0.236755 0.639012 
2.95 0.4 -0.256544 0.596798 
3 0.4 -0.267086 0.554133 
3.05 0.4 -0.268128 0.512183 
3.1 0.4 -0.2597 0.471876 
3.15 0.4 -0.242115 0.434044 
3.2 0.4 -0.21596 0.399547 
3.25 0.4 -0.182101 0.369335 
3.3 0.4 -0.141679 0.344443 
3.35 0.4 -0.0960984 0.325908 
3.4 0.4 -0.0469873 0.314628 
3.45 0.4 0.00386004 0.311207 
3.5 0.4 0.0545647 0.315838 
3.55 0.4 0.103255 0.328261 
3.6 0.4 0.148156 0.347819 
3.65 0.4 0.187672 0.373582 
3.7 0.4 0.220436 0.404506 
3.75 0.4 0.245347 0.439564 
3.8 0.4 0.261582 0.477822 
3.85 0.4 0.268596 0.518431 
3.9 0.4 0.26612 0.560553 
3.95 0.4 0.254162 0.603232 
4 0.4 0.233025 0.645259 
4.05 0.4 0.203319 0.685061 
4.1 0.4 0.165986 0.720691 
4.15 0.4 0.122299 0.749952 
4.2 0.4 0.0738507 0.770679 
4.25 0.4 0.0224915 0.781126 
4.3 0.4 -0.0297554 0.780345 
4.35 0.4 -0.0808128 0.76841 
4.4 0.4 -0.128675 0.746399 
4.45 0.4 -0.171521 0.71614 
4.5 0.4 -0.207801 0.679821 
4.55 0.4 -0.236286 0.639616 
4.6 0.4 -0.25608 0.597421 
4.65 0.4 -0.266615 0.554752 
4.7 0.4 -0.267631 0.512777 
4.75 0.4 -0.259156 0.472428 
4.8 0.4 -0.241497 0.434544 
4.85 0.4 -0.215236 0.399992 
4.9 0.4 -0.181233 0.369733 
4.95 0.4 -0.140627 0.344819 
5 0.4 -0.0948255 0.32631 
0 0.45 -0.149016 0.319861 
0.05 0.45 -0.100655 0.299453 
0.1 0.45 -0.0484997 0.28696 
0.15 0.45 0.00552951 0.283199 
0.2 0.45 0.0593993 0.288432 
0.25 0.45 0.111079 0.302307 
0.3 0.45 0.158652 0.323938 
0.35 0.45 0.200399 0.352093 
0.4 0.45 0.234869 0.385411 
0.45 0.45 0.260908 0.422594 
0.5 0.45 0.277668 0.462505 
0.55 0.45 0.284611 0.504178 
0.6 0.45 0.281493 0.546731 
0.65 0.45 0.268372 0.589229 
0.7 0.45 0.24561 0.630538 
0.75 0.45 0.213888 0.669214 
0.8 0.45 0.174225 0.70349 
0.85 0.45 0.127979 0.731387 
0.9 0.45 0.0768201 0.750975 
0.95 0.45 0.0226776 0.760711 
1 0.45 -0.0323518 0.759766 
1.05 0.45 -0.08612 0.748224 
1.1 0.45 -0.136552 0.727055 
1.15 0.45 -0.181756 0.697897 
1.2 0.45 -0.220114 0.66271 
1.25 0.45 -0.250327 0.623451 
1.3 0.45 -0.271433 0.581832 
1.35 0.45 -0.282806 0.53924 
1.4 0.45 -0.284138 0.496761 
1.45 0.45 -0.275423 0.455309 
1.5 0.45 -0.256953 0.415772 
1.55 0.45 -0.229319 0.379142 
1.6 0.45 -0.19342 0.346585 
1.65 0.45 -0.150462 0.319421 
1.7 0.45 -0.101942 0.299003 
1.75 0.45 -0.0496143 0.286518 
1.8 0.45 0.00457854 0.282773 
1.85 0.45 0.0585994 0.28802 
1.9 0.45 0.110419 0.301906 
1.95 0.45 0.158123 0.323547 
2 0.45 0.199995 0.351712 
2.05 0.45 0.234584 0.385041 
2.1 0.45 0.260735 0.422236 
2.15 0.45 0.277602 0.462159 
2.2 0.45 0.284645 0.503843 
2.25 0.45 0.281621 0.546408 
2.3 0.45 0.268586 0.588921 
2.35 0.45 0.245899 0.630251 
2.4 0.45 0.214243 0.668958 
2.45 0.45 0.174635 0.703279 
2.5 0.45 0.128428 0.731236 
2.55 0.45 0.077294 0.750898 
2.6 0.45 0.0231592 0.760716 
2.65 0.45 -0.0318798 0.759858 
2.7 0.45 -0.0856745 0.748397 
2.75 0.45 -0.136148 0.727299 
2.8 0.45 -0.181409 0.698196 
2.85 0.45 -0.219834 0.663049 
2.9 0.45 -0.250122 0.623813 
2.95 0.45 -0.27131 0.582207 
3 0.45 -0.282768 0.539617 
3.05 0.45 -0.284185 0.497132 
3.1 0.45 -0.275554 0.455668 
3.15 0.45 -0.257163 0.41611 
3.2 0.45 -0.229602 0.37945 
3.25 0.45 -0.193767 0.346852 
3.3 0.45 -0.15086 0.319636 
3.35 0.45 -0.102378 0.299155 
3.4 0.45 -0.0500733 0.286599 
3.45 0.45 0.00411432 0.282778 
3.5 0.45 0.0581471 0.28795 
3.55 0.45 0.109996 0.301767 
3.6 0.45 0.157743 0.323349 
3.65 0.45 0.199672 0.351465 
3.7 0.45 0.234328 0.384758 
3.75 0.45 0.260555 0.421926 
3.8 0.45 0.277504 0.461832 
3.85 0.45 0.284633 0.503506 
3.9 0.45 0.281695 0.546068 
3.95 0.45 0.268744 0.588587 
4 0.45 0.246139 0.629935 
4.05 0.45 0.214559 0.668676 
4.1 0.45 0.175018 0.703047 
4.15 0.45 0.128868 0.731075 
4.2 0.45 0.0777774 0.750825 
4.25 0.45 0.023673 0.760747 
4.3 0.45 -0.0313488 0.759999 
4.35 0.45 -0.0851379 0.748646 
4.4 0.45 -0.135614 0.727643 
4.45 0.45 -0.180881 0.698615 
4.5 0.45 -0.219309 0.66352 
4.55 0.45 -0.24959 0.624309 
4.6 0.45 -0.270755 0.582701 
4.65 0.45 -0.282166 0.540085 
4.7 0.45 -0.283506 0.497554 
4.75 0.45 -0.274761 0.456029 
4.8 0.45 -0.256218 0.416407 
4.85 0.45 -0.228463 0.379692 
4.9 0.45 -0.192397 0.347064 
4.95 0.45 -0.149235 0.319861 
5 0.45 -0.100507 0.299453 
0 0.5 -0.152214 0.299845 
0.05 0.5 -0.102725 0.277569 
0.1 0.5 -0.0493215 0.263872 
0.15 0.5 0.00601617 0.259775 
0.2 0.5 0.0611796 0.2656 
0.25 0.5 0.114059 0.280895 
0.3 0.5 0.162664 0.304537 
0.35 0.5 0.205222 0.334978 
0.4 0.5 0.240247 0.37053 
0.45 0.5 0.266572 0.409608 
0.5 0.5 0.283362 0.450861 
0.55 0.5 0.290101 0.493195 
0.6 0.5 0.286586 0.535679 
0.65 0.5 0.272916 0.577407 
0.7 0.5 0.249501 0.617347 
0.75 0.5 0.217067 0.654233 
0.8 0.5 0.17667 0.686544 
0.85 0.5 0.12969 0.712599 
0.9 0.5 0.077811 0.73077 
0.95 0.5 0.0229627 0.739764 
1 0.5 -0.0327674 0.738892 
1.05 0.5 -0.0872431 0.728221 
1.1 0.5 -0.138397 0.708562 
1.15 0.5 -0.184336 0.681287 
1.2 0.5 -0.223425 0.648052 
1.25 0.5 -0.254339 0.61052 
1.3 0.5 -0.276077 0.570172 
1.35 0.5 -0.287967 0.528226 
1.4 0.5 -0.289654 0.485681 
1.45 0.5 -0.281087 0.443436 
1.5 0.5 -0.262521 0.40244 
1.55 0.5 -0.234522 0.363832 
1.6 0.5 -0.197983 0.329008 
1.65 0.5 -0.154122 0.299587 
1.7 0.5 -0.104478 0.277255 
1.75 0.5 -0.0508649 0.26351 
1.8 0.5 0.00469506 0.259373 
1.85 0.5 0.0600753 0.265168 
1.9 0.5 0.113159 0.280444 
1.95 0.5 0.161953 0.30408 
2 0.5 0.204685 0.334527 
2.05 0.5 0.239869 0.370095 
2.1 0.5 0.266338 0.409194 
2.15 0.5 0.283259 0.450472 
2.2 0.5 0.290116 0.492831 
2.25 0.5 0.286706 0.535339 
2.3 0.5 0.273131 0.577093 
2.35 0.5 0.249797 0.617063 
2.4 0.5 0.217432 0.653987 
2.45 0.5 0.177089 0.686346 
2.5 0.5 0.13015 0.71246 
2.55 0.5 0.0782952 0.730702 
2.6 0.5 0.023454 0.739775 
2.65 0.5 -0.0322864 0.738983 
2.7 0.5 -0.0867892 0.728388 
2.75 0.5 -0.137985 0.708795 
2.8 0.5 -0.183981 0.681574 
2.85 0.5 -0.223138 0.648379 
2.9 0.5 -0.254128 0.610875 
2.95 0.5 -0.275949 0.570543 
3 0.5 -0.287926 0.528605 
3.05 0.5 -0.2897 0.48606 
3.1 0.5 -0.281218 0.443807 
3.15 0.5 -0.262734 0.402796 
3.2 0.5 -0.234811 0.364161 
3.25 0.5 -0.198337 0.329298 
3.3 0.5 -0.15453 0.299822 
3.35 0.5 -0.104925 0.277423 
3.4 0.5 -0.0513357 0.263599 
3.45 0.5 0.00421882 0.259378 
3.5 0.5 0.0596116 0.26509 
3.55 0.5 0.112725 0.28029 
3.6 0.5 0.161565 0.303864 
3.65 0.5 0.204356 0.334262 
3.7 0.5 0.239609 0.369796 
3.75 0.5 0.266157 0.408873 
3.8 0.5 0.28316 0.450139 
3.85 0.5 0.290104 0.492495 
3.9 0.5 0.286781 0.535007 
3.95 0.5 0.27329 0.576773 
4 0.5 0.250037 0.616766 
4.05 0.5 0.217746 0.653725 
4.1 0.5 0.177469 0.686133 
4.15 0.5 0.130584 0.712314 
4.2 0.5 0.0787716 0.730635 
4.25 0.5 0.0239597 0.739798 
4.3 0.5 -0.0317636 0.739099 
4.35 0.5 -0.086259 0.728592 
4.4 0.5 -0.137453 0.709075 
4.45 0.5 -0.183446 0.681908 
4.5 0.5 -0.222594 0.648742 
4.55 0.5 -0.253558 0.61124 
4.6 0.5 -0.275329 0.570883 
4.65 0.5 -0.287223 0.528894 
4.7 0.5 -0.288873 0.486279 
4.75 0.5 -0.280222 0.443944 
4.8 0.5 -0.261518 0.402853 
4.85 0.5 -0.233329 0.364158 
4.9 0.5 -0.196556 0.329275 
4.95 0.5 -0.152441 0.299845 
5 0.5 -0.102572 0.277569 
0 0.55 -0.149819 0.281737 
0.05 0.55 -0.101047 0.257843 
0.1 0.55 -0.0483739 0.243102 
0.15 0.55 0.00622537 0.238721 
0.2 0.55 0.0606413 0.245076 
0.25 0.55 0.112761 0.261621 
0.3 0.55 0.160594 0.287014 
0.35 0.55 0.202379 0.319417 
0.4 0.55 0.236653 0.356839 
0.45 0.55 0.262282 0.397433 
0.5 0.55 0.278474 0.43965 
0.55 0.55 0.284758 0.48227 
0.6 0.55 0.280977 0.524312 
0.65 0.55 0.267272 0.564892 
0.7 0.55 0.244083 0.603083 
0.75 0.55 0.212151 0.637808 
0.8 0.55 0.172528 0.667812 
0.85 0.55 0.126567 0.691739 
0.9 0.55 0.0759034 0.708288 
0.95 0.55 0.0223928 0.71644 
1 0.55 -0.0319624 0.71565 
1.05 0.55 -0.0851159 0.705971 
1.1 0.55 -0.135084 0.688043 
1.15 0.55 -0.180042 0.66295 
1.2 0.55 -0.218402 0.632015 
1.25 0.55 -0.24886 0.596586 
1.3 0.55 -0.270415 0.557887 
1.35 0.55 -0.282377 0.516963 
1.4 0.55 -0.284356 0.474726 
1.45 0.55 -0.276258 0.432063 
1.5 0.55 -0.258291 0.389988 
1.55 0.55 -0.230976 0.349781 
1.6 0.55 -0.195162 0.313049 
1.65 0.55 -0.152038 0.281689 
1.7 0.55 -0.103121 0.257692 
1.75 0.55 -0.0502208 0.242842 
1.8 0.55 0.00463666 0.238361 
1.85 0.55 0.0593134 0.244636 
1.9 0.55 0.111682 0.261129 
1.95 0.55 0.159747 0.286498 
2 0.55 0.201742 0.318902 
2.05 0.55 0.236204 0.356344 
2.1 0.55 0.262002 0.396969 
2.15 0.55 0.278341 0.439223 
2.2 0.55 0.284755 0.481881 
2.25 0.55 0.281087 0.52396 
2.3 0.55 0.267481 0.564577 
2.35 0.55 0.244374 0.602808 
2.4 0.55 0.212511 0.637576 
2.45 0.55 0.172942 0.667631 
2.5 0.55 0.127021 0.691617 
2.55 0.55 0.0763796 0.708233 
2.6 0.55 0.0228752 0.716457 
2.65 0.55 -0.0314905 0.71574 
2.7 0.55 -0.0846707 0.706131 
2.75 0.55 -0.13468 0.688264 
2.8 0.55 -0.179693 0.663223 
2.85 0.55 -0.21812 0.632328 
2.9 0.55 -0.248652 0.596929 
2.95 0.55 -0.270288 0.558251 
3 0.55 -0.282334 0.517341 
3.05 0.55 -0.284398 0.47511 
3.1 0.55 -0.276385 0.432445 
3.15 0.55 -0.258499 0.390359 
3.2 0.55 -0.231259 0.350127 
3.25 0.55 -0.195511 0.313357 
3.3 0.55 -0.15244 0.281941 
3.35 0.55 -0.103563 0.257872 
3.4 0.55 -0.0506858 0.242937 
3.45 0.55 0.00416615 0.238365 
3.5 0.55 0.0588555 0.244551 
3.55 0.55 0.111254 0.260963 
3.6 0.55 0.159364 0.286267 
3.65 0.55 0.201419 0.318621 
3.7 0.55 0.23595 0.356031 
3.75 0.55 0.261824 0.396638 
3.8 0.55 0.278245 0.438887 
3.85 0.55 0.284743 0.481548 
3.9 0.55 0.28116 0.523637 
3.95 0.55 0.267635 0.564273 
4 0.55 0.244605 0.60253 
4.05 0.55 0.212812 0.637335 
4.1 0.55 0.173304 0.667438 
4.15 0.55 0.127433 0.691483 
4.2 0.55 0.0768302 0.708169 
4.25 0.55 0.0233524 0.716468 
4.3 0.55 -0.0309973 0.715825 
4.35 0.55 -0.0841691 0.706284 
4.4 0.55 -0.134173 0.688469 
4.45 0.55 -0.179177 0.663459 
4.5 0.55 -0.217583 0.632571 
4.55 0.55 -0.248074 0.59715 
4.6 0.55 -0.269638 0.558422 
4.65 0.55 -0.281574 0.517437 
4.7 0.55 -0.28348 0.47511 
4.75 0.55 -0.275254 0.432339 
4.8 0.55 -0.257103 0.390156 
4.85 0.55 -0.229548 0.349857 
4.9 0.55 -0.193455 0.313077 
4.95 0.55 -0.150045 0.281737 
5 0.55 -0.100894 0.257843 
0 0.6 -0.141886 0.263227 
0.05 0.6 -0.095659 0.238253 
0.1 0.6 -0.0456891 0.22281 
0.15 0.6 0.00612877 0.218248 
0.2 0.6 0.0577619 0.224984 
0.25 0.6 0.107174 0.242396 
0.3 0.6 0.152453 0.268975 
0.35 0.6 0.191915 0.302659 
0.4 0.6 0.224176 0.341231 
0.45 0.6 0.248179 0.382645 
0.5 0.6 0.263199 0.425202 
0.55 0.6 0.268829 0.467583 
0.6 0.6 0.26496 0.508762 
0.65 0.6 0.251762 0.547876 
0.7 0.6 0.229684 0.584091 
0.75 0.6 0.199454 0.616504 
0.8 0.6 0.162075 0.644113 
0.85 0.6 0.118827 0.665867 
0.9 0.6 0.0712305 0.68078 
0.95 0.6 0.021008 0.688085 
1 0.6 -0.0299931 0.687378 
1.05 0.6 -0.0798863 0.678697 
1.1 0.6 -0.126839 0.662518 
1.15 0.6 -0.16916 0.639658 
1.2 0.6 -0.205365 0.611121 
1.25 0.6 -0.23422 0.577958 
1.3 0.6 -0.254766 0.541151 
1.35 0.6 -0.266323 0.501587 
1.4 0.6 -0.268485 0.460096 
1.45 0.6 -0.261127 0.417558 
1.5 0.6 -0.244403 0.375044 
1.55 0.6 -0.218772 0.333941 
1.6 0.6 -0.185012 0.296021 
1.65 0.6 -0.144235 0.263387 
1.7 0.6 -0.0978808 0.238265 
1.75 0.6 -0.0476842 0.222656 
1.8 0.6 0.0044034 0.217937 
1.85 0.6 0.0563163 0.224546 
1.9 0.6 0.106 0.241872 
1.95 0.6 0.151532 0.268409 
2 0.6 0.191224 0.302088 
2.05 0.6 0.22369 0.340683 
2.1 0.6 0.247872 0.382138 
2.15 0.6 0.263048 0.424744 
2.2 0.6 0.268813 0.467175 
2.25 0.6 0.265058 0.508402 
2.3 0.6 0.251957 0.547564 
2.35 0.6 0.229961 0.583827 
2.4 0.6 0.199796 0.616289 
2.45 0.6 0.162469 0.643951 
2.5 0.6 0.119256 0.665763 
2.55 0.6 0.071681 0.680738 
2.6 0.6 0.0214635 0.688109 
2.65 0.6 -0.029548 0.687467 
2.7 0.6 -0.0794665 0.678849 
2.75 0.6 -0.126459 0.662728 
2.8 0.6 -0.168831 0.639916 
2.85 0.6 -0.205097 0.61142 
2.9 0.6 -0.234022 0.578289 
2.95 0.6 -0.254644 0.541507 
3 0.6 -0.26628 0.50196 
3.05 0.6 -0.268523 0.46048 
3.1 0.6 -0.261245 0.417945 
3.15 0.6 -0.244598 0.375423 
3.2 0.6 -0.219039 0.334299 
3.25 0.6 -0.185341 0.296341 
3.3 0.6 -0.144616 0.263651 
3.35 0.6 -0.0983003 0.238454 
3.4 0.6 -0.0481259 0.222756 
3.45 0.6 0.00395639 0.217941 
3.5 0.6 0.0558815 0.224455 
3.55 0.6 0.105594 0.241698 
3.6 0.6 0.15117 0.268167 
3.65 0.6 0.190919 0.301797 
3.7 0.6 0.22345 0.340363 
3.75 0.6 0.247705 0.381803 
3.8 0.6 0.262959 0.424408 
3.85 0.6 0.268802 0.466848 
3.9 0.6 0.265125 0.508091 
3.95 0.6 0.2521 0.547276 
4 0.6 0.230174 0.583568 
4.05 0.6 0.200072 0.616067 
4.1 0.6 0.1628 0.643774 
4.15 0.6 0.119632 0.665639 
4.2 0.6 0.0720896 0.680672 
4.25 0.6 0.0218949 0.688103 
4.3 0.6 -0.0291027 0.687518 
4.35 0.6 -0.079013 0.678946 
4.4 0.6 -0.125998 0.662855 
4.45 0.6 -0.168356 0.640053 
4.5 0.6 -0.204595 0.611541 
4.55 0.6 -0.233468 0.578365 
4.6 0.6 -0.254005 0.54151 
4.65 0.6 -0.265514 0.501864 
4.7 0.6 -0.267579 0.460264 
4.75 0.6 -0.260066 0.417603 
4.8 0.6 -0.24313 0.374968 
4.85 0.6 -0.217235 0.33377 
4.9 0.6 -0.183175 0.295813 
4.95 0.6 -0.1421 0.263227 
5 0.6 -0.0955144 0.238253 
0 0.65 -0.128751 0.242636 
0.05 0.65 -0.086787 0.217415 
0.1 0.65 -0.0413803 0.201799 
0.15 0.65 0.00572426 0.19721 
0.2 0.65 0.0526509 0.204086 
0.25 0.65 0.0975209 0.221764 
0.3 0.65 0.138576 0.248643 
0.35 0.65 0.174277 0.282547 
0.4 0.65 0.203368 0.321145 
0.45 0.65 0.224908 0.362295 
0.5 0.65 0.238265 0.404222 
0.55 0.65 0.243099 0.445556 
0.6 0.65 0.239346 0.485252 
0.65 0.65 0.227193 0.52247 
0.7 0.65 0.207074 0.556455 
0.75 0.65 0.179668 0.586449 
0.8 0.65 0.145893 0.611665 
0.85 0.65 0.106902 0.631311 
0.9 0.65 0.0640572 0.644663 
0.95 0.65 0.0188872 0.651168 
1 0.65 -0.0269715 0.650539 
1.05 0.65 -0.07185 0.642801 
1.1 0.65 -0.114125 0.628296 
1.15 0.65 -0.152292 0.607612 
1.2 0.65 -0.185021 0.581488 
1.25 0.65 -0.211198 0.550721 
1.3 0.65 -0.229942 0.516092 
1.35 0.65 -0.240615 0.47835 
1.4 0.65 -0.242821 0.43826 
1.45 0.65 -0.236412 0.396688 
1.5 0.65 -0.221494 0.35473 
1.55 0.65 -0.198452 0.313831 
1.6 0.65 -0.167968 0.275844 
1.65 0.65 -0.131038 0.242975 
1.7 0.65 -0.0889714 0.217569 
1.75 0.65 -0.0433573 0.201741 
1.8 0.65 0.0040046 0.196949 
1.85 0.65 0.051205 0.203659 
1.9 0.65 0.096345 0.221224 
1.95 0.65 0.137654 0.248044 
2 0.65 0.173586 0.281938 
2.05 0.65 0.202882 0.320562 
2.1 0.65 0.224601 0.361759 
2.15 0.65 0.238111 0.403745 
2.2 0.65 0.243075 0.445139 
2.25 0.65 0.239432 0.484893 
2.3 0.65 0.22737 0.522167 
2.35 0.65 0.207327 0.556204 
2.4 0.65 0.17998 0.586251 
2.45 0.65 0.146252 0.611521 
2.5 0.65 0.107293 0.631223 
2.55 0.65 0.0644653 0.644633 
2.6 0.65 0.0192993 0.651198 
2.65 0.65 -0.0265693 0.650627 
2.7 0.65 -0.0714708 0.642947 
2.75 0.65 -0.113781 0.628493 
2.8 0.65 -0.151994 0.607855 
2.85 0.65 -0.184779 0.581771 
2.9 0.65 -0.211018 0.551037 
2.95 0.65 -0.229831 0.516434 
3 0.65 -0.240575 0.478713 
3.05 0.65 -0.242854 0.438637 
3.1 0.65 -0.236517 0.39707 
3.15 0.65 -0.22167 0.355107 
3.2 0.65 -0.198693 0.314189 
3.25 0.65 -0.168266 0.276165 
3.3 0.65 -0.131384 0.243241 
3.35 0.65 -0.0893526 0.21776 
3.4 0.65 -0.0437592 0.201842 
3.45 0.65 0.00359795 0.196953 
3.5 0.65 0.0508097 0.203567 
3.55 0.65 0.0959763 0.221046 
3.6 0.65 0.137325 0.247799 
3.65 0.65 0.173309 0.281646 
3.7 0.65 0.202666 0.320242 
3.75 0.65 0.224451 0.361429 
3.8 0.65 0.23803 0.403416 
3.85 0.65 0.243066 0.444822 
3.9 0.65 0.239492 0.484596 
3.95 0.65 0.227497 0.521895 
4 0.65 0.207515 0.555963 
4.05 0.65 0.180223 0.586047 
4.1 0.65 0.146541 0.611358 
4.15 0.65 0.107619 0.631105 
4.2 0.65 0.0648193 0.644563 
4.25 0.65 0.0196715 0.651173 
4.3 0.65 -0.0261861 0.650642 
4.35 0.65 -0.0710808 0.642989 
4.4 0.65 -0.113383 0.628547 
4.45 0.65 -0.151581 0.607899 
4.5 0.65 -0.184335 0.581779 
4.55 0.65 -0.210519 0.550981 
4.6 0.65 -0.229242 0.516286 
4.65 0.65 -0.239855 0.478448 
4.7 0.65 -0.241952 0.438235 
4.75 0.65 -0.235379 0.396528 
4.8 0.65 -0.220244 0.354441 
4.85 0.65 -0.196937 0.313448 
4.9 0.65 -0.166159 0.275433 
4.95 0.65 -0.128943 0.242636 
5 0.65 -0.0866571 0.217415 
0 0.7 -0.111069 0.218817 
0.05 0.7 -0.0748674 0.194424 
0.1 0.7 -0.0356554 0.179312 
0.15 0.7 0.00503812 0.174893 
0.2 0.7 0.0455683 0.181596 
0.25 0.7 0.0842897 0.198757 
0.3 0.7 0.119667 0.224784 
0.35 0.7 0.150365 0.25752 
0.4 0.7 0.175304 0.29466 
0.45 0.7 0.193685 0.334086 
0.5 0.7 0.204985 0.374045 
0.55 0.7 0.208938 0.413182 
0.6 0.7 0.205513 0.450473 
0.65 0.7 0.194899 0.485113 
0.7 0.7 0.17749 0.51642 
0.75 0.7 0.153884 0.543755 
0.8 0.7 0.124877 0.566497 
0.85 0.7 0.0914575 0.584052 
0.9 0.7 0.0547835 0.595898 
0.95 0.7 0.0161489 0.601643 
1 0.7 -0.023066 0.601087 
1.05 0.7 -0.0614548 0.594249 
1.1 0.7 -0.097648 0.581365 
1.15 0.7 -0.130371 0.562852 
1.2 0.7 -0.158492 0.539247 
1.25 0.7 -0.181053 0.511152 
1.3 0.7 -0.19729 0.479187 
1.35 0.7 -0.206635 0.443995 
1.4 0.7 -0.208728 0.406272 
1.45 0.7 -0.203413 0.366854 
1.5 0.7 -0.190756 0.32682 
1.55 0.7 -0.171062 0.2876 
1.6 0.7 -0.144899 0.251025 
1.65 0.7 -0.113116 0.219278 
1.7 0.7 -0.0768405 0.194681 
1.75 0.7 -0.0374569 0.179332 
1.8 0.7 0.0034602 0.174682 
1.85 0.7 0.0442355 0.181193 
1.9 0.7 0.0832033 0.198223 
1.95 0.7 0.118815 0.224181 
2 0.7 0.149727 0.256903 
2.05 0.7 0.174856 0.294069 
2.1 0.7 0.193402 0.333546 
2.15 0.7 0.204842 0.373568 
2.2 0.7 0.208913 0.412771 
2.25 0.7 0.205587 0.450125 
2.3 0.7 0.195054 0.484825 
2.35 0.7 0.17771 0.516187 
2.4 0.7 0.154155 0.543576 
2.45 0.7 0.125187 0.566372 
2.5 0.7 0.0917945 0.58398 
2.55 0.7 0.0551351 0.595879 
2.6 0.7 0.0165032 0.601678 
2.65 0.7 -0.0227206 0.601175 
2.7 0.7 -0.0611294 0.594387 
2.75 0.7 -0.0973528 0.581549 
2.8 0.7 -0.130115 0.563078 
2.85 0.7 -0.158283 0.539511 
2.9 0.7 -0.180898 0.511447 
2.95 0.7 -0.197192 0.47951 
3 0.7 -0.206599 0.444339 
3.05 0.7 -0.208755 0.406631 
3.1 0.7 -0.203503 0.36722 
3.15 0.7 -0.190906 0.327183 
3.2 0.7 -0.171269 0.287945 
3.25 0.7 -0.145156 0.251336 
3.3 0.7 -0.113414 0.219536 
3.35 0.7 -0.0771697 0.194866 
3.4 0.7 -0.0378041 0.179429 
3.45 0.7 0.00310876 0.174684 
3.5 0.7 0.043894 0.181103 
3.55 0.7 0.0828852 0.19805 
3.6 0.7 0.118532 0.223944 
3.65 0.7 0.149489 0.256621 
3.7 0.7 0.174671 0.293762 
3.75 0.7 0.193274 0.333229 
3.8 0.7 0.204774 0.373256 
3.85 0.7 0.208905 0.412472 
3.9 0.7 0.205638 0.449847 
3.95 0.7 0.19516 0.484573 
4 0.7 0.177868 0.515966 
4.05 0.7 0.154358 0.543389 
4.1 0.7 0.125428 0.566221 
4.15 0.7 0.0920643 0.583867 
4.2 0.7 0.055426 0.595803 
4.25 0.7 0.0168075 0.601636 
4.3 0.7 -0.0224087 0.601157 
4.35 0.7 -0.0608128 0.594382 
4.4 0.7 -0.0970295 0.581541 
4.45 0.7 -0.129777 0.563044 
4.5 0.7 -0.157916 0.539428 
4.55 0.7 -0.180478 0.511287 
4.6 0.7 -0.196688 0.479246 
4.65 0.7 -0.205971 0.443948 
4.7 0.7 -0.207957 0.406096 
4.75 0.7 -0.202487 0.36654 
4.8 0.7 -0.189627 0.326379 
4.85 0.7 -0.169691 0.28707 
4.9 0.7 -0.143265 0.250478 
4.95 0.7 -0.111229 0.218817 
5 0.7 -0.07476 0.194424 
0 0.75 -0.0898683 0.191097 
0.05 0.75 -0.060584 0.168739 
0.1 0.75 -0.0288334 0.154892 
0.15 0.75 0.00412597 0.150858 
0.2 0.75 0.0369433 0.157032 
0.25 0.75 0.0682695 0.172796 
0.3 0.75 0.0968501 0.196672 
0.35 0.75 0.1216 0.226662 
0.4 0.75 0.141649 0.26063 
0.45 0.75 0.156364 0.296613 
0.5 0.75 0.165339 0.332985 
0.55 0.75 0.168377 0.36848 
0.6 0.75 0.165476 0.402143 
0.65 0.75 0.156804 0.433234 
0.7 0.75 0.142693 0.461145 
0.75 0.75 0.123635 0.485339 
0.8 0.75 0.100276 0.505323 
0.85 0.75 0.0734097 0.520649 
0.9 0.75 0.04396 0.530937 
0.95 0.75 0.0129558 0.535911 
1 0.75 -0.0185085 0.53543 
1.05 0.75 -0.0493181 0.529507 
1.1 0.75 -0.0783865 0.518308 
1.15 0.75 -0.1047 0.502127 
1.2 0.75 -0.127354 0.481357 
1.25 0.75 -0.145578 0.456455 
1.3 0.75 -0.15875 0.427919 
1.35 0.75 -0.166404 0.396295 
1.4 0.75 -0.168232 0.362207 
1.45 0.75 -0.16409 0.326428 
1.5 0.75 -0.154012 0.289965 
1.55 0.75 -0.138225 0.254152 
1.6 0.75 -0.117171 0.220691 
1.65 0.75 -0.091526 0.191607 
1.7 0.75 -0.0622037 0.169049 
1.75 0.75 -0.0303306 0.154962 
1.8 0.75 0.00280228 0.150694 
1.85 0.75 0.0358187 0.156672 
1.9 0.75 0.0673503 0.172298 
1.95 0.75 0.096129 0.196101 
2 0.75 0.121061 0.226074 
2.05 0.75 0.141272 0.260066 
2.1 0.75 0.156127 0.2961 
2.15 0.75 0.16522 0.332534 
2.2 0.75 0.168357 0.368095 
2.25 0.75 0.165537 0.401821 
2.3 0.75 0.156931 0.432971 
2.35 0.75 0.142873 0.460937 
2.4 0.75 0.123857 0.485183 
2.45 0.75 0.100529 0.505218 
2.5 0.75 0.0736827 0.520592 
2.55 0.75 0.0442441 0.530928 
2.6 0.75 0.0132414 0.535949 
2.65 0.75 -0.0182304 0.535514 
2.7 0.75 -0.0490563 0.529634 
2.75 0.75 -0.078149 0.518475 
2.8 0.75 -0.104494 0.502331 
2.85 0.75 -0.127185 0.481595 
2.9 0.75 -0.145452 0.456723 
2.95 0.75 -0.158671 0.428212 
3 0.75 -0.166374 0.396608 
3.05 0.75 -0.168253 0.362535 
3.1 0.75 -0.164162 0.326763 
3.15 0.75 -0.154133 0.290297 
3.2 0.75 -0.138391 0.254469 
3.25 0.75 -0.117378 0.220977 
3.3 0.75 -0.0917674 0.191843 
3.35 0.75 -0.0624701 0.169218 
3.4 0.75 -0.0306119 0.155052 
3.45 0.75 0.00251764 0.150696 
3.5 0.75 0.0355422 0.156588 
3.55 0.75 0.0670931 0.17214 
3.6 0.75 0.0959007 0.195884 
3.65 0.75 0.120869 0.225815 
3.7 0.75 0.141123 0.259785 
3.75 0.75 0.156024 0.295812 
3.8 0.75 0.165165 0.33225 
3.85 0.75 0.168351 0.367824 
3.9 0.75 0.165577 0.40157 
3.95 0.75 0.157015 0.432745 
4 0.75 0.142997 0.460739 
4.05 0.75 0.124016 0.485015 
4.1 0.75 0.100716 0.50508 
4.15 0.75 0.0738918 0.520486 
4.2 0.75 0.0444681 0.53085 
4.25 0.75 0.0134742 0.535894 
4.3 0.75 -0.0179934 0.535472 
4.35 0.75 -0.0488168 0.529595 
4.4 0.75 -0.0779051 0.518422 
4.45 0.75 -0.104238 0.502244 
4.5 0.75 -0.126905 0.481452 
4.55 0.75 -0.145127 0.456498 
4.6 0.75 -0.158273 0.427882 
4.65 0.75 -0.165871 0.396151 
4.7 0.75 -0.167605 0.361939 
4.75 0.75 -0.16333 0.326029 
4.8 0.75 -0.153081 0.28945 
4.85 0.75 -0.137094 0.25356 
4.9 0.75 -0.115827 0.220092 
4.95 0.75 -0.0899825 0.191097 
5 0.75 -0.0605068 0.168739 
0 0.8 -0.0665984 0.159256 
0.05 0.8 -0.0449044 0.140118 
0.1 0.8 -0.0213646 0.128275 
0.15 0.8 0.00307238 0.124836 
0.2 0.8 0.0273934 0.130134 
0.25 0.8 0.0505887 0.143638 
0.3 0.8 0.0717215 0.164084 
0.35 0.8 0.0899859 0.189759 
0.4 0.8 0.104742 0.218834 
0.45 0.8 0.11553 0.249619 
0.5 0.8 0.122061 0.280706 
0.55 0.8 0.124206 0.310996 
0.6 0.8 0.121974 0.339655 
0.65 0.8 0.115502 0.366041 
0.7 0.8 0.105044 0.389636 
0.75 0.8 0.0909667 0.41 
0.8 0.8 0.0737482 0.426747 
0.85 0.8 0.0539713 0.439538 
0.9 0.8 0.0323124 0.448096 
0.95 0.8 0.00952149 0.452225 
1 0.8 -0.0136043 0.451825 
1.05 0.8 -0.0362537 0.446907 
1.1 0.8 -0.0576351 0.437585 
1.15 0.8 -0.077009 0.424071 
1.2 0.8 -0.0937131 0.406652 
1.25 0.8 -0.107181 0.385674 
1.3 0.8 -0.116952 0.361531 
1.35 0.8 -0.122676 0.334674 
1.4 0.8 -0.124117 0.305636 
1.45 0.8 -0.121156 0.275091 
1.5 0.8 -0.113805 0.243917 
1.55 0.8 -0.102217 0.213274 
1.6 0.8 -0.0867085 0.184633 
1.65 0.8 -0.0677715 0.159736 
1.7 0.8 -0.0460803 0.140427 
1.75 0.8 -0.0224751 0.12837 
1.8 0.8 0.00207674 0.124717 
1.85 0.8 0.026541 0.129833 
1.9 0.8 0.0498898 0.143209 
1.95 0.8 0.0711734 0.163585 
2 0.8 0.0895775 0.189242 
2.05 0.8 0.104458 0.218337 
2.1 0.8 0.115353 0.249166 
2.15 0.8 0.121974 0.280309 
2.2 0.8 0.124193 0.310659 
2.25 0.8 0.122022 0.339376 
2.3 0.8 0.115599 0.365815 
2.35 0.8 0.10518 0.389461 
2.4 0.8 0.0911324 0.409872 
2.45 0.8 0.0739359 0.426662 
2.5 0.8 0.0541738 0.439495 
2.55 0.8 0.0325224 0.448093 
2.6 0.8 0.00973226 0.452262 
2.65 0.8 -0.0133994 0.4519 
2.7 0.8 -0.0360609 0.447018 
2.75 0.8 -0.0574603 0.43773 
2.8 0.8 -0.0768573 0.424247 
2.85 0.8 -0.0935892 0.406857 
2.9 0.8 -0.107088 0.385904 
2.95 0.8 -0.116894 0.361782 
3 0.8 -0.122654 0.334943 
3.05 0.8 -0.124132 0.305918 
3.1 0.8 -0.121208 0.275379 
3.15 0.8 -0.113894 0.244203 
3.2 0.8 -0.10234 0.213546 
3.25 0.8 -0.0868616 0.184878 
3.3 0.8 -0.06795 0.159939 
3.35 0.8 -0.0462777 0.140572 
3.4 0.8 -0.0226835 0.128447 
3.45 0.8 0.0018658 0.124719 
3.5 0.8 0.0263363 0.129762 
3.55 0.8 0.0496995 0.143073 
3.6 0.8 0.0710048 0.163398 
3.65 0.8 0.0894363 0.18902 
3.7 0.8 0.104349 0.218096 
3.75 0.8 0.115277 0.248919 
3.8 0.8 0.121934 0.280067 
3.85 0.8 0.124189 0.310428 
3.9 0.8 0.122052 0.339163 
3.95 0.8 0.115661 0.365623 
4 0.8 0.10527 0.389292 
4.05 0.8 0.0912466 0.409727 
4.1 0.8 0.0740699 0.426543 
4.15 0.8 0.0543223 0.439399 
4.2 0.8 0.0326804 0.448019 
4.25 0.8 0.00989507 0.452202 
4.3 0.8 -0.0132351 0.451847 
4.35 0.8 -0.0358963 0.446961 
4.4 0.8 -0.0572936 0.437654 
4.45 0.8 -0.0766828 0.424136 
4.5 0.8 -0.0933965 0.406689 
4.55 0.8 -0.106862 0.38566 
4.6 0.8 -0.116612 0.361442 
4.65 0.8 -0.122292 0.334488 
4.7 0.8 -0.12366 0.305341 
4.75 0.8 -0.120597 0.274682 
4.8 0.8 -0.113118 0.243412 
4.85 0.8 -0.101384 0.212709 
4.9 0.8 -0.0857255 0.18407 
4.95 0.8 -0.0666557 0.159256 
5 0.8 -0.0448654 0.140118 
0 0.85 -0.0431931 0.1235 
0.05 0.85 -0.0291208 0.108569 
0.1 0.85 -0.0138521 0.0993441 
0.15 0.85 0.00198873 0.0966729 
0.2 0.85 0.0177427 0.100807 
0.25 0.85 0.0327523 0.111336 
0.3 0.85 0.0464077 0.127284 
0.35 0.85 0.0581867 0.147327 
0.4 0.85 0.0676786 0.170043 
0.45 0.85 0.0745919 0.194111 
0.5 0.85 0.0787492 0.218422 
0.55 0.85 0.0800755 0.242103 
0.6 0.85 0.0785851 0.264489 
0.65 0.85 0.0743722 0.285068 
0.7 0.85 0.0676044 0.303432 
0.75 0.85 0.0585204 0.319244 
0.8 0.85 0.0474281 0.332213 
0.85 0.85 0.034701 0.342096 
0.9 0.85 0.020772 0.348696 
0.95 0.85 0.00612017 0.351877 
1 0.85 -0.00874551 0.351569 
1.05 0.85 -0.0233071 0.34778 
1.1 0.85 -0.0370591 0.340589 
1.15 0.85 -0.049529 0.330142 
1.2 0.85 -0.060293 0.316645 
1.25 0.85 -0.0689875 0.300349 
1.3 0.85 -0.0753153 0.28155 
1.35 0.85 -0.0790485 0.260595 
1.4 0.85 -0.0800302 0.237908 
1.45 0.85 -0.0781776 0.214024 
1.5 0.85 -0.0734893 0.189645 
1.55 0.85 -0.0660555 0.16569 
1.6 0.85 -0.0560722 0.143318 
1.65 0.85 -0.0438524 0.123888 
1.7 0.85 -0.0298306 0.108833 
1.75 0.85 -0.0145537 0.0994391 
1.8 0.85 0.00134492 0.0965938 
1.85 0.85 0.017186 0.100579 
1.9 0.85 0.0322946 0.111001 
1.95 0.85 0.0460495 0.12689 
2 0.85 0.0579211 0.146916 
2.05 0.85 0.0674952 0.169647 
2.1 0.85 0.0744791 0.19375 
2.15 0.85 0.0786955 0.218106 
2.2 0.85 0.0800701 0.241835 
2.25 0.85 0.0786189 0.264268 
2.3 0.85 0.0744373 0.28489 
2.35 0.85 0.0676941 0.303295 
2.4 0.85 0.0586289 0.319145 
2.45 0.85 0.0475503 0.33215 
2.5 0.85 0.0348323 0.342066 
2.55 0.85 0.0209077 0.348698 
2.6 0.85 0.00625608 0.351909 
2.65 0.85 -0.00861357 0.35163 
2.7 0.85 -0.0231831 0.347869 
2.75 0.85 -0.0369467 0.340704 
2.8 0.85 -0.0494315 0.330282 
2.85 0.85 -0.0602132 0.316806 
2.9 0.85 -0.0689278 0.300529 
2.95 0.85 -0.0752775 0.281747 
3 0.85 -0.0790339 0.260806 
3.05 0.85 -0.0800394 0.238129 
3.1 0.85 -0.0782109 0.214249 
3.15 0.85 -0.0735461 0.189868 
3.2 0.85 -0.0661344 0.165903 
3.25 0.85 -0.056171 0.143509 
3.3 0.85 -0.0439678 0.124046 
3.35 0.85 -0.0299583 0.108946 
3.4 0.85 -0.0146886 0.0994989 
3.45 0.85 0.00120833 0.0965954 
3.5 0.85 0.0170535 0.100523 
3.55 0.85 0.0321716 0.110895 
3.6 0.85 0.0459406 0.126745 
3.65 0.85 0.0578302 0.146743 
3.7 0.85 0.067425 0.169459 
3.75 0.85 0.0744311 0.193557 
3.8 0.85 0.0786702 0.217916 
3.85 0.85 0.0800675 0.241655 
3.9 0.85 0.078638 0.264101 
3.95 0.85 0.0744764 0.28474 
4 0.85 0.067751 0.303163 
4.05 0.85 0.0587009 0.319031 
4.1 0.85 0.0476342 0.332055 
4.15 0.85 0.0349247 0.341988 
4.2 0.85 0.0210052 0.348634 
4.25 0.85 0.00635561 0.351854 
4.3 0.85 -0.00851424 0.351579 
4.35 0.85 -0.0230847 0.34781 
4.4 0.85 -0.0368483 0.340627 
4.45 0.85 -0.0493291 0.330173 
4.5 0.85 -0.0600999 0.316651 
4.55 0.85 -0.068793 0.30031 
4.6 0.85 -0.0751073 0.281449 
4.65 0.85 -0.078811 0.260417 
4.7 0.85 -0.0797445 0.237643 
4.75 0.85 -0.0778249 0.213672 
4.8 0.85 -0.0730537 0.189221 
4.85 0.85 -0.0655296 0.165226 
4.9 0.85 -0.0554624 0.142863 
4.95 0.85 -0.0431819 0.1235 
5 0.85 -0.029128 0.108569 
0 0.9 -0.0221347 0.0844142 
0.05 0.9 -0.0148953 0.0743282 
0.1 0.9 -0.00707802 0.0681136 
0.15 0.9 0.00100957 0.0663187 
0.2 0.9 0.00904128 0.0691055 
0.25 0.9 0.0166841 0.0762024 
0.3 0.9 0.0236265 0.0869647 
0.35 0.9 0.0296026 0.100513 
0.4 0.9 0.0344053 0.115895 
0.45 0.9 0.0378901 0.132219 
0.5 0.9 0.0399719 0.148727 
0.55 0.9 0.0406173 0.164819 
0.6 0.9 0.0398376 0.180032 
0.65 0.9 0.0376832 0.19401 
0.7 0.9 0.0342406 0.206472 
0.75 0.9 0.0296308 0.21719 
0.8 0.9 0.0240091 0.225969 
0.85 0.9 0.0175638 0.232651 
0.9 0.9 0.0105127 0.237108 
0.95 0.9 0.0030972 0.239255 
1 0.9 -0.00442609 0.239047 
1.05 0.9 -0.0117961 0.23649 
1.1 0.9 -0.0187582 0.231632 
1.15 0.9 -0.0250742 0.224568 
1.2 0.9 -0.0305307 0.215429 
1.25 0.9 -0.0349446 0.20438 
1.3 0.9 -0.0381658 0.191619 
1.35 0.9 -0.0400783 0.177384 
1.4 0.9 -0.0406011 0.161965 
1.45 0.9 -0.0396891 0.145737 
1.5 0.9 -0.0373373 0.129185 
1.55 0.9 -0.0335866 0.112943 
1.6 0.9 -0.0285318 0.0977991 
1.65 0.9 -0.0223286 0.0846717 
1.7 0.9 -0.0151968 0.0745171 
1.75 0.9 -0.00741653 0.0681894 
1.8 0.9 0.000685423 0.0662741 
1.85 0.9 0.00875759 0.0689569 
1.9 0.9 0.0164508 0.0759789 
1.95 0.9 0.0234448 0.0866987 
2 0.9 0.029469 0.100233 
2.05 0.9 0.0343142 0.115624 
2.1 0.9 0.0378353 0.131971 
2.15 0.9 0.0399471 0.14851 
2.2 0.9 0.0406169 0.164635 
2.25 0.9 0.0398568 0.17988 
2.3 0.9 0.0377179 0.193889 
2.35 0.9 0.0342874 0.206379 
2.4 0.9 0.0296867 0.217123 
2.45 0.9 0.0240717 0.225927 
2.5 0.9 0.0176307 0.232631 
2.55 0.9 0.0105816 0.237111 
2.6 0.9 0.00316612 0.239278 
2.65 0.9 -0.00435929 0.23909 
2.7 0.9 -0.0117334 0.236551 
2.75 0.9 -0.0187014 0.231711 
2.8 0.9 -0.0250249 0.224663 
2.85 0.9 -0.0304903 0.215539 
2.9 0.9 -0.0349143 0.204503 
2.95 0.9 -0.0381465 0.191754 
3 0.9 -0.0400708 0.177528 
3.05 0.9 -0.0406057 0.162116 
3.1 0.9 -0.0397059 0.145891 
3.15 0.9 -0.037366 0.129337 
3.2 0.9 -0.0336266 0.113087 
3.25 0.9 -0.0285819 0.0979289 
3.3 0.9 -0.0223872 0.0847787 
3.35 0.9 -0.0152618 0.0745938 
3.4 0.9 -0.00748528 0.0682298 
3.45 0.9 0.00061584 0.0662753 
3.5 0.9 0.00869013 0.0689197 
3.55 0.9 0.0163883 0.0759077 
3.6 0.9 0.0233896 0.0866005 
3.65 0.9 0.029423 0.100117 
3.7 0.9 0.0342788 0.115497 
3.75 0.9 0.0378112 0.13184 
3.8 0.9 0.0399346 0.148381 
3.85 0.9 0.0406158 0.164512 
3.9 0.9 0.0398665 0.179766 
3.95 0.9 0.0377377 0.193786 
4 0.9 0.0343159 0.206289 
4.05 0.9 0.0297226 0.217045 
4.1 0.9 0.0241132 0.225861 
4.15 0.9 0.0176761 0.232577 
4.2 0.9 0.0106291 0.237065 
4.25 0.9 0.00321406 0.239237 
4.3 0.9 -0.00431213 0.23905 
4.35 0.9 -0.0116875 0.236505 
4.4 0.9 -0.0186562 0.231651 
4.45 0.9 -0.0249785 0.22458 
4.5 0.9 -0.0304392 0.215422 
4.55 0.9 -0.034853 0.204342 
4.6 0.9 -0.0380677 0.191538 
4.65 0.9 -0.0399653 0.17725 
4.7 0.9 -0.0404633 0.161773 
4.75 0.9 -0.0395169 0.145487 
4.8 0.9 -0.0371233 0.12889 
4.85 0.9 -0.03333 0.112626 
4.9 0.9 -0.0282449 0.0974948 
4.95 0.9 -0.0220433 0.0844142 
5 0.9 -0.0149567 0.0743282 
0 0.95 -0.00653928 0.0428794 
0.05 0.95 -0.00431885 0.0378665 
0.1 0.95 -0.00203883 0.0347934 
0.15 0.95 0.000288665 0.0339081 
0.2 0.95 0.00259237 0.035287 
0.25 0.95 0.00478106 0.0387999 
0.3 0.95 0.00676545 0.044136 
0.35 0.95 0.00846924 0.0508685 
0.4 0.95 0.00983395 0.0585309 
0.45 0.95 0.0108198 0.066681 
0.5 0.95 0.0114043 0.0749391 
0.55 0.95 0.0115798 0.0830002 
0.6 0.95 0.0113506 0.0906273 
0.65 0.95 0.0107319 0.0976379 
0.7 0.95 0.00974842 0.103888 
0.75 0.95 0.00843434 0.109261 
0.8 0.95 0.00683342 0.113661 
0.85 0.95 0.00499873 0.117008 
0.9 0.95 0.00299191 0.119239 
0.95 0.95 0.000881467 0.120314 
1 0.95 -0.00125967 0.12021 
1.05 0.95 -0.00335722 0.118929 
1.1 0.95 -0.00533878 0.116497 
1.15 0.95 -0.00713683 0.112958 
1.2 0.95 -0.00869103 0.108378 
1.25 0.95 -0.00994974 0.102838 
1.3 0.95 -0.0108707 0.0964381 
1.35 0.95 -0.0114211 0.0892985 
1.4 0.95 -0.0115776 0.0815691 
1.45 0.95 -0.0113265 0.0734413 
1.5 0.95 -0.010665 0.0651643 
1.55 0.95 -0.0096029 0.0570584 
1.6 0.95 -0.00816545 0.0495188 
1.65 0.95 -0.00639565 0.0429989 
1.7 0.95 -0.00435584 0.0379668 
1.75 0.95 -0.00212671 0.0348364 
1.8 0.95 0.000196562 0.0338896 
1.85 0.95 0.00251111 0.0352158 
1.9 0.95 0.00471479 0.0386906 
1.95 0.95 0.00671447 0.0440047 
2 0.95 0.00843233 0.0507296 
2.05 0.95 0.0098093 0.0583956 
2.1 0.95 0.0108055 0.0665566 
2.15 0.95 0.0113985 0.0748297 
2.2 0.95 0.0115807 0.0829072 
2.25 0.95 0.0113569 0.0905506 
2.3 0.95 0.0107424 0.0975767 
2.35 0.95 0.0097622 0.103841 
2.4 0.95 0.00845059 0.109228 
2.45 0.95 0.00685143 0.11364 
2.5 0.95 0.00501788 0.116998 
2.55 0.95 0.00301159 0.119241 
2.6 0.95 0.000901085 0.120325 
2.65 0.95 -0.00124068 0.120231 
2.7 0.95 -0.00333941 0.11896 
2.75 0.95 -0.00532266 0.116537 
2.8 0.95 -0.00712285 0.113006 
2.85 0.95 -0.00867958 0.108434 
2.9 0.95 -0.00994115 0.1029 
2.95 0.95 -0.0108652 0.096506 
3 0.95 -0.0114189 0.0893711 
3.05 0.95 -0.0115788 0.0816448 
3.1 0.95 -0.0113312 0.0735185 
3.15 0.95 -0.0106731 0.0652405 
3.2 0.95 -0.00961426 0.0571306 
3.25 0.95 -0.00817974 0.0495834 
3.3 0.95 -0.00641241 0.0430521 
3.35 0.95 -0.00437445 0.0380049 
3.4 0.95 -0.00214641 0.0348564 
3.45 0.95 0.000176619 0.0338903 
3.5 0.95 0.00249179 0.0351975 
3.55 0.95 0.00469692 0.0386554 
3.6 0.95 0.00669873 0.043956 
3.65 0.95 0.00841927 0.0506715 
3.7 0.95 0.00979929 0.058332 
3.75 0.95 0.0107987 0.0664912 
3.8 0.95 0.011395 0.0747652 
3.85 0.95 0.0115804 0.0828456 
3.9 0.95 0.0113597 0.0904935 
3.95 0.95 0.0107481 0.097525 
4 0.95 0.00977028 0.103796 
4.05 0.95 0.00846069 0.109188 
4.1 0.95 0.00686307 0.113606 
4.15 0.95 0.00503051 0.11697 
4.2 0.95 0.00302466 0.119217 
4.25 0.95 0.000914099 0.120304 
4.3 0.95 -0.00122812 0.12021 
4.35 0.95 -0.00332749 0.118935 
4.4 0.95 -0.00531126 0.116505 
4.45 0.95 -0.00711147 0.112962 
4.5 0.95 -0.00866721 0.108372 
4.55 0.95 -0.00992622 0.102816 
4.6 0.95 -0.0108456 0.0963945 
4.65 0.95 -0.0113918 0.0892284 
4.7 0.95 -0.0115412 0.0814701 
4.75 0.95 -0.01128 0.0733149 
4.8 0.95 -0.0106063 0.0650171 
4.85 0.95 -0.00953287 0.0569032 
4.9 0.95 -0.0080937 0.0493734 
4.95 0.95 -0.00635617 0.0428794 
5 0.95 -0.00444281 0.0378665 
0 1 0 0 
0.05 1 0 0 
0.1 1 0 0 
0.15 1 0 0 
0.2 1 0 0 
0.25 1 0 0 
0.3 1 0 0 
0.35 1 0 0 
0.4 1 0 0 
0.45 1 0 0 
0.5 1 0 0 
0.55 1 0 0 
0.6 1 0 0 
0.65 1 0 0 
0.7 1 0 0 
0.75 1 0 0 
0.8 1 0 0 
0.85 1 0 0 
0.9 1 0 0 
0.95 1 0 0 
1 1 0 0 
1.05 1 0 0 
1.1 1 0 0 
1.15 1 0 0 
1.2 1 0 0 
1.25 1 0 0 
1.3 1 0 0 
1.35 1 0 0 
1.4 1 0 0 
1.45 1 0 0 
1.5 1 0 0 
1.55 1 0 0 
1.6 1 0 0 
1.65 1 0 0 
1.7 1 0 0 
1.75 1 0 0 
1.8 1 0 0 
1.85 1 0 0 
1.9 1 0 0 
1.95 1 0 0 
2 1 0 0 
2.05 1 0 0 
2.1 1 0 0 
2.15 1 0 0 
2.2 1 0 0 
2.25 1 0 0 
2.3 1 0 0 
2.35 1 0 0 
2.4 1 0 0 
2.45 1 0 0 
2.5 1 0 0 
2.55 1 0 0 
2.6 1 0 0 
2.65 1 0 0 
2.7 1 0 0 
2.75 1 0 0 
2.8 1 0 0 
2.85 1 0 0 
2.9 1 0 0 
2.95 1 0 0 
3 1 0 0 
3.05 1 0 0 
3.1 1 0 0 
3.15 1 0 0 
3.2 1 0 0 
3.25 1 0 0 
3.3 1 0 0 
3.35 1 0 0 
3.4 1 0 0 
3.45 1 0 0 
3.5 1 0 0 
3.55 1 0 0 
3.6 1 0 0 
3.65 1 0 0 
3.7 1 0 0 
3.75 1 0 0 
3.8 1 0 0 
3.85 1 0 0 
3.9 1 0 0 
3.95 1 0 0 
4 1 0 0 
4.05 1 0 0 
4.1 1 0 0 
4.15 1 0 0 
4.2 1 0 0 
4.25 1 0 0 
4.3 1 0 0 
4.35 1 0 0 
4.4 1 0 0 
4.45 1 0 0 
4.5 1 0 0 
4.55 1 0 0 
4.6 1 0 0 
4.65 1 0 0 
4.7 1 0 0 
4.75 1 0 0 
4.8 1 0 0 
4.85 1 0 0 
4.9 1 0 0 
4.95 1 0 0 
5 1 0 0 
