x, y, ksi, T
#iter= 1630000
0 0 0 1 
0.05 0 0 1 
0.1 0 0 1 
0.15 0 0 1 
0.2 0 0 1 
0.25 0 0 1 
0.3 0 0 1 
0.35 0 0 1 
0.4 0 0 1 
0.45 0 0 1 
0.5 0 0 1 
0.55 0 0 1 
0.6 0 0 1 
0.65 0 0 1 
0.7 0 0 1 
0.75 0 0 1 
0.8 0 0 1 
0.85 0 0 1 
0.9 0 0 1 
0.95 0 0 1 
1 0 0 1 
1.05 0 0 1 
1.1 0 0 1 
1.15 0 0 1 
1.2 0 0 1 
1.25 0 0 1 
1.3 0 0 1 
1.35 0 0 1 
1.4 0 0 1 
1.45 0 0 1 
1.5 0 0 1 
1.55 0 0 1 
1.6 0 0 1 
1.65 0 0 1 
1.7 0 0 1 
1.75 0 0 1 
1.8 0 0 1 
1.85 0 0 1 
1.9 0 0 1 
1.95 0 0 1 
2 0 0 1 
2.05 0 0 1 
2.1 0 0 1 
2.15 0 0 1 
2.2 0 0 1 
2.25 0 0 1 
2.3 0 0 1 
2.35 0 0 1 
2.4 0 0 1 
2.45 0 0 1 
2.5 0 0 1 
2.55 0 0 1 
2.6 0 0 1 
2.65 0 0 1 
2.7 0 0 1 
2.75 0 0 1 
2.8 0 0 1 
2.85 0 0 1 
2.9 0 0 1 
2.95 0 0 1 
3 0 0 1 
3.05 0 0 1 
3.1 0 0 1 
3.15 0 0 1 
3.2 0 0 1 
3.25 0 0 1 
3.3 0 0 1 
3.35 0 0 1 
3.4 0 0 1 
3.45 0 0 1 
3.5 0 0 1 
3.55 0 0 1 
3.6 0 0 1 
3.65 0 0 1 
3.7 0 0 1 
3.75 0 0 1 
3.8 0 0 1 
3.85 0 0 1 
3.9 0 0 1 
3.95 0 0 1 
4 0 0 1 
4.05 0 0 1 
4.1 0 0 1 
4.15 0 0 1 
4.2 0 0 1 
4.25 0 0 1 
4.3 0 0 1 
4.35 0 0 1 
4.4 0 0 1 
4.45 0 0 1 
4.5 0 0 1 
4.55 0 0 1 
4.6 0 0 1 
4.65 0 0 1 
4.7 0 0 1 
4.75 0 0 1 
4.8 0 0 1 
4.85 0 0 1 
4.9 0 0 1 
4.95 0 0 1 
5 0 0 1 
0 0.05 -0.00643853 0.884656 
0.05 0.05 -0.00434254 0.881664 
0.1 0.05 -0.00215607 0.879921 
0.15 0.05 5.50712e-05 0.879407 
0.2 0.05 0.00223294 0.880104 
0.25 0.05 0.00431369 0.881982 
0.3 0.05 0.00623271 0.884999 
0.35 0.05 0.00792938 0.889094 
0.4 0.05 0.00934998 0.89419 
0.45 0.05 0.0104492 0.900197 
0.5 0.05 0.0111907 0.907003 
0.55 0.05 0.0115471 0.914475 
0.6 0.05 0.0115006 0.922445 
0.65 0.05 0.011043 0.930693 
0.7 0.05 0.0101779 0.938937 
0.75 0.05 0.00892259 0.946817 
0.8 0.05 0.00731112 0.953907 
0.85 0.05 0.00539625 0.959738 
0.9 0.05 0.00324989 0.96386 
0.95 0.05 0.000960754 0.965916 
1 0.05 -0.00137111 0.965716 
1.05 0.05 -0.0036421 0.963279 
1.1 0.05 -0.00575366 0.95883 
1.15 0.05 -0.00761975 0.952747 
1.2 0.05 -0.00917179 0.945489 
1.25 0.05 -0.0103605 0.937522 
1.3 0.05 -0.011155 0.929261 
1.35 0.05 -0.0115408 0.921053 
1.4 0.05 -0.0115169 0.913168 
1.45 0.05 -0.0110934 0.905816 
1.5 0.05 -0.0102906 0.899159 
1.55 0.05 -0.00913818 0.893324 
1.6 0.05 -0.00767534 0.888418 
1.65 0.05 -0.00595067 0.884529 
1.7 0.05 -0.00402174 0.881728 
1.75 0.05 -0.00195396 0.880066 
1.8 0.05 0.000181569 0.879575 
1.85 0.05 0.00231081 0.880265 
1.9 0.05 0.00435999 0.882122 
1.95 0.05 0.0062588 0.885111 
2 0.05 0.00794305 0.889177 
2.05 0.05 0.00935659 0.894246 
2.1 0.05 0.0104524 0.900228 
2.15 0.05 0.011193 0.907012 
2.2 0.05 0.0115502 0.914467 
2.25 0.05 0.0115054 0.922422 
2.3 0.05 0.0110502 0.93066 
2.35 0.05 0.0101877 0.938898 
2.4 0.05 0.0089351 0.946777 
2.45 0.05 0.00732607 0.95387 
2.5 0.05 0.00541321 0.95971 
2.55 0.05 0.00326825 0.963844 
2.6 0.05 0.000979758 0.965916 
2.65 0.05 -0.00135229 0.965733 
2.7 0.05 -0.00362428 0.963312 
2.75 0.05 -0.0057376 0.958877 
2.8 0.05 -0.00760607 0.952805 
2.85 0.05 -0.00916097 0.945555 
2.9 0.05 -0.0103528 0.937591 
2.95 0.05 -0.0111507 0.929331 
3 0.05 -0.0115399 0.921121 
3.05 0.05 -0.0115193 0.913233 
3.1 0.05 -0.0110991 0.905875 
3.15 0.05 -0.0102993 0.899211 
3.2 0.05 -0.00914967 0.893369 
3.25 0.05 -0.0076892 0.888455 
3.3 0.05 -0.00596644 0.884558 
3.35 0.05 -0.00403891 0.881747 
3.4 0.05 -0.00197195 0.880075 
3.45 0.05 0.00016337 0.879575 
3.5 0.05 0.00229302 0.880254 
3.55 0.05 0.00434323 0.882102 
3.6 0.05 0.00624364 0.885082 
3.65 0.05 0.00792999 0.889139 
3.7 0.05 0.00934608 0.8942 
3.75 0.05 0.0104448 0.900174 
3.8 0.05 0.0111886 0.906952 
3.85 0.05 0.0115493 0.914401 
3.9 0.05 0.0115082 0.922352 
3.95 0.05 0.0110567 0.930589 
4 0.05 0.010198 0.938828 
4.05 0.05 0.00894909 0.946713 
4.1 0.05 0.00734349 0.953817 
4.15 0.05 0.00543365 0.959672 
4.2 0.05 0.0032911 0.963828 
4.25 0.05 0.00100424 0.965926 
4.3 0.05 -0.00132707 0.965772 
4.35 0.05 -0.00359932 0.963383 
4.4 0.05 -0.00571393 0.958979 
4.45 0.05 -0.00758477 0.952936 
4.5 0.05 -0.00914324 0.945712 
4.55 0.05 -0.0103401 0.937773 
4.6 0.05 -0.011145 0.929535 
4.65 0.05 -0.0115441 0.921344 
4.7 0.05 -0.0115377 0.913472 
4.75 0.05 -0.0111383 0.906126 
4.8 0.05 -0.0103695 0.899463 
4.85 0.05 -0.00926627 0.893606 
4.9 0.05 -0.00787645 0.888648 
4.95 0.05 -0.00625984 0.884656 
5 0.05 -0.00446433 0.881664 
0 0.1 -0.0217225 0.770647 
0.05 0.1 -0.014865 0.764771 
0.1 0.1 -0.00741439 0.761281 
0.15 0.1 0.000259822 0.760235 
0.2 0.1 0.00787263 0.761614 
0.25 0.1 0.0151662 0.765358 
0.3 0.1 0.0219003 0.771376 
0.35 0.1 0.0278556 0.779544 
0.4 0.1 0.0328395 0.789707 
0.45 0.1 0.0366898 0.801681 
0.5 0.1 0.0392773 0.815249 
0.55 0.1 0.0405057 0.830148 
0.6 0.1 0.0403137 0.846051 
0.65 0.1 0.038677 0.86253 
0.7 0.1 0.0356135 0.879031 
0.75 0.1 0.0311909 0.89484 
0.8 0.1 0.0255342 0.909097 
0.85 0.1 0.0188318 0.92085 
0.9 0.1 0.0113349 0.929175 
0.95 0.1 0.00334969 0.933333 
1 0.1 -0.00478148 0.932928 
1.05 0.1 -0.0127047 0.928001 
1.1 0.1 -0.0200824 0.919017 
1.15 0.1 -0.0266172 0.90676 
1.2 0.1 -0.0320686 0.892171 
1.25 0.1 -0.0362599 0.876193 
1.3 0.1 -0.039077 0.859664 
1.35 0.1 -0.0404623 0.843268 
1.4 0.1 -0.0404064 0.827537 
1.45 0.1 -0.0389417 0.812876 
1.5 0.1 -0.0361378 0.799602 
1.55 0.1 -0.0320993 0.787967 
1.6 0.1 -0.026965 0.77818 
1.65 0.1 -0.0209075 0.770418 
1.7 0.1 -0.0141307 0.764824 
1.75 0.1 -0.00686542 0.761504 
1.8 0.1 0.00063805 0.760523 
1.85 0.1 0.00811941 0.761901 
1.9 0.1 0.0153193 0.765611 
1.95 0.1 0.0219901 0.77158 
2 0.1 0.0279051 0.779695 
2.05 0.1 0.0328655 0.789806 
2.1 0.1 0.0367043 0.801734 
2.15 0.1 0.0392884 0.815261 
2.2 0.1 0.0405191 0.830126 
2.25 0.1 0.040333 0.846001 
2.3 0.1 0.0387042 0.862461 
2.35 0.1 0.0356496 0.87895 
2.4 0.1 0.031236 0.894756 
2.45 0.1 0.0255875 0.909021 
2.5 0.1 0.0188918 0.920792 
2.55 0.1 0.0113996 0.929142 
2.6 0.1 0.00341641 0.933332 
2.65 0.1 -0.0047155 0.932962 
2.7 0.1 -0.0126423 0.928068 
2.75 0.1 -0.0200261 0.919112 
2.8 0.1 -0.0265692 0.906877 
2.85 0.1 -0.0320305 0.892302 
2.9 0.1 -0.0362329 0.876332 
2.95 0.1 -0.0390618 0.859804 
3 0.1 -0.040459 0.843404 
3.05 0.1 -0.0404149 0.827665 
3.1 0.1 -0.0389617 0.812994 
3.15 0.1 -0.0361685 0.799707 
3.2 0.1 -0.0321396 0.788057 
3.25 0.1 -0.0270137 0.778255 
3.3 0.1 -0.020963 0.770475 
3.35 0.1 -0.0141911 0.764862 
3.4 0.1 -0.00692868 0.761522 
3.45 0.1 0.000574072 0.760522 
3.5 0.1 0.00805691 0.761881 
3.55 0.1 0.0152604 0.765571 
3.6 0.1 0.0219368 0.771521 
3.65 0.1 0.0278593 0.779618 
3.7 0.1 0.0328287 0.789714 
3.75 0.1 0.0366778 0.801626 
3.8 0.1 0.0392734 0.81514 
3.85 0.1 0.0405164 0.829994 
3.9 0.1 0.0403431 0.845862 
3.95 0.1 0.0387275 0.862319 
4 0.1 0.0356861 0.87881 
4.05 0.1 0.0312852 0.894627 
4.1 0.1 0.0256486 0.908912 
4.15 0.1 0.0189631 0.920714 
4.2 0.1 0.0114791 0.929108 
4.25 0.1 0.00350144 0.93335 
4.3 0.1 -0.00462805 0.933039 
4.35 0.1 -0.0125558 0.928207 
4.4 0.1 -0.0199441 0.919313 
4.45 0.1 -0.0264955 0.907135 
4.5 0.1 -0.0319692 0.892613 
4.55 0.1 -0.0361889 0.87669 
4.6 0.1 -0.0390416 0.860205 
4.65 0.1 -0.040472 0.843842 
4.7 0.1 -0.0404745 0.828134 
4.75 0.1 -0.0390868 0.813482 
4.8 0.1 -0.0363852 0.800194 
4.85 0.1 -0.0324813 0.788508 
4.9 0.1 -0.0275149 0.77861 
4.95 0.1 -0.0216331 0.770647 
5 0.1 -0.0149238 0.764771 
0 0.15 -0.0423187 0.662782 
0.05 0.15 -0.0289227 0.654204 
0.1 0.15 -0.0143741 0.649064 
0.15 0.15 0.000672984 0.647503 
0.2 0.15 0.015645 0.649523 
0.25 0.15 0.0300134 0.655045 
0.3 0.15 0.0432891 0.66393 
0.35 0.15 0.0550293 0.675985 
0.4 0.15 0.0648474 0.690972 
0.45 0.15 0.0724193 0.708613 
0.5 0.15 0.0774881 0.728584 
0.55 0.15 0.0798653 0.750504 
0.6 0.15 0.0794337 0.7739 
0.65 0.15 0.0761526 0.798158 
0.7 0.15 0.0700664 0.822474 
0.75 0.15 0.0613181 0.845807 
0.8 0.15 0.0501621 0.866888 
0.85 0.15 0.036973 0.884298 
0.9 0.15 0.0222446 0.896649 
0.95 0.15 0.00657174 0.902823 
1 0.15 -0.00938302 0.902222 
1.05 0.15 -0.0249362 0.894905 
1.1 0.15 -0.0394341 0.881578 
1.15 0.15 -0.0522979 0.863426 
1.2 0.15 -0.0630543 0.84186 
1.25 0.15 -0.0713504 0.818284 
1.3 0.15 -0.0769531 0.793929 
1.35 0.15 -0.0797386 0.769793 
1.4 0.15 -0.0796799 0.746646 
1.45 0.15 -0.076834 0.72507 
1.5 0.15 -0.0713338 0.70552 
1.55 0.15 -0.0633843 0.688366 
1.6 0.15 -0.0532599 0.673919 
1.65 0.15 -0.0413031 0.662446 
1.7 0.15 -0.0279188 0.654167 
1.75 0.15 -0.0135652 0.649249 
1.8 0.15 0.00126091 0.647796 
1.85 0.15 0.0160432 0.649838 
1.9 0.15 0.030267 0.655332 
1.95 0.15 0.043441 0.664164 
2 0.15 0.055115 0.676156 
2.05 0.15 0.0648941 0.69108 
2.1 0.15 0.0724473 0.708661 
2.15 0.15 0.0775117 0.72858 
2.2 0.15 0.0798944 0.750456 
2.25 0.15 0.0794747 0.773816 
2.3 0.15 0.0762092 0.798048 
2.35 0.15 0.0701403 0.822349 
2.4 0.15 0.0614093 0.84568 
2.45 0.15 0.0502689 0.866773 
2.5 0.15 0.0370926 0.884209 
2.55 0.15 0.0223728 0.896599 
2.6 0.15 0.00670362 0.902821 
2.65 0.15 -0.00925279 0.902271 
2.7 0.15 -0.024813 0.895004 
2.75 0.15 -0.0393229 0.881719 
2.8 0.15 -0.0522029 0.863599 
2.85 0.15 -0.0629788 0.842054 
2.9 0.15 -0.0712967 0.818488 
2.95 0.15 -0.0769225 0.794134 
3 0.15 -0.0797318 0.769993 
3.05 0.15 -0.0796966 0.746834 
3.1 0.15 -0.0768733 0.725243 
3.15 0.15 -0.0713943 0.705675 
3.2 0.15 -0.0634639 0.6885 
3.25 0.15 -0.0533562 0.674029 
3.3 0.15 -0.0414128 0.66253 
3.35 0.15 -0.0280382 0.654224 
3.4 0.15 -0.0136903 0.649277 
3.45 0.15 0.00113443 0.647795 
3.5 0.15 0.0159196 0.649808 
3.55 0.15 0.0301507 0.655274 
3.6 0.15 0.0433359 0.664078 
3.65 0.15 0.0550247 0.676044 
3.7 0.15 0.0648217 0.690944 
3.75 0.15 0.0723955 0.708503 
3.8 0.15 0.0774825 0.728403 
3.85 0.15 0.0798894 0.750263 
3.9 0.15 0.0794951 0.773611 
3.95 0.15 0.0762555 0.797839 
4 0.15 0.0702125 0.822143 
4.05 0.15 0.0615062 0.845489 
4.1 0.15 0.0503886 0.866611 
4.15 0.15 0.0372321 0.884094 
4.2 0.15 0.022528 0.896546 
4.25 0.15 0.00686933 0.902845 
4.3 0.15 -0.0090825 0.902382 
4.35 0.15 -0.0246445 0.895205 
4.4 0.15 -0.0391629 0.882009 
4.45 0.15 -0.0520582 0.863972 
4.5 0.15 -0.062857 0.842502 
4.55 0.15 -0.0712064 0.819002 
4.6 0.15 -0.0768748 0.794706 
4.65 0.15 -0.0797418 0.770614 
4.7 0.15 -0.079785 0.747493 
4.75 0.15 -0.0770678 0.725922 
4.8 0.15 -0.0717299 0.706344 
4.85 0.15 -0.0639781 0.68911 
4.9 0.15 -0.0540737 0.674506 
4.95 0.15 -0.0423049 0.662782 
5 0.15 -0.0289292 0.654204 
0 0.2 -0.0652227 0.5668 
0.05 0.2 -0.0444615 0.555814 
0.1 0.2 -0.0219766 0.549203 
0.15 0.2 0.00130378 0.54718 
0.2 0.2 0.024501 0.549781 
0.25 0.2 0.0467833 0.556914 
0.3 0.2 0.0673768 0.56839 
0.35 0.2 0.085582 0.58394 
0.4 0.2 0.10079 0.603234 
0.45 0.2 0.112494 0.625897 
0.5 0.2 0.120294 0.651503 
0.55 0.2 0.123903 0.679566 
0.6 0.2 0.123146 0.709487 
0.65 0.2 0.117971 0.7405 
0.7 0.2 0.108461 0.771592 
0.75 0.2 0.0948495 0.801447 
0.8 0.2 0.0775419 0.828445 
0.85 0.2 0.057123 0.850764 
0.9 0.2 0.0343542 0.866609 
0.95 0.2 0.0101464 0.874536 
1 0.2 -0.0144906 0.873763 
1.05 0.2 -0.0385162 0.864369 
1.1 0.2 -0.0609336 0.847272 
1.15 0.2 -0.0808554 0.824005 
1.2 0.2 -0.0975503 0.796388 
1.25 0.2 -0.110466 0.766223 
1.3 0.2 -0.119229 0.735078 
1.35 0.2 -0.123636 0.704215 
1.4 0.2 -0.12363 0.674598 
1.45 0.2 -0.119288 0.646959 
1.5 0.2 -0.110808 0.621871 
1.55 0.2 -0.0985045 0.599807 
1.6 0.2 -0.082801 0.581178 
1.65 0.2 -0.0642304 0.566347 
1.7 0.2 -0.043425 0.555622 
1.75 0.2 -0.0211017 0.549241 
1.8 0.2 0.0019618 0.547354 
1.85 0.2 0.0249566 0.550006 
1.9 0.2 0.0470767 0.557133 
1.95 0.2 0.0675527 0.568571 
2 0.2 0.0856807 0.584066 
2.05 0.2 0.100844 0.603302 
2.1 0.2 0.112529 0.625906 
2.15 0.2 0.120328 0.65146 
2.2 0.2 0.123949 0.679476 
2.25 0.2 0.123212 0.70936 
2.3 0.2 0.118062 0.740346 
2.35 0.2 0.108579 0.771423 
2.4 0.2 0.0949939 0.801278 
2.45 0.2 0.07771 0.828293 
2.5 0.2 0.0573102 0.850647 
2.55 0.2 0.0345542 0.866544 
2.6 0.2 0.0103516 0.874533 
2.65 0.2 -0.0142882 0.873826 
2.7 0.2 -0.0383249 0.864497 
2.75 0.2 -0.0607608 0.847454 
2.8 0.2 -0.0807076 0.824227 
2.85 0.2 -0.0974326 0.796638 
2.9 0.2 -0.110382 0.766484 
2.95 0.2 -0.119181 0.735341 
3 0.2 -0.123624 0.704471 
3.05 0.2 -0.123655 0.674841 
3.1 0.2 -0.119348 0.647183 
3.15 0.2 -0.110902 0.622071 
3.2 0.2 -0.0986282 0.59998 
3.25 0.2 -0.0829506 0.581321 
3.3 0.2 -0.0644009 0.566456 
3.35 0.2 -0.0436108 0.555696 
3.4 0.2 -0.0212963 0.549278 
3.45 0.2 0.00176495 0.547353 
3.5 0.2 0.0247644 0.549967 
3.55 0.2 0.0468958 0.557058 
3.6 0.2 0.0673894 0.56846 
3.65 0.2 0.0855405 0.583922 
3.7 0.2 0.100732 0.603127 
3.75 0.2 0.112449 0.625704 
3.8 0.2 0.120284 0.651234 
3.85 0.2 0.123942 0.67923 
3.9 0.2 0.123244 0.7091 
3.95 0.2 0.118134 0.74008 
4 0.2 0.10869 0.771162 
4.05 0.2 0.0951435 0.801036 
4.1 0.2 0.0778943 0.828088 
4.15 0.2 0.0575244 0.8505 
4.2 0.2 0.0347919 0.866476 
4.25 0.2 0.0106051 0.874561 
4.3 0.2 -0.0140277 0.873964 
4.35 0.2 -0.0380667 0.864748 
4.4 0.2 -0.0605146 0.847816 
4.45 0.2 -0.0804829 0.824691 
4.5 0.2 -0.0972393 0.797191 
4.55 0.2 -0.110231 0.767116 
4.6 0.2 -0.119086 0.736037 
4.65 0.2 -0.123603 0.705218 
4.7 0.2 -0.123729 0.675623 
4.75 0.2 -0.119547 0.647978 
4.8 0.2 -0.111258 0.622844 
4.85 0.2 -0.0991709 0.60068 
4.9 0.2 -0.0836861 0.581878 
4.95 0.2 -0.0652725 0.5668 
5 0.2 -0.044425 0.555814 
0 0.25 -0.0880836 0.486974 
0.05 0.25 -0.0598945 0.473903 
0.1 0.25 -0.0294323 0.46602 
0.15 0.25 0.00211424 0.463605 
0.2 0.25 0.0335683 0.466727 
0.25 0.25 0.0637927 0.475281 
0.3 0.25 0.0917222 0.489014 
0.35 0.25 0.116394 0.507563 
0.4 0.25 0.136973 0.53049 
0.45 0.25 0.152768 0.55731 
0.5 0.25 0.163241 0.587497 
0.55 0.25 0.168009 0.620472 
0.6 0.25 0.16685 0.655544 
0.65 0.25 0.15971 0.691833 
0.7 0.25 0.146719 0.728177 
0.75 0.25 0.128211 0.763056 
0.8 0.25 0.104747 0.794592 
0.85 0.25 0.0771228 0.820663 
0.9 0.25 0.0463642 0.839173 
0.95 0.25 0.0136896 0.848432 
1 0.25 -0.0195561 0.847529 
1.05 0.25 -0.0519883 0.836553 
1.1 0.25 -0.0822786 0.81658 
1.15 0.25 -0.109239 0.789399 
1.2 0.25 -0.131882 0.757137 
1.25 0.25 -0.149455 0.721888 
1.3 0.25 -0.161438 0.685471 
1.35 0.25 -0.167537 0.64934 
1.4 0.25 -0.167656 0.614601 
1.45 0.25 -0.161884 0.582092 
1.5 0.25 -0.150474 0.552478 
1.55 0.25 -0.133842 0.526326 
1.6 0.25 -0.112559 0.504146 
1.65 0.25 -0.0873472 0.486412 
1.7 0.25 -0.05907 0.47354 
1.75 0.25 -0.0287085 0.465861 
1.8 0.25 0.00266956 0.463587 
1.85 0.25 0.0339532 0.466783 
1.9 0.25 0.0640355 0.475357 
1.95 0.25 0.0918608 0.489077 
2 0.25 0.116466 0.507593 
2.05 0.25 0.13701 0.530477 
2.1 0.25 0.152795 0.557251 
2.15 0.25 0.163278 0.587395 
2.2 0.25 0.168068 0.62033 
2.25 0.25 0.166941 0.655369 
2.3 0.25 0.159836 0.691634 
2.35 0.25 0.146883 0.727967 
2.4 0.25 0.128411 0.762851 
2.45 0.25 0.104978 0.79441 
2.5 0.25 0.0773789 0.820524 
2.55 0.25 0.0466369 0.839096 
2.6 0.25 0.0139688 0.848429 
2.65 0.25 -0.0192812 0.847604 
2.7 0.25 -0.0517285 0.836704 
2.75 0.25 -0.0820439 0.816793 
2.8 0.25 -0.109038 0.789661 
2.85 0.25 -0.131722 0.757429 
2.9 0.25 -0.14934 0.722195 
2.95 0.25 -0.161372 0.685781 
3 0.25 -0.16752 0.649642 
3.05 0.25 -0.16769 0.614887 
3.1 0.25 -0.161965 0.582357 
3.15 0.25 -0.150601 0.552716 
3.2 0.25 -0.13401 0.526532 
3.25 0.25 -0.112762 0.504318 
3.3 0.25 -0.0875792 0.486545 
3.35 0.25 -0.0593228 0.47363 
3.4 0.25 -0.0289736 0.465907 
3.45 0.25 0.00240159 0.463587 
3.5 0.25 0.0336917 0.466737 
3.55 0.25 0.0637896 0.475267 
3.6 0.25 0.091639 0.488945 
3.65 0.25 0.116276 0.507422 
3.7 0.25 0.136858 0.530271 
3.75 0.25 0.152687 0.557014 
3.8 0.25 0.163218 0.58713 
3.85 0.25 0.16806 0.620044 
3.9 0.25 0.166985 0.655067 
3.95 0.25 0.159934 0.691326 
4 0.25 0.147033 0.727664 
4.05 0.25 0.128612 0.762571 
4.1 0.25 0.105225 0.794173 
4.15 0.25 0.0776652 0.820354 
4.2 0.25 0.0469542 0.839016 
4.25 0.25 0.0143069 0.848461 
4.3 0.25 -0.0189336 0.847761 
4.35 0.25 -0.0513831 0.83699 
4.4 0.25 -0.0817123 0.817204 
4.45 0.25 -0.108731 0.790183 
4.5 0.25 -0.131451 0.758049 
4.55 0.25 -0.149116 0.722894 
4.6 0.25 -0.161207 0.686542 
4.65 0.25 -0.167429 0.650449 
4.7 0.25 -0.167691 0.615719 
4.75 0.25 -0.162081 0.583189 
4.8 0.25 -0.150852 0.553516 
4.85 0.25 -0.134411 0.527257 
4.9 0.25 -0.1133 0.504916 
4.95 0.25 -0.0881859 0.486974 
5 0.25 -0.0598228 0.473903 
0 0.3 -0.109088 0.424684 
0.05 0.3 -0.0740129 0.409766 
0.1 0.3 -0.0361633 0.400749 
0.15 0.3 0.00303371 0.397992 
0.2 0.3 0.0421248 0.401604 
0.25 0.3 0.0796861 0.41145 
0.3 0.3 0.114377 0.427184 
0.35 0.3 0.144985 0.448312 
0.4 0.3 0.170467 0.474249 
0.45 0.3 0.189962 0.504375 
0.5 0.3 0.202809 0.538056 
0.55 0.3 0.20855 0.574629 
0.6 0.3 0.206926 0.613336 
0.65 0.3 0.197896 0.653232 
0.7 0.3 0.181643 0.693073 
0.75 0.3 0.158605 0.731227 
0.8 0.3 0.129489 0.765667 
0.85 0.3 0.0952863 0.794105 
0.9 0.3 0.0572608 0.814279 
0.95 0.3 0.0169019 0.824366 
1 0.3 -0.0241518 0.82338 
1.05 0.3 -0.0642156 0.811423 
1.1 0.3 -0.10167 0.789649 
1.15 0.3 -0.135062 0.759992 
1.2 0.3 -0.163172 0.724745 
1.25 0.3 -0.18506 0.686169 
1.3 0.3 -0.200068 0.646223 
1.35 0.3 -0.207806 0.606468 
1.4 0.3 -0.208133 0.568085 
1.45 0.3 -0.201132 0.53198 
1.5 0.3 -0.187099 0.498883 
1.55 0.3 -0.166532 0.469447 
1.6 0.3 -0.140133 0.444301 
1.65 0.3 -0.108797 0.424053 
1.7 0.3 -0.0736008 0.409269 
1.75 0.3 -0.0357779 0.400412 
1.8 0.3 0.00332766 0.397784 
1.85 0.3 0.042314 0.401478 
1.9 0.3 0.079785 0.411363 
1.95 0.3 0.114411 0.427106 
2 0.3 0.144984 0.448222 
2.05 0.3 0.170456 0.474136 
2.1 0.3 0.189962 0.504234 
2.15 0.3 0.202837 0.537886 
2.2 0.3 0.208615 0.57443 
2.25 0.3 0.207037 0.613113 
2.3 0.3 0.198054 0.652994 
2.35 0.3 0.18185 0.69283 
2.4 0.3 0.158856 0.730995 
2.45 0.3 0.129779 0.765465 
2.5 0.3 0.0956068 0.793952 
2.55 0.3 0.057601 0.814195 
2.6 0.3 0.0172495 0.824363 
2.65 0.3 -0.0238099 0.823464 
2.7 0.3 -0.0638927 0.811588 
2.75 0.3 -0.101379 0.789884 
2.8 0.3 -0.134811 0.76028 
2.85 0.3 -0.162972 0.725067 
2.9 0.3 -0.184917 0.686508 
2.95 0.3 -0.199984 0.646566 
3 0.3 -0.207784 0.606802 
3.05 0.3 -0.208173 0.568404 
3.1 0.3 -0.201232 0.532276 
3.15 0.3 -0.187255 0.499151 
3.2 0.3 -0.16674 0.469683 
3.25 0.3 -0.140386 0.444498 
3.3 0.3 -0.109086 0.424207 
3.35 0.3 -0.073916 0.409375 
3.4 0.3 -0.0361083 0.400466 
3.45 0.3 0.0029935 0.397785 
3.5 0.3 0.0419881 0.401426 
3.55 0.3 0.0794787 0.41126 
3.6 0.3 0.114135 0.426956 
3.65 0.3 0.144748 0.44803 
3.7 0.3 0.170268 0.473906 
3.75 0.3 0.189829 0.50397 
3.8 0.3 0.202763 0.537594 
3.85 0.3 0.208605 0.574116 
3.9 0.3 0.207092 0.612785 
3.95 0.3 0.198175 0.652659 
4 0.3 0.182035 0.692503 
4.05 0.3 0.159103 0.730692 
4.1 0.3 0.130081 0.76521 
4.15 0.3 0.0959561 0.79377 
4.2 0.3 0.0579874 0.814111 
4.25 0.3 0.017661 0.824398 
4.3 0.3 -0.0233865 0.823631 
4.35 0.3 -0.0634704 0.811891 
4.4 0.3 -0.10097 0.790316 
4.45 0.3 -0.134428 0.760826 
4.5 0.3 -0.162623 0.725708 
4.55 0.3 -0.18461 0.687223 
4.6 0.3 -0.199728 0.647334 
4.65 0.3 -0.207587 0.607602 
4.7 0.3 -0.208043 0.569215 
4.75 0.3 -0.201179 0.533074 
4.8 0.3 -0.187285 0.49991 
4.85 0.3 -0.166849 0.470372 
4.9 0.3 -0.140548 0.445089 
4.95 0.3 -0.109233 0.424684 
5 0.3 -0.0739131 0.409766 
0 0.35 -0.126864 0.378421 
0.05 0.35 -0.0859135 0.361736 
0.1 0.35 -0.0417558 0.351616 
0.15 0.35 0.0039743 0.348536 
0.2 0.35 0.0495813 0.352648 
0.25 0.35 0.0933885 0.363765 
0.3 0.35 0.133812 0.381407 
0.35 0.35 0.169425 0.404889 
0.4 0.35 0.199002 0.433427 
0.45 0.35 0.221545 0.466221 
0.5 0.35 0.236297 0.502505 
0.55 0.35 0.242744 0.541528 
0.6 0.35 0.240615 0.582488 
0.65 0.35 0.229891 0.624416 
0.7 0.35 0.210816 0.666053 
0.75 0.35 0.183921 0.705749 
0.8 0.35 0.150047 0.741455 
0.85 0.35 0.110349 0.770856 
0.9 0.35 0.0662848 0.791673 
0.95 0.35 0.0195596 0.802067 
1 0.35 -0.0279573 0.801051 
1.05 0.35 -0.0743462 0.788724 
1.1 0.35 -0.117759 0.766248 
1.15 0.35 -0.156528 0.73557 
1.2 0.35 -0.189248 0.699005 
1.25 0.35 -0.214817 0.658835 
1.3 0.35 -0.232452 0.617044 
1.35 0.35 -0.241672 0.575208 
1.4 0.35 -0.242283 0.534526 
1.45 0.35 -0.234351 0.495927 
1.5 0.35 -0.218191 0.460194 
1.55 0.35 -0.194361 0.428074 
1.6 0.35 -0.163663 0.400339 
1.65 0.35 -0.127136 0.377784 
1.7 0.35 -0.0860428 0.361177 
1.75 0.35 -0.0418361 0.35117 
1.8 0.35 0.00389204 0.348191 
1.85 0.35 0.0494788 0.352376 
1.9 0.35 0.093268 0.363537 
1.95 0.35 0.133687 0.3812 
2 0.35 0.169311 0.404686 
2.05 0.35 0.198915 0.433217 
2.1 0.35 0.221499 0.466 
2.15 0.35 0.236302 0.502269 
2.2 0.35 0.242807 0.541277 
2.25 0.35 0.240739 0.582224 
2.3 0.35 0.230075 0.624146 
2.35 0.35 0.211058 0.665787 
2.4 0.35 0.184217 0.7055 
2.45 0.35 0.150388 0.741241 
2.5 0.35 0.110725 0.770697 
2.55 0.35 0.0666826 0.791586 
2.6 0.35 0.0199652 0.802066 
2.65 0.35 -0.0275589 0.80114 
2.7 0.35 -0.0739701 0.788898 
2.75 0.35 -0.117419 0.766495 
2.8 0.35 -0.156237 0.735872 
2.85 0.35 -0.189014 0.699343 
2.9 0.35 -0.214648 0.659192 
2.95 0.35 -0.232352 0.617406 
3 0.35 -0.241645 0.575564 
3.05 0.35 -0.242329 0.534869 
3.1 0.35 -0.234466 0.496248 
3.15 0.35 -0.218372 0.460488 
3.2 0.35 -0.194603 0.428335 
3.25 0.35 -0.163957 0.400559 
3.3 0.35 -0.127473 0.377957 
3.35 0.35 -0.0864113 0.361297 
3.4 0.35 -0.0422228 0.351232 
3.45 0.35 0.00350104 0.348194 
3.5 0.35 0.0490975 0.352319 
3.55 0.35 0.0929101 0.363423 
3.6 0.35 0.133365 0.381034 
3.65 0.35 0.169037 0.404474 
3.7 0.35 0.198697 0.432967 
3.75 0.35 0.221345 0.465717 
3.8 0.35 0.236218 0.50196 
3.85 0.35 0.242796 0.540948 
3.9 0.35 0.240803 0.581882 
3.95 0.35 0.230216 0.623801 
4 0.35 0.211272 0.665451 
4.05 0.35 0.1845 0.705192 
4.1 0.35 0.150733 0.740983 
4.15 0.35 0.111123 0.770514 
4.2 0.35 0.0671224 0.791503 
4.25 0.35 0.0204332 0.802102 
4.3 0.35 -0.0270767 0.801308 
4.35 0.35 -0.0734871 0.7892 
4.4 0.35 -0.116947 0.766921 
4.45 0.35 -0.155786 0.736406 
4.5 0.35 -0.188591 0.699963 
4.55 0.35 -0.214256 0.659874 
4.6 0.35 -0.231993 0.618127 
4.65 0.35 -0.241316 0.5763 
4.7 0.35 -0.242025 0.535598 
4.75 0.35 -0.234183 0.496951 
4.8 0.35 -0.218098 0.461146 
4.85 0.35 -0.194318 0.428932 
4.9 0.35 -0.163628 0.401087 
4.95 0.35 -0.127042 0.378421 
5 0.35 -0.0857918 0.361736 
0 0.4 -0.140401 0.344806 
0.05 0.4 -0.0949383 0.326301 
0.1 0.4 -0.045922 0.315028 
0.15 0.4 0.00484431 0.311617 
0.2 0.4 0.0554684 0.31627 
0.25 0.4 0.104068 0.328727 
0.3 0.4 0.148863 0.348325 
0.35 0.4 0.188254 0.374128 
0.4 0.4 0.220877 0.405089 
0.45 0.4 0.245636 0.440178 
0.5 0.4 0.261709 0.478462 
0.55 0.4 0.268558 0.519089 
0.6 0.4 0.265915 0.56122 
0.65 0.4 0.253796 0.603894 
0.7 0.4 0.232506 0.645895 
0.75 0.4 0.202661 0.685641 
0.8 0.4 0.165207 0.721177 
0.85 0.4 0.121423 0.750301 
0.9 0.4 0.0729045 0.770851 
0.95 0.4 0.0215061 0.781092 
1 0.4 -0.0307483 0.78009 
1.05 0.4 -0.0817827 0.767941 
1.1 0.4 -0.129595 0.74574 
1.15 0.4 -0.17237 0.715326 
1.2 0.4 -0.208566 0.678895 
1.25 0.4 -0.23696 0.638621 
1.3 0.4 -0.256666 0.596397 
1.35 0.4 -0.267123 0.553735 
1.4 0.4 -0.268078 0.511797 
1.45 0.4 -0.259566 0.471508 
1.5 0.4 -0.241901 0.433703 
1.55 0.4 -0.215673 0.399241 
1.6 0.4 -0.181749 0.369072 
1.65 0.4 -0.141276 0.344234 
1.7 0.4 -0.0956569 0.325762 
1.75 0.4 -0.0465236 0.314551 
1.8 0.4 0.00432917 0.311203 
1.85 0.4 0.0550221 0.315907 
1.9 0.4 0.103684 0.328398 
1.95 0.4 0.148542 0.348016 
2 0.4 0.188 0.37383 
2.05 0.4 0.220696 0.404795 
2.1 0.4 0.245531 0.439886 
2.15 0.4 0.261683 0.478168 
2.2 0.4 0.26861 0.518795 
2.25 0.4 0.266044 0.560925 
2.3 0.4 0.253999 0.603603 
2.35 0.4 0.232777 0.645615 
2.4 0.4 0.202992 0.685386 
2.45 0.4 0.165587 0.720962 
2.5 0.4 0.121841 0.750144 
2.55 0.4 0.0733463 0.770768 
2.6 0.4 0.0219557 0.781094 
2.65 0.4 -0.0303072 0.780182 
2.7 0.4 -0.0813664 0.768117 
2.75 0.4 -0.129218 0.745988 
2.8 0.4 -0.172047 0.715629 
2.85 0.4 -0.208306 0.679236 
2.9 0.4 -0.236772 0.638984 
2.95 0.4 -0.256554 0.596768 
3 0.4 -0.267091 0.554104 
3.05 0.4 -0.268125 0.512155 
3.1 0.4 -0.259692 0.471849 
3.15 0.4 -0.242101 0.434019 
3.2 0.4 -0.21594 0.399524 
3.25 0.4 -0.182076 0.369316 
3.3 0.4 -0.14165 0.344428 
3.35 0.4 -0.0960667 0.325897 
3.4 0.4 -0.0469539 0.314622 
3.45 0.4 0.00389407 0.311207 
3.5 0.4 0.054598 0.315843 
3.55 0.4 0.103286 0.328272 
3.6 0.4 0.148185 0.347834 
3.65 0.4 0.187696 0.3736 
3.7 0.4 0.220455 0.404527 
3.75 0.4 0.245361 0.439588 
3.8 0.4 0.261591 0.477848 
3.85 0.4 0.268599 0.518458 
3.9 0.4 0.266116 0.56058 
3.95 0.4 0.254153 0.603259 
4 0.4 0.23301 0.645285 
4.05 0.4 0.203299 0.685085 
4.1 0.4 0.165961 0.720712 
4.15 0.4 0.122271 0.749968 
4.2 0.4 0.0738202 0.770689 
4.25 0.4 0.0224598 0.781129 
4.3 0.4 -0.0297871 0.780342 
4.35 0.4 -0.0808432 0.7684 
4.4 0.4 -0.128703 0.746384 
4.45 0.4 -0.171546 0.716121 
4.5 0.4 -0.207822 0.679799 
4.55 0.4 -0.236301 0.639592 
4.6 0.4 -0.25609 0.597396 
4.65 0.4 -0.26662 0.554727 
4.7 0.4 -0.26763 0.512753 
4.75 0.4 -0.25915 0.472406 
4.8 0.4 -0.241486 0.434523 
4.85 0.4 -0.215221 0.399973 
4.9 0.4 -0.181214 0.369717 
4.95 0.4 -0.140604 0.344806 
5 0.4 -0.0948005 0.326301 
0 0.45 -0.148992 0.319847 
0.05 0.45 -0.100629 0.299444 
0.1 0.45 -0.0484714 0.286955 
0.15 0.45 0.00555855 0.283199 
0.2 0.45 0.0594278 0.288437 
0.25 0.45 0.111106 0.302317 
0.3 0.45 0.158676 0.323952 
0.35 0.45 0.20042 0.35211 
0.4 0.45 0.234886 0.385431 
0.45 0.45 0.260919 0.422616 
0.5 0.45 0.277674 0.462529 
0.55 0.45 0.284611 0.504202 
0.6 0.45 0.281488 0.546755 
0.65 0.45 0.268361 0.589253 
0.7 0.45 0.245593 0.630561 
0.75 0.45 0.213866 0.669235 
0.8 0.45 0.174199 0.703508 
0.85 0.45 0.12795 0.731401 
0.9 0.45 0.0767881 0.750984 
0.95 0.45 0.0226445 0.760713 
1 0.45 -0.0323848 0.759762 
1.05 0.45 -0.0861516 0.748213 
1.1 0.45 -0.13658 0.727039 
1.15 0.45 -0.181781 0.697876 
1.2 0.45 -0.220135 0.662686 
1.25 0.45 -0.250342 0.623425 
1.3 0.45 -0.271442 0.581806 
1.35 0.45 -0.282809 0.539213 
1.4 0.45 -0.284135 0.496734 
1.45 0.45 -0.275413 0.455283 
1.5 0.45 -0.256937 0.415748 
1.55 0.45 -0.229298 0.379119 
1.6 0.45 -0.193394 0.346566 
1.65 0.45 -0.150431 0.319406 
1.7 0.45 -0.101908 0.298992 
1.75 0.45 -0.0495788 0.286513 
1.8 0.45 0.0046146 0.282774 
1.85 0.45 0.0586346 0.288027 
1.9 0.45 0.110453 0.301919 
1.95 0.45 0.158153 0.323565 
2 0.45 0.20002 0.351733 
2.05 0.45 0.234604 0.385065 
2.1 0.45 0.260749 0.422262 
2.15 0.45 0.27761 0.462187 
2.2 0.45 0.284646 0.503872 
2.25 0.45 0.281615 0.546437 
2.3 0.45 0.268573 0.588949 
2.35 0.45 0.24588 0.630278 
2.4 0.45 0.214218 0.668983 
2.45 0.45 0.174605 0.7033 
2.5 0.45 0.128395 0.731252 
2.55 0.45 0.0772577 0.750908 
2.6 0.45 0.0231216 0.760719 
2.65 0.45 -0.0319173 0.759854 
2.7 0.45 -0.0857104 0.748386 
2.75 0.45 -0.136181 0.727282 
2.8 0.45 -0.181438 0.698174 
2.85 0.45 -0.219858 0.663023 
2.9 0.45 -0.25014 0.623786 
2.95 0.45 -0.271321 0.582178 
3 0.45 -0.282773 0.539588 
3.05 0.45 -0.284183 0.497104 
3.1 0.45 -0.275545 0.45564 
3.15 0.45 -0.257148 0.416084 
3.2 0.45 -0.229581 0.379426 
3.25 0.45 -0.193741 0.346832 
3.3 0.45 -0.15083 0.31962 
3.35 0.45 -0.102345 0.299143 
3.4 0.45 -0.0500376 0.286593 
3.45 0.45 0.0041506 0.282778 
3.5 0.45 0.0581826 0.287956 
3.55 0.45 0.110029 0.301778 
3.6 0.45 0.157773 0.323365 
3.65 0.45 0.199698 0.351485 
3.7 0.45 0.234349 0.384781 
3.75 0.45 0.26057 0.421951 
3.8 0.45 0.277513 0.461858 
3.85 0.45 0.284635 0.503533 
3.9 0.45 0.281691 0.546096 
3.95 0.45 0.268734 0.588614 
4 0.45 0.246123 0.629961 
4.05 0.45 0.214537 0.668699 
4.1 0.45 0.174992 0.703067 
4.15 0.45 0.128838 0.73109 
4.2 0.45 0.0777452 0.750835 
4.25 0.45 0.0236396 0.760751 
4.3 0.45 -0.0313822 0.759996 
4.35 0.45 -0.08517 0.748636 
4.4 0.45 -0.135644 0.727628 
4.45 0.45 -0.180907 0.698597 
4.5 0.45 -0.21933 0.663498 
4.55 0.45 -0.249607 0.624286 
4.6 0.45 -0.270766 0.582677 
4.65 0.45 -0.282172 0.54006 
4.7 0.45 -0.283506 0.49753 
4.75 0.45 -0.274755 0.456006 
4.8 0.45 -0.256207 0.416386 
4.85 0.45 -0.228447 0.379672 
4.9 0.45 -0.192376 0.347047 
4.95 0.45 -0.149211 0.319847 
5 0.45 -0.100481 0.299444 
0 0.5 -0.15219 0.29983 
0.05 0.5 -0.102698 0.277558 
0.1 0.5 -0.0492925 0.263867 
0.15 0.5 0.00604592 0.259776 
0.2 0.5 0.0612088 0.265606 
0.25 0.5 0.114087 0.280906 
0.3 0.5 0.162689 0.304552 
0.35 0.5 0.205243 0.334997 
0.4 0.5 0.240263 0.370551 
0.45 0.5 0.266584 0.40963 
0.5 0.5 0.283368 0.450885 
0.55 0.5 0.290101 0.49322 
0.6 0.5 0.28658 0.535703 
0.65 0.5 0.272905 0.57743 
0.7 0.5 0.249484 0.617369 
0.75 0.5 0.217045 0.654253 
0.8 0.5 0.176643 0.686561 
0.85 0.5 0.12966 0.712611 
0.9 0.5 0.0777786 0.730777 
0.95 0.5 0.0229292 0.739766 
1 0.5 -0.0328009 0.738887 
1.05 0.5 -0.0872751 0.728211 
1.1 0.5 -0.138426 0.708547 
1.15 0.5 -0.184361 0.681268 
1.2 0.5 -0.223446 0.648029 
1.25 0.5 -0.254354 0.610496 
1.3 0.5 -0.276086 0.570146 
1.35 0.5 -0.287971 0.528199 
1.4 0.5 -0.289651 0.485654 
1.45 0.5 -0.281077 0.443409 
1.5 0.5 -0.262505 0.402414 
1.55 0.5 -0.2345 0.363809 
1.6 0.5 -0.197956 0.328988 
1.65 0.5 -0.154091 0.299571 
1.7 0.5 -0.104443 0.277244 
1.75 0.5 -0.0508285 0.263505 
1.8 0.5 0.00473204 0.259374 
1.85 0.5 0.0601115 0.265176 
1.9 0.5 0.113193 0.280457 
1.95 0.5 0.161984 0.304098 
2 0.5 0.204711 0.33455 
2.05 0.5 0.239889 0.370121 
2.1 0.5 0.266353 0.409221 
2.15 0.5 0.283266 0.450501 
2.2 0.5 0.290117 0.49286 
2.25 0.5 0.2867 0.535368 
2.3 0.5 0.273118 0.577121 
2.35 0.5 0.249778 0.617089 
2.4 0.5 0.217407 0.654011 
2.45 0.5 0.177059 0.686366 
2.5 0.5 0.130116 0.712476 
2.55 0.5 0.0782584 0.730712 
2.6 0.5 0.0234159 0.739778 
2.65 0.5 -0.0323244 0.738979 
2.7 0.5 -0.0868257 0.728377 
2.75 0.5 -0.138019 0.708779 
2.8 0.5 -0.18401 0.681554 
2.85 0.5 -0.223163 0.648355 
2.9 0.5 -0.254147 0.610848 
2.95 0.5 -0.275961 0.570515 
3 0.5 -0.287931 0.528576 
3.05 0.5 -0.289698 0.486031 
3.1 0.5 -0.281209 0.443779 
3.15 0.5 -0.262718 0.402769 
3.2 0.5 -0.234789 0.364136 
3.25 0.5 -0.19831 0.329275 
3.3 0.5 -0.154499 0.299804 
3.35 0.5 -0.104891 0.27741 
3.4 0.5 -0.0512991 0.263592 
3.45 0.5 0.00425603 0.259378 
3.5 0.5 0.059648 0.265097 
3.55 0.5 0.112759 0.280303 
3.6 0.5 0.161596 0.303881 
3.65 0.5 0.204382 0.334284 
3.7 0.5 0.23963 0.36982 
3.75 0.5 0.266172 0.408899 
3.8 0.5 0.283169 0.450167 
3.85 0.5 0.290106 0.492522 
3.9 0.5 0.286777 0.535035 
3.95 0.5 0.27328 0.5768 
4 0.5 0.250021 0.616791 
4.05 0.5 0.217725 0.653747 
4.1 0.5 0.177443 0.686152 
4.15 0.5 0.130554 0.712328 
4.2 0.5 0.078739 0.730645 
4.25 0.5 0.0239258 0.739802 
4.3 0.5 -0.0317975 0.739096 
4.35 0.5 -0.0862915 0.728584 
4.4 0.5 -0.137483 0.709061 
4.45 0.5 -0.183473 0.68189 
4.5 0.5 -0.222616 0.648722 
4.55 0.5 -0.253575 0.611218 
4.6 0.5 -0.275341 0.570859 
4.65 0.5 -0.287229 0.52887 
4.7 0.5 -0.288873 0.486254 
4.75 0.5 -0.280216 0.443921 
4.8 0.5 -0.261507 0.40283 
4.85 0.5 -0.233313 0.364137 
4.9 0.5 -0.196535 0.329257 
4.95 0.5 -0.152417 0.29983 
5 0.5 -0.102545 0.277558 
0 0.55 -0.149795 0.281721 
0.05 0.55 -0.10102 0.257832 
0.1 0.55 -0.0483452 0.243097 
0.15 0.55 0.00625472 0.238721 
0.2 0.55 0.0606702 0.245082 
0.25 0.55 0.112788 0.261632 
0.3 0.55 0.160618 0.287031 
0.35 0.55 0.2024 0.319437 
0.4 0.55 0.236669 0.356861 
0.45 0.55 0.262293 0.397456 
0.5 0.55 0.278479 0.439674 
0.55 0.55 0.284758 0.482295 
0.6 0.55 0.280971 0.524335 
0.65 0.55 0.267261 0.564914 
0.7 0.55 0.244066 0.603104 
0.75 0.55 0.212129 0.637827 
0.8 0.55 0.172501 0.667828 
0.85 0.55 0.126538 0.69175 
0.9 0.55 0.0758717 0.708295 
0.95 0.55 0.02236 0.716441 
1 0.55 -0.031995 0.715646 
1.05 0.55 -0.0851471 0.705962 
1.1 0.55 -0.135112 0.688029 
1.15 0.55 -0.180067 0.662932 
1.2 0.55 -0.218423 0.631993 
1.25 0.55 -0.248875 0.596562 
1.3 0.55 -0.270425 0.557861 
1.35 0.55 -0.282381 0.516937 
1.4 0.55 -0.284353 0.474699 
1.45 0.55 -0.276248 0.432035 
1.5 0.55 -0.258276 0.389962 
1.55 0.55 -0.230955 0.349756 
1.6 0.55 -0.195136 0.313027 
1.65 0.55 -0.152007 0.281671 
1.7 0.55 -0.103087 0.257679 
1.75 0.55 -0.0501848 0.242836 
1.8 0.55 0.00467319 0.238362 
1.85 0.55 0.0593491 0.244645 
1.9 0.55 0.111716 0.261143 
1.95 0.55 0.159777 0.286518 
2 0.55 0.201768 0.318926 
2.05 0.55 0.236224 0.35637 
2.1 0.55 0.262015 0.396997 
2.15 0.55 0.278348 0.439252 
2.2 0.55 0.284755 0.48191 
2.25 0.55 0.281081 0.523988 
2.3 0.55 0.267468 0.564604 
2.35 0.55 0.244355 0.602833 
2.4 0.55 0.212487 0.637598 
2.45 0.55 0.172913 0.66765 
2.5 0.55 0.126988 0.691631 
2.55 0.55 0.0763437 0.708242 
2.6 0.55 0.0228381 0.716459 
2.65 0.55 -0.0315275 0.715736 
2.7 0.55 -0.0847063 0.706121 
2.75 0.55 -0.134713 0.688249 
2.8 0.55 -0.179722 0.663204 
2.85 0.55 -0.218143 0.632305 
2.9 0.55 -0.24867 0.596904 
2.95 0.55 -0.2703 0.558224 
3 0.55 -0.282339 0.517313 
3.05 0.55 -0.284396 0.475081 
3.1 0.55 -0.276376 0.432416 
3.15 0.55 -0.258484 0.390331 
3.2 0.55 -0.231238 0.350101 
3.25 0.55 -0.195484 0.313334 
3.3 0.55 -0.152409 0.281921 
3.35 0.55 -0.103529 0.257858 
3.4 0.55 -0.0506497 0.24293 
3.45 0.55 0.0042029 0.238365 
3.5 0.55 0.0588915 0.244559 
3.55 0.55 0.111288 0.260977 
3.6 0.55 0.159395 0.286286 
3.65 0.55 0.201444 0.318644 
3.7 0.55 0.235971 0.356057 
3.75 0.55 0.261839 0.396666 
3.8 0.55 0.278254 0.438915 
3.85 0.55 0.284746 0.481576 
3.9 0.55 0.281156 0.523664 
3.95 0.55 0.267624 0.564298 
4 0.55 0.244589 0.602554 
4.05 0.55 0.212791 0.637356 
4.1 0.55 0.173278 0.667456 
4.15 0.55 0.127404 0.691497 
4.2 0.55 0.0767984 0.708178 
4.25 0.55 0.0233194 0.716471 
4.3 0.55 -0.0310302 0.715823 
4.35 0.55 -0.0842008 0.706276 
4.4 0.55 -0.134203 0.688457 
4.45 0.55 -0.179203 0.663444 
4.5 0.55 -0.217604 0.632552 
4.55 0.55 -0.24809 0.597129 
4.6 0.55 -0.26965 0.5584 
4.65 0.55 -0.28158 0.517413 
4.7 0.55 -0.28348 0.475086 
4.75 0.55 -0.275249 0.432315 
4.8 0.55 -0.257092 0.390132 
4.85 0.55 -0.229532 0.349835 
4.9 0.55 -0.193435 0.313058 
4.95 0.55 -0.150021 0.281721 
5 0.55 -0.100868 0.257832 
0 0.6 -0.141863 0.263211 
0.05 0.6 -0.0956335 0.238242 
0.1 0.6 -0.0456618 0.222805 
0.15 0.6 0.00615662 0.218249 
0.2 0.6 0.0577892 0.22499 
0.25 0.6 0.1072 0.242408 
0.3 0.6 0.152476 0.268992 
0.35 0.6 0.191935 0.302679 
0.4 0.6 0.224191 0.341253 
0.45 0.6 0.248189 0.382668 
0.5 0.6 0.263204 0.425226 
0.55 0.6 0.268829 0.467607 
0.6 0.6 0.264954 0.508784 
0.65 0.6 0.25175 0.547897 
0.7 0.6 0.229668 0.584111 
0.75 0.6 0.199433 0.616521 
0.8 0.6 0.162051 0.644127 
0.85 0.6 0.118799 0.665878 
0.9 0.6 0.0712008 0.680786 
0.95 0.6 0.0209772 0.688087 
1 0.6 -0.0300238 0.687374 
1.05 0.6 -0.0799157 0.678688 
1.1 0.6 -0.126866 0.662506 
1.15 0.6 -0.169184 0.639641 
1.2 0.6 -0.205384 0.611101 
1.25 0.6 -0.234234 0.577935 
1.3 0.6 -0.254775 0.541127 
1.35 0.6 -0.266326 0.501561 
1.4 0.6 -0.268483 0.460069 
1.45 0.6 -0.261118 0.417531 
1.5 0.6 -0.244389 0.375017 
1.55 0.6 -0.218752 0.333915 
1.6 0.6 -0.184987 0.295998 
1.65 0.6 -0.144205 0.263369 
1.7 0.6 -0.0978486 0.238252 
1.75 0.6 -0.04765 0.222649 
1.8 0.6 0.00443809 0.217938 
1.85 0.6 0.0563502 0.224554 
1.9 0.6 0.106032 0.241887 
1.95 0.6 0.15156 0.268429 
2 0.6 0.191248 0.302112 
2.05 0.6 0.223708 0.34071 
2.1 0.6 0.247885 0.382166 
2.15 0.6 0.263055 0.424773 
2.2 0.6 0.268813 0.467203 
2.25 0.6 0.265052 0.50843 
2.3 0.6 0.251945 0.54759 
2.35 0.6 0.229943 0.58385 
2.4 0.6 0.199773 0.616309 
2.45 0.6 0.162441 0.643968 
2.5 0.6 0.119225 0.665775 
2.55 0.6 0.0716473 0.680746 
2.6 0.6 0.0214287 0.688111 
2.65 0.6 -0.0295827 0.687464 
2.7 0.6 -0.0794999 0.678841 
2.75 0.6 -0.126489 0.662714 
2.8 0.6 -0.168858 0.639898 
2.85 0.6 -0.20512 0.611399 
2.9 0.6 -0.234039 0.578265 
2.95 0.6 -0.254655 0.541481 
3 0.6 -0.266285 0.501932 
3.05 0.6 -0.268522 0.460451 
3.1 0.6 -0.261237 0.417916 
3.15 0.6 -0.244584 0.375394 
3.2 0.6 -0.219019 0.334272 
3.25 0.6 -0.185317 0.296317 
3.3 0.6 -0.144587 0.263631 
3.35 0.6 -0.0982679 0.23844 
3.4 0.6 -0.0480916 0.222748 
3.45 0.6 0.00399129 0.217941 
3.5 0.6 0.0559157 0.224463 
3.55 0.6 0.105626 0.241712 
3.6 0.6 0.151199 0.268186 
3.65 0.6 0.190943 0.301821 
3.7 0.6 0.223469 0.340389 
3.75 0.6 0.247719 0.381831 
3.8 0.6 0.262967 0.424436 
3.85 0.6 0.268804 0.466875 
3.9 0.6 0.265121 0.508118 
3.95 0.6 0.25209 0.547301 
4 0.6 0.230158 0.58359 
4.05 0.6 0.200052 0.616087 
4.1 0.6 0.162776 0.64379 
4.15 0.6 0.119604 0.665651 
4.2 0.6 0.0720597 0.68068 
4.25 0.6 0.021864 0.688106 
4.3 0.6 -0.0291337 0.687516 
4.35 0.6 -0.0790428 0.67894 
4.4 0.6 -0.126025 0.662845 
4.45 0.6 -0.168381 0.640039 
4.5 0.6 -0.204615 0.611523 
4.55 0.6 -0.233484 0.578345 
4.6 0.6 -0.254016 0.541488 
4.65 0.6 -0.265519 0.501841 
4.7 0.6 -0.267579 0.460241 
4.75 0.6 -0.260061 0.41758 
4.8 0.6 -0.24312 0.374945 
4.85 0.6 -0.21722 0.333748 
4.9 0.6 -0.183156 0.295793 
4.95 0.6 -0.142078 0.26321 
5 0.6 -0.095489 0.238242 
0 0.65 -0.12873 0.24262 
0.05 0.65 -0.0867638 0.217404 
0.1 0.65 -0.0413556 0.201793 
0.15 0.65 0.00574959 0.197211 
0.2 0.65 0.0526757 0.204093 
0.25 0.65 0.0975442 0.221777 
0.3 0.65 0.138597 0.24866 
0.35 0.65 0.174294 0.282567 
0.4 0.65 0.203382 0.321168 
0.45 0.65 0.224918 0.362318 
0.5 0.65 0.238269 0.404246 
0.55 0.65 0.243099 0.445579 
0.6 0.65 0.23934 0.485274 
0.65 0.65 0.227183 0.522491 
0.7 0.65 0.20706 0.556473 
0.75 0.65 0.179649 0.586465 
0.8 0.65 0.145871 0.611678 
0.85 0.65 0.106877 0.63132 
0.9 0.65 0.0640304 0.644668 
0.95 0.65 0.0188596 0.651169 
1 0.65 -0.026999 0.650535 
1.05 0.65 -0.0718764 0.642794 
1.1 0.65 -0.11415 0.628284 
1.15 0.65 -0.152314 0.607596 
1.2 0.65 -0.185039 0.58147 
1.25 0.65 -0.211212 0.5507 
1.3 0.65 -0.229951 0.516068 
1.35 0.65 -0.240618 0.478325 
1.4 0.65 -0.242819 0.438234 
1.45 0.65 -0.236404 0.396661 
1.5 0.65 -0.221481 0.354703 
1.55 0.65 -0.198434 0.313805 
1.6 0.65 -0.167945 0.27582 
1.65 0.65 -0.131011 0.242956 
1.7 0.65 -0.0889421 0.217556 
1.75 0.65 -0.0433263 0.201734 
1.8 0.65 0.00403615 0.19695 
1.85 0.65 0.0512358 0.203668 
1.9 0.65 0.0963738 0.221239 
1.95 0.65 0.137679 0.248065 
2 0.65 0.173607 0.281963 
2.05 0.65 0.202899 0.320589 
2.1 0.65 0.224612 0.361788 
2.15 0.65 0.238116 0.403773 
2.2 0.65 0.243075 0.445166 
2.25 0.65 0.239426 0.484919 
2.3 0.65 0.227359 0.522191 
2.35 0.65 0.20731 0.556226 
2.4 0.65 0.179959 0.58627 
2.45 0.65 0.146227 0.611537 
2.5 0.65 0.107264 0.631234 
2.55 0.65 0.0644351 0.64464 
2.6 0.65 0.0192679 0.6512 
2.65 0.65 -0.0266005 0.650625 
2.7 0.65 -0.0715008 0.642939 
2.75 0.65 -0.113809 0.628481 
2.8 0.65 -0.152019 0.607839 
2.85 0.65 -0.184799 0.581751 
2.9 0.65 -0.211034 0.551014 
2.95 0.65 -0.229841 0.516409 
3 0.65 -0.24058 0.478687 
3.05 0.65 -0.242853 0.438609 
3.1 0.65 -0.23651 0.397042 
3.15 0.65 -0.221657 0.355079 
3.2 0.65 -0.198675 0.314162 
3.25 0.65 -0.168244 0.276141 
3.3 0.65 -0.131358 0.243221 
3.35 0.65 -0.0893233 0.217746 
3.4 0.65 -0.043728 0.201834 
3.45 0.65 0.0036297 0.196953 
3.5 0.65 0.0508407 0.203575 
3.55 0.65 0.0960054 0.221061 
3.6 0.65 0.137351 0.247819 
3.65 0.65 0.173331 0.28167 
3.7 0.65 0.202684 0.320269 
3.75 0.65 0.224463 0.361456 
3.8 0.65 0.238037 0.403444 
3.85 0.65 0.243067 0.444849 
3.9 0.65 0.239488 0.484622 
3.95 0.65 0.227487 0.521918 
4 0.65 0.207501 0.555985 
4.05 0.65 0.180205 0.586065 
4.1 0.65 0.146519 0.611373 
4.15 0.65 0.107594 0.631117 
4.2 0.65 0.0647924 0.64457 
4.25 0.65 0.0196436 0.651176 
4.3 0.65 -0.0262139 0.650641 
4.35 0.65 -0.0711076 0.642984 
4.4 0.65 -0.113408 0.628538 
4.45 0.65 -0.151603 0.607886 
4.5 0.65 -0.184353 0.581763 
4.55 0.65 -0.210534 0.550963 
4.6 0.65 -0.229252 0.516266 
4.65 0.65 -0.23986 0.478426 
4.7 0.65 -0.241953 0.438213 
4.75 0.65 -0.235375 0.396505 
4.8 0.65 -0.220235 0.354418 
4.85 0.65 -0.196923 0.313426 
4.9 0.65 -0.166142 0.275414 
4.95 0.65 -0.128923 0.24262 
5 0.65 -0.0866341 0.217404 
0 0.7 -0.111052 0.218802 
0.05 0.7 -0.0748475 0.194413 
0.1 0.7 -0.035634 0.179307 
0.15 0.7 0.00506 0.174894 
0.2 0.7 0.0455897 0.181602 
0.25 0.7 0.0843098 0.198769 
0.3 0.7 0.119685 0.224801 
0.35 0.7 0.15038 0.25754 
0.4 0.7 0.175316 0.294682 
0.45 0.7 0.193693 0.334108 
0.5 0.7 0.204989 0.374067 
0.55 0.7 0.208937 0.413204 
0.6 0.7 0.205509 0.450493 
0.65 0.7 0.194891 0.485132 
0.7 0.7 0.177478 0.516436 
0.75 0.7 0.153868 0.543769 
0.8 0.7 0.124858 0.566508 
0.85 0.7 0.0914362 0.58406 
0.9 0.7 0.0547606 0.595902 
0.95 0.7 0.0161253 0.601644 
1 0.7 -0.0230895 0.601084 
1.05 0.7 -0.0614774 0.594242 
1.1 0.7 -0.0976688 0.581354 
1.15 0.7 -0.130389 0.562838 
1.2 0.7 -0.158507 0.53923 
1.25 0.7 -0.181065 0.511132 
1.3 0.7 -0.197297 0.479165 
1.35 0.7 -0.206638 0.443971 
1.4 0.7 -0.208726 0.406247 
1.45 0.7 -0.203407 0.366828 
1.5 0.7 -0.190745 0.326794 
1.55 0.7 -0.171046 0.287575 
1.6 0.7 -0.14488 0.251002 
1.65 0.7 -0.113093 0.21926 
1.7 0.7 -0.0768152 0.194668 
1.75 0.7 -0.03743 0.179325 
1.8 0.7 0.00348746 0.174683 
1.85 0.7 0.0442621 0.181202 
1.9 0.7 0.0832282 0.198237 
1.95 0.7 0.118837 0.224201 
2 0.7 0.149746 0.256927 
2.05 0.7 0.174871 0.294095 
2.1 0.7 0.193412 0.333573 
2.15 0.7 0.204847 0.373594 
2.2 0.7 0.208913 0.412797 
2.25 0.7 0.205582 0.450149 
2.3 0.7 0.195044 0.484847 
2.35 0.7 0.177696 0.516207 
2.4 0.7 0.154137 0.543594 
2.45 0.7 0.125166 0.566386 
2.5 0.7 0.0917704 0.58399 
2.55 0.7 0.0551092 0.595885 
2.6 0.7 0.0164765 0.60168 
2.65 0.7 -0.0227473 0.601172 
2.7 0.7 -0.0611551 0.59438 
2.75 0.7 -0.0973766 0.581538 
2.8 0.7 -0.130136 0.563064 
2.85 0.7 -0.158301 0.539493 
2.9 0.7 -0.180911 0.511427 
2.95 0.7 -0.197201 0.479487 
3 0.7 -0.206604 0.444314 
3.05 0.7 -0.208754 0.406605 
3.1 0.7 -0.203497 0.367193 
3.15 0.7 -0.190895 0.327156 
3.2 0.7 -0.171253 0.287919 
3.25 0.7 -0.145137 0.251313 
3.3 0.7 -0.113391 0.219516 
3.35 0.7 -0.0771444 0.194852 
3.4 0.7 -0.0377772 0.179422 
3.45 0.7 0.00313619 0.174685 
3.5 0.7 0.0439208 0.181111 
3.55 0.7 0.0829104 0.198064 
3.6 0.7 0.118555 0.223963 
3.65 0.7 0.149509 0.256644 
3.7 0.7 0.174686 0.293787 
3.75 0.7 0.193285 0.333256 
3.8 0.7 0.20478 0.373282 
3.85 0.7 0.208906 0.412498 
3.9 0.7 0.205634 0.449871 
3.95 0.7 0.195152 0.484595 
4 0.7 0.177856 0.515985 
4.05 0.7 0.154342 0.543406 
4.1 0.7 0.125409 0.566234 
4.15 0.7 0.092043 0.583877 
4.2 0.7 0.055403 0.59581 
4.25 0.7 0.0167837 0.601638 
4.3 0.7 -0.0224325 0.601156 
4.35 0.7 -0.0608357 0.594377 
4.4 0.7 -0.0970507 0.581532 
4.45 0.7 -0.129796 0.563033 
4.5 0.7 -0.157932 0.539413 
4.55 0.7 -0.18049 0.511271 
4.6 0.7 -0.196696 0.479228 
4.65 0.7 -0.205975 0.443927 
4.7 0.7 -0.207957 0.406075 
4.75 0.7 -0.202483 0.366518 
4.8 0.7 -0.189619 0.326357 
4.85 0.7 -0.169679 0.287049 
4.9 0.7 -0.14325 0.250459 
4.95 0.7 -0.111211 0.218802 
5 0.7 -0.07474 0.194413 
0 0.75 -0.0898539 0.191083 
0.05 0.75 -0.0605679 0.168729 
0.1 0.75 -0.0288161 0.154887 
0.15 0.75 0.00414369 0.150859 
0.2 0.75 0.0369606 0.157038 
0.25 0.75 0.0682858 0.172807 
0.3 0.75 0.0968647 0.196688 
0.35 0.75 0.121612 0.22668 
0.4 0.75 0.141659 0.260649 
0.45 0.75 0.156371 0.296634 
0.5 0.75 0.165341 0.333005 
0.55 0.75 0.168377 0.3685 
0.6 0.75 0.165472 0.402161 
0.65 0.75 0.156796 0.43325 
0.7 0.75 0.142683 0.461159 
0.75 0.75 0.123622 0.485351 
0.8 0.75 0.100261 0.505333 
0.85 0.75 0.0733926 0.520656 
0.9 0.75 0.0439417 0.530941 
0.95 0.75 0.0129368 0.535912 
1 0.75 -0.0185274 0.535427 
1.05 0.75 -0.0493363 0.529501 
1.1 0.75 -0.0784032 0.518298 
1.15 0.75 -0.104715 0.502114 
1.2 0.75 -0.127366 0.481342 
1.25 0.75 -0.145587 0.456438 
1.3 0.75 -0.158756 0.4279 
1.35 0.75 -0.166406 0.396273 
1.4 0.75 -0.168231 0.362184 
1.45 0.75 -0.164085 0.326404 
1.5 0.75 -0.154003 0.289941 
1.55 0.75 -0.138212 0.254129 
1.6 0.75 -0.117155 0.220671 
1.65 0.75 -0.0915076 0.19159 
1.7 0.75 -0.0621832 0.169037 
1.75 0.75 -0.0303089 0.154956 
1.8 0.75 0.00282436 0.150695 
1.85 0.75 0.0358402 0.156679 
1.9 0.75 0.0673704 0.172312 
1.95 0.75 0.0961469 0.19612 
2 0.75 0.121076 0.226095 
2.05 0.75 0.141284 0.26009 
2.1 0.75 0.156135 0.296124 
2.15 0.75 0.165223 0.332558 
2.2 0.75 0.168357 0.368118 
2.25 0.75 0.165533 0.401843 
2.3 0.75 0.156923 0.432991 
2.35 0.75 0.142862 0.460955 
2.4 0.75 0.123842 0.485198 
2.45 0.75 0.100511 0.50523 
2.5 0.75 0.0736633 0.520601 
2.55 0.75 0.0442233 0.530934 
2.6 0.75 0.01322 0.535951 
2.65 0.75 -0.0182518 0.535511 
2.7 0.75 -0.0490769 0.529628 
2.75 0.75 -0.0781681 0.518466 
2.8 0.75 -0.104511 0.502319 
2.85 0.75 -0.1272 0.48158 
2.9 0.75 -0.145463 0.456705 
2.95 0.75 -0.158678 0.428192 
3 0.75 -0.166378 0.396586 
3.05 0.75 -0.168252 0.362511 
3.1 0.75 -0.164157 0.326738 
3.15 0.75 -0.154124 0.290273 
3.2 0.75 -0.138379 0.254445 
3.25 0.75 -0.117362 0.220955 
3.3 0.75 -0.091749 0.191825 
3.35 0.75 -0.0624496 0.169206 
3.4 0.75 -0.0305901 0.155045 
3.45 0.75 0.00253985 0.150696 
3.5 0.75 0.0355639 0.156595 
3.55 0.75 0.0671134 0.172153 
3.6 0.75 0.0959188 0.195901 
3.65 0.75 0.120885 0.225836 
3.7 0.75 0.141135 0.259808 
3.75 0.75 0.156033 0.295835 
3.8 0.75 0.16517 0.332274 
3.85 0.75 0.168351 0.367847 
3.9 0.75 0.165574 0.401592 
3.95 0.75 0.157009 0.432764 
4 0.75 0.142987 0.460756 
4.05 0.75 0.124003 0.48503 
4.1 0.75 0.100701 0.505092 
4.15 0.75 0.0738746 0.520495 
4.2 0.75 0.0444496 0.530856 
4.25 0.75 0.0134551 0.535896 
4.3 0.75 -0.0180125 0.535471 
4.35 0.75 -0.0488352 0.529591 
4.4 0.75 -0.0779221 0.518415 
4.45 0.75 -0.104253 0.502234 
4.5 0.75 -0.126918 0.481439 
4.55 0.75 -0.145137 0.456483 
4.6 0.75 -0.15828 0.427865 
4.65 0.75 -0.165874 0.396133 
4.7 0.75 -0.167605 0.36192 
4.75 0.75 -0.163327 0.326009 
4.8 0.75 -0.153075 0.28943 
4.85 0.75 -0.137084 0.253541 
4.9 0.75 -0.115815 0.220075 
4.95 0.75 -0.0899681 0.191083 
5 0.75 -0.0604906 0.168729 
0 0.8 -0.0665878 0.159244 
0.05 0.8 -0.0448925 0.140109 
0.1 0.8 -0.0213518 0.128271 
0.15 0.8 0.00308551 0.124837 
0.2 0.8 0.0274063 0.13014 
0.25 0.8 0.0506007 0.143648 
0.3 0.8 0.0717322 0.164097 
0.35 0.8 0.0899949 0.189774 
0.4 0.8 0.104749 0.21885 
0.45 0.8 0.115535 0.249636 
0.5 0.8 0.122063 0.280723 
0.55 0.8 0.124206 0.311013 
0.6 0.8 0.121971 0.339671 
0.65 0.8 0.115497 0.366055 
0.7 0.8 0.105037 0.389648 
0.75 0.8 0.0909571 0.410011 
0.8 0.8 0.0737369 0.426755 
0.85 0.8 0.0539588 0.439543 
0.9 0.8 0.0322989 0.448099 
0.95 0.8 0.00950754 0.452225 
1 0.8 -0.0136182 0.451823 
1.05 0.8 -0.036267 0.446902 
1.1 0.8 -0.0576475 0.437578 
1.15 0.8 -0.0770199 0.424061 
1.2 0.8 -0.0937222 0.40664 
1.25 0.8 -0.107188 0.385659 
1.3 0.8 -0.116957 0.361514 
1.35 0.8 -0.122678 0.334655 
1.4 0.8 -0.124116 0.305617 
1.45 0.8 -0.121153 0.275071 
1.5 0.8 -0.113799 0.243897 
1.55 0.8 -0.102208 0.213254 
1.6 0.8 -0.0866969 0.184616 
1.65 0.8 -0.0677579 0.159722 
1.7 0.8 -0.0460652 0.140417 
1.75 0.8 -0.022459 0.128365 
1.8 0.8 0.0020931 0.124717 
1.85 0.8 0.026557 0.12984 
1.9 0.8 0.0499047 0.14322 
1.95 0.8 0.0711866 0.1636 
2 0.8 0.0895885 0.18926 
2.05 0.8 0.104467 0.218357 
2.1 0.8 0.115358 0.249187 
2.15 0.8 0.121977 0.28033 
2.2 0.8 0.124193 0.310679 
2.25 0.8 0.122019 0.339395 
2.3 0.8 0.115593 0.365832 
2.35 0.8 0.105171 0.389475 
2.4 0.8 0.0911216 0.409884 
2.45 0.8 0.0739232 0.426672 
2.5 0.8 0.0541595 0.439502 
2.55 0.8 0.0325072 0.448098 
2.6 0.8 0.00971649 0.452263 
2.65 0.8 -0.0134151 0.451898 
2.7 0.8 -0.036076 0.447013 
2.75 0.8 -0.0574743 0.437722 
2.8 0.8 -0.0768698 0.424237 
2.85 0.8 -0.0935996 0.406844 
2.9 0.8 -0.107096 0.385888 
2.95 0.8 -0.116899 0.361765 
3 0.8 -0.122656 0.334924 
3.05 0.8 -0.124131 0.305898 
3.1 0.8 -0.121205 0.275358 
3.15 0.8 -0.113887 0.244182 
3.2 0.8 -0.102331 0.213526 
3.25 0.8 -0.0868501 0.18486 
3.3 0.8 -0.0679364 0.159924 
3.35 0.8 -0.0462625 0.140561 
3.4 0.8 -0.0226673 0.128441 
3.45 0.8 0.00188227 0.124719 
3.5 0.8 0.0263523 0.129768 
3.55 0.8 0.0497145 0.143084 
3.6 0.8 0.0710182 0.163413 
3.65 0.8 0.0894476 0.189039 
3.7 0.8 0.104357 0.218116 
3.75 0.8 0.115284 0.24894 
3.8 0.8 0.121938 0.280087 
3.85 0.8 0.124189 0.310448 
3.9 0.8 0.12205 0.339181 
3.95 0.8 0.115656 0.36564 
4 0.8 0.105262 0.389306 
4.05 0.8 0.0912372 0.40974 
4.1 0.8 0.0740586 0.426553 
4.15 0.8 0.0543096 0.439407 
4.2 0.8 0.0326668 0.448023 
4.25 0.8 0.00988103 0.452204 
4.3 0.8 -0.0132491 0.451847 
4.35 0.8 -0.0359098 0.446957 
4.4 0.8 -0.0573061 0.437648 
4.45 0.8 -0.076694 0.424127 
4.5 0.8 -0.0934059 0.406679 
4.55 0.8 -0.106869 0.385647 
4.6 0.8 -0.116617 0.361428 
4.65 0.8 -0.122295 0.334473 
4.7 0.8 -0.12366 0.305324 
4.75 0.8 -0.120595 0.274666 
4.8 0.8 -0.113113 0.243395 
4.85 0.8 -0.101377 0.212693 
4.9 0.8 -0.0857166 0.184056 
4.95 0.8 -0.0666451 0.159244 
5 0.8 -0.0448535 0.140109 
0 0.85 -0.0431862 0.12349 
0.05 0.85 -0.0291131 0.108562 
0.1 0.85 -0.0138438 0.0993408 
0.15 0.85 0.00199724 0.0966733 
0.2 0.85 0.0177511 0.100811 
0.25 0.85 0.0327601 0.111343 
0.3 0.85 0.0464147 0.127294 
0.35 0.85 0.0581925 0.147339 
0.4 0.85 0.067683 0.170056 
0.45 0.85 0.0745948 0.194124 
0.5 0.85 0.0787506 0.218435 
0.55 0.85 0.0800752 0.242116 
0.6 0.85 0.0785832 0.264501 
0.65 0.85 0.0743688 0.285079 
0.7 0.85 0.0675996 0.303441 
0.75 0.85 0.0585143 0.319252 
0.8 0.85 0.0474208 0.33222 
0.85 0.85 0.034693 0.342101 
0.9 0.85 0.0207633 0.348699 
0.95 0.85 0.00611121 0.351877 
1 0.85 -0.00875445 0.351568 
1.05 0.85 -0.0233157 0.347776 
1.1 0.85 -0.0370671 0.340583 
1.15 0.85 -0.0495361 0.330135 
1.2 0.85 -0.0602989 0.316635 
1.25 0.85 -0.068992 0.300337 
1.3 0.85 -0.0753182 0.281536 
1.35 0.85 -0.0790497 0.260581 
1.4 0.85 -0.0800296 0.237893 
1.45 0.85 -0.0781753 0.214008 
1.5 0.85 -0.0734851 0.189629 
1.55 0.85 -0.0660496 0.165674 
1.6 0.85 -0.0560647 0.143304 
1.65 0.85 -0.0438436 0.123876 
1.7 0.85 -0.0298208 0.108825 
1.75 0.85 -0.0145432 0.0994351 
1.8 0.85 0.00135551 0.0965944 
1.85 0.85 0.0171963 0.100584 
1.9 0.85 0.0323043 0.11101 
1.95 0.85 0.046058 0.126902 
2 0.85 0.0579282 0.146931 
2.05 0.85 0.0675007 0.169663 
2.1 0.85 0.0744828 0.193766 
2.15 0.85 0.0786972 0.218122 
2.2 0.85 0.08007 0.241851 
2.25 0.85 0.0786169 0.264282 
2.3 0.85 0.0744335 0.284904 
2.35 0.85 0.0676886 0.303307 
2.4 0.85 0.058622 0.319154 
2.45 0.85 0.0475421 0.332158 
2.5 0.85 0.0348231 0.342072 
2.55 0.85 0.0208979 0.348701 
2.6 0.85 0.00624595 0.35191 
2.65 0.85 -0.00862368 0.351629 
2.7 0.85 -0.0231928 0.347865 
2.75 0.85 -0.0369557 0.340698 
2.8 0.85 -0.0494395 0.330273 
2.85 0.85 -0.0602199 0.316796 
2.9 0.85 -0.068933 0.300518 
2.95 0.85 -0.075281 0.281734 
3 0.85 -0.0790356 0.260792 
3.05 0.85 -0.0800393 0.238113 
3.1 0.85 -0.0782088 0.214233 
3.15 0.85 -0.0735421 0.189852 
3.2 0.85 -0.0661286 0.165887 
3.25 0.85 -0.0561636 0.143495 
3.3 0.85 -0.043959 0.124034 
3.35 0.85 -0.0299485 0.108938 
3.4 0.85 -0.0146781 0.0994945 
3.45 0.85 0.00121899 0.0965956 
3.5 0.85 0.0170639 0.100528 
3.55 0.85 0.0321814 0.110904 
3.6 0.85 0.0459493 0.126757 
3.65 0.85 0.0578375 0.146758 
3.7 0.85 0.0674307 0.169474 
3.75 0.85 0.074435 0.193573 
3.8 0.85 0.0786723 0.217932 
3.85 0.85 0.0800678 0.24167 
3.9 0.85 0.0786365 0.264115 
3.95 0.85 0.0744732 0.284753 
4 0.85 0.0677463 0.303174 
4.05 0.85 0.0586948 0.319041 
4.1 0.85 0.0476269 0.332063 
4.15 0.85 0.0349165 0.341994 
4.2 0.85 0.0209965 0.348638 
4.25 0.85 0.00634659 0.351856 
4.3 0.85 -0.00852324 0.351578 
4.35 0.85 -0.0230934 0.347808 
4.4 0.85 -0.0368563 0.340623 
4.45 0.85 -0.0493362 0.330167 
4.5 0.85 -0.0601059 0.316643 
4.55 0.85 -0.0687978 0.300301 
4.6 0.85 -0.0751106 0.281438 
4.65 0.85 -0.0788127 0.260405 
4.7 0.85 -0.0797447 0.23763 
4.75 0.85 -0.0778236 0.213659 
4.8 0.85 -0.0730508 0.189208 
4.85 0.85 -0.0655252 0.165213 
4.9 0.85 -0.0554567 0.142851 
4.95 0.85 -0.043175 0.12349 
5 0.85 -0.0291203 0.108562 
0 0.9 -0.0221311 0.0844079 
0.05 0.9 -0.0148914 0.0743237 
0.1 0.9 -0.00707378 0.0681114 
0.15 0.9 0.00101391 0.066319 
0.2 0.9 0.00904554 0.0691082 
0.25 0.9 0.0166881 0.0762075 
0.3 0.9 0.0236301 0.0869716 
0.35 0.9 0.0296055 0.100521 
0.4 0.9 0.0344075 0.115904 
0.45 0.9 0.0378916 0.132228 
0.5 0.9 0.0399726 0.148736 
0.55 0.9 0.0406171 0.164828 
0.6 0.9 0.0398366 0.18004 
0.65 0.9 0.0376815 0.194017 
0.7 0.9 0.0342381 0.206479 
0.75 0.9 0.0296277 0.217195 
0.8 0.9 0.0240054 0.225974 
0.85 0.9 0.0175597 0.232654 
0.9 0.9 0.0105083 0.23711 
0.95 0.9 0.00309266 0.239255 
1 0.9 -0.00443062 0.239046 
1.05 0.9 -0.0118005 0.236487 
1.1 0.9 -0.0187622 0.231628 
1.15 0.9 -0.0250777 0.224562 
1.2 0.9 -0.0305337 0.215422 
1.25 0.9 -0.0349468 0.204372 
1.3 0.9 -0.0381673 0.19161 
1.35 0.9 -0.040079 0.177374 
1.4 0.9 -0.0406009 0.161955 
1.45 0.9 -0.039688 0.145726 
1.5 0.9 -0.0373352 0.129174 
1.55 0.9 -0.0335837 0.112932 
1.6 0.9 -0.028528 0.0977898 
1.65 0.9 -0.0223241 0.084664 
1.7 0.9 -0.0151918 0.0745117 
1.75 0.9 -0.00741123 0.0681868 
1.8 0.9 0.000690821 0.0662745 
1.85 0.9 0.00876285 0.0689603 
1.9 0.9 0.0164557 0.075985 
1.95 0.9 0.0234492 0.0867069 
2 0.9 0.0294726 0.100243 
2.05 0.9 0.034317 0.115635 
2.1 0.9 0.0378371 0.131982 
2.15 0.9 0.039948 0.148521 
2.2 0.9 0.0406168 0.164645 
2.25 0.9 0.0398558 0.17989 
2.3 0.9 0.037716 0.193898 
2.35 0.9 0.0342846 0.206387 
2.4 0.9 0.0296832 0.21713 
2.45 0.9 0.0240675 0.225932 
2.5 0.9 0.017626 0.232635 
2.55 0.9 0.0105767 0.237113 
2.6 0.9 0.00316099 0.239278 
2.65 0.9 -0.0043644 0.239089 
2.7 0.9 -0.0117383 0.236548 
2.75 0.9 -0.0187059 0.231707 
2.8 0.9 -0.0250289 0.224657 
2.85 0.9 -0.0304937 0.215532 
2.9 0.9 -0.034917 0.204495 
2.95 0.9 -0.0381483 0.191745 
3 0.9 -0.0400717 0.177518 
3.05 0.9 -0.0406056 0.162105 
3.1 0.9 -0.0397048 0.145879 
3.15 0.9 -0.037364 0.129326 
3.2 0.9 -0.0336237 0.113076 
3.25 0.9 -0.0285782 0.0979192 
3.3 0.9 -0.0223827 0.0847707 
3.35 0.9 -0.0152568 0.0745881 
3.4 0.9 -0.00747995 0.0682269 
3.45 0.9 0.000621271 0.0662755 
3.5 0.9 0.00869543 0.0689228 
3.55 0.9 0.0163932 0.0759136 
3.6 0.9 0.023394 0.0866086 
3.65 0.9 0.0294267 0.100126 
3.7 0.9 0.0342816 0.115507 
3.75 0.9 0.0378132 0.131851 
3.8 0.9 0.0399356 0.148392 
3.85 0.9 0.0406159 0.164522 
3.9 0.9 0.0398657 0.179776 
3.95 0.9 0.037736 0.193795 
4 0.9 0.0343135 0.206297 
4.05 0.9 0.0297195 0.217052 
4.1 0.9 0.0241096 0.225866 
4.15 0.9 0.017672 0.232581 
4.2 0.9 0.0106247 0.237067 
4.25 0.9 0.0032095 0.239238 
4.3 0.9 -0.00431668 0.23905 
4.35 0.9 -0.0116919 0.236503 
4.4 0.9 -0.0186603 0.231648 
4.45 0.9 -0.0249821 0.224576 
4.5 0.9 -0.0304423 0.215417 
4.55 0.9 -0.0348554 0.204336 
4.6 0.9 -0.0380694 0.191531 
4.65 0.9 -0.0399662 0.177242 
4.7 0.9 -0.0404634 0.161764 
4.75 0.9 -0.0395162 0.145478 
4.8 0.9 -0.0371218 0.128881 
4.85 0.9 -0.0333278 0.112618 
4.9 0.9 -0.0282419 0.0974871 
4.95 0.9 -0.0220398 0.0844079 
5 0.9 -0.0149528 0.0743237 
0 0.95 -0.00653824 0.0428763 
0.05 0.95 -0.00431771 0.0378643 
0.1 0.95 -0.00203761 0.0347923 
0.15 0.95 0.000289912 0.0339083 
0.2 0.95 0.00259359 0.0352884 
0.25 0.95 0.0047822 0.0388024 
0.3 0.95 0.00676646 0.0441394 
0.35 0.95 0.00847008 0.0508725 
0.4 0.95 0.00983459 0.0585353 
0.45 0.95 0.0108202 0.0666856 
0.5 0.95 0.0114045 0.0749437 
0.55 0.95 0.0115797 0.0830046 
0.6 0.95 0.0113503 0.0906314 
0.65 0.95 0.0107314 0.0976416 
0.7 0.95 0.00974772 0.103891 
0.75 0.95 0.00843346 0.109264 
0.8 0.95 0.00683237 0.113663 
0.85 0.95 0.00499757 0.117009 
0.9 0.95 0.00299066 0.11924 
0.95 0.95 0.000880176 0.120314 
1 0.95 -0.00126096 0.120209 
1.05 0.95 -0.00335846 0.118928 
1.1 0.95 -0.00533994 0.116495 
1.15 0.95 -0.00713785 0.112956 
1.2 0.95 -0.00869188 0.108375 
1.25 0.95 -0.0099504 0.102834 
1.3 0.95 -0.0108711 0.0964337 
1.35 0.95 -0.0114213 0.0892937 
1.4 0.95 -0.0115775 0.0815639 
1.45 0.95 -0.0113262 0.073436 
1.5 0.95 -0.0106644 0.0651589 
1.55 0.95 -0.00960206 0.0570533 
1.6 0.95 -0.00816437 0.0495142 
1.65 0.95 -0.00639438 0.0429951 
1.7 0.95 -0.00435441 0.0379641 
1.75 0.95 -0.00212519 0.034835 
1.8 0.95 0.00019811 0.0338898 
1.85 0.95 0.00251262 0.0352175 
1.9 0.95 0.00471619 0.0386936 
1.95 0.95 0.00671571 0.0440088 
2 0.95 0.00843336 0.0507345 
2.05 0.95 0.00981009 0.0584009 
2.1 0.95 0.010806 0.0665622 
2.15 0.95 0.0113987 0.0748353 
2.2 0.95 0.0115806 0.0829125 
2.25 0.95 0.0113566 0.0905556 
2.3 0.95 0.0107419 0.0975812 
2.35 0.95 0.00976141 0.103845 
2.4 0.95 0.00844959 0.109231 
2.45 0.95 0.00685025 0.113642 
2.5 0.95 0.00501656 0.117 
2.55 0.95 0.00301017 0.119242 
2.6 0.95 0.000899627 0.120326 
2.65 0.95 -0.00124214 0.120231 
2.7 0.95 -0.00334081 0.118959 
2.75 0.95 -0.00532396 0.116535 
2.8 0.95 -0.007124 0.113004 
2.85 0.95 -0.00868055 0.10843 
2.9 0.95 -0.0099419 0.102896 
2.95 0.95 -0.0108657 0.0965014 
3 0.95 -0.0114192 0.089366 
3.05 0.95 -0.0115788 0.0816395 
3.1 0.95 -0.0113309 0.0735129 
3.15 0.95 -0.0106725 0.0652349 
3.2 0.95 -0.00961343 0.0571253 
3.25 0.95 -0.00817867 0.0495786 
3.3 0.95 -0.00641114 0.0430482 
3.35 0.95 -0.00437302 0.0380021 
3.4 0.95 -0.00214488 0.034855 
3.45 0.95 0.000178176 0.0338904 
3.5 0.95 0.00249331 0.0351991 
3.55 0.95 0.00469833 0.0386583 
3.6 0.95 0.00669998 0.04396 
3.65 0.95 0.00842032 0.0506763 
3.7 0.95 0.0098001 0.0583373 
3.75 0.95 0.0107993 0.0664966 
3.8 0.95 0.0113953 0.0747706 
3.85 0.95 0.0115805 0.0828508 
3.9 0.95 0.0113595 0.0904984 
3.95 0.95 0.0107476 0.0975294 
4 0.95 0.00976959 0.1038 
4.05 0.95 0.00845981 0.109192 
4.1 0.95 0.00686202 0.113609 
4.15 0.95 0.00502934 0.116972 
4.2 0.95 0.0030234 0.119218 
4.25 0.95 0.0009128 0.120304 
4.3 0.95 -0.00122942 0.12021 
4.35 0.95 -0.00332873 0.118935 
4.4 0.95 -0.00531242 0.116503 
4.45 0.95 -0.00711249 0.11296 
4.5 0.95 -0.00866808 0.108369 
4.55 0.95 -0.00992691 0.102813 
4.6 0.95 -0.0108461 0.0963908 
4.65 0.95 -0.0113921 0.0892244 
4.7 0.95 -0.0115413 0.0814658 
4.75 0.95 -0.0112798 0.0733104 
4.8 0.95 -0.0106059 0.0650126 
4.85 0.95 -0.00953224 0.0568989 
4.9 0.95 -0.00809287 0.0493695 
4.95 0.95 -0.00635516 0.0428763 
5 0.95 -0.00444164 0.0378643 
0 1 0 0 
0.05 1 0 0 
0.1 1 0 0 
0.15 1 0 0 
0.2 1 0 0 
0.25 1 0 0 
0.3 1 0 0 
0.35 1 0 0 
0.4 1 0 0 
0.45 1 0 0 
0.5 1 0 0 
0.55 1 0 0 
0.6 1 0 0 
0.65 1 0 0 
0.7 1 0 0 
0.75 1 0 0 
0.8 1 0 0 
0.85 1 0 0 
0.9 1 0 0 
0.95 1 0 0 
1 1 0 0 
1.05 1 0 0 
1.1 1 0 0 
1.15 1 0 0 
1.2 1 0 0 
1.25 1 0 0 
1.3 1 0 0 
1.35 1 0 0 
1.4 1 0 0 
1.45 1 0 0 
1.5 1 0 0 
1.55 1 0 0 
1.6 1 0 0 
1.65 1 0 0 
1.7 1 0 0 
1.75 1 0 0 
1.8 1 0 0 
1.85 1 0 0 
1.9 1 0 0 
1.95 1 0 0 
2 1 0 0 
2.05 1 0 0 
2.1 1 0 0 
2.15 1 0 0 
2.2 1 0 0 
2.25 1 0 0 
2.3 1 0 0 
2.35 1 0 0 
2.4 1 0 0 
2.45 1 0 0 
2.5 1 0 0 
2.55 1 0 0 
2.6 1 0 0 
2.65 1 0 0 
2.7 1 0 0 
2.75 1 0 0 
2.8 1 0 0 
2.85 1 0 0 
2.9 1 0 0 
2.95 1 0 0 
3 1 0 0 
3.05 1 0 0 
3.1 1 0 0 
3.15 1 0 0 
3.2 1 0 0 
3.25 1 0 0 
3.3 1 0 0 
3.35 1 0 0 
3.4 1 0 0 
3.45 1 0 0 
3.5 1 0 0 
3.55 1 0 0 
3.6 1 0 0 
3.65 1 0 0 
3.7 1 0 0 
3.75 1 0 0 
3.8 1 0 0 
3.85 1 0 0 
3.9 1 0 0 
3.95 1 0 0 
4 1 0 0 
4.05 1 0 0 
4.1 1 0 0 
4.15 1 0 0 
4.2 1 0 0 
4.25 1 0 0 
4.3 1 0 0 
4.35 1 0 0 
4.4 1 0 0 
4.45 1 0 0 
4.5 1 0 0 
4.55 1 0 0 
4.6 1 0 0 
4.65 1 0 0 
4.7 1 0 0 
4.75 1 0 0 
4.8 1 0 0 
4.85 1 0 0 
4.9 1 0 0 
4.95 1 0 0 
5 1 0 0 
