x, y, ksi, T
#iter= 1670000
0 0 0 1 
0.05 0 0 1 
0.1 0 0 1 
0.15 0 0 1 
0.2 0 0 1 
0.25 0 0 1 
0.3 0 0 1 
0.35 0 0 1 
0.4 0 0 1 
0.45 0 0 1 
0.5 0 0 1 
0.55 0 0 1 
0.6 0 0 1 
0.65 0 0 1 
0.7 0 0 1 
0.75 0 0 1 
0.8 0 0 1 
0.85 0 0 1 
0.9 0 0 1 
0.95 0 0 1 
1 0 0 1 
1.05 0 0 1 
1.1 0 0 1 
1.15 0 0 1 
1.2 0 0 1 
1.25 0 0 1 
1.3 0 0 1 
1.35 0 0 1 
1.4 0 0 1 
1.45 0 0 1 
1.5 0 0 1 
1.55 0 0 1 
1.6 0 0 1 
1.65 0 0 1 
1.7 0 0 1 
1.75 0 0 1 
1.8 0 0 1 
1.85 0 0 1 
1.9 0 0 1 
1.95 0 0 1 
2 0 0 1 
2.05 0 0 1 
2.1 0 0 1 
2.15 0 0 1 
2.2 0 0 1 
2.25 0 0 1 
2.3 0 0 1 
2.35 0 0 1 
2.4 0 0 1 
2.45 0 0 1 
2.5 0 0 1 
2.55 0 0 1 
2.6 0 0 1 
2.65 0 0 1 
2.7 0 0 1 
2.75 0 0 1 
2.8 0 0 1 
2.85 0 0 1 
2.9 0 0 1 
2.95 0 0 1 
3 0 0 1 
3.05 0 0 1 
3.1 0 0 1 
3.15 0 0 1 
3.2 0 0 1 
3.25 0 0 1 
3.3 0 0 1 
3.35 0 0 1 
3.4 0 0 1 
3.45 0 0 1 
3.5 0 0 1 
3.55 0 0 1 
3.6 0 0 1 
3.65 0 0 1 
3.7 0 0 1 
3.75 0 0 1 
3.8 0 0 1 
3.85 0 0 1 
3.9 0 0 1 
3.95 0 0 1 
4 0 0 1 
4.05 0 0 1 
4.1 0 0 1 
4.15 0 0 1 
4.2 0 0 1 
4.25 0 0 1 
4.3 0 0 1 
4.35 0 0 1 
4.4 0 0 1 
4.45 0 0 1 
4.5 0 0 1 
4.55 0 0 1 
4.6 0 0 1 
4.65 0 0 1 
4.7 0 0 1 
4.75 0 0 1 
4.8 0 0 1 
4.85 0 0 1 
4.9 0 0 1 
4.95 0 0 1 
5 0 0 1 
0 0.05 -0.00643506 0.884649 
0.05 0.05 -0.00433883 0.881659 
0.1 0.05 -0.00215215 0.879919 
0.15 0.05 5.90818e-05 0.879407 
0.2 0.05 0.0022369 0.880106 
0.25 0.05 0.00431746 0.881986 
0.3 0.05 0.00623615 0.885005 
0.35 0.05 0.00793236 0.889102 
0.4 0.05 0.0093524 0.894201 
0.45 0.05 0.010451 0.900209 
0.5 0.05 0.0111917 0.907017 
0.55 0.05 0.0115474 0.914491 
0.6 0.05 0.0115 0.922461 
0.65 0.05 0.0110416 0.93071 
0.7 0.05 0.0101757 0.938953 
0.75 0.05 0.00891959 0.946833 
0.8 0.05 0.00730742 0.95392 
0.85 0.05 0.00539198 0.959748 
0.9 0.05 0.00324522 0.963866 
0.95 0.05 0.000955883 0.965917 
1 0.05 -0.00137597 0.965713 
1.05 0.05 -0.00364672 0.963272 
1.1 0.05 -0.00575785 0.958818 
1.15 0.05 -0.00762334 0.952732 
1.2 0.05 -0.00917466 0.945473 
1.25 0.05 -0.0103625 0.937504 
1.3 0.05 -0.0111562 0.929243 
1.35 0.05 -0.0115411 0.921035 
1.4 0.05 -0.0115162 0.913152 
1.45 0.05 -0.0110919 0.905801 
1.5 0.05 -0.0102883 0.899145 
1.55 0.05 -0.00913514 0.893312 
1.6 0.05 -0.00767166 0.888409 
1.65 0.05 -0.00594645 0.884522 
1.7 0.05 -0.00401713 0.881723 
1.75 0.05 -0.00194911 0.880064 
1.8 0.05 0.000186494 0.879576 
1.85 0.05 0.00231563 0.880268 
1.9 0.05 0.00436455 0.882128 
1.95 0.05 0.00626294 0.88512 
2 0.05 0.00794662 0.889188 
2.05 0.05 0.00935948 0.894259 
2.1 0.05 0.0104545 0.900243 
2.15 0.05 0.0111942 0.907029 
2.2 0.05 0.0115505 0.914485 
2.25 0.05 0.0115048 0.922441 
2.3 0.05 0.0110486 0.930679 
2.35 0.05 0.0101852 0.938917 
2.4 0.05 0.00893167 0.946795 
2.45 0.05 0.00732185 0.953886 
2.5 0.05 0.00540835 0.959722 
2.55 0.05 0.00326294 0.963852 
2.6 0.05 0.000974218 0.965918 
2.65 0.05 -0.00135781 0.96573 
2.7 0.05 -0.00362954 0.963304 
2.75 0.05 -0.00574237 0.958865 
2.8 0.05 -0.00761018 0.952789 
2.85 0.05 -0.00916427 0.945536 
2.9 0.05 -0.0103552 0.937571 
2.95 0.05 -0.0111522 0.929311 
3 0.05 -0.0115404 0.921101 
3.05 0.05 -0.0115189 0.913214 
3.1 0.05 -0.0110977 0.905859 
3.15 0.05 -0.0102971 0.899196 
3.2 0.05 -0.00914664 0.893356 
3.25 0.05 -0.0076855 0.888445 
3.3 0.05 -0.0059622 0.88455 
3.35 0.05 -0.00403427 0.881741 
3.4 0.05 -0.00196707 0.880072 
3.45 0.05 0.000168321 0.879574 
3.5 0.05 0.00229787 0.880257 
3.55 0.05 0.00434782 0.882107 
3.6 0.05 0.0062478 0.885089 
3.65 0.05 0.0079336 0.889149 
3.7 0.05 0.00934902 0.894212 
3.75 0.05 0.010447 0.900187 
3.8 0.05 0.01119 0.906967 
3.85 0.05 0.0115498 0.914417 
3.9 0.05 0.0115078 0.92237 
3.95 0.05 0.0110554 0.930607 
4 0.05 0.0101959 0.938846 
4.05 0.05 0.00894608 0.946729 
4.1 0.05 0.00733977 0.953831 
4.15 0.05 0.00542933 0.959683 
4.2 0.05 0.00328638 0.963835 
4.25 0.05 0.000999315 0.965928 
4.3 0.05 -0.00133198 0.96577 
4.35 0.05 -0.003604 0.963376 
4.4 0.05 -0.00571819 0.958968 
4.45 0.05 -0.00758845 0.952922 
4.5 0.05 -0.00914621 0.945697 
4.55 0.05 -0.0103423 0.937756 
4.6 0.05 -0.0111464 0.929518 
4.65 0.05 -0.0115447 0.921328 
4.7 0.05 -0.0115375 0.913457 
4.75 0.05 -0.0111373 0.906112 
4.8 0.05 -0.0103678 0.89945 
4.85 0.05 -0.00926392 0.893595 
4.9 0.05 -0.00787355 0.888639 
4.95 0.05 -0.00625647 0.884649 
5 0.05 -0.0044605 0.881659 
0 0.1 -0.0217107 0.770633 
0.05 0.1 -0.014852 0.764761 
0.1 0.1 -0.00740064 0.761276 
0.15 0.1 0.0002739 0.760235 
0.2 0.1 0.00788652 0.761618 
0.25 0.1 0.0151794 0.765366 
0.3 0.1 0.0219123 0.771389 
0.35 0.1 0.027866 0.779561 
0.4 0.1 0.0328479 0.789728 
0.45 0.1 0.036696 0.801706 
0.5 0.1 0.0392808 0.815277 
0.55 0.1 0.0405065 0.830179 
0.6 0.1 0.0403116 0.846083 
0.65 0.1 0.0386719 0.862564 
0.7 0.1 0.0356056 0.879063 
0.75 0.1 0.0311803 0.89487 
0.8 0.1 0.0255212 0.909123 
0.85 0.1 0.0188168 0.920871 
0.9 0.1 0.0113186 0.929188 
0.95 0.1 0.0033327 0.933336 
1 0.1 -0.00479841 0.932922 
1.05 0.1 -0.0127209 0.927985 
1.1 0.1 -0.0200971 0.918993 
1.15 0.1 -0.0266298 0.90673 
1.2 0.1 -0.0320787 0.892137 
1.25 0.1 -0.0362671 0.876158 
1.3 0.1 -0.0390812 0.859628 
1.35 0.1 -0.0404633 0.843233 
1.4 0.1 -0.0404042 0.827504 
1.45 0.1 -0.0389365 0.812846 
1.5 0.1 -0.0361297 0.799575 
1.55 0.1 -0.0320886 0.787944 
1.6 0.1 -0.026952 0.778161 
1.65 0.1 -0.0208927 0.770404 
1.7 0.1 -0.0141145 0.764815 
1.75 0.1 -0.00684836 0.7615 
1.8 0.1 0.00065536 0.760524 
1.85 0.1 0.00813637 0.761908 
1.9 0.1 0.0153353 0.765623 
1.95 0.1 0.0220046 0.771597 
2 0.1 0.0279176 0.779717 
2.05 0.1 0.0328756 0.789833 
2.1 0.1 0.0367116 0.801764 
2.15 0.1 0.0392927 0.815295 
2.2 0.1 0.0405202 0.830163 
2.25 0.1 0.0403307 0.84604 
2.3 0.1 0.0386985 0.8625 
2.35 0.1 0.0356406 0.878988 
2.4 0.1 0.0312239 0.894792 
2.45 0.1 0.0255727 0.909052 
2.5 0.1 0.0188748 0.920816 
2.55 0.1 0.011381 0.929157 
2.6 0.1 0.00339709 0.933337 
2.65 0.1 -0.00473475 0.932956 
2.7 0.1 -0.0126607 0.928051 
2.75 0.1 -0.0200428 0.919086 
2.8 0.1 -0.0265836 0.906844 
2.85 0.1 -0.0320421 0.892265 
2.9 0.1 -0.0362414 0.876293 
2.95 0.1 -0.0390669 0.859764 
3 0.1 -0.0404607 0.843365 
3.05 0.1 -0.0404133 0.827628 
3.1 0.1 -0.0389569 0.81296 
3.15 0.1 -0.0361606 0.799677 
3.2 0.1 -0.032129 0.788031 
3.25 0.1 -0.0270007 0.778233 
3.3 0.1 -0.0209481 0.770459 
3.35 0.1 -0.0141748 0.764851 
3.4 0.1 -0.00691153 0.761517 
3.45 0.1 0.000591475 0.760522 
3.5 0.1 0.00807396 0.761885 
3.55 0.1 0.0152766 0.765581 
3.6 0.1 0.0219515 0.771536 
3.65 0.1 0.027872 0.779638 
3.7 0.1 0.032839 0.789738 
3.75 0.1 0.0366855 0.801654 
3.8 0.1 0.0392781 0.815171 
3.85 0.1 0.040518 0.830028 
3.9 0.1 0.0403416 0.845897 
3.95 0.1 0.0387228 0.862355 
4 0.1 0.0356784 0.878845 
4.05 0.1 0.0312747 0.89466 
4.1 0.1 0.0256355 0.908941 
4.15 0.1 0.0189481 0.920737 
4.2 0.1 0.0114626 0.929122 
4.25 0.1 0.00348427 0.933355 
4.3 0.1 -0.00464519 0.933034 
4.35 0.1 -0.0125722 0.928193 
4.4 0.1 -0.019959 0.919291 
4.45 0.1 -0.0265084 0.907107 
4.5 0.1 -0.0319797 0.892582 
4.55 0.1 -0.0361967 0.876657 
4.6 0.1 -0.0390466 0.860171 
4.65 0.1 -0.0404741 0.843809 
4.7 0.1 -0.0404737 0.828102 
4.75 0.1 -0.0390833 0.813453 
4.8 0.1 -0.0363793 0.800169 
4.85 0.1 -0.0324731 0.788486 
4.9 0.1 -0.0275047 0.778591 
4.95 0.1 -0.0216213 0.770633 
5 0.1 -0.0149108 0.764761 
0 0.15 -0.0422955 0.662761 
0.05 0.15 -0.0288971 0.65419 
0.1 0.15 -0.014347 0.649056 
0.15 0.15 0.000700772 0.647502 
0.2 0.15 0.0156724 0.649529 
0.25 0.15 0.0300395 0.655058 
0.3 0.15 0.0433128 0.663949 
0.35 0.15 0.0550498 0.676011 
0.4 0.15 0.0648639 0.691004 
0.45 0.15 0.0724313 0.708649 
0.5 0.15 0.0774949 0.728625 
0.55 0.15 0.0798666 0.75055 
0.6 0.15 0.0794294 0.773948 
0.65 0.15 0.0761425 0.798207 
0.7 0.15 0.0700507 0.822522 
0.75 0.15 0.0612972 0.845852 
0.8 0.15 0.0501364 0.866927 
0.85 0.15 0.0369437 0.884329 
0.9 0.15 0.0222126 0.896667 
0.95 0.15 0.0065384 0.902828 
1 0.15 -0.00941625 0.902212 
1.05 0.15 -0.0249679 0.894881 
1.1 0.15 -0.0394629 0.881543 
1.15 0.15 -0.0523227 0.863382 
1.2 0.15 -0.0630741 0.841811 
1.25 0.15 -0.0713647 0.818231 
1.3 0.15 -0.0769613 0.793876 
1.35 0.15 -0.0797407 0.769742 
1.4 0.15 -0.0796758 0.746597 
1.45 0.15 -0.0768238 0.725025 
1.5 0.15 -0.0713179 0.70548 
1.55 0.15 -0.0633631 0.688332 
1.6 0.15 -0.0532343 0.673891 
1.65 0.15 -0.0412738 0.662425 
1.7 0.15 -0.0278867 0.654153 
1.75 0.15 -0.0135315 0.649243 
1.8 0.15 0.00129513 0.647798 
1.85 0.15 0.0160767 0.649848 
1.9 0.15 0.0302987 0.65535 
1.95 0.15 0.0434697 0.66419 
2 0.15 0.0551397 0.676189 
2.05 0.15 0.0649141 0.691119 
2.1 0.15 0.0724618 0.708706 
2.15 0.15 0.0775201 0.72863 
2.2 0.15 0.0798963 0.75051 
2.25 0.15 0.07947 0.773872 
2.3 0.15 0.0761978 0.798106 
2.35 0.15 0.0701225 0.822406 
2.4 0.15 0.0613854 0.845733 
2.45 0.15 0.0502397 0.866819 
2.5 0.15 0.0370591 0.884245 
2.55 0.15 0.0223363 0.896621 
2.6 0.15 0.0066657 0.902828 
2.65 0.15 -0.00929058 0.902262 
2.7 0.15 -0.024849 0.894979 
2.75 0.15 -0.0393558 0.881681 
2.8 0.15 -0.0522312 0.863551 
2.85 0.15 -0.0630017 0.842 
2.9 0.15 -0.0713135 0.81843 
2.95 0.15 -0.0769328 0.794076 
3 0.15 -0.0797353 0.769937 
3.05 0.15 -0.0796935 0.746781 
3.1 0.15 -0.0768638 0.725194 
3.15 0.15 -0.0713789 0.705631 
3.2 0.15 -0.0634431 0.688462 
3.25 0.15 -0.0533306 0.673998 
3.3 0.15 -0.0413834 0.662506 
3.35 0.15 -0.028006 0.654207 
3.4 0.15 -0.0136564 0.649268 
3.45 0.15 0.00116884 0.647794 
3.5 0.15 0.0159534 0.649815 
3.55 0.15 0.0301826 0.655289 
3.6 0.15 0.0433649 0.6641 
3.65 0.15 0.0550498 0.676073 
3.7 0.15 0.0648422 0.690979 
3.75 0.15 0.0724106 0.708544 
3.8 0.15 0.0774918 0.728449 
3.85 0.15 0.0798926 0.750312 
3.9 0.15 0.0794921 0.773664 
3.95 0.15 0.0762462 0.797892 
4 0.15 0.0701972 0.822195 
4.05 0.15 0.0614854 0.845538 
4.1 0.15 0.0503629 0.866654 
4.15 0.15 0.0372025 0.884127 
4.2 0.15 0.0224956 0.896567 
4.25 0.15 0.00683563 0.902853 
4.3 0.15 -0.00911613 0.902375 
4.35 0.15 -0.0246767 0.895184 
4.4 0.15 -0.0391923 0.881977 
4.45 0.15 -0.0520837 0.863931 
4.5 0.15 -0.0628777 0.842455 
4.55 0.15 -0.0712219 0.818952 
4.6 0.15 -0.0768848 0.794656 
4.65 0.15 -0.079746 0.770565 
4.7 0.15 -0.0797836 0.747447 
4.75 0.15 -0.0770611 0.725879 
4.8 0.15 -0.0717182 0.706306 
4.85 0.15 -0.0639619 0.689077 
4.9 0.15 -0.0540537 0.674479 
4.95 0.15 -0.0422817 0.662761 
5 0.15 -0.0289036 0.65419 
0 0.2 -0.0651868 0.566774 
0.05 0.2 -0.0444218 0.555795 
0.1 0.2 -0.0219344 0.549193 
0.15 0.2 0.00134696 0.547179 
0.2 0.2 0.0245436 0.549789 
0.25 0.2 0.0468238 0.556931 
0.3 0.2 0.0674136 0.568415 
0.35 0.2 0.0856138 0.583973 
0.4 0.2 0.100816 0.603274 
0.45 0.2 0.112512 0.625944 
0.5 0.2 0.120305 0.651556 
0.55 0.2 0.123905 0.679623 
0.6 0.2 0.123139 0.709548 
0.65 0.2 0.117955 0.740563 
0.7 0.2 0.108436 0.771654 
0.75 0.2 0.0948168 0.801505 
0.8 0.2 0.0775022 0.828495 
0.85 0.2 0.0570775 0.850803 
0.9 0.2 0.0343047 0.866633 
0.95 0.2 0.0100949 0.874542 
1 0.2 -0.0145419 0.87375 
1.05 0.2 -0.0385652 0.864339 
1.1 0.2 -0.0609781 0.847227 
1.15 0.2 -0.0808938 0.823949 
1.2 0.2 -0.0975811 0.796325 
1.25 0.2 -0.110488 0.766156 
1.3 0.2 -0.119242 0.73501 
1.35 0.2 -0.123639 0.704149 
1.4 0.2 -0.123623 0.674536 
1.45 0.2 -0.119272 0.646902 
1.5 0.2 -0.110784 0.62182 
1.55 0.2 -0.0984717 0.599763 
1.6 0.2 -0.0827611 0.581142 
1.65 0.2 -0.0641847 0.566319 
1.7 0.2 -0.0433751 0.555604 
1.75 0.2 -0.0210492 0.549233 
1.8 0.2 0.00201505 0.547357 
1.85 0.2 0.0250087 0.550019 
1.9 0.2 0.0471259 0.557157 
1.95 0.2 0.0675972 0.568604 
2 0.2 0.0857191 0.584108 
2.05 0.2 0.100875 0.603352 
2.1 0.2 0.112551 0.625964 
2.15 0.2 0.120341 0.651524 
2.2 0.2 0.123951 0.679545 
2.25 0.2 0.123204 0.709432 
2.3 0.2 0.118044 0.74042 
2.35 0.2 0.108551 0.771496 
2.4 0.2 0.0949568 0.801347 
2.45 0.2 0.0776648 0.828353 
2.5 0.2 0.0572584 0.850693 
2.55 0.2 0.0344979 0.866573 
2.6 0.2 0.0102931 0.874541 
2.65 0.2 -0.0143466 0.873814 
2.7 0.2 -0.0383806 0.864465 
2.75 0.2 -0.0608116 0.847405 
2.8 0.2 -0.0807516 0.824166 
2.85 0.2 -0.0974683 0.796568 
2.9 0.2 -0.110408 0.766411 
2.95 0.2 -0.119197 0.735267 
3 0.2 -0.12363 0.704399 
3.05 0.2 -0.12365 0.674772 
3.1 0.2 -0.119334 0.647119 
3.15 0.2 -0.110878 0.622014 
3.2 0.2 -0.0985959 0.599931 
3.25 0.2 -0.0829109 0.58128 
3.3 0.2 -0.0643553 0.566425 
3.35 0.2 -0.0435607 0.555674 
3.4 0.2 -0.0212436 0.549267 
3.45 0.2 0.0018185 0.547352 
3.5 0.2 0.0248168 0.549977 
3.55 0.2 0.0469454 0.557077 
3.6 0.2 0.0674344 0.568489 
3.65 0.2 0.0855796 0.58396 
3.7 0.2 0.100764 0.603173 
3.75 0.2 0.112472 0.625757 
3.8 0.2 0.120298 0.651293 
3.85 0.2 0.123947 0.679294 
3.9 0.2 0.123239 0.709167 
3.95 0.2 0.11812 0.740148 
4 0.2 0.108667 0.771228 
4.05 0.2 0.0951112 0.801098 
4.1 0.2 0.0778545 0.828142 
4.15 0.2 0.0574786 0.850542 
4.2 0.2 0.0347419 0.866503 
4.25 0.2 0.0105531 0.874571 
4.3 0.2 -0.0140797 0.873955 
4.35 0.2 -0.0381164 0.864721 
4.4 0.2 -0.06056 0.847774 
4.45 0.2 -0.0805224 0.824639 
4.5 0.2 -0.0972717 0.797132 
4.55 0.2 -0.110255 0.767052 
4.6 0.2 -0.119102 0.735973 
4.65 0.2 -0.12361 0.705156 
4.7 0.2 -0.123727 0.675564 
4.75 0.2 -0.119537 0.647924 
4.8 0.2 -0.11124 0.622796 
4.85 0.2 -0.099146 0.600638 
4.9 0.2 -0.0836551 0.581844 
4.95 0.2 -0.0652365 0.566774 
5 0.2 -0.0443852 0.555795 
0 0.25 -0.0880348 0.486942 
0.05 0.25 -0.0598405 0.47388 
0.1 0.25 -0.029375 0.466008 
0.15 0.25 0.00217293 0.463604 
0.2 0.25 0.0336261 0.466737 
0.25 0.25 0.0638476 0.475301 
0.3 0.25 0.091772 0.489044 
0.35 0.25 0.116437 0.507603 
0.4 0.25 0.137007 0.530539 
0.45 0.25 0.152793 0.557365 
0.5 0.25 0.163255 0.58756 
0.55 0.25 0.168011 0.62054 
0.6 0.25 0.16684 0.655616 
0.65 0.25 0.159688 0.691906 
0.7 0.25 0.146685 0.728249 
0.75 0.25 0.128167 0.763124 
0.8 0.25 0.104693 0.794651 
0.85 0.25 0.0770612 0.820708 
0.9 0.25 0.0462974 0.839201 
0.95 0.25 0.0136201 0.84844 
1 0.25 -0.0196253 0.847514 
1.05 0.25 -0.0520544 0.836519 
1.1 0.25 -0.0823388 0.816528 
1.15 0.25 -0.109291 0.789334 
1.2 0.25 -0.131924 0.757063 
1.25 0.25 -0.149485 0.721809 
1.3 0.25 -0.161456 0.685392 
1.35 0.25 -0.167541 0.649263 
1.4 0.25 -0.167648 0.614528 
1.45 0.25 -0.161863 0.582024 
1.5 0.25 -0.150441 0.552417 
1.55 0.25 -0.133798 0.526273 
1.6 0.25 -0.112505 0.504103 
1.65 0.25 -0.0872852 0.486379 
1.7 0.25 -0.0590021 0.473518 
1.75 0.25 -0.0286371 0.465851 
1.8 0.25 0.00274203 0.46359 
1.85 0.25 0.0340242 0.466798 
1.9 0.25 0.0641025 0.475385 
1.95 0.25 0.0919213 0.489116 
2 0.25 0.116518 0.507643 
2.05 0.25 0.137051 0.530537 
2.1 0.25 0.152825 0.557319 
2.15 0.25 0.163295 0.58747 
2.2 0.25 0.168072 0.620411 
2.25 0.25 0.16693 0.655454 
2.3 0.25 0.159812 0.691721 
2.35 0.25 0.146845 0.728052 
2.4 0.25 0.12836 0.762931 
2.45 0.25 0.104917 0.79448 
2.5 0.25 0.0773089 0.820578 
2.55 0.25 0.0465609 0.839129 
2.6 0.25 0.0138898 0.848439 
2.65 0.25 -0.0193599 0.84759 
2.7 0.25 -0.0518038 0.836666 
2.75 0.25 -0.0821126 0.816737 
2.8 0.25 -0.109098 0.789589 
2.85 0.25 -0.131771 0.757348 
2.9 0.25 -0.149376 0.722109 
2.95 0.25 -0.161394 0.685694 
3 0.25 -0.167529 0.649557 
3.05 0.25 -0.167684 0.614807 
3.1 0.25 -0.161946 0.582282 
3.15 0.25 -0.150569 0.552649 
3.2 0.25 -0.133966 0.526474 
3.25 0.25 -0.112708 0.50427 
3.3 0.25 -0.0875171 0.486507 
3.35 0.25 -0.0592547 0.473604 
3.4 0.25 -0.0289018 0.465893 
3.45 0.25 0.00247447 0.463586 
3.5 0.25 0.0337632 0.466749 
3.55 0.25 0.0638571 0.475291 
3.6 0.25 0.0917002 0.48898 
3.65 0.25 0.116329 0.507467 
3.7 0.25 0.136901 0.530326 
3.75 0.25 0.152719 0.557076 
3.8 0.25 0.163237 0.5872 
3.85 0.25 0.168066 0.620118 
3.9 0.25 0.166978 0.655145 
3.95 0.25 0.159915 0.691406 
4 0.25 0.147001 0.727743 
4.05 0.25 0.128568 0.762644 
4.1 0.25 0.105171 0.794237 
4.15 0.25 0.0776034 0.820404 
4.2 0.25 0.0468868 0.839048 
4.25 0.25 0.0142366 0.848472 
4.3 0.25 -0.0190037 0.84775 
4.35 0.25 -0.0514503 0.836959 
4.4 0.25 -0.0817738 0.817155 
4.45 0.25 -0.108785 0.790122 
4.5 0.25 -0.131495 0.757979 
4.55 0.25 -0.149149 0.72282 
4.6 0.25 -0.161228 0.686468 
4.65 0.25 -0.167439 0.650376 
4.7 0.25 -0.167689 0.61565 
4.75 0.25 -0.162067 0.583126 
4.8 0.25 -0.150828 0.55346 
4.85 0.25 -0.134377 0.527208 
4.9 0.25 -0.113259 0.504875 
4.95 0.25 -0.0881371 0.486942 
5 0.25 -0.0597688 0.47388 
0 0.3 -0.109027 0.424647 
0.05 0.3 -0.0739457 0.409741 
0.1 0.3 -0.0360919 0.400736 
0.15 0.3 0.00310676 0.397992 
0.2 0.3 0.0421968 0.401616 
0.25 0.3 0.0797543 0.411473 
0.3 0.3 0.114438 0.427219 
0.35 0.3 0.145038 0.448357 
0.4 0.3 0.170509 0.474304 
0.45 0.3 0.189992 0.504438 
0.5 0.3 0.202826 0.538126 
0.55 0.3 0.208552 0.574704 
0.6 0.3 0.206913 0.613415 
0.65 0.3 0.197868 0.653313 
0.7 0.3 0.181602 0.693153 
0.75 0.3 0.15855 0.731301 
0.8 0.3 0.129422 0.765731 
0.85 0.3 0.0952101 0.794155 
0.9 0.3 0.0571781 0.81431 
0.95 0.3 0.0168161 0.824374 
1 0.3 -0.0242373 0.823365 
1.05 0.3 -0.0642972 0.811385 
1.1 0.3 -0.101745 0.789592 
1.15 0.3 -0.135126 0.75992 
1.2 0.3 -0.163224 0.724665 
1.25 0.3 -0.185098 0.686083 
1.3 0.3 -0.20009 0.646136 
1.35 0.3 -0.207812 0.606382 
1.4 0.3 -0.208123 0.568004 
1.45 0.3 -0.201106 0.531904 
1.5 0.3 -0.187057 0.498814 
1.55 0.3 -0.166477 0.469387 
1.6 0.3 -0.140066 0.444251 
1.65 0.3 -0.108719 0.424015 
1.7 0.3 -0.0735162 0.409244 
1.75 0.3 -0.0356888 0.400401 
1.8 0.3 0.00341802 0.397787 
1.85 0.3 0.0424025 0.401495 
1.9 0.3 0.0798683 0.411394 
1.95 0.3 0.114487 0.42715 
2 0.3 0.145049 0.448279 
2.05 0.3 0.170507 0.474203 
2.1 0.3 0.189999 0.50431 
2.15 0.3 0.202858 0.537969 
2.2 0.3 0.208619 0.57452 
2.25 0.3 0.207023 0.613207 
2.3 0.3 0.198023 0.653089 
2.35 0.3 0.181802 0.692924 
2.4 0.3 0.158793 0.731082 
2.45 0.3 0.129703 0.76554 
2.5 0.3 0.0955202 0.794011 
2.55 0.3 0.0575071 0.814232 
2.6 0.3 0.0171519 0.824374 
2.65 0.3 -0.0239072 0.823449 
2.7 0.3 -0.0639857 0.811548 
2.75 0.3 -0.101464 0.789822 
2.8 0.3 -0.134885 0.760202 
2.85 0.3 -0.163032 0.724979 
2.9 0.3 -0.184961 0.686414 
2.95 0.3 -0.200012 0.64647 
3 0.3 -0.207795 0.606709 
3.05 0.3 -0.208166 0.568315 
3.1 0.3 -0.201208 0.532193 
3.15 0.3 -0.187216 0.499076 
3.2 0.3 -0.166686 0.469617 
3.25 0.3 -0.140319 0.444443 
3.3 0.3 -0.109008 0.424164 
3.35 0.3 -0.0738312 0.409345 
3.4 0.3 -0.0360189 0.400451 
3.45 0.3 0.00308438 0.397784 
3.5 0.3 0.0420771 0.40144 
3.55 0.3 0.0795628 0.411288 
3.6 0.3 0.114212 0.426996 
3.65 0.3 0.144814 0.448081 
3.7 0.3 0.170321 0.473968 
3.75 0.3 0.189868 0.504041 
3.8 0.3 0.202787 0.537672 
3.85 0.3 0.208613 0.574199 
3.9 0.3 0.207083 0.612871 
3.95 0.3 0.198151 0.652747 
4 0.3 0.181995 0.692589 
4.05 0.3 0.159048 0.730773 
4.1 0.3 0.130014 0.76528 
4.15 0.3 0.0958796 0.793825 
4.2 0.3 0.0579041 0.814146 
4.25 0.3 0.0175742 0.82441 
4.3 0.3 -0.0234731 0.82362 
4.35 0.3 -0.0635534 0.811857 
4.4 0.3 -0.101046 0.790263 
4.45 0.3 -0.134494 0.760759 
4.5 0.3 -0.162677 0.725632 
4.55 0.3 -0.184651 0.687143 
4.6 0.3 -0.199755 0.647252 
4.65 0.3 -0.2076 0.607523 
4.7 0.3 -0.208041 0.569139 
4.75 0.3 -0.201163 0.533004 
4.8 0.3 -0.187255 0.499847 
4.85 0.3 -0.166808 0.470317 
4.9 0.3 -0.140496 0.445042 
4.95 0.3 -0.109172 0.424647 
5 0.3 -0.073846 0.409741 
0 0.35 -0.126793 0.378381 
0.05 0.35 -0.0858351 0.361708 
0.1 0.35 -0.0416724 0.351602 
0.15 0.35 0.00405964 0.348536 
0.2 0.35 0.0496653 0.352662 
0.25 0.35 0.093468 0.363792 
0.3 0.35 0.133884 0.381446 
0.35 0.35 0.169487 0.40494 
0.4 0.35 0.199051 0.433487 
0.45 0.35 0.221579 0.466289 
0.5 0.35 0.236315 0.50258 
0.55 0.35 0.242746 0.541608 
0.6 0.35 0.2406 0.582571 
0.65 0.35 0.229858 0.6245 
0.7 0.35 0.210766 0.666136 
0.75 0.35 0.183857 0.705826 
0.8 0.35 0.149969 0.741521 
0.85 0.35 0.110261 0.770907 
0.9 0.35 0.0661891 0.791704 
0.95 0.35 0.0194602 0.802075 
1 0.35 -0.0280563 0.801035 
1.05 0.35 -0.0744408 0.788685 
1.1 0.35 -0.117845 0.766189 
1.15 0.35 -0.156603 0.735496 
1.2 0.35 -0.189308 0.698921 
1.25 0.35 -0.214861 0.658745 
1.3 0.35 -0.232478 0.616953 
1.35 0.35 -0.24168 0.575118 
1.4 0.35 -0.242272 0.534439 
1.45 0.35 -0.234321 0.495845 
1.5 0.35 -0.218143 0.460119 
1.55 0.35 -0.194297 0.428008 
1.6 0.35 -0.163584 0.400284 
1.65 0.35 -0.127046 0.377741 
1.7 0.35 -0.0859438 0.361149 
1.75 0.35 -0.0417319 0.351157 
1.8 0.35 0.00399774 0.348195 
1.85 0.35 0.0495822 0.352396 
1.9 0.35 0.0933654 0.363573 
1.95 0.35 0.133775 0.381249 
2 0.35 0.169387 0.404748 
2.05 0.35 0.198975 0.43329 
2.1 0.35 0.221542 0.466082 
2.15 0.35 0.236326 0.502358 
2.2 0.35 0.24281 0.541372 
2.25 0.35 0.240722 0.582323 
2.3 0.35 0.230039 0.624246 
2.35 0.35 0.211003 0.665884 
2.4 0.35 0.184144 0.705591 
2.45 0.35 0.1503 0.741319 
2.5 0.35 0.110625 0.770758 
2.55 0.35 0.0665738 0.791624 
2.6 0.35 0.0198522 0.802078 
2.65 0.35 -0.0276715 0.801124 
2.7 0.35 -0.0740778 0.788856 
2.75 0.35 -0.117518 0.766431 
2.8 0.35 -0.156322 0.735791 
2.85 0.35 -0.189084 0.69925 
2.9 0.35 -0.2147 0.659094 
2.95 0.35 -0.232385 0.617306 
3 0.35 -0.241658 0.575466 
3.05 0.35 -0.242321 0.534774 
3.1 0.35 -0.234439 0.496159 
3.15 0.35 -0.218326 0.460407 
3.2 0.35 -0.19454 0.428263 
3.25 0.35 -0.16388 0.400499 
3.3 0.35 -0.127383 0.37791 
3.35 0.35 -0.0863122 0.361265 
3.4 0.35 -0.0421181 0.351215 
3.45 0.35 0.00360736 0.348193 
3.5 0.35 0.0492017 0.352335 
3.55 0.35 0.0930085 0.363454 
3.6 0.35 0.133454 0.381079 
3.65 0.35 0.169113 0.404532 
3.7 0.35 0.198759 0.433035 
3.75 0.35 0.22139 0.465793 
3.8 0.35 0.236245 0.502043 
3.85 0.35 0.242804 0.541036 
3.9 0.35 0.240793 0.581974 
3.95 0.35 0.230186 0.623893 
4 0.35 0.211225 0.665541 
4.05 0.35 0.184436 0.705276 
4.1 0.35 0.150656 0.741055 
4.15 0.35 0.111035 0.770571 
4.2 0.35 0.0670259 0.791539 
4.25 0.35 0.0203328 0.802115 
4.3 0.35 -0.0271769 0.801297 
4.35 0.35 -0.0735833 0.789165 
4.4 0.35 -0.117036 0.766867 
4.45 0.35 -0.155863 0.736337 
4.5 0.35 -0.188655 0.699884 
4.55 0.35 -0.214305 0.65979 
4.6 0.35 -0.232025 0.618041 
4.65 0.35 -0.241331 0.576216 
4.7 0.35 -0.242023 0.535518 
4.75 0.35 -0.234165 0.496876 
4.8 0.35 -0.218064 0.461077 
4.85 0.35 -0.19427 0.428872 
4.9 0.35 -0.163567 0.401036 
4.95 0.35 -0.126971 0.378381 
5 0.35 -0.0857135 0.361708 
0 0.4 -0.140323 0.344763 
0.05 0.4 -0.0948513 0.326271 
0.1 0.4 -0.0458293 0.315013 
0.15 0.4 0.00493911 0.311617 
0.2 0.4 0.0555616 0.316286 
0.25 0.4 0.104156 0.328758 
0.3 0.4 0.148942 0.348369 
0.35 0.4 0.188322 0.374183 
0.4 0.4 0.220931 0.405153 
0.45 0.4 0.245673 0.440251 
0.5 0.4 0.26173 0.47854 
0.55 0.4 0.268559 0.519172 
0.6 0.4 0.265898 0.561305 
0.65 0.4 0.25376 0.603979 
0.7 0.4 0.232452 0.645977 
0.75 0.4 0.20259 0.685717 
0.8 0.4 0.165121 0.721242 
0.85 0.4 0.121326 0.750351 
0.9 0.4 0.0727991 0.770881 
0.95 0.4 0.0213968 0.781099 
1 0.4 -0.0308572 0.780074 
1.05 0.4 -0.0818868 0.767902 
1.1 0.4 -0.12969 0.745681 
1.15 0.4 -0.172453 0.715252 
1.2 0.4 -0.208633 0.67881 
1.25 0.4 -0.237009 0.63853 
1.3 0.4 -0.256696 0.596304 
1.35 0.4 -0.267132 0.553642 
1.4 0.4 -0.268065 0.511706 
1.45 0.4 -0.259533 0.471422 
1.5 0.4 -0.241848 0.433623 
1.55 0.4 -0.215602 0.399169 
1.6 0.4 -0.181662 0.369011 
1.65 0.4 -0.141176 0.344186 
1.7 0.4 -0.0955469 0.32573 
1.75 0.4 -0.0464077 0.314536 
1.8 0.4 0.00444677 0.311207 
1.85 0.4 0.0551371 0.315929 
1.9 0.4 0.103792 0.328437 
1.95 0.4 0.148639 0.348071 
2 0.4 0.188084 0.373898 
2.05 0.4 0.220762 0.404873 
2.1 0.4 0.245577 0.439973 
2.15 0.4 0.261708 0.478262 
2.2 0.4 0.268613 0.518893 
2.25 0.4 0.266026 0.561026 
2.3 0.4 0.253958 0.603704 
2.35 0.4 0.232715 0.645713 
2.4 0.4 0.202911 0.685476 
2.45 0.4 0.16549 0.721039 
2.5 0.4 0.121731 0.750204 
2.55 0.4 0.0732265 0.770805 
2.6 0.4 0.0218315 0.781105 
2.65 0.4 -0.030431 0.780166 
2.7 0.4 -0.0814849 0.768076 
2.75 0.4 -0.129327 0.745924 
2.8 0.4 -0.172142 0.715549 
2.85 0.4 -0.208384 0.679144 
2.9 0.4 -0.23683 0.638885 
2.95 0.4 -0.256591 0.596667 
3 0.4 -0.267106 0.554003 
3.05 0.4 -0.268118 0.512057 
3.1 0.4 -0.259662 0.471756 
3.15 0.4 -0.24205 0.433933 
3.2 0.4 -0.215871 0.399447 
3.25 0.4 -0.18199 0.369249 
3.3 0.4 -0.14155 0.344375 
3.35 0.4 -0.0959566 0.325861 
3.4 0.4 -0.0468375 0.314603 
3.45 0.4 0.00401236 0.311206 
3.5 0.4 0.0547139 0.315861 
3.55 0.4 0.103395 0.328307 
3.6 0.4 0.148284 0.347884 
3.65 0.4 0.187781 0.373664 
3.7 0.4 0.220524 0.404601 
3.75 0.4 0.245411 0.43967 
3.8 0.4 0.26162 0.477936 
3.85 0.4 0.268608 0.51855 
3.9 0.4 0.266104 0.560674 
3.95 0.4 0.25412 0.603352 
4 0.4 0.232957 0.645375 
4.05 0.4 0.203229 0.685169 
4.1 0.4 0.165876 0.720784 
4.15 0.4 0.122174 0.750024 
4.2 0.4 0.0737141 0.770725 
4.25 0.4 0.0223494 0.781142 
4.3 0.4 -0.0298974 0.78033 
4.35 0.4 -0.0809491 0.768366 
4.4 0.4 -0.1288 0.746331 
4.45 0.4 -0.171631 0.716052 
4.5 0.4 -0.207892 0.67972 
4.55 0.4 -0.236355 0.639508 
4.6 0.4 -0.256126 0.59731 
4.65 0.4 -0.266637 0.554642 
4.7 0.4 -0.267629 0.512671 
4.75 0.4 -0.25913 0.472327 
4.8 0.4 -0.241449 0.434451 
4.85 0.4 -0.215168 0.399908 
4.9 0.4 -0.181147 0.369662 
4.95 0.4 -0.140526 0.344763 
5 0.4 -0.0947136 0.326271 
0 0.45 -0.148909 0.3198 
0.05 0.45 -0.100536 0.299411 
0.1 0.45 -0.0483727 0.286938 
0.15 0.45 0.00565948 0.2832 
0.2 0.45 0.0595271 0.288455 
0.25 0.45 0.1112 0.302351 
0.3 0.45 0.15876 0.324001 
0.35 0.45 0.200492 0.352171 
0.4 0.45 0.234942 0.385501 
0.45 0.45 0.260958 0.422692 
0.5 0.45 0.277695 0.462609 
0.55 0.45 0.284612 0.504286 
0.6 0.45 0.281468 0.54684 
0.65 0.45 0.268322 0.589337 
0.7 0.45 0.245534 0.630641 
0.75 0.45 0.21379 0.669309 
0.8 0.45 0.174108 0.703571 
0.85 0.45 0.127847 0.731449 
0.9 0.45 0.076677 0.751012 
0.95 0.45 0.0225293 0.760719 
1 0.45 -0.0324995 0.759746 
1.05 0.45 -0.0862613 0.748176 
1.1 0.45 -0.136681 0.726983 
1.15 0.45 -0.181869 0.697805 
1.2 0.45 -0.220206 0.662604 
1.25 0.45 -0.250394 0.623336 
1.3 0.45 -0.271474 0.581713 
1.35 0.45 -0.282819 0.539119 
1.4 0.45 -0.284122 0.496641 
1.45 0.45 -0.275379 0.455193 
1.5 0.45 -0.256882 0.415663 
1.55 0.45 -0.229223 0.379042 
1.6 0.45 -0.193302 0.346499 
1.65 0.45 -0.150324 0.319353 
1.7 0.45 -0.101791 0.298956 
1.75 0.45 -0.0494553 0.286496 
1.8 0.45 0.00473997 0.282777 
1.85 0.45 0.0587571 0.288051 
1.9 0.45 0.110568 0.301962 
1.95 0.45 0.158256 0.323624 
2 0.45 0.200108 0.351807 
2.05 0.45 0.234673 0.385149 
2.1 0.45 0.260798 0.422353 
2.15 0.45 0.277636 0.462283 
2.2 0.45 0.284649 0.503972 
2.25 0.45 0.281595 0.546538 
2.3 0.45 0.268529 0.589049 
2.35 0.45 0.245814 0.630373 
2.4 0.45 0.214133 0.669071 
2.45 0.45 0.174502 0.703375 
2.5 0.45 0.128278 0.73131 
2.55 0.45 0.0771316 0.750943 
2.6 0.45 0.0229908 0.76073 
2.65 0.45 -0.0320476 0.759839 
2.7 0.45 -0.0858353 0.748347 
2.75 0.45 -0.136296 0.727221 
2.8 0.45 -0.181538 0.698096 
2.85 0.45 -0.21994 0.662934 
2.9 0.45 -0.250202 0.623689 
2.95 0.45 -0.271361 0.582078 
3 0.45 -0.282789 0.539486 
3.05 0.45 -0.284176 0.497004 
3.1 0.45 -0.275514 0.455544 
3.15 0.45 -0.257095 0.415993 
3.2 0.45 -0.229508 0.379343 
3.25 0.45 -0.19365 0.34676 
3.3 0.45 -0.150723 0.319562 
3.35 0.45 -0.102227 0.299103 
3.4 0.45 -0.0499136 0.286572 
3.45 0.45 0.00427672 0.282778 
3.5 0.45 0.0583061 0.287976 
3.55 0.45 0.110146 0.301818 
3.6 0.45 0.157878 0.323421 
3.65 0.45 0.199788 0.351554 
3.7 0.45 0.234421 0.38486 
3.75 0.45 0.260623 0.422038 
3.8 0.45 0.277544 0.461949 
3.85 0.45 0.284644 0.503627 
3.9 0.45 0.281677 0.54619 
3.95 0.45 0.268699 0.588708 
4 0.45 0.246067 0.63005 
4.05 0.45 0.214463 0.66878 
4.1 0.45 0.174901 0.703137 
4.15 0.45 0.128735 0.731144 
4.2 0.45 0.0776334 0.75087 
4.25 0.45 0.0235233 0.760763 
4.3 0.45 -0.0314984 0.759986 
4.35 0.45 -0.0852815 0.748605 
4.4 0.45 -0.135747 0.727578 
4.45 0.45 -0.180997 0.698531 
4.5 0.45 -0.219406 0.663422 
4.55 0.45 -0.249665 0.624204 
4.6 0.45 -0.270805 0.582592 
4.65 0.45 -0.282191 0.539975 
4.7 0.45 -0.283505 0.497446 
4.75 0.45 -0.274735 0.455926 
4.8 0.45 -0.256168 0.41631 
4.85 0.45 -0.228391 0.379603 
4.9 0.45 -0.192306 0.346988 
4.95 0.45 -0.149128 0.3198 
5 0.45 -0.100388 0.299411 
0 0.5 -0.152105 0.299779 
0.05 0.5 -0.102603 0.277523 
0.1 0.5 -0.0491914 0.263849 
0.15 0.5 0.00614931 0.259777 
0.2 0.5 0.0613104 0.265626 
0.25 0.5 0.114182 0.280943 
0.3 0.5 0.162775 0.304605 
0.35 0.5 0.205317 0.335061 
0.4 0.5 0.240321 0.370625 
0.45 0.5 0.266623 0.409709 
0.5 0.5 0.283388 0.450968 
0.55 0.5 0.290101 0.493304 
0.6 0.5 0.286559 0.535787 
0.65 0.5 0.272864 0.577512 
0.7 0.5 0.249424 0.617446 
0.75 0.5 0.216968 0.654322 
0.8 0.5 0.176551 0.686619 
0.85 0.5 0.129555 0.712655 
0.9 0.5 0.077666 0.730803 
0.95 0.5 0.0228125 0.739772 
1 0.5 -0.0329171 0.738872 
1.05 0.5 -0.0873864 0.728175 
1.1 0.5 -0.138528 0.708494 
1.15 0.5 -0.18445 0.6812 
1.2 0.5 -0.223519 0.647951 
1.25 0.5 -0.254408 0.610409 
1.3 0.5 -0.276119 0.570054 
1.35 0.5 -0.287982 0.528105 
1.4 0.5 -0.289639 0.485559 
1.45 0.5 -0.281043 0.443316 
1.5 0.5 -0.262449 0.402325 
1.55 0.5 -0.234424 0.363726 
1.6 0.5 -0.197862 0.328915 
1.65 0.5 -0.153982 0.299512 
1.7 0.5 -0.104323 0.277204 
1.75 0.5 -0.0507018 0.263486 
1.8 0.5 0.00486062 0.259378 
1.85 0.5 0.0602371 0.265202 
1.9 0.5 0.113311 0.280504 
1.95 0.5 0.162089 0.304163 
2 0.5 0.204801 0.334628 
2.05 0.5 0.23996 0.370209 
2.1 0.5 0.266402 0.409317 
2.15 0.5 0.283293 0.4506 
2.2 0.5 0.290119 0.49296 
2.25 0.5 0.286678 0.535468 
2.3 0.5 0.273073 0.577218 
2.35 0.5 0.24971 0.617181 
2.4 0.5 0.217319 0.654093 
2.45 0.5 0.176955 0.686436 
2.5 0.5 0.129997 0.712529 
2.55 0.5 0.0781306 0.730744 
2.6 0.5 0.0232835 0.739788 
2.65 0.5 -0.0324564 0.738965 
2.7 0.5 -0.0869522 0.728341 
2.75 0.5 -0.138135 0.708723 
2.8 0.5 -0.184112 0.681481 
2.85 0.5 -0.223247 0.64827 
2.9 0.5 -0.25421 0.610756 
2.95 0.5 -0.276002 0.570417 
3 0.5 -0.287948 0.528475 
3.05 0.5 -0.289691 0.48593 
3.1 0.5 -0.281179 0.44368 
3.15 0.5 -0.262665 0.402674 
3.2 0.5 -0.234715 0.364049 
3.25 0.5 -0.198217 0.329199 
3.3 0.5 -0.15439 0.299742 
3.35 0.5 -0.104771 0.277366 
3.4 0.5 -0.0511719 0.26357 
3.45 0.5 0.00438538 0.259379 
3.5 0.5 0.0597747 0.26512 
3.55 0.5 0.112879 0.280347 
3.6 0.5 0.161703 0.303943 
3.65 0.5 0.204474 0.334359 
3.7 0.5 0.239704 0.369905 
3.75 0.5 0.266225 0.40899 
3.8 0.5 0.2832 0.450261 
3.85 0.5 0.290114 0.492617 
3.9 0.5 0.286762 0.535129 
3.95 0.5 0.273243 0.576891 
4 0.5 0.249964 0.616877 
4.05 0.5 0.217649 0.653825 
4.1 0.5 0.177351 0.686218 
4.15 0.5 0.130449 0.712379 
4.2 0.5 0.0786257 0.730677 
4.25 0.5 0.0238081 0.739814 
4.3 0.5 -0.0319151 0.739087 
4.35 0.5 -0.0864045 0.728555 
4.4 0.5 -0.137588 0.709015 
4.45 0.5 -0.183565 0.68183 
4.5 0.5 -0.222693 0.648651 
4.55 0.5 -0.253635 0.611139 
4.6 0.5 -0.275381 0.570777 
4.65 0.5 -0.287249 0.528785 
4.7 0.5 -0.288873 0.48617 
4.75 0.5 -0.280196 0.443838 
4.8 0.5 -0.261467 0.402752 
4.85 0.5 -0.233256 0.364065 
4.9 0.5 -0.196463 0.329194 
4.95 0.5 -0.152332 0.299779 
5 0.5 -0.10245 0.277523 
0 0.55 -0.149712 0.281667 
0.05 0.55 -0.100926 0.257794 
0.1 0.55 -0.0482455 0.243078 
0.15 0.55 0.00635674 0.238723 
0.2 0.55 0.0607704 0.245104 
0.25 0.55 0.112882 0.261673 
0.3 0.55 0.160703 0.287087 
0.35 0.55 0.202472 0.319505 
0.4 0.55 0.236725 0.356938 
0.45 0.55 0.262332 0.397537 
0.5 0.55 0.278498 0.439758 
0.55 0.55 0.284757 0.482378 
0.6 0.55 0.28095 0.524417 
0.65 0.55 0.26722 0.564993 
0.7 0.55 0.244007 0.603177 
0.75 0.55 0.212053 0.637891 
0.8 0.55 0.172411 0.667881 
0.85 0.55 0.126436 0.69179 
0.9 0.55 0.0757618 0.708318 
0.95 0.55 0.0222462 0.716446 
1 0.55 -0.0321084 0.715631 
1.05 0.55 -0.0852558 0.70593 
1.1 0.55 -0.135212 0.68798 
1.15 0.55 -0.180154 0.662869 
1.2 0.55 -0.218494 0.631919 
1.25 0.55 -0.248928 0.596479 
1.3 0.55 -0.270458 0.557772 
1.35 0.55 -0.282392 0.516844 
1.4 0.55 -0.284342 0.474604 
1.45 0.55 -0.276215 0.43194 
1.5 0.55 -0.258221 0.389869 
1.55 0.55 -0.23088 0.349669 
1.6 0.55 -0.195043 0.31295 
1.65 0.55 -0.1519 0.281608 
1.7 0.55 -0.102969 0.257635 
1.75 0.55 -0.0500597 0.242814 
1.8 0.55 0.00480017 0.238365 
1.85 0.55 0.0594731 0.244673 
1.9 0.55 0.111832 0.261194 
1.95 0.55 0.159881 0.286587 
2 0.55 0.201856 0.319008 
2.05 0.55 0.236293 0.356463 
2.1 0.55 0.262063 0.397095 
2.15 0.55 0.278373 0.439352 
2.2 0.55 0.284757 0.48201 
2.25 0.55 0.281059 0.524086 
2.3 0.55 0.267423 0.564697 
2.35 0.55 0.244289 0.602919 
2.4 0.55 0.212401 0.637675 
2.45 0.55 0.17281 0.667714 
2.5 0.55 0.126872 0.691679 
2.55 0.55 0.076219 0.708272 
2.6 0.55 0.0227089 0.716468 
2.65 0.55 -0.0316562 0.715724 
2.7 0.55 -0.0848298 0.706088 
2.75 0.55 -0.134827 0.688198 
2.8 0.55 -0.179822 0.663137 
2.85 0.55 -0.218226 0.632226 
2.9 0.55 -0.248733 0.596816 
2.95 0.55 -0.270341 0.558129 
3 0.55 -0.282357 0.517214 
3.05 0.55 -0.284391 0.47498 
3.1 0.55 -0.276347 0.432315 
3.15 0.55 -0.258432 0.390233 
3.2 0.55 -0.231165 0.35001 
3.25 0.55 -0.195393 0.313252 
3.3 0.55 -0.152302 0.281855 
3.35 0.55 -0.10341 0.257811 
3.4 0.55 -0.0505242 0.242906 
3.45 0.55 0.00433066 0.238366 
3.5 0.55 0.0590165 0.244584 
3.55 0.55 0.111405 0.261024 
3.6 0.55 0.1595 0.286351 
3.65 0.55 0.201535 0.318724 
3.7 0.55 0.236043 0.356146 
3.75 0.55 0.26189 0.39676 
3.8 0.55 0.278283 0.439011 
3.85 0.55 0.284753 0.481671 
3.9 0.55 0.281141 0.523757 
3.95 0.55 0.267588 0.564387 
4 0.55 0.244532 0.602636 
4.05 0.55 0.212716 0.637429 
4.1 0.55 0.173188 0.667517 
4.15 0.55 0.127301 0.691544 
4.2 0.55 0.0766878 0.708208 
4.25 0.55 0.0232046 0.716482 
4.3 0.55 -0.0311449 0.715815 
4.35 0.55 -0.0843111 0.70625 
4.4 0.55 -0.134304 0.688415 
4.45 0.55 -0.179293 0.663388 
4.5 0.55 -0.21768 0.632486 
4.55 0.55 -0.248149 0.597055 
4.6 0.55 -0.26969 0.558321 
4.65 0.55 -0.2816 0.517331 
4.7 0.55 -0.28348 0.475002 
4.75 0.55 -0.27523 0.432232 
4.8 0.55 -0.257054 0.390052 
4.85 0.55 -0.229477 0.34976 
4.9 0.55 -0.193364 0.312992 
4.95 0.55 -0.149937 0.281667 
5 0.55 -0.100774 0.257794 
0 0.6 -0.141784 0.263155 
0.05 0.6 -0.0955451 0.238203 
0.1 0.6 -0.0455673 0.222785 
0.15 0.6 0.00625345 0.21825 
0.2 0.6 0.0578843 0.225014 
0.25 0.6 0.107289 0.242451 
0.3 0.6 0.152556 0.269051 
0.35 0.6 0.192002 0.30275 
0.4 0.6 0.224244 0.341332 
0.45 0.6 0.248225 0.382751 
0.5 0.6 0.263222 0.42531 
0.55 0.6 0.268828 0.467689 
0.6 0.6 0.264934 0.508864 
0.65 0.6 0.251712 0.547972 
0.7 0.6 0.229612 0.584179 
0.75 0.6 0.199361 0.616581 
0.8 0.6 0.161966 0.644176 
0.85 0.6 0.118703 0.665913 
0.9 0.6 0.0710976 0.680807 
0.95 0.6 0.0208704 0.68809 
1 0.6 -0.0301302 0.687361 
1.05 0.6 -0.0800177 0.678659 
1.1 0.6 -0.12696 0.662461 
1.15 0.6 -0.169266 0.639583 
1.2 0.6 -0.205452 0.611032 
1.25 0.6 -0.234285 0.577857 
1.3 0.6 -0.254807 0.541041 
1.35 0.6 -0.266337 0.50147 
1.4 0.6 -0.268473 0.459974 
1.45 0.6 -0.261087 0.417435 
1.5 0.6 -0.244338 0.374922 
1.55 0.6 -0.218682 0.333826 
1.6 0.6 -0.1849 0.295918 
1.65 0.6 -0.144104 0.263303 
1.7 0.6 -0.0977363 0.238206 
1.75 0.6 -0.0475313 0.222627 
1.8 0.6 0.0045587 0.217941 
1.85 0.6 0.0564679 0.224583 
1.9 0.6 0.106142 0.24194 
1.95 0.6 0.151659 0.268501 
2 0.6 0.191331 0.302198 
2.05 0.6 0.223773 0.340805 
2.1 0.6 0.247929 0.382265 
2.15 0.6 0.263078 0.424873 
2.2 0.6 0.268814 0.467302 
2.25 0.6 0.26503 0.508525 
2.3 0.6 0.251902 0.547679 
2.35 0.6 0.22988 0.583932 
2.4 0.6 0.199692 0.61638 
2.45 0.6 0.162345 0.644026 
2.5 0.6 0.119117 0.665819 
2.55 0.6 0.0715303 0.680772 
2.6 0.6 0.0213076 0.688119 
2.65 0.6 -0.0297035 0.687453 
2.7 0.6 -0.0796158 0.678811 
2.75 0.6 -0.126596 0.662668 
2.8 0.6 -0.168952 0.639837 
2.85 0.6 -0.205198 0.611325 
2.9 0.6 -0.234099 0.578182 
2.95 0.6 -0.254694 0.54139 
3 0.6 -0.266302 0.501836 
3.05 0.6 -0.268517 0.460352 
3.1 0.6 -0.26121 0.417815 
3.15 0.6 -0.244536 0.375295 
3.2 0.6 -0.218951 0.334178 
3.25 0.6 -0.18523 0.296233 
3.3 0.6 -0.144485 0.263562 
3.35 0.6 -0.0981556 0.23839 
3.4 0.6 -0.0479724 0.222723 
3.45 0.6 0.00411265 0.217942 
3.5 0.6 0.0560344 0.22449 
3.55 0.6 0.105737 0.241762 
3.6 0.6 0.151299 0.268255 
3.65 0.6 0.191028 0.301904 
3.7 0.6 0.223537 0.34048 
3.75 0.6 0.247767 0.381927 
3.8 0.6 0.262994 0.424533 
3.85 0.6 0.26881 0.46697 
3.9 0.6 0.265106 0.508209 
3.95 0.6 0.252055 0.547386 
4 0.6 0.230104 0.583668 
4.05 0.6 0.199982 0.616155 
4.1 0.6 0.162691 0.643847 
4.15 0.6 0.119508 0.665694 
4.2 0.6 0.0719559 0.680708 
4.25 0.6 0.0217563 0.688117 
4.3 0.6 -0.0292412 0.68751 
4.35 0.6 -0.0791463 0.678917 
4.4 0.6 -0.126121 0.662807 
4.45 0.6 -0.168466 0.639988 
4.5 0.6 -0.204686 0.611463 
4.55 0.6 -0.233539 0.578277 
4.6 0.6 -0.254054 0.541413 
4.65 0.6 -0.265539 0.501762 
4.7 0.6 -0.26758 0.460159 
4.75 0.6 -0.260043 0.417497 
4.8 0.6 -0.243085 0.374864 
4.85 0.6 -0.217167 0.333672 
4.9 0.6 -0.183089 0.295725 
4.95 0.6 -0.141999 0.263155 
5 0.6 -0.0954007 0.238203 
0 0.65 -0.128658 0.242564 
0.05 0.65 -0.0866835 0.217364 
0.1 0.65 -0.0412696 0.201773 
0.15 0.65 0.00583761 0.197213 
0.2 0.65 0.0527621 0.204117 
0.25 0.65 0.0976254 0.22182 
0.3 0.65 0.138669 0.24872 
0.35 0.65 0.174355 0.282638 
0.4 0.65 0.203429 0.321246 
0.45 0.65 0.22495 0.3624 
0.5 0.65 0.238285 0.404328 
0.55 0.65 0.243097 0.445659 
0.6 0.65 0.239322 0.48535 
0.65 0.65 0.227147 0.522561 
0.7 0.65 0.207009 0.556536 
0.75 0.65 0.179584 0.586519 
0.8 0.65 0.145794 0.611722 
0.85 0.65 0.106791 0.631352 
0.9 0.65 0.0639375 0.644686 
0.95 0.65 0.0187635 0.651172 
1 0.65 -0.0270948 0.650523 
1.05 0.65 -0.0719683 0.642767 
1.1 0.65 -0.114234 0.628244 
1.15 0.65 -0.152388 0.607543 
1.2 0.65 -0.1851 0.581405 
1.25 0.65 -0.211258 0.550626 
1.3 0.65 -0.22998 0.515987 
1.35 0.65 -0.240629 0.478237 
1.4 0.65 -0.242811 0.438141 
1.45 0.65 -0.236377 0.396566 
1.5 0.65 -0.221435 0.354609 
1.55 0.65 -0.198371 0.313715 
1.6 0.65 -0.167866 0.275739 
1.65 0.65 -0.130919 0.24289 
1.7 0.65 -0.0888401 0.217509 
1.75 0.65 -0.0432183 0.201711 
1.8 0.65 0.00414584 0.196954 
1.85 0.65 0.0513428 0.203697 
1.9 0.65 0.0964738 0.221292 
1.95 0.65 0.137769 0.248137 
2 0.65 0.173682 0.282049 
2.05 0.65 0.202958 0.320684 
2.1 0.65 0.224652 0.361886 
2.15 0.65 0.238137 0.403871 
2.2 0.65 0.243076 0.445262 
2.25 0.65 0.239406 0.48501 
2.3 0.65 0.22732 0.522275 
2.35 0.65 0.207253 0.556302 
2.4 0.65 0.179886 0.586335 
2.45 0.65 0.146139 0.61159 
2.5 0.65 0.107167 0.631274 
2.55 0.65 0.0643298 0.644664 
2.6 0.65 0.0191591 0.651207 
2.65 0.65 -0.026709 0.650615 
2.7 0.65 -0.0716051 0.642913 
2.75 0.65 -0.113905 0.628439 
2.8 0.65 -0.152104 0.607783 
2.85 0.65 -0.18487 0.581684 
2.9 0.65 -0.211088 0.550937 
2.95 0.65 -0.229877 0.516323 
3 0.65 -0.240596 0.478595 
3.05 0.65 -0.242849 0.438512 
3.1 0.65 -0.236486 0.396943 
3.15 0.65 -0.221614 0.354981 
3.2 0.65 -0.198613 0.314068 
3.25 0.65 -0.168166 0.276057 
3.3 0.65 -0.131266 0.243152 
3.35 0.65 -0.0892212 0.217696 
3.4 0.65 -0.0436196 0.201809 
3.45 0.65 0.00374006 0.196954 
3.5 0.65 0.0509486 0.203602 
3.55 0.65 0.0961066 0.221112 
3.6 0.65 0.137442 0.247889 
3.65 0.65 0.173408 0.281753 
3.7 0.65 0.202745 0.32036 
3.75 0.65 0.224507 0.361551 
3.8 0.65 0.238062 0.403539 
3.85 0.65 0.243073 0.444942 
3.9 0.65 0.239474 0.484709 
3.95 0.65 0.227455 0.522 
4 0.65 0.207452 0.556058 
4.05 0.65 0.180141 0.586128 
4.1 0.65 0.146442 0.611426 
4.15 0.65 0.107508 0.631156 
4.2 0.65 0.064699 0.644595 
4.25 0.65 0.0195468 0.651186 
4.3 0.65 -0.0263106 0.650636 
4.35 0.65 -0.0712007 0.642964 
4.4 0.65 -0.113495 0.628505 
4.45 0.65 -0.15168 0.607841 
4.5 0.65 -0.184418 0.581708 
4.55 0.65 -0.210584 0.550899 
4.6 0.65 -0.229287 0.516196 
4.65 0.65 -0.239878 0.478351 
4.7 0.65 -0.241954 0.438134 
4.75 0.65 -0.235359 0.396424 
4.8 0.65 -0.220203 0.354339 
4.85 0.65 -0.196876 0.31335 
4.9 0.65 -0.166081 0.275346 
4.95 0.65 -0.128851 0.242564 
5 0.65 -0.0865539 0.217364 
0 0.7 -0.11099 0.218748 
0.05 0.7 -0.0747782 0.194375 
0.1 0.7 -0.0355597 0.179288 
0.15 0.7 0.00513606 0.174896 
0.2 0.7 0.0456643 0.181626 
0.25 0.7 0.0843798 0.198811 
0.3 0.7 0.119748 0.224858 
0.35 0.7 0.150433 0.257608 
0.4 0.7 0.175357 0.294757 
0.45 0.7 0.19372 0.334186 
0.5 0.7 0.205002 0.374145 
0.55 0.7 0.208936 0.413279 
0.6 0.7 0.205492 0.450564 
0.65 0.7 0.19486 0.485197 
0.7 0.7 0.177434 0.516494 
0.75 0.7 0.153812 0.543818 
0.8 0.7 0.124792 0.566547 
0.85 0.7 0.0913622 0.584088 
0.9 0.7 0.0546811 0.595917 
0.95 0.7 0.0160431 0.601646 
1 0.7 -0.0231714 0.601073 
1.05 0.7 -0.0615561 0.594218 
1.1 0.7 -0.0977414 0.581318 
1.15 0.7 -0.130453 0.56279 
1.2 0.7 -0.15856 0.539172 
1.25 0.7 -0.181105 0.511064 
1.3 0.7 -0.197322 0.479089 
1.35 0.7 -0.206648 0.443889 
1.4 0.7 -0.20872 0.406159 
1.45 0.7 -0.203384 0.366738 
1.5 0.7 -0.190706 0.326704 
1.55 0.7 -0.170992 0.287488 
1.6 0.7 -0.144812 0.250924 
1.65 0.7 -0.113013 0.219195 
1.7 0.7 -0.0767272 0.194622 
1.75 0.7 -0.0373368 0.179303 
1.8 0.7 0.00358223 0.174686 
1.85 0.7 0.0443545 0.18123 
1.9 0.7 0.0833145 0.198289 
1.95 0.7 0.118914 0.224271 
2 0.7 0.14981 0.257009 
2.05 0.7 0.174921 0.294186 
2.1 0.7 0.193446 0.333666 
2.15 0.7 0.204864 0.373688 
2.2 0.7 0.208913 0.412887 
2.25 0.7 0.205564 0.450234 
2.3 0.7 0.19501 0.484925 
2.35 0.7 0.177647 0.516277 
2.4 0.7 0.154074 0.543653 
2.45 0.7 0.125091 0.566433 
2.5 0.7 0.0916866 0.584025 
2.55 0.7 0.0550192 0.595906 
2.6 0.7 0.0163834 0.601686 
2.65 0.7 -0.0228401 0.601164 
2.7 0.7 -0.0612443 0.594356 
2.75 0.7 -0.0974591 0.581501 
2.8 0.7 -0.130209 0.563014 
2.85 0.7 -0.158362 0.539432 
2.9 0.7 -0.180958 0.511356 
2.95 0.7 -0.197233 0.479408 
3 0.7 -0.206618 0.444228 
3.05 0.7 -0.208751 0.406514 
3.1 0.7 -0.203477 0.367099 
3.15 0.7 -0.190858 0.327062 
3.2 0.7 -0.1712 0.287829 
3.25 0.7 -0.14507 0.251231 
3.3 0.7 -0.113312 0.219449 
3.35 0.7 -0.0770562 0.194804 
3.4 0.7 -0.0376836 0.179397 
3.45 0.7 0.00323155 0.174686 
3.5 0.7 0.0440141 0.181137 
3.55 0.7 0.0829977 0.198114 
3.6 0.7 0.118633 0.224031 
3.65 0.7 0.149575 0.256725 
3.7 0.7 0.174738 0.293875 
3.75 0.7 0.193321 0.333347 
3.8 0.7 0.2048 0.373372 
3.85 0.7 0.20891 0.412585 
3.9 0.7 0.205622 0.449953 
3.95 0.7 0.195124 0.48467 
4 0.7 0.177814 0.516053 
4.05 0.7 0.154287 0.543463 
4.1 0.7 0.125343 0.566282 
4.15 0.7 0.0919688 0.583913 
4.2 0.7 0.055323 0.595833 
4.25 0.7 0.016701 0.601648 
4.3 0.7 -0.0225152 0.601152 
4.35 0.7 -0.0609153 0.59436 
4.4 0.7 -0.0971246 0.581503 
4.45 0.7 -0.129862 0.562993 
4.5 0.7 -0.157987 0.539364 
4.55 0.7 -0.180533 0.511213 
4.6 0.7 -0.196726 0.479163 
4.65 0.7 -0.205991 0.443857 
4.7 0.7 -0.207959 0.406001 
4.75 0.7 -0.20247 0.366442 
4.8 0.7 -0.189592 0.326281 
4.85 0.7 -0.169639 0.286976 
4.9 0.7 -0.143198 0.250394 
4.95 0.7 -0.111149 0.218748 
5 0.7 -0.0746708 0.194375 
0 0.75 -0.0898041 0.191034 
0.05 0.75 -0.0605118 0.168694 
0.1 0.75 -0.0287559 0.15487 
0.15 0.75 0.0042053 0.150861 
0.2 0.75 0.037021 0.15706 
0.25 0.75 0.0683424 0.172846 
0.3 0.75 0.0969151 0.19674 
0.35 0.75 0.121654 0.226742 
0.4 0.75 0.141691 0.260718 
0.45 0.75 0.156392 0.296705 
0.5 0.75 0.165352 0.333076 
0.55 0.75 0.168375 0.368568 
0.6 0.75 0.165458 0.402225 
0.65 0.75 0.156772 0.433308 
0.7 0.75 0.142647 0.46121 
0.75 0.75 0.123577 0.485394 
0.8 0.75 0.100208 0.505367 
0.85 0.75 0.0733332 0.52068 
0.9 0.75 0.0438779 0.530954 
0.95 0.75 0.0128709 0.535914 
1 0.75 -0.0185931 0.535418 
1.05 0.75 -0.0493995 0.52948 
1.1 0.75 -0.0784616 0.518266 
1.15 0.75 -0.104766 0.502072 
1.2 0.75 -0.127409 0.48129 
1.25 0.75 -0.145619 0.456377 
1.3 0.75 -0.158777 0.427831 
1.35 0.75 -0.166415 0.396199 
1.4 0.75 -0.168226 0.362105 
1.45 0.75 -0.164067 0.326322 
1.5 0.75 -0.153972 0.289859 
1.55 0.75 -0.138169 0.25405 
1.6 0.75 -0.1171 0.220599 
1.65 0.75 -0.0914436 0.19153 
1.7 0.75 -0.062112 0.168995 
1.75 0.75 -0.0302334 0.154936 
1.8 0.75 0.00290111 0.150698 
1.85 0.75 0.035915 0.156705 
1.9 0.75 0.0674402 0.172359 
1.95 0.75 0.096209 0.196184 
2 0.75 0.121128 0.226171 
2.05 0.75 0.141324 0.260172 
2.1 0.75 0.156162 0.29621 
2.15 0.75 0.165237 0.332643 
2.2 0.75 0.168356 0.368199 
2.25 0.75 0.165518 0.401919 
2.3 0.75 0.156895 0.433061 
2.35 0.75 0.142822 0.461016 
2.4 0.75 0.123791 0.485251 
2.45 0.75 0.100451 0.505272 
2.5 0.75 0.0735961 0.520632 
2.55 0.75 0.0441511 0.530952 
2.6 0.75 0.0131453 0.535956 
2.65 0.75 -0.0183262 0.535504 
2.7 0.75 -0.0491485 0.529608 
2.75 0.75 -0.0782343 0.518433 
2.8 0.75 -0.104569 0.502275 
2.85 0.75 -0.127249 0.481526 
2.9 0.75 -0.145501 0.456641 
2.95 0.75 -0.158704 0.428121 
3 0.75 -0.16639 0.396508 
3.05 0.75 -0.16825 0.362429 
3.1 0.75 -0.164141 0.326653 
3.15 0.75 -0.154095 0.290187 
3.2 0.75 -0.138336 0.254363 
3.25 0.75 -0.117308 0.220881 
3.3 0.75 -0.0916851 0.191764 
3.35 0.75 -0.0623784 0.169162 
3.4 0.75 -0.0305142 0.155023 
3.45 0.75 0.00261708 0.150697 
3.5 0.75 0.0356394 0.15662 
3.55 0.75 0.067184 0.172198 
3.6 0.75 0.0959819 0.195964 
3.65 0.75 0.120938 0.22591 
3.7 0.75 0.141177 0.259889 
3.75 0.75 0.156062 0.295919 
3.8 0.75 0.165186 0.332356 
3.85 0.75 0.168354 0.367927 
3.9 0.75 0.165564 0.401666 
3.95 0.75 0.156986 0.432832 
4 0.75 0.142953 0.460816 
4.05 0.75 0.123958 0.485081 
4.1 0.75 0.100648 0.505134 
4.15 0.75 0.073815 0.520526 
4.2 0.75 0.0443854 0.530876 
4.25 0.75 0.0133887 0.535905 
4.3 0.75 -0.0180787 0.535469 
4.35 0.75 -0.0488991 0.529577 
4.4 0.75 -0.0779814 0.51839 
4.45 0.75 -0.104306 0.5022 
4.5 0.75 -0.126962 0.481396 
4.55 0.75 -0.145171 0.456432 
4.6 0.75 -0.158304 0.427808 
4.65 0.75 -0.165887 0.39607 
4.7 0.75 -0.167607 0.361853 
4.75 0.75 -0.163317 0.32594 
4.8 0.75 -0.153053 0.289361 
4.85 0.75 -0.137052 0.253475 
4.9 0.75 -0.115773 0.220016 
4.95 0.75 -0.0899182 0.191034 
5 0.75 -0.0604346 0.168694 
0 0.8 -0.0665509 0.159202 
0.05 0.8 -0.0448509 0.14008 
0.1 0.8 -0.0213072 0.128256 
0.15 0.8 0.00313119 0.124839 
0.2 0.8 0.0274511 0.130158 
0.25 0.8 0.0506426 0.143681 
0.3 0.8 0.0717695 0.164142 
0.35 0.8 0.0900261 0.189828 
0.4 0.8 0.104773 0.218909 
0.45 0.8 0.11555 0.249696 
0.5 0.8 0.122071 0.280783 
0.55 0.8 0.124204 0.311071 
0.6 0.8 0.121961 0.339725 
0.65 0.8 0.115479 0.366104 
0.7 0.8 0.10501 0.389691 
0.75 0.8 0.090924 0.410047 
0.8 0.8 0.0736979 0.426783 
0.85 0.8 0.053915 0.439563 
0.9 0.8 0.032252 0.44811 
0.95 0.8 0.00945906 0.452226 
1 0.8 -0.0136666 0.451815 
1.05 0.8 -0.0363135 0.446884 
1.1 0.8 -0.0576905 0.437551 
1.15 0.8 -0.0770579 0.424025 
1.2 0.8 -0.0937538 0.406596 
1.25 0.8 -0.107212 0.385608 
1.3 0.8 -0.116972 0.361457 
1.35 0.8 -0.122684 0.334592 
1.4 0.8 -0.124113 0.305549 
1.45 0.8 -0.12114 0.275 
1.5 0.8 -0.113776 0.243826 
1.55 0.8 -0.102176 0.213187 
1.6 0.8 -0.0866566 0.184554 
1.65 0.8 -0.0677105 0.159671 
1.7 0.8 -0.0460125 0.140381 
1.75 0.8 -0.0224031 0.128347 
1.8 0.8 0.00214998 0.12472 
1.85 0.8 0.0266124 0.129862 
1.9 0.8 0.0499564 0.143261 
1.95 0.8 0.0712325 0.163655 
2 0.8 0.0896269 0.189325 
2.05 0.8 0.104496 0.218428 
2.1 0.8 0.115378 0.24926 
2.15 0.8 0.121986 0.280402 
2.2 0.8 0.124192 0.310749 
2.25 0.8 0.122008 0.339459 
2.3 0.8 0.115573 0.365891 
2.35 0.8 0.105142 0.389527 
2.4 0.8 0.0910842 0.409928 
2.45 0.8 0.073879 0.426707 
2.5 0.8 0.0541101 0.439527 
2.55 0.8 0.0324541 0.448113 
2.6 0.8 0.00966166 0.452267 
2.65 0.8 -0.0134698 0.451892 
2.7 0.8 -0.0361287 0.446996 
2.75 0.8 -0.0575231 0.437695 
2.8 0.8 -0.0769129 0.4242 
2.85 0.8 -0.0936358 0.406798 
2.9 0.8 -0.107124 0.385835 
2.95 0.8 -0.116918 0.361705 
3 0.8 -0.122665 0.334858 
3.05 0.8 -0.12413 0.305827 
3.1 0.8 -0.121194 0.275285 
3.15 0.8 -0.113866 0.244108 
3.2 0.8 -0.1023 0.213455 
3.25 0.8 -0.0868101 0.184796 
3.3 0.8 -0.0678891 0.159871 
3.35 0.8 -0.0462097 0.140524 
3.4 0.8 -0.0226112 0.128422 
3.45 0.8 0.00193949 0.12472 
3.5 0.8 0.0264082 0.129789 
3.55 0.8 0.0497668 0.143123 
3.6 0.8 0.0710648 0.163467 
3.65 0.8 0.0894869 0.189102 
3.7 0.8 0.104388 0.218185 
3.75 0.8 0.115305 0.249011 
3.8 0.8 0.121949 0.280158 
3.85 0.8 0.124191 0.310516 
3.9 0.8 0.122042 0.339244 
3.95 0.8 0.115639 0.365697 
4 0.8 0.105237 0.389357 
4.05 0.8 0.0912044 0.409783 
4.1 0.8 0.0740196 0.426588 
4.15 0.8 0.0542657 0.439433 
4.2 0.8 0.0326196 0.44804 
4.25 0.8 0.00983223 0.452211 
4.3 0.8 -0.0132978 0.451845 
4.35 0.8 -0.0359567 0.446946 
4.4 0.8 -0.0573496 0.437628 
4.45 0.8 -0.0767327 0.424099 
4.5 0.8 -0.0934386 0.406643 
4.55 0.8 -0.106895 0.385605 
4.6 0.8 -0.116635 0.361379 
4.65 0.8 -0.122304 0.33442 
4.7 0.8 -0.123661 0.305267 
4.75 0.8 -0.120588 0.274607 
4.8 0.8 -0.113097 0.243336 
4.85 0.8 -0.101353 0.212636 
4.9 0.8 -0.0856857 0.184005 
4.95 0.8 -0.0666082 0.159202 
5 0.8 -0.0448119 0.14008 
0 0.85 -0.0431623 0.123458 
0.05 0.85 -0.0290861 0.108539 
0.1 0.85 -0.0138149 0.0993295 
0.15 0.85 0.00202684 0.0966748 
0.2 0.85 0.0177801 0.100825 
0.25 0.85 0.0327872 0.111369 
0.3 0.85 0.0464388 0.127329 
0.35 0.85 0.0582127 0.147381 
0.4 0.85 0.0676985 0.170102 
0.45 0.85 0.0746051 0.194172 
0.5 0.85 0.0787553 0.218482 
0.55 0.85 0.0800743 0.242161 
0.6 0.85 0.0785767 0.264543 
0.65 0.85 0.0743569 0.285117 
0.7 0.85 0.0675827 0.303475 
0.75 0.85 0.0584929 0.31928 
0.8 0.85 0.0473957 0.332242 
0.85 0.85 0.0346648 0.342116 
0.9 0.85 0.0207332 0.348707 
0.95 0.85 0.00608004 0.351878 
1 0.85 -0.00878554 0.351561 
1.05 0.85 -0.0233456 0.347762 
1.1 0.85 -0.0370948 0.340562 
1.15 0.85 -0.0495606 0.330107 
1.2 0.85 -0.0603193 0.316601 
1.25 0.85 -0.0690076 0.300297 
1.3 0.85 -0.0753284 0.281491 
1.35 0.85 -0.079054 0.260531 
1.4 0.85 -0.0800277 0.23784 
1.45 0.85 -0.078167 0.213953 
1.5 0.85 -0.0734706 0.189573 
1.55 0.85 -0.0660291 0.165621 
1.6 0.85 -0.0560388 0.143256 
1.65 0.85 -0.0438131 0.123837 
1.7 0.85 -0.0297868 0.108797 
1.75 0.85 -0.0145071 0.0994214 
1.8 0.85 0.00139234 0.0965963 
1.85 0.85 0.0172322 0.100601 
1.9 0.85 0.0323377 0.111042 
1.95 0.85 0.0460876 0.126945 
2 0.85 0.057953 0.146981 
2.05 0.85 0.0675197 0.169718 
2.1 0.85 0.0744955 0.193823 
2.15 0.85 0.0787034 0.218178 
2.2 0.85 0.0800695 0.241905 
2.25 0.85 0.0786099 0.264333 
2.3 0.85 0.0744202 0.28495 
2.35 0.85 0.0676696 0.303347 
2.4 0.85 0.0585979 0.319188 
2.45 0.85 0.0475136 0.332185 
2.5 0.85 0.0347913 0.342091 
2.55 0.85 0.0208638 0.348713 
2.6 0.85 0.00621072 0.351913 
2.65 0.85 -0.00865881 0.351624 
2.7 0.85 -0.0232266 0.347852 
2.75 0.85 -0.0369871 0.340677 
2.8 0.85 -0.0494673 0.330245 
2.85 0.85 -0.0602432 0.316761 
2.9 0.85 -0.068951 0.300476 
2.95 0.85 -0.0752932 0.281687 
3 0.85 -0.0790415 0.26074 
3.05 0.85 -0.0800386 0.238058 
3.1 0.85 -0.0782015 0.214176 
3.15 0.85 -0.0735281 0.189795 
3.2 0.85 -0.0661085 0.165832 
3.25 0.85 -0.0561378 0.143445 
3.3 0.85 -0.0439285 0.123993 
3.35 0.85 -0.0299144 0.108908 
3.4 0.85 -0.0146418 0.0994795 
3.45 0.85 0.00125605 0.0965964 
3.5 0.85 0.0171 0.100544 
3.55 0.85 0.0322151 0.110935 
3.6 0.85 0.0459794 0.126798 
3.65 0.85 0.0578628 0.146807 
3.7 0.85 0.0674504 0.169528 
3.75 0.85 0.0744486 0.193629 
3.8 0.85 0.0786797 0.217987 
3.85 0.85 0.0800688 0.241723 
3.9 0.85 0.0786313 0.264165 
3.95 0.85 0.0744621 0.284798 
4 0.85 0.0677298 0.303214 
4.05 0.85 0.0586736 0.319075 
4.1 0.85 0.0476018 0.33209 
4.15 0.85 0.0348883 0.342014 
4.2 0.85 0.0209661 0.348651 
4.25 0.85 0.00631522 0.351862 
4.3 0.85 -0.00855453 0.351577 
4.35 0.85 -0.0231236 0.347799 
4.4 0.85 -0.0368843 0.340607 
4.45 0.85 -0.0493611 0.330145 
4.5 0.85 -0.060127 0.316615 
4.55 0.85 -0.0688143 0.300268 
4.6 0.85 -0.0751222 0.2814 
4.65 0.85 -0.078819 0.260364 
4.7 0.85 -0.0797454 0.237586 
4.75 0.85 -0.0778187 0.213613 
4.8 0.85 -0.0730405 0.189162 
4.85 0.85 -0.0655098 0.165169 
4.9 0.85 -0.0554367 0.142812 
4.95 0.85 -0.0431511 0.123458 
5 0.85 -0.0290934 0.108539 
0 0.9 -0.0221189 0.0843858 
0.05 0.9 -0.0148776 0.0743082 
0.1 0.9 -0.00705905 0.0681038 
0.15 0.9 0.00102901 0.0663201 
0.2 0.9 0.00906033 0.0691179 
0.25 0.9 0.0167019 0.0762249 
0.3 0.9 0.0236423 0.0869953 
0.35 0.9 0.0296158 0.100549 
0.4 0.9 0.0344153 0.115935 
0.45 0.9 0.0378968 0.13226 
0.5 0.9 0.0399749 0.148768 
0.55 0.9 0.0406166 0.164859 
0.6 0.9 0.0398333 0.180069 
0.65 0.9 0.0376755 0.194043 
0.7 0.9 0.0342296 0.206501 
0.75 0.9 0.0296169 0.217214 
0.8 0.9 0.0239927 0.225988 
0.85 0.9 0.0175454 0.232664 
0.9 0.9 0.010493 0.237116 
0.95 0.9 0.00307689 0.239256 
1 0.9 -0.00444636 0.239042 
1.05 0.9 -0.0118156 0.236478 
1.1 0.9 -0.0187763 0.231614 
1.15 0.9 -0.0250902 0.224543 
1.2 0.9 -0.030544 0.215399 
1.25 0.9 -0.0349548 0.204345 
1.3 0.9 -0.0381725 0.191579 
1.35 0.9 -0.0400812 0.17734 
1.4 0.9 -0.0406 0.161919 
1.45 0.9 -0.0396839 0.145688 
1.5 0.9 -0.0373279 0.129137 
1.55 0.9 -0.0335733 0.112896 
1.6 0.9 -0.0285149 0.0977573 
1.65 0.9 -0.0223086 0.0846372 
1.7 0.9 -0.0151745 0.0744928 
1.75 0.9 -0.0073928 0.0681775 
1.8 0.9 0.000709588 0.0662758 
1.85 0.9 0.00878113 0.068972 
1.9 0.9 0.0164727 0.0760061 
1.95 0.9 0.0234642 0.0867357 
2 0.9 0.0294852 0.100277 
2.05 0.9 0.0343266 0.115672 
2.1 0.9 0.0378436 0.132021 
2.15 0.9 0.0399511 0.14856 
2.2 0.9 0.0406165 0.164682 
2.25 0.9 0.0398522 0.179924 
2.3 0.9 0.0377093 0.193929 
2.35 0.9 0.034275 0.206415 
2.4 0.9 0.029671 0.217153 
2.45 0.9 0.0240531 0.22595 
2.5 0.9 0.0176099 0.232648 
2.55 0.9 0.0105594 0.237121 
2.6 0.9 0.00314317 0.239281 
2.65 0.9 -0.00438218 0.239086 
2.7 0.9 -0.0117554 0.23654 
2.75 0.9 -0.0187218 0.231693 
2.8 0.9 -0.025043 0.224638 
2.85 0.9 -0.0305055 0.215508 
2.9 0.9 -0.0349261 0.204467 
2.95 0.9 -0.0381546 0.191713 
3 0.9 -0.0400747 0.177483 
3.05 0.9 -0.0406053 0.162068 
3.1 0.9 -0.0397011 0.145841 
3.15 0.9 -0.037357 0.129287 
3.2 0.9 -0.0336135 0.113039 
3.25 0.9 -0.0285651 0.0978857 
3.3 0.9 -0.0223672 0.0847429 
3.35 0.9 -0.0152394 0.0745683 
3.4 0.9 -0.00746142 0.0682168 
3.45 0.9 0.000640154 0.066276 
3.5 0.9 0.00871385 0.0689339 
3.55 0.9 0.0164104 0.075934 
3.6 0.9 0.0234093 0.0866367 
3.65 0.9 0.0294395 0.10016 
3.7 0.9 0.0342916 0.115544 
3.75 0.9 0.03782 0.131889 
3.8 0.9 0.0399392 0.14843 
3.85 0.9 0.0406163 0.164559 
3.9 0.9 0.039863 0.17981 
3.95 0.9 0.0377303 0.193825 
4 0.9 0.0343051 0.206324 
4.05 0.9 0.0297087 0.217075 
4.1 0.9 0.0240968 0.225885 
4.15 0.9 0.0176577 0.232594 
4.2 0.9 0.0106094 0.237076 
4.25 0.9 0.00319363 0.239242 
4.3 0.9 -0.00433251 0.239049 
4.35 0.9 -0.0117071 0.236497 
4.4 0.9 -0.0186744 0.231638 
4.45 0.9 -0.0249947 0.224561 
4.5 0.9 -0.0304529 0.215398 
4.55 0.9 -0.0348638 0.204313 
4.6 0.9 -0.0380752 0.191505 
4.65 0.9 -0.0399693 0.177213 
4.7 0.9 -0.0404638 0.161734 
4.75 0.9 -0.0395137 0.145447 
4.8 0.9 -0.0371166 0.12885 
4.85 0.9 -0.03332 0.112588 
4.9 0.9 -0.0282318 0.0974604 
4.95 0.9 -0.0220276 0.0843858 
5 0.9 -0.014939 0.0743082 
0 0.95 -0.00653463 0.0428653 
0.05 0.95 -0.00431375 0.0378566 
0.1 0.95 -0.00203338 0.0347886 
0.15 0.95 0.000294247 0.0339088 
0.2 0.95 0.00259784 0.0352931 
0.25 0.95 0.00478616 0.038811 
0.3 0.95 0.00676997 0.0441512 
0.35 0.95 0.00847301 0.0508866 
0.4 0.95 0.00983682 0.0585508 
0.45 0.95 0.0108217 0.0667016 
0.5 0.95 0.0114052 0.0749597 
0.55 0.95 0.0115796 0.08302 
0.6 0.95 0.0113494 0.0906458 
0.65 0.95 0.0107297 0.0976546 
0.7 0.95 0.00974529 0.103903 
0.75 0.95 0.00843039 0.109274 
0.8 0.95 0.00682876 0.113671 
0.85 0.95 0.00499352 0.117014 
0.9 0.95 0.00298632 0.119243 
0.95 0.95 0.000875686 0.120314 
1 0.95 -0.00126544 0.120207 
1.05 0.95 -0.00336278 0.118923 
1.1 0.95 -0.00534394 0.116488 
1.15 0.95 -0.0071414 0.112946 
1.2 0.95 -0.00869485 0.108363 
1.25 0.95 -0.00995267 0.102821 
1.3 0.95 -0.0108726 0.0964182 
1.35 0.95 -0.0114219 0.0892767 
1.4 0.95 -0.0115773 0.0815458 
1.45 0.95 -0.011325 0.0734172 
1.5 0.95 -0.0106623 0.0651402 
1.55 0.95 -0.00959913 0.0570353 
1.6 0.95 -0.00816064 0.049498 
1.65 0.95 -0.00638995 0.0429818 
1.7 0.95 -0.00434946 0.0379548 
1.75 0.95 -0.00211991 0.0348305 
1.8 0.95 0.000203491 0.0338904 
1.85 0.95 0.00251786 0.0352233 
1.9 0.95 0.00472107 0.0387041 
1.95 0.95 0.00672001 0.044023 
2 0.95 0.00843693 0.0507515 
2.05 0.95 0.00981282 0.0584196 
2.1 0.95 0.0108078 0.0665815 
2.15 0.95 0.0113996 0.0748545 
2.2 0.95 0.0115806 0.082931 
2.25 0.95 0.0113556 0.0905728 
2.3 0.95 0.0107399 0.0975968 
2.35 0.95 0.00975866 0.103859 
2.4 0.95 0.00844611 0.109243 
2.45 0.95 0.00684616 0.113652 
2.5 0.95 0.00501198 0.117006 
2.55 0.95 0.00300527 0.119246 
2.6 0.95 0.000894556 0.120327 
2.65 0.95 -0.00124719 0.120229 
2.7 0.95 -0.00334568 0.118955 
2.75 0.95 -0.00532847 0.116528 
2.8 0.95 -0.007128 0.112994 
2.85 0.95 -0.00868391 0.108418 
2.9 0.95 -0.00994452 0.102882 
2.95 0.95 -0.0108675 0.0964855 
3 0.95 -0.01142 0.0893485 
3.05 0.95 -0.0115787 0.0816207 
3.1 0.95 -0.0113299 0.0734935 
3.15 0.95 -0.0106705 0.0652156 
3.2 0.95 -0.00961054 0.0571068 
3.25 0.95 -0.00817494 0.0495619 
3.3 0.95 -0.0064067 0.0430344 
3.35 0.95 -0.00436804 0.0379923 
3.4 0.95 -0.00213957 0.03485 
3.45 0.95 0.00018359 0.0338906 
3.5 0.95 0.00249859 0.0352045 
3.55 0.95 0.00470324 0.0386685 
3.6 0.95 0.00670434 0.043974 
3.65 0.95 0.00842396 0.050693 
3.7 0.95 0.00980291 0.0583556 
3.75 0.95 0.0108012 0.0665156 
3.8 0.95 0.0113963 0.0747894 
3.85 0.95 0.0115806 0.0828689 
3.9 0.95 0.0113587 0.0905153 
3.95 0.95 0.0107459 0.0975448 
4 0.95 0.00976719 0.103813 
4.05 0.95 0.00845673 0.109203 
4.1 0.95 0.00685838 0.113618 
4.15 0.95 0.00502526 0.116979 
4.2 0.95 0.00301903 0.119222 
4.25 0.95 0.000908284 0.120306 
4.3 0.95 -0.00123392 0.120209 
4.35 0.95 -0.00333307 0.118932 
4.4 0.95 -0.00531644 0.116498 
4.45 0.95 -0.00711607 0.112953 
4.5 0.95 -0.0086711 0.10836 
4.55 0.95 -0.00992928 0.102802 
4.6 0.95 -0.0108477 0.096378 
4.65 0.95 -0.011393 0.0892103 
4.7 0.95 -0.0115414 0.0814507 
4.75 0.95 -0.0112791 0.0732948 
4.8 0.95 -0.0106044 0.0649971 
4.85 0.95 -0.00953002 0.0568841 
4.9 0.95 -0.00808997 0.0493562 
4.95 0.95 -0.00635166 0.0428653 
5 0.95 -0.00443756 0.0378566 
0 1 0 0 
0.05 1 0 0 
0.1 1 0 0 
0.15 1 0 0 
0.2 1 0 0 
0.25 1 0 0 
0.3 1 0 0 
0.35 1 0 0 
0.4 1 0 0 
0.45 1 0 0 
0.5 1 0 0 
0.55 1 0 0 
0.6 1 0 0 
0.65 1 0 0 
0.7 1 0 0 
0.75 1 0 0 
0.8 1 0 0 
0.85 1 0 0 
0.9 1 0 0 
0.95 1 0 0 
1 1 0 0 
1.05 1 0 0 
1.1 1 0 0 
1.15 1 0 0 
1.2 1 0 0 
1.25 1 0 0 
1.3 1 0 0 
1.35 1 0 0 
1.4 1 0 0 
1.45 1 0 0 
1.5 1 0 0 
1.55 1 0 0 
1.6 1 0 0 
1.65 1 0 0 
1.7 1 0 0 
1.75 1 0 0 
1.8 1 0 0 
1.85 1 0 0 
1.9 1 0 0 
1.95 1 0 0 
2 1 0 0 
2.05 1 0 0 
2.1 1 0 0 
2.15 1 0 0 
2.2 1 0 0 
2.25 1 0 0 
2.3 1 0 0 
2.35 1 0 0 
2.4 1 0 0 
2.45 1 0 0 
2.5 1 0 0 
2.55 1 0 0 
2.6 1 0 0 
2.65 1 0 0 
2.7 1 0 0 
2.75 1 0 0 
2.8 1 0 0 
2.85 1 0 0 
2.9 1 0 0 
2.95 1 0 0 
3 1 0 0 
3.05 1 0 0 
3.1 1 0 0 
3.15 1 0 0 
3.2 1 0 0 
3.25 1 0 0 
3.3 1 0 0 
3.35 1 0 0 
3.4 1 0 0 
3.45 1 0 0 
3.5 1 0 0 
3.55 1 0 0 
3.6 1 0 0 
3.65 1 0 0 
3.7 1 0 0 
3.75 1 0 0 
3.8 1 0 0 
3.85 1 0 0 
3.9 1 0 0 
3.95 1 0 0 
4 1 0 0 
4.05 1 0 0 
4.1 1 0 0 
4.15 1 0 0 
4.2 1 0 0 
4.25 1 0 0 
4.3 1 0 0 
4.35 1 0 0 
4.4 1 0 0 
4.45 1 0 0 
4.5 1 0 0 
4.55 1 0 0 
4.6 1 0 0 
4.65 1 0 0 
4.7 1 0 0 
4.75 1 0 0 
4.8 1 0 0 
4.85 1 0 0 
4.9 1 0 0 
4.95 1 0 0 
5 1 0 0 
