x, y, ksi, T
#iter= 1690000
0 0 0 1 
0.05 0 0 1 
0.1 0 0 1 
0.15 0 0 1 
0.2 0 0 1 
0.25 0 0 1 
0.3 0 0 1 
0.35 0 0 1 
0.4 0 0 1 
0.45 0 0 1 
0.5 0 0 1 
0.55 0 0 1 
0.6 0 0 1 
0.65 0 0 1 
0.7 0 0 1 
0.75 0 0 1 
0.8 0 0 1 
0.85 0 0 1 
0.9 0 0 1 
0.95 0 0 1 
1 0 0 1 
1.05 0 0 1 
1.1 0 0 1 
1.15 0 0 1 
1.2 0 0 1 
1.25 0 0 1 
1.3 0 0 1 
1.35 0 0 1 
1.4 0 0 1 
1.45 0 0 1 
1.5 0 0 1 
1.55 0 0 1 
1.6 0 0 1 
1.65 0 0 1 
1.7 0 0 1 
1.75 0 0 1 
1.8 0 0 1 
1.85 0 0 1 
1.9 0 0 1 
1.95 0 0 1 
2 0 0 1 
2.05 0 0 1 
2.1 0 0 1 
2.15 0 0 1 
2.2 0 0 1 
2.25 0 0 1 
2.3 0 0 1 
2.35 0 0 1 
2.4 0 0 1 
2.45 0 0 1 
2.5 0 0 1 
2.55 0 0 1 
2.6 0 0 1 
2.65 0 0 1 
2.7 0 0 1 
2.75 0 0 1 
2.8 0 0 1 
2.85 0 0 1 
2.9 0 0 1 
2.95 0 0 1 
3 0 0 1 
3.05 0 0 1 
3.1 0 0 1 
3.15 0 0 1 
3.2 0 0 1 
3.25 0 0 1 
3.3 0 0 1 
3.35 0 0 1 
3.4 0 0 1 
3.45 0 0 1 
3.5 0 0 1 
3.55 0 0 1 
3.6 0 0 1 
3.65 0 0 1 
3.7 0 0 1 
3.75 0 0 1 
3.8 0 0 1 
3.85 0 0 1 
3.9 0 0 1 
3.95 0 0 1 
4 0 0 1 
4.05 0 0 1 
4.1 0 0 1 
4.15 0 0 1 
4.2 0 0 1 
4.25 0 0 1 
4.3 0 0 1 
4.35 0 0 1 
4.4 0 0 1 
4.45 0 0 1 
4.5 0 0 1 
4.55 0 0 1 
4.6 0 0 1 
4.65 0 0 1 
4.7 0 0 1 
4.75 0 0 1 
4.8 0 0 1 
4.85 0 0 1 
4.9 0 0 1 
4.95 0 0 1 
5 0 0 1 
0 0.05 -0.0064336 0.884646 
0.05 0.05 -0.00433726 0.881657 
0.1 0.05 -0.0021505 0.879918 
0.15 0.05 6.07694e-05 0.879407 
0.2 0.05 0.00223857 0.880106 
0.25 0.05 0.00431905 0.881988 
0.3 0.05 0.00623759 0.885008 
0.35 0.05 0.00793362 0.889106 
0.4 0.05 0.00935342 0.894205 
0.45 0.05 0.0104517 0.900214 
0.5 0.05 0.0111921 0.907023 
0.55 0.05 0.0115475 0.914497 
0.6 0.05 0.0114998 0.922468 
0.65 0.05 0.011041 0.930717 
0.7 0.05 0.0101747 0.93896 
0.75 0.05 0.00891832 0.946839 
0.8 0.05 0.00730586 0.953926 
0.85 0.05 0.00539018 0.959753 
0.9 0.05 0.00324326 0.963869 
0.95 0.05 0.000953833 0.965918 
1 0.05 -0.00137801 0.965711 
1.05 0.05 -0.00364867 0.963268 
1.1 0.05 -0.00575961 0.958813 
1.15 0.05 -0.00762486 0.952726 
1.2 0.05 -0.00917586 0.945466 
1.25 0.05 -0.0103634 0.937497 
1.3 0.05 -0.0111567 0.929236 
1.35 0.05 -0.0115412 0.921028 
1.4 0.05 -0.011516 0.913145 
1.45 0.05 -0.0110913 0.905795 
1.5 0.05 -0.0102873 0.899139 
1.55 0.05 -0.00913386 0.893307 
1.6 0.05 -0.0076701 0.888405 
1.65 0.05 -0.00594467 0.884519 
1.7 0.05 -0.00401519 0.881721 
1.75 0.05 -0.00194706 0.880063 
1.8 0.05 0.000188566 0.879576 
1.85 0.05 0.00231766 0.88027 
1.9 0.05 0.00436647 0.882131 
1.95 0.05 0.00626468 0.885124 
2 0.05 0.00794812 0.889193 
2.05 0.05 0.00936069 0.894265 
2.1 0.05 0.0104554 0.900249 
2.15 0.05 0.0111948 0.907037 
2.2 0.05 0.0115506 0.914493 
2.25 0.05 0.0115045 0.922449 
2.3 0.05 0.0110479 0.930688 
2.35 0.05 0.0101841 0.938925 
2.4 0.05 0.00893022 0.946803 
2.45 0.05 0.00732007 0.953892 
2.5 0.05 0.0054063 0.959727 
2.55 0.05 0.0032607 0.963855 
2.6 0.05 0.000971887 0.965919 
2.65 0.05 -0.00136013 0.965728 
2.7 0.05 -0.00363175 0.963301 
2.75 0.05 -0.00574437 0.958859 
2.8 0.05 -0.0076119 0.952782 
2.85 0.05 -0.00916566 0.945529 
2.9 0.05 -0.0103562 0.937563 
2.95 0.05 -0.0111528 0.929303 
3 0.05 -0.0115406 0.921093 
3.05 0.05 -0.0115187 0.913207 
3.1 0.05 -0.0110971 0.905852 
3.15 0.05 -0.0102961 0.89919 
3.2 0.05 -0.00914537 0.893351 
3.25 0.05 -0.00768395 0.88844 
3.3 0.05 -0.00596042 0.884546 
3.35 0.05 -0.00403232 0.881739 
3.4 0.05 -0.00196502 0.880071 
3.45 0.05 0.000170404 0.879574 
3.5 0.05 0.00229992 0.880258 
3.55 0.05 0.00434975 0.882109 
3.6 0.05 0.00624956 0.885093 
3.65 0.05 0.00793512 0.889153 
3.7 0.05 0.00935026 0.894217 
3.75 0.05 0.0104479 0.900193 
3.8 0.05 0.0111906 0.906974 
3.85 0.05 0.01155 0.914425 
3.9 0.05 0.0115076 0.922377 
3.95 0.05 0.0110549 0.930614 
4 0.05 0.0101949 0.938853 
4.05 0.05 0.00894481 0.946736 
4.1 0.05 0.0073382 0.953837 
4.15 0.05 0.00542752 0.959688 
4.2 0.05 0.00328439 0.963838 
4.25 0.05 0.000997243 0.965929 
4.3 0.05 -0.00133405 0.965769 
4.35 0.05 -0.00360597 0.963373 
4.4 0.05 -0.00571998 0.958963 
4.45 0.05 -0.00759 0.952916 
4.5 0.05 -0.00914746 0.94569 
4.55 0.05 -0.0103432 0.937749 
4.6 0.05 -0.011147 0.929511 
4.65 0.05 -0.0115449 0.921321 
4.7 0.05 -0.0115374 0.91345 
4.75 0.05 -0.0111369 0.906105 
4.8 0.05 -0.0103671 0.899445 
4.85 0.05 -0.00926293 0.89359 
4.9 0.05 -0.00787233 0.888635 
4.95 0.05 -0.00625506 0.884646 
5 0.05 -0.0044589 0.881657 
0 0.1 -0.0217057 0.770627 
0.05 0.1 -0.0148466 0.764757 
0.1 0.1 -0.00739485 0.761273 
0.15 0.1 0.000279824 0.760234 
0.2 0.1 0.00789237 0.761619 
0.25 0.1 0.015185 0.76537 
0.3 0.1 0.0219174 0.771394 
0.35 0.1 0.0278704 0.779568 
0.4 0.1 0.0328515 0.789737 
0.45 0.1 0.0366985 0.801717 
0.5 0.1 0.0392823 0.815289 
0.55 0.1 0.0405068 0.830192 
0.6 0.1 0.0403107 0.846097 
0.65 0.1 0.0386698 0.862578 
0.7 0.1 0.0356023 0.879077 
0.75 0.1 0.0311758 0.894883 
0.8 0.1 0.0255158 0.909135 
0.85 0.1 0.0188105 0.920879 
0.9 0.1 0.0113118 0.929193 
0.95 0.1 0.00332555 0.933338 
1 0.1 -0.00480554 0.932919 
1.05 0.1 -0.0127277 0.927979 
1.1 0.1 -0.0201033 0.918983 
1.15 0.1 -0.0266351 0.906718 
1.2 0.1 -0.0320829 0.892123 
1.25 0.1 -0.0362702 0.876143 
1.3 0.1 -0.0390829 0.859613 
1.35 0.1 -0.0404637 0.843218 
1.4 0.1 -0.0404033 0.82749 
1.45 0.1 -0.0389343 0.812833 
1.5 0.1 -0.0361263 0.799564 
1.55 0.1 -0.0320841 0.787934 
1.6 0.1 -0.0269466 0.778153 
1.65 0.1 -0.0208864 0.770398 
1.7 0.1 -0.0141077 0.764811 
1.75 0.1 -0.00684118 0.761498 
1.8 0.1 0.000662644 0.760525 
1.85 0.1 0.0081435 0.761911 
1.9 0.1 0.0153421 0.765628 
1.95 0.1 0.0220107 0.771605 
2 0.1 0.0279229 0.779726 
2.05 0.1 0.0328798 0.789844 
2.1 0.1 0.0367147 0.801777 
2.15 0.1 0.0392945 0.815309 
2.2 0.1 0.0405206 0.830178 
2.25 0.1 0.0403297 0.846056 
2.3 0.1 0.0386961 0.862517 
2.35 0.1 0.0356368 0.879005 
2.4 0.1 0.0312188 0.894808 
2.45 0.1 0.0255665 0.909065 
2.5 0.1 0.0188676 0.920826 
2.55 0.1 0.0113732 0.929164 
2.6 0.1 0.00338896 0.933339 
2.65 0.1 -0.00474285 0.932953 
2.7 0.1 -0.0126684 0.928044 
2.75 0.1 -0.0200498 0.919076 
2.8 0.1 -0.0265896 0.906831 
2.85 0.1 -0.032047 0.89225 
2.9 0.1 -0.0362449 0.876276 
2.95 0.1 -0.0390691 0.859747 
3 0.1 -0.0404615 0.843349 
3.05 0.1 -0.0404127 0.827613 
3.1 0.1 -0.0389548 0.812946 
3.15 0.1 -0.0361573 0.799665 
3.2 0.1 -0.0321246 0.788021 
3.25 0.1 -0.0269953 0.778224 
3.3 0.1 -0.0209418 0.770452 
3.35 0.1 -0.0141679 0.764846 
3.4 0.1 -0.00690431 0.761514 
3.45 0.1 0.000598799 0.760521 
3.5 0.1 0.00808114 0.761888 
3.55 0.1 0.0152833 0.765586 
3.6 0.1 0.0219577 0.771543 
3.65 0.1 0.0278773 0.779646 
3.7 0.1 0.0328434 0.789748 
3.75 0.1 0.0366887 0.801666 
3.8 0.1 0.0392801 0.815184 
3.85 0.1 0.0405187 0.830042 
3.9 0.1 0.0403409 0.845912 
3.95 0.1 0.0387208 0.86237 
4 0.1 0.0356751 0.87886 
4.05 0.1 0.0312702 0.894674 
4.1 0.1 0.02563 0.908953 
4.15 0.1 0.0189417 0.920746 
4.2 0.1 0.0114557 0.929128 
4.25 0.1 0.00347704 0.933357 
4.3 0.1 -0.0046524 0.933032 
4.35 0.1 -0.0125791 0.928187 
4.4 0.1 -0.0199653 0.919281 
4.45 0.1 -0.0265138 0.907095 
4.5 0.1 -0.0319841 0.892568 
4.55 0.1 -0.0361999 0.876643 
4.6 0.1 -0.0390487 0.860157 
4.65 0.1 -0.040475 0.843795 
4.7 0.1 -0.0404734 0.828089 
4.75 0.1 -0.0390818 0.813441 
4.8 0.1 -0.0363768 0.800158 
4.85 0.1 -0.0324697 0.788477 
4.9 0.1 -0.0275005 0.778584 
4.95 0.1 -0.0216164 0.770627 
5 0.1 -0.0149053 0.764757 
0 0.15 -0.0422858 0.662752 
0.05 0.15 -0.0288863 0.654184 
0.1 0.15 -0.0143356 0.649053 
0.15 0.15 0.000712465 0.647502 
0.2 0.15 0.015684 0.649531 
0.25 0.15 0.0300504 0.655063 
0.3 0.15 0.0433228 0.663958 
0.35 0.15 0.0550585 0.676022 
0.4 0.15 0.0648709 0.691017 
0.45 0.15 0.0724363 0.708665 
0.5 0.15 0.0774978 0.728643 
0.55 0.15 0.0798672 0.750568 
0.6 0.15 0.0794276 0.773968 
0.65 0.15 0.0761382 0.798228 
0.7 0.15 0.0700441 0.822542 
0.75 0.15 0.0612883 0.845871 
0.8 0.15 0.0501257 0.866944 
0.85 0.15 0.0369313 0.884341 
0.9 0.15 0.0221991 0.896675 
0.95 0.15 0.00652437 0.90283 
1 0.15 -0.00943023 0.902208 
1.05 0.15 -0.0249812 0.894872 
1.1 0.15 -0.0394751 0.881529 
1.15 0.15 -0.0523331 0.863364 
1.2 0.15 -0.0630825 0.84179 
1.25 0.15 -0.0713707 0.818209 
1.3 0.15 -0.0769648 0.793854 
1.35 0.15 -0.0797415 0.76972 
1.4 0.15 -0.079674 0.746576 
1.45 0.15 -0.0768194 0.725006 
1.5 0.15 -0.0713112 0.705464 
1.55 0.15 -0.0633543 0.688318 
1.6 0.15 -0.0532235 0.67388 
1.65 0.15 -0.0412614 0.662416 
1.7 0.15 -0.0278732 0.654147 
1.75 0.15 -0.0135173 0.649241 
1.8 0.15 0.00130953 0.647799 
1.85 0.15 0.0160908 0.649853 
1.9 0.15 0.030312 0.655358 
1.95 0.15 0.0434818 0.6642 
2 0.15 0.0551501 0.676203 
2.05 0.15 0.0649224 0.691135 
2.1 0.15 0.0724678 0.708725 
2.15 0.15 0.0775236 0.728651 
2.2 0.15 0.0798971 0.750533 
2.25 0.15 0.079468 0.773896 
2.3 0.15 0.076193 0.79813 
2.35 0.15 0.0701149 0.82243 
2.4 0.15 0.0613753 0.845755 
2.45 0.15 0.0502274 0.866838 
2.5 0.15 0.037045 0.88426 
2.55 0.15 0.022321 0.896631 
2.6 0.15 0.00664974 0.902831 
2.65 0.15 -0.00930648 0.902258 
2.7 0.15 -0.0248642 0.894968 
2.75 0.15 -0.0393696 0.881665 
2.8 0.15 -0.0522432 0.863531 
2.85 0.15 -0.0630114 0.841977 
2.9 0.15 -0.0713206 0.818406 
2.95 0.15 -0.0769371 0.794052 
3 0.15 -0.0797369 0.769913 
3.05 0.15 -0.0796922 0.746758 
3.1 0.15 -0.0768598 0.725173 
3.15 0.15 -0.0713723 0.705613 
3.2 0.15 -0.0634343 0.688446 
3.25 0.15 -0.0533198 0.673985 
3.3 0.15 -0.041371 0.662496 
3.35 0.15 -0.0279924 0.6542 
3.4 0.15 -0.0136421 0.649265 
3.45 0.15 0.00118332 0.647794 
3.5 0.15 0.0159676 0.649818 
3.55 0.15 0.030196 0.655295 
3.6 0.15 0.043377 0.66411 
3.65 0.15 0.0550603 0.676085 
3.7 0.15 0.0648508 0.690994 
3.75 0.15 0.072417 0.708561 
3.8 0.15 0.0774958 0.728468 
3.85 0.15 0.079894 0.750333 
3.9 0.15 0.0794908 0.773686 
3.95 0.15 0.0762423 0.797914 
4 0.15 0.0701907 0.822217 
4.05 0.15 0.0614766 0.845559 
4.1 0.15 0.0503521 0.866672 
4.15 0.15 0.0371901 0.884141 
4.2 0.15 0.022482 0.896576 
4.25 0.15 0.00682145 0.902856 
4.3 0.15 -0.00913029 0.902372 
4.35 0.15 -0.0246902 0.895175 
4.4 0.15 -0.0392046 0.881963 
4.45 0.15 -0.0520945 0.863914 
4.5 0.15 -0.0628865 0.842436 
4.55 0.15 -0.0712285 0.818931 
4.6 0.15 -0.0768889 0.794635 
4.65 0.15 -0.0797478 0.770545 
4.7 0.15 -0.0797831 0.747427 
4.75 0.15 -0.0770583 0.725862 
4.8 0.15 -0.0717133 0.70629 
4.85 0.15 -0.0639551 0.689063 
4.9 0.15 -0.0540453 0.674468 
4.95 0.15 -0.042272 0.662752 
5 0.15 -0.0288929 0.654184 
0 0.2 -0.0651716 0.566762 
0.05 0.2 -0.0444051 0.555787 
0.1 0.2 -0.0219166 0.549188 
0.15 0.2 0.00136513 0.547179 
0.2 0.2 0.0245615 0.549792 
0.25 0.2 0.0468408 0.556938 
0.3 0.2 0.067429 0.568425 
0.35 0.2 0.0856271 0.583987 
0.4 0.2 0.100826 0.603292 
0.45 0.2 0.11252 0.625964 
0.5 0.2 0.120309 0.651579 
0.55 0.2 0.123905 0.679648 
0.6 0.2 0.123136 0.709574 
0.65 0.2 0.117948 0.740589 
0.7 0.2 0.108426 0.77168 
0.75 0.2 0.0948031 0.80153 
0.8 0.2 0.0774854 0.828517 
0.85 0.2 0.0570584 0.850819 
0.9 0.2 0.0342839 0.866643 
0.95 0.2 0.0100732 0.874545 
1 0.2 -0.0145635 0.873745 
1.05 0.2 -0.0385857 0.864327 
1.1 0.2 -0.0609969 0.847209 
1.15 0.2 -0.0809099 0.823926 
1.2 0.2 -0.0975941 0.796299 
1.25 0.2 -0.110497 0.766128 
1.3 0.2 -0.119248 0.734982 
1.35 0.2 -0.12364 0.704121 
1.4 0.2 -0.12362 0.67451 
1.45 0.2 -0.119265 0.646878 
1.5 0.2 -0.110773 0.621798 
1.55 0.2 -0.0984579 0.599744 
1.6 0.2 -0.0827444 0.581126 
1.65 0.2 -0.0641655 0.566308 
1.7 0.2 -0.0433541 0.555596 
1.75 0.2 -0.0210271 0.54923 
1.8 0.2 0.00203746 0.547358 
1.85 0.2 0.0250306 0.550025 
1.9 0.2 0.0471466 0.557166 
1.95 0.2 0.067616 0.568617 
2 0.2 0.0857352 0.584126 
2.05 0.2 0.100888 0.603373 
2.1 0.2 0.112561 0.625988 
2.15 0.2 0.120347 0.651551 
2.2 0.2 0.123953 0.679574 
2.25 0.2 0.123201 0.709463 
2.3 0.2 0.118036 0.740451 
2.35 0.2 0.108539 0.771527 
2.4 0.2 0.0949411 0.801375 
2.45 0.2 0.0776457 0.828378 
2.5 0.2 0.0572366 0.850713 
2.55 0.2 0.0344742 0.866585 
2.6 0.2 0.0102684 0.874545 
2.65 0.2 -0.0143711 0.873809 
2.7 0.2 -0.038404 0.864451 
2.75 0.2 -0.060833 0.847385 
2.8 0.2 -0.0807701 0.82414 
2.85 0.2 -0.0974833 0.796539 
2.9 0.2 -0.110419 0.76638 
2.95 0.2 -0.119204 0.735236 
3 0.2 -0.123633 0.704368 
3.05 0.2 -0.123648 0.674743 
3.1 0.2 -0.119328 0.647093 
3.15 0.2 -0.110868 0.621991 
3.2 0.2 -0.0985822 0.59991 
3.25 0.2 -0.0828942 0.581263 
3.3 0.2 -0.064336 0.566412 
3.35 0.2 -0.0435396 0.555665 
3.4 0.2 -0.0212214 0.549262 
3.45 0.2 0.00184103 0.547352 
3.5 0.2 0.0248389 0.549981 
3.55 0.2 0.0469663 0.557085 
3.6 0.2 0.0674534 0.568501 
3.65 0.2 0.085596 0.583976 
3.7 0.2 0.100777 0.603192 
3.75 0.2 0.112482 0.625779 
3.8 0.2 0.120304 0.651317 
3.85 0.2 0.123949 0.679321 
3.9 0.2 0.123237 0.709195 
3.95 0.2 0.118114 0.740176 
4 0.2 0.108657 0.771257 
4.05 0.2 0.0950975 0.801125 
4.1 0.2 0.0778378 0.828165 
4.15 0.2 0.0574593 0.85056 
4.2 0.2 0.0347209 0.866514 
4.25 0.2 0.0105312 0.874574 
4.3 0.2 -0.0141015 0.873951 
4.35 0.2 -0.0381373 0.86471 
4.4 0.2 -0.0605792 0.847757 
4.45 0.2 -0.0805391 0.824616 
4.5 0.2 -0.0972853 0.797106 
4.55 0.2 -0.110265 0.767026 
4.6 0.2 -0.119109 0.735946 
4.65 0.2 -0.123613 0.70513 
4.7 0.2 -0.123727 0.67554 
4.75 0.2 -0.119533 0.647901 
4.8 0.2 -0.111233 0.622776 
4.85 0.2 -0.0991355 0.600621 
4.9 0.2 -0.0836421 0.581829 
4.95 0.2 -0.0652214 0.566762 
5 0.2 -0.0443685 0.555787 
0 0.25 -0.0880143 0.486928 
0.05 0.25 -0.0598178 0.473871 
0.1 0.25 -0.0293508 0.466003 
0.15 0.25 0.00219762 0.463603 
0.2 0.25 0.0336505 0.466741 
0.25 0.25 0.0638707 0.47531 
0.3 0.25 0.0917929 0.489057 
0.35 0.25 0.116455 0.50762 
0.4 0.25 0.137022 0.530559 
0.45 0.25 0.152803 0.557389 
0.5 0.25 0.16326 0.587586 
0.55 0.25 0.168012 0.620569 
0.6 0.25 0.166836 0.655646 
0.65 0.25 0.159679 0.691937 
0.7 0.25 0.146671 0.72828 
0.75 0.25 0.128148 0.763153 
0.8 0.25 0.10467 0.794676 
0.85 0.25 0.0770353 0.820727 
0.9 0.25 0.0462692 0.839213 
0.95 0.25 0.0135908 0.848443 
1 0.25 -0.0196545 0.847508 
1.05 0.25 -0.0520822 0.836504 
1.1 0.25 -0.0823641 0.816506 
1.15 0.25 -0.109313 0.789306 
1.2 0.25 -0.131942 0.757032 
1.25 0.25 -0.149498 0.721777 
1.3 0.25 -0.161463 0.685359 
1.35 0.25 -0.167543 0.64923 
1.4 0.25 -0.167644 0.614497 
1.45 0.25 -0.161854 0.581996 
1.5 0.25 -0.150427 0.552392 
1.55 0.25 -0.133779 0.526251 
1.6 0.25 -0.112482 0.504085 
1.65 0.25 -0.0872591 0.486365 
1.7 0.25 -0.0589735 0.473509 
1.75 0.25 -0.028607 0.465847 
1.8 0.25 0.00277253 0.463591 
1.85 0.25 0.034054 0.466805 
1.9 0.25 0.0641306 0.475397 
1.95 0.25 0.0919468 0.489133 
2 0.25 0.116539 0.507664 
2.05 0.25 0.137069 0.530562 
2.1 0.25 0.152838 0.557347 
2.15 0.25 0.163302 0.587501 
2.2 0.25 0.168073 0.620445 
2.25 0.25 0.166926 0.65549 
2.3 0.25 0.159802 0.691758 
2.35 0.25 0.146829 0.728088 
2.4 0.25 0.128339 0.762965 
2.45 0.25 0.104891 0.794509 
2.5 0.25 0.0772794 0.820601 
2.55 0.25 0.0465289 0.839144 
2.6 0.25 0.0138565 0.848444 
2.65 0.25 -0.0193931 0.847584 
2.7 0.25 -0.0518354 0.836651 
2.75 0.25 -0.0821416 0.816713 
2.8 0.25 -0.109123 0.789559 
2.85 0.25 -0.131791 0.757314 
2.9 0.25 -0.149391 0.722073 
2.95 0.25 -0.161404 0.685657 
3 0.25 -0.167532 0.649521 
3.05 0.25 -0.167681 0.614773 
3.1 0.25 -0.161938 0.582251 
3.15 0.25 -0.150555 0.552621 
3.2 0.25 -0.133948 0.52645 
3.25 0.25 -0.112686 0.504249 
3.3 0.25 -0.087491 0.486492 
3.35 0.25 -0.059226 0.473593 
3.4 0.25 -0.0288716 0.465888 
3.45 0.25 0.00250514 0.463586 
3.5 0.25 0.0337932 0.466754 
3.55 0.25 0.0638855 0.475301 
3.6 0.25 0.091726 0.488995 
3.65 0.25 0.116351 0.507486 
3.7 0.25 0.136919 0.530349 
3.75 0.25 0.152732 0.557102 
3.8 0.25 0.163245 0.587229 
3.85 0.25 0.168069 0.62015 
3.9 0.25 0.166975 0.655178 
3.95 0.25 0.159906 0.691439 
4 0.25 0.146987 0.727775 
4.05 0.25 0.128549 0.762675 
4.1 0.25 0.105148 0.794264 
4.15 0.25 0.0775773 0.820425 
4.2 0.25 0.0468584 0.839062 
4.25 0.25 0.0142071 0.848477 
4.3 0.25 -0.0190332 0.847746 
4.35 0.25 -0.0514785 0.836945 
4.4 0.25 -0.0817997 0.817135 
4.45 0.25 -0.108808 0.790096 
4.5 0.25 -0.131514 0.75795 
4.55 0.25 -0.149163 0.722789 
4.6 0.25 -0.161238 0.686436 
4.65 0.25 -0.167443 0.650345 
4.7 0.25 -0.167688 0.615621 
4.75 0.25 -0.162061 0.583099 
4.8 0.25 -0.150818 0.553436 
4.85 0.25 -0.134363 0.527187 
4.9 0.25 -0.113241 0.504857 
4.95 0.25 -0.0881166 0.486928 
5 0.25 -0.0597461 0.473871 
0 0.3 -0.109002 0.424632 
0.05 0.3 -0.0739174 0.409731 
0.1 0.3 -0.0360618 0.40073 
0.15 0.3 0.0031375 0.397991 
0.2 0.3 0.0422271 0.401621 
0.25 0.3 0.0797829 0.411483 
0.3 0.3 0.114464 0.427234 
0.35 0.3 0.145061 0.448377 
0.4 0.3 0.170527 0.474327 
0.45 0.3 0.190004 0.504464 
0.5 0.3 0.202833 0.538155 
0.55 0.3 0.208553 0.574735 
0.6 0.3 0.206908 0.613448 
0.65 0.3 0.197857 0.653347 
0.7 0.3 0.181584 0.693186 
0.75 0.3 0.158526 0.731332 
0.8 0.3 0.129394 0.765759 
0.85 0.3 0.0951781 0.794176 
0.9 0.3 0.0571434 0.814322 
0.95 0.3 0.0167799 0.824377 
1 0.3 -0.0242733 0.823358 
1.05 0.3 -0.0643316 0.811369 
1.1 0.3 -0.101776 0.789568 
1.15 0.3 -0.135153 0.75989 
1.2 0.3 -0.163246 0.724631 
1.25 0.3 -0.185114 0.686047 
1.3 0.3 -0.2001 0.6461 
1.35 0.3 -0.207815 0.606346 
1.4 0.3 -0.208118 0.56797 
1.45 0.3 -0.201095 0.531872 
1.5 0.3 -0.18704 0.498785 
1.55 0.3 -0.166454 0.469362 
1.6 0.3 -0.140037 0.44423 
1.65 0.3 -0.108687 0.423999 
1.7 0.3 -0.0734806 0.409234 
1.75 0.3 -0.0356513 0.400396 
1.8 0.3 0.00345604 0.397789 
1.85 0.3 0.0424397 0.401503 
1.9 0.3 0.0799034 0.411408 
1.95 0.3 0.114518 0.427169 
2 0.3 0.145076 0.448303 
2.05 0.3 0.170529 0.474232 
2.1 0.3 0.190014 0.504342 
2.15 0.3 0.202866 0.538004 
2.2 0.3 0.20862 0.574557 
2.25 0.3 0.207017 0.613247 
2.3 0.3 0.19801 0.653129 
2.35 0.3 0.181782 0.692963 
2.4 0.3 0.158767 0.731118 
2.45 0.3 0.129671 0.765572 
2.5 0.3 0.0954837 0.794036 
2.55 0.3 0.0574675 0.814247 
2.6 0.3 0.0171108 0.824379 
2.65 0.3 -0.0239481 0.823442 
2.7 0.3 -0.0640248 0.811531 
2.75 0.3 -0.101499 0.789796 
2.8 0.3 -0.134916 0.760169 
2.85 0.3 -0.163058 0.724941 
2.9 0.3 -0.18498 0.686375 
2.95 0.3 -0.200024 0.64643 
3 0.3 -0.207799 0.606669 
3.05 0.3 -0.208163 0.568278 
3.1 0.3 -0.201198 0.532159 
3.15 0.3 -0.187199 0.499045 
3.2 0.3 -0.166663 0.46959 
3.25 0.3 -0.140291 0.44442 
3.3 0.3 -0.108976 0.424146 
3.35 0.3 -0.0737955 0.409333 
3.4 0.3 -0.0359812 0.400445 
3.45 0.3 0.00312262 0.397784 
3.5 0.3 0.0421146 0.401445 
3.55 0.3 0.0795982 0.411299 
3.6 0.3 0.114244 0.427013 
3.65 0.3 0.144842 0.448103 
3.7 0.3 0.170344 0.473994 
3.75 0.3 0.189884 0.50407 
3.8 0.3 0.202797 0.537704 
3.85 0.3 0.208616 0.574234 
3.9 0.3 0.20708 0.612907 
3.95 0.3 0.19814 0.652784 
4 0.3 0.181978 0.692625 
4.05 0.3 0.159025 0.730806 
4.1 0.3 0.129986 0.765309 
4.15 0.3 0.0958474 0.793848 
4.2 0.3 0.0578691 0.81416 
4.25 0.3 0.0175377 0.824415 
4.3 0.3 -0.0235095 0.823615 
4.35 0.3 -0.0635883 0.811843 
4.4 0.3 -0.101078 0.790241 
4.45 0.3 -0.134522 0.76073 
4.5 0.3 -0.1627 0.7256 
4.55 0.3 -0.184669 0.687109 
4.6 0.3 -0.199767 0.647218 
4.65 0.3 -0.207605 0.607489 
4.7 0.3 -0.20804 0.569107 
4.75 0.3 -0.201156 0.532974 
4.8 0.3 -0.187243 0.49982 
4.85 0.3 -0.16679 0.470293 
4.9 0.3 -0.140474 0.445023 
4.95 0.3 -0.109146 0.424632 
5 0.3 -0.0738177 0.409731 
0 0.35 -0.126763 0.378364 
0.05 0.35 -0.0858021 0.361696 
0.1 0.35 -0.0416372 0.351596 
0.15 0.35 0.00409554 0.348536 
0.2 0.35 0.0497007 0.352668 
0.25 0.35 0.0935014 0.363803 
0.3 0.35 0.133915 0.381463 
0.35 0.35 0.169513 0.404961 
0.4 0.35 0.199072 0.433512 
0.45 0.35 0.221594 0.466318 
0.5 0.35 0.236323 0.502611 
0.55 0.35 0.242746 0.541641 
0.6 0.35 0.240593 0.582606 
0.65 0.35 0.229845 0.624536 
0.7 0.35 0.210746 0.66617 
0.75 0.35 0.183829 0.705858 
0.8 0.35 0.149936 0.741549 
0.85 0.35 0.110224 0.770929 
0.9 0.35 0.0661488 0.791717 
0.95 0.35 0.0194183 0.802078 
1 0.35 -0.0280979 0.801028 
1.05 0.35 -0.0744806 0.788668 
1.1 0.35 -0.117882 0.766165 
1.15 0.35 -0.156635 0.735465 
1.2 0.35 -0.189334 0.698885 
1.25 0.35 -0.21488 0.658707 
1.3 0.35 -0.232489 0.616914 
1.35 0.35 -0.241683 0.57508 
1.4 0.35 -0.242267 0.534403 
1.45 0.35 -0.234308 0.49581 
1.5 0.35 -0.218123 0.460087 
1.55 0.35 -0.19427 0.42798 
1.6 0.35 -0.163551 0.40026 
1.65 0.35 -0.127008 0.377723 
1.7 0.35 -0.0859022 0.361137 
1.75 0.35 -0.041688 0.351151 
1.8 0.35 0.00404223 0.348196 
1.85 0.35 0.0496257 0.352405 
1.9 0.35 0.0934063 0.363588 
1.95 0.35 0.133812 0.38127 
2 0.35 0.169418 0.404774 
2.05 0.35 0.199 0.433321 
2.1 0.35 0.22156 0.466116 
2.15 0.35 0.236336 0.502396 
2.2 0.35 0.242812 0.541412 
2.25 0.35 0.240716 0.582365 
2.3 0.35 0.230024 0.624288 
2.35 0.35 0.210979 0.665925 
2.4 0.35 0.184113 0.705629 
2.45 0.35 0.150262 0.741352 
2.5 0.35 0.110582 0.770783 
2.55 0.35 0.066528 0.79164 
2.6 0.35 0.0198047 0.802083 
2.65 0.35 -0.0277189 0.801118 
2.7 0.35 -0.0741231 0.788839 
2.75 0.35 -0.117559 0.766404 
2.8 0.35 -0.156359 0.735757 
2.85 0.35 -0.189114 0.699212 
2.9 0.35 -0.214722 0.659053 
2.95 0.35 -0.232399 0.617264 
3 0.35 -0.241664 0.575424 
3.05 0.35 -0.242318 0.534734 
3.1 0.35 -0.234428 0.496122 
3.15 0.35 -0.218307 0.460372 
3.2 0.35 -0.194513 0.428233 
3.25 0.35 -0.163847 0.400473 
3.3 0.35 -0.127345 0.377889 
3.35 0.35 -0.0862705 0.361251 
3.4 0.35 -0.0420741 0.351208 
3.45 0.35 0.00365211 0.348193 
3.5 0.35 0.0492455 0.352341 
3.55 0.35 0.0930498 0.363467 
3.6 0.35 0.133491 0.381098 
3.65 0.35 0.169146 0.404556 
3.7 0.35 0.198785 0.433063 
3.75 0.35 0.221409 0.465825 
3.8 0.35 0.236257 0.502078 
3.85 0.35 0.242808 0.541073 
3.9 0.35 0.240788 0.582012 
3.95 0.35 0.230174 0.623932 
4 0.35 0.211205 0.665579 
4.05 0.35 0.18441 0.705311 
4.1 0.35 0.150623 0.741086 
4.15 0.35 0.110997 0.770594 
4.2 0.35 0.0669853 0.791554 
4.25 0.35 0.0202905 0.80212 
4.3 0.35 -0.0272191 0.801292 
4.35 0.35 -0.0736238 0.78915 
4.4 0.35 -0.117073 0.766844 
4.45 0.35 -0.155896 0.736308 
4.5 0.35 -0.188682 0.699851 
4.55 0.35 -0.214325 0.659755 
4.6 0.35 -0.232038 0.618005 
4.65 0.35 -0.241337 0.576181 
4.7 0.35 -0.242022 0.535484 
4.75 0.35 -0.234157 0.496845 
4.8 0.35 -0.218049 0.461049 
4.85 0.35 -0.194249 0.428846 
4.9 0.35 -0.163542 0.401014 
4.95 0.35 -0.126941 0.378364 
5 0.35 -0.0856806 0.361696 
0 0.4 -0.14029 0.344745 
0.05 0.4 -0.0948146 0.326258 
0.1 0.4 -0.0457903 0.315006 
0.15 0.4 0.00497899 0.311617 
0.2 0.4 0.0556009 0.316293 
0.25 0.4 0.104193 0.328771 
0.3 0.4 0.148976 0.348388 
0.35 0.4 0.188351 0.374207 
0.4 0.4 0.220954 0.40518 
0.45 0.4 0.245689 0.440281 
0.5 0.4 0.261738 0.478573 
0.55 0.4 0.26856 0.519206 
0.6 0.4 0.26589 0.56134 
0.65 0.4 0.253744 0.604015 
0.7 0.4 0.232429 0.646012 
0.75 0.4 0.20256 0.685749 
0.8 0.4 0.165085 0.72127 
0.85 0.4 0.121285 0.750372 
0.9 0.4 0.0727547 0.770894 
0.95 0.4 0.0213508 0.781102 
1 0.4 -0.030903 0.780067 
1.05 0.4 -0.0819306 0.767886 
1.1 0.4 -0.12973 0.745656 
1.15 0.4 -0.172488 0.715221 
1.2 0.4 -0.208661 0.678775 
1.25 0.4 -0.23703 0.638492 
1.3 0.4 -0.256708 0.596265 
1.35 0.4 -0.267135 0.553603 
1.4 0.4 -0.26806 0.511668 
1.45 0.4 -0.259519 0.471386 
1.5 0.4 -0.241826 0.433589 
1.55 0.4 -0.215572 0.399139 
1.6 0.4 -0.181626 0.368986 
1.65 0.4 -0.141133 0.344166 
1.7 0.4 -0.0955007 0.325716 
1.75 0.4 -0.0463589 0.31453 
1.8 0.4 0.00449626 0.311208 
1.85 0.4 0.0551854 0.315938 
1.9 0.4 0.103837 0.328454 
1.95 0.4 0.14868 0.348094 
2 0.4 0.188119 0.373926 
2.05 0.4 0.22079 0.404907 
2.1 0.4 0.245597 0.44001 
2.15 0.4 0.261719 0.478302 
2.2 0.4 0.268615 0.518934 
2.25 0.4 0.266018 0.561068 
2.3 0.4 0.253941 0.603746 
2.35 0.4 0.232689 0.645754 
2.4 0.4 0.202877 0.685514 
2.45 0.4 0.165449 0.721072 
2.5 0.4 0.121684 0.750229 
2.55 0.4 0.0731762 0.770821 
2.6 0.4 0.0217792 0.78111 
2.65 0.4 -0.0304831 0.78016 
2.7 0.4 -0.0815348 0.768058 
2.75 0.4 -0.129373 0.745898 
2.8 0.4 -0.172182 0.715515 
2.85 0.4 -0.208417 0.679106 
2.9 0.4 -0.236854 0.638844 
2.95 0.4 -0.256607 0.596624 
3 0.4 -0.267112 0.553961 
3.05 0.4 -0.268115 0.512016 
3.1 0.4 -0.25965 0.471717 
3.15 0.4 -0.242029 0.433897 
3.2 0.4 -0.215842 0.399415 
3.25 0.4 -0.181954 0.369222 
3.3 0.4 -0.141508 0.344353 
3.35 0.4 -0.0959102 0.325845 
3.4 0.4 -0.0467885 0.314595 
3.45 0.4 0.00406214 0.311206 
3.5 0.4 0.0547627 0.315869 
3.55 0.4 0.103441 0.328322 
3.6 0.4 0.148325 0.347905 
3.65 0.4 0.187817 0.37369 
3.7 0.4 0.220553 0.404632 
3.75 0.4 0.245432 0.439704 
3.8 0.4 0.261633 0.477972 
3.85 0.4 0.268611 0.518588 
3.9 0.4 0.266099 0.560713 
3.95 0.4 0.254106 0.603392 
4 0.4 0.232935 0.645413 
4.05 0.4 0.203199 0.685204 
4.1 0.4 0.16584 0.720815 
4.15 0.4 0.122132 0.750048 
4.2 0.4 0.0736694 0.77074 
4.25 0.4 0.0223029 0.781147 
4.3 0.4 -0.0299438 0.780325 
4.35 0.4 -0.0809936 0.768352 
4.4 0.4 -0.128841 0.746308 
4.45 0.4 -0.171667 0.716024 
4.5 0.4 -0.207922 0.679687 
4.55 0.4 -0.236378 0.639472 
4.6 0.4 -0.256141 0.597273 
4.65 0.4 -0.266644 0.554606 
4.7 0.4 -0.267628 0.512636 
4.75 0.4 -0.259122 0.472295 
4.8 0.4 -0.241433 0.434421 
4.85 0.4 -0.215145 0.399881 
4.9 0.4 -0.181119 0.369639 
4.95 0.4 -0.140493 0.344745 
5 0.4 -0.0946771 0.326258 
0 0.45 -0.148874 0.31978 
0.05 0.45 -0.100497 0.299397 
0.1 0.45 -0.0483312 0.286931 
0.15 0.45 0.00570195 0.2832 
0.2 0.45 0.0595688 0.288463 
0.25 0.45 0.111239 0.302366 
0.3 0.45 0.158796 0.324021 
0.35 0.45 0.200522 0.352196 
0.4 0.45 0.234966 0.38553 
0.45 0.45 0.260975 0.422724 
0.5 0.45 0.277703 0.462643 
0.55 0.45 0.284612 0.504321 
0.6 0.45 0.28146 0.546876 
0.65 0.45 0.268305 0.589372 
0.7 0.45 0.24551 0.630675 
0.75 0.45 0.213758 0.66934 
0.8 0.45 0.17407 0.703597 
0.85 0.45 0.127803 0.731469 
0.9 0.45 0.0766303 0.751024 
0.95 0.45 0.0224808 0.760722 
1 0.45 -0.0325478 0.759739 
1.05 0.45 -0.0863075 0.74816 
1.1 0.45 -0.136723 0.726959 
1.15 0.45 -0.181906 0.697774 
1.2 0.45 -0.220236 0.662569 
1.25 0.45 -0.250416 0.623298 
1.3 0.45 -0.271487 0.581674 
1.35 0.45 -0.282824 0.539079 
1.4 0.45 -0.284117 0.496602 
1.45 0.45 -0.275364 0.455155 
1.5 0.45 -0.256858 0.415627 
1.55 0.45 -0.229191 0.37901 
1.6 0.45 -0.193263 0.346471 
1.65 0.45 -0.15028 0.319331 
1.7 0.45 -0.101741 0.298941 
1.75 0.45 -0.0494033 0.286489 
1.8 0.45 0.00479272 0.282779 
1.85 0.45 0.0588087 0.288061 
1.9 0.45 0.110616 0.30198 
1.95 0.45 0.1583 0.323649 
2 0.45 0.200145 0.351837 
2.05 0.45 0.234703 0.385185 
2.1 0.45 0.260818 0.422392 
2.15 0.45 0.277647 0.462324 
2.2 0.45 0.284651 0.504014 
2.25 0.45 0.281586 0.54658 
2.3 0.45 0.268511 0.589091 
2.35 0.45 0.245787 0.630414 
2.4 0.45 0.214097 0.669107 
2.45 0.45 0.174459 0.703406 
2.5 0.45 0.128229 0.731334 
2.55 0.45 0.0770785 0.750958 
2.6 0.45 0.0229358 0.760734 
2.65 0.45 -0.0321025 0.759832 
2.7 0.45 -0.0858879 0.74833 
2.75 0.45 -0.136344 0.727196 
2.8 0.45 -0.18158 0.698064 
2.85 0.45 -0.219975 0.662896 
2.9 0.45 -0.250228 0.623648 
2.95 0.45 -0.271378 0.582036 
3 0.45 -0.282796 0.539444 
3.05 0.45 -0.284173 0.496962 
3.1 0.45 -0.275501 0.455503 
3.15 0.45 -0.257073 0.415955 
3.2 0.45 -0.229477 0.379308 
3.25 0.45 -0.193611 0.34673 
3.3 0.45 -0.150679 0.319538 
3.35 0.45 -0.102178 0.299086 
3.4 0.45 -0.0498614 0.286563 
3.45 0.45 0.0043298 0.282778 
3.5 0.45 0.0583581 0.287985 
3.55 0.45 0.110195 0.301835 
3.6 0.45 0.157922 0.323444 
3.65 0.45 0.199826 0.351584 
3.7 0.45 0.234452 0.384894 
3.75 0.45 0.260645 0.422074 
3.8 0.45 0.277557 0.461988 
3.85 0.45 0.284647 0.503667 
3.9 0.45 0.281672 0.54623 
3.95 0.45 0.268684 0.588747 
4 0.45 0.246044 0.630087 
4.05 0.45 0.214432 0.668815 
4.1 0.45 0.174863 0.703166 
4.15 0.45 0.128692 0.731167 
4.2 0.45 0.0775864 0.750884 
4.25 0.45 0.0234744 0.760769 
4.3 0.45 -0.0315472 0.759981 
4.35 0.45 -0.0853284 0.748591 
4.4 0.45 -0.13579 0.727556 
4.45 0.45 -0.181035 0.698504 
4.5 0.45 -0.219437 0.663391 
4.55 0.45 -0.249689 0.624169 
4.6 0.45 -0.270821 0.582556 
4.65 0.45 -0.282199 0.539939 
4.7 0.45 -0.283504 0.497411 
4.75 0.45 -0.274726 0.455892 
4.8 0.45 -0.256151 0.416278 
4.85 0.45 -0.228368 0.379575 
4.9 0.45 -0.192276 0.346963 
4.95 0.45 -0.149093 0.31978 
5 0.45 -0.100349 0.299397 
0 0.5 -0.152069 0.299758 
0.05 0.5 -0.102564 0.277508 
0.1 0.5 -0.0491489 0.263842 
0.15 0.5 0.00619282 0.259778 
0.2 0.5 0.0613532 0.265635 
0.25 0.5 0.114223 0.280959 
0.3 0.5 0.162811 0.304627 
0.35 0.5 0.205347 0.335089 
0.4 0.5 0.240345 0.370655 
0.45 0.5 0.26664 0.409743 
0.5 0.5 0.283396 0.451002 
0.55 0.5 0.290101 0.493339 
0.6 0.5 0.28655 0.535822 
0.65 0.5 0.272847 0.577546 
0.7 0.5 0.249399 0.617478 
0.75 0.5 0.216935 0.654352 
0.8 0.5 0.176512 0.686644 
0.85 0.5 0.129511 0.712674 
0.9 0.5 0.0776186 0.730814 
0.95 0.5 0.0227634 0.739774 
1 0.5 -0.032966 0.738866 
1.05 0.5 -0.0874333 0.728161 
1.1 0.5 -0.138571 0.708471 
1.15 0.5 -0.184488 0.681172 
1.2 0.5 -0.223549 0.647917 
1.25 0.5 -0.254431 0.610373 
1.3 0.5 -0.276133 0.570016 
1.35 0.5 -0.287986 0.528065 
1.4 0.5 -0.289634 0.485519 
1.45 0.5 -0.281028 0.443277 
1.5 0.5 -0.262425 0.402288 
1.55 0.5 -0.234392 0.363691 
1.6 0.5 -0.197822 0.328885 
1.65 0.5 -0.153936 0.299488 
1.7 0.5 -0.104273 0.277187 
1.75 0.5 -0.0506485 0.263478 
1.8 0.5 0.00491472 0.25938 
1.85 0.5 0.0602899 0.265213 
1.9 0.5 0.11336 0.280524 
1.95 0.5 0.162134 0.30419 
2 0.5 0.204839 0.334662 
2.05 0.5 0.239989 0.370246 
2.1 0.5 0.266423 0.409357 
2.15 0.5 0.283304 0.450641 
2.2 0.5 0.29012 0.493002 
2.25 0.5 0.286669 0.53551 
2.3 0.5 0.273054 0.577259 
2.35 0.5 0.249682 0.617219 
2.4 0.5 0.217283 0.654128 
2.45 0.5 0.17691 0.686465 
2.5 0.5 0.129947 0.712551 
2.55 0.5 0.0780768 0.730758 
2.6 0.5 0.0232278 0.739792 
2.65 0.5 -0.0325119 0.738959 
2.7 0.5 -0.0870055 0.728325 
2.75 0.5 -0.138184 0.708699 
2.8 0.5 -0.184155 0.681451 
2.85 0.5 -0.223282 0.648235 
2.9 0.5 -0.254237 0.610716 
2.95 0.5 -0.27602 0.570376 
3 0.5 -0.287956 0.528433 
3.05 0.5 -0.289688 0.485888 
3.1 0.5 -0.281166 0.443639 
3.15 0.5 -0.262643 0.402634 
3.2 0.5 -0.234683 0.364012 
3.25 0.5 -0.198178 0.329166 
3.3 0.5 -0.154344 0.299716 
3.35 0.5 -0.10472 0.277348 
3.4 0.5 -0.0511184 0.26356 
3.45 0.5 0.00443982 0.259379 
3.5 0.5 0.059828 0.265129 
3.55 0.5 0.112929 0.280365 
3.6 0.5 0.161748 0.303968 
3.65 0.5 0.204513 0.33439 
3.7 0.5 0.239734 0.36994 
3.75 0.5 0.266247 0.409028 
3.8 0.5 0.283213 0.4503 
3.85 0.5 0.290118 0.492657 
3.9 0.5 0.286756 0.535169 
3.95 0.5 0.273228 0.57693 
4 0.5 0.249939 0.616913 
4.05 0.5 0.217617 0.653857 
4.1 0.5 0.177312 0.686246 
4.15 0.5 0.130405 0.712401 
4.2 0.5 0.078578 0.730691 
4.25 0.5 0.0237585 0.739819 
4.3 0.5 -0.0319645 0.739084 
4.35 0.5 -0.0864521 0.728543 
4.4 0.5 -0.137631 0.708995 
4.45 0.5 -0.183604 0.681804 
4.5 0.5 -0.222725 0.648621 
4.55 0.5 -0.253659 0.611107 
4.6 0.5 -0.275398 0.570742 
4.65 0.5 -0.287257 0.52875 
4.7 0.5 -0.288873 0.486135 
4.75 0.5 -0.280187 0.443804 
4.8 0.5 -0.261451 0.402719 
4.85 0.5 -0.233232 0.364035 
4.9 0.5 -0.196432 0.329168 
4.95 0.5 -0.152296 0.299758 
5 0.5 -0.10241 0.277508 
0 0.55 -0.149677 0.281645 
0.05 0.55 -0.100887 0.257778 
0.1 0.55 -0.0482036 0.24307 
0.15 0.55 0.00639967 0.238723 
0.2 0.55 0.0608125 0.245114 
0.25 0.55 0.112922 0.26169 
0.3 0.55 0.160739 0.287111 
0.35 0.55 0.202502 0.319534 
0.4 0.55 0.236749 0.35697 
0.45 0.55 0.262348 0.397572 
0.5 0.55 0.278506 0.439793 
0.55 0.55 0.284757 0.482413 
0.6 0.55 0.280942 0.524452 
0.65 0.55 0.267203 0.565026 
0.7 0.55 0.243982 0.603208 
0.75 0.55 0.212021 0.637918 
0.8 0.55 0.172373 0.667904 
0.85 0.55 0.126393 0.691806 
0.9 0.55 0.0757155 0.708328 
0.95 0.55 0.0221983 0.716448 
1 0.55 -0.0321561 0.715626 
1.05 0.55 -0.0853015 0.705916 
1.1 0.55 -0.135254 0.687959 
1.15 0.55 -0.180191 0.662842 
1.2 0.55 -0.218524 0.631888 
1.25 0.55 -0.248951 0.596444 
1.3 0.55 -0.270472 0.557735 
1.35 0.55 -0.282397 0.516805 
1.4 0.55 -0.284337 0.474564 
1.45 0.55 -0.276202 0.4319 
1.5 0.55 -0.258198 0.38983 
1.55 0.55 -0.230849 0.349632 
1.6 0.55 -0.195005 0.312918 
1.65 0.55 -0.151855 0.281582 
1.7 0.55 -0.102919 0.257617 
1.75 0.55 -0.0500071 0.242806 
1.8 0.55 0.00485361 0.238367 
1.85 0.55 0.0595253 0.244684 
1.9 0.55 0.111881 0.261215 
1.95 0.55 0.159924 0.286616 
2 0.55 0.201893 0.319043 
2.05 0.55 0.236322 0.356502 
2.1 0.55 0.262083 0.397136 
2.15 0.55 0.278384 0.439395 
2.2 0.55 0.284758 0.482052 
2.25 0.55 0.28105 0.524127 
2.3 0.55 0.267404 0.564737 
2.35 0.55 0.244261 0.602956 
2.4 0.55 0.212365 0.637708 
2.45 0.55 0.172767 0.667741 
2.5 0.55 0.126823 0.691699 
2.55 0.55 0.0761666 0.708284 
2.6 0.55 0.0226546 0.716472 
2.65 0.55 -0.0317104 0.715718 
2.7 0.55 -0.0848817 0.706074 
2.75 0.55 -0.134875 0.688176 
2.8 0.55 -0.179864 0.663108 
2.85 0.55 -0.218261 0.632193 
2.9 0.55 -0.248759 0.596778 
2.95 0.55 -0.270358 0.55809 
3 0.55 -0.282365 0.517173 
3.05 0.55 -0.284388 0.474938 
3.1 0.55 -0.276335 0.432273 
3.15 0.55 -0.25841 0.390192 
3.2 0.55 -0.231134 0.349971 
3.25 0.55 -0.195354 0.313218 
3.3 0.55 -0.152257 0.281827 
3.35 0.55 -0.10336 0.257791 
3.4 0.55 -0.0504713 0.242896 
3.45 0.55 0.00438443 0.238366 
3.5 0.55 0.0590691 0.244594 
3.55 0.55 0.111455 0.261044 
3.6 0.55 0.159545 0.286379 
3.65 0.55 0.201573 0.318757 
3.7 0.55 0.236073 0.356183 
3.75 0.55 0.261912 0.396799 
3.8 0.55 0.278296 0.439051 
3.85 0.55 0.284756 0.481712 
3.9 0.55 0.281134 0.523797 
3.95 0.55 0.267572 0.564425 
4 0.55 0.244509 0.60267 
4.05 0.55 0.212684 0.63746 
4.1 0.55 0.17315 0.667543 
4.15 0.55 0.127258 0.691563 
4.2 0.55 0.0766412 0.70822 
4.25 0.55 0.0231563 0.716487 
4.3 0.55 -0.0311932 0.715812 
4.35 0.55 -0.0843575 0.70624 
4.4 0.55 -0.134347 0.688398 
4.45 0.55 -0.179331 0.663365 
4.5 0.55 -0.217711 0.632458 
4.55 0.55 -0.248173 0.597025 
4.6 0.55 -0.269706 0.558288 
4.65 0.55 -0.281608 0.517297 
4.7 0.55 -0.28348 0.474967 
4.75 0.55 -0.275221 0.432198 
4.8 0.55 -0.257038 0.390018 
4.85 0.55 -0.229453 0.349729 
4.9 0.55 -0.193334 0.312964 
4.95 0.55 -0.149902 0.281645 
5 0.55 -0.100735 0.257778 
0 0.6 -0.141751 0.263131 
0.05 0.6 -0.0955078 0.238186 
0.1 0.6 -0.0455275 0.222777 
0.15 0.6 0.0062942 0.218251 
0.2 0.6 0.0579243 0.225024 
0.25 0.6 0.107327 0.242469 
0.3 0.6 0.152589 0.269076 
0.35 0.6 0.192031 0.30278 
0.4 0.6 0.224266 0.341365 
0.45 0.6 0.24824 0.382785 
0.5 0.6 0.263229 0.425345 
0.55 0.6 0.268827 0.467724 
0.6 0.6 0.264925 0.508897 
0.65 0.6 0.251695 0.548004 
0.7 0.6 0.229588 0.584208 
0.75 0.6 0.199331 0.616606 
0.8 0.6 0.16193 0.644197 
0.85 0.6 0.118663 0.665928 
0.9 0.6 0.0710541 0.680815 
0.95 0.6 0.0208255 0.688092 
1 0.6 -0.030175 0.687355 
1.05 0.6 -0.0800607 0.678646 
1.1 0.6 -0.127 0.662442 
1.15 0.6 -0.169301 0.639558 
1.2 0.6 -0.20548 0.611003 
1.25 0.6 -0.234306 0.577824 
1.3 0.6 -0.25482 0.541005 
1.35 0.6 -0.266342 0.501432 
1.4 0.6 -0.268469 0.459934 
1.45 0.6 -0.261075 0.417394 
1.5 0.6 -0.244316 0.374882 
1.55 0.6 -0.218653 0.333788 
1.6 0.6 -0.184863 0.295884 
1.65 0.6 -0.144061 0.263275 
1.7 0.6 -0.0976891 0.238186 
1.75 0.6 -0.0474813 0.222618 
1.8 0.6 0.00460945 0.217943 
1.85 0.6 0.0565174 0.224596 
1.9 0.6 0.106188 0.241962 
1.95 0.6 0.1517 0.268531 
2 0.6 0.191366 0.302234 
2.05 0.6 0.223801 0.340845 
2.1 0.6 0.247948 0.382307 
2.15 0.6 0.263088 0.424915 
2.2 0.6 0.268814 0.467343 
2.25 0.6 0.265021 0.508565 
2.3 0.6 0.251884 0.547717 
2.35 0.6 0.229853 0.583966 
2.4 0.6 0.199658 0.61641 
2.45 0.6 0.162304 0.644051 
2.5 0.6 0.119071 0.665837 
2.55 0.6 0.071481 0.680784 
2.6 0.6 0.0212566 0.688122 
2.65 0.6 -0.0297543 0.687448 
2.7 0.6 -0.0796646 0.678798 
2.75 0.6 -0.126641 0.662648 
2.8 0.6 -0.168992 0.639811 
2.85 0.6 -0.205231 0.611295 
2.9 0.6 -0.234124 0.578147 
2.95 0.6 -0.254711 0.541352 
3 0.6 -0.26631 0.501796 
3.05 0.6 -0.268515 0.46031 
3.1 0.6 -0.261199 0.417773 
3.15 0.6 -0.244515 0.375254 
3.2 0.6 -0.218922 0.334138 
3.25 0.6 -0.185194 0.296197 
3.3 0.6 -0.144443 0.263533 
3.35 0.6 -0.0981083 0.23837 
3.4 0.6 -0.0479223 0.222713 
3.45 0.6 0.00416371 0.217942 
3.5 0.6 0.0560843 0.224501 
3.55 0.6 0.105784 0.241783 
3.6 0.6 0.151341 0.268284 
3.65 0.6 0.191064 0.301938 
3.7 0.6 0.223565 0.340519 
3.75 0.6 0.247787 0.381967 
3.8 0.6 0.263006 0.424574 
3.85 0.6 0.268813 0.46701 
3.9 0.6 0.2651 0.508247 
3.95 0.6 0.25204 0.547422 
4 0.6 0.230082 0.583701 
4.05 0.6 0.199952 0.616184 
4.1 0.6 0.162655 0.643871 
4.15 0.6 0.119467 0.665712 
4.2 0.6 0.0719122 0.680719 
4.25 0.6 0.021711 0.688121 
4.3 0.6 -0.0292865 0.687507 
4.35 0.6 -0.0791899 0.678908 
4.4 0.6 -0.126161 0.662792 
4.45 0.6 -0.168501 0.639967 
4.5 0.6 -0.204716 0.611437 
4.55 0.6 -0.233563 0.578248 
4.6 0.6 -0.25407 0.541382 
4.65 0.6 -0.265547 0.501729 
4.7 0.6 -0.26758 0.460125 
4.75 0.6 -0.260036 0.417462 
4.8 0.6 -0.24307 0.37483 
4.85 0.6 -0.217146 0.33364 
4.9 0.6 -0.183061 0.295696 
4.95 0.6 -0.141965 0.263131 
5 0.6 -0.0953635 0.238186 
0 0.65 -0.128628 0.24254 
0.05 0.65 -0.0866497 0.217348 
0.1 0.65 -0.0412335 0.201765 
0.15 0.65 0.00587466 0.197214 
0.2 0.65 0.0527985 0.204127 
0.25 0.65 0.0976595 0.221839 
0.3 0.65 0.1387 0.248745 
0.35 0.65 0.174381 0.282668 
0.4 0.65 0.203449 0.321279 
0.45 0.65 0.224963 0.362434 
0.5 0.65 0.238291 0.404362 
0.55 0.65 0.243096 0.445693 
0.6 0.65 0.239314 0.485382 
0.65 0.65 0.227132 0.522591 
0.7 0.65 0.206987 0.556563 
0.75 0.65 0.179557 0.586542 
0.8 0.65 0.145762 0.61174 
0.85 0.65 0.106755 0.631365 
0.9 0.65 0.0638984 0.644693 
0.95 0.65 0.018723 0.651174 
1 0.65 -0.0271351 0.650518 
1.05 0.65 -0.072007 0.642755 
1.1 0.65 -0.11427 0.628227 
1.15 0.65 -0.152419 0.60752 
1.2 0.65 -0.185126 0.581378 
1.25 0.65 -0.211277 0.550595 
1.3 0.65 -0.229992 0.515952 
1.35 0.65 -0.240634 0.4782 
1.4 0.65 -0.242808 0.438102 
1.45 0.65 -0.236366 0.396526 
1.5 0.65 -0.221416 0.354569 
1.55 0.65 -0.198344 0.313677 
1.6 0.65 -0.167833 0.275705 
1.65 0.65 -0.130881 0.242862 
1.7 0.65 -0.0887972 0.217489 
1.75 0.65 -0.0431729 0.201702 
1.8 0.65 0.00419199 0.196955 
1.85 0.65 0.0513879 0.20371 
1.9 0.65 0.0965159 0.221314 
1.95 0.65 0.137806 0.248168 
2 0.65 0.173714 0.282085 
2.05 0.65 0.202982 0.320723 
2.1 0.65 0.224669 0.361927 
2.15 0.65 0.238145 0.403913 
2.2 0.65 0.243076 0.445302 
2.25 0.65 0.239398 0.485048 
2.3 0.65 0.227303 0.52231 
2.35 0.65 0.207229 0.556334 
2.4 0.65 0.179855 0.586363 
2.45 0.65 0.146103 0.611613 
2.5 0.65 0.107125 0.63129 
2.55 0.65 0.0642855 0.644674 
2.6 0.65 0.0191133 0.65121 
2.65 0.65 -0.0267547 0.65061 
2.7 0.65 -0.071649 0.642901 
2.75 0.65 -0.113946 0.628422 
2.8 0.65 -0.15214 0.60776 
2.85 0.65 -0.1849 0.581655 
2.9 0.65 -0.211111 0.550904 
2.95 0.65 -0.229892 0.516287 
3 0.65 -0.240603 0.478556 
3.05 0.65 -0.242848 0.438472 
3.1 0.65 -0.236476 0.396901 
3.15 0.65 -0.221595 0.35494 
3.2 0.65 -0.198587 0.314029 
3.25 0.65 -0.168133 0.276021 
3.3 0.65 -0.131227 0.243122 
3.35 0.65 -0.0891782 0.217675 
3.4 0.65 -0.043574 0.201798 
3.45 0.65 0.00378651 0.196954 
3.5 0.65 0.0509941 0.203613 
3.55 0.65 0.0961492 0.221133 
3.6 0.65 0.13748 0.247919 
3.65 0.65 0.173441 0.281788 
3.7 0.65 0.20277 0.320399 
3.75 0.65 0.224525 0.361591 
3.8 0.65 0.238072 0.403579 
3.85 0.65 0.243075 0.44498 
3.9 0.65 0.239468 0.484746 
3.95 0.65 0.227442 0.522034 
4 0.65 0.207431 0.556088 
4.05 0.65 0.180114 0.586155 
4.1 0.65 0.14641 0.611447 
4.15 0.65 0.107471 0.631172 
4.2 0.65 0.0646597 0.644606 
4.25 0.65 0.0195061 0.651191 
4.3 0.65 -0.0263513 0.650634 
4.35 0.65 -0.0712399 0.642956 
4.4 0.65 -0.113531 0.628491 
4.45 0.65 -0.151712 0.607822 
4.5 0.65 -0.184445 0.581685 
4.55 0.65 -0.210605 0.550873 
4.6 0.65 -0.229301 0.516166 
4.65 0.65 -0.239886 0.478319 
4.7 0.65 -0.241954 0.4381 
4.75 0.65 -0.235353 0.39639 
4.8 0.65 -0.220189 0.354305 
4.85 0.65 -0.196856 0.313318 
4.9 0.65 -0.166056 0.275317 
4.95 0.65 -0.128821 0.24254 
5 0.65 -0.0865201 0.217348 
0 0.7 -0.110964 0.218725 
0.05 0.7 -0.074749 0.194359 
0.1 0.7 -0.0355285 0.17928 
0.15 0.7 0.00516806 0.174897 
0.2 0.7 0.0456957 0.181636 
0.25 0.7 0.0844093 0.198829 
0.3 0.7 0.119774 0.224882 
0.35 0.7 0.150455 0.257637 
0.4 0.7 0.175374 0.294788 
0.45 0.7 0.193732 0.334219 
0.5 0.7 0.205007 0.374177 
0.55 0.7 0.208935 0.413311 
0.6 0.7 0.205485 0.450594 
0.65 0.7 0.194847 0.485224 
0.7 0.7 0.177415 0.516518 
0.75 0.7 0.153789 0.543838 
0.8 0.7 0.124764 0.566563 
0.85 0.7 0.091331 0.584099 
0.9 0.7 0.0546476 0.595924 
0.95 0.7 0.0160085 0.601647 
1 0.7 -0.0232059 0.601069 
1.05 0.7 -0.0615892 0.594208 
1.1 0.7 -0.097772 0.581302 
1.15 0.7 -0.13048 0.562769 
1.2 0.7 -0.158582 0.539147 
1.25 0.7 -0.181121 0.511036 
1.3 0.7 -0.197333 0.479058 
1.35 0.7 -0.206652 0.443854 
1.4 0.7 -0.208717 0.406123 
1.45 0.7 -0.203374 0.3667 
1.5 0.7 -0.190689 0.326666 
1.55 0.7 -0.17097 0.287452 
1.6 0.7 -0.144783 0.250891 
1.65 0.7 -0.11298 0.219168 
1.7 0.7 -0.0766902 0.194603 
1.75 0.7 -0.0372976 0.179293 
1.8 0.7 0.00362211 0.174687 
1.85 0.7 0.0443934 0.181242 
1.9 0.7 0.0833509 0.19831 
1.95 0.7 0.118947 0.2243 
2 0.7 0.149838 0.257044 
2.05 0.7 0.174942 0.294224 
2.1 0.7 0.19346 0.333706 
2.15 0.7 0.204871 0.373727 
2.2 0.7 0.208913 0.412925 
2.25 0.7 0.205557 0.45027 
2.3 0.7 0.194996 0.484958 
2.35 0.7 0.177626 0.516306 
2.4 0.7 0.154048 0.543678 
2.45 0.7 0.12506 0.566453 
2.5 0.7 0.0916513 0.58404 
2.55 0.7 0.0549813 0.595915 
2.6 0.7 0.0163443 0.601689 
2.65 0.7 -0.0228791 0.60116 
2.7 0.7 -0.0612818 0.594347 
2.75 0.7 -0.0974938 0.581485 
2.8 0.7 -0.13024 0.562993 
2.85 0.7 -0.158387 0.539406 
2.9 0.7 -0.180978 0.511326 
2.95 0.7 -0.197246 0.479374 
3 0.7 -0.206624 0.444192 
3.05 0.7 -0.20875 0.406475 
3.1 0.7 -0.203468 0.36706 
3.15 0.7 -0.190843 0.327023 
3.2 0.7 -0.171178 0.287792 
3.25 0.7 -0.145041 0.251197 
3.3 0.7 -0.113279 0.219421 
3.35 0.7 -0.0770192 0.194784 
3.4 0.7 -0.0376442 0.179387 
3.45 0.7 0.00327168 0.174686 
3.5 0.7 0.0440533 0.181148 
3.55 0.7 0.0830344 0.198135 
3.6 0.7 0.118666 0.224059 
3.65 0.7 0.149603 0.256759 
3.7 0.7 0.17476 0.293912 
3.75 0.7 0.193337 0.333385 
3.8 0.7 0.204809 0.373411 
3.85 0.7 0.208912 0.412622 
3.9 0.7 0.205617 0.449988 
3.95 0.7 0.195113 0.484702 
4 0.7 0.177796 0.516081 
4.05 0.7 0.154264 0.543488 
4.1 0.7 0.125315 0.566301 
4.15 0.7 0.0919375 0.583928 
4.2 0.7 0.0552894 0.595842 
4.25 0.7 0.0166661 0.601652 
4.3 0.7 -0.02255 0.601151 
4.35 0.7 -0.0609488 0.594353 
4.4 0.7 -0.0971556 0.581491 
4.45 0.7 -0.129889 0.562976 
4.5 0.7 -0.15801 0.539343 
4.55 0.7 -0.180552 0.511189 
4.6 0.7 -0.196739 0.479136 
4.65 0.7 -0.205998 0.443828 
4.7 0.7 -0.207959 0.40597 
4.75 0.7 -0.202464 0.36641 
4.8 0.7 -0.18958 0.326249 
4.85 0.7 -0.169622 0.286946 
4.9 0.7 -0.143176 0.250367 
4.95 0.7 -0.111123 0.218725 
5 0.7 -0.0746417 0.194359 
0 0.75 -0.0897831 0.191013 
0.05 0.75 -0.0604881 0.16868 
0.1 0.75 -0.0287306 0.154862 
0.15 0.75 0.00423122 0.150862 
0.2 0.75 0.0370465 0.157069 
0.25 0.75 0.0683662 0.172862 
0.3 0.75 0.0969363 0.196762 
0.35 0.75 0.121672 0.226768 
0.4 0.75 0.141705 0.260746 
0.45 0.75 0.156401 0.296734 
0.5 0.75 0.165356 0.333105 
0.55 0.75 0.168374 0.368596 
0.6 0.75 0.165453 0.402252 
0.65 0.75 0.156761 0.433333 
0.7 0.75 0.142632 0.461232 
0.75 0.75 0.123558 0.485412 
0.8 0.75 0.100186 0.505381 
0.85 0.75 0.0733081 0.52069 
0.9 0.75 0.043851 0.53096 
0.95 0.75 0.0128431 0.535914 
1 0.75 -0.0186208 0.535413 
1.05 0.75 -0.0494261 0.529471 
1.1 0.75 -0.0784862 0.518252 
1.15 0.75 -0.104788 0.502054 
1.2 0.75 -0.127427 0.481268 
1.25 0.75 -0.145633 0.456351 
1.3 0.75 -0.158785 0.427803 
1.35 0.75 -0.166418 0.396167 
1.4 0.75 -0.168224 0.362071 
1.45 0.75 -0.16406 0.326287 
1.5 0.75 -0.153959 0.289824 
1.55 0.75 -0.138151 0.254016 
1.6 0.75 -0.117077 0.220569 
1.65 0.75 -0.0914166 0.191505 
1.7 0.75 -0.0620821 0.168977 
1.75 0.75 -0.0302016 0.154927 
1.8 0.75 0.00293341 0.150699 
1.85 0.75 0.0359465 0.156716 
1.9 0.75 0.0674696 0.172379 
1.95 0.75 0.0962351 0.19621 
2 0.75 0.12115 0.226203 
2.05 0.75 0.141341 0.260207 
2.1 0.75 0.156174 0.296246 
2.15 0.75 0.165243 0.332678 
2.2 0.75 0.168356 0.368234 
2.25 0.75 0.165512 0.401951 
2.3 0.75 0.156884 0.43309 
2.35 0.75 0.142805 0.461042 
2.4 0.75 0.12377 0.485273 
2.45 0.75 0.100426 0.505289 
2.5 0.75 0.0735677 0.520644 
2.55 0.75 0.0441207 0.530959 
2.6 0.75 0.0131139 0.535958 
2.65 0.75 -0.0183575 0.535501 
2.7 0.75 -0.0491786 0.529599 
2.75 0.75 -0.0782622 0.51842 
2.8 0.75 -0.104594 0.502257 
2.85 0.75 -0.127269 0.481503 
2.9 0.75 -0.145517 0.456615 
2.95 0.75 -0.158714 0.428091 
3 0.75 -0.166395 0.396476 
3.05 0.75 -0.168249 0.362394 
3.1 0.75 -0.164135 0.326617 
3.15 0.75 -0.154082 0.290151 
3.2 0.75 -0.138318 0.254328 
3.25 0.75 -0.117285 0.22085 
3.3 0.75 -0.0916582 0.191738 
3.35 0.75 -0.0623484 0.169143 
3.4 0.75 -0.0304823 0.155013 
3.45 0.75 0.00264958 0.150698 
3.5 0.75 0.0356711 0.15663 
3.55 0.75 0.0672137 0.172217 
3.6 0.75 0.0960084 0.19599 
3.65 0.75 0.12096 0.225941 
3.7 0.75 0.141195 0.259923 
3.75 0.75 0.156074 0.295954 
3.8 0.75 0.165193 0.332391 
3.85 0.75 0.168355 0.36796 
3.9 0.75 0.16556 0.401697 
3.95 0.75 0.156976 0.432861 
4 0.75 0.142939 0.460841 
4.05 0.75 0.12394 0.485103 
4.1 0.75 0.100625 0.505152 
4.15 0.75 0.0737899 0.520539 
4.2 0.75 0.0443584 0.530884 
4.25 0.75 0.0133607 0.535908 
4.3 0.75 -0.0181066 0.535467 
4.35 0.75 -0.048926 0.529571 
4.4 0.75 -0.0780063 0.518379 
4.45 0.75 -0.104328 0.502185 
4.5 0.75 -0.126981 0.481378 
4.55 0.75 -0.145186 0.456411 
4.6 0.75 -0.158315 0.427783 
4.65 0.75 -0.165893 0.396044 
4.7 0.75 -0.167607 0.361825 
4.75 0.75 -0.163313 0.325911 
4.8 0.75 -0.153044 0.289332 
4.85 0.75 -0.137038 0.253447 
4.9 0.75 -0.115755 0.219991 
4.95 0.75 -0.0898972 0.191013 
5 0.75 -0.060411 0.16868 
0 0.8 -0.0665353 0.159184 
0.05 0.8 -0.0448334 0.140067 
0.1 0.8 -0.0212884 0.12825 
0.15 0.8 0.00315041 0.12484 
0.2 0.8 0.0274699 0.130166 
0.25 0.8 0.0506603 0.143695 
0.3 0.8 0.0717852 0.164161 
0.35 0.8 0.0900392 0.18985 
0.4 0.8 0.104783 0.218934 
0.45 0.8 0.115557 0.249722 
0.5 0.8 0.122074 0.280809 
0.55 0.8 0.124204 0.311095 
0.6 0.8 0.121957 0.339748 
0.65 0.8 0.115471 0.366125 
0.7 0.8 0.104999 0.389709 
0.75 0.8 0.09091 0.410062 
0.8 0.8 0.0736814 0.426795 
0.85 0.8 0.0538966 0.439571 
0.9 0.8 0.0322322 0.448114 
0.95 0.8 0.00943866 0.452227 
1 0.8 -0.0136869 0.451811 
1.05 0.8 -0.0363331 0.446877 
1.1 0.8 -0.0577086 0.437539 
1.15 0.8 -0.0770738 0.42401 
1.2 0.8 -0.0937671 0.406577 
1.25 0.8 -0.107222 0.385586 
1.3 0.8 -0.116979 0.361432 
1.35 0.8 -0.122687 0.334565 
1.4 0.8 -0.124111 0.305521 
1.45 0.8 -0.121134 0.274971 
1.5 0.8 -0.113766 0.243797 
1.55 0.8 -0.102163 0.213158 
1.6 0.8 -0.0866397 0.184528 
1.65 0.8 -0.0676906 0.15965 
1.7 0.8 -0.0459903 0.140365 
1.75 0.8 -0.0223795 0.12834 
1.8 0.8 0.00217391 0.124721 
1.85 0.8 0.0266357 0.129871 
1.9 0.8 0.0499781 0.143278 
1.95 0.8 0.0712518 0.163678 
2 0.8 0.0896431 0.189352 
2.05 0.8 0.104509 0.218457 
2.1 0.8 0.115387 0.24929 
2.15 0.8 0.121991 0.280433 
2.2 0.8 0.124192 0.310778 
2.25 0.8 0.122004 0.339487 
2.3 0.8 0.115564 0.365916 
2.35 0.8 0.105129 0.389549 
2.4 0.8 0.0910684 0.409946 
2.45 0.8 0.0738604 0.426722 
2.5 0.8 0.0540892 0.439538 
2.55 0.8 0.0324317 0.448119 
2.6 0.8 0.00963859 0.452269 
2.65 0.8 -0.0134928 0.451889 
2.7 0.8 -0.0361508 0.446989 
2.75 0.8 -0.0575436 0.437684 
2.8 0.8 -0.0769311 0.424185 
2.85 0.8 -0.093651 0.406779 
2.9 0.8 -0.107136 0.385813 
2.95 0.8 -0.116926 0.36168 
3 0.8 -0.122669 0.33483 
3.05 0.8 -0.12413 0.305798 
3.1 0.8 -0.121189 0.275254 
3.15 0.8 -0.113857 0.244078 
3.2 0.8 -0.102286 0.213426 
3.25 0.8 -0.0867933 0.18477 
3.3 0.8 -0.0678693 0.159849 
3.35 0.8 -0.0461875 0.140508 
3.4 0.8 -0.0225875 0.128414 
3.45 0.8 0.00196358 0.12472 
3.5 0.8 0.0264317 0.129798 
3.55 0.8 0.0497888 0.14314 
3.6 0.8 0.0710844 0.163489 
3.65 0.8 0.0895034 0.189128 
3.7 0.8 0.104401 0.218214 
3.75 0.8 0.115314 0.249041 
3.8 0.8 0.121954 0.280188 
3.85 0.8 0.124192 0.310544 
3.9 0.8 0.122038 0.339271 
3.95 0.8 0.115632 0.365722 
4 0.8 0.105226 0.389379 
4.05 0.8 0.0911905 0.409802 
4.1 0.8 0.0740031 0.426603 
4.15 0.8 0.0542473 0.439444 
4.2 0.8 0.0325998 0.448047 
4.25 0.8 0.00981169 0.452214 
4.3 0.8 -0.0133183 0.451844 
4.35 0.8 -0.0359764 0.446941 
4.4 0.8 -0.057368 0.437619 
4.45 0.8 -0.076749 0.424087 
4.5 0.8 -0.0934524 0.406628 
4.55 0.8 -0.106906 0.385587 
4.6 0.8 -0.116643 0.361359 
4.65 0.8 -0.122308 0.334397 
4.7 0.8 -0.123662 0.305244 
4.75 0.8 -0.120584 0.274582 
4.8 0.8 -0.11309 0.243311 
4.85 0.8 -0.101343 0.212613 
4.9 0.8 -0.0856727 0.183983 
4.95 0.8 -0.0665926 0.159184 
5 0.8 -0.0447945 0.140067 
0 0.85 -0.0431523 0.123444 
0.05 0.85 -0.0290748 0.10853 
0.1 0.85 -0.0138028 0.0993247 
0.15 0.85 0.0020393 0.0966755 
0.2 0.85 0.0177923 0.100831 
0.25 0.85 0.0327987 0.11138 
0.3 0.85 0.0464489 0.127344 
0.35 0.85 0.0582211 0.147398 
0.4 0.85 0.067705 0.170121 
0.45 0.85 0.0746093 0.194192 
0.5 0.85 0.0787572 0.218502 
0.55 0.85 0.0800739 0.24218 
0.6 0.85 0.078574 0.264561 
0.65 0.85 0.0743519 0.285133 
0.7 0.85 0.0675756 0.303489 
0.75 0.85 0.058484 0.319291 
0.8 0.85 0.0473851 0.332251 
0.85 0.85 0.034653 0.342122 
0.9 0.85 0.0207205 0.348711 
0.95 0.85 0.00606692 0.351879 
1 0.85 -0.00879863 0.351558 
1.05 0.85 -0.0233582 0.347757 
1.1 0.85 -0.0371064 0.340553 
1.15 0.85 -0.0495709 0.330095 
1.2 0.85 -0.0603279 0.316587 
1.25 0.85 -0.0690141 0.30028 
1.3 0.85 -0.0753327 0.281472 
1.35 0.85 -0.0790558 0.26051 
1.4 0.85 -0.0800269 0.237817 
1.45 0.85 -0.0781636 0.21393 
1.5 0.85 -0.0734645 0.18955 
1.55 0.85 -0.0660205 0.165599 
1.6 0.85 -0.0560279 0.143235 
1.65 0.85 -0.0438002 0.12382 
1.7 0.85 -0.0297725 0.108785 
1.75 0.85 -0.0144918 0.0994156 
1.8 0.85 0.00140784 0.0965971 
1.85 0.85 0.0172473 0.100609 
1.9 0.85 0.0323518 0.111055 
1.95 0.85 0.0461001 0.126963 
2 0.85 0.0579634 0.147003 
2.05 0.85 0.0675277 0.169741 
2.1 0.85 0.0745009 0.193847 
2.15 0.85 0.078706 0.218202 
2.2 0.85 0.0800693 0.241928 
2.25 0.85 0.078607 0.264354 
2.3 0.85 0.0744147 0.284969 
2.35 0.85 0.0676616 0.303364 
2.4 0.85 0.0585877 0.319203 
2.45 0.85 0.0475017 0.332196 
2.5 0.85 0.0347779 0.342099 
2.55 0.85 0.0208494 0.348718 
2.6 0.85 0.00619589 0.351914 
2.65 0.85 -0.00867359 0.351622 
2.7 0.85 -0.0232408 0.347847 
2.75 0.85 -0.0370003 0.340668 
2.8 0.85 -0.049479 0.330233 
2.85 0.85 -0.0602531 0.316746 
2.9 0.85 -0.0689586 0.300459 
2.95 0.85 -0.0752983 0.281667 
3 0.85 -0.0790439 0.260719 
3.05 0.85 -0.0800383 0.238035 
3.1 0.85 -0.0781984 0.214152 
3.15 0.85 -0.0735223 0.189771 
3.2 0.85 -0.0661 0.165809 
3.25 0.85 -0.056127 0.143424 
3.3 0.85 -0.0439156 0.123976 
3.35 0.85 -0.0299 0.108896 
3.4 0.85 -0.0146265 0.0994732 
3.45 0.85 0.00127165 0.0965967 
3.5 0.85 0.0171153 0.100551 
3.55 0.85 0.0322293 0.110947 
3.6 0.85 0.045992 0.126816 
3.65 0.85 0.0578734 0.146828 
3.7 0.85 0.0674586 0.169551 
3.75 0.85 0.0744544 0.193652 
3.8 0.85 0.0786827 0.21801 
3.85 0.85 0.0800692 0.241745 
3.9 0.85 0.0786291 0.264186 
3.95 0.85 0.0744574 0.284817 
4 0.85 0.0677229 0.303231 
4.05 0.85 0.0586647 0.319089 
4.1 0.85 0.0475912 0.332101 
4.15 0.85 0.0348764 0.342023 
4.2 0.85 0.0209534 0.348657 
4.25 0.85 0.00630202 0.351864 
4.3 0.85 -0.0085677 0.351576 
4.35 0.85 -0.0231363 0.347796 
4.4 0.85 -0.0368961 0.340601 
4.45 0.85 -0.0493716 0.330135 
4.5 0.85 -0.0601358 0.316603 
4.55 0.85 -0.0688213 0.300254 
4.6 0.85 -0.075127 0.281385 
4.65 0.85 -0.0788216 0.260346 
4.7 0.85 -0.0797457 0.237567 
4.75 0.85 -0.0778167 0.213593 
4.8 0.85 -0.0730362 0.189142 
4.85 0.85 -0.0655034 0.165151 
4.9 0.85 -0.0554283 0.142795 
4.95 0.85 -0.043141 0.123444 
5 0.85 -0.029082 0.10853 
0 0.9 -0.0221138 0.0843766 
0.05 0.9 -0.0148718 0.0743017 
0.1 0.9 -0.00705285 0.0681006 
0.15 0.9 0.00103537 0.0663205 
0.2 0.9 0.00906655 0.069122 
0.25 0.9 0.0167077 0.0762322 
0.3 0.9 0.0236475 0.0870053 
0.35 0.9 0.0296201 0.100561 
0.4 0.9 0.0344186 0.115948 
0.45 0.9 0.0378989 0.132274 
0.5 0.9 0.0399759 0.148782 
0.55 0.9 0.0406164 0.164871 
0.6 0.9 0.0398319 0.180081 
0.65 0.9 0.0376729 0.194054 
0.7 0.9 0.034226 0.206511 
0.75 0.9 0.0296123 0.217222 
0.8 0.9 0.0239873 0.225995 
0.85 0.9 0.0175395 0.232668 
0.9 0.9 0.0104866 0.237118 
0.95 0.9 0.00307025 0.239256 
1 0.9 -0.00445298 0.23904 
1.05 0.9 -0.011822 0.236474 
1.1 0.9 -0.0187822 0.231608 
1.15 0.9 -0.0250954 0.224535 
1.2 0.9 -0.0305484 0.215389 
1.25 0.9 -0.0349581 0.204333 
1.3 0.9 -0.0381747 0.191566 
1.35 0.9 -0.0400822 0.177326 
1.4 0.9 -0.0405996 0.161904 
1.45 0.9 -0.0396821 0.145673 
1.5 0.9 -0.0373249 0.129121 
1.55 0.9 -0.033569 0.112881 
1.6 0.9 -0.0285094 0.0977437 
1.65 0.9 -0.0223021 0.0846259 
1.7 0.9 -0.0151672 0.0744849 
1.75 0.9 -0.00738504 0.0681736 
1.8 0.9 0.000717485 0.0662763 
1.85 0.9 0.00878883 0.0689769 
1.9 0.9 0.0164799 0.076015 
1.95 0.9 0.0234706 0.0867478 
2 0.9 0.0294905 0.100292 
2.05 0.9 0.0343306 0.115688 
2.1 0.9 0.0378463 0.132037 
2.15 0.9 0.0399524 0.148576 
2.2 0.9 0.0406164 0.164698 
2.25 0.9 0.0398507 0.179939 
2.3 0.9 0.0377064 0.193942 
2.35 0.9 0.0342709 0.206426 
2.4 0.9 0.0296659 0.217162 
2.45 0.9 0.0240471 0.225958 
2.5 0.9 0.0176031 0.232654 
2.55 0.9 0.0105521 0.237124 
2.6 0.9 0.00313567 0.239282 
2.65 0.9 -0.00438965 0.239084 
2.7 0.9 -0.0117626 0.236536 
2.75 0.9 -0.0187284 0.231687 
2.8 0.9 -0.0250489 0.22463 
2.85 0.9 -0.0305105 0.215498 
2.9 0.9 -0.03493 0.204455 
2.95 0.9 -0.0381572 0.1917 
3 0.9 -0.040076 0.177468 
3.05 0.9 -0.0406052 0.162052 
3.1 0.9 -0.0396996 0.145824 
3.15 0.9 -0.037354 0.129271 
3.2 0.9 -0.0336092 0.113024 
3.25 0.9 -0.0285596 0.0978715 
3.3 0.9 -0.0223607 0.0847312 
3.35 0.9 -0.0152321 0.07456 
3.4 0.9 -0.00745363 0.0682126 
3.45 0.9 0.0006481 0.0662762 
3.5 0.9 0.0087216 0.0689385 
3.55 0.9 0.0164176 0.0759427 
3.6 0.9 0.0234157 0.0866485 
3.65 0.9 0.0294449 0.100174 
3.7 0.9 0.0342958 0.115559 
3.75 0.9 0.0378229 0.131905 
3.8 0.9 0.0399408 0.148445 
3.85 0.9 0.0406165 0.164574 
3.9 0.9 0.0398619 0.179824 
3.95 0.9 0.037728 0.193838 
4 0.9 0.0343016 0.206335 
4.05 0.9 0.0297042 0.217084 
4.1 0.9 0.0240914 0.225893 
4.15 0.9 0.0176516 0.2326 
4.2 0.9 0.0106029 0.23708 
4.25 0.9 0.00318695 0.239244 
4.3 0.9 -0.00433917 0.239048 
4.35 0.9 -0.0117136 0.236495 
4.4 0.9 -0.0186804 0.231633 
4.45 0.9 -0.025 0.224555 
4.5 0.9 -0.0304574 0.21539 
4.55 0.9 -0.0348673 0.204304 
4.6 0.9 -0.0380777 0.191495 
4.65 0.9 -0.0399707 0.177202 
4.7 0.9 -0.040464 0.161721 
4.75 0.9 -0.0395127 0.145434 
4.8 0.9 -0.0371144 0.128837 
4.85 0.9 -0.0333167 0.112575 
4.9 0.9 -0.0282275 0.0974491 
4.95 0.9 -0.0220225 0.0843766 
5 0.9 -0.0149332 0.0743017 
0 0.95 -0.00653311 0.0428607 
0.05 0.95 -0.00431208 0.0378534 
0.1 0.95 -0.0020316 0.034787 
0.15 0.95 0.00029607 0.033909 
0.2 0.95 0.00259963 0.0352952 
0.25 0.95 0.00478783 0.0388146 
0.3 0.95 0.00677145 0.0441562 
0.35 0.95 0.00847423 0.0508925 
0.4 0.95 0.00983775 0.0585573 
0.45 0.95 0.0108223 0.0667084 
0.5 0.95 0.0114055 0.0749664 
0.55 0.95 0.0115795 0.0830264 
0.6 0.95 0.011349 0.0906518 
0.65 0.95 0.010729 0.09766 
0.7 0.95 0.00974426 0.103907 
0.75 0.95 0.00842909 0.109278 
0.8 0.95 0.00682723 0.113674 
0.85 0.95 0.00499182 0.117016 
0.9 0.95 0.00298449 0.119244 
0.95 0.95 0.000873796 0.120314 
1 0.95 -0.00126733 0.120206 
1.05 0.95 -0.00336459 0.118921 
1.1 0.95 -0.00534562 0.116485 
1.15 0.95 -0.00714289 0.112942 
1.2 0.95 -0.00869609 0.108358 
1.25 0.95 -0.00995363 0.102815 
1.3 0.95 -0.0108733 0.0964117 
1.35 0.95 -0.0114222 0.0892696 
1.4 0.95 -0.0115772 0.0815382 
1.45 0.95 -0.0113245 0.0734093 
1.5 0.95 -0.0106615 0.0651323 
1.55 0.95 -0.0095979 0.0570278 
1.6 0.95 -0.00815906 0.0494912 
1.65 0.95 -0.00638809 0.0429763 
1.7 0.95 -0.00434737 0.0379508 
1.75 0.95 -0.00211768 0.0348285 
1.8 0.95 0.000205756 0.0338907 
1.85 0.95 0.00252006 0.0352258 
1.9 0.95 0.00472312 0.0387085 
1.95 0.95 0.00672182 0.044029 
2 0.95 0.00843844 0.0507586 
2.05 0.95 0.00981397 0.0584274 
2.1 0.95 0.0108086 0.0665897 
2.15 0.95 0.0113999 0.0748626 
2.2 0.95 0.0115805 0.0829387 
2.25 0.95 0.0113551 0.0905801 
2.3 0.95 0.0107391 0.0976034 
2.35 0.95 0.00975751 0.103865 
2.4 0.95 0.00844464 0.109248 
2.45 0.95 0.00684443 0.113655 
2.5 0.95 0.00501005 0.117009 
2.55 0.95 0.0030032 0.119247 
2.6 0.95 0.000892423 0.120327 
2.65 0.95 -0.00124932 0.120228 
2.7 0.95 -0.00334772 0.118953 
2.75 0.95 -0.00533037 0.116525 
2.8 0.95 -0.00712969 0.11299 
2.85 0.95 -0.00868533 0.108413 
2.9 0.95 -0.00994562 0.102876 
2.95 0.95 -0.0108683 0.0964787 
3 0.95 -0.0114204 0.0893411 
3.05 0.95 -0.0115787 0.0816129 
3.1 0.95 -0.0113294 0.0734854 
3.15 0.95 -0.0106697 0.0652074 
3.2 0.95 -0.00960932 0.057099 
3.25 0.95 -0.00817337 0.0495549 
3.3 0.95 -0.00640484 0.0430286 
3.35 0.95 -0.00436595 0.0379881 
3.4 0.95 -0.00213734 0.0348479 
3.45 0.95 0.000185869 0.0338908 
3.5 0.95 0.00250081 0.0352068 
3.55 0.95 0.00470531 0.0386728 
3.6 0.95 0.00670617 0.0439798 
3.65 0.95 0.00842549 0.0507 
3.7 0.95 0.0098041 0.0583633 
3.75 0.95 0.010802 0.0665236 
3.8 0.95 0.0113967 0.0747973 
3.85 0.95 0.0115806 0.0828765 
3.9 0.95 0.0113584 0.0905224 
3.95 0.95 0.0107453 0.0975512 
4 0.95 0.00976618 0.103819 
4.05 0.95 0.00845544 0.109208 
4.1 0.95 0.00685685 0.113622 
4.15 0.95 0.00502354 0.116982 
4.2 0.95 0.00301719 0.119224 
4.25 0.95 0.000906384 0.120307 
4.3 0.95 -0.00123581 0.120209 
4.35 0.95 -0.00333489 0.118931 
4.4 0.95 -0.00531813 0.116496 
4.45 0.95 -0.00711757 0.11295 
4.5 0.95 -0.00867237 0.108356 
4.55 0.95 -0.00993028 0.102797 
4.6 0.95 -0.0108484 0.0963726 
4.65 0.95 -0.0113934 0.0892043 
4.7 0.95 -0.0115414 0.0814444 
4.75 0.95 -0.0112789 0.0732883 
4.8 0.95 -0.0106038 0.0649905 
4.85 0.95 -0.00952908 0.0568779 
4.9 0.95 -0.00808875 0.0493506 
4.95 0.95 -0.00635018 0.0428607 
5 0.95 -0.00443585 0.0378534 
0 1 0 0 
0.05 1 0 0 
0.1 1 0 0 
0.15 1 0 0 
0.2 1 0 0 
0.25 1 0 0 
0.3 1 0 0 
0.35 1 0 0 
0.4 1 0 0 
0.45 1 0 0 
0.5 1 0 0 
0.55 1 0 0 
0.6 1 0 0 
0.65 1 0 0 
0.7 1 0 0 
0.75 1 0 0 
0.8 1 0 0 
0.85 1 0 0 
0.9 1 0 0 
0.95 1 0 0 
1 1 0 0 
1.05 1 0 0 
1.1 1 0 0 
1.15 1 0 0 
1.2 1 0 0 
1.25 1 0 0 
1.3 1 0 0 
1.35 1 0 0 
1.4 1 0 0 
1.45 1 0 0 
1.5 1 0 0 
1.55 1 0 0 
1.6 1 0 0 
1.65 1 0 0 
1.7 1 0 0 
1.75 1 0 0 
1.8 1 0 0 
1.85 1 0 0 
1.9 1 0 0 
1.95 1 0 0 
2 1 0 0 
2.05 1 0 0 
2.1 1 0 0 
2.15 1 0 0 
2.2 1 0 0 
2.25 1 0 0 
2.3 1 0 0 
2.35 1 0 0 
2.4 1 0 0 
2.45 1 0 0 
2.5 1 0 0 
2.55 1 0 0 
2.6 1 0 0 
2.65 1 0 0 
2.7 1 0 0 
2.75 1 0 0 
2.8 1 0 0 
2.85 1 0 0 
2.9 1 0 0 
2.95 1 0 0 
3 1 0 0 
3.05 1 0 0 
3.1 1 0 0 
3.15 1 0 0 
3.2 1 0 0 
3.25 1 0 0 
3.3 1 0 0 
3.35 1 0 0 
3.4 1 0 0 
3.45 1 0 0 
3.5 1 0 0 
3.55 1 0 0 
3.6 1 0 0 
3.65 1 0 0 
3.7 1 0 0 
3.75 1 0 0 
3.8 1 0 0 
3.85 1 0 0 
3.9 1 0 0 
3.95 1 0 0 
4 1 0 0 
4.05 1 0 0 
4.1 1 0 0 
4.15 1 0 0 
4.2 1 0 0 
4.25 1 0 0 
4.3 1 0 0 
4.35 1 0 0 
4.4 1 0 0 
4.45 1 0 0 
4.5 1 0 0 
4.55 1 0 0 
4.6 1 0 0 
4.65 1 0 0 
4.7 1 0 0 
4.75 1 0 0 
4.8 1 0 0 
4.85 1 0 0 
4.9 1 0 0 
4.95 1 0 0 
5 1 0 0 
