x, y, ksi, T
#iter= 1710000
0 0 0 1 
0.05 0 0 1 
0.1 0 0 1 
0.15 0 0 1 
0.2 0 0 1 
0.25 0 0 1 
0.3 0 0 1 
0.35 0 0 1 
0.4 0 0 1 
0.45 0 0 1 
0.5 0 0 1 
0.55 0 0 1 
0.6 0 0 1 
0.65 0 0 1 
0.7 0 0 1 
0.75 0 0 1 
0.8 0 0 1 
0.85 0 0 1 
0.9 0 0 1 
0.95 0 0 1 
1 0 0 1 
1.05 0 0 1 
1.1 0 0 1 
1.15 0 0 1 
1.2 0 0 1 
1.25 0 0 1 
1.3 0 0 1 
1.35 0 0 1 
1.4 0 0 1 
1.45 0 0 1 
1.5 0 0 1 
1.55 0 0 1 
1.6 0 0 1 
1.65 0 0 1 
1.7 0 0 1 
1.75 0 0 1 
1.8 0 0 1 
1.85 0 0 1 
1.9 0 0 1 
1.95 0 0 1 
2 0 0 1 
2.05 0 0 1 
2.1 0 0 1 
2.15 0 0 1 
2.2 0 0 1 
2.25 0 0 1 
2.3 0 0 1 
2.35 0 0 1 
2.4 0 0 1 
2.45 0 0 1 
2.5 0 0 1 
2.55 0 0 1 
2.6 0 0 1 
2.65 0 0 1 
2.7 0 0 1 
2.75 0 0 1 
2.8 0 0 1 
2.85 0 0 1 
2.9 0 0 1 
2.95 0 0 1 
3 0 0 1 
3.05 0 0 1 
3.1 0 0 1 
3.15 0 0 1 
3.2 0 0 1 
3.25 0 0 1 
3.3 0 0 1 
3.35 0 0 1 
3.4 0 0 1 
3.45 0 0 1 
3.5 0 0 1 
3.55 0 0 1 
3.6 0 0 1 
3.65 0 0 1 
3.7 0 0 1 
3.75 0 0 1 
3.8 0 0 1 
3.85 0 0 1 
3.9 0 0 1 
3.95 0 0 1 
4 0 0 1 
4.05 0 0 1 
4.1 0 0 1 
4.15 0 0 1 
4.2 0 0 1 
4.25 0 0 1 
4.3 0 0 1 
4.35 0 0 1 
4.4 0 0 1 
4.45 0 0 1 
4.5 0 0 1 
4.55 0 0 1 
4.6 0 0 1 
4.65 0 0 1 
4.7 0 0 1 
4.75 0 0 1 
4.8 0 0 1 
4.85 0 0 1 
4.9 0 0 1 
4.95 0 0 1 
5 0 0 1 
0 0.05 -0.0064323 0.884643 
0.05 0.05 -0.00433587 0.881655 
0.1 0.05 -0.00214903 0.879917 
0.15 0.05 6.22752e-05 0.879407 
0.2 0.05 0.00224006 0.880107 
0.25 0.05 0.00432046 0.88199 
0.3 0.05 0.00623889 0.885011 
0.35 0.05 0.00793474 0.889109 
0.4 0.05 0.00935433 0.894209 
0.45 0.05 0.0104524 0.900219 
0.5 0.05 0.0111925 0.907028 
0.55 0.05 0.0115476 0.914503 
0.6 0.05 0.0114996 0.922474 
0.65 0.05 0.0110405 0.930723 
0.7 0.05 0.0101739 0.938966 
0.75 0.05 0.00891719 0.946845 
0.8 0.05 0.00730447 0.953931 
0.85 0.05 0.00538858 0.959756 
0.9 0.05 0.0032415 0.963871 
0.95 0.05 0.000952004 0.965919 
1 0.05 -0.00137983 0.96571 
1.05 0.05 -0.00365041 0.963265 
1.1 0.05 -0.00576119 0.958809 
1.15 0.05 -0.00762621 0.952721 
1.2 0.05 -0.00917694 0.94546 
1.25 0.05 -0.0103641 0.93749 
1.3 0.05 -0.0111571 0.929229 
1.35 0.05 -0.0115413 0.921021 
1.4 0.05 -0.0115157 0.913139 
1.45 0.05 -0.0110907 0.905789 
1.5 0.05 -0.0102864 0.899134 
1.55 0.05 -0.00913272 0.893303 
1.6 0.05 -0.00766872 0.888401 
1.65 0.05 -0.00594309 0.884517 
1.7 0.05 -0.00401345 0.88172 
1.75 0.05 -0.00194524 0.880062 
1.8 0.05 0.000190415 0.879576 
1.85 0.05 0.00231947 0.880271 
1.9 0.05 0.00436818 0.882133 
1.95 0.05 0.00626623 0.885127 
2 0.05 0.00794947 0.889197 
2.05 0.05 0.00936178 0.89427 
2.1 0.05 0.0104562 0.900255 
2.15 0.05 0.0111952 0.907043 
2.2 0.05 0.0115508 0.9145 
2.25 0.05 0.0115043 0.922457 
2.3 0.05 0.0110473 0.930695 
2.35 0.05 0.0101832 0.938932 
2.4 0.05 0.00892893 0.946809 
2.45 0.05 0.00731849 0.953898 
2.5 0.05 0.00540447 0.959731 
2.55 0.05 0.0032587 0.963857 
2.6 0.05 0.000969807 0.96592 
2.65 0.05 -0.0013622 0.965727 
2.7 0.05 -0.00363372 0.963298 
2.75 0.05 -0.00574617 0.958854 
2.8 0.05 -0.00761344 0.952776 
2.85 0.05 -0.00916689 0.945522 
2.9 0.05 -0.0103571 0.937556 
2.95 0.05 -0.0111533 0.929295 
3 0.05 -0.0115408 0.921086 
3.05 0.05 -0.0115185 0.9132 
3.1 0.05 -0.0110966 0.905845 
3.15 0.05 -0.0102953 0.899184 
3.2 0.05 -0.00914423 0.893346 
3.25 0.05 -0.00768256 0.888436 
3.3 0.05 -0.00595882 0.884543 
3.35 0.05 -0.00403058 0.881737 
3.4 0.05 -0.00196319 0.88007 
3.45 0.05 0.000172263 0.879574 
3.5 0.05 0.00230174 0.880259 
3.55 0.05 0.00435147 0.882111 
3.6 0.05 0.00625112 0.885095 
3.65 0.05 0.00793647 0.889157 
3.7 0.05 0.00935137 0.894221 
3.75 0.05 0.0104488 0.900199 
3.8 0.05 0.0111911 0.90698 
3.85 0.05 0.0115502 0.914431 
3.9 0.05 0.0115074 0.922384 
3.95 0.05 0.0110544 0.930621 
4 0.05 0.0101941 0.93886 
4.05 0.05 0.00894368 0.946742 
4.1 0.05 0.0073368 0.953842 
4.15 0.05 0.0054259 0.959692 
4.2 0.05 0.00328262 0.96384 
4.25 0.05 0.000995394 0.96593 
4.3 0.05 -0.00133589 0.965768 
4.35 0.05 -0.00360773 0.96337 
4.4 0.05 -0.00572158 0.958959 
4.45 0.05 -0.00759138 0.952911 
4.5 0.05 -0.00914858 0.945684 
4.55 0.05 -0.0103441 0.937743 
4.6 0.05 -0.0111475 0.929504 
4.65 0.05 -0.0115451 0.921315 
4.7 0.05 -0.0115373 0.913444 
4.75 0.05 -0.0111365 0.9061 
4.8 0.05 -0.0103664 0.89944 
4.85 0.05 -0.00926205 0.893586 
4.9 0.05 -0.00787125 0.888631 
4.95 0.05 -0.00625379 0.884643 
5 0.05 -0.00445746 0.881655 
0 0.1 -0.0217013 0.770621 
0.05 0.1 -0.0148417 0.764753 
0.1 0.1 -0.00738968 0.761271 
0.15 0.1 0.00028511 0.760234 
0.2 0.1 0.00789759 0.761621 
0.25 0.1 0.01519 0.765373 
0.3 0.1 0.0219219 0.771399 
0.35 0.1 0.0278743 0.779575 
0.4 0.1 0.0328546 0.789745 
0.45 0.1 0.0367008 0.801726 
0.5 0.1 0.0392836 0.815299 
0.55 0.1 0.0405071 0.830203 
0.6 0.1 0.0403099 0.846109 
0.65 0.1 0.0386679 0.86259 
0.7 0.1 0.0355993 0.87909 
0.75 0.1 0.0311718 0.894895 
0.8 0.1 0.0255109 0.909145 
0.85 0.1 0.0188049 0.920887 
0.9 0.1 0.0113056 0.929198 
0.95 0.1 0.00331918 0.933339 
1 0.1 -0.0048119 0.932917 
1.05 0.1 -0.0127337 0.927973 
1.1 0.1 -0.0201088 0.918975 
1.15 0.1 -0.0266398 0.906707 
1.2 0.1 -0.0320867 0.892111 
1.25 0.1 -0.0362729 0.87613 
1.3 0.1 -0.0390845 0.8596 
1.35 0.1 -0.0404641 0.843205 
1.4 0.1 -0.0404025 0.827477 
1.45 0.1 -0.0389323 0.812822 
1.5 0.1 -0.0361233 0.799553 
1.55 0.1 -0.03208 0.787925 
1.6 0.1 -0.0269417 0.778146 
1.65 0.1 -0.0208808 0.770393 
1.7 0.1 -0.0141016 0.764807 
1.75 0.1 -0.00683477 0.761497 
1.8 0.1 0.000669144 0.760526 
1.85 0.1 0.00814987 0.761914 
1.9 0.1 0.0153481 0.765633 
1.95 0.1 0.0220162 0.771611 
2 0.1 0.0279276 0.779734 
2.05 0.1 0.0328836 0.789854 
2.1 0.1 0.0367175 0.801788 
2.15 0.1 0.0392961 0.815322 
2.2 0.1 0.040521 0.830192 
2.25 0.1 0.0403288 0.84607 
2.3 0.1 0.0386939 0.862532 
2.35 0.1 0.0356335 0.879019 
2.4 0.1 0.0312143 0.894821 
2.45 0.1 0.0255609 0.909077 
2.5 0.1 0.0188612 0.920835 
2.55 0.1 0.0113663 0.92917 
2.6 0.1 0.0033817 0.93334 
2.65 0.1 -0.00475008 0.93295 
2.7 0.1 -0.0126753 0.928038 
2.75 0.1 -0.0200561 0.919066 
2.8 0.1 -0.026595 0.906819 
2.85 0.1 -0.0320513 0.892236 
2.9 0.1 -0.0362481 0.876261 
2.95 0.1 -0.039071 0.859733 
3 0.1 -0.0404621 0.843334 
3.05 0.1 -0.040412 0.827599 
3.1 0.1 -0.038953 0.812934 
3.15 0.1 -0.0361544 0.799653 
3.2 0.1 -0.0321206 0.788011 
3.25 0.1 -0.0269904 0.778216 
3.3 0.1 -0.0209362 0.770446 
3.35 0.1 -0.0141618 0.764842 
3.4 0.1 -0.00689787 0.761512 
3.45 0.1 0.000605334 0.760521 
3.5 0.1 0.00808754 0.761889 
3.55 0.1 0.0152894 0.765589 
3.6 0.1 0.0219632 0.771548 
3.65 0.1 0.0278821 0.779654 
3.7 0.1 0.0328473 0.789757 
3.75 0.1 0.0366916 0.801676 
3.8 0.1 0.0392819 0.815196 
3.85 0.1 0.0405193 0.830055 
3.9 0.1 0.0403404 0.845925 
3.95 0.1 0.0387191 0.862383 
4 0.1 0.0356722 0.878874 
4.05 0.1 0.0312663 0.894687 
4.1 0.1 0.0256251 0.908964 
4.15 0.1 0.0189361 0.920755 
4.2 0.1 0.0114495 0.929133 
4.25 0.1 0.00347059 0.933359 
4.3 0.1 -0.00465883 0.93303 
4.35 0.1 -0.0125852 0.928182 
4.4 0.1 -0.0199709 0.919273 
4.45 0.1 -0.0265186 0.907085 
4.5 0.1 -0.031988 0.892556 
4.55 0.1 -0.0362029 0.87663 
4.6 0.1 -0.0390505 0.860144 
4.65 0.1 -0.0404757 0.843783 
4.7 0.1 -0.0404731 0.828078 
4.75 0.1 -0.0390805 0.813431 
4.8 0.1 -0.0363745 0.800148 
4.85 0.1 -0.0324666 0.788468 
4.9 0.1 -0.0274967 0.778577 
4.95 0.1 -0.021612 0.770621 
5 0.1 -0.0149004 0.764753 
0 0.15 -0.042277 0.662745 
0.05 0.15 -0.0288767 0.654178 
0.1 0.15 -0.0143254 0.64905 
0.15 0.15 0.000722899 0.647501 
0.2 0.15 0.0156943 0.649533 
0.25 0.15 0.0300602 0.655068 
0.3 0.15 0.0433317 0.663965 
0.35 0.15 0.0550662 0.676031 
0.4 0.15 0.0648771 0.691029 
0.45 0.15 0.0724408 0.708679 
0.5 0.15 0.0775004 0.728658 
0.55 0.15 0.0798677 0.750585 
0.6 0.15 0.0794259 0.773986 
0.65 0.15 0.0761344 0.798246 
0.7 0.15 0.0700382 0.822561 
0.75 0.15 0.0612805 0.845888 
0.8 0.15 0.050116 0.866958 
0.85 0.15 0.0369203 0.884353 
0.9 0.15 0.0221871 0.896682 
0.95 0.15 0.00651185 0.902832 
1 0.15 -0.0094427 0.902205 
1.05 0.15 -0.0249931 0.894863 
1.1 0.15 -0.0394859 0.881516 
1.15 0.15 -0.0523424 0.863348 
1.2 0.15 -0.0630899 0.841772 
1.25 0.15 -0.071376 0.81819 
1.3 0.15 -0.0769678 0.793834 
1.35 0.15 -0.0797423 0.769701 
1.4 0.15 -0.0796724 0.746558 
1.45 0.15 -0.0768156 0.724989 
1.5 0.15 -0.0713052 0.705449 
1.55 0.15 -0.0633463 0.688305 
1.6 0.15 -0.0532139 0.673869 
1.65 0.15 -0.0412504 0.662408 
1.7 0.15 -0.0278612 0.654142 
1.75 0.15 -0.0135046 0.649238 
1.8 0.15 0.00132237 0.6478 
1.85 0.15 0.0161034 0.649856 
1.9 0.15 0.0303239 0.655365 
1.95 0.15 0.0434925 0.66421 
2 0.15 0.0551594 0.676215 
2.05 0.15 0.0649299 0.69115 
2.1 0.15 0.0724732 0.708742 
2.15 0.15 0.0775267 0.72867 
2.2 0.15 0.0798978 0.750553 
2.25 0.15 0.0794662 0.773918 
2.3 0.15 0.0761887 0.798152 
2.35 0.15 0.0701082 0.822451 
2.4 0.15 0.0613664 0.845776 
2.45 0.15 0.0502164 0.866856 
2.5 0.15 0.0370324 0.884274 
2.55 0.15 0.0223073 0.896639 
2.6 0.15 0.0066355 0.902834 
2.65 0.15 -0.00932067 0.902254 
2.7 0.15 -0.0248778 0.894959 
2.75 0.15 -0.0393819 0.881651 
2.8 0.15 -0.0522538 0.863513 
2.85 0.15 -0.06302 0.841957 
2.9 0.15 -0.0713269 0.818384 
2.95 0.15 -0.0769409 0.79403 
3 0.15 -0.0797382 0.769891 
3.05 0.15 -0.0796911 0.746738 
3.1 0.15 -0.0768563 0.725155 
3.15 0.15 -0.0713665 0.705596 
3.2 0.15 -0.0634264 0.688432 
3.25 0.15 -0.0533102 0.673973 
3.3 0.15 -0.04136 0.662486 
3.35 0.15 -0.0279804 0.654194 
3.4 0.15 -0.0136294 0.649261 
3.45 0.15 0.00119623 0.647793 
3.5 0.15 0.0159802 0.649821 
3.55 0.15 0.030208 0.655301 
3.6 0.15 0.0433879 0.664118 
3.65 0.15 0.0550698 0.676096 
3.7 0.15 0.0648584 0.691007 
3.75 0.15 0.0724226 0.708577 
3.8 0.15 0.0774993 0.728485 
3.85 0.15 0.0798952 0.750352 
3.9 0.15 0.0794896 0.773705 
3.95 0.15 0.0762388 0.797934 
4 0.15 0.070185 0.822237 
4.05 0.15 0.0614688 0.845577 
4.1 0.15 0.0503425 0.866688 
4.15 0.15 0.037179 0.884154 
4.2 0.15 0.0224699 0.896584 
4.25 0.15 0.00680879 0.902858 
4.3 0.15 -0.00914292 0.902369 
4.35 0.15 -0.0247023 0.895167 
4.4 0.15 -0.0392157 0.881951 
4.45 0.15 -0.052104 0.863898 
4.5 0.15 -0.0628943 0.842418 
4.55 0.15 -0.0712343 0.818913 
4.6 0.15 -0.0768927 0.794616 
4.65 0.15 -0.0797494 0.770527 
4.7 0.15 -0.0797826 0.74741 
4.75 0.15 -0.0770558 0.725846 
4.8 0.15 -0.0717089 0.706276 
4.85 0.15 -0.0639491 0.689051 
4.9 0.15 -0.0540378 0.674457 
4.95 0.15 -0.0422633 0.662745 
5 0.15 -0.0288832 0.654178 
0 0.2 -0.0651582 0.566752 
0.05 0.2 -0.0443901 0.55578 
0.1 0.2 -0.0219008 0.549184 
0.15 0.2 0.00138134 0.547178 
0.2 0.2 0.0245775 0.549795 
0.25 0.2 0.0468559 0.556944 
0.3 0.2 0.0674428 0.568435 
0.35 0.2 0.085639 0.583999 
0.4 0.2 0.100836 0.603307 
0.45 0.2 0.112527 0.625981 
0.5 0.2 0.120313 0.651599 
0.55 0.2 0.123906 0.679669 
0.6 0.2 0.123133 0.709597 
0.65 0.2 0.117942 0.740613 
0.7 0.2 0.108416 0.771704 
0.75 0.2 0.0947908 0.801551 
0.8 0.2 0.0774705 0.828536 
0.85 0.2 0.0570413 0.850834 
0.9 0.2 0.0342653 0.866652 
0.95 0.2 0.0100539 0.874547 
1 0.2 -0.0145827 0.873741 
1.05 0.2 -0.0386041 0.864316 
1.1 0.2 -0.0610136 0.847192 
1.15 0.2 -0.0809243 0.823905 
1.2 0.2 -0.0976056 0.796275 
1.25 0.2 -0.110506 0.766103 
1.3 0.2 -0.119252 0.734957 
1.35 0.2 -0.123642 0.704097 
1.4 0.2 -0.123618 0.674486 
1.45 0.2 -0.119259 0.646856 
1.5 0.2 -0.110764 0.621779 
1.55 0.2 -0.0984456 0.599727 
1.6 0.2 -0.0827294 0.581113 
1.65 0.2 -0.0641484 0.566298 
1.7 0.2 -0.0433353 0.55559 
1.75 0.2 -0.0210074 0.549227 
1.8 0.2 0.00205745 0.547359 
1.85 0.2 0.0250502 0.550029 
1.9 0.2 0.0471651 0.557175 
1.95 0.2 0.0676327 0.56863 
2 0.2 0.0857496 0.584142 
2.05 0.2 0.1009 0.603392 
2.1 0.2 0.112569 0.62601 
2.15 0.2 0.120351 0.651575 
2.2 0.2 0.123954 0.6796 
2.25 0.2 0.123198 0.70949 
2.3 0.2 0.11803 0.740479 
2.35 0.2 0.108529 0.771554 
2.4 0.2 0.0949272 0.801401 
2.45 0.2 0.0776288 0.8284 
2.5 0.2 0.0572172 0.85073 
2.55 0.2 0.034453 0.866596 
2.6 0.2 0.0102464 0.874548 
2.65 0.2 -0.014393 0.873804 
2.7 0.2 -0.0384249 0.864439 
2.75 0.2 -0.0608521 0.847366 
2.8 0.2 -0.0807866 0.824117 
2.85 0.2 -0.0974966 0.796513 
2.9 0.2 -0.110429 0.766352 
2.95 0.2 -0.11921 0.735208 
3 0.2 -0.123635 0.704341 
3.05 0.2 -0.123647 0.674717 
3.1 0.2 -0.119322 0.647069 
3.15 0.2 -0.110859 0.621969 
3.2 0.2 -0.0985701 0.599892 
3.25 0.2 -0.0828793 0.581248 
3.3 0.2 -0.0643189 0.5664 
3.35 0.2 -0.0435208 0.555657 
3.4 0.2 -0.0212016 0.549258 
3.45 0.2 0.00186113 0.547352 
3.5 0.2 0.0248586 0.549984 
3.55 0.2 0.0469849 0.557093 
3.6 0.2 0.0674703 0.568512 
3.65 0.2 0.0856106 0.58399 
3.7 0.2 0.100789 0.603209 
3.75 0.2 0.112491 0.625799 
3.8 0.2 0.120309 0.651339 
3.85 0.2 0.12395 0.679344 
3.9 0.2 0.123235 0.70922 
3.95 0.2 0.118108 0.740202 
4 0.2 0.108648 0.771282 
4.05 0.2 0.0950854 0.801148 
4.1 0.2 0.0778228 0.828186 
4.15 0.2 0.0574421 0.850576 
4.2 0.2 0.0347022 0.866524 
4.25 0.2 0.0105117 0.874578 
4.3 0.2 -0.014121 0.873947 
4.35 0.2 -0.038156 0.8647 
4.4 0.2 -0.0605962 0.847741 
4.45 0.2 -0.0805539 0.824597 
4.5 0.2 -0.0972975 0.797084 
4.55 0.2 -0.110275 0.767002 
4.6 0.2 -0.119114 0.735922 
4.65 0.2 -0.123615 0.705107 
4.7 0.2 -0.123726 0.675518 
4.75 0.2 -0.119529 0.647881 
4.8 0.2 -0.111226 0.622758 
4.85 0.2 -0.0991261 0.600605 
4.9 0.2 -0.0836304 0.581816 
4.95 0.2 -0.0652079 0.566752 
5 0.2 -0.0443536 0.55578 
0 0.25 -0.087996 0.486916 
0.05 0.25 -0.0597975 0.473863 
0.1 0.25 -0.0293293 0.465999 
0.15 0.25 0.00221965 0.463603 
0.2 0.25 0.0336722 0.466745 
0.25 0.25 0.0638912 0.475317 
0.3 0.25 0.0918116 0.489068 
0.35 0.25 0.116471 0.507635 
0.4 0.25 0.137035 0.530577 
0.45 0.25 0.152812 0.55741 
0.5 0.25 0.163266 0.587609 
0.55 0.25 0.168013 0.620594 
0.6 0.25 0.166832 0.655673 
0.65 0.25 0.159671 0.691965 
0.7 0.25 0.146659 0.728307 
0.75 0.25 0.128132 0.763178 
0.8 0.25 0.10465 0.794698 
0.85 0.25 0.0770122 0.820744 
0.9 0.25 0.0462441 0.839223 
0.95 0.25 0.0135647 0.848446 
1 0.25 -0.0196805 0.847503 
1.05 0.25 -0.052107 0.836491 
1.1 0.25 -0.0823867 0.816486 
1.15 0.25 -0.109332 0.789282 
1.2 0.25 -0.131958 0.757005 
1.25 0.25 -0.149509 0.721747 
1.3 0.25 -0.16147 0.685329 
1.35 0.25 -0.167545 0.649201 
1.4 0.25 -0.167641 0.614469 
1.45 0.25 -0.161846 0.58197 
1.5 0.25 -0.150414 0.552369 
1.55 0.25 -0.133762 0.526231 
1.6 0.25 -0.112462 0.504068 
1.65 0.25 -0.0872357 0.486353 
1.7 0.25 -0.058948 0.473501 
1.75 0.25 -0.0285802 0.465844 
1.8 0.25 0.00279974 0.463592 
1.85 0.25 0.0340807 0.466811 
1.9 0.25 0.0641557 0.475407 
1.95 0.25 0.0919695 0.489147 
2 0.25 0.116559 0.507683 
2.05 0.25 0.137085 0.530584 
2.1 0.25 0.152849 0.557373 
2.15 0.25 0.163308 0.58753 
2.2 0.25 0.168075 0.620476 
2.25 0.25 0.166922 0.655522 
2.3 0.25 0.159792 0.69179 
2.35 0.25 0.146814 0.72812 
2.4 0.25 0.12832 0.762995 
2.45 0.25 0.104868 0.794535 
2.5 0.25 0.0772531 0.820621 
2.55 0.25 0.0465003 0.839156 
2.6 0.25 0.0138268 0.848447 
2.65 0.25 -0.0194227 0.847578 
2.7 0.25 -0.0518637 0.836637 
2.75 0.25 -0.0821674 0.816691 
2.8 0.25 -0.109145 0.789532 
2.85 0.25 -0.131809 0.757284 
2.9 0.25 -0.149404 0.722041 
2.95 0.25 -0.161412 0.685625 
3 0.25 -0.167535 0.64949 
3.05 0.25 -0.167679 0.614743 
3.1 0.25 -0.16193 0.582223 
3.15 0.25 -0.150543 0.552596 
3.2 0.25 -0.133931 0.526428 
3.25 0.25 -0.112665 0.504231 
3.3 0.25 -0.0874677 0.486477 
3.35 0.25 -0.0592005 0.473584 
3.4 0.25 -0.0288447 0.465882 
3.45 0.25 0.00253251 0.463585 
3.5 0.25 0.03382 0.466758 
3.55 0.25 0.0639109 0.47531 
3.6 0.25 0.091749 0.489008 
3.65 0.25 0.116371 0.507503 
3.7 0.25 0.136935 0.530369 
3.75 0.25 0.152744 0.557126 
3.8 0.25 0.163253 0.587255 
3.85 0.25 0.168071 0.620178 
3.9 0.25 0.166973 0.655208 
3.95 0.25 0.159899 0.691469 
4 0.25 0.146975 0.727805 
4.05 0.25 0.128533 0.762702 
4.1 0.25 0.105128 0.794288 
4.15 0.25 0.0775541 0.820443 
4.2 0.25 0.0468331 0.839074 
4.25 0.25 0.0141807 0.848481 
4.3 0.25 -0.0190595 0.847742 
4.35 0.25 -0.0515037 0.836934 
4.4 0.25 -0.0818228 0.817116 
4.45 0.25 -0.108828 0.790073 
4.5 0.25 -0.13153 0.757923 
4.55 0.25 -0.149176 0.722761 
4.6 0.25 -0.161246 0.686408 
4.65 0.25 -0.167447 0.650318 
4.7 0.25 -0.167687 0.615596 
4.75 0.25 -0.162056 0.583075 
4.8 0.25 -0.150809 0.553414 
4.85 0.25 -0.13435 0.527168 
4.9 0.25 -0.113225 0.504842 
4.95 0.25 -0.0880982 0.486916 
5 0.25 -0.0597259 0.473863 
0 0.3 -0.108979 0.424619 
0.05 0.3 -0.0738922 0.409721 
0.1 0.3 -0.036035 0.400725 
0.15 0.3 0.00316493 0.397991 
0.2 0.3 0.0422541 0.401625 
0.25 0.3 0.0798085 0.411492 
0.3 0.3 0.114488 0.427247 
0.35 0.3 0.145081 0.448394 
0.4 0.3 0.170543 0.474347 
0.45 0.3 0.190016 0.504487 
0.5 0.3 0.202839 0.538181 
0.55 0.3 0.208553 0.574763 
0.6 0.3 0.206903 0.613477 
0.65 0.3 0.197846 0.653377 
0.7 0.3 0.181568 0.693216 
0.75 0.3 0.158506 0.73136 
0.8 0.3 0.129369 0.765783 
0.85 0.3 0.0951494 0.794194 
0.9 0.3 0.0571123 0.814334 
0.95 0.3 0.0167477 0.82438 
1 0.3 -0.0243054 0.823352 
1.05 0.3 -0.0643623 0.811355 
1.1 0.3 -0.101804 0.789547 
1.15 0.3 -0.135177 0.759864 
1.2 0.3 -0.163265 0.7246 
1.25 0.3 -0.185128 0.686015 
1.3 0.3 -0.200108 0.646067 
1.35 0.3 -0.207817 0.606314 
1.4 0.3 -0.208114 0.567939 
1.45 0.3 -0.201085 0.531843 
1.5 0.3 -0.187024 0.498759 
1.55 0.3 -0.166433 0.46934 
1.6 0.3 -0.140012 0.444212 
1.65 0.3 -0.108658 0.423985 
1.7 0.3 -0.0734488 0.409224 
1.75 0.3 -0.0356179 0.400392 
1.8 0.3 0.00348997 0.39779 
1.85 0.3 0.0424729 0.40151 
1.9 0.3 0.0799347 0.411419 
1.95 0.3 0.114547 0.427186 
2 0.3 0.1451 0.448324 
2.05 0.3 0.170548 0.474257 
2.1 0.3 0.190028 0.504371 
2.15 0.3 0.202874 0.538036 
2.2 0.3 0.208622 0.574591 
2.25 0.3 0.207012 0.613282 
2.3 0.3 0.197999 0.653165 
2.35 0.3 0.181765 0.692998 
2.4 0.3 0.158744 0.731151 
2.45 0.3 0.129642 0.765601 
2.5 0.3 0.0954512 0.794058 
2.55 0.3 0.0574322 0.814261 
2.6 0.3 0.0170742 0.824383 
2.65 0.3 -0.0239847 0.823436 
2.7 0.3 -0.0640597 0.811515 
2.75 0.3 -0.101531 0.789773 
2.8 0.3 -0.134944 0.760139 
2.85 0.3 -0.16308 0.724908 
2.9 0.3 -0.184997 0.686339 
2.95 0.3 -0.200035 0.646394 
3 0.3 -0.207803 0.606634 
3.05 0.3 -0.208161 0.568244 
3.1 0.3 -0.201189 0.532128 
3.15 0.3 -0.187184 0.499017 
3.2 0.3 -0.166643 0.469565 
3.25 0.3 -0.140266 0.444399 
3.3 0.3 -0.108947 0.42413 
3.35 0.3 -0.0737636 0.409322 
3.4 0.3 -0.0359477 0.400439 
3.45 0.3 0.00315675 0.397784 
3.5 0.3 0.042148 0.401451 
3.55 0.3 0.0796298 0.41131 
3.6 0.3 0.114272 0.427028 
3.65 0.3 0.144867 0.448123 
3.7 0.3 0.170364 0.474017 
3.75 0.3 0.189899 0.504097 
3.8 0.3 0.202806 0.537733 
3.85 0.3 0.208619 0.574265 
3.9 0.3 0.207076 0.61294 
3.95 0.3 0.198131 0.652817 
4 0.3 0.181963 0.692657 
4.05 0.3 0.159005 0.730836 
4.1 0.3 0.129961 0.765335 
4.15 0.3 0.0958187 0.793868 
4.2 0.3 0.0578378 0.814173 
4.25 0.3 0.0175052 0.824419 
4.3 0.3 -0.0235421 0.82361 
4.35 0.3 -0.0636195 0.81183 
4.4 0.3 -0.101107 0.790221 
4.45 0.3 -0.134547 0.760705 
4.5 0.3 -0.162721 0.725572 
4.55 0.3 -0.184684 0.687078 
4.6 0.3 -0.199777 0.647187 
4.65 0.3 -0.207609 0.607459 
4.7 0.3 -0.208039 0.569079 
4.75 0.3 -0.20115 0.532948 
4.8 0.3 -0.187232 0.499796 
4.85 0.3 -0.166774 0.470273 
4.9 0.3 -0.140454 0.445005 
4.95 0.3 -0.109124 0.424619 
5 0.3 -0.0737925 0.409721 
0 0.35 -0.126737 0.378349 
0.05 0.35 -0.0857727 0.361686 
0.1 0.35 -0.0416059 0.35159 
0.15 0.35 0.00412758 0.348536 
0.2 0.35 0.0497322 0.352673 
0.25 0.35 0.0935313 0.363814 
0.3 0.35 0.133942 0.381478 
0.35 0.35 0.169536 0.40498 
0.4 0.35 0.19909 0.433534 
0.45 0.35 0.221607 0.466343 
0.5 0.35 0.23633 0.502639 
0.55 0.35 0.242747 0.541671 
0.6 0.35 0.240588 0.582637 
0.65 0.35 0.229832 0.624567 
0.7 0.35 0.210727 0.666201 
0.75 0.35 0.183805 0.705887 
0.8 0.35 0.149907 0.741574 
0.85 0.35 0.110191 0.770948 
0.9 0.35 0.0661128 0.791728 
0.95 0.35 0.019381 0.802081 
1 0.35 -0.0281351 0.801022 
1.05 0.35 -0.0745161 0.788654 
1.1 0.35 -0.117914 0.766142 
1.15 0.35 -0.156663 0.735437 
1.2 0.35 -0.189357 0.698854 
1.25 0.35 -0.214896 0.658674 
1.3 0.35 -0.232499 0.61688 
1.35 0.35 -0.241686 0.575046 
1.4 0.35 -0.242263 0.53437 
1.45 0.35 -0.234297 0.49578 
1.5 0.35 -0.218105 0.460059 
1.55 0.35 -0.194245 0.427956 
1.6 0.35 -0.163522 0.40024 
1.65 0.35 -0.126974 0.377707 
1.7 0.35 -0.085865 0.361126 
1.75 0.35 -0.0416489 0.351146 
1.8 0.35 0.00408192 0.348197 
1.85 0.35 0.0496645 0.352412 
1.9 0.35 0.0934429 0.363601 
1.95 0.35 0.133845 0.381289 
2 0.35 0.169446 0.404798 
2.05 0.35 0.199023 0.433349 
2.1 0.35 0.221576 0.466147 
2.15 0.35 0.236345 0.50243 
2.2 0.35 0.242814 0.541448 
2.25 0.35 0.240709 0.582402 
2.3 0.35 0.23001 0.624326 
2.35 0.35 0.210959 0.665962 
2.4 0.35 0.184086 0.705663 
2.45 0.35 0.150229 0.741382 
2.5 0.35 0.110545 0.770806 
2.55 0.35 0.0664872 0.791654 
2.6 0.35 0.0197623 0.802087 
2.65 0.35 -0.0277612 0.801111 
2.7 0.35 -0.0741636 0.788823 
2.75 0.35 -0.117596 0.76638 
2.8 0.35 -0.156391 0.735727 
2.85 0.35 -0.18914 0.699177 
2.9 0.35 -0.214742 0.659016 
2.95 0.35 -0.232412 0.617227 
3 0.35 -0.241668 0.575387 
3.05 0.35 -0.242315 0.534699 
3.1 0.35 -0.234418 0.496089 
3.15 0.35 -0.21829 0.460342 
3.2 0.35 -0.19449 0.428206 
3.25 0.35 -0.163818 0.400451 
3.3 0.35 -0.127312 0.377872 
3.35 0.35 -0.0862332 0.361238 
3.4 0.35 -0.0420348 0.351201 
3.45 0.35 0.00369203 0.348193 
3.5 0.35 0.0492847 0.352347 
3.55 0.35 0.0930867 0.363479 
3.6 0.35 0.133525 0.381115 
3.65 0.35 0.169175 0.404578 
3.7 0.35 0.198809 0.433089 
3.75 0.35 0.221426 0.465854 
3.8 0.35 0.236267 0.502109 
3.85 0.35 0.242811 0.541106 
3.9 0.35 0.240784 0.582046 
3.95 0.35 0.230163 0.623967 
4 0.35 0.211187 0.665613 
4.05 0.35 0.184386 0.705342 
4.1 0.35 0.150594 0.741113 
4.15 0.35 0.110964 0.770616 
4.2 0.35 0.0669491 0.791567 
4.25 0.35 0.0202528 0.802125 
4.3 0.35 -0.0272568 0.801287 
4.35 0.35 -0.0736599 0.789137 
4.4 0.35 -0.117106 0.766823 
4.45 0.35 -0.155925 0.736282 
4.5 0.35 -0.188706 0.699821 
4.55 0.35 -0.214344 0.659723 
4.6 0.35 -0.23205 0.617973 
4.65 0.35 -0.241343 0.57615 
4.7 0.35 -0.242022 0.535454 
4.75 0.35 -0.23415 0.496816 
4.8 0.35 -0.218037 0.461023 
4.85 0.35 -0.194231 0.428824 
4.9 0.35 -0.163519 0.400995 
4.95 0.35 -0.126915 0.378349 
5 0.35 -0.0856512 0.361686 
0 0.4 -0.140261 0.344728 
0.05 0.4 -0.094782 0.326247 
0.1 0.4 -0.0457555 0.315 
0.15 0.4 0.00501459 0.311617 
0.2 0.4 0.0556359 0.316299 
0.25 0.4 0.104226 0.328782 
0.3 0.4 0.149006 0.348404 
0.35 0.4 0.188376 0.374228 
0.4 0.4 0.220974 0.405205 
0.45 0.4 0.245703 0.440308 
0.5 0.4 0.261746 0.478602 
0.55 0.4 0.26856 0.519237 
0.6 0.4 0.265884 0.561372 
0.65 0.4 0.253731 0.604047 
0.7 0.4 0.232408 0.646043 
0.75 0.4 0.202533 0.685778 
0.8 0.4 0.165053 0.721295 
0.85 0.4 0.121248 0.750391 
0.9 0.4 0.0727152 0.770905 
0.95 0.4 0.0213097 0.781105 
1 0.4 -0.0309439 0.780061 
1.05 0.4 -0.0819697 0.767871 
1.1 0.4 -0.129766 0.745634 
1.15 0.4 -0.172519 0.715193 
1.2 0.4 -0.208687 0.678743 
1.25 0.4 -0.237048 0.638458 
1.3 0.4 -0.256719 0.59623 
1.35 0.4 -0.267139 0.553568 
1.4 0.4 -0.268056 0.511634 
1.45 0.4 -0.259507 0.471353 
1.5 0.4 -0.241806 0.433559 
1.55 0.4 -0.215545 0.399112 
1.6 0.4 -0.181593 0.368963 
1.65 0.4 -0.141096 0.344148 
1.7 0.4 -0.0954594 0.325704 
1.75 0.4 -0.0463154 0.314524 
1.8 0.4 0.00454041 0.31121 
1.85 0.4 0.0552286 0.315946 
1.9 0.4 0.103878 0.328469 
1.95 0.4 0.148717 0.348114 
2 0.4 0.18815 0.373952 
2.05 0.4 0.220815 0.404936 
2.1 0.4 0.245614 0.440043 
2.15 0.4 0.261729 0.478337 
2.2 0.4 0.268616 0.518971 
2.25 0.4 0.266011 0.561106 
2.3 0.4 0.253926 0.603784 
2.35 0.4 0.232666 0.645791 
2.4 0.4 0.202846 0.685548 
2.45 0.4 0.165412 0.721101 
2.5 0.4 0.121642 0.750251 
2.55 0.4 0.0731312 0.770835 
2.6 0.4 0.0217326 0.781114 
2.65 0.4 -0.0305296 0.780154 
2.7 0.4 -0.0815793 0.768043 
2.75 0.4 -0.129414 0.745874 
2.8 0.4 -0.172217 0.715485 
2.85 0.4 -0.208446 0.679071 
2.9 0.4 -0.236876 0.638807 
2.95 0.4 -0.256621 0.596586 
3 0.4 -0.267117 0.553923 
3.05 0.4 -0.268112 0.511979 
3.1 0.4 -0.259639 0.471682 
3.15 0.4 -0.24201 0.433864 
3.2 0.4 -0.215816 0.399386 
3.25 0.4 -0.181921 0.369197 
3.3 0.4 -0.141471 0.344333 
3.35 0.4 -0.0958689 0.325832 
3.4 0.4 -0.0467448 0.314588 
3.45 0.4 0.00410656 0.311206 
3.5 0.4 0.0548062 0.315876 
3.55 0.4 0.103482 0.328335 
3.6 0.4 0.148362 0.347924 
3.65 0.4 0.187849 0.373714 
3.7 0.4 0.220578 0.404659 
3.75 0.4 0.245451 0.439735 
3.8 0.4 0.261644 0.478005 
3.85 0.4 0.268615 0.518623 
3.9 0.4 0.266094 0.560748 
3.95 0.4 0.254094 0.603427 
4 0.4 0.232916 0.645447 
4.05 0.4 0.203173 0.685235 
4.1 0.4 0.165808 0.720842 
4.15 0.4 0.122096 0.750069 
4.2 0.4 0.0736296 0.770753 
4.25 0.4 0.0222615 0.781152 
4.3 0.4 -0.0299852 0.780321 
4.35 0.4 -0.0810334 0.768339 
4.4 0.4 -0.128878 0.746288 
4.45 0.4 -0.171699 0.715998 
4.5 0.4 -0.207949 0.679658 
4.55 0.4 -0.236399 0.639441 
4.6 0.4 -0.256155 0.597241 
4.65 0.4 -0.266651 0.554574 
4.7 0.4 -0.267628 0.512605 
4.75 0.4 -0.259115 0.472265 
4.8 0.4 -0.241419 0.434394 
4.85 0.4 -0.215125 0.399857 
4.9 0.4 -0.181094 0.369618 
4.95 0.4 -0.140464 0.344728 
5 0.4 -0.0946444 0.326247 
0 0.45 -0.148843 0.319762 
0.05 0.45 -0.100463 0.299384 
0.1 0.45 -0.0482942 0.286925 
0.15 0.45 0.00573984 0.2832 
0.2 0.45 0.0596061 0.28847 
0.25 0.45 0.111275 0.302378 
0.3 0.45 0.158828 0.324039 
0.35 0.45 0.200549 0.352218 
0.4 0.45 0.234988 0.385556 
0.45 0.45 0.26099 0.422752 
0.5 0.45 0.277711 0.462674 
0.55 0.45 0.284612 0.504353 
0.6 0.45 0.281453 0.546908 
0.65 0.45 0.26829 0.589404 
0.7 0.45 0.245488 0.630706 
0.75 0.45 0.21373 0.669368 
0.8 0.45 0.174036 0.703621 
0.85 0.45 0.127765 0.731487 
0.9 0.45 0.0765885 0.751035 
0.95 0.45 0.0224376 0.760725 
1 0.45 -0.0325909 0.759733 
1.05 0.45 -0.0863487 0.748146 
1.1 0.45 -0.136761 0.726938 
1.15 0.45 -0.181939 0.697748 
1.2 0.45 -0.220263 0.662539 
1.25 0.45 -0.250436 0.623264 
1.3 0.45 -0.271499 0.581639 
1.35 0.45 -0.282827 0.539044 
1.4 0.45 -0.284113 0.496567 
1.45 0.45 -0.275352 0.455121 
1.5 0.45 -0.256837 0.415595 
1.55 0.45 -0.229163 0.378981 
1.6 0.45 -0.193228 0.346446 
1.65 0.45 -0.15024 0.319311 
1.7 0.45 -0.101697 0.298927 
1.75 0.45 -0.0493569 0.286483 
1.8 0.45 0.0048398 0.28278 
1.85 0.45 0.0588547 0.28807 
1.9 0.45 0.110659 0.301996 
1.95 0.45 0.158338 0.323672 
2 0.45 0.200178 0.351865 
2.05 0.45 0.234729 0.385216 
2.1 0.45 0.260837 0.422426 
2.15 0.45 0.277657 0.46236 
2.2 0.45 0.284652 0.504052 
2.25 0.45 0.281578 0.546618 
2.3 0.45 0.268495 0.589129 
2.35 0.45 0.245762 0.630449 
2.4 0.45 0.214064 0.66914 
2.45 0.45 0.17442 0.703434 
2.5 0.45 0.128185 0.731355 
2.55 0.45 0.0770311 0.750971 
2.6 0.45 0.0228866 0.760738 
2.65 0.45 -0.0321514 0.759827 
2.7 0.45 -0.0859347 0.748315 
2.75 0.45 -0.136387 0.727173 
2.8 0.45 -0.181618 0.698035 
2.85 0.45 -0.220006 0.662863 
2.9 0.45 -0.250252 0.623612 
2.95 0.45 -0.271393 0.581998 
3 0.45 -0.282802 0.539406 
3.05 0.45 -0.28417 0.496924 
3.1 0.45 -0.27549 0.455467 
3.15 0.45 -0.257053 0.415921 
3.2 0.45 -0.22945 0.379277 
3.25 0.45 -0.193577 0.346703 
3.3 0.45 -0.150639 0.319517 
3.35 0.45 -0.102134 0.299071 
3.4 0.45 -0.0498148 0.286556 
3.45 0.45 0.00437716 0.282778 
3.5 0.45 0.0584045 0.287993 
3.55 0.45 0.110238 0.301849 
3.6 0.45 0.157962 0.323465 
3.65 0.45 0.19986 0.35161 
3.7 0.45 0.234479 0.384923 
3.75 0.45 0.260664 0.422106 
3.8 0.45 0.277569 0.462022 
3.85 0.45 0.284651 0.503702 
3.9 0.45 0.281667 0.546266 
3.95 0.45 0.268671 0.588782 
4 0.45 0.246023 0.630121 
4.05 0.45 0.214404 0.668845 
4.1 0.45 0.174829 0.703192 
4.15 0.45 0.128653 0.731187 
4.2 0.45 0.0775444 0.750897 
4.25 0.45 0.0234308 0.760773 
4.3 0.45 -0.0315908 0.759977 
4.35 0.45 -0.0853703 0.748579 
4.4 0.45 -0.135828 0.727537 
4.45 0.45 -0.181069 0.69848 
4.5 0.45 -0.219466 0.663362 
4.55 0.45 -0.249711 0.624139 
4.6 0.45 -0.270836 0.582524 
4.65 0.45 -0.282206 0.539907 
4.7 0.45 -0.283504 0.497379 
4.75 0.45 -0.274719 0.455861 
4.8 0.45 -0.256136 0.41625 
4.85 0.45 -0.228347 0.379549 
4.9 0.45 -0.192249 0.346941 
4.95 0.45 -0.149062 0.319762 
5 0.45 -0.100315 0.299384 
0 0.5 -0.152037 0.299739 
0.05 0.5 -0.102528 0.277494 
0.1 0.5 -0.049111 0.263835 
0.15 0.5 0.00623164 0.259778 
0.2 0.5 0.0613913 0.265643 
0.25 0.5 0.114259 0.280973 
0.3 0.5 0.162844 0.304647 
0.35 0.5 0.205375 0.335113 
0.4 0.5 0.240367 0.370683 
0.45 0.5 0.266655 0.409772 
0.5 0.5 0.283404 0.451033 
0.55 0.5 0.290101 0.493371 
0.6 0.5 0.286543 0.535854 
0.65 0.5 0.272831 0.577577 
0.7 0.5 0.249376 0.617507 
0.75 0.5 0.216906 0.654378 
0.8 0.5 0.176477 0.686666 
0.85 0.5 0.129472 0.71269 
0.9 0.5 0.0775763 0.730824 
0.95 0.5 0.0227196 0.739776 
1 0.5 -0.0330096 0.73886 
1.05 0.5 -0.087475 0.728147 
1.1 0.5 -0.138609 0.708451 
1.15 0.5 -0.184521 0.681146 
1.2 0.5 -0.223577 0.647888 
1.25 0.5 -0.254451 0.61034 
1.3 0.5 -0.276146 0.569982 
1.35 0.5 -0.28799 0.52803 
1.4 0.5 -0.28963 0.485484 
1.45 0.5 -0.281016 0.443242 
1.5 0.5 -0.262404 0.402254 
1.55 0.5 -0.234364 0.36366 
1.6 0.5 -0.197787 0.328858 
1.65 0.5 -0.153895 0.299466 
1.7 0.5 -0.104228 0.277172 
1.75 0.5 -0.0506009 0.26347 
1.8 0.5 0.004963 0.259381 
1.85 0.5 0.0603371 0.265223 
1.9 0.5 0.113405 0.280542 
1.95 0.5 0.162173 0.304215 
2 0.5 0.204872 0.334691 
2.05 0.5 0.240016 0.37028 
2.1 0.5 0.266441 0.409392 
2.15 0.5 0.283314 0.450678 
2.2 0.5 0.290121 0.49304 
2.25 0.5 0.286661 0.535547 
2.3 0.5 0.273037 0.577295 
2.35 0.5 0.249657 0.617254 
2.4 0.5 0.21725 0.654159 
2.45 0.5 0.176871 0.686491 
2.5 0.5 0.129903 0.712571 
2.55 0.5 0.0780288 0.73077 
2.6 0.5 0.023178 0.739795 
2.65 0.5 -0.0325615 0.738954 
2.7 0.5 -0.087053 0.728312 
2.75 0.5 -0.138228 0.708678 
2.8 0.5 -0.184194 0.681423 
2.85 0.5 -0.223314 0.648203 
2.9 0.5 -0.254261 0.610682 
2.95 0.5 -0.276035 0.570339 
3 0.5 -0.287962 0.528395 
3.05 0.5 -0.289686 0.48585 
3.1 0.5 -0.281155 0.443601 
3.15 0.5 -0.262622 0.402599 
3.2 0.5 -0.234655 0.363979 
3.25 0.5 -0.198143 0.329137 
3.3 0.5 -0.154304 0.299693 
3.35 0.5 -0.104675 0.277331 
3.4 0.5 -0.0510707 0.263552 
3.45 0.5 0.00448839 0.259379 
3.5 0.5 0.0598755 0.265138 
3.55 0.5 0.112973 0.280382 
3.6 0.5 0.161789 0.303991 
3.65 0.5 0.204547 0.334418 
3.7 0.5 0.239762 0.369972 
3.75 0.5 0.266267 0.409062 
3.8 0.5 0.283225 0.450336 
3.85 0.5 0.290121 0.492693 
3.9 0.5 0.286751 0.535204 
3.95 0.5 0.273214 0.576964 
4 0.5 0.249918 0.616945 
4.05 0.5 0.217588 0.653887 
4.1 0.5 0.177278 0.686271 
4.15 0.5 0.130366 0.71242 
4.2 0.5 0.0785355 0.730703 
4.25 0.5 0.0237143 0.739823 
4.3 0.5 -0.0320087 0.73908 
4.35 0.5 -0.0864945 0.728532 
4.4 0.5 -0.137671 0.708978 
4.45 0.5 -0.183638 0.681781 
4.5 0.5 -0.222754 0.648594 
4.55 0.5 -0.253682 0.611077 
4.6 0.5 -0.275413 0.570711 
4.65 0.5 -0.287265 0.528719 
4.7 0.5 -0.288873 0.486104 
4.75 0.5 -0.28018 0.443773 
4.8 0.5 -0.261436 0.40269 
4.85 0.5 -0.233211 0.364008 
4.9 0.5 -0.196405 0.329144 
4.95 0.5 -0.152264 0.299739 
5 0.5 -0.102375 0.277494 
0 0.55 -0.149645 0.281624 
0.05 0.55 -0.100852 0.257764 
0.1 0.55 -0.0481662 0.243063 
0.15 0.55 0.00643798 0.238724 
0.2 0.55 0.0608502 0.245122 
0.25 0.55 0.112957 0.261706 
0.3 0.55 0.16077 0.287132 
0.35 0.55 0.202529 0.319559 
0.4 0.55 0.23677 0.356999 
0.45 0.55 0.262362 0.397602 
0.5 0.55 0.278514 0.439825 
0.55 0.55 0.284756 0.482445 
0.6 0.55 0.280934 0.524482 
0.65 0.55 0.267188 0.565055 
0.7 0.55 0.24396 0.603235 
0.75 0.55 0.211992 0.637943 
0.8 0.55 0.172339 0.667924 
0.85 0.55 0.126355 0.691821 
0.9 0.55 0.0756742 0.708337 
0.95 0.55 0.0221556 0.71645 
1 0.55 -0.0321987 0.71562 
1.05 0.55 -0.0853423 0.705904 
1.1 0.55 -0.135292 0.687941 
1.15 0.55 -0.180224 0.662818 
1.2 0.55 -0.218551 0.63186 
1.25 0.55 -0.248971 0.596413 
1.3 0.55 -0.270484 0.557701 
1.35 0.55 -0.282401 0.51677 
1.4 0.55 -0.284333 0.474528 
1.45 0.55 -0.276189 0.431864 
1.5 0.55 -0.258178 0.389795 
1.55 0.55 -0.230821 0.3496 
1.6 0.55 -0.19497 0.312889 
1.65 0.55 -0.151814 0.281558 
1.7 0.55 -0.102874 0.257601 
1.75 0.55 -0.0499602 0.242798 
1.8 0.55 0.0049013 0.238368 
1.85 0.55 0.0595718 0.244695 
1.9 0.55 0.111924 0.261234 
1.95 0.55 0.159963 0.286642 
2 0.55 0.201926 0.319075 
2.05 0.55 0.236348 0.356536 
2.1 0.55 0.262101 0.397173 
2.15 0.55 0.278393 0.439432 
2.2 0.55 0.284758 0.48209 
2.25 0.55 0.281042 0.524164 
2.3 0.55 0.267387 0.564772 
2.35 0.55 0.244236 0.602988 
2.4 0.55 0.212332 0.637737 
2.45 0.55 0.172728 0.667766 
2.5 0.55 0.12678 0.691718 
2.55 0.55 0.0761197 0.708295 
2.6 0.55 0.0226061 0.716475 
2.65 0.55 -0.0317587 0.715714 
2.7 0.55 -0.0849281 0.706062 
2.75 0.55 -0.134917 0.688157 
2.8 0.55 -0.179902 0.663083 
2.85 0.55 -0.218292 0.632163 
2.9 0.55 -0.248783 0.596745 
2.95 0.55 -0.270373 0.558054 
3 0.55 -0.282371 0.517136 
3.05 0.55 -0.284386 0.4749 
3.1 0.55 -0.276324 0.432235 
3.15 0.55 -0.258391 0.390155 
3.2 0.55 -0.231107 0.349937 
3.25 0.55 -0.19532 0.313188 
3.3 0.55 -0.152217 0.281802 
3.35 0.55 -0.103316 0.257774 
3.4 0.55 -0.0504242 0.242887 
3.45 0.55 0.00443241 0.238366 
3.5 0.55 0.0591161 0.244604 
3.55 0.55 0.111499 0.261062 
3.6 0.55 0.159584 0.286404 
3.65 0.55 0.201607 0.318787 
3.7 0.55 0.2361 0.356216 
3.75 0.55 0.261931 0.396835 
3.8 0.55 0.278307 0.439087 
3.85 0.55 0.284759 0.481748 
3.9 0.55 0.281129 0.523832 
3.95 0.55 0.267559 0.564458 
4 0.55 0.244487 0.602701 
4.05 0.55 0.212656 0.637488 
4.1 0.55 0.173116 0.667566 
4.15 0.55 0.12722 0.691581 
4.2 0.55 0.0765997 0.708232 
4.25 0.55 0.0231132 0.716491 
4.3 0.55 -0.0312362 0.715809 
4.35 0.55 -0.0843989 0.70623 
4.4 0.55 -0.134386 0.688382 
4.45 0.55 -0.179365 0.663344 
4.5 0.55 -0.21774 0.632434 
4.55 0.55 -0.248195 0.596997 
4.6 0.55 -0.269721 0.558258 
4.65 0.55 -0.281616 0.517266 
4.7 0.55 -0.28348 0.474936 
4.75 0.55 -0.275214 0.432166 
4.8 0.55 -0.257023 0.389988 
4.85 0.55 -0.229433 0.349701 
4.9 0.55 -0.193308 0.312939 
4.95 0.55 -0.149871 0.281624 
5 0.55 -0.1007 0.257764 
0 0.6 -0.141721 0.26311 
0.05 0.6 -0.0954746 0.238171 
0.1 0.6 -0.045492 0.22277 
0.15 0.6 0.00633055 0.218252 
0.2 0.6 0.05796 0.225032 
0.25 0.6 0.10736 0.242486 
0.3 0.6 0.15262 0.269098 
0.35 0.6 0.192056 0.302806 
0.4 0.6 0.224286 0.341394 
0.45 0.6 0.248253 0.382816 
0.5 0.6 0.263236 0.425376 
0.55 0.6 0.268827 0.467755 
0.6 0.6 0.264917 0.508927 
0.65 0.6 0.251681 0.548032 
0.7 0.6 0.229567 0.584233 
0.75 0.6 0.199304 0.616628 
0.8 0.6 0.161898 0.644215 
0.85 0.6 0.118627 0.665941 
0.9 0.6 0.0710153 0.680823 
0.95 0.6 0.0207853 0.688094 
1 0.6 -0.030215 0.68735 
1.05 0.6 -0.080099 0.678635 
1.1 0.6 -0.127035 0.662425 
1.15 0.6 -0.169332 0.639536 
1.2 0.6 -0.205506 0.610977 
1.25 0.6 -0.234325 0.577794 
1.3 0.6 -0.254832 0.540973 
1.35 0.6 -0.266347 0.501397 
1.4 0.6 -0.268466 0.459899 
1.45 0.6 -0.261063 0.417358 
1.5 0.6 -0.244297 0.374847 
1.55 0.6 -0.218626 0.333754 
1.6 0.6 -0.18483 0.295854 
1.65 0.6 -0.144023 0.26325 
1.7 0.6 -0.0976469 0.238169 
1.75 0.6 -0.0474367 0.222609 
1.8 0.6 0.00465474 0.217944 
1.85 0.6 0.0565616 0.224607 
1.9 0.6 0.106229 0.241982 
1.95 0.6 0.151737 0.268558 
2 0.6 0.191398 0.302266 
2.05 0.6 0.223825 0.34088 
2.1 0.6 0.247965 0.382344 
2.15 0.6 0.263096 0.424953 
2.2 0.6 0.268815 0.46738 
2.25 0.6 0.265013 0.5086 
2.3 0.6 0.251868 0.54775 
2.35 0.6 0.229829 0.583996 
2.4 0.6 0.199627 0.616437 
2.45 0.6 0.162268 0.644073 
2.5 0.6 0.11903 0.665854 
2.55 0.6 0.0714371 0.680794 
2.6 0.6 0.0212111 0.688125 
2.65 0.6 -0.0297996 0.687444 
2.7 0.6 -0.0797081 0.678787 
2.75 0.6 -0.126682 0.66263 
2.8 0.6 -0.169027 0.639788 
2.85 0.6 -0.20526 0.611267 
2.9 0.6 -0.234146 0.578115 
2.95 0.6 -0.254726 0.541318 
3 0.6 -0.266316 0.50176 
3.05 0.6 -0.268513 0.460272 
3.1 0.6 -0.261188 0.417735 
3.15 0.6 -0.244497 0.375216 
3.2 0.6 -0.218896 0.334103 
3.25 0.6 -0.185161 0.296166 
3.3 0.6 -0.144405 0.263507 
3.35 0.6 -0.098066 0.238351 
3.4 0.6 -0.0478775 0.222703 
3.45 0.6 0.00420928 0.217943 
3.5 0.6 0.0561289 0.224511 
3.55 0.6 0.105826 0.241802 
3.6 0.6 0.151378 0.26831 
3.65 0.6 0.191096 0.30197 
3.7 0.6 0.223591 0.340553 
3.75 0.6 0.247805 0.382003 
3.8 0.6 0.263016 0.42461 
3.85 0.6 0.268815 0.467045 
3.9 0.6 0.265095 0.508281 
3.95 0.6 0.252027 0.547454 
4 0.6 0.230062 0.58373 
4.05 0.6 0.199925 0.61621 
4.1 0.6 0.162623 0.643893 
4.15 0.6 0.119431 0.665729 
4.2 0.6 0.0718732 0.68073 
4.25 0.6 0.0216705 0.688126 
4.3 0.6 -0.0293269 0.687505 
4.35 0.6 -0.0792288 0.678899 
4.4 0.6 -0.126197 0.662778 
4.45 0.6 -0.168533 0.639949 
4.5 0.6 -0.204743 0.611415 
4.55 0.6 -0.233583 0.578222 
4.6 0.6 -0.254084 0.541354 
4.65 0.6 -0.265554 0.501699 
4.7 0.6 -0.267581 0.460094 
4.75 0.6 -0.260029 0.417431 
4.8 0.6 -0.243056 0.374799 
4.85 0.6 -0.217126 0.333611 
4.9 0.6 -0.183036 0.295671 
4.95 0.6 -0.141936 0.26311 
5 0.6 -0.0953303 0.238171 
0 0.65 -0.128601 0.24252 
0.05 0.65 -0.0866195 0.217333 
0.1 0.65 -0.0412012 0.201758 
0.15 0.65 0.00590771 0.197215 
0.2 0.65 0.0528309 0.204136 
0.25 0.65 0.0976899 0.221855 
0.3 0.65 0.138727 0.248767 
0.35 0.65 0.174404 0.282695 
0.4 0.65 0.203467 0.321308 
0.45 0.65 0.224975 0.362465 
0.5 0.65 0.238297 0.404393 
0.55 0.65 0.243096 0.445723 
0.6 0.65 0.239307 0.48541 
0.65 0.65 0.227119 0.522617 
0.7 0.65 0.206968 0.556586 
0.75 0.65 0.179532 0.586562 
0.8 0.65 0.145733 0.611757 
0.85 0.65 0.106722 0.631377 
0.9 0.65 0.0638635 0.6447 
0.95 0.65 0.018687 0.651175 
1 0.65 -0.027171 0.650513 
1.05 0.65 -0.0720415 0.642745 
1.1 0.65 -0.114302 0.628211 
1.15 0.65 -0.152447 0.6075 
1.2 0.65 -0.185149 0.581354 
1.25 0.65 -0.211294 0.550567 
1.3 0.65 -0.230003 0.515922 
1.35 0.65 -0.240638 0.478168 
1.4 0.65 -0.242805 0.438068 
1.45 0.65 -0.236355 0.396491 
1.5 0.65 -0.221399 0.354534 
1.55 0.65 -0.19832 0.313643 
1.6 0.65 -0.167803 0.275675 
1.65 0.65 -0.130846 0.242837 
1.7 0.65 -0.0887589 0.217472 
1.75 0.65 -0.0431323 0.201693 
1.8 0.65 0.00423318 0.196957 
1.85 0.65 0.051428 0.203721 
1.9 0.65 0.0965535 0.221334 
1.95 0.65 0.13784 0.248195 
2 0.65 0.173742 0.282117 
2.05 0.65 0.203004 0.320759 
2.1 0.65 0.224684 0.361964 
2.15 0.65 0.238153 0.403949 
2.2 0.65 0.243076 0.445338 
2.25 0.65 0.23939 0.485082 
2.3 0.65 0.227288 0.522342 
2.35 0.65 0.207207 0.556362 
2.4 0.65 0.179828 0.586388 
2.45 0.65 0.14607 0.611633 
2.5 0.65 0.107089 0.631305 
2.55 0.65 0.064246 0.644682 
2.6 0.65 0.0190724 0.651213 
2.65 0.65 -0.0267955 0.650607 
2.7 0.65 -0.0716882 0.642891 
2.75 0.65 -0.113982 0.628406 
2.8 0.65 -0.152172 0.607739 
2.85 0.65 -0.184927 0.58163 
2.9 0.65 -0.211131 0.550875 
2.95 0.65 -0.229905 0.516255 
3 0.65 -0.240609 0.478521 
3.05 0.65 -0.242846 0.438436 
3.1 0.65 -0.236467 0.396864 
3.15 0.65 -0.221579 0.354903 
3.2 0.65 -0.198564 0.313994 
3.25 0.65 -0.168103 0.27599 
3.3 0.65 -0.131193 0.243096 
3.35 0.65 -0.0891399 0.217657 
3.4 0.65 -0.0435333 0.201789 
3.45 0.65 0.00382795 0.196955 
3.5 0.65 0.0510346 0.203624 
3.55 0.65 0.0961872 0.221152 
3.6 0.65 0.137514 0.247945 
3.65 0.65 0.173469 0.28182 
3.7 0.65 0.202793 0.320433 
3.75 0.65 0.224541 0.361627 
3.8 0.65 0.238081 0.403615 
3.85 0.65 0.243077 0.445015 
3.9 0.65 0.239463 0.484779 
3.95 0.65 0.22743 0.522064 
4 0.65 0.207413 0.556116 
4.05 0.65 0.18009 0.586179 
4.1 0.65 0.146381 0.611467 
4.15 0.65 0.107439 0.631187 
4.2 0.65 0.0646246 0.644615 
4.25 0.65 0.0194697 0.651194 
4.3 0.65 -0.0263876 0.650632 
4.35 0.65 -0.0712748 0.642949 
4.4 0.65 -0.113563 0.628479 
4.45 0.65 -0.151741 0.607805 
4.5 0.65 -0.184469 0.581664 
4.55 0.65 -0.210624 0.550849 
4.6 0.65 -0.229314 0.51614 
4.65 0.65 -0.239892 0.478291 
4.7 0.65 -0.241955 0.438071 
4.75 0.65 -0.235347 0.39636 
4.8 0.65 -0.220177 0.354275 
4.85 0.65 -0.196839 0.31329 
4.9 0.65 -0.166033 0.275292 
4.95 0.65 -0.128794 0.24252 
5 0.65 -0.08649 0.217333 
0 0.7 -0.110941 0.218705 
0.05 0.7 -0.0747229 0.194344 
0.1 0.7 -0.0355006 0.179273 
0.15 0.7 0.00519661 0.174898 
0.2 0.7 0.0457237 0.181644 
0.25 0.7 0.0844355 0.198845 
0.3 0.7 0.119797 0.224904 
0.35 0.7 0.150475 0.257663 
0.4 0.7 0.175389 0.294816 
0.45 0.7 0.193742 0.334248 
0.5 0.7 0.205012 0.374207 
0.55 0.7 0.208934 0.413339 
0.6 0.7 0.205479 0.45062 
0.65 0.7 0.194836 0.485249 
0.7 0.7 0.177399 0.51654 
0.75 0.7 0.153768 0.543857 
0.8 0.7 0.124739 0.566578 
0.85 0.7 0.0913032 0.58411 
0.9 0.7 0.0546178 0.59593 
0.95 0.7 0.0159777 0.601648 
1 0.7 -0.0232367 0.601065 
1.05 0.7 -0.0616188 0.594199 
1.1 0.7 -0.0977992 0.581288 
1.15 0.7 -0.130504 0.562751 
1.2 0.7 -0.158602 0.539125 
1.25 0.7 -0.181136 0.51101 
1.3 0.7 -0.197343 0.479029 
1.35 0.7 -0.206656 0.443823 
1.4 0.7 -0.208715 0.40609 
1.45 0.7 -0.203366 0.366666 
1.5 0.7 -0.190675 0.326632 
1.55 0.7 -0.170949 0.287419 
1.6 0.7 -0.144758 0.250862 
1.65 0.7 -0.11295 0.219144 
1.7 0.7 -0.0766571 0.194586 
1.75 0.7 -0.0372625 0.179285 
1.8 0.7 0.0036577 0.174688 
1.85 0.7 0.0444281 0.181253 
1.9 0.7 0.0833833 0.19833 
1.95 0.7 0.118975 0.224326 
2 0.7 0.149862 0.257075 
2.05 0.7 0.174961 0.294258 
2.1 0.7 0.193473 0.333741 
2.15 0.7 0.204878 0.373762 
2.2 0.7 0.208913 0.412958 
2.25 0.7 0.205551 0.450301 
2.3 0.7 0.194983 0.484987 
2.35 0.7 0.177607 0.516332 
2.4 0.7 0.154024 0.5437 
2.45 0.7 0.125032 0.566471 
2.5 0.7 0.0916199 0.584053 
2.55 0.7 0.0549475 0.595923 
2.6 0.7 0.0163093 0.601691 
2.65 0.7 -0.0229139 0.601157 
2.7 0.7 -0.0613153 0.594338 
2.75 0.7 -0.0975247 0.581471 
2.8 0.7 -0.130267 0.562974 
2.85 0.7 -0.15841 0.539383 
2.9 0.7 -0.180995 0.511299 
2.95 0.7 -0.197257 0.479344 
3 0.7 -0.20663 0.444159 
3.05 0.7 -0.208749 0.406441 
3.1 0.7 -0.203461 0.367025 
3.15 0.7 -0.190829 0.326988 
3.2 0.7 -0.171158 0.287758 
3.25 0.7 -0.145016 0.251167 
3.3 0.7 -0.113249 0.219395 
3.35 0.7 -0.0769861 0.194766 
3.4 0.7 -0.037609 0.179378 
3.45 0.7 0.00330749 0.174687 
3.5 0.7 0.0440883 0.181159 
3.55 0.7 0.0830672 0.198153 
3.6 0.7 0.118695 0.224085 
3.65 0.7 0.149627 0.256789 
3.7 0.7 0.17478 0.293945 
3.75 0.7 0.193351 0.33342 
3.8 0.7 0.204817 0.373445 
3.85 0.7 0.208913 0.412655 
3.9 0.7 0.205612 0.450019 
3.95 0.7 0.195102 0.484731 
4 0.7 0.17778 0.516106 
4.05 0.7 0.154243 0.54351 
4.1 0.7 0.125291 0.566319 
4.15 0.7 0.0919097 0.583941 
4.2 0.7 0.0552594 0.595851 
4.25 0.7 0.016635 0.601655 
4.3 0.7 -0.022581 0.601149 
4.35 0.7 -0.0609787 0.594347 
4.4 0.7 -0.0971833 0.58148 
4.45 0.7 -0.129914 0.562961 
4.5 0.7 -0.158031 0.539324 
4.55 0.7 -0.180568 0.511167 
4.6 0.7 -0.19675 0.479111 
4.65 0.7 -0.206004 0.443801 
4.7 0.7 -0.20796 0.405942 
4.75 0.7 -0.202459 0.366381 
4.8 0.7 -0.18957 0.326221 
4.85 0.7 -0.169607 0.286919 
4.9 0.7 -0.143157 0.250342 
4.95 0.7 -0.1111 0.218705 
5 0.7 -0.0746157 0.194344 
0 0.75 -0.0897644 0.190995 
0.05 0.75 -0.0604671 0.168667 
0.1 0.75 -0.0287081 0.154856 
0.15 0.75 0.00425435 0.150863 
0.2 0.75 0.0370691 0.157077 
0.25 0.75 0.0683875 0.172877 
0.3 0.75 0.0969553 0.196782 
0.35 0.75 0.121688 0.226792 
0.4 0.75 0.141717 0.260772 
0.45 0.75 0.15641 0.296761 
0.5 0.75 0.16536 0.333132 
0.55 0.75 0.168374 0.368622 
0.6 0.75 0.165448 0.402276 
0.65 0.75 0.156752 0.433355 
0.7 0.75 0.142619 0.461251 
0.75 0.75 0.123541 0.485428 
0.8 0.75 0.100166 0.505394 
0.85 0.75 0.0732858 0.520699 
0.9 0.75 0.0438271 0.530965 
0.95 0.75 0.0128184 0.535915 
1 0.75 -0.0186455 0.53541 
1.05 0.75 -0.0494498 0.529463 
1.1 0.75 -0.0785081 0.51824 
1.15 0.75 -0.104807 0.502038 
1.2 0.75 -0.127443 0.481248 
1.25 0.75 -0.145645 0.456328 
1.3 0.75 -0.158793 0.427777 
1.35 0.75 -0.166421 0.396139 
1.4 0.75 -0.168222 0.362042 
1.45 0.75 -0.164053 0.326256 
1.5 0.75 -0.153948 0.289793 
1.55 0.75 -0.138134 0.253987 
1.6 0.75 -0.117057 0.220542 
1.65 0.75 -0.0913926 0.191483 
1.7 0.75 -0.0620554 0.168961 
1.75 0.75 -0.0301733 0.154919 
1.8 0.75 0.00296223 0.1507 
1.85 0.75 0.0359746 0.156726 
1.9 0.75 0.0674959 0.172396 
1.95 0.75 0.0962584 0.196234 
2 0.75 0.121169 0.226231 
2.05 0.75 0.141356 0.260238 
2.1 0.75 0.156184 0.296278 
2.15 0.75 0.165248 0.33271 
2.2 0.75 0.168356 0.368264 
2.25 0.75 0.165507 0.40198 
2.3 0.75 0.156873 0.433116 
2.35 0.75 0.14279 0.461065 
2.4 0.75 0.123751 0.485292 
2.45 0.75 0.100403 0.505305 
2.5 0.75 0.0735425 0.520656 
2.55 0.75 0.0440936 0.530966 
2.6 0.75 0.0130859 0.53596 
2.65 0.75 -0.0183855 0.535498 
2.7 0.75 -0.0492055 0.529592 
2.75 0.75 -0.0782871 0.518407 
2.8 0.75 -0.104616 0.50224 
2.85 0.75 -0.127288 0.481483 
2.9 0.75 -0.145531 0.456591 
2.95 0.75 -0.158724 0.428064 
3 0.75 -0.166399 0.396446 
3.05 0.75 -0.168249 0.362363 
3.1 0.75 -0.164129 0.326585 
3.15 0.75 -0.154071 0.290119 
3.2 0.75 -0.138302 0.254298 
3.25 0.75 -0.117265 0.220822 
3.3 0.75 -0.0916341 0.191714 
3.35 0.75 -0.0623216 0.169127 
3.4 0.75 -0.0304539 0.155005 
3.45 0.75 0.00267858 0.150698 
3.5 0.75 0.0356995 0.156639 
3.55 0.75 0.0672402 0.172235 
3.6 0.75 0.0960321 0.196013 
3.65 0.75 0.12098 0.225969 
3.7 0.75 0.141211 0.259953 
3.75 0.75 0.156085 0.295985 
3.8 0.75 0.165199 0.332422 
3.85 0.75 0.168356 0.36799 
3.9 0.75 0.165556 0.401725 
3.95 0.75 0.156968 0.432886 
4 0.75 0.142926 0.460864 
4.05 0.75 0.123923 0.485122 
4.1 0.75 0.100605 0.505167 
4.15 0.75 0.0737675 0.520551 
4.2 0.75 0.0443343 0.530892 
4.25 0.75 0.0133358 0.535911 
4.3 0.75 -0.0181315 0.535466 
4.35 0.75 -0.0489499 0.529565 
4.4 0.75 -0.0780285 0.51837 
4.45 0.75 -0.104348 0.502172 
4.5 0.75 -0.126998 0.481361 
4.55 0.75 -0.145199 0.456391 
4.6 0.75 -0.158324 0.427762 
4.65 0.75 -0.165897 0.39602 
4.7 0.75 -0.167608 0.3618 
4.75 0.75 -0.163309 0.325885 
4.8 0.75 -0.153036 0.289306 
4.85 0.75 -0.137026 0.253422 
4.9 0.75 -0.11574 0.219968 
4.95 0.75 -0.0898785 0.190995 
5 0.75 -0.06039 0.168667 
0 0.8 -0.0665215 0.159168 
0.05 0.8 -0.0448178 0.140056 
0.1 0.8 -0.0212717 0.128245 
0.15 0.8 0.00316756 0.12484 
0.2 0.8 0.0274867 0.130173 
0.25 0.8 0.050676 0.143707 
0.3 0.8 0.0717992 0.164178 
0.35 0.8 0.0900509 0.18987 
0.4 0.8 0.104792 0.218956 
0.45 0.8 0.115563 0.249745 
0.5 0.8 0.122077 0.280831 
0.55 0.8 0.124203 0.311117 
0.6 0.8 0.121953 0.339768 
0.65 0.8 0.115464 0.366143 
0.7 0.8 0.104989 0.389726 
0.75 0.8 0.0908976 0.410076 
0.8 0.8 0.0736667 0.426806 
0.85 0.8 0.0538802 0.439579 
0.9 0.8 0.0322146 0.448118 
0.95 0.8 0.00942045 0.452227 
1 0.8 -0.0137051 0.451808 
1.05 0.8 -0.0363506 0.44687 
1.1 0.8 -0.0577247 0.437529 
1.15 0.8 -0.0770881 0.423997 
1.2 0.8 -0.093779 0.406561 
1.25 0.8 -0.107231 0.385567 
1.3 0.8 -0.116985 0.36141 
1.35 0.8 -0.122689 0.334541 
1.4 0.8 -0.12411 0.305495 
1.45 0.8 -0.121129 0.274944 
1.5 0.8 -0.113758 0.24377 
1.55 0.8 -0.102151 0.213132 
1.6 0.8 -0.0866245 0.184505 
1.65 0.8 -0.0676729 0.159631 
1.7 0.8 -0.0459706 0.140352 
1.75 0.8 -0.0223585 0.128333 
1.8 0.8 0.00219527 0.124722 
1.85 0.8 0.0266565 0.12988 
1.9 0.8 0.0499975 0.143293 
1.95 0.8 0.0712691 0.163698 
2 0.8 0.0896575 0.189377 
2.05 0.8 0.10452 0.218484 
2.1 0.8 0.115394 0.249318 
2.15 0.8 0.121994 0.28046 
2.2 0.8 0.124192 0.310804 
2.25 0.8 0.122 0.339511 
2.3 0.8 0.115557 0.365938 
2.35 0.8 0.105118 0.389569 
2.4 0.8 0.0910544 0.409963 
2.45 0.8 0.0738438 0.426735 
2.5 0.8 0.0540706 0.439547 
2.55 0.8 0.0324118 0.448125 
2.6 0.8 0.009618 0.452271 
2.65 0.8 -0.0135134 0.451887 
2.7 0.8 -0.0361705 0.446983 
2.75 0.8 -0.0575619 0.437674 
2.8 0.8 -0.0769473 0.424171 
2.85 0.8 -0.0936646 0.406762 
2.9 0.8 -0.107147 0.385793 
2.95 0.8 -0.116933 0.361657 
3 0.8 -0.122673 0.334805 
3.05 0.8 -0.124129 0.305771 
3.1 0.8 -0.121184 0.275227 
3.15 0.8 -0.113848 0.24405 
3.2 0.8 -0.102275 0.213399 
3.25 0.8 -0.0867783 0.184746 
3.3 0.8 -0.0678515 0.159829 
3.35 0.8 -0.0461677 0.140494 
3.4 0.8 -0.0225664 0.128406 
3.45 0.8 0.00198507 0.124721 
3.5 0.8 0.0264527 0.129806 
3.55 0.8 0.0498084 0.143154 
3.6 0.8 0.0711018 0.163509 
3.65 0.8 0.0895181 0.189152 
3.7 0.8 0.104413 0.21824 
3.75 0.8 0.115322 0.249068 
3.8 0.8 0.121958 0.280214 
3.85 0.8 0.124192 0.31057 
3.9 0.8 0.122035 0.339295 
3.95 0.8 0.115625 0.365743 
4 0.8 0.105217 0.389398 
4.05 0.8 0.0911782 0.409818 
4.1 0.8 0.0739885 0.426616 
4.15 0.8 0.0542308 0.439454 
4.2 0.8 0.032582 0.448054 
4.25 0.8 0.00979337 0.452217 
4.3 0.8 -0.0133366 0.451843 
4.35 0.8 -0.035994 0.446937 
4.4 0.8 -0.0573843 0.437612 
4.45 0.8 -0.0767636 0.424076 
4.5 0.8 -0.0934646 0.406614 
4.55 0.8 -0.106915 0.38557 
4.6 0.8 -0.11665 0.36134 
4.65 0.8 -0.122312 0.334377 
4.7 0.8 -0.123662 0.305222 
4.75 0.8 -0.120582 0.27456 
4.8 0.8 -0.113084 0.243289 
4.85 0.8 -0.101334 0.212592 
4.9 0.8 -0.085661 0.183964 
4.95 0.8 -0.0665788 0.159168 
5 0.8 -0.0447789 0.140056 
0 0.85 -0.0431433 0.123432 
0.05 0.85 -0.0290647 0.108521 
0.1 0.85 -0.0137919 0.0993205 
0.15 0.85 0.00205041 0.096676 
0.2 0.85 0.0178032 0.100837 
0.25 0.85 0.0328089 0.11139 
0.3 0.85 0.046458 0.127357 
0.35 0.85 0.0582287 0.147414 
0.4 0.85 0.0677108 0.170138 
0.45 0.85 0.0746132 0.194209 
0.5 0.85 0.078759 0.21852 
0.55 0.85 0.0800735 0.242197 
0.6 0.85 0.0785715 0.264577 
0.65 0.85 0.0743474 0.285147 
0.7 0.85 0.0675692 0.303501 
0.75 0.85 0.0584759 0.319302 
0.8 0.85 0.0473757 0.332259 
0.85 0.85 0.0346424 0.342128 
0.9 0.85 0.0207091 0.348714 
0.95 0.85 0.00605522 0.351879 
1 0.85 -0.0088103 0.351556 
1.05 0.85 -0.0233694 0.347751 
1.1 0.85 -0.0371168 0.340545 
1.15 0.85 -0.04958 0.330085 
1.2 0.85 -0.0603355 0.316574 
1.25 0.85 -0.06902 0.300265 
1.3 0.85 -0.0753365 0.281455 
1.35 0.85 -0.0790574 0.260492 
1.4 0.85 -0.0800262 0.237797 
1.45 0.85 -0.0781605 0.213909 
1.5 0.85 -0.073459 0.189529 
1.55 0.85 -0.0660128 0.165579 
1.6 0.85 -0.0560182 0.143217 
1.65 0.85 -0.0437888 0.123805 
1.7 0.85 -0.0297597 0.108774 
1.75 0.85 -0.0144782 0.0994104 
1.8 0.85 0.00142167 0.0965978 
1.85 0.85 0.0172608 0.100615 
1.9 0.85 0.0323643 0.111067 
1.95 0.85 0.0461112 0.126979 
2 0.85 0.0579727 0.147022 
2.05 0.85 0.0675349 0.169762 
2.1 0.85 0.0745057 0.193869 
2.15 0.85 0.0787083 0.218223 
2.2 0.85 0.0800691 0.241948 
2.25 0.85 0.0786043 0.264373 
2.3 0.85 0.0744097 0.284986 
2.35 0.85 0.0676545 0.303379 
2.4 0.85 0.0585787 0.319215 
2.45 0.85 0.047491 0.332206 
2.5 0.85 0.0347659 0.342107 
2.55 0.85 0.0208366 0.348722 
2.6 0.85 0.00618266 0.351916 
2.65 0.85 -0.00868679 0.35162 
2.7 0.85 -0.0232535 0.347842 
2.75 0.85 -0.037012 0.34066 
2.8 0.85 -0.0494894 0.330222 
2.85 0.85 -0.0602618 0.316733 
2.9 0.85 -0.0689654 0.300443 
2.95 0.85 -0.0753029 0.281649 
3 0.85 -0.0790462 0.260699 
3.05 0.85 -0.080038 0.238014 
3.1 0.85 -0.0781956 0.214131 
3.15 0.85 -0.0735171 0.189749 
3.2 0.85 -0.0660925 0.165788 
3.25 0.85 -0.0561173 0.143406 
3.3 0.85 -0.0439042 0.12396 
3.35 0.85 -0.0298872 0.108885 
3.4 0.85 -0.0146128 0.0994676 
3.45 0.85 0.00128556 0.096597 
3.5 0.85 0.0171288 0.100558 
3.55 0.85 0.032242 0.110959 
3.6 0.85 0.0460033 0.126831 
3.65 0.85 0.0578829 0.146847 
3.7 0.85 0.067466 0.169572 
3.75 0.85 0.0744595 0.193673 
3.8 0.85 0.0786855 0.218031 
3.85 0.85 0.0800695 0.241765 
3.9 0.85 0.0786271 0.264204 
3.95 0.85 0.0744533 0.284834 
4 0.85 0.0677167 0.303246 
4.05 0.85 0.0586568 0.319101 
4.1 0.85 0.0475817 0.332112 
4.15 0.85 0.0348658 0.342031 
4.2 0.85 0.020942 0.348662 
4.25 0.85 0.00629025 0.351866 
4.3 0.85 -0.00857945 0.351575 
4.35 0.85 -0.0231476 0.347792 
4.4 0.85 -0.0369066 0.340595 
4.45 0.85 -0.049381 0.330127 
4.5 0.85 -0.0601437 0.316592 
4.55 0.85 -0.0688275 0.300241 
4.6 0.85 -0.0751313 0.28137 
4.65 0.85 -0.0788239 0.260331 
4.7 0.85 -0.079746 0.23755 
4.75 0.85 -0.0778148 0.213576 
4.8 0.85 -0.0730324 0.189125 
4.85 0.85 -0.0654976 0.165134 
4.9 0.85 -0.0554208 0.14278 
4.95 0.85 -0.0431321 0.123432 
5 0.85 -0.0290719 0.108521 
0 0.9 -0.0221092 0.0843683 
0.05 0.9 -0.0148667 0.0742958 
0.1 0.9 -0.00704732 0.0680977 
0.15 0.9 0.00104103 0.0663209 
0.2 0.9 0.00907211 0.0691256 
0.25 0.9 0.0167129 0.0762388 
0.3 0.9 0.0236521 0.0870142 
0.35 0.9 0.0296239 0.100572 
0.4 0.9 0.0344215 0.11596 
0.45 0.9 0.0379009 0.132286 
0.5 0.9 0.0399768 0.148794 
0.55 0.9 0.0406162 0.164883 
0.6 0.9 0.0398306 0.180091 
0.65 0.9 0.0376707 0.194064 
0.7 0.9 0.0342228 0.206519 
0.75 0.9 0.0296082 0.217229 
0.8 0.9 0.0239826 0.226 
0.85 0.9 0.0175341 0.232672 
0.9 0.9 0.0104808 0.23712 
0.95 0.9 0.00306433 0.239256 
1 0.9 -0.0044589 0.239038 
1.05 0.9 -0.0118277 0.23647 
1.1 0.9 -0.0187874 0.231602 
1.15 0.9 -0.0251 0.224528 
1.2 0.9 -0.0305523 0.21538 
1.25 0.9 -0.0349611 0.204323 
1.3 0.9 -0.0381766 0.191555 
1.35 0.9 -0.040083 0.177313 
1.4 0.9 -0.0405993 0.16189 
1.45 0.9 -0.0396806 0.145659 
1.5 0.9 -0.0373221 0.129107 
1.55 0.9 -0.0335651 0.112868 
1.6 0.9 -0.0285044 0.0977315 
1.65 0.9 -0.0222962 0.0846159 
1.7 0.9 -0.0151607 0.0744778 
1.75 0.9 -0.00737811 0.0681701 
1.8 0.9 0.000724532 0.0662768 
1.85 0.9 0.00879569 0.0689814 
1.9 0.9 0.0164863 0.076023 
1.95 0.9 0.0234762 0.0867586 
2 0.9 0.0294952 0.100305 
2.05 0.9 0.0343343 0.115702 
2.1 0.9 0.0378487 0.132052 
2.15 0.9 0.0399535 0.14859 
2.2 0.9 0.0406163 0.164712 
2.25 0.9 0.0398493 0.179952 
2.3 0.9 0.0377039 0.193954 
2.35 0.9 0.0342673 0.206436 
2.4 0.9 0.0296613 0.217171 
2.45 0.9 0.0240417 0.225965 
2.5 0.9 0.0175971 0.232659 
2.55 0.9 0.0105457 0.237127 
2.6 0.9 0.00312898 0.239283 
2.65 0.9 -0.00439633 0.239083 
2.7 0.9 -0.011769 0.236533 
2.75 0.9 -0.0187344 0.231681 
2.8 0.9 -0.0250542 0.224623 
2.85 0.9 -0.0305149 0.215489 
2.9 0.9 -0.0349334 0.204445 
2.95 0.9 -0.0381595 0.191688 
3 0.9 -0.0400771 0.177455 
3.05 0.9 -0.0406051 0.162038 
3.1 0.9 -0.0396982 0.14581 
3.15 0.9 -0.0373514 0.129256 
3.2 0.9 -0.0336054 0.11301 
3.25 0.9 -0.0285547 0.0978589 
3.3 0.9 -0.0223549 0.0847208 
3.35 0.9 -0.0152256 0.0745526 
3.4 0.9 -0.00744667 0.0682088 
3.45 0.9 0.000655191 0.0662764 
3.5 0.9 0.00872852 0.0689427 
3.55 0.9 0.0164241 0.0759504 
3.6 0.9 0.0234214 0.086659 
3.65 0.9 0.0294497 0.100186 
3.7 0.9 0.0342995 0.115573 
3.75 0.9 0.0378254 0.131919 
3.8 0.9 0.0399421 0.14846 
3.85 0.9 0.0406166 0.164587 
3.9 0.9 0.0398608 0.179837 
3.95 0.9 0.0377258 0.19385 
4 0.9 0.0342984 0.206345 
4.05 0.9 0.0297002 0.217093 
4.1 0.9 0.0240866 0.2259 
4.15 0.9 0.0176463 0.232605 
4.2 0.9 0.0105971 0.237083 
4.25 0.9 0.00318099 0.239246 
4.3 0.9 -0.00434511 0.239048 
4.35 0.9 -0.0117193 0.236493 
4.4 0.9 -0.0186857 0.231629 
4.45 0.9 -0.0250048 0.224549 
4.5 0.9 -0.0304614 0.215383 
4.55 0.9 -0.0348705 0.204295 
4.6 0.9 -0.0380799 0.191485 
4.65 0.9 -0.0399719 0.177191 
4.7 0.9 -0.0404641 0.16171 
4.75 0.9 -0.0395118 0.145422 
4.8 0.9 -0.0371125 0.128825 
4.85 0.9 -0.0333138 0.112564 
4.9 0.9 -0.0282237 0.097439 
4.95 0.9 -0.0220179 0.0843683 
5 0.9 -0.014928 0.0742958 
0 0.95 -0.00653175 0.0428566 
0.05 0.95 -0.0043106 0.0378505 
0.1 0.95 -0.00203001 0.0347856 
0.15 0.95 0.000297698 0.0339092 
0.2 0.95 0.00260122 0.035297 
0.25 0.95 0.00478932 0.0388179 
0.3 0.95 0.00677277 0.0441606 
0.35 0.95 0.00847533 0.0508978 
0.4 0.95 0.00983859 0.0585631 
0.45 0.95 0.0108229 0.0667144 
0.5 0.95 0.0114057 0.0749724 
0.55 0.95 0.0115795 0.0830322 
0.6 0.95 0.0113486 0.0906572 
0.65 0.95 0.0107283 0.0976649 
0.7 0.95 0.00974335 0.103912 
0.75 0.95 0.00842794 0.109281 
0.8 0.95 0.00682588 0.113676 
0.85 0.95 0.0049903 0.117018 
0.9 0.95 0.00298286 0.119245 
0.95 0.95 0.00087211 0.120314 
1 0.95 -0.00126901 0.120205 
1.05 0.95 -0.00336622 0.11892 
1.1 0.95 -0.00534712 0.116482 
1.15 0.95 -0.00714422 0.112939 
1.2 0.95 -0.00869721 0.108354 
1.25 0.95 -0.00995449 0.10281 
1.3 0.95 -0.0108738 0.0964059 
1.35 0.95 -0.0114225 0.0892632 
1.4 0.95 -0.0115771 0.0815314 
1.45 0.95 -0.0113241 0.0734023 
1.5 0.95 -0.0106607 0.0651253 
1.55 0.95 -0.0095968 0.057021 
1.6 0.95 -0.00815766 0.0494852 
1.65 0.95 -0.00638642 0.0429713 
1.7 0.95 -0.00434551 0.0379473 
1.75 0.95 -0.0021157 0.0348268 
1.8 0.95 0.000207776 0.033891 
1.85 0.95 0.00252203 0.0352279 
1.9 0.95 0.00472494 0.0387124 
1.95 0.95 0.00672344 0.0440344 
2 0.95 0.00843978 0.050765 
2.05 0.95 0.00981499 0.0584344 
2.1 0.95 0.0108093 0.0665969 
2.15 0.95 0.0114003 0.0748698 
2.2 0.95 0.0115805 0.0829457 
2.25 0.95 0.0113547 0.0905866 
2.3 0.95 0.0107384 0.0976092 
2.35 0.95 0.00975647 0.10387 
2.4 0.95 0.00844334 0.109252 
2.45 0.95 0.00684289 0.113659 
2.5 0.95 0.00500833 0.117012 
2.55 0.95 0.00300136 0.119249 
2.6 0.95 0.000890519 0.120328 
2.65 0.95 -0.00125122 0.120228 
2.7 0.95 -0.00334955 0.118951 
2.75 0.95 -0.00533206 0.116522 
2.8 0.95 -0.00713119 0.112986 
2.85 0.95 -0.00868659 0.108409 
2.9 0.95 -0.0099466 0.102871 
2.95 0.95 -0.0108689 0.0964727 
3 0.95 -0.0114207 0.0893345 
3.05 0.95 -0.0115787 0.0816058 
3.1 0.95 -0.011329 0.0734781 
3.15 0.95 -0.010669 0.0652001 
3.2 0.95 -0.00960823 0.057092 
3.25 0.95 -0.00817197 0.0495486 
3.3 0.95 -0.00640317 0.0430234 
3.35 0.95 -0.00436408 0.0379845 
3.4 0.95 -0.00213534 0.034846 
3.45 0.95 0.000187902 0.0338909 
3.5 0.95 0.00250279 0.0352089 
3.55 0.95 0.00470716 0.0386766 
3.6 0.95 0.0067078 0.0439851 
3.65 0.95 0.00842685 0.0507062 
3.7 0.95 0.00980515 0.0583702 
3.75 0.95 0.0108027 0.0665307 
3.8 0.95 0.0113971 0.0748044 
3.85 0.95 0.0115806 0.0828833 
3.9 0.95 0.0113581 0.0905287 
3.95 0.95 0.0107446 0.097557 
4 0.95 0.00976528 0.103824 
4.05 0.95 0.00845429 0.109212 
4.1 0.95 0.00685549 0.113626 
4.15 0.95 0.00502201 0.116984 
4.2 0.95 0.00301555 0.119226 
4.25 0.95 0.000904688 0.120308 
4.3 0.95 -0.0012375 0.120209 
4.35 0.95 -0.00333652 0.118929 
4.4 0.95 -0.00531964 0.116494 
4.45 0.95 -0.00711892 0.112947 
4.5 0.95 -0.0086735 0.108353 
4.55 0.95 -0.00993117 0.102793 
4.6 0.95 -0.010849 0.0963678 
4.65 0.95 -0.0113937 0.089199 
4.7 0.95 -0.0115414 0.0814388 
4.75 0.95 -0.0112786 0.0732825 
4.8 0.95 -0.0106032 0.0649847 
4.85 0.95 -0.00952825 0.0568723 
4.9 0.95 -0.00808766 0.0493456 
4.95 0.95 -0.00634886 0.0428566 
5 0.95 -0.00443432 0.0378505 
0 1 0 0 
0.05 1 0 0 
0.1 1 0 0 
0.15 1 0 0 
0.2 1 0 0 
0.25 1 0 0 
0.3 1 0 0 
0.35 1 0 0 
0.4 1 0 0 
0.45 1 0 0 
0.5 1 0 0 
0.55 1 0 0 
0.6 1 0 0 
0.65 1 0 0 
0.7 1 0 0 
0.75 1 0 0 
0.8 1 0 0 
0.85 1 0 0 
0.9 1 0 0 
0.95 1 0 0 
1 1 0 0 
1.05 1 0 0 
1.1 1 0 0 
1.15 1 0 0 
1.2 1 0 0 
1.25 1 0 0 
1.3 1 0 0 
1.35 1 0 0 
1.4 1 0 0 
1.45 1 0 0 
1.5 1 0 0 
1.55 1 0 0 
1.6 1 0 0 
1.65 1 0 0 
1.7 1 0 0 
1.75 1 0 0 
1.8 1 0 0 
1.85 1 0 0 
1.9 1 0 0 
1.95 1 0 0 
2 1 0 0 
2.05 1 0 0 
2.1 1 0 0 
2.15 1 0 0 
2.2 1 0 0 
2.25 1 0 0 
2.3 1 0 0 
2.35 1 0 0 
2.4 1 0 0 
2.45 1 0 0 
2.5 1 0 0 
2.55 1 0 0 
2.6 1 0 0 
2.65 1 0 0 
2.7 1 0 0 
2.75 1 0 0 
2.8 1 0 0 
2.85 1 0 0 
2.9 1 0 0 
2.95 1 0 0 
3 1 0 0 
3.05 1 0 0 
3.1 1 0 0 
3.15 1 0 0 
3.2 1 0 0 
3.25 1 0 0 
3.3 1 0 0 
3.35 1 0 0 
3.4 1 0 0 
3.45 1 0 0 
3.5 1 0 0 
3.55 1 0 0 
3.6 1 0 0 
3.65 1 0 0 
3.7 1 0 0 
3.75 1 0 0 
3.8 1 0 0 
3.85 1 0 0 
3.9 1 0 0 
3.95 1 0 0 
4 1 0 0 
4.05 1 0 0 
4.1 1 0 0 
4.15 1 0 0 
4.2 1 0 0 
4.25 1 0 0 
4.3 1 0 0 
4.35 1 0 0 
4.4 1 0 0 
4.45 1 0 0 
4.5 1 0 0 
4.55 1 0 0 
4.6 1 0 0 
4.65 1 0 0 
4.7 1 0 0 
4.75 1 0 0 
4.8 1 0 0 
4.85 1 0 0 
4.9 1 0 0 
4.95 1 0 0 
5 1 0 0 
