x, y, ksi, T
#iter= 1720000
0 0 0 1 
0.05 0 0 1 
0.1 0 0 1 
0.15 0 0 1 
0.2 0 0 1 
0.25 0 0 1 
0.3 0 0 1 
0.35 0 0 1 
0.4 0 0 1 
0.45 0 0 1 
0.5 0 0 1 
0.55 0 0 1 
0.6 0 0 1 
0.65 0 0 1 
0.7 0 0 1 
0.75 0 0 1 
0.8 0 0 1 
0.85 0 0 1 
0.9 0 0 1 
0.95 0 0 1 
1 0 0 1 
1.05 0 0 1 
1.1 0 0 1 
1.15 0 0 1 
1.2 0 0 1 
1.25 0 0 1 
1.3 0 0 1 
1.35 0 0 1 
1.4 0 0 1 
1.45 0 0 1 
1.5 0 0 1 
1.55 0 0 1 
1.6 0 0 1 
1.65 0 0 1 
1.7 0 0 1 
1.75 0 0 1 
1.8 0 0 1 
1.85 0 0 1 
1.9 0 0 1 
1.95 0 0 1 
2 0 0 1 
2.05 0 0 1 
2.1 0 0 1 
2.15 0 0 1 
2.2 0 0 1 
2.25 0 0 1 
2.3 0 0 1 
2.35 0 0 1 
2.4 0 0 1 
2.45 0 0 1 
2.5 0 0 1 
2.55 0 0 1 
2.6 0 0 1 
2.65 0 0 1 
2.7 0 0 1 
2.75 0 0 1 
2.8 0 0 1 
2.85 0 0 1 
2.9 0 0 1 
2.95 0 0 1 
3 0 0 1 
3.05 0 0 1 
3.1 0 0 1 
3.15 0 0 1 
3.2 0 0 1 
3.25 0 0 1 
3.3 0 0 1 
3.35 0 0 1 
3.4 0 0 1 
3.45 0 0 1 
3.5 0 0 1 
3.55 0 0 1 
3.6 0 0 1 
3.65 0 0 1 
3.7 0 0 1 
3.75 0 0 1 
3.8 0 0 1 
3.85 0 0 1 
3.9 0 0 1 
3.95 0 0 1 
4 0 0 1 
4.05 0 0 1 
4.1 0 0 1 
4.15 0 0 1 
4.2 0 0 1 
4.25 0 0 1 
4.3 0 0 1 
4.35 0 0 1 
4.4 0 0 1 
4.45 0 0 1 
4.5 0 0 1 
4.55 0 0 1 
4.6 0 0 1 
4.65 0 0 1 
4.7 0 0 1 
4.75 0 0 1 
4.8 0 0 1 
4.85 0 0 1 
4.9 0 0 1 
4.95 0 0 1 
5 0 0 1 
0 0.05 -0.00643171 0.884642 
0.05 0.05 -0.00433523 0.881654 
0.1 0.05 -0.00214835 0.879916 
0.15 0.05 6.29662e-05 0.879407 
0.2 0.05 0.00224074 0.880107 
0.25 0.05 0.00432111 0.881991 
0.3 0.05 0.00623948 0.885012 
0.35 0.05 0.00793525 0.889111 
0.4 0.05 0.00935475 0.894211 
0.45 0.05 0.0104527 0.900221 
0.5 0.05 0.0111927 0.907031 
0.55 0.05 0.0115476 0.914505 
0.6 0.05 0.0114995 0.922477 
0.65 0.05 0.0110403 0.930726 
0.7 0.05 0.0101735 0.938969 
0.75 0.05 0.00891667 0.946848 
0.8 0.05 0.00730384 0.953933 
0.85 0.05 0.00538785 0.959758 
0.9 0.05 0.0032407 0.963872 
0.95 0.05 0.000951165 0.965919 
1 0.05 -0.00138067 0.96571 
1.05 0.05 -0.0036512 0.963264 
1.1 0.05 -0.00576191 0.958807 
1.15 0.05 -0.00762682 0.952718 
1.2 0.05 -0.00917743 0.945457 
1.25 0.05 -0.0103645 0.937487 
1.3 0.05 -0.0111573 0.929226 
1.35 0.05 -0.0115414 0.921018 
1.4 0.05 -0.0115156 0.913136 
1.45 0.05 -0.0110904 0.905786 
1.5 0.05 -0.010286 0.899132 
1.55 0.05 -0.00913219 0.893301 
1.6 0.05 -0.00766808 0.8884 
1.65 0.05 -0.00594236 0.884515 
1.7 0.05 -0.00401266 0.881719 
1.75 0.05 -0.00194441 0.880062 
1.8 0.05 0.000191264 0.879576 
1.85 0.05 0.00232031 0.880272 
1.9 0.05 0.00436897 0.882134 
1.95 0.05 0.00626695 0.885128 
2 0.05 0.00795008 0.889199 
2.05 0.05 0.00936228 0.894272 
2.1 0.05 0.0104566 0.900258 
2.15 0.05 0.0111954 0.907046 
2.2 0.05 0.0115508 0.914503 
2.25 0.05 0.0115042 0.92246 
2.3 0.05 0.0110471 0.930699 
2.35 0.05 0.0101827 0.938936 
2.4 0.05 0.00892834 0.946812 
2.45 0.05 0.00731776 0.953901 
2.5 0.05 0.00540363 0.959733 
2.55 0.05 0.00325779 0.963859 
2.6 0.05 0.000968853 0.96592 
2.65 0.05 -0.00136315 0.965727 
2.7 0.05 -0.00363463 0.963296 
2.75 0.05 -0.00574699 0.958852 
2.8 0.05 -0.00761415 0.952774 
2.85 0.05 -0.00916746 0.945519 
2.9 0.05 -0.0103575 0.937552 
2.95 0.05 -0.0111536 0.929292 
3 0.05 -0.0115409 0.921083 
3.05 0.05 -0.0115184 0.913197 
3.1 0.05 -0.0110963 0.905842 
3.15 0.05 -0.0102949 0.899182 
3.2 0.05 -0.00914371 0.893344 
3.25 0.05 -0.00768192 0.888434 
3.3 0.05 -0.00595809 0.884542 
3.35 0.05 -0.00402978 0.881736 
3.4 0.05 -0.00196234 0.880069 
3.45 0.05 0.000173116 0.879574 
3.5 0.05 0.00230257 0.880259 
3.55 0.05 0.00435226 0.882112 
3.6 0.05 0.00625184 0.885097 
3.65 0.05 0.0079371 0.889158 
3.7 0.05 0.00935187 0.894223 
3.75 0.05 0.0104491 0.900201 
3.8 0.05 0.0111913 0.906982 
3.85 0.05 0.0115502 0.914434 
3.9 0.05 0.0115074 0.922387 
3.95 0.05 0.0110541 0.930624 
4 0.05 0.0101937 0.938863 
4.05 0.05 0.00894316 0.946745 
4.1 0.05 0.00733615 0.953845 
4.15 0.05 0.00542516 0.959694 
4.2 0.05 0.0032818 0.963842 
4.25 0.05 0.000994545 0.96593 
4.3 0.05 -0.00133674 0.965767 
4.35 0.05 -0.00360854 0.963369 
4.4 0.05 -0.00572231 0.958957 
4.45 0.05 -0.00759201 0.952909 
4.5 0.05 -0.00914909 0.945681 
4.55 0.05 -0.0103444 0.93774 
4.6 0.05 -0.0111477 0.929501 
4.65 0.05 -0.0115452 0.921312 
4.7 0.05 -0.0115373 0.913442 
4.75 0.05 -0.0111363 0.906098 
4.8 0.05 -0.0103661 0.899438 
4.85 0.05 -0.00926165 0.893584 
4.9 0.05 -0.00787075 0.88863 
4.95 0.05 -0.00625321 0.884642 
5 0.05 -0.0044568 0.881654 
0 0.1 -0.0216992 0.770619 
0.05 0.1 -0.0148395 0.764752 
0.1 0.1 -0.00738731 0.76127 
0.15 0.1 0.000287535 0.760234 
0.2 0.1 0.00789999 0.761621 
0.25 0.1 0.0151922 0.765375 
0.3 0.1 0.021924 0.771401 
0.35 0.1 0.0278761 0.779578 
0.4 0.1 0.0328561 0.789749 
0.45 0.1 0.0367019 0.80173 
0.5 0.1 0.0392843 0.815304 
0.55 0.1 0.0405073 0.830209 
0.6 0.1 0.0403096 0.846115 
0.65 0.1 0.038667 0.862596 
0.7 0.1 0.0355979 0.879095 
0.75 0.1 0.03117 0.8949 
0.8 0.1 0.0255086 0.909149 
0.85 0.1 0.0188024 0.920891 
0.9 0.1 0.0113028 0.9292 
0.95 0.1 0.00331625 0.93334 
1 0.1 -0.00481482 0.932916 
1.05 0.1 -0.0127365 0.92797 
1.1 0.1 -0.0201113 0.918971 
1.15 0.1 -0.026642 0.906702 
1.2 0.1 -0.0320884 0.892105 
1.25 0.1 -0.0362741 0.876124 
1.3 0.1 -0.0390852 0.859594 
1.35 0.1 -0.0404642 0.843199 
1.4 0.1 -0.0404021 0.827472 
1.45 0.1 -0.0389314 0.812816 
1.5 0.1 -0.0361219 0.799549 
1.55 0.1 -0.0320782 0.787921 
1.6 0.1 -0.0269394 0.778143 
1.65 0.1 -0.0208783 0.77039 
1.7 0.1 -0.0140988 0.764806 
1.75 0.1 -0.00683183 0.761496 
1.8 0.1 0.000672127 0.760526 
1.85 0.1 0.00815279 0.761915 
1.9 0.1 0.0153508 0.765635 
1.95 0.1 0.0220187 0.771614 
2 0.1 0.0279298 0.779738 
2.05 0.1 0.0328854 0.789858 
2.1 0.1 0.0367187 0.801794 
2.15 0.1 0.0392969 0.815328 
2.2 0.1 0.0405212 0.830198 
2.25 0.1 0.0403284 0.846077 
2.3 0.1 0.0386929 0.862539 
2.35 0.1 0.0356319 0.879026 
2.4 0.1 0.0312122 0.894827 
2.45 0.1 0.0255584 0.909083 
2.5 0.1 0.0188583 0.920839 
2.55 0.1 0.0113631 0.929172 
2.6 0.1 0.00337837 0.933341 
2.65 0.1 -0.0047534 0.932949 
2.7 0.1 -0.0126784 0.928035 
2.75 0.1 -0.020059 0.919062 
2.8 0.1 -0.0265975 0.906813 
2.85 0.1 -0.0320533 0.89223 
2.9 0.1 -0.0362496 0.876255 
2.95 0.1 -0.0390719 0.859726 
3 0.1 -0.0404624 0.843328 
3.05 0.1 -0.0404118 0.827593 
3.1 0.1 -0.0389522 0.812928 
3.15 0.1 -0.036153 0.799648 
3.2 0.1 -0.0321187 0.788006 
3.25 0.1 -0.0269882 0.778213 
3.3 0.1 -0.0209337 0.770443 
3.35 0.1 -0.014159 0.76484 
3.4 0.1 -0.00689492 0.761511 
3.45 0.1 0.000608332 0.760521 
3.5 0.1 0.00809048 0.76189 
3.55 0.1 0.0152922 0.765591 
3.6 0.1 0.0219657 0.771551 
3.65 0.1 0.0278843 0.779657 
3.7 0.1 0.032849 0.789761 
3.75 0.1 0.0366929 0.801681 
3.8 0.1 0.0392827 0.815201 
3.85 0.1 0.0405196 0.830061 
3.9 0.1 0.0403401 0.845932 
3.95 0.1 0.0387183 0.86239 
4 0.1 0.0356709 0.87888 
4.05 0.1 0.0312644 0.894692 
4.1 0.1 0.0256229 0.908969 
4.15 0.1 0.0189335 0.920759 
4.2 0.1 0.0114467 0.929136 
4.25 0.1 0.00346763 0.93336 
4.3 0.1 -0.00466178 0.933029 
4.35 0.1 -0.012588 0.928179 
4.4 0.1 -0.0199735 0.919269 
4.45 0.1 -0.0265209 0.90708 
4.5 0.1 -0.0319898 0.892551 
4.55 0.1 -0.0362042 0.876624 
4.6 0.1 -0.0390514 0.860138 
4.65 0.1 -0.0404761 0.843777 
4.7 0.1 -0.040473 0.828072 
4.75 0.1 -0.0390799 0.813426 
4.8 0.1 -0.0363735 0.800144 
4.85 0.1 -0.0324652 0.788464 
4.9 0.1 -0.0274949 0.778574 
4.95 0.1 -0.0216099 0.770619 
5 0.1 -0.0148982 0.764752 
0 0.15 -0.0422731 0.662741 
0.05 0.15 -0.0288723 0.654176 
0.1 0.15 -0.0143207 0.649048 
0.15 0.15 0.000727686 0.647501 
0.2 0.15 0.015699 0.649534 
0.25 0.15 0.0300647 0.65507 
0.3 0.15 0.0433357 0.663968 
0.35 0.15 0.0550697 0.676036 
0.4 0.15 0.06488 0.691034 
0.45 0.15 0.0724429 0.708685 
0.5 0.15 0.0775016 0.728665 
0.55 0.15 0.079868 0.750593 
0.6 0.15 0.0794252 0.773994 
0.65 0.15 0.0761327 0.798255 
0.7 0.15 0.0700355 0.822569 
0.75 0.15 0.0612768 0.845896 
0.8 0.15 0.0501116 0.866965 
0.85 0.15 0.0369152 0.884358 
0.9 0.15 0.0221816 0.896686 
0.95 0.15 0.00650611 0.902833 
1 0.15 -0.00944843 0.902203 
1.05 0.15 -0.0249986 0.894859 
1.1 0.15 -0.0394908 0.88151 
1.15 0.15 -0.0523466 0.86334 
1.2 0.15 -0.0630933 0.841763 
1.25 0.15 -0.0713785 0.818181 
1.3 0.15 -0.0769693 0.793825 
1.35 0.15 -0.0797426 0.769692 
1.4 0.15 -0.0796717 0.74655 
1.45 0.15 -0.0768138 0.724982 
1.5 0.15 -0.0713025 0.705442 
1.55 0.15 -0.0633427 0.688299 
1.6 0.15 -0.0532095 0.673864 
1.65 0.15 -0.0412454 0.662404 
1.7 0.15 -0.0278557 0.65414 
1.75 0.15 -0.0134988 0.649237 
1.8 0.15 0.00132827 0.6478 
1.85 0.15 0.0161091 0.649858 
1.9 0.15 0.0303293 0.655368 
1.95 0.15 0.0434975 0.664214 
2 0.15 0.0551637 0.67622 
2.05 0.15 0.0649334 0.691157 
2.1 0.15 0.0724757 0.70875 
2.15 0.15 0.0775282 0.728679 
2.2 0.15 0.0798981 0.750562 
2.25 0.15 0.0794654 0.773928 
2.3 0.15 0.0761867 0.798162 
2.35 0.15 0.0701051 0.822461 
2.4 0.15 0.0613622 0.845785 
2.45 0.15 0.0502114 0.866864 
2.5 0.15 0.0370267 0.88428 
2.55 0.15 0.022301 0.896643 
2.6 0.15 0.00662897 0.902835 
2.65 0.15 -0.00932718 0.902253 
2.7 0.15 -0.024884 0.894955 
2.75 0.15 -0.0393876 0.881645 
2.8 0.15 -0.0522587 0.863505 
2.85 0.15 -0.0630239 0.841947 
2.9 0.15 -0.0713298 0.818374 
2.95 0.15 -0.0769427 0.79402 
3 0.15 -0.0797388 0.769882 
3.05 0.15 -0.0796905 0.746729 
3.1 0.15 -0.0768546 0.725146 
3.15 0.15 -0.0713639 0.705589 
3.2 0.15 -0.0634228 0.688425 
3.25 0.15 -0.0533058 0.673967 
3.3 0.15 -0.0413549 0.662482 
3.35 0.15 -0.0279748 0.654191 
3.4 0.15 -0.0136236 0.64926 
3.45 0.15 0.00120216 0.647793 
3.5 0.15 0.015986 0.649822 
3.55 0.15 0.0302135 0.655303 
3.6 0.15 0.0433929 0.664122 
3.65 0.15 0.0550741 0.676102 
3.7 0.15 0.064862 0.691013 
3.75 0.15 0.0724252 0.708584 
3.8 0.15 0.0775009 0.728493 
3.85 0.15 0.0798957 0.75036 
3.9 0.15 0.0794891 0.773714 
3.95 0.15 0.0762372 0.797943 
4 0.15 0.0701824 0.822246 
4.05 0.15 0.0614652 0.845585 
4.1 0.15 0.050338 0.866695 
4.15 0.15 0.0371738 0.884159 
4.2 0.15 0.0224643 0.896588 
4.25 0.15 0.00680298 0.90286 
4.3 0.15 -0.00914871 0.902368 
4.35 0.15 -0.0247078 0.895164 
4.4 0.15 -0.0392207 0.881946 
4.45 0.15 -0.0521084 0.863891 
4.5 0.15 -0.0628979 0.84241 
4.55 0.15 -0.071237 0.818904 
4.6 0.15 -0.0768944 0.794608 
4.65 0.15 -0.0797502 0.770518 
4.7 0.15 -0.0797823 0.747402 
4.75 0.15 -0.0770547 0.725839 
4.8 0.15 -0.0717069 0.70627 
4.85 0.15 -0.0639463 0.689046 
4.9 0.15 -0.0540344 0.674453 
4.95 0.15 -0.0422593 0.662741 
5 0.15 -0.0288788 0.654176 
0 0.2 -0.065152 0.566747 
0.05 0.2 -0.0443833 0.555777 
0.1 0.2 -0.0218935 0.549183 
0.15 0.2 0.00138878 0.547178 
0.2 0.2 0.0245848 0.549797 
0.25 0.2 0.0468629 0.556947 
0.3 0.2 0.0674492 0.568439 
0.35 0.2 0.0856445 0.584005 
0.4 0.2 0.10084 0.603314 
0.45 0.2 0.11253 0.625989 
0.5 0.2 0.120315 0.651608 
0.55 0.2 0.123906 0.679679 
0.6 0.2 0.123132 0.709607 
0.65 0.2 0.117939 0.740624 
0.7 0.2 0.108412 0.771714 
0.75 0.2 0.0947852 0.801561 
0.8 0.2 0.0774637 0.828544 
0.85 0.2 0.0570334 0.850841 
0.9 0.2 0.0342568 0.866657 
0.95 0.2 0.010045 0.874548 
1 0.2 -0.0145916 0.873739 
1.05 0.2 -0.0386126 0.864311 
1.1 0.2 -0.0610213 0.847184 
1.15 0.2 -0.0809309 0.823895 
1.2 0.2 -0.0976109 0.796264 
1.25 0.2 -0.110509 0.766091 
1.3 0.2 -0.119255 0.734945 
1.35 0.2 -0.123642 0.704085 
1.4 0.2 -0.123617 0.674475 
1.45 0.2 -0.119257 0.646846 
1.5 0.2 -0.11076 0.62177 
1.55 0.2 -0.09844 0.59972 
1.6 0.2 -0.0827225 0.581107 
1.65 0.2 -0.0641405 0.566293 
1.7 0.2 -0.0433267 0.555587 
1.75 0.2 -0.0209983 0.549226 
1.8 0.2 0.00206663 0.547359 
1.85 0.2 0.0250592 0.550032 
1.9 0.2 0.0471735 0.557179 
1.95 0.2 0.0676404 0.568635 
2 0.2 0.0857562 0.584149 
2.05 0.2 0.100905 0.6034 
2.1 0.2 0.112573 0.62602 
2.15 0.2 0.120354 0.651586 
2.2 0.2 0.123954 0.679612 
2.25 0.2 0.123197 0.709503 
2.3 0.2 0.118027 0.740492 
2.35 0.2 0.108524 0.771567 
2.4 0.2 0.0949208 0.801413 
2.45 0.2 0.077621 0.82841 
2.5 0.2 0.0572083 0.850738 
2.55 0.2 0.0344433 0.866601 
2.6 0.2 0.0102363 0.87455 
2.65 0.2 -0.0144031 0.873802 
2.7 0.2 -0.0384345 0.864434 
2.75 0.2 -0.0608609 0.847358 
2.8 0.2 -0.0807942 0.824107 
2.85 0.2 -0.0975028 0.796501 
2.9 0.2 -0.110433 0.76634 
2.95 0.2 -0.119213 0.735195 
3 0.2 -0.123636 0.704329 
3.05 0.2 -0.123646 0.674706 
3.1 0.2 -0.11932 0.647058 
3.15 0.2 -0.110855 0.62196 
3.2 0.2 -0.0985645 0.599883 
3.25 0.2 -0.0828724 0.581241 
3.3 0.2 -0.064311 0.566395 
3.35 0.2 -0.0435122 0.555654 
3.4 0.2 -0.0211925 0.549256 
3.45 0.2 0.00187036 0.547352 
3.5 0.2 0.0248677 0.549986 
3.55 0.2 0.0469935 0.557096 
3.6 0.2 0.0674781 0.568517 
3.65 0.2 0.0856174 0.583997 
3.7 0.2 0.100795 0.603217 
3.75 0.2 0.112495 0.625808 
3.8 0.2 0.120312 0.65135 
3.85 0.2 0.123951 0.679355 
3.9 0.2 0.123235 0.709231 
3.95 0.2 0.118106 0.740214 
4 0.2 0.108644 0.771293 
4.05 0.2 0.0950798 0.801159 
4.1 0.2 0.077816 0.828195 
4.15 0.2 0.0574343 0.850584 
4.2 0.2 0.0346936 0.866529 
4.25 0.2 0.0105027 0.874579 
4.3 0.2 -0.01413 0.873946 
4.35 0.2 -0.0381645 0.864695 
4.4 0.2 -0.0606041 0.847734 
4.45 0.2 -0.0805608 0.824587 
4.5 0.2 -0.097303 0.797074 
4.55 0.2 -0.110279 0.766991 
4.6 0.2 -0.119117 0.735911 
4.65 0.2 -0.123616 0.705096 
4.7 0.2 -0.123725 0.675508 
4.75 0.2 -0.119527 0.647872 
4.8 0.2 -0.111223 0.622749 
4.85 0.2 -0.0991218 0.600598 
4.9 0.2 -0.0836251 0.58181 
4.95 0.2 -0.0652017 0.566747 
5 0.2 -0.0443467 0.555777 
0 0.25 -0.0879876 0.486911 
0.05 0.25 -0.0597882 0.473859 
0.1 0.25 -0.0293194 0.465997 
0.15 0.25 0.00222976 0.463603 
0.2 0.25 0.0336821 0.466746 
0.25 0.25 0.0639007 0.475321 
0.3 0.25 0.0918202 0.489074 
0.35 0.25 0.116478 0.507641 
0.4 0.25 0.137041 0.530585 
0.45 0.25 0.152816 0.557419 
0.5 0.25 0.163268 0.58762 
0.55 0.25 0.168013 0.620606 
0.6 0.25 0.166831 0.655685 
0.65 0.25 0.159667 0.691978 
0.7 0.25 0.146653 0.728319 
0.75 0.25 0.128124 0.76319 
0.8 0.25 0.104641 0.794708 
0.85 0.25 0.0770016 0.820752 
0.9 0.25 0.0462326 0.839228 
0.95 0.25 0.0135528 0.848447 
1 0.25 -0.0196924 0.8475 
1.05 0.25 -0.0521184 0.836485 
1.1 0.25 -0.0823971 0.816477 
1.15 0.25 -0.109341 0.789271 
1.2 0.25 -0.131965 0.756992 
1.25 0.25 -0.149514 0.721734 
1.3 0.25 -0.161473 0.685315 
1.35 0.25 -0.167546 0.649188 
1.4 0.25 -0.16764 0.614456 
1.45 0.25 -0.161842 0.581958 
1.5 0.25 -0.150408 0.552358 
1.55 0.25 -0.133754 0.526222 
1.6 0.25 -0.112452 0.504061 
1.65 0.25 -0.087225 0.486347 
1.7 0.25 -0.0589363 0.473497 
1.75 0.25 -0.0285679 0.465842 
1.8 0.25 0.00281223 0.463593 
1.85 0.25 0.0340929 0.466813 
1.9 0.25 0.0641673 0.475412 
1.95 0.25 0.0919799 0.489154 
2 0.25 0.116568 0.507691 
2.05 0.25 0.137092 0.530594 
2.1 0.25 0.152854 0.557385 
2.15 0.25 0.163311 0.587543 
2.2 0.25 0.168075 0.62049 
2.25 0.25 0.16692 0.655536 
2.3 0.25 0.159788 0.691805 
2.35 0.25 0.146808 0.728135 
2.4 0.25 0.128311 0.763008 
2.45 0.25 0.104857 0.794547 
2.5 0.25 0.0772411 0.82063 
2.55 0.25 0.0464872 0.839162 
2.6 0.25 0.0138132 0.848449 
2.65 0.25 -0.0194362 0.847576 
2.7 0.25 -0.0518767 0.83663 
2.75 0.25 -0.0821792 0.816681 
2.8 0.25 -0.109155 0.78952 
2.85 0.25 -0.131817 0.75727 
2.9 0.25 -0.149411 0.722026 
2.95 0.25 -0.161416 0.68561 
3 0.25 -0.167536 0.649475 
3.05 0.25 -0.167678 0.614729 
3.1 0.25 -0.161927 0.58221 
3.15 0.25 -0.150537 0.552585 
3.2 0.25 -0.133924 0.526418 
3.25 0.25 -0.112656 0.504223 
3.3 0.25 -0.087457 0.486471 
3.35 0.25 -0.0591887 0.473579 
3.4 0.25 -0.0288323 0.46588 
3.45 0.25 0.00254507 0.463585 
3.5 0.25 0.0338324 0.46676 
3.55 0.25 0.0639225 0.475314 
3.6 0.25 0.0917596 0.489014 
3.65 0.25 0.11638 0.507511 
3.7 0.25 0.136943 0.530378 
3.75 0.25 0.15275 0.557137 
3.8 0.25 0.163256 0.587267 
3.85 0.25 0.168072 0.620191 
3.9 0.25 0.166972 0.655221 
3.95 0.25 0.159895 0.691483 
4 0.25 0.14697 0.727818 
4.05 0.25 0.128525 0.762715 
4.1 0.25 0.105119 0.794299 
4.15 0.25 0.0775435 0.820452 
4.2 0.25 0.0468215 0.839079 
4.25 0.25 0.0141686 0.848483 
4.3 0.25 -0.0190716 0.84774 
4.35 0.25 -0.0515153 0.836928 
4.4 0.25 -0.0818334 0.817108 
4.45 0.25 -0.108837 0.790062 
4.5 0.25 -0.131538 0.757911 
4.55 0.25 -0.149181 0.722749 
4.6 0.25 -0.161249 0.686396 
4.65 0.25 -0.167448 0.650306 
4.7 0.25 -0.167687 0.615584 
4.75 0.25 -0.162054 0.583064 
4.8 0.25 -0.150805 0.553404 
4.85 0.25 -0.134344 0.52716 
4.9 0.25 -0.113218 0.504835 
4.95 0.25 -0.0880898 0.486911 
5 0.25 -0.0597166 0.473859 
0 0.3 -0.108969 0.424612 
0.05 0.3 -0.0738806 0.409717 
0.1 0.3 -0.0360227 0.400723 
0.15 0.3 0.00317752 0.397991 
0.2 0.3 0.0422665 0.401627 
0.25 0.3 0.0798203 0.411496 
0.3 0.3 0.114498 0.427253 
0.35 0.3 0.14509 0.448401 
0.4 0.3 0.17055 0.474357 
0.45 0.3 0.190021 0.504498 
0.5 0.3 0.202842 0.538193 
0.55 0.3 0.208554 0.574776 
0.6 0.3 0.206901 0.613491 
0.65 0.3 0.197841 0.653391 
0.7 0.3 0.181561 0.693229 
0.75 0.3 0.158496 0.731373 
0.8 0.3 0.129357 0.765794 
0.85 0.3 0.0951363 0.794203 
0.9 0.3 0.0570981 0.814339 
0.95 0.3 0.0167329 0.824381 
1 0.3 -0.0243201 0.82335 
1.05 0.3 -0.0643763 0.811348 
1.1 0.3 -0.101817 0.789537 
1.15 0.3 -0.135188 0.759851 
1.2 0.3 -0.163274 0.724586 
1.25 0.3 -0.185135 0.686 
1.3 0.3 -0.200112 0.646052 
1.35 0.3 -0.207818 0.606299 
1.4 0.3 -0.208113 0.567925 
1.45 0.3 -0.20108 0.53183 
1.5 0.3 -0.187017 0.498747 
1.55 0.3 -0.166424 0.469329 
1.6 0.3 -0.14 0.444203 
1.65 0.3 -0.108645 0.423978 
1.7 0.3 -0.0734342 0.40922 
1.75 0.3 -0.0356025 0.40039 
1.8 0.3 0.00350554 0.397791 
1.85 0.3 0.0424881 0.401513 
1.9 0.3 0.079949 0.411425 
1.95 0.3 0.11456 0.427194 
2 0.3 0.145111 0.448334 
2.05 0.3 0.170557 0.474268 
2.1 0.3 0.190035 0.504384 
2.15 0.3 0.202878 0.53805 
2.2 0.3 0.208623 0.574606 
2.25 0.3 0.20701 0.613298 
2.3 0.3 0.197994 0.653181 
2.35 0.3 0.181756 0.693014 
2.4 0.3 0.158733 0.731166 
2.45 0.3 0.129629 0.765614 
2.5 0.3 0.0954363 0.794068 
2.55 0.3 0.057416 0.814267 
2.6 0.3 0.0170574 0.824385 
2.65 0.3 -0.0240014 0.823433 
2.7 0.3 -0.0640758 0.811508 
2.75 0.3 -0.101546 0.789762 
2.8 0.3 -0.134957 0.760126 
2.85 0.3 -0.163091 0.724893 
2.9 0.3 -0.185005 0.686323 
2.95 0.3 -0.200039 0.646378 
3 0.3 -0.207805 0.606618 
3.05 0.3 -0.208159 0.568229 
3.1 0.3 -0.201185 0.532113 
3.15 0.3 -0.187177 0.499004 
3.2 0.3 -0.166634 0.469554 
3.25 0.3 -0.140254 0.44439 
3.3 0.3 -0.108934 0.424123 
3.35 0.3 -0.073749 0.409317 
3.4 0.3 -0.0359322 0.400436 
3.45 0.3 0.00317241 0.397784 
3.5 0.3 0.0421634 0.401453 
3.55 0.3 0.0796443 0.411314 
3.6 0.3 0.114286 0.427035 
3.65 0.3 0.144878 0.448132 
3.7 0.3 0.170373 0.474027 
3.75 0.3 0.189906 0.504109 
3.8 0.3 0.20281 0.537747 
3.85 0.3 0.20862 0.574279 
3.9 0.3 0.207075 0.612955 
3.95 0.3 0.198126 0.652832 
4 0.3 0.181956 0.692672 
4.05 0.3 0.158996 0.73085 
4.1 0.3 0.129949 0.765347 
4.15 0.3 0.0958055 0.793877 
4.2 0.3 0.0578234 0.814179 
4.25 0.3 0.0174902 0.824421 
4.3 0.3 -0.023557 0.823608 
4.35 0.3 -0.0636338 0.811824 
4.4 0.3 -0.10112 0.790212 
4.45 0.3 -0.134559 0.760694 
4.5 0.3 -0.16273 0.725559 
4.55 0.3 -0.184692 0.687064 
4.6 0.3 -0.199782 0.647173 
4.65 0.3 -0.207612 0.607445 
4.7 0.3 -0.208039 0.569066 
4.75 0.3 -0.201147 0.532936 
4.8 0.3 -0.187227 0.499785 
4.85 0.3 -0.166767 0.470263 
4.9 0.3 -0.140445 0.444997 
4.95 0.3 -0.109113 0.424612 
5 0.3 -0.073781 0.409717 
0 0.35 -0.126725 0.378342 
0.05 0.35 -0.0857591 0.361681 
0.1 0.35 -0.0415915 0.351588 
0.15 0.35 0.00414228 0.348536 
0.2 0.35 0.0497467 0.352675 
0.25 0.35 0.0935449 0.363818 
0.3 0.35 0.133954 0.381485 
0.35 0.35 0.169547 0.404988 
0.4 0.35 0.199098 0.433545 
0.45 0.35 0.221613 0.466355 
0.5 0.35 0.236333 0.502652 
0.55 0.35 0.242747 0.541685 
0.6 0.35 0.240585 0.582651 
0.65 0.35 0.229827 0.624582 
0.7 0.35 0.210719 0.666216 
0.75 0.35 0.183794 0.7059 
0.8 0.35 0.149894 0.741585 
0.85 0.35 0.110175 0.770956 
0.9 0.35 0.0660963 0.791734 
0.95 0.35 0.0193639 0.802083 
1 0.35 -0.0281522 0.801019 
1.05 0.35 -0.0745324 0.788647 
1.1 0.35 -0.117929 0.766132 
1.15 0.35 -0.156676 0.735425 
1.2 0.35 -0.189367 0.698839 
1.25 0.35 -0.214904 0.658658 
1.3 0.35 -0.232503 0.616864 
1.35 0.35 -0.241687 0.57503 
1.4 0.35 -0.242261 0.534355 
1.45 0.35 -0.234292 0.495766 
1.5 0.35 -0.218096 0.460046 
1.55 0.35 -0.194234 0.427944 
1.6 0.35 -0.163508 0.40023 
1.65 0.35 -0.126958 0.377699 
1.7 0.35 -0.085848 0.361121 
1.75 0.35 -0.041631 0.351144 
1.8 0.35 0.00410013 0.348198 
1.85 0.35 0.0496823 0.352415 
1.9 0.35 0.0934596 0.363607 
1.95 0.35 0.13386 0.381297 
2 0.35 0.169459 0.404809 
2.05 0.35 0.199033 0.433361 
2.1 0.35 0.221583 0.466162 
2.15 0.35 0.236349 0.502445 
2.2 0.35 0.242814 0.541464 
2.25 0.35 0.240707 0.582419 
2.3 0.35 0.230004 0.624343 
2.35 0.35 0.210949 0.665978 
2.4 0.35 0.184073 0.705678 
2.45 0.35 0.150214 0.741395 
2.5 0.35 0.110527 0.770816 
2.55 0.35 0.0664684 0.791661 
2.6 0.35 0.0197428 0.802089 
2.65 0.35 -0.0277806 0.801109 
2.7 0.35 -0.0741821 0.788816 
2.75 0.35 -0.117613 0.766369 
2.8 0.35 -0.156406 0.735713 
2.85 0.35 -0.189152 0.699161 
2.9 0.35 -0.214751 0.658999 
2.95 0.35 -0.232417 0.617209 
3 0.35 -0.241671 0.575371 
3.05 0.35 -0.242314 0.534682 
3.1 0.35 -0.234413 0.496073 
3.15 0.35 -0.218282 0.460328 
3.2 0.35 -0.194479 0.428194 
3.25 0.35 -0.163804 0.40044 
3.3 0.35 -0.127296 0.377863 
3.35 0.35 -0.0862161 0.361233 
3.4 0.35 -0.0420168 0.351198 
3.45 0.35 0.00371035 0.348192 
3.5 0.35 0.0493026 0.35235 
3.55 0.35 0.0931037 0.363485 
3.6 0.35 0.13354 0.381123 
3.65 0.35 0.169188 0.404588 
3.7 0.35 0.198819 0.433101 
3.75 0.35 0.221434 0.465867 
3.8 0.35 0.236271 0.502124 
3.85 0.35 0.242812 0.541122 
3.9 0.35 0.240783 0.582062 
3.95 0.35 0.230158 0.623982 
4 0.35 0.211179 0.665628 
4.05 0.35 0.184375 0.705357 
4.1 0.35 0.15058 0.741125 
4.15 0.35 0.110949 0.770625 
4.2 0.35 0.0669325 0.791574 
4.25 0.35 0.0202355 0.802127 
4.3 0.35 -0.0272741 0.801285 
4.35 0.35 -0.0736764 0.789131 
4.4 0.35 -0.117121 0.766814 
4.45 0.35 -0.155938 0.73627 
4.5 0.35 -0.188717 0.699807 
4.55 0.35 -0.214352 0.659709 
4.6 0.35 -0.232056 0.617959 
4.65 0.35 -0.241345 0.576135 
4.7 0.35 -0.242021 0.53544 
4.75 0.35 -0.234147 0.496803 
4.8 0.35 -0.218031 0.461011 
4.85 0.35 -0.194223 0.428813 
4.9 0.35 -0.163509 0.400986 
4.95 0.35 -0.126903 0.378342 
5 0.35 -0.0856377 0.361681 
0 0.4 -0.140247 0.344721 
0.05 0.4 -0.094767 0.326242 
0.1 0.4 -0.0457396 0.314998 
0.15 0.4 0.00503092 0.311617 
0.2 0.4 0.055652 0.316301 
0.25 0.4 0.104241 0.328788 
0.3 0.4 0.149019 0.348412 
0.35 0.4 0.188388 0.374237 
0.4 0.4 0.220984 0.405216 
0.45 0.4 0.24571 0.440321 
0.5 0.4 0.261749 0.478616 
0.55 0.4 0.268561 0.519251 
0.6 0.4 0.265881 0.561387 
0.65 0.4 0.253724 0.604062 
0.7 0.4 0.232399 0.646057 
0.75 0.4 0.202521 0.685791 
0.8 0.4 0.165038 0.721306 
0.85 0.4 0.121231 0.7504 
0.9 0.4 0.072697 0.770911 
0.95 0.4 0.0212909 0.781106 
1 0.4 -0.0309626 0.780058 
1.05 0.4 -0.0819876 0.767864 
1.1 0.4 -0.129782 0.745624 
1.15 0.4 -0.172533 0.71518 
1.2 0.4 -0.208698 0.678729 
1.25 0.4 -0.237057 0.638442 
1.3 0.4 -0.256724 0.596213 
1.35 0.4 -0.26714 0.553552 
1.4 0.4 -0.268054 0.511618 
1.45 0.4 -0.259501 0.471338 
1.5 0.4 -0.241797 0.433545 
1.55 0.4 -0.215533 0.399099 
1.6 0.4 -0.181578 0.368952 
1.65 0.4 -0.141078 0.34414 
1.7 0.4 -0.0954404 0.325698 
1.75 0.4 -0.0462954 0.314522 
1.8 0.4 0.00456068 0.31121 
1.85 0.4 0.0552484 0.31595 
1.9 0.4 0.103897 0.328475 
1.95 0.4 0.148734 0.348124 
2 0.4 0.188164 0.373963 
2.05 0.4 0.220826 0.40495 
2.1 0.4 0.245622 0.440058 
2.15 0.4 0.261733 0.478353 
2.2 0.4 0.268617 0.518988 
2.25 0.4 0.266008 0.561123 
2.3 0.4 0.253919 0.603802 
2.35 0.4 0.232655 0.645808 
2.4 0.4 0.202833 0.685563 
2.45 0.4 0.165395 0.721115 
2.5 0.4 0.121623 0.750262 
2.55 0.4 0.0731106 0.770841 
2.6 0.4 0.0217112 0.781116 
2.65 0.4 -0.0305509 0.780151 
2.7 0.4 -0.0815997 0.768036 
2.75 0.4 -0.129432 0.745863 
2.8 0.4 -0.172233 0.715471 
2.85 0.4 -0.208459 0.679055 
2.9 0.4 -0.236886 0.63879 
2.95 0.4 -0.256627 0.596569 
3 0.4 -0.26712 0.553906 
3.05 0.4 -0.268111 0.511962 
3.1 0.4 -0.259634 0.471666 
3.15 0.4 -0.242002 0.433849 
3.2 0.4 -0.215804 0.399372 
3.25 0.4 -0.181906 0.369185 
3.3 0.4 -0.141454 0.344324 
3.35 0.4 -0.0958499 0.325825 
3.4 0.4 -0.0467248 0.314585 
3.45 0.4 0.00412695 0.311206 
3.5 0.4 0.0548262 0.315879 
3.55 0.4 0.103501 0.328341 
3.6 0.4 0.148379 0.347933 
3.65 0.4 0.187864 0.373725 
3.7 0.4 0.22059 0.404672 
3.75 0.4 0.245459 0.439749 
3.8 0.4 0.261649 0.478021 
3.85 0.4 0.268616 0.518639 
3.9 0.4 0.266092 0.560765 
3.95 0.4 0.254088 0.603443 
4 0.4 0.232907 0.645463 
4.05 0.4 0.203161 0.68525 
4.1 0.4 0.165793 0.720854 
4.15 0.4 0.122079 0.750079 
4.2 0.4 0.0736113 0.77076 
4.25 0.4 0.0222425 0.781154 
4.3 0.4 -0.0300042 0.780319 
4.35 0.4 -0.0810516 0.768333 
4.4 0.4 -0.128895 0.746279 
4.45 0.4 -0.171714 0.715986 
4.5 0.4 -0.207961 0.679644 
4.55 0.4 -0.236408 0.639426 
4.6 0.4 -0.256161 0.597226 
4.65 0.4 -0.266654 0.554559 
4.7 0.4 -0.267627 0.51259 
4.75 0.4 -0.259111 0.472252 
4.8 0.4 -0.241413 0.434381 
4.85 0.4 -0.215116 0.399846 
4.9 0.4 -0.181082 0.369608 
4.95 0.4 -0.14045 0.344721 
5 0.4 -0.0946295 0.326242 
0 0.45 -0.148829 0.319754 
0.05 0.45 -0.100447 0.299379 
0.1 0.45 -0.0482772 0.286922 
0.15 0.45 0.00575723 0.2832 
0.2 0.45 0.0596232 0.288473 
0.25 0.45 0.111291 0.302384 
0.3 0.45 0.158842 0.324048 
0.35 0.45 0.200562 0.352229 
0.4 0.45 0.234997 0.385568 
0.45 0.45 0.260997 0.422765 
0.5 0.45 0.277715 0.462687 
0.55 0.45 0.284612 0.504367 
0.6 0.45 0.28145 0.546922 
0.65 0.45 0.268284 0.589419 
0.7 0.45 0.245478 0.630719 
0.75 0.45 0.213717 0.66938 
0.8 0.45 0.17402 0.703631 
0.85 0.45 0.127747 0.731495 
0.9 0.45 0.0765694 0.75104 
0.95 0.45 0.0224177 0.760726 
1 0.45 -0.0326106 0.75973 
1.05 0.45 -0.0863676 0.748139 
1.1 0.45 -0.136778 0.726928 
1.15 0.45 -0.181954 0.697735 
1.2 0.45 -0.220275 0.662524 
1.25 0.45 -0.250445 0.623249 
1.3 0.45 -0.271505 0.581623 
1.35 0.45 -0.282829 0.539027 
1.4 0.45 -0.284111 0.496551 
1.45 0.45 -0.275346 0.455106 
1.5 0.45 -0.256828 0.41558 
1.55 0.45 -0.22915 0.378967 
1.6 0.45 -0.193212 0.346434 
1.65 0.45 -0.150221 0.319301 
1.7 0.45 -0.101677 0.298921 
1.75 0.45 -0.0493356 0.28648 
1.8 0.45 0.0048614 0.282781 
1.85 0.45 0.0588758 0.288074 
1.9 0.45 0.110679 0.302004 
1.95 0.45 0.158356 0.323682 
2 0.45 0.200194 0.351878 
2.05 0.45 0.234741 0.385231 
2.1 0.45 0.260845 0.422442 
2.15 0.45 0.277662 0.462377 
2.2 0.45 0.284652 0.504069 
2.25 0.45 0.281575 0.546636 
2.3 0.45 0.268487 0.589146 
2.35 0.45 0.245751 0.630466 
2.4 0.45 0.21405 0.669155 
2.45 0.45 0.174402 0.703447 
2.5 0.45 0.128165 0.731365 
2.55 0.45 0.0770094 0.750977 
2.6 0.45 0.0228641 0.76074 
2.65 0.45 -0.0321739 0.759824 
2.7 0.45 -0.0859563 0.748308 
2.75 0.45 -0.136407 0.727162 
2.8 0.45 -0.181635 0.698022 
2.85 0.45 -0.22002 0.662847 
2.9 0.45 -0.250262 0.623595 
2.95 0.45 -0.2714 0.581981 
3 0.45 -0.282805 0.539388 
3.05 0.45 -0.284169 0.496907 
3.1 0.45 -0.275485 0.45545 
3.15 0.45 -0.257044 0.415905 
3.2 0.45 -0.229437 0.379263 
3.25 0.45 -0.193561 0.346691 
3.3 0.45 -0.150621 0.319507 
3.35 0.45 -0.102114 0.299064 
3.4 0.45 -0.0497935 0.286552 
3.45 0.45 0.00439889 0.282778 
3.5 0.45 0.0584258 0.287996 
3.55 0.45 0.110258 0.301856 
3.6 0.45 0.15798 0.323475 
3.65 0.45 0.199875 0.351622 
3.7 0.45 0.234491 0.384937 
3.75 0.45 0.260673 0.422121 
3.8 0.45 0.277574 0.462038 
3.85 0.45 0.284652 0.503718 
3.9 0.45 0.281664 0.546282 
3.95 0.45 0.268665 0.588798 
4 0.45 0.246013 0.630136 
4.05 0.45 0.214391 0.668859 
4.1 0.45 0.174814 0.703204 
4.15 0.45 0.128635 0.731197 
4.2 0.45 0.0775251 0.750903 
4.25 0.45 0.0234107 0.760775 
4.3 0.45 -0.0316108 0.759976 
4.35 0.45 -0.0853895 0.748574 
4.4 0.45 -0.135846 0.727529 
4.45 0.45 -0.181085 0.698468 
4.5 0.45 -0.219478 0.663349 
4.55 0.45 -0.249721 0.624124 
4.6 0.45 -0.270842 0.58251 
4.65 0.45 -0.282209 0.539892 
4.7 0.45 -0.283504 0.497365 
4.75 0.45 -0.274715 0.455847 
4.8 0.45 -0.25613 0.416237 
4.85 0.45 -0.228337 0.379537 
4.9 0.45 -0.192237 0.34693 
4.95 0.45 -0.149048 0.319754 
5 0.45 -0.100299 0.299379 
0 0.5 -0.152023 0.29973 
0.05 0.5 -0.102512 0.277488 
0.1 0.5 -0.0490936 0.263832 
0.15 0.5 0.00624945 0.259778 
0.2 0.5 0.0614088 0.265646 
0.25 0.5 0.114275 0.28098 
0.3 0.5 0.162858 0.304656 
0.35 0.5 0.205387 0.335124 
0.4 0.5 0.240377 0.370696 
0.45 0.5 0.266662 0.409786 
0.5 0.5 0.283407 0.451048 
0.55 0.5 0.290101 0.493385 
0.6 0.5 0.286539 0.535868 
0.65 0.5 0.272824 0.577591 
0.7 0.5 0.249366 0.617521 
0.75 0.5 0.216893 0.65439 
0.8 0.5 0.176461 0.686676 
0.85 0.5 0.129454 0.712698 
0.9 0.5 0.0775568 0.730828 
0.95 0.5 0.0226995 0.739777 
1 0.5 -0.0330297 0.738858 
1.05 0.5 -0.0874942 0.728141 
1.1 0.5 -0.138627 0.708442 
1.15 0.5 -0.184536 0.681135 
1.2 0.5 -0.223589 0.647874 
1.25 0.5 -0.25446 0.610325 
1.3 0.5 -0.276151 0.569966 
1.35 0.5 -0.287992 0.528014 
1.4 0.5 -0.289628 0.485468 
1.45 0.5 -0.28101 0.443226 
1.5 0.5 -0.262394 0.402239 
1.55 0.5 -0.234351 0.363646 
1.6 0.5 -0.197771 0.328845 
1.65 0.5 -0.153876 0.299456 
1.7 0.5 -0.104207 0.277165 
1.75 0.5 -0.0505791 0.263467 
1.8 0.5 0.00498516 0.259382 
1.85 0.5 0.0603587 0.265227 
1.9 0.5 0.113425 0.28055 
1.95 0.5 0.162192 0.304226 
2 0.5 0.204888 0.334705 
2.05 0.5 0.240028 0.370295 
2.1 0.5 0.26645 0.409409 
2.15 0.5 0.283318 0.450696 
2.2 0.5 0.290121 0.493057 
2.25 0.5 0.286658 0.535565 
2.3 0.5 0.273029 0.577312 
2.35 0.5 0.249645 0.61727 
2.4 0.5 0.217235 0.654173 
2.45 0.5 0.176853 0.686503 
2.5 0.5 0.129883 0.71258 
2.55 0.5 0.0780068 0.730776 
2.6 0.5 0.0231552 0.739797 
2.65 0.5 -0.0325842 0.738951 
2.7 0.5 -0.0870748 0.728305 
2.75 0.5 -0.138248 0.708668 
2.8 0.5 -0.184211 0.681411 
2.85 0.5 -0.223329 0.648188 
2.9 0.5 -0.254272 0.610666 
2.95 0.5 -0.276042 0.570322 
3 0.5 -0.287965 0.528378 
3.05 0.5 -0.289685 0.485833 
3.1 0.5 -0.281149 0.443584 
3.15 0.5 -0.262613 0.402582 
3.2 0.5 -0.234642 0.363964 
3.25 0.5 -0.198127 0.329124 
3.3 0.5 -0.154285 0.299682 
3.35 0.5 -0.104654 0.277323 
3.4 0.5 -0.0510487 0.263548 
3.45 0.5 0.00451068 0.259379 
3.5 0.5 0.0598973 0.265142 
3.55 0.5 0.112994 0.280389 
3.6 0.5 0.161807 0.304002 
3.65 0.5 0.204563 0.334431 
3.7 0.5 0.239775 0.369987 
3.75 0.5 0.266276 0.409078 
3.8 0.5 0.28323 0.450352 
3.85 0.5 0.290122 0.49271 
3.9 0.5 0.286748 0.53522 
3.95 0.5 0.273208 0.57698 
4 0.5 0.249908 0.61696 
4.05 0.5 0.217575 0.6539 
4.1 0.5 0.177262 0.686282 
4.15 0.5 0.130348 0.712428 
4.2 0.5 0.0785159 0.730709 
4.25 0.5 0.0236941 0.739825 
4.3 0.5 -0.032029 0.739079 
4.35 0.5 -0.086514 0.728527 
4.4 0.5 -0.137689 0.70897 
4.45 0.5 -0.183654 0.681771 
4.5 0.5 -0.222767 0.648582 
4.55 0.5 -0.253692 0.611064 
4.6 0.5 -0.275419 0.570697 
4.65 0.5 -0.287268 0.528704 
4.7 0.5 -0.288873 0.486089 
4.75 0.5 -0.280176 0.443759 
4.8 0.5 -0.261429 0.402676 
4.85 0.5 -0.233201 0.363995 
4.9 0.5 -0.196393 0.329133 
4.95 0.5 -0.15225 0.29973 
5 0.5 -0.102359 0.277488 
0 0.55 -0.149631 0.281615 
0.05 0.55 -0.100836 0.257758 
0.1 0.55 -0.048149 0.243059 
0.15 0.55 0.00645555 0.238724 
0.2 0.55 0.0608674 0.245126 
0.25 0.55 0.112974 0.261713 
0.3 0.55 0.160785 0.287142 
0.35 0.55 0.202541 0.319571 
0.4 0.55 0.236779 0.357012 
0.45 0.55 0.262369 0.397616 
0.5 0.55 0.278517 0.439839 
0.55 0.55 0.284756 0.482459 
0.6 0.55 0.28093 0.524497 
0.65 0.55 0.267181 0.565069 
0.7 0.55 0.24395 0.603247 
0.75 0.55 0.211979 0.637954 
0.8 0.55 0.172323 0.667933 
0.85 0.55 0.126337 0.691828 
0.9 0.55 0.0756552 0.708341 
0.95 0.55 0.022136 0.716451 
1 0.55 -0.0322182 0.715618 
1.05 0.55 -0.085361 0.705898 
1.1 0.55 -0.135309 0.687932 
1.15 0.55 -0.180239 0.662808 
1.2 0.55 -0.218564 0.631847 
1.25 0.55 -0.24898 0.596399 
1.3 0.55 -0.27049 0.557686 
1.35 0.55 -0.282403 0.516754 
1.4 0.55 -0.284331 0.474512 
1.45 0.55 -0.276183 0.431848 
1.5 0.55 -0.258168 0.389779 
1.55 0.55 -0.230808 0.349585 
1.6 0.55 -0.194954 0.312875 
1.65 0.55 -0.151796 0.281547 
1.7 0.55 -0.102854 0.257593 
1.75 0.55 -0.0499386 0.242794 
1.8 0.55 0.00492318 0.238369 
1.85 0.55 0.0595932 0.2447 
1.9 0.55 0.111944 0.261243 
1.95 0.55 0.159981 0.286654 
2 0.55 0.201941 0.319089 
2.05 0.55 0.23636 0.356552 
2.1 0.55 0.26211 0.39719 
2.15 0.55 0.278398 0.439449 
2.2 0.55 0.284759 0.482107 
2.25 0.55 0.281038 0.52418 
2.3 0.55 0.267379 0.564788 
2.35 0.55 0.244225 0.603003 
2.4 0.55 0.212317 0.63775 
2.45 0.55 0.172711 0.667777 
2.5 0.55 0.12676 0.691726 
2.55 0.55 0.0760982 0.7083 
2.6 0.55 0.0225839 0.716477 
2.65 0.55 -0.0317809 0.715711 
2.7 0.55 -0.0849494 0.706056 
2.75 0.55 -0.134937 0.688148 
2.8 0.55 -0.179919 0.663072 
2.85 0.55 -0.218306 0.63215 
2.9 0.55 -0.248793 0.59673 
2.95 0.55 -0.27038 0.558038 
3 0.55 -0.282374 0.517119 
3.05 0.55 -0.284385 0.474883 
3.1 0.55 -0.276319 0.432218 
3.15 0.55 -0.258382 0.390138 
3.2 0.55 -0.231094 0.349921 
3.25 0.55 -0.195304 0.313174 
3.3 0.55 -0.152199 0.281791 
3.35 0.55 -0.103295 0.257766 
3.4 0.55 -0.0504025 0.242882 
3.45 0.55 0.00445442 0.238367 
3.5 0.55 0.0591376 0.244608 
3.55 0.55 0.111519 0.26107 
3.6 0.55 0.159603 0.286415 
3.65 0.55 0.201622 0.318801 
3.7 0.55 0.236112 0.356232 
3.75 0.55 0.26194 0.396851 
3.8 0.55 0.278312 0.439104 
3.85 0.55 0.28476 0.481764 
3.9 0.55 0.281126 0.523848 
3.95 0.55 0.267552 0.564473 
4 0.55 0.244477 0.602715 
4.05 0.55 0.212644 0.6375 
4.1 0.55 0.173101 0.667577 
4.15 0.55 0.127202 0.691589 
4.2 0.55 0.0765806 0.708237 
4.25 0.55 0.0230934 0.716493 
4.3 0.55 -0.031256 0.715808 
4.35 0.55 -0.0844179 0.706225 
4.4 0.55 -0.134403 0.688375 
4.45 0.55 -0.179381 0.663334 
4.5 0.55 -0.217753 0.632422 
4.55 0.55 -0.248205 0.596984 
4.6 0.55 -0.269728 0.558244 
4.65 0.55 -0.281619 0.517252 
4.7 0.55 -0.28348 0.474922 
4.75 0.55 -0.275211 0.432152 
4.8 0.55 -0.257017 0.389975 
4.85 0.55 -0.229423 0.349688 
4.9 0.55 -0.193296 0.312928 
4.95 0.55 -0.149856 0.281615 
5 0.55 -0.100684 0.257758 
0 0.6 -0.141708 0.263101 
0.05 0.6 -0.0954594 0.238165 
0.1 0.6 -0.0454757 0.222766 
0.15 0.6 0.00634723 0.218252 
0.2 0.6 0.0579763 0.225036 
0.25 0.6 0.107375 0.242493 
0.3 0.6 0.152633 0.269108 
0.35 0.6 0.192068 0.302818 
0.4 0.6 0.224295 0.341408 
0.45 0.6 0.248259 0.382831 
0.5 0.6 0.263239 0.425391 
0.55 0.6 0.268827 0.467769 
0.6 0.6 0.264914 0.508941 
0.65 0.6 0.251674 0.548044 
0.7 0.6 0.229558 0.584245 
0.75 0.6 0.199291 0.616638 
0.8 0.6 0.161883 0.644223 
0.85 0.6 0.11861 0.665948 
0.9 0.6 0.0709975 0.680826 
0.95 0.6 0.0207669 0.688094 
1 0.6 -0.0302333 0.687348 
1.05 0.6 -0.0801166 0.67863 
1.1 0.6 -0.127051 0.662417 
1.15 0.6 -0.169346 0.639526 
1.2 0.6 -0.205517 0.610965 
1.25 0.6 -0.234334 0.577781 
1.3 0.6 -0.254837 0.540958 
1.35 0.6 -0.266348 0.501382 
1.4 0.6 -0.268464 0.459882 
1.45 0.6 -0.261058 0.417342 
1.5 0.6 -0.244288 0.37483 
1.55 0.6 -0.218614 0.333739 
1.6 0.6 -0.184815 0.29584 
1.65 0.6 -0.144005 0.263239 
1.7 0.6 -0.0976276 0.238161 
1.75 0.6 -0.0474163 0.222605 
1.8 0.6 0.00467552 0.217945 
1.85 0.6 0.0565819 0.224612 
1.9 0.6 0.106248 0.241991 
1.95 0.6 0.151754 0.268571 
2 0.6 0.191412 0.302281 
2.05 0.6 0.223836 0.340897 
2.1 0.6 0.247973 0.382361 
2.15 0.6 0.2631 0.42497 
2.2 0.6 0.268815 0.467397 
2.25 0.6 0.26501 0.508617 
2.3 0.6 0.25186 0.547766 
2.35 0.6 0.229819 0.58401 
2.4 0.6 0.199613 0.61645 
2.45 0.6 0.162251 0.644083 
2.5 0.6 0.119011 0.665861 
2.55 0.6 0.0714169 0.680798 
2.6 0.6 0.0211903 0.688127 
2.65 0.6 -0.0298204 0.687442 
2.7 0.6 -0.0797281 0.678782 
2.75 0.6 -0.1267 0.662622 
2.8 0.6 -0.169044 0.639778 
2.85 0.6 -0.205274 0.611254 
2.9 0.6 -0.234157 0.578101 
2.95 0.6 -0.254732 0.541302 
3 0.6 -0.266319 0.501743 
3.05 0.6 -0.268513 0.460255 
3.1 0.6 -0.261184 0.417718 
3.15 0.6 -0.244489 0.375199 
3.2 0.6 -0.218884 0.334087 
3.25 0.6 -0.185146 0.296151 
3.3 0.6 -0.144387 0.263495 
3.35 0.6 -0.0980467 0.238343 
3.4 0.6 -0.047857 0.222699 
3.45 0.6 0.00423019 0.217943 
3.5 0.6 0.0561494 0.224516 
3.55 0.6 0.105845 0.241811 
3.6 0.6 0.151396 0.268322 
3.65 0.6 0.191111 0.301984 
3.7 0.6 0.223602 0.340569 
3.75 0.6 0.247814 0.38202 
3.8 0.6 0.263021 0.424627 
3.85 0.6 0.268816 0.467062 
3.9 0.6 0.265092 0.508297 
3.95 0.6 0.252021 0.547469 
4 0.6 0.230052 0.583744 
4.05 0.6 0.199913 0.616221 
4.1 0.6 0.162608 0.643902 
4.15 0.6 0.119415 0.665736 
4.2 0.6 0.0718553 0.680735 
4.25 0.6 0.021652 0.688127 
4.3 0.6 -0.0293454 0.687504 
4.35 0.6 -0.0792466 0.678895 
4.4 0.6 -0.126214 0.662771 
4.45 0.6 -0.168548 0.63994 
4.5 0.6 -0.204755 0.611404 
4.55 0.6 -0.233593 0.57821 
4.6 0.6 -0.254091 0.541341 
4.65 0.6 -0.265558 0.501685 
4.7 0.6 -0.267581 0.46008 
4.75 0.6 -0.260026 0.417417 
4.8 0.6 -0.24305 0.374785 
4.85 0.6 -0.217117 0.333598 
4.9 0.6 -0.183024 0.295659 
4.95 0.6 -0.141922 0.263101 
5 0.6 -0.0953151 0.238165 
0 0.65 -0.128589 0.24251 
0.05 0.65 -0.0866057 0.217326 
0.1 0.65 -0.0411864 0.201755 
0.15 0.65 0.00592287 0.197215 
0.2 0.65 0.0528458 0.20414 
0.25 0.65 0.0977039 0.221862 
0.3 0.65 0.138739 0.248777 
0.35 0.65 0.174414 0.282707 
0.4 0.65 0.203475 0.321321 
0.45 0.65 0.22498 0.362479 
0.5 0.65 0.238299 0.404407 
0.55 0.65 0.243096 0.445736 
0.6 0.65 0.239304 0.485424 
0.65 0.65 0.227113 0.522629 
0.7 0.65 0.206959 0.556597 
0.75 0.65 0.179521 0.586572 
0.8 0.65 0.145719 0.611764 
0.85 0.65 0.106707 0.631382 
0.9 0.65 0.0638475 0.644703 
0.95 0.65 0.0186704 0.651175 
1 0.65 -0.0271875 0.650511 
1.05 0.65 -0.0720573 0.642741 
1.1 0.65 -0.114316 0.628204 
1.15 0.65 -0.15246 0.607491 
1.2 0.65 -0.18516 0.581343 
1.25 0.65 -0.211302 0.550555 
1.3 0.65 -0.230008 0.515908 
1.35 0.65 -0.24064 0.478152 
1.4 0.65 -0.242803 0.438052 
1.45 0.65 -0.236351 0.396474 
1.5 0.65 -0.221391 0.354517 
1.55 0.65 -0.198309 0.313628 
1.6 0.65 -0.16779 0.275661 
1.65 0.65 -0.13083 0.242825 
1.7 0.65 -0.0887414 0.217464 
1.75 0.65 -0.0431137 0.201689 
1.8 0.65 0.00425208 0.196957 
1.85 0.65 0.0514465 0.203726 
1.9 0.65 0.0965707 0.221343 
1.95 0.65 0.137855 0.248207 
2 0.65 0.173755 0.282132 
2.05 0.65 0.203014 0.320775 
2.1 0.65 0.224691 0.361981 
2.15 0.65 0.238156 0.403966 
2.2 0.65 0.243076 0.445355 
2.25 0.65 0.239387 0.485098 
2.3 0.65 0.227282 0.522357 
2.35 0.65 0.207198 0.556375 
2.4 0.65 0.179815 0.586399 
2.45 0.65 0.146055 0.611642 
2.5 0.65 0.107072 0.631312 
2.55 0.65 0.0642279 0.644686 
2.6 0.65 0.0190536 0.651214 
2.65 0.65 -0.0268142 0.650605 
2.7 0.65 -0.0717061 0.642887 
2.75 0.65 -0.113999 0.628399 
2.8 0.65 -0.152186 0.607729 
2.85 0.65 -0.184939 0.581618 
2.9 0.65 -0.211141 0.550862 
2.95 0.65 -0.229912 0.51624 
3 0.65 -0.240612 0.478506 
3.05 0.65 -0.242846 0.438419 
3.1 0.65 -0.236463 0.396847 
3.15 0.65 -0.221571 0.354886 
3.2 0.65 -0.198553 0.313978 
3.25 0.65 -0.16809 0.275975 
3.3 0.65 -0.131177 0.243084 
3.35 0.65 -0.0891223 0.217648 
3.4 0.65 -0.0435146 0.201784 
3.45 0.65 0.00384697 0.196955 
3.5 0.65 0.0510532 0.203628 
3.55 0.65 0.0962047 0.221161 
3.6 0.65 0.13753 0.247957 
3.65 0.65 0.173483 0.281834 
3.7 0.65 0.202804 0.320449 
3.75 0.65 0.224548 0.361644 
3.8 0.65 0.238085 0.403631 
3.85 0.65 0.243077 0.445031 
3.9 0.65 0.23946 0.484794 
3.95 0.65 0.227424 0.522078 
4 0.65 0.207404 0.556128 
4.05 0.65 0.180079 0.58619 
4.1 0.65 0.146368 0.611476 
4.15 0.65 0.107424 0.631194 
4.2 0.65 0.0646085 0.644619 
4.25 0.65 0.019453 0.651196 
4.3 0.65 -0.0264043 0.650631 
4.35 0.65 -0.0712909 0.642945 
4.4 0.65 -0.113578 0.628473 
4.45 0.65 -0.151754 0.607797 
4.5 0.65 -0.18448 0.581655 
4.55 0.65 -0.210632 0.550838 
4.6 0.65 -0.22932 0.516128 
4.65 0.65 -0.239895 0.478278 
4.7 0.65 -0.241955 0.438057 
4.75 0.65 -0.235344 0.396346 
4.8 0.65 -0.220172 0.354262 
4.85 0.65 -0.196831 0.313277 
4.9 0.65 -0.166023 0.27528 
4.95 0.65 -0.128781 0.24251 
5 0.65 -0.0864762 0.217326 
0 0.7 -0.11093 0.218696 
0.05 0.7 -0.074711 0.194338 
0.1 0.7 -0.0354878 0.17927 
0.15 0.7 0.00520972 0.174899 
0.2 0.7 0.0457366 0.181648 
0.25 0.7 0.0844476 0.198852 
0.3 0.7 0.119808 0.224914 
0.35 0.7 0.150484 0.257675 
0.4 0.7 0.175396 0.294829 
0.45 0.7 0.193747 0.334261 
0.5 0.7 0.205014 0.37422 
0.55 0.7 0.208934 0.413352 
0.6 0.7 0.205476 0.450633 
0.65 0.7 0.19483 0.48526 
0.7 0.7 0.177391 0.51655 
0.75 0.7 0.153758 0.543865 
0.8 0.7 0.124728 0.566585 
0.85 0.7 0.0912904 0.584115 
0.9 0.7 0.0546041 0.595932 
0.95 0.7 0.0159635 0.601649 
1 0.7 -0.0232508 0.601063 
1.05 0.7 -0.0616323 0.594195 
1.1 0.7 -0.0978118 0.581282 
1.15 0.7 -0.130515 0.562743 
1.2 0.7 -0.158611 0.539115 
1.25 0.7 -0.181143 0.510998 
1.3 0.7 -0.197347 0.479016 
1.35 0.7 -0.206658 0.443809 
1.4 0.7 -0.208714 0.406075 
1.45 0.7 -0.203362 0.36665 
1.5 0.7 -0.190668 0.326617 
1.55 0.7 -0.17094 0.287404 
1.6 0.7 -0.144746 0.250848 
1.65 0.7 -0.112937 0.219133 
1.7 0.7 -0.076642 0.194578 
1.75 0.7 -0.0372465 0.179281 
1.8 0.7 0.00367403 0.174689 
1.85 0.7 0.0444441 0.181258 
1.9 0.7 0.0833982 0.198339 
1.95 0.7 0.118989 0.224338 
2 0.7 0.149873 0.25709 
2.05 0.7 0.17497 0.294273 
2.1 0.7 0.193479 0.333757 
2.15 0.7 0.204881 0.373778 
2.2 0.7 0.208912 0.412974 
2.25 0.7 0.205548 0.450316 
2.3 0.7 0.194977 0.485 
2.35 0.7 0.177599 0.516344 
2.4 0.7 0.154013 0.54371 
2.45 0.7 0.125019 0.56648 
2.5 0.7 0.0916054 0.584059 
2.55 0.7 0.054932 0.595926 
2.6 0.7 0.0162933 0.601692 
2.65 0.7 -0.0229299 0.601155 
2.7 0.7 -0.0613307 0.594334 
2.75 0.7 -0.0975389 0.581465 
2.8 0.7 -0.13028 0.562965 
2.85 0.7 -0.158421 0.539373 
2.9 0.7 -0.181004 0.511287 
2.95 0.7 -0.197263 0.479331 
3 0.7 -0.206632 0.444144 
3.05 0.7 -0.208749 0.406426 
3.1 0.7 -0.203457 0.367008 
3.15 0.7 -0.190822 0.326972 
3.2 0.7 -0.171149 0.287742 
3.25 0.7 -0.145004 0.251153 
3.3 0.7 -0.113235 0.219384 
3.35 0.7 -0.0769709 0.194757 
3.4 0.7 -0.0375929 0.179374 
3.45 0.7 0.00332392 0.174687 
3.5 0.7 0.0441043 0.181163 
3.55 0.7 0.0830823 0.198162 
3.6 0.7 0.118709 0.224096 
3.65 0.7 0.149639 0.256803 
3.7 0.7 0.174789 0.293961 
3.75 0.7 0.193357 0.333435 
3.8 0.7 0.20482 0.37346 
3.85 0.7 0.208914 0.41267 
3.9 0.7 0.20561 0.450033 
3.95 0.7 0.195097 0.484744 
4 0.7 0.177773 0.516118 
4.05 0.7 0.154234 0.54352 
4.1 0.7 0.125279 0.566327 
4.15 0.7 0.0918969 0.583947 
4.2 0.7 0.0552456 0.595855 
4.25 0.7 0.0166208 0.601657 
4.3 0.7 -0.0225952 0.601149 
4.35 0.7 -0.0609924 0.594344 
4.4 0.7 -0.097196 0.581475 
4.45 0.7 -0.129925 0.562954 
4.5 0.7 -0.15804 0.539316 
4.55 0.7 -0.180575 0.511157 
4.6 0.7 -0.196755 0.4791 
4.65 0.7 -0.206007 0.443789 
4.7 0.7 -0.20796 0.405929 
4.75 0.7 -0.202457 0.366368 
4.8 0.7 -0.189565 0.326208 
4.85 0.7 -0.1696 0.286906 
4.9 0.7 -0.143148 0.250331 
4.95 0.7 -0.111089 0.218696 
5 0.7 -0.0746037 0.194338 
0 0.75 -0.0897558 0.190987 
0.05 0.75 -0.0604574 0.168661 
0.1 0.75 -0.0286977 0.154853 
0.15 0.75 0.00426496 0.150863 
0.2 0.75 0.0370796 0.157081 
0.25 0.75 0.0683972 0.172883 
0.3 0.75 0.096964 0.196791 
0.35 0.75 0.121695 0.226803 
0.4 0.75 0.141723 0.260784 
0.45 0.75 0.156413 0.296773 
0.5 0.75 0.165361 0.333144 
0.55 0.75 0.168373 0.368634 
0.6 0.75 0.165445 0.402287 
0.65 0.75 0.156747 0.433365 
0.7 0.75 0.142613 0.46126 
0.75 0.75 0.123534 0.485436 
0.8 0.75 0.100156 0.5054 
0.85 0.75 0.0732756 0.520703 
0.9 0.75 0.0438161 0.530967 
0.95 0.75 0.012807 0.535915 
1 0.75 -0.0186568 0.535408 
1.05 0.75 -0.0494607 0.529459 
1.1 0.75 -0.0785182 0.518235 
1.15 0.75 -0.104816 0.50203 
1.2 0.75 -0.12745 0.481239 
1.25 0.75 -0.145651 0.456318 
1.3 0.75 -0.158797 0.427765 
1.35 0.75 -0.166423 0.396127 
1.4 0.75 -0.168221 0.362028 
1.45 0.75 -0.16405 0.326242 
1.5 0.75 -0.153942 0.289779 
1.55 0.75 -0.138127 0.253973 
1.6 0.75 -0.117047 0.220529 
1.65 0.75 -0.0913815 0.191473 
1.7 0.75 -0.0620431 0.168954 
1.75 0.75 -0.0301603 0.154916 
1.8 0.75 0.00297545 0.1507 
1.85 0.75 0.0359875 0.156731 
1.9 0.75 0.0675079 0.172405 
1.95 0.75 0.0962691 0.196245 
2 0.75 0.121178 0.226244 
2.05 0.75 0.141363 0.260252 
2.1 0.75 0.156188 0.296292 
2.15 0.75 0.16525 0.332725 
2.2 0.75 0.168356 0.368278 
2.25 0.75 0.165504 0.401993 
2.3 0.75 0.156868 0.433128 
2.35 0.75 0.142783 0.461076 
2.4 0.75 0.123742 0.485301 
2.45 0.75 0.100393 0.505312 
2.5 0.75 0.0735309 0.520661 
2.55 0.75 0.0440811 0.530969 
2.6 0.75 0.013073 0.535961 
2.65 0.75 -0.0183983 0.535496 
2.7 0.75 -0.0492178 0.529588 
2.75 0.75 -0.0782985 0.518402 
2.8 0.75 -0.104626 0.502233 
2.85 0.75 -0.127296 0.481473 
2.9 0.75 -0.145537 0.45658 
2.95 0.75 -0.158728 0.428052 
3 0.75 -0.166401 0.396433 
3.05 0.75 -0.168248 0.362349 
3.1 0.75 -0.164126 0.32657 
3.15 0.75 -0.154066 0.290105 
3.2 0.75 -0.138295 0.254283 
3.25 0.75 -0.117256 0.220809 
3.3 0.75 -0.0916231 0.191704 
3.35 0.75 -0.0623093 0.169119 
3.4 0.75 -0.0304408 0.155001 
3.45 0.75 0.00269189 0.150699 
3.5 0.75 0.0357125 0.156644 
3.55 0.75 0.0672524 0.172242 
3.6 0.75 0.096043 0.196024 
3.65 0.75 0.12099 0.225982 
3.7 0.75 0.141218 0.259967 
3.75 0.75 0.15609 0.296 
3.8 0.75 0.165201 0.332437 
3.85 0.75 0.168357 0.368004 
3.9 0.75 0.165554 0.401738 
3.95 0.75 0.156964 0.432898 
4 0.75 0.14292 0.460874 
4.05 0.75 0.123915 0.485131 
4.1 0.75 0.100596 0.505174 
4.15 0.75 0.0737572 0.520556 
4.2 0.75 0.0443233 0.530895 
4.25 0.75 0.0133244 0.535913 
4.3 0.75 -0.018143 0.535466 
4.35 0.75 -0.0489609 0.529563 
4.4 0.75 -0.0780387 0.518366 
4.45 0.75 -0.104357 0.502166 
4.5 0.75 -0.127005 0.481354 
4.55 0.75 -0.145205 0.456383 
4.6 0.75 -0.158328 0.427752 
4.65 0.75 -0.1659 0.396009 
4.7 0.75 -0.167608 0.361788 
4.75 0.75 -0.163307 0.325873 
4.8 0.75 -0.153032 0.289294 
4.85 0.75 -0.13702 0.253411 
4.9 0.75 -0.115732 0.219958 
4.95 0.75 -0.0898699 0.190987 
5 0.75 -0.0603803 0.168661 
0 0.8 -0.0665151 0.159161 
0.05 0.8 -0.0448106 0.140051 
0.1 0.8 -0.021264 0.128242 
0.15 0.8 0.00317543 0.124841 
0.2 0.8 0.0274944 0.130176 
0.25 0.8 0.0506832 0.143713 
0.3 0.8 0.0718057 0.164185 
0.35 0.8 0.0900563 0.18988 
0.4 0.8 0.104796 0.218966 
0.45 0.8 0.115566 0.249755 
0.5 0.8 0.122078 0.280841 
0.55 0.8 0.124203 0.311127 
0.6 0.8 0.121952 0.339777 
0.65 0.8 0.115461 0.366152 
0.7 0.8 0.104985 0.389733 
0.75 0.8 0.0908919 0.410082 
0.8 0.8 0.07366 0.426811 
0.85 0.8 0.0538727 0.439582 
0.9 0.8 0.0322065 0.44812 
0.95 0.8 0.0094121 0.452228 
1 0.8 -0.0137134 0.451807 
1.05 0.8 -0.0363586 0.446867 
1.1 0.8 -0.0577321 0.437524 
1.15 0.8 -0.0770946 0.423991 
1.2 0.8 -0.0937844 0.406553 
1.25 0.8 -0.107235 0.385558 
1.3 0.8 -0.116987 0.3614 
1.35 0.8 -0.122691 0.33453 
1.4 0.8 -0.12411 0.305483 
1.45 0.8 -0.121127 0.274932 
1.5 0.8 -0.113754 0.243758 
1.55 0.8 -0.102145 0.213121 
1.6 0.8 -0.0866176 0.184495 
1.65 0.8 -0.0676647 0.159622 
1.7 0.8 -0.0459615 0.140346 
1.75 0.8 -0.0223489 0.12833 
1.8 0.8 0.00220507 0.124722 
1.85 0.8 0.0266661 0.129884 
1.9 0.8 0.0500065 0.1433 
1.95 0.8 0.071277 0.163708 
2 0.8 0.0896641 0.189388 
2.05 0.8 0.104525 0.218496 
2.1 0.8 0.115398 0.24933 
2.15 0.8 0.121996 0.280472 
2.2 0.8 0.124192 0.310816 
2.25 0.8 0.121998 0.339522 
2.3 0.8 0.115553 0.365948 
2.35 0.8 0.105113 0.389578 
2.4 0.8 0.0910479 0.40997 
2.45 0.8 0.0738362 0.426741 
2.5 0.8 0.0540621 0.439552 
2.55 0.8 0.0324027 0.448127 
2.6 0.8 0.00960855 0.452272 
2.65 0.8 -0.0135228 0.451886 
2.7 0.8 -0.0361796 0.44698 
2.75 0.8 -0.0575702 0.437669 
2.8 0.8 -0.0769548 0.424165 
2.85 0.8 -0.0936708 0.406754 
2.9 0.8 -0.107152 0.385783 
2.95 0.8 -0.116936 0.361647 
3 0.8 -0.122674 0.334794 
3.05 0.8 -0.124129 0.305759 
3.1 0.8 -0.121182 0.275214 
3.15 0.8 -0.113845 0.244038 
3.2 0.8 -0.102269 0.213387 
3.25 0.8 -0.0867714 0.184735 
3.3 0.8 -0.0678434 0.15982 
3.35 0.8 -0.0461586 0.140487 
3.4 0.8 -0.0225568 0.128403 
3.45 0.8 0.00199493 0.124721 
3.5 0.8 0.0264623 0.129809 
3.55 0.8 0.0498174 0.143161 
3.6 0.8 0.0711099 0.163518 
3.65 0.8 0.0895249 0.189163 
3.7 0.8 0.104418 0.218252 
3.75 0.8 0.115326 0.24908 
3.8 0.8 0.12196 0.280226 
3.85 0.8 0.124193 0.310582 
3.9 0.8 0.122034 0.339305 
3.95 0.8 0.115622 0.365753 
4 0.8 0.105212 0.389406 
4.05 0.8 0.0911726 0.409825 
4.1 0.8 0.0739817 0.426622 
4.15 0.8 0.0542232 0.439458 
4.2 0.8 0.0325739 0.448057 
4.25 0.8 0.00978496 0.452219 
4.3 0.8 -0.013345 0.451842 
4.35 0.8 -0.0360021 0.446935 
4.4 0.8 -0.0573918 0.437608 
4.45 0.8 -0.0767702 0.424071 
4.5 0.8 -0.0934703 0.406608 
4.55 0.8 -0.10692 0.385563 
4.6 0.8 -0.116653 0.361332 
4.65 0.8 -0.122313 0.334368 
4.7 0.8 -0.123662 0.305212 
4.75 0.8 -0.12058 0.27455 
4.8 0.8 -0.113082 0.243279 
4.85 0.8 -0.10133 0.212582 
4.9 0.8 -0.0856557 0.183956 
4.95 0.8 -0.0665724 0.159161 
5 0.8 -0.0447717 0.140051 
0 0.85 -0.0431392 0.123426 
0.05 0.85 -0.0290601 0.108517 
0.1 0.85 -0.013787 0.0993185 
0.15 0.85 0.00205551 0.0966763 
0.2 0.85 0.0178082 0.100839 
0.25 0.85 0.0328135 0.111394 
0.3 0.85 0.0464621 0.127363 
0.35 0.85 0.0582322 0.147421 
0.4 0.85 0.0677134 0.170146 
0.45 0.85 0.0746149 0.194217 
0.5 0.85 0.0787598 0.218528 
0.55 0.85 0.0800733 0.242205 
0.6 0.85 0.0785704 0.264584 
0.65 0.85 0.0743454 0.285154 
0.7 0.85 0.0675663 0.303507 
0.75 0.85 0.0584723 0.319307 
0.8 0.85 0.0473713 0.332263 
0.85 0.85 0.0346376 0.342131 
0.9 0.85 0.0207039 0.348715 
0.95 0.85 0.00604985 0.351879 
1 0.85 -0.00881566 0.351555 
1.05 0.85 -0.0233746 0.347749 
1.1 0.85 -0.0371216 0.340542 
1.15 0.85 -0.0495843 0.33008 
1.2 0.85 -0.060339 0.316568 
1.25 0.85 -0.0690226 0.300258 
1.3 0.85 -0.0753382 0.281447 
1.35 0.85 -0.0790581 0.260483 
1.4 0.85 -0.0800259 0.237788 
1.45 0.85 -0.078159 0.213899 
1.5 0.85 -0.0734565 0.18952 
1.55 0.85 -0.0660092 0.16557 
1.6 0.85 -0.0560137 0.143209 
1.65 0.85 -0.0437835 0.123798 
1.7 0.85 -0.0297538 0.10877 
1.75 0.85 -0.014472 0.099408 
1.8 0.85 0.00142801 0.0965981 
1.85 0.85 0.0172669 0.100618 
1.9 0.85 0.0323701 0.111072 
1.95 0.85 0.0461163 0.126986 
2 0.85 0.0579769 0.14703 
2.05 0.85 0.0675382 0.169771 
2.1 0.85 0.0745079 0.193878 
2.15 0.85 0.0787094 0.218233 
2.2 0.85 0.0800691 0.241958 
2.25 0.85 0.0786031 0.264382 
2.3 0.85 0.0744074 0.284994 
2.35 0.85 0.0676512 0.303386 
2.4 0.85 0.0585745 0.319221 
2.45 0.85 0.0474861 0.332211 
2.5 0.85 0.0347605 0.34211 
2.55 0.85 0.0208307 0.348724 
2.6 0.85 0.00617659 0.351916 
2.65 0.85 -0.00869284 0.351619 
2.7 0.85 -0.0232594 0.34784 
2.75 0.85 -0.0370174 0.340657 
2.8 0.85 -0.0494942 0.330218 
2.85 0.85 -0.0602658 0.316727 
2.9 0.85 -0.0689685 0.300436 
2.95 0.85 -0.075305 0.281641 
3 0.85 -0.0790472 0.26069 
3.05 0.85 -0.0800379 0.238005 
3.1 0.85 -0.0781944 0.214121 
3.15 0.85 -0.0735147 0.18974 
3.2 0.85 -0.066089 0.165779 
3.25 0.85 -0.0561128 0.143397 
3.3 0.85 -0.0438989 0.123953 
3.35 0.85 -0.0298813 0.10888 
3.4 0.85 -0.0146066 0.099465 
3.45 0.85 0.00129195 0.0965971 
3.5 0.85 0.0171351 0.10056 
3.55 0.85 0.0322478 0.110964 
3.6 0.85 0.0460085 0.126838 
3.65 0.85 0.0578872 0.146855 
3.7 0.85 0.0674694 0.169581 
3.75 0.85 0.0744618 0.193683 
3.8 0.85 0.0786867 0.218041 
3.85 0.85 0.0800697 0.241774 
3.9 0.85 0.0786262 0.264213 
3.95 0.85 0.0744514 0.284841 
4 0.85 0.0677139 0.303252 
4.05 0.85 0.0586531 0.319107 
4.1 0.85 0.0475774 0.332116 
4.15 0.85 0.0348609 0.342034 
4.2 0.85 0.0209368 0.348664 
4.25 0.85 0.00628484 0.351867 
4.3 0.85 -0.00858484 0.351575 
4.35 0.85 -0.0231528 0.347791 
4.4 0.85 -0.0369114 0.340592 
4.45 0.85 -0.0493853 0.330123 
4.5 0.85 -0.0601473 0.316588 
4.55 0.85 -0.0688303 0.300235 
4.6 0.85 -0.0751333 0.281364 
4.65 0.85 -0.078825 0.260324 
4.7 0.85 -0.0797461 0.237543 
4.75 0.85 -0.077814 0.213568 
4.8 0.85 -0.0730306 0.189117 
4.85 0.85 -0.065495 0.165127 
4.9 0.85 -0.0554174 0.142773 
4.95 0.85 -0.0431279 0.123426 
5 0.85 -0.0290673 0.108517 
0 0.9 -0.022107 0.0843645 
0.05 0.9 -0.0148643 0.0742932 
0.1 0.9 -0.00704478 0.0680964 
0.15 0.9 0.00104364 0.0663211 
0.2 0.9 0.00907465 0.0691273 
0.25 0.9 0.0167153 0.0762418 
0.3 0.9 0.0236542 0.0870183 
0.35 0.9 0.0296257 0.100577 
0.4 0.9 0.0344229 0.115965 
0.45 0.9 0.0379017 0.132291 
0.5 0.9 0.0399772 0.148799 
0.55 0.9 0.0406161 0.164888 
0.6 0.9 0.0398301 0.180096 
0.65 0.9 0.0376696 0.194068 
0.7 0.9 0.0342213 0.206523 
0.75 0.9 0.0296064 0.217232 
0.8 0.9 0.0239804 0.226003 
0.85 0.9 0.0175317 0.232674 
0.9 0.9 0.0104782 0.237121 
0.95 0.9 0.00306161 0.239256 
1 0.9 -0.00446161 0.239038 
1.05 0.9 -0.0118303 0.236469 
1.1 0.9 -0.0187898 0.2316 
1.15 0.9 -0.0251022 0.224525 
1.2 0.9 -0.0305541 0.215376 
1.25 0.9 -0.0349625 0.204318 
1.3 0.9 -0.0381775 0.19155 
1.35 0.9 -0.0400834 0.177307 
1.4 0.9 -0.0405991 0.161884 
1.45 0.9 -0.0396799 0.145652 
1.5 0.9 -0.0373209 0.1291 
1.55 0.9 -0.0335633 0.112861 
1.6 0.9 -0.0285022 0.0977259 
1.65 0.9 -0.0222936 0.0846113 
1.7 0.9 -0.0151577 0.0744745 
1.75 0.9 -0.00737494 0.0681685 
1.8 0.9 0.000727766 0.066277 
1.85 0.9 0.00879884 0.0689834 
1.9 0.9 0.0164892 0.0760266 
1.95 0.9 0.0234788 0.0867635 
2 0.9 0.0294973 0.100311 
2.05 0.9 0.0343359 0.115709 
2.1 0.9 0.0378498 0.132058 
2.15 0.9 0.039954 0.148597 
2.2 0.9 0.0406163 0.164718 
2.25 0.9 0.0398487 0.179958 
2.3 0.9 0.0377028 0.193959 
2.35 0.9 0.0342656 0.206441 
2.4 0.9 0.0296592 0.217175 
2.45 0.9 0.0240392 0.225968 
2.5 0.9 0.0175943 0.232661 
2.55 0.9 0.0105427 0.237128 
2.6 0.9 0.00312591 0.239283 
2.65 0.9 -0.00439939 0.239083 
2.7 0.9 -0.011772 0.236531 
2.75 0.9 -0.0187371 0.231679 
2.8 0.9 -0.0250566 0.22462 
2.85 0.9 -0.030517 0.215485 
2.9 0.9 -0.034935 0.20444 
2.95 0.9 -0.0381606 0.191682 
3 0.9 -0.0400777 0.177449 
3.05 0.9 -0.040605 0.162032 
3.1 0.9 -0.0396976 0.145803 
3.15 0.9 -0.0373502 0.12925 
3.2 0.9 -0.0336036 0.113003 
3.25 0.9 -0.0285524 0.0978531 
3.3 0.9 -0.0223522 0.084716 
3.35 0.9 -0.0152226 0.0745492 
3.4 0.9 -0.00744348 0.0682071 
3.45 0.9 0.000658444 0.0662765 
3.5 0.9 0.00873169 0.0689446 
3.55 0.9 0.016427 0.0759539 
3.6 0.9 0.023424 0.0866639 
3.65 0.9 0.0294519 0.100192 
3.7 0.9 0.0343012 0.11558 
3.75 0.9 0.0378266 0.131926 
3.8 0.9 0.0399427 0.148466 
3.85 0.9 0.0406167 0.164594 
3.9 0.9 0.0398604 0.179842 
3.95 0.9 0.0377248 0.193855 
4 0.9 0.034297 0.20635 
4.05 0.9 0.0296983 0.217097 
4.1 0.9 0.0240844 0.225903 
4.15 0.9 0.0176438 0.232608 
4.2 0.9 0.0105945 0.237085 
4.25 0.9 0.00317825 0.239246 
4.3 0.9 -0.00434784 0.239048 
4.35 0.9 -0.0117219 0.236492 
4.4 0.9 -0.0186881 0.231627 
4.45 0.9 -0.0250069 0.224546 
4.5 0.9 -0.0304632 0.21538 
4.55 0.9 -0.0348719 0.204291 
4.6 0.9 -0.0380809 0.191481 
4.65 0.9 -0.0399724 0.177186 
4.7 0.9 -0.0404642 0.161705 
4.75 0.9 -0.0395114 0.145417 
4.8 0.9 -0.0371116 0.12882 
4.85 0.9 -0.0333124 0.112559 
4.9 0.9 -0.028222 0.0974344 
4.95 0.9 -0.0220158 0.0843645 
5 0.9 -0.0149256 0.0742932 
0 0.95 -0.00653113 0.0428548 
0.05 0.95 -0.00430991 0.0378492 
0.1 0.95 -0.00202929 0.0347849 
0.15 0.95 0.000298444 0.0339093 
0.2 0.95 0.00260195 0.0352978 
0.25 0.95 0.00479 0.0388194 
0.3 0.95 0.00677337 0.0441626 
0.35 0.95 0.00847583 0.0509002 
0.4 0.95 0.00983897 0.0585657 
0.45 0.95 0.0108231 0.0667172 
0.5 0.95 0.0114058 0.0749752 
0.55 0.95 0.0115794 0.0830348 
0.6 0.95 0.0113485 0.0906596 
0.65 0.95 0.010728 0.0976671 
0.7 0.95 0.00974293 0.103914 
0.75 0.95 0.00842741 0.109283 
0.8 0.95 0.00682525 0.113678 
0.85 0.95 0.0049896 0.117019 
0.9 0.95 0.00298211 0.119246 
0.95 0.95 0.000871337 0.120314 
1 0.95 -0.00126978 0.120205 
1.05 0.95 -0.00336696 0.118919 
1.1 0.95 -0.00534781 0.116481 
1.15 0.95 -0.00714483 0.112937 
1.2 0.95 -0.00869772 0.108352 
1.25 0.95 -0.00995488 0.102807 
1.3 0.95 -0.0108741 0.0964033 
1.35 0.95 -0.0114226 0.0892603 
1.4 0.95 -0.0115771 0.0815283 
1.45 0.95 -0.0113239 0.0733991 
1.5 0.95 -0.0106603 0.065122 
1.55 0.95 -0.00959629 0.0570179 
1.6 0.95 -0.00815702 0.0494824 
1.65 0.95 -0.00638566 0.042969 
1.7 0.95 -0.00434465 0.0379457 
1.75 0.95 -0.00211479 0.034826 
1.8 0.95 0.000208703 0.0338911 
1.85 0.95 0.00252293 0.0352289 
1.9 0.95 0.00472578 0.0387142 
1.95 0.95 0.00672418 0.0440369 
2 0.95 0.00844039 0.0507679 
2.05 0.95 0.00981546 0.0584376 
2.1 0.95 0.0108096 0.0666003 
2.15 0.95 0.0114004 0.0748731 
2.2 0.95 0.0115805 0.0829488 
2.25 0.95 0.0113546 0.0905895 
2.3 0.95 0.0107381 0.0976119 
2.35 0.95 0.009756 0.103872 
2.4 0.95 0.00844274 0.109254 
2.45 0.95 0.00684219 0.11366 
2.5 0.95 0.00500754 0.117013 
2.55 0.95 0.00300051 0.119249 
2.6 0.95 0.000889645 0.120328 
2.65 0.95 -0.00125209 0.120228 
2.7 0.95 -0.00335039 0.11895 
2.75 0.95 -0.00533284 0.116521 
2.8 0.95 -0.00713188 0.112985 
2.85 0.95 -0.00868717 0.108407 
2.9 0.95 -0.00994705 0.102869 
2.95 0.95 -0.0108692 0.09647 
3 0.95 -0.0114209 0.0893315 
3.05 0.95 -0.0115787 0.0816026 
3.1 0.95 -0.0113289 0.0734748 
3.15 0.95 -0.0106686 0.0651968 
3.2 0.95 -0.00960773 0.0570888 
3.25 0.95 -0.00817133 0.0495458 
3.3 0.95 -0.00640241 0.0430211 
3.35 0.95 -0.00436322 0.0379828 
3.4 0.95 -0.00213443 0.0348452 
3.45 0.95 0.000188834 0.0338909 
3.5 0.95 0.0025037 0.0352098 
3.55 0.95 0.004708 0.0386783 
3.6 0.95 0.00670855 0.0439875 
3.65 0.95 0.00842748 0.0507091 
3.7 0.95 0.00980564 0.0583733 
3.75 0.95 0.0108031 0.066534 
3.8 0.95 0.0113973 0.0748077 
3.85 0.95 0.0115806 0.0828864 
3.9 0.95 0.0113579 0.0905316 
3.95 0.95 0.0107444 0.0975596 
4 0.95 0.00976486 0.103826 
4.05 0.95 0.00845376 0.109214 
4.1 0.95 0.00685486 0.113627 
4.15 0.95 0.00502131 0.116985 
4.2 0.95 0.0030148 0.119227 
4.25 0.95 0.00090391 0.120308 
4.3 0.95 -0.00123828 0.120209 
4.35 0.95 -0.00333726 0.118929 
4.4 0.95 -0.00532033 0.116493 
4.45 0.95 -0.00711953 0.112945 
4.5 0.95 -0.00867402 0.108351 
4.55 0.95 -0.00993158 0.102791 
4.6 0.95 -0.0108493 0.0963656 
4.65 0.95 -0.0113939 0.0891966 
4.7 0.95 -0.0115415 0.0814362 
4.75 0.95 -0.0112785 0.0732798 
4.8 0.95 -0.010603 0.064982 
4.85 0.95 -0.00952787 0.0568697 
4.9 0.95 -0.00808716 0.0493433 
4.95 0.95 -0.00634826 0.0428548 
5 0.95 -0.00443362 0.0378492 
0 1 0 0 
0.05 1 0 0 
0.1 1 0 0 
0.15 1 0 0 
0.2 1 0 0 
0.25 1 0 0 
0.3 1 0 0 
0.35 1 0 0 
0.4 1 0 0 
0.45 1 0 0 
0.5 1 0 0 
0.55 1 0 0 
0.6 1 0 0 
0.65 1 0 0 
0.7 1 0 0 
0.75 1 0 0 
0.8 1 0 0 
0.85 1 0 0 
0.9 1 0 0 
0.95 1 0 0 
1 1 0 0 
1.05 1 0 0 
1.1 1 0 0 
1.15 1 0 0 
1.2 1 0 0 
1.25 1 0 0 
1.3 1 0 0 
1.35 1 0 0 
1.4 1 0 0 
1.45 1 0 0 
1.5 1 0 0 
1.55 1 0 0 
1.6 1 0 0 
1.65 1 0 0 
1.7 1 0 0 
1.75 1 0 0 
1.8 1 0 0 
1.85 1 0 0 
1.9 1 0 0 
1.95 1 0 0 
2 1 0 0 
2.05 1 0 0 
2.1 1 0 0 
2.15 1 0 0 
2.2 1 0 0 
2.25 1 0 0 
2.3 1 0 0 
2.35 1 0 0 
2.4 1 0 0 
2.45 1 0 0 
2.5 1 0 0 
2.55 1 0 0 
2.6 1 0 0 
2.65 1 0 0 
2.7 1 0 0 
2.75 1 0 0 
2.8 1 0 0 
2.85 1 0 0 
2.9 1 0 0 
2.95 1 0 0 
3 1 0 0 
3.05 1 0 0 
3.1 1 0 0 
3.15 1 0 0 
3.2 1 0 0 
3.25 1 0 0 
3.3 1 0 0 
3.35 1 0 0 
3.4 1 0 0 
3.45 1 0 0 
3.5 1 0 0 
3.55 1 0 0 
3.6 1 0 0 
3.65 1 0 0 
3.7 1 0 0 
3.75 1 0 0 
3.8 1 0 0 
3.85 1 0 0 
3.9 1 0 0 
3.95 1 0 0 
4 1 0 0 
4.05 1 0 0 
4.1 1 0 0 
4.15 1 0 0 
4.2 1 0 0 
4.25 1 0 0 
4.3 1 0 0 
4.35 1 0 0 
4.4 1 0 0 
4.45 1 0 0 
4.5 1 0 0 
4.55 1 0 0 
4.6 1 0 0 
4.65 1 0 0 
4.7 1 0 0 
4.75 1 0 0 
4.8 1 0 0 
4.85 1 0 0 
4.9 1 0 0 
4.95 1 0 0 
5 1 0 0 
