x, y, ksi, T
#iter= 1730000
0 0 0 1 
0.05 0 0 1 
0.1 0 0 1 
0.15 0 0 1 
0.2 0 0 1 
0.25 0 0 1 
0.3 0 0 1 
0.35 0 0 1 
0.4 0 0 1 
0.45 0 0 1 
0.5 0 0 1 
0.55 0 0 1 
0.6 0 0 1 
0.65 0 0 1 
0.7 0 0 1 
0.75 0 0 1 
0.8 0 0 1 
0.85 0 0 1 
0.9 0 0 1 
0.95 0 0 1 
1 0 0 1 
1.05 0 0 1 
1.1 0 0 1 
1.15 0 0 1 
1.2 0 0 1 
1.25 0 0 1 
1.3 0 0 1 
1.35 0 0 1 
1.4 0 0 1 
1.45 0 0 1 
1.5 0 0 1 
1.55 0 0 1 
1.6 0 0 1 
1.65 0 0 1 
1.7 0 0 1 
1.75 0 0 1 
1.8 0 0 1 
1.85 0 0 1 
1.9 0 0 1 
1.95 0 0 1 
2 0 0 1 
2.05 0 0 1 
2.1 0 0 1 
2.15 0 0 1 
2.2 0 0 1 
2.25 0 0 1 
2.3 0 0 1 
2.35 0 0 1 
2.4 0 0 1 
2.45 0 0 1 
2.5 0 0 1 
2.55 0 0 1 
2.6 0 0 1 
2.65 0 0 1 
2.7 0 0 1 
2.75 0 0 1 
2.8 0 0 1 
2.85 0 0 1 
2.9 0 0 1 
2.95 0 0 1 
3 0 0 1 
3.05 0 0 1 
3.1 0 0 1 
3.15 0 0 1 
3.2 0 0 1 
3.25 0 0 1 
3.3 0 0 1 
3.35 0 0 1 
3.4 0 0 1 
3.45 0 0 1 
3.5 0 0 1 
3.55 0 0 1 
3.6 0 0 1 
3.65 0 0 1 
3.7 0 0 1 
3.75 0 0 1 
3.8 0 0 1 
3.85 0 0 1 
3.9 0 0 1 
3.95 0 0 1 
4 0 0 1 
4.05 0 0 1 
4.1 0 0 1 
4.15 0 0 1 
4.2 0 0 1 
4.25 0 0 1 
4.3 0 0 1 
4.35 0 0 1 
4.4 0 0 1 
4.45 0 0 1 
4.5 0 0 1 
4.55 0 0 1 
4.6 0 0 1 
4.65 0 0 1 
4.7 0 0 1 
4.75 0 0 1 
4.8 0 0 1 
4.85 0 0 1 
4.9 0 0 1 
4.95 0 0 1 
5 0 0 1 
0 0.05 -0.00643114 0.884641 
0.05 0.05 -0.00433463 0.881653 
0.1 0.05 -0.00214772 0.879916 
0.15 0.05 6.36188e-05 0.879407 
0.2 0.05 0.00224138 0.880108 
0.25 0.05 0.00432172 0.881991 
0.3 0.05 0.00624004 0.885013 
0.35 0.05 0.00793574 0.889112 
0.4 0.05 0.00935514 0.894213 
0.45 0.05 0.010453 0.900223 
0.5 0.05 0.0111929 0.907033 
0.55 0.05 0.0115477 0.914508 
0.6 0.05 0.0114994 0.922479 
0.65 0.05 0.01104 0.930728 
0.7 0.05 0.0101731 0.938972 
0.75 0.05 0.00891618 0.94685 
0.8 0.05 0.00730323 0.953935 
0.85 0.05 0.00538715 0.95976 
0.9 0.05 0.00323994 0.963873 
0.95 0.05 0.000950372 0.965919 
1 0.05 -0.00138146 0.965709 
1.05 0.05 -0.00365196 0.963263 
1.1 0.05 -0.00576259 0.958805 
1.15 0.05 -0.00762741 0.952716 
1.2 0.05 -0.00917789 0.945454 
1.25 0.05 -0.0103648 0.937484 
1.3 0.05 -0.0111575 0.929223 
1.35 0.05 -0.0115414 0.921016 
1.4 0.05 -0.0115155 0.913133 
1.45 0.05 -0.0110902 0.905784 
1.5 0.05 -0.0102857 0.89913 
1.55 0.05 -0.0091317 0.893299 
1.6 0.05 -0.00766748 0.888398 
1.65 0.05 -0.00594167 0.884514 
1.7 0.05 -0.00401191 0.881718 
1.75 0.05 -0.00194362 0.880062 
1.8 0.05 0.000192065 0.879577 
1.85 0.05 0.00232109 0.880272 
1.9 0.05 0.00436971 0.882135 
1.95 0.05 0.00626762 0.88513 
2 0.05 0.00795066 0.889201 
2.05 0.05 0.00936275 0.894274 
2.1 0.05 0.0104569 0.90026 
2.15 0.05 0.0111956 0.907049 
2.2 0.05 0.0115509 0.914506 
2.25 0.05 0.0115041 0.922463 
2.3 0.05 0.0110468 0.930702 
2.35 0.05 0.0101823 0.938939 
2.4 0.05 0.00892778 0.946815 
2.45 0.05 0.00731707 0.953903 
2.5 0.05 0.00540284 0.959735 
2.55 0.05 0.00325692 0.96386 
2.6 0.05 0.000967951 0.965921 
2.65 0.05 -0.00136405 0.965726 
2.7 0.05 -0.00363548 0.963295 
2.75 0.05 -0.00574776 0.95885 
2.8 0.05 -0.00761482 0.952771 
2.85 0.05 -0.009168 0.945516 
2.9 0.05 -0.0103579 0.937549 
2.95 0.05 -0.0111538 0.929289 
3 0.05 -0.011541 0.92108 
3.05 0.05 -0.0115183 0.913194 
3.1 0.05 -0.0110961 0.90584 
3.15 0.05 -0.0102945 0.899179 
3.2 0.05 -0.00914322 0.893342 
3.25 0.05 -0.00768132 0.888433 
3.3 0.05 -0.0059574 0.88454 
3.35 0.05 -0.00402902 0.881735 
3.4 0.05 -0.00196155 0.880069 
3.45 0.05 0.000173922 0.879574 
3.5 0.05 0.00230336 0.88026 
3.55 0.05 0.00435301 0.882113 
3.6 0.05 0.00625252 0.885098 
3.65 0.05 0.00793768 0.88916 
3.7 0.05 0.00935235 0.894225 
3.75 0.05 0.0104495 0.900203 
3.8 0.05 0.0111915 0.906985 
3.85 0.05 0.0115503 0.914437 
3.9 0.05 0.0115073 0.92239 
3.95 0.05 0.0110539 0.930627 
4 0.05 0.0101934 0.938866 
4.05 0.05 0.00894267 0.946748 
4.1 0.05 0.00733555 0.953847 
4.15 0.05 0.00542446 0.959696 
4.2 0.05 0.00328104 0.963843 
4.25 0.05 0.000993744 0.965931 
4.3 0.05 -0.00133754 0.965767 
4.35 0.05 -0.0036093 0.963368 
4.4 0.05 -0.005723 0.958955 
4.45 0.05 -0.00759261 0.952906 
4.5 0.05 -0.00914957 0.945679 
4.55 0.05 -0.0103448 0.937737 
4.6 0.05 -0.0111479 0.929499 
4.65 0.05 -0.0115453 0.921309 
4.7 0.05 -0.0115372 0.913439 
4.75 0.05 -0.0111362 0.906095 
4.8 0.05 -0.0103658 0.899436 
4.85 0.05 -0.00926127 0.893582 
4.9 0.05 -0.00787028 0.888628 
4.95 0.05 -0.00625266 0.884641 
5 0.05 -0.00445618 0.881653 
0 0.1 -0.0216973 0.770617 
0.05 0.1 -0.0148373 0.76475 
0.1 0.1 -0.00738507 0.76127 
0.15 0.1 0.000289826 0.760234 
0.2 0.1 0.00790225 0.761622 
0.25 0.1 0.0151944 0.765376 
0.3 0.1 0.021926 0.771404 
0.35 0.1 0.0278778 0.779581 
0.4 0.1 0.0328574 0.789752 
0.45 0.1 0.0367029 0.801734 
0.5 0.1 0.0392848 0.815309 
0.55 0.1 0.0405074 0.830214 
0.6 0.1 0.0403092 0.84612 
0.65 0.1 0.0386662 0.862601 
0.7 0.1 0.0355966 0.879101 
0.75 0.1 0.0311683 0.894905 
0.8 0.1 0.0255065 0.909153 
0.85 0.1 0.0187999 0.920894 
0.9 0.1 0.0113002 0.929202 
0.95 0.1 0.00331348 0.93334 
1 0.1 -0.00481757 0.932915 
1.05 0.1 -0.0127391 0.927968 
1.1 0.1 -0.0201137 0.918967 
1.15 0.1 -0.0266441 0.906697 
1.2 0.1 -0.0320901 0.8921 
1.25 0.1 -0.0362753 0.876118 
1.3 0.1 -0.0390859 0.859588 
1.35 0.1 -0.0404644 0.843194 
1.4 0.1 -0.0404018 0.827466 
1.45 0.1 -0.0389306 0.812811 
1.5 0.1 -0.0361206 0.799544 
1.55 0.1 -0.0320765 0.787917 
1.6 0.1 -0.0269373 0.77814 
1.65 0.1 -0.0208759 0.770388 
1.7 0.1 -0.0140961 0.764804 
1.75 0.1 -0.00682906 0.761495 
1.8 0.1 0.000674944 0.760526 
1.85 0.1 0.00815555 0.761916 
1.9 0.1 0.0153535 0.765637 
1.95 0.1 0.0220211 0.771617 
2 0.1 0.0279318 0.779742 
2.05 0.1 0.032887 0.789863 
2.1 0.1 0.0367199 0.801799 
2.15 0.1 0.0392976 0.815333 
2.2 0.1 0.0405213 0.830204 
2.25 0.1 0.040328 0.846083 
2.3 0.1 0.038692 0.862545 
2.35 0.1 0.0356304 0.879032 
2.4 0.1 0.0312102 0.894833 
2.45 0.1 0.025556 0.909088 
2.5 0.1 0.0188555 0.920843 
2.55 0.1 0.01136 0.929175 
2.6 0.1 0.00337523 0.933342 
2.65 0.1 -0.00475653 0.932948 
2.7 0.1 -0.0126814 0.928032 
2.75 0.1 -0.0200617 0.919057 
2.8 0.1 -0.0265998 0.906808 
2.85 0.1 -0.0320552 0.892224 
2.9 0.1 -0.0362509 0.876248 
2.95 0.1 -0.0390727 0.859719 
3 0.1 -0.0404627 0.843322 
3.05 0.1 -0.0404115 0.827587 
3.1 0.1 -0.0389514 0.812922 
3.15 0.1 -0.0361517 0.799643 
3.2 0.1 -0.032117 0.788002 
3.25 0.1 -0.0269861 0.778209 
3.3 0.1 -0.0209312 0.77044 
3.35 0.1 -0.0141564 0.764838 
3.4 0.1 -0.00689213 0.76151 
3.45 0.1 0.000611165 0.760521 
3.5 0.1 0.00809326 0.761891 
3.55 0.1 0.0152948 0.765593 
3.6 0.1 0.0219681 0.771554 
3.65 0.1 0.0278864 0.77966 
3.7 0.1 0.0328507 0.789765 
3.75 0.1 0.0366942 0.801685 
3.8 0.1 0.0392835 0.815206 
3.85 0.1 0.0405199 0.830066 
3.9 0.1 0.0403399 0.845937 
3.95 0.1 0.0387175 0.862395 
4 0.1 0.0356696 0.878886 
4.05 0.1 0.0312627 0.894698 
4.1 0.1 0.0256208 0.908973 
4.15 0.1 0.018931 0.920762 
4.2 0.1 0.011444 0.929138 
4.25 0.1 0.00346484 0.93336 
4.3 0.1 -0.00466457 0.933029 
4.35 0.1 -0.0125907 0.928177 
4.4 0.1 -0.0199759 0.919266 
4.45 0.1 -0.026523 0.907076 
4.5 0.1 -0.0319915 0.892546 
4.55 0.1 -0.0362055 0.876619 
4.6 0.1 -0.0390522 0.860132 
4.65 0.1 -0.0404764 0.843772 
4.7 0.1 -0.0404729 0.828067 
4.75 0.1 -0.0390794 0.813421 
4.8 0.1 -0.0363725 0.80014 
4.85 0.1 -0.0324638 0.788461 
4.9 0.1 -0.0274933 0.778571 
4.95 0.1 -0.021608 0.770617 
5 0.1 -0.0148961 0.76475 
0 0.15 -0.0422693 0.662738 
0.05 0.15 -0.0288681 0.654173 
0.1 0.15 -0.0143163 0.649047 
0.15 0.15 0.000732208 0.647501 
0.2 0.15 0.0157035 0.649535 
0.25 0.15 0.0300689 0.655072 
0.3 0.15 0.0433396 0.663971 
0.35 0.15 0.055073 0.67604 
0.4 0.15 0.0648827 0.691039 
0.45 0.15 0.0724448 0.708691 
0.5 0.15 0.0775027 0.728672 
0.55 0.15 0.0798682 0.7506 
0.6 0.15 0.0794245 0.774002 
0.65 0.15 0.076131 0.798263 
0.7 0.15 0.0700329 0.822577 
0.75 0.15 0.0612734 0.845903 
0.8 0.15 0.0501074 0.866972 
0.85 0.15 0.0369104 0.884363 
0.9 0.15 0.0221763 0.896689 
0.95 0.15 0.00650068 0.902834 
1 0.15 -0.00945383 0.902202 
1.05 0.15 -0.0250037 0.894855 
1.1 0.15 -0.0394955 0.881504 
1.15 0.15 -0.0523507 0.863333 
1.2 0.15 -0.0630966 0.841755 
1.25 0.15 -0.0713808 0.818172 
1.3 0.15 -0.0769706 0.793816 
1.35 0.15 -0.0797429 0.769684 
1.4 0.15 -0.079671 0.746542 
1.45 0.15 -0.0768122 0.724974 
1.5 0.15 -0.0712999 0.705435 
1.55 0.15 -0.0633392 0.688293 
1.6 0.15 -0.0532053 0.67386 
1.65 0.15 -0.0412406 0.662401 
1.7 0.15 -0.0278505 0.654138 
1.75 0.15 -0.0134933 0.649236 
1.8 0.15 0.00133384 0.6478 
1.85 0.15 0.0161146 0.64986 
1.9 0.15 0.0303345 0.655371 
1.95 0.15 0.0435021 0.664218 
2 0.15 0.0551677 0.676226 
2.05 0.15 0.0649366 0.691163 
2.1 0.15 0.0724781 0.708757 
2.15 0.15 0.0775295 0.728687 
2.2 0.15 0.0798984 0.750571 
2.25 0.15 0.0794646 0.773937 
2.3 0.15 0.0761849 0.798172 
2.35 0.15 0.0701022 0.82247 
2.4 0.15 0.0613583 0.845793 
2.45 0.15 0.0502066 0.866871 
2.5 0.15 0.0370212 0.884286 
2.55 0.15 0.0222951 0.896647 
2.6 0.15 0.0066228 0.902836 
2.65 0.15 -0.00933333 0.902251 
2.7 0.15 -0.0248898 0.894951 
2.75 0.15 -0.0393929 0.881638 
2.8 0.15 -0.0522633 0.863497 
2.85 0.15 -0.0630276 0.841939 
2.9 0.15 -0.0713325 0.818365 
2.95 0.15 -0.0769444 0.79401 
3 0.15 -0.0797394 0.769872 
3.05 0.15 -0.07969 0.74672 
3.1 0.15 -0.0768531 0.725138 
3.15 0.15 -0.0713614 0.705581 
3.2 0.15 -0.0634194 0.688419 
3.25 0.15 -0.0533017 0.673962 
3.3 0.15 -0.0413501 0.662478 
3.35 0.15 -0.0279696 0.654188 
3.4 0.15 -0.013618 0.649259 
3.45 0.15 0.00120776 0.647793 
3.5 0.15 0.0159915 0.649823 
3.55 0.15 0.0302187 0.655306 
3.6 0.15 0.0433976 0.664125 
3.65 0.15 0.0550782 0.676106 
3.7 0.15 0.0648653 0.691019 
3.75 0.15 0.0724277 0.708591 
3.8 0.15 0.0775024 0.7285 
3.85 0.15 0.0798963 0.750369 
3.9 0.15 0.0794886 0.773723 
3.95 0.15 0.0762357 0.797952 
4 0.15 0.0701799 0.822254 
4.05 0.15 0.0614618 0.845593 
4.1 0.15 0.0503339 0.866702 
4.15 0.15 0.037169 0.884165 
4.2 0.15 0.0224591 0.896591 
4.25 0.15 0.0067975 0.902861 
4.3 0.15 -0.00915418 0.902367 
4.35 0.15 -0.024713 0.89516 
4.4 0.15 -0.0392255 0.88194 
4.45 0.15 -0.0521126 0.863885 
4.5 0.15 -0.0629013 0.842402 
4.55 0.15 -0.0712395 0.818896 
4.6 0.15 -0.076896 0.7946 
4.65 0.15 -0.0797508 0.77051 
4.7 0.15 -0.0797821 0.747395 
4.75 0.15 -0.0770536 0.725832 
4.8 0.15 -0.071705 0.706264 
4.85 0.15 -0.0639437 0.68904 
4.9 0.15 -0.0540311 0.674448 
4.95 0.15 -0.0422555 0.662738 
5 0.15 -0.0288747 0.654173 
0 0.2 -0.0651461 0.566743 
0.05 0.2 -0.0443768 0.555774 
0.1 0.2 -0.0218866 0.549181 
0.15 0.2 0.00139581 0.547178 
0.2 0.2 0.0245917 0.549798 
0.25 0.2 0.0468695 0.55695 
0.3 0.2 0.0674552 0.568443 
0.35 0.2 0.0856497 0.58401 
0.4 0.2 0.100845 0.60332 
0.45 0.2 0.112533 0.625997 
0.5 0.2 0.120316 0.651616 
0.55 0.2 0.123907 0.679689 
0.6 0.2 0.123131 0.709617 
0.65 0.2 0.117937 0.740634 
0.7 0.2 0.108408 0.771724 
0.75 0.2 0.0947799 0.801571 
0.8 0.2 0.0774572 0.828552 
0.85 0.2 0.057026 0.850847 
0.9 0.2 0.0342487 0.86666 
0.95 0.2 0.0100366 0.874549 
1 0.2 -0.0145999 0.873737 
1.05 0.2 -0.0386205 0.864306 
1.1 0.2 -0.0610285 0.847177 
1.15 0.2 -0.0809372 0.823886 
1.2 0.2 -0.0976159 0.796254 
1.25 0.2 -0.110513 0.76608 
1.3 0.2 -0.119257 0.734934 
1.35 0.2 -0.123643 0.704075 
1.4 0.2 -0.123616 0.674465 
1.45 0.2 -0.119254 0.646837 
1.5 0.2 -0.110756 0.621761 
1.55 0.2 -0.0984346 0.599712 
1.6 0.2 -0.082716 0.581101 
1.65 0.2 -0.0641331 0.566288 
1.7 0.2 -0.0433186 0.555584 
1.75 0.2 -0.0209898 0.549225 
1.8 0.2 0.00207529 0.54736 
1.85 0.2 0.0250677 0.550034 
1.9 0.2 0.0471816 0.557183 
1.95 0.2 0.0676477 0.568641 
2 0.2 0.0857625 0.584156 
2.05 0.2 0.10091 0.603409 
2.1 0.2 0.112576 0.626029 
2.15 0.2 0.120356 0.651596 
2.2 0.2 0.123955 0.679623 
2.25 0.2 0.123196 0.709515 
2.3 0.2 0.118024 0.740504 
2.35 0.2 0.108519 0.771579 
2.4 0.2 0.0949147 0.801424 
2.45 0.2 0.0776136 0.82842 
2.5 0.2 0.0571998 0.850746 
2.55 0.2 0.0344341 0.866605 
2.6 0.2 0.0102268 0.874551 
2.65 0.2 -0.0144126 0.8738 
2.7 0.2 -0.0384436 0.864428 
2.75 0.2 -0.0608691 0.84735 
2.8 0.2 -0.0808014 0.824097 
2.85 0.2 -0.0975086 0.796489 
2.9 0.2 -0.110438 0.766328 
2.95 0.2 -0.119216 0.735183 
3 0.2 -0.123637 0.704317 
3.05 0.2 -0.123645 0.674694 
3.1 0.2 -0.119317 0.647048 
3.15 0.2 -0.110851 0.62195 
3.2 0.2 -0.0985592 0.599875 
3.25 0.2 -0.082866 0.581234 
3.3 0.2 -0.0643036 0.56639 
3.35 0.2 -0.043504 0.55565 
3.4 0.2 -0.0211839 0.549254 
3.45 0.2 0.00187908 0.547352 
3.5 0.2 0.0248762 0.549988 
3.55 0.2 0.0470015 0.557099 
3.6 0.2 0.0674854 0.568522 
3.65 0.2 0.0856237 0.584003 
3.7 0.2 0.1008 0.603225 
3.75 0.2 0.112499 0.625817 
3.8 0.2 0.120314 0.651359 
3.85 0.2 0.123952 0.679366 
3.9 0.2 0.123234 0.709242 
3.95 0.2 0.118103 0.740225 
4 0.2 0.10864 0.771304 
4.05 0.2 0.0950746 0.801169 
4.1 0.2 0.0778095 0.828204 
4.15 0.2 0.0574268 0.850591 
4.2 0.2 0.0346854 0.866533 
4.25 0.2 0.0104942 0.874581 
4.3 0.2 -0.0141384 0.873944 
4.35 0.2 -0.0381726 0.864691 
4.4 0.2 -0.0606115 0.847727 
4.45 0.2 -0.0805672 0.824579 
4.5 0.2 -0.0973083 0.797064 
4.55 0.2 -0.110283 0.766981 
4.6 0.2 -0.11912 0.735901 
4.65 0.2 -0.123617 0.705086 
4.7 0.2 -0.123725 0.675498 
4.75 0.2 -0.119525 0.647863 
4.8 0.2 -0.11122 0.622741 
4.85 0.2 -0.0991177 0.600591 
4.9 0.2 -0.0836201 0.581805 
4.95 0.2 -0.0651958 0.566743 
5 0.2 -0.0443403 0.555774 
0 0.25 -0.0879797 0.486905 
0.05 0.25 -0.0597794 0.473855 
0.1 0.25 -0.0293101 0.465995 
0.15 0.25 0.00223931 0.463603 
0.2 0.25 0.0336916 0.466748 
0.25 0.25 0.0639096 0.475324 
0.3 0.25 0.0918283 0.489079 
0.35 0.25 0.116485 0.507648 
0.4 0.25 0.137046 0.530593 
0.45 0.25 0.15282 0.557429 
0.5 0.25 0.16327 0.58763 
0.55 0.25 0.168014 0.620617 
0.6 0.25 0.166829 0.655697 
0.65 0.25 0.159663 0.691989 
0.7 0.25 0.146647 0.728331 
0.75 0.25 0.128117 0.763201 
0.8 0.25 0.104632 0.794718 
0.85 0.25 0.0769916 0.82076 
0.9 0.25 0.0462217 0.839232 
0.95 0.25 0.0135414 0.848448 
1 0.25 -0.0197037 0.847498 
1.05 0.25 -0.0521292 0.83648 
1.1 0.25 -0.0824069 0.816469 
1.15 0.25 -0.10935 0.78926 
1.2 0.25 -0.131971 0.75698 
1.25 0.25 -0.149519 0.721721 
1.3 0.25 -0.161476 0.685303 
1.35 0.25 -0.167547 0.649176 
1.4 0.25 -0.167638 0.614445 
1.45 0.25 -0.161838 0.581947 
1.5 0.25 -0.150403 0.552348 
1.55 0.25 -0.133747 0.526213 
1.6 0.25 -0.112443 0.504054 
1.65 0.25 -0.0872149 0.486342 
1.7 0.25 -0.0589252 0.473494 
1.75 0.25 -0.0285563 0.465841 
1.8 0.25 0.00282402 0.463593 
1.85 0.25 0.0341045 0.466816 
1.9 0.25 0.0641781 0.475416 
1.95 0.25 0.0919898 0.489161 
2 0.25 0.116576 0.507699 
2.05 0.25 0.137099 0.530604 
2.1 0.25 0.152859 0.557396 
2.15 0.25 0.163314 0.587555 
2.2 0.25 0.168076 0.620503 
2.25 0.25 0.166918 0.65555 
2.3 0.25 0.159784 0.691819 
2.35 0.25 0.146802 0.728149 
2.4 0.25 0.128303 0.763021 
2.45 0.25 0.104847 0.794558 
2.5 0.25 0.0772297 0.820639 
2.55 0.25 0.0464748 0.839167 
2.6 0.25 0.0138003 0.848451 
2.65 0.25 -0.019449 0.847573 
2.7 0.25 -0.0518889 0.836624 
2.75 0.25 -0.0821904 0.816672 
2.8 0.25 -0.109165 0.789508 
2.85 0.25 -0.131825 0.757256 
2.9 0.25 -0.149416 0.722012 
2.95 0.25 -0.161419 0.685596 
3 0.25 -0.167538 0.649461 
3.05 0.25 -0.167677 0.614716 
3.1 0.25 -0.161924 0.582198 
3.15 0.25 -0.150532 0.552574 
3.2 0.25 -0.133916 0.526409 
3.25 0.25 -0.112647 0.504215 
3.3 0.25 -0.0874469 0.486465 
3.35 0.25 -0.0591776 0.473575 
3.4 0.25 -0.0288206 0.465878 
3.45 0.25 0.00255693 0.463585 
3.5 0.25 0.033844 0.466762 
3.55 0.25 0.0639335 0.475318 
3.6 0.25 0.0917695 0.48902 
3.65 0.25 0.116388 0.507519 
3.7 0.25 0.13695 0.530387 
3.75 0.25 0.152755 0.557147 
3.8 0.25 0.163259 0.587278 
3.85 0.25 0.168073 0.620203 
3.9 0.25 0.16697 0.655234 
3.95 0.25 0.159892 0.691496 
4 0.25 0.146964 0.727831 
4.05 0.25 0.128518 0.762727 
4.1 0.25 0.10511 0.794309 
4.15 0.25 0.0775334 0.82046 
4.2 0.25 0.0468105 0.839084 
4.25 0.25 0.0141572 0.848485 
4.3 0.25 -0.019083 0.847738 
4.35 0.25 -0.0515262 0.836923 
4.4 0.25 -0.0818434 0.8171 
4.45 0.25 -0.108846 0.790052 
4.5 0.25 -0.131545 0.7579 
4.55 0.25 -0.149187 0.722737 
4.6 0.25 -0.161253 0.686383 
4.65 0.25 -0.16745 0.650294 
4.7 0.25 -0.167686 0.615572 
4.75 0.25 -0.162052 0.583054 
4.8 0.25 -0.150801 0.553395 
4.85 0.25 -0.134339 0.527152 
4.9 0.25 -0.113211 0.504828 
4.95 0.25 -0.0880819 0.486905 
5 0.25 -0.0597078 0.473855 
0 0.3 -0.108959 0.424606 
0.05 0.3 -0.0738697 0.409713 
0.1 0.3 -0.0360111 0.400721 
0.15 0.3 0.00318941 0.397991 
0.2 0.3 0.0422782 0.401629 
0.25 0.3 0.0798314 0.4115 
0.3 0.3 0.114508 0.427259 
0.35 0.3 0.145099 0.448409 
0.4 0.3 0.170557 0.474365 
0.45 0.3 0.190026 0.504508 
0.5 0.3 0.202845 0.538204 
0.55 0.3 0.208554 0.574789 
0.6 0.3 0.206899 0.613504 
0.65 0.3 0.197837 0.653404 
0.7 0.3 0.181554 0.693242 
0.75 0.3 0.158487 0.731385 
0.8 0.3 0.129346 0.765804 
0.85 0.3 0.0951239 0.794211 
0.9 0.3 0.0570846 0.814344 
0.95 0.3 0.0167189 0.824382 
1 0.3 -0.024334 0.823347 
1.05 0.3 -0.0643896 0.811342 
1.1 0.3 -0.101829 0.789527 
1.15 0.3 -0.135199 0.75984 
1.2 0.3 -0.163283 0.724573 
1.25 0.3 -0.185141 0.685986 
1.3 0.3 -0.200115 0.646038 
1.35 0.3 -0.207819 0.606285 
1.4 0.3 -0.208111 0.567912 
1.45 0.3 -0.201076 0.531818 
1.5 0.3 -0.187011 0.498736 
1.55 0.3 -0.166415 0.46932 
1.6 0.3 -0.13999 0.444195 
1.65 0.3 -0.108632 0.423972 
1.7 0.3 -0.0734204 0.409216 
1.75 0.3 -0.035588 0.400389 
1.8 0.3 0.00352025 0.397791 
1.85 0.3 0.0425025 0.401515 
1.9 0.3 0.0799626 0.41143 
1.95 0.3 0.114572 0.427201 
2 0.3 0.145122 0.448343 
2.05 0.3 0.170566 0.474279 
2.1 0.3 0.190041 0.504396 
2.15 0.3 0.202881 0.538064 
2.2 0.3 0.208623 0.574621 
2.25 0.3 0.207008 0.613313 
2.3 0.3 0.197989 0.653197 
2.35 0.3 0.181749 0.693029 
2.4 0.3 0.158722 0.73118 
2.45 0.3 0.129617 0.765626 
2.5 0.3 0.0954222 0.794077 
2.55 0.3 0.0574008 0.814273 
2.6 0.3 0.0170415 0.824387 
2.65 0.3 -0.0240173 0.823431 
2.7 0.3 -0.0640909 0.811502 
2.75 0.3 -0.10156 0.789752 
2.8 0.3 -0.134969 0.760113 
2.85 0.3 -0.1631 0.724878 
2.9 0.3 -0.185012 0.686308 
2.95 0.3 -0.200044 0.646362 
3 0.3 -0.207807 0.606603 
3.05 0.3 -0.208158 0.568215 
3.1 0.3 -0.201181 0.5321 
3.15 0.3 -0.187171 0.498992 
3.2 0.3 -0.166625 0.469543 
3.25 0.3 -0.140243 0.444381 
3.3 0.3 -0.108921 0.424116 
3.35 0.3 -0.0737352 0.409312 
3.4 0.3 -0.0359177 0.400434 
3.45 0.3 0.0031872 0.397784 
3.5 0.3 0.0421779 0.401455 
3.55 0.3 0.079658 0.411319 
3.6 0.3 0.114298 0.427042 
3.65 0.3 0.144889 0.44814 
3.7 0.3 0.170382 0.474038 
3.75 0.3 0.189912 0.50412 
3.8 0.3 0.202814 0.537759 
3.85 0.3 0.208621 0.574293 
3.9 0.3 0.207073 0.612969 
3.95 0.3 0.198122 0.652846 
4 0.3 0.18195 0.692686 
4.05 0.3 0.158987 0.730863 
4.1 0.3 0.129939 0.765358 
4.15 0.3 0.0957931 0.793886 
4.2 0.3 0.0578099 0.814185 
4.25 0.3 0.0174761 0.824423 
4.3 0.3 -0.0235711 0.823607 
4.35 0.3 -0.0636473 0.811819 
4.4 0.3 -0.101132 0.790203 
4.45 0.3 -0.134569 0.760683 
4.5 0.3 -0.162739 0.725546 
4.55 0.3 -0.184698 0.687051 
4.6 0.3 -0.199786 0.64716 
4.65 0.3 -0.207614 0.607432 
4.7 0.3 -0.208038 0.569053 
4.75 0.3 -0.201144 0.532925 
4.8 0.3 -0.187222 0.499775 
4.85 0.3 -0.16676 0.470254 
4.9 0.3 -0.140437 0.44499 
4.95 0.3 -0.109103 0.424606 
5 0.3 -0.07377 0.409713 
0 0.35 -0.126713 0.378336 
0.05 0.35 -0.0857464 0.361677 
0.1 0.35 -0.041578 0.351585 
0.15 0.35 0.00415617 0.348536 
0.2 0.35 0.0497603 0.352677 
0.25 0.35 0.0935579 0.363823 
0.3 0.35 0.133966 0.381491 
0.35 0.35 0.169557 0.404997 
0.4 0.35 0.199106 0.433554 
0.45 0.35 0.221618 0.466366 
0.5 0.35 0.236336 0.502664 
0.55 0.35 0.242748 0.541698 
0.6 0.35 0.240582 0.582665 
0.65 0.35 0.229821 0.624596 
0.7 0.35 0.210711 0.666229 
0.75 0.35 0.183784 0.705913 
0.8 0.35 0.149881 0.741596 
0.85 0.35 0.110161 0.770965 
0.9 0.35 0.0660807 0.791739 
0.95 0.35 0.0193477 0.802084 
1 0.35 -0.0281683 0.801016 
1.05 0.35 -0.0745478 0.78864 
1.1 0.35 -0.117943 0.766123 
1.15 0.35 -0.156688 0.735413 
1.2 0.35 -0.189377 0.698825 
1.25 0.35 -0.214911 0.658644 
1.3 0.35 -0.232507 0.616849 
1.35 0.35 -0.241688 0.575015 
1.4 0.35 -0.242259 0.534341 
1.45 0.35 -0.234287 0.495752 
1.5 0.35 -0.218089 0.460034 
1.55 0.35 -0.194224 0.427934 
1.6 0.35 -0.163495 0.400221 
1.65 0.35 -0.126944 0.377692 
1.7 0.35 -0.0858319 0.361116 
1.75 0.35 -0.041614 0.351142 
1.8 0.35 0.00411734 0.348199 
1.85 0.35 0.0496991 0.352419 
1.9 0.35 0.0934755 0.363613 
1.95 0.35 0.133874 0.381306 
2 0.35 0.169472 0.404819 
2.05 0.35 0.199043 0.433373 
2.1 0.35 0.22159 0.466175 
2.15 0.35 0.236353 0.50246 
2.2 0.35 0.242815 0.54148 
2.25 0.35 0.240704 0.582435 
2.3 0.35 0.229998 0.624359 
2.35 0.35 0.21094 0.665994 
2.4 0.35 0.184061 0.705693 
2.45 0.35 0.1502 0.741408 
2.5 0.35 0.110511 0.770826 
2.55 0.35 0.0664507 0.791667 
2.6 0.35 0.0197244 0.802091 
2.65 0.35 -0.0277989 0.801106 
2.7 0.35 -0.0741996 0.788809 
2.75 0.35 -0.117629 0.766358 
2.8 0.35 -0.15642 0.735699 
2.85 0.35 -0.189164 0.699146 
2.9 0.35 -0.21476 0.658983 
2.95 0.35 -0.232423 0.617193 
3 0.35 -0.241673 0.575354 
3.05 0.35 -0.242313 0.534667 
3.1 0.35 -0.234409 0.496059 
3.15 0.35 -0.218275 0.460315 
3.2 0.35 -0.194469 0.428182 
3.25 0.35 -0.163791 0.40043 
3.3 0.35 -0.127281 0.377856 
3.35 0.35 -0.0862 0.361227 
3.4 0.35 -0.0419998 0.351196 
3.45 0.35 0.00372766 0.348192 
3.5 0.35 0.0493196 0.352353 
3.55 0.35 0.0931197 0.36349 
3.6 0.35 0.133555 0.38113 
3.65 0.35 0.1692 0.404597 
3.7 0.35 0.198829 0.433112 
3.75 0.35 0.221442 0.46588 
3.8 0.35 0.236276 0.502137 
3.85 0.35 0.242814 0.541136 
3.9 0.35 0.240781 0.582077 
3.95 0.35 0.230153 0.623997 
4 0.35 0.211172 0.665643 
4.05 0.35 0.184364 0.70537 
4.1 0.35 0.150568 0.741137 
4.15 0.35 0.110934 0.770634 
4.2 0.35 0.0669168 0.79158 
4.25 0.35 0.0202192 0.802129 
4.3 0.35 -0.0272904 0.801283 
4.35 0.35 -0.0736921 0.789126 
4.4 0.35 -0.117136 0.766805 
4.45 0.35 -0.155951 0.736259 
4.5 0.35 -0.188727 0.699795 
4.55 0.35 -0.21436 0.659695 
4.6 0.35 -0.232061 0.617945 
4.65 0.35 -0.241348 0.576121 
4.7 0.35 -0.242021 0.535427 
4.75 0.35 -0.234144 0.496791 
4.8 0.35 -0.218025 0.461 
4.85 0.35 -0.194215 0.428803 
4.9 0.35 -0.163499 0.400978 
4.95 0.35 -0.126891 0.378336 
5 0.35 -0.0856249 0.361677 
0 0.4 -0.140235 0.344714 
0.05 0.4 -0.0947528 0.326237 
0.1 0.4 -0.0457245 0.314995 
0.15 0.4 0.00504635 0.311617 
0.2 0.4 0.0556671 0.316304 
0.25 0.4 0.104256 0.328793 
0.3 0.4 0.149032 0.348419 
0.35 0.4 0.188399 0.374246 
0.4 0.4 0.220992 0.405226 
0.45 0.4 0.245716 0.440332 
0.5 0.4 0.261752 0.478628 
0.55 0.4 0.268561 0.519265 
0.6 0.4 0.265878 0.561401 
0.65 0.4 0.253718 0.604076 
0.7 0.4 0.23239 0.646071 
0.75 0.4 0.202509 0.685804 
0.8 0.4 0.165024 0.721317 
0.85 0.4 0.121215 0.750408 
0.9 0.4 0.0726798 0.770916 
0.95 0.4 0.0212731 0.781108 
1 0.4 -0.0309804 0.780056 
1.05 0.4 -0.0820046 0.767858 
1.1 0.4 -0.129798 0.745615 
1.15 0.4 -0.172546 0.715168 
1.2 0.4 -0.208709 0.678715 
1.25 0.4 -0.237065 0.638428 
1.3 0.4 -0.256729 0.596198 
1.35 0.4 -0.267142 0.553537 
1.4 0.4 -0.268052 0.511603 
1.45 0.4 -0.259496 0.471324 
1.5 0.4 -0.241789 0.433532 
1.55 0.4 -0.215522 0.399088 
1.6 0.4 -0.181564 0.368942 
1.65 0.4 -0.141062 0.344132 
1.7 0.4 -0.0954225 0.325693 
1.75 0.4 -0.0462766 0.314519 
1.8 0.4 0.00457982 0.311211 
1.85 0.4 0.0552671 0.315954 
1.9 0.4 0.103914 0.328482 
1.95 0.4 0.148749 0.348133 
2 0.4 0.188178 0.373974 
2.05 0.4 0.220837 0.404963 
2.1 0.4 0.24563 0.440072 
2.15 0.4 0.261737 0.478368 
2.2 0.4 0.268618 0.519004 
2.25 0.4 0.266005 0.56114 
2.3 0.4 0.253912 0.603818 
2.35 0.4 0.232645 0.645824 
2.4 0.4 0.202819 0.685578 
2.45 0.4 0.16538 0.721127 
2.5 0.4 0.121605 0.750271 
2.55 0.4 0.0730911 0.770847 
2.6 0.4 0.021691 0.781118 
2.65 0.4 -0.0305711 0.780148 
2.7 0.4 -0.081619 0.768029 
2.75 0.4 -0.12945 0.745853 
2.8 0.4 -0.172249 0.715458 
2.85 0.4 -0.208472 0.67904 
2.9 0.4 -0.236896 0.638774 
2.95 0.4 -0.256633 0.596552 
3 0.4 -0.267122 0.553889 
3.05 0.4 -0.268109 0.511946 
3.1 0.4 -0.259629 0.471651 
3.15 0.4 -0.241993 0.433835 
3.2 0.4 -0.215792 0.39936 
3.25 0.4 -0.181892 0.369175 
3.3 0.4 -0.141437 0.344316 
3.35 0.4 -0.0958319 0.325819 
3.4 0.4 -0.0467058 0.314582 
3.45 0.4 0.0041462 0.311206 
3.5 0.4 0.054845 0.315882 
3.55 0.4 0.103519 0.328347 
3.6 0.4 0.148395 0.347941 
3.65 0.4 0.187878 0.373735 
3.7 0.4 0.220601 0.404684 
3.75 0.4 0.245467 0.439762 
3.8 0.4 0.261654 0.478035 
3.85 0.4 0.268618 0.518654 
3.9 0.4 0.26609 0.56078 
3.95 0.4 0.254083 0.603459 
4 0.4 0.232898 0.645478 
4.05 0.4 0.203149 0.685264 
4.1 0.4 0.165779 0.720866 
4.15 0.4 0.122063 0.750088 
4.2 0.4 0.073594 0.770765 
4.25 0.4 0.0222245 0.781156 
4.3 0.4 -0.0300221 0.780317 
4.35 0.4 -0.0810688 0.768328 
4.4 0.4 -0.12891 0.74627 
4.45 0.4 -0.171728 0.715975 
4.5 0.4 -0.207973 0.679632 
4.55 0.4 -0.236417 0.639412 
4.6 0.4 -0.256167 0.597212 
4.65 0.4 -0.266657 0.554545 
4.7 0.4 -0.267627 0.512577 
4.75 0.4 -0.259108 0.472239 
4.8 0.4 -0.241407 0.434369 
4.85 0.4 -0.215108 0.399835 
4.9 0.4 -0.181071 0.3696 
4.95 0.4 -0.140437 0.344714 
5 0.4 -0.0946153 0.326237 
0 0.45 -0.148815 0.319746 
0.05 0.45 -0.100432 0.299373 
0.1 0.45 -0.0482611 0.286919 
0.15 0.45 0.00577366 0.283201 
0.2 0.45 0.0596393 0.288476 
0.25 0.45 0.111306 0.30239 
0.3 0.45 0.158856 0.324056 
0.35 0.45 0.200573 0.352239 
0.4 0.45 0.235007 0.385579 
0.45 0.45 0.261003 0.422778 
0.5 0.45 0.277718 0.462701 
0.55 0.45 0.284612 0.504381 
0.6 0.45 0.281446 0.546936 
0.65 0.45 0.268277 0.589432 
0.7 0.45 0.245468 0.630733 
0.75 0.45 0.213704 0.669392 
0.8 0.45 0.174005 0.703642 
0.85 0.45 0.12773 0.731503 
0.9 0.45 0.0765513 0.751044 
0.95 0.45 0.022399 0.760727 
1 0.45 -0.0326293 0.759728 
1.05 0.45 -0.0863855 0.748133 
1.1 0.45 -0.136795 0.726919 
1.15 0.45 -0.181968 0.697724 
1.2 0.45 -0.220286 0.662511 
1.25 0.45 -0.250453 0.623234 
1.3 0.45 -0.27151 0.581607 
1.35 0.45 -0.282831 0.539012 
1.4 0.45 -0.284109 0.496536 
1.45 0.45 -0.27534 0.455091 
1.5 0.45 -0.256819 0.415566 
1.55 0.45 -0.229138 0.378955 
1.6 0.45 -0.193197 0.346423 
1.65 0.45 -0.150204 0.319293 
1.7 0.45 -0.101658 0.298915 
1.75 0.45 -0.0493155 0.286477 
1.8 0.45 0.00488181 0.282781 
1.85 0.45 0.0588957 0.288078 
1.9 0.45 0.110698 0.302011 
1.95 0.45 0.158373 0.323692 
2 0.45 0.200208 0.35189 
2.05 0.45 0.234752 0.385244 
2.1 0.45 0.260853 0.422457 
2.15 0.45 0.277666 0.462393 
2.2 0.45 0.284653 0.504085 
2.25 0.45 0.281572 0.546652 
2.3 0.45 0.26848 0.589162 
2.35 0.45 0.24574 0.630481 
2.4 0.45 0.214036 0.669169 
2.45 0.45 0.174385 0.703459 
2.5 0.45 0.128146 0.731374 
2.55 0.45 0.0769888 0.750983 
2.6 0.45 0.0228428 0.760742 
2.65 0.45 -0.0321951 0.759822 
2.7 0.45 -0.0859766 0.748302 
2.75 0.45 -0.136426 0.727153 
2.8 0.45 -0.181652 0.698009 
2.85 0.45 -0.220034 0.662833 
2.9 0.45 -0.250272 0.62358 
2.95 0.45 -0.271406 0.581964 
3 0.45 -0.282808 0.539372 
3.05 0.45 -0.284168 0.496891 
3.1 0.45 -0.27548 0.455435 
3.15 0.45 -0.257035 0.41589 
3.2 0.45 -0.229425 0.37925 
3.25 0.45 -0.193546 0.346679 
3.3 0.45 -0.150603 0.319498 
3.35 0.45 -0.102095 0.299058 
3.4 0.45 -0.0497733 0.286549 
3.45 0.45 0.00441942 0.282778 
3.5 0.45 0.0584459 0.288 
3.55 0.45 0.110277 0.301863 
3.6 0.45 0.157997 0.323484 
3.65 0.45 0.19989 0.351633 
3.7 0.45 0.234503 0.38495 
3.75 0.45 0.260682 0.422135 
3.8 0.45 0.277579 0.462053 
3.85 0.45 0.284654 0.503734 
3.9 0.45 0.281662 0.546298 
3.95 0.45 0.268659 0.588813 
4 0.45 0.246004 0.630151 
4.05 0.45 0.214379 0.668873 
4.1 0.45 0.174799 0.703216 
4.15 0.45 0.128619 0.731205 
4.2 0.45 0.0775069 0.750909 
4.25 0.45 0.0233918 0.760777 
4.3 0.45 -0.0316297 0.759974 
4.35 0.45 -0.0854077 0.748568 
4.4 0.45 -0.135863 0.72752 
4.45 0.45 -0.181099 0.698458 
4.5 0.45 -0.219491 0.663337 
4.55 0.45 -0.24973 0.624111 
4.6 0.45 -0.270849 0.582496 
4.65 0.45 -0.282212 0.539878 
4.7 0.45 -0.283504 0.497351 
4.75 0.45 -0.274712 0.455834 
4.8 0.45 -0.256123 0.416225 
4.85 0.45 -0.228328 0.379526 
4.9 0.45 -0.192225 0.346921 
4.95 0.45 -0.149034 0.319746 
5 0.45 -0.100284 0.299373 
0 0.5 -0.152009 0.299722 
0.05 0.5 -0.102496 0.277483 
0.1 0.5 -0.0490771 0.263829 
0.15 0.5 0.00626627 0.259778 
0.2 0.5 0.0614253 0.265649 
0.25 0.5 0.114291 0.280986 
0.3 0.5 0.162872 0.304665 
0.35 0.5 0.205399 0.335134 
0.4 0.5 0.240386 0.370708 
0.45 0.5 0.266668 0.409799 
0.5 0.5 0.283411 0.451061 
0.55 0.5 0.290101 0.493399 
0.6 0.5 0.286536 0.535882 
0.65 0.5 0.272818 0.577604 
0.7 0.5 0.249356 0.617533 
0.75 0.5 0.21688 0.654401 
0.8 0.5 0.176446 0.686685 
0.85 0.5 0.129437 0.712705 
0.9 0.5 0.0775385 0.730832 
0.95 0.5 0.0226805 0.739778 
1 0.5 -0.0330486 0.738855 
1.05 0.5 -0.0875123 0.728136 
1.1 0.5 -0.138643 0.708434 
1.15 0.5 -0.184551 0.681124 
1.2 0.5 -0.223601 0.647862 
1.25 0.5 -0.254469 0.610311 
1.3 0.5 -0.276157 0.569951 
1.35 0.5 -0.287994 0.527998 
1.4 0.5 -0.289626 0.485452 
1.45 0.5 -0.281004 0.44321 
1.5 0.5 -0.262385 0.402224 
1.55 0.5 -0.234338 0.363633 
1.6 0.5 -0.197755 0.328833 
1.65 0.5 -0.153858 0.299447 
1.7 0.5 -0.104187 0.277158 
1.75 0.5 -0.0505585 0.263464 
1.8 0.5 0.00500609 0.259382 
1.85 0.5 0.0603792 0.265231 
1.9 0.5 0.113444 0.280557 
1.95 0.5 0.162209 0.304236 
2 0.5 0.204902 0.334717 
2.05 0.5 0.24004 0.370309 
2.1 0.5 0.266458 0.409424 
2.15 0.5 0.283322 0.450712 
2.2 0.5 0.290122 0.493074 
2.25 0.5 0.286654 0.535581 
2.3 0.5 0.273021 0.577328 
2.35 0.5 0.249634 0.617284 
2.4 0.5 0.21722 0.654187 
2.45 0.5 0.176836 0.686515 
2.5 0.5 0.129863 0.712589 
2.55 0.5 0.077986 0.730781 
2.6 0.5 0.0231337 0.739799 
2.65 0.5 -0.0326057 0.738949 
2.7 0.5 -0.0870954 0.7283 
2.75 0.5 -0.138267 0.708659 
2.8 0.5 -0.184228 0.681399 
2.85 0.5 -0.223342 0.648175 
2.9 0.5 -0.254282 0.61065 
2.95 0.5 -0.276049 0.570306 
3 0.5 -0.287968 0.528362 
3.05 0.5 -0.289684 0.485816 
3.1 0.5 -0.281144 0.443568 
3.15 0.5 -0.262605 0.402567 
3.2 0.5 -0.23463 0.36395 
3.25 0.5 -0.198111 0.329112 
3.3 0.5 -0.154267 0.299672 
3.35 0.5 -0.104635 0.277316 
3.4 0.5 -0.0510281 0.263544 
3.45 0.5 0.00453174 0.259379 
3.5 0.5 0.0599179 0.265146 
3.55 0.5 0.113013 0.280396 
3.6 0.5 0.161825 0.304012 
3.65 0.5 0.204578 0.334444 
3.7 0.5 0.239787 0.37 
3.75 0.5 0.266285 0.409092 
3.8 0.5 0.283235 0.450367 
3.85 0.5 0.290124 0.492725 
3.9 0.5 0.286746 0.535236 
3.95 0.5 0.273202 0.576995 
4 0.5 0.249899 0.616974 
4.05 0.5 0.217563 0.653913 
4.1 0.5 0.177247 0.686293 
4.15 0.5 0.130331 0.712437 
4.2 0.5 0.0784975 0.730714 
4.25 0.5 0.0236749 0.739827 
4.3 0.5 -0.0320481 0.739077 
4.35 0.5 -0.0865324 0.728522 
4.4 0.5 -0.137706 0.708962 
4.45 0.5 -0.183669 0.681761 
4.5 0.5 -0.22278 0.64857 
4.55 0.5 -0.253701 0.611051 
4.6 0.5 -0.275426 0.570684 
4.65 0.5 -0.287271 0.52869 
4.7 0.5 -0.288873 0.486075 
4.75 0.5 -0.280173 0.443746 
4.8 0.5 -0.261423 0.402663 
4.85 0.5 -0.233192 0.363984 
4.9 0.5 -0.196381 0.329123 
4.95 0.5 -0.152236 0.299722 
5 0.5 -0.102343 0.277483 
0 0.55 -0.149617 0.281606 
0.05 0.55 -0.100821 0.257752 
0.1 0.55 -0.0481328 0.243056 
0.15 0.55 0.00647216 0.238725 
0.2 0.55 0.0608837 0.245129 
0.25 0.55 0.112989 0.261719 
0.3 0.55 0.160799 0.287151 
0.35 0.55 0.202553 0.319582 
0.4 0.55 0.236789 0.357024 
0.45 0.55 0.262375 0.39763 
0.5 0.55 0.27852 0.439853 
0.55 0.55 0.284756 0.482473 
0.6 0.55 0.280927 0.52451 
0.65 0.55 0.267175 0.565081 
0.7 0.55 0.24394 0.603259 
0.75 0.55 0.211967 0.637964 
0.8 0.55 0.172308 0.667942 
0.85 0.55 0.126321 0.691835 
0.9 0.55 0.0756373 0.708345 
0.95 0.55 0.0221174 0.716452 
1 0.55 -0.0322367 0.715616 
1.05 0.55 -0.0853787 0.705893 
1.1 0.55 -0.135325 0.687924 
1.15 0.55 -0.180253 0.662797 
1.2 0.55 -0.218575 0.631835 
1.25 0.55 -0.248988 0.596386 
1.3 0.55 -0.270495 0.557672 
1.35 0.55 -0.282405 0.516739 
1.4 0.55 -0.28433 0.474496 
1.45 0.55 -0.276178 0.431832 
1.5 0.55 -0.258159 0.389764 
1.55 0.55 -0.230796 0.34957 
1.6 0.55 -0.194939 0.312863 
1.65 0.55 -0.151778 0.281537 
1.7 0.55 -0.102835 0.257586 
1.75 0.55 -0.0499182 0.242791 
1.8 0.55 0.00494385 0.238369 
1.85 0.55 0.0596134 0.244704 
1.9 0.55 0.111963 0.261251 
1.95 0.55 0.159998 0.286665 
2 0.55 0.201955 0.319102 
2.05 0.55 0.236372 0.356567 
2.1 0.55 0.262117 0.397206 
2.15 0.55 0.278402 0.439466 
2.2 0.55 0.284759 0.482123 
2.25 0.55 0.281034 0.524196 
2.3 0.55 0.267372 0.564803 
2.35 0.55 0.244214 0.603017 
2.4 0.55 0.212303 0.637763 
2.45 0.55 0.172694 0.667787 
2.5 0.55 0.126741 0.691734 
2.55 0.55 0.0760779 0.708305 
2.6 0.55 0.0225629 0.716478 
2.65 0.55 -0.0318019 0.715709 
2.7 0.55 -0.0849695 0.706051 
2.75 0.55 -0.134956 0.68814 
2.8 0.55 -0.179935 0.663061 
2.85 0.55 -0.21832 0.632137 
2.9 0.55 -0.248804 0.596716 
2.95 0.55 -0.270387 0.558022 
3 0.55 -0.282377 0.517103 
3.05 0.55 -0.284384 0.474866 
3.1 0.55 -0.276314 0.432202 
3.15 0.55 -0.258374 0.390123 
3.2 0.55 -0.231082 0.349906 
3.25 0.55 -0.195289 0.31316 
3.3 0.55 -0.152181 0.28178 
3.35 0.55 -0.103276 0.257758 
3.4 0.55 -0.0503821 0.242879 
3.45 0.55 0.00447522 0.238367 
3.5 0.55 0.059158 0.244612 
3.55 0.55 0.111538 0.261078 
3.6 0.55 0.15962 0.286426 
3.65 0.55 0.201637 0.318814 
3.7 0.55 0.236124 0.356246 
3.75 0.55 0.261949 0.396866 
3.8 0.55 0.278317 0.43912 
3.85 0.55 0.284761 0.48178 
3.9 0.55 0.281124 0.523863 
3.95 0.55 0.267546 0.564488 
4 0.55 0.244468 0.602729 
4.05 0.55 0.212631 0.637512 
4.1 0.55 0.173086 0.667587 
4.15 0.55 0.127186 0.691597 
4.2 0.55 0.0765626 0.708242 
4.25 0.55 0.0230747 0.716495 
4.3 0.55 -0.0312747 0.715807 
4.35 0.55 -0.0844359 0.706221 
4.4 0.55 -0.13442 0.688368 
4.45 0.55 -0.179395 0.663325 
4.5 0.55 -0.217765 0.632412 
4.55 0.55 -0.248215 0.596972 
4.6 0.55 -0.269734 0.558232 
4.65 0.55 -0.281623 0.517238 
4.7 0.55 -0.28348 0.474908 
4.75 0.55 -0.275208 0.432139 
4.8 0.55 -0.25701 0.389962 
4.85 0.55 -0.229414 0.349676 
4.9 0.55 -0.193284 0.312917 
4.95 0.55 -0.149843 0.281606 
5 0.55 -0.100669 0.257752 
0 0.6 -0.141695 0.263092 
0.05 0.6 -0.095445 0.238158 
0.1 0.6 -0.0454603 0.222763 
0.15 0.6 0.00636299 0.218253 
0.2 0.6 0.0579918 0.22504 
0.25 0.6 0.10739 0.2425 
0.3 0.6 0.152646 0.269118 
0.35 0.6 0.192079 0.30283 
0.4 0.6 0.224303 0.34142 
0.45 0.6 0.248265 0.382844 
0.5 0.6 0.263241 0.425404 
0.55 0.6 0.268826 0.467782 
0.6 0.6 0.264911 0.508954 
0.65 0.6 0.251668 0.548057 
0.7 0.6 0.229548 0.584256 
0.75 0.6 0.19928 0.616648 
0.8 0.6 0.161869 0.644231 
0.85 0.6 0.118595 0.665953 
0.9 0.6 0.0709807 0.68083 
0.95 0.6 0.0207495 0.688095 
1 0.6 -0.0302506 0.687346 
1.05 0.6 -0.0801332 0.678625 
1.1 0.6 -0.127067 0.66241 
1.15 0.6 -0.169359 0.639517 
1.2 0.6 -0.205528 0.610953 
1.25 0.6 -0.234342 0.577768 
1.3 0.6 -0.254843 0.540944 
1.35 0.6 -0.26635 0.501367 
1.4 0.6 -0.268462 0.459867 
1.45 0.6 -0.261053 0.417326 
1.5 0.6 -0.24428 0.374815 
1.55 0.6 -0.218603 0.333724 
1.6 0.6 -0.184801 0.295827 
1.65 0.6 -0.143989 0.263228 
1.7 0.6 -0.0976093 0.238154 
1.75 0.6 -0.0473969 0.222602 
1.8 0.6 0.00469515 0.217945 
1.85 0.6 0.0566011 0.224617 
1.9 0.6 0.106266 0.242 
1.95 0.6 0.15177 0.268582 
2 0.6 0.191425 0.302295 
2.05 0.6 0.223847 0.340912 
2.1 0.6 0.24798 0.382378 
2.15 0.6 0.263104 0.424986 
2.2 0.6 0.268815 0.467413 
2.25 0.6 0.265006 0.508632 
2.3 0.6 0.251853 0.54778 
2.35 0.6 0.229808 0.584024 
2.4 0.6 0.1996 0.616461 
2.45 0.6 0.162236 0.644093 
2.5 0.6 0.118993 0.665868 
2.55 0.6 0.0713979 0.680802 
2.6 0.6 0.0211706 0.688128 
2.65 0.6 -0.0298401 0.68744 
2.7 0.6 -0.079747 0.678777 
2.75 0.6 -0.126717 0.662615 
2.8 0.6 -0.169059 0.639768 
2.85 0.6 -0.205286 0.611242 
2.9 0.6 -0.234166 0.578088 
2.95 0.6 -0.254739 0.541287 
3 0.6 -0.266322 0.501728 
3.05 0.6 -0.268512 0.460239 
3.1 0.6 -0.261179 0.417701 
3.15 0.6 -0.244481 0.375183 
3.2 0.6 -0.218873 0.334072 
3.25 0.6 -0.185132 0.296138 
3.3 0.6 -0.144371 0.263483 
3.35 0.6 -0.0980284 0.238335 
3.4 0.6 -0.0478376 0.222695 
3.45 0.6 0.00424994 0.217943 
3.5 0.6 0.0561687 0.22452 
3.55 0.6 0.105864 0.241819 
3.6 0.6 0.151412 0.268334 
3.65 0.6 0.191125 0.301997 
3.7 0.6 0.223613 0.340584 
3.75 0.6 0.247822 0.382035 
3.8 0.6 0.263025 0.424642 
3.85 0.6 0.268817 0.467077 
3.9 0.6 0.26509 0.508312 
3.95 0.6 0.252015 0.547482 
4 0.6 0.230044 0.583756 
4.05 0.6 0.199902 0.616232 
4.1 0.6 0.162595 0.643912 
4.15 0.6 0.119399 0.665743 
4.2 0.6 0.0718384 0.680739 
4.25 0.6 0.0216344 0.688129 
4.3 0.6 -0.0293629 0.687503 
4.35 0.6 -0.0792635 0.678892 
4.4 0.6 -0.126229 0.662765 
4.45 0.6 -0.168562 0.639932 
4.5 0.6 -0.204767 0.611394 
4.55 0.6 -0.233602 0.578199 
4.6 0.6 -0.254097 0.541329 
4.65 0.6 -0.265561 0.501672 
4.7 0.6 -0.267581 0.460067 
4.75 0.6 -0.260023 0.417404 
4.8 0.6 -0.243044 0.374772 
4.85 0.6 -0.217108 0.333586 
4.9 0.6 -0.183014 0.295648 
4.95 0.6 -0.141909 0.263092 
5 0.6 -0.0953007 0.238158 
0 0.65 -0.128577 0.242501 
0.05 0.65 -0.0865926 0.21732 
0.1 0.65 -0.0411724 0.201751 
0.15 0.65 0.0059372 0.197216 
0.2 0.65 0.0528598 0.204144 
0.25 0.65 0.0977171 0.22187 
0.3 0.65 0.138751 0.248787 
0.35 0.65 0.174424 0.282718 
0.4 0.65 0.203483 0.321334 
0.45 0.65 0.224986 0.362492 
0.5 0.65 0.238302 0.40442 
0.55 0.65 0.243095 0.445749 
0.6 0.65 0.2393 0.485436 
0.65 0.65 0.227107 0.52264 
0.7 0.65 0.206951 0.556607 
0.75 0.65 0.179511 0.58658 
0.8 0.65 0.145707 0.611771 
0.85 0.65 0.106693 0.631387 
0.9 0.65 0.0638324 0.644706 
0.95 0.65 0.0186548 0.651176 
1 0.65 -0.0272031 0.650509 
1.05 0.65 -0.0720723 0.642736 
1.1 0.65 -0.11433 0.628197 
1.15 0.65 -0.152472 0.607482 
1.2 0.65 -0.18517 0.581332 
1.25 0.65 -0.21131 0.550543 
1.3 0.65 -0.230013 0.515894 
1.35 0.65 -0.240642 0.478138 
1.4 0.65 -0.242802 0.438037 
1.45 0.65 -0.236346 0.396459 
1.5 0.65 -0.221384 0.354502 
1.55 0.65 -0.198299 0.313613 
1.6 0.65 -0.167777 0.275648 
1.65 0.65 -0.130815 0.242814 
1.7 0.65 -0.0887248 0.217456 
1.75 0.65 -0.0430962 0.201685 
1.8 0.65 0.00426993 0.196958 
1.85 0.65 0.0514639 0.203731 
1.9 0.65 0.096587 0.221352 
1.95 0.65 0.13787 0.248219 
2 0.65 0.173767 0.282146 
2.05 0.65 0.203024 0.32079 
2.1 0.65 0.224698 0.361997 
2.15 0.65 0.23816 0.403982 
2.2 0.65 0.243076 0.44537 
2.25 0.65 0.239384 0.485113 
2.3 0.65 0.227275 0.52237 
2.35 0.65 0.207188 0.556387 
2.4 0.65 0.179803 0.58641 
2.45 0.65 0.146041 0.61165 
2.5 0.65 0.107056 0.631318 
2.55 0.65 0.0642107 0.64469 
2.6 0.65 0.0190359 0.651215 
2.65 0.65 -0.0268318 0.650603 
2.7 0.65 -0.0717231 0.642883 
2.75 0.65 -0.114014 0.628392 
2.8 0.65 -0.1522 0.60772 
2.85 0.65 -0.18495 0.581607 
2.9 0.65 -0.21115 0.550849 
2.95 0.65 -0.229917 0.516226 
3 0.65 -0.240615 0.478491 
3.05 0.65 -0.242845 0.438403 
3.1 0.65 -0.236459 0.396831 
3.15 0.65 -0.221564 0.35487 
3.2 0.65 -0.198543 0.313963 
3.25 0.65 -0.168077 0.275961 
3.3 0.65 -0.131162 0.243073 
3.35 0.65 -0.0891056 0.21764 
3.4 0.65 -0.0434969 0.20178 
3.45 0.65 0.00386493 0.196955 
3.5 0.65 0.0510707 0.203633 
3.55 0.65 0.0962211 0.221169 
3.6 0.65 0.137545 0.247968 
3.65 0.65 0.173495 0.281847 
3.7 0.65 0.202813 0.320464 
3.75 0.65 0.224555 0.361659 
3.8 0.65 0.238089 0.403647 
3.85 0.65 0.243078 0.445046 
3.9 0.65 0.239458 0.484808 
3.95 0.65 0.227419 0.522091 
4 0.65 0.207396 0.55614 
4.05 0.65 0.180069 0.5862 
4.1 0.65 0.146355 0.611484 
4.15 0.65 0.10741 0.6312 
4.2 0.65 0.0645933 0.644623 
4.25 0.65 0.0194373 0.651198 
4.3 0.65 -0.02642 0.65063 
4.35 0.65 -0.071306 0.642942 
4.4 0.65 -0.113592 0.628468 
4.45 0.65 -0.151766 0.60779 
4.5 0.65 -0.18449 0.581646 
4.55 0.65 -0.21064 0.550827 
4.6 0.65 -0.229326 0.516116 
4.65 0.65 -0.239898 0.478266 
4.7 0.65 -0.241955 0.438044 
4.75 0.65 -0.235341 0.396333 
4.8 0.65 -0.220167 0.354249 
4.85 0.65 -0.196823 0.313265 
4.9 0.65 -0.166013 0.275269 
4.95 0.65 -0.12877 0.242501 
5 0.65 -0.0864631 0.21732 
0 0.7 -0.11092 0.218687 
0.05 0.7 -0.0746997 0.194332 
0.1 0.7 -0.0354757 0.179267 
0.15 0.7 0.00522209 0.174899 
0.2 0.7 0.0457487 0.181652 
0.25 0.7 0.084459 0.198859 
0.3 0.7 0.119818 0.224923 
0.35 0.7 0.150492 0.257686 
0.4 0.7 0.175402 0.294841 
0.45 0.7 0.193751 0.334274 
0.5 0.7 0.205016 0.374233 
0.55 0.7 0.208933 0.413364 
0.6 0.7 0.205474 0.450644 
0.65 0.7 0.194825 0.48527 
0.7 0.7 0.177384 0.516559 
0.75 0.7 0.153749 0.543873 
0.8 0.7 0.124717 0.566591 
0.85 0.7 0.0912784 0.584119 
0.9 0.7 0.0545911 0.595935 
0.95 0.7 0.0159501 0.601649 
1 0.7 -0.0232641 0.601061 
1.05 0.7 -0.0616451 0.594191 
1.1 0.7 -0.0978236 0.581276 
1.15 0.7 -0.130526 0.562735 
1.2 0.7 -0.15862 0.539105 
1.25 0.7 -0.18115 0.510987 
1.3 0.7 -0.197351 0.479004 
1.35 0.7 -0.206659 0.443795 
1.4 0.7 -0.208713 0.406061 
1.45 0.7 -0.203358 0.366636 
1.5 0.7 -0.190662 0.326602 
1.55 0.7 -0.170931 0.28739 
1.6 0.7 -0.144735 0.250836 
1.65 0.7 -0.112924 0.219122 
1.7 0.7 -0.0766276 0.194571 
1.75 0.7 -0.0372313 0.179278 
1.8 0.7 0.00368946 0.17469 
1.85 0.7 0.0444591 0.181263 
1.9 0.7 0.0834122 0.198347 
1.95 0.7 0.119001 0.22435 
2 0.7 0.149884 0.257103 
2.05 0.7 0.174978 0.294288 
2.1 0.7 0.193485 0.333772 
2.15 0.7 0.204884 0.373793 
2.2 0.7 0.208912 0.412989 
2.25 0.7 0.205545 0.45033 
2.3 0.7 0.194972 0.485013 
2.35 0.7 0.177591 0.516355 
2.4 0.7 0.154003 0.54372 
2.45 0.7 0.125007 0.566487 
2.5 0.7 0.0915918 0.584065 
2.55 0.7 0.0549173 0.59593 
2.6 0.7 0.0162781 0.601693 
2.65 0.7 -0.022945 0.601154 
2.7 0.7 -0.0613452 0.59433 
2.75 0.7 -0.0975524 0.581459 
2.8 0.7 -0.130292 0.562957 
2.85 0.7 -0.158431 0.539363 
2.9 0.7 -0.181011 0.511275 
2.95 0.7 -0.197268 0.479318 
3 0.7 -0.206634 0.44413 
3.05 0.7 -0.208748 0.406411 
3.1 0.7 -0.203454 0.366993 
3.15 0.7 -0.190816 0.326956 
3.2 0.7 -0.171141 0.287728 
3.25 0.7 -0.144993 0.251139 
3.3 0.7 -0.113223 0.219373 
3.35 0.7 -0.0769565 0.19475 
3.4 0.7 -0.0375776 0.17937 
3.45 0.7 0.00333944 0.174687 
3.5 0.7 0.0441195 0.181167 
3.55 0.7 0.0830965 0.19817 
3.6 0.7 0.118721 0.224108 
3.65 0.7 0.14965 0.256816 
3.7 0.7 0.174797 0.293975 
3.75 0.7 0.193363 0.33345 
3.8 0.7 0.204823 0.373475 
3.85 0.7 0.208914 0.412684 
3.9 0.7 0.205608 0.450046 
3.95 0.7 0.195093 0.484756 
4 0.7 0.177766 0.516129 
4.05 0.7 0.154225 0.543529 
4.1 0.7 0.125269 0.566335 
4.15 0.7 0.0918848 0.583953 
4.2 0.7 0.0552326 0.595858 
4.25 0.7 0.0166073 0.601658 
4.3 0.7 -0.0226087 0.601148 
4.35 0.7 -0.0610053 0.594341 
4.4 0.7 -0.0972081 0.581471 
4.45 0.7 -0.129936 0.562948 
4.5 0.7 -0.158049 0.539308 
4.55 0.7 -0.180582 0.511148 
4.6 0.7 -0.19676 0.47909 
4.65 0.7 -0.206009 0.443778 
4.7 0.7 -0.20796 0.405917 
4.75 0.7 -0.202455 0.366356 
4.8 0.7 -0.189561 0.326196 
4.85 0.7 -0.169593 0.286895 
4.9 0.7 -0.143139 0.25032 
4.95 0.7 -0.111079 0.218687 
5 0.7 -0.0745925 0.194332 
0 0.75 -0.0897477 0.190979 
0.05 0.75 -0.0604483 0.168655 
0.1 0.75 -0.0286879 0.15485 
0.15 0.75 0.00427499 0.150863 
0.2 0.75 0.0370894 0.157084 
0.25 0.75 0.0684065 0.17289 
0.3 0.75 0.0969722 0.1968 
0.35 0.75 0.121702 0.226813 
0.4 0.75 0.141728 0.260795 
0.45 0.75 0.156417 0.296785 
0.5 0.75 0.165363 0.333155 
0.55 0.75 0.168373 0.368645 
0.6 0.75 0.165443 0.402297 
0.65 0.75 0.156743 0.433374 
0.7 0.75 0.142607 0.461268 
0.75 0.75 0.123526 0.485443 
0.8 0.75 0.100148 0.505405 
0.85 0.75 0.0732659 0.520707 
0.9 0.75 0.0438057 0.530969 
0.95 0.75 0.0127963 0.535916 
1 0.75 -0.0186675 0.535407 
1.05 0.75 -0.049471 0.529456 
1.1 0.75 -0.0785277 0.51823 
1.15 0.75 -0.104824 0.502024 
1.2 0.75 -0.127457 0.481231 
1.25 0.75 -0.145656 0.456308 
1.3 0.75 -0.1588 0.427754 
1.35 0.75 -0.166424 0.396114 
1.4 0.75 -0.16822 0.362015 
1.45 0.75 -0.164047 0.326229 
1.5 0.75 -0.153937 0.289766 
1.55 0.75 -0.13812 0.25396 
1.6 0.75 -0.117038 0.220518 
1.65 0.75 -0.0913711 0.191463 
1.7 0.75 -0.0620315 0.168947 
1.75 0.75 -0.030148 0.154913 
1.8 0.75 0.00298794 0.150701 
1.85 0.75 0.0359997 0.156735 
1.9 0.75 0.0675193 0.172412 
1.95 0.75 0.0962792 0.196256 
2 0.75 0.121187 0.226257 
2.05 0.75 0.14137 0.260266 
2.1 0.75 0.156193 0.296306 
2.15 0.75 0.165252 0.332739 
2.2 0.75 0.168356 0.368292 
2.25 0.75 0.165502 0.402005 
2.3 0.75 0.156864 0.433139 
2.35 0.75 0.142777 0.461086 
2.4 0.75 0.123734 0.48531 
2.45 0.75 0.100383 0.505319 
2.5 0.75 0.0735199 0.520666 
2.55 0.75 0.0440694 0.530972 
2.6 0.75 0.0130609 0.535962 
2.65 0.75 -0.0184104 0.535495 
2.7 0.75 -0.0492295 0.529585 
2.75 0.75 -0.0783093 0.518396 
2.8 0.75 -0.104636 0.502226 
2.85 0.75 -0.127304 0.481465 
2.9 0.75 -0.145544 0.45657 
2.95 0.75 -0.158732 0.42804 
3 0.75 -0.166403 0.39642 
3.05 0.75 -0.168248 0.362335 
3.1 0.75 -0.164123 0.326556 
3.15 0.75 -0.154061 0.290091 
3.2 0.75 -0.138288 0.25427 
3.25 0.75 -0.117247 0.220797 
3.3 0.75 -0.0916127 0.191694 
3.35 0.75 -0.0622977 0.169112 
3.4 0.75 -0.0304285 0.154997 
3.45 0.75 0.00270446 0.150699 
3.5 0.75 0.0357248 0.156648 
3.55 0.75 0.0672639 0.17225 
3.6 0.75 0.0960532 0.196034 
3.65 0.75 0.120998 0.225994 
3.7 0.75 0.141225 0.25998 
3.75 0.75 0.156095 0.296013 
3.8 0.75 0.165204 0.33245 
3.85 0.75 0.168357 0.368016 
3.9 0.75 0.165552 0.40175 
3.95 0.75 0.15696 0.432909 
4 0.75 0.142914 0.460884 
4.05 0.75 0.123908 0.485139 
4.1 0.75 0.100588 0.505181 
4.15 0.75 0.0737475 0.520561 
4.2 0.75 0.0443128 0.530898 
4.25 0.75 0.0133136 0.535914 
4.3 0.75 -0.0181538 0.535465 
4.35 0.75 -0.0489713 0.529561 
4.4 0.75 -0.0780484 0.518362 
4.45 0.75 -0.104366 0.502161 
4.5 0.75 -0.127012 0.481347 
4.55 0.75 -0.145211 0.456374 
4.6 0.75 -0.158332 0.427743 
4.65 0.75 -0.165902 0.395999 
4.7 0.75 -0.167608 0.361777 
4.75 0.75 -0.163305 0.325862 
4.8 0.75 -0.153029 0.289283 
4.85 0.75 -0.137015 0.2534 
4.9 0.75 -0.115725 0.219948 
4.95 0.75 -0.0898618 0.190979 
5 0.75 -0.0603712 0.168655 
0 0.8 -0.0665091 0.159154 
0.05 0.8 -0.0448039 0.140046 
0.1 0.8 -0.0212568 0.12824 
0.15 0.8 0.00318286 0.124841 
0.2 0.8 0.0275017 0.130179 
0.25 0.8 0.0506901 0.143718 
0.3 0.8 0.0718117 0.164193 
0.35 0.8 0.0900614 0.189888 
0.4 0.8 0.1048 0.218975 
0.45 0.8 0.115568 0.249765 
0.5 0.8 0.122079 0.280851 
0.55 0.8 0.124203 0.311136 
0.6 0.8 0.12195 0.339786 
0.65 0.8 0.115458 0.366159 
0.7 0.8 0.104981 0.38974 
0.75 0.8 0.0908865 0.410088 
0.8 0.8 0.0736536 0.426815 
0.85 0.8 0.0538655 0.439586 
0.9 0.8 0.0321989 0.448122 
0.95 0.8 0.00940421 0.452228 
1 0.8 -0.0137213 0.451805 
1.05 0.8 -0.0363661 0.446864 
1.1 0.8 -0.0577391 0.43752 
1.15 0.8 -0.0771008 0.423985 
1.2 0.8 -0.0937895 0.406546 
1.25 0.8 -0.107239 0.38555 
1.3 0.8 -0.11699 0.361391 
1.35 0.8 -0.122692 0.33452 
1.4 0.8 -0.124109 0.305472 
1.45 0.8 -0.121125 0.274921 
1.5 0.8 -0.11375 0.243746 
1.55 0.8 -0.10214 0.21311 
1.6 0.8 -0.086611 0.184485 
1.65 0.8 -0.067657 0.159614 
1.7 0.8 -0.0459529 0.14034 
1.75 0.8 -0.0223398 0.128327 
1.8 0.8 0.00221432 0.124723 
1.85 0.8 0.0266751 0.129887 
1.9 0.8 0.0500149 0.143306 
1.95 0.8 0.0712844 0.163717 
2 0.8 0.0896703 0.189398 
2.05 0.8 0.10453 0.218508 
2.1 0.8 0.115401 0.249342 
2.15 0.8 0.121997 0.280484 
2.2 0.8 0.124192 0.310827 
2.25 0.8 0.121996 0.339533 
2.3 0.8 0.11555 0.365958 
2.35 0.8 0.105109 0.389586 
2.4 0.8 0.0910418 0.409978 
2.45 0.8 0.073829 0.426746 
2.5 0.8 0.0540541 0.439556 
2.55 0.8 0.032394 0.44813 
2.6 0.8 0.00959962 0.452272 
2.65 0.8 -0.0135317 0.451885 
2.7 0.8 -0.0361882 0.446977 
2.75 0.8 -0.0575782 0.437665 
2.8 0.8 -0.0769618 0.424159 
2.85 0.8 -0.0936767 0.406747 
2.9 0.8 -0.107156 0.385775 
2.95 0.8 -0.116939 0.361637 
3 0.8 -0.122676 0.334783 
3.05 0.8 -0.124129 0.305748 
3.1 0.8 -0.12118 0.275202 
3.15 0.8 -0.113841 0.244026 
3.2 0.8 -0.102264 0.213376 
3.25 0.8 -0.0867649 0.184724 
3.3 0.8 -0.0678357 0.159811 
3.35 0.8 -0.04615 0.140481 
3.4 0.8 -0.0225476 0.1284 
3.45 0.8 0.00200424 0.124721 
3.5 0.8 0.0264714 0.129813 
3.55 0.8 0.0498259 0.143167 
3.6 0.8 0.0711174 0.163527 
3.65 0.8 0.0895313 0.189173 
3.7 0.8 0.104423 0.218263 
3.75 0.8 0.115329 0.249092 
3.8 0.8 0.121962 0.280238 
3.85 0.8 0.124193 0.310593 
3.9 0.8 0.122033 0.339316 
3.95 0.8 0.115619 0.365763 
4 0.8 0.105208 0.389415 
4.05 0.8 0.0911672 0.409832 
4.1 0.8 0.0739754 0.426628 
4.15 0.8 0.0542161 0.439463 
4.2 0.8 0.0325662 0.448059 
4.25 0.8 0.00977702 0.45222 
4.3 0.8 -0.0133529 0.451842 
4.35 0.8 -0.0360098 0.446933 
4.4 0.8 -0.0573989 0.437605 
4.45 0.8 -0.0767765 0.424066 
4.5 0.8 -0.0934756 0.406602 
4.55 0.8 -0.106924 0.385556 
4.6 0.8 -0.116656 0.361324 
4.65 0.8 -0.122315 0.334359 
4.7 0.8 -0.123662 0.305203 
4.75 0.8 -0.120579 0.27454 
4.8 0.8 -0.113079 0.243269 
4.85 0.8 -0.101326 0.212573 
4.9 0.8 -0.0856507 0.183947 
4.95 0.8 -0.0665664 0.159154 
5 0.8 -0.0447649 0.140046 
0 0.85 -0.0431353 0.123421 
0.05 0.85 -0.0290557 0.108513 
0.1 0.85 -0.0137823 0.0993167 
0.15 0.85 0.00206033 0.0966766 
0.2 0.85 0.0178129 0.100842 
0.25 0.85 0.0328179 0.111398 
0.3 0.85 0.0464661 0.127369 
0.35 0.85 0.0582354 0.147428 
0.4 0.85 0.0677159 0.170153 
0.45 0.85 0.0746166 0.194225 
0.5 0.85 0.0787605 0.218535 
0.55 0.85 0.0800732 0.242212 
0.6 0.85 0.0785693 0.264591 
0.65 0.85 0.0743434 0.28516 
0.7 0.85 0.0675636 0.303513 
0.75 0.85 0.0584688 0.319311 
0.8 0.85 0.0473672 0.332266 
0.85 0.85 0.034633 0.342133 
0.9 0.85 0.020699 0.348716 
0.95 0.85 0.00604477 0.351879 
1 0.85 -0.00882072 0.351554 
1.05 0.85 -0.0233794 0.347747 
1.1 0.85 -0.0371261 0.340538 
1.15 0.85 -0.0495882 0.330075 
1.2 0.85 -0.0603424 0.316562 
1.25 0.85 -0.0690252 0.300252 
1.3 0.85 -0.0753399 0.28144 
1.35 0.85 -0.0790588 0.260475 
1.4 0.85 -0.0800255 0.237779 
1.45 0.85 -0.0781577 0.21389 
1.5 0.85 -0.0734541 0.189511 
1.55 0.85 -0.0660059 0.165561 
1.6 0.85 -0.0560095 0.143201 
1.65 0.85 -0.0437785 0.123792 
1.7 0.85 -0.0297483 0.108765 
1.75 0.85 -0.0144661 0.0994058 
1.8 0.85 0.00143401 0.0965984 
1.85 0.85 0.0172728 0.100621 
1.9 0.85 0.0323755 0.111077 
1.95 0.85 0.0461212 0.126993 
2 0.85 0.057981 0.147038 
2.05 0.85 0.0675413 0.16978 
2.1 0.85 0.07451 0.193888 
2.15 0.85 0.0787104 0.218242 
2.2 0.85 0.080069 0.241966 
2.25 0.85 0.078602 0.26439 
2.3 0.85 0.0744053 0.285001 
2.35 0.85 0.0676481 0.303393 
2.4 0.85 0.0585706 0.319227 
2.45 0.85 0.0474815 0.332215 
2.5 0.85 0.0347553 0.342113 
2.55 0.85 0.0208252 0.348726 
2.6 0.85 0.00617085 0.351917 
2.65 0.85 -0.00869856 0.351619 
2.7 0.85 -0.0232649 0.347837 
2.75 0.85 -0.0370225 0.340653 
2.8 0.85 -0.0494987 0.330213 
2.85 0.85 -0.0602696 0.316721 
2.9 0.85 -0.0689715 0.300429 
2.95 0.85 -0.075307 0.281634 
3 0.85 -0.0790481 0.260682 
3.05 0.85 -0.0800378 0.237996 
3.1 0.85 -0.0781932 0.214112 
3.15 0.85 -0.0735124 0.18973 
3.2 0.85 -0.0660857 0.16577 
3.25 0.85 -0.0561086 0.143389 
3.3 0.85 -0.0438939 0.123947 
3.35 0.85 -0.0298757 0.108875 
3.4 0.85 -0.0146006 0.0994626 
3.45 0.85 0.00129798 0.0965973 
3.5 0.85 0.017141 0.100563 
3.55 0.85 0.0322533 0.110969 
3.6 0.85 0.0460134 0.126845 
3.65 0.85 0.0578914 0.146863 
3.7 0.85 0.0674726 0.16959 
3.75 0.85 0.074464 0.193692 
3.8 0.85 0.0786879 0.21805 
3.85 0.85 0.0800698 0.241783 
3.9 0.85 0.0786253 0.264221 
3.95 0.85 0.0744496 0.284849 
4 0.85 0.0677112 0.303259 
4.05 0.85 0.0586497 0.319113 
4.1 0.85 0.0475733 0.332121 
4.15 0.85 0.0348563 0.342037 
4.2 0.85 0.0209318 0.348666 
4.25 0.85 0.00627974 0.351868 
4.3 0.85 -0.00858994 0.351575 
4.35 0.85 -0.0231577 0.347789 
4.4 0.85 -0.0369159 0.340589 
4.45 0.85 -0.0493893 0.33012 
4.5 0.85 -0.0601508 0.316583 
4.55 0.85 -0.068833 0.30023 
4.6 0.85 -0.0751352 0.281358 
4.65 0.85 -0.078826 0.260317 
4.7 0.85 -0.0797462 0.237536 
4.75 0.85 -0.0778132 0.213561 
4.8 0.85 -0.0730289 0.18911 
4.85 0.85 -0.0654924 0.16512 
4.9 0.85 -0.0554141 0.142767 
4.95 0.85 -0.043124 0.123421 
5 0.85 -0.0290629 0.108513 
0 0.9 -0.0221051 0.0843609 
0.05 0.9 -0.0148621 0.0742907 
0.1 0.9 -0.00704238 0.0680952 
0.15 0.9 0.00104609 0.0663213 
0.2 0.9 0.00907706 0.0691289 
0.25 0.9 0.0167175 0.0762446 
0.3 0.9 0.0236562 0.0870222 
0.35 0.9 0.0296273 0.100581 
0.4 0.9 0.0344242 0.11597 
0.45 0.9 0.0379026 0.132296 
0.5 0.9 0.0399776 0.148804 
0.55 0.9 0.040616 0.164893 
0.6 0.9 0.0398295 0.180101 
0.65 0.9 0.0376686 0.194072 
0.7 0.9 0.0342199 0.206527 
0.75 0.9 0.0296046 0.217235 
0.8 0.9 0.0239783 0.226005 
0.85 0.9 0.0175293 0.232676 
0.9 0.9 0.0104757 0.237122 
0.95 0.9 0.00305904 0.239256 
1 0.9 -0.00446417 0.239037 
1.05 0.9 -0.0118328 0.236467 
1.1 0.9 -0.0187921 0.231598 
1.15 0.9 -0.0251042 0.224522 
1.2 0.9 -0.0305558 0.215372 
1.25 0.9 -0.0349638 0.204314 
1.3 0.9 -0.0381784 0.191545 
1.35 0.9 -0.0400838 0.177302 
1.4 0.9 -0.040599 0.161878 
1.45 0.9 -0.0396792 0.145646 
1.5 0.9 -0.0373197 0.129094 
1.55 0.9 -0.0335616 0.112856 
1.6 0.9 -0.0285 0.0977206 
1.65 0.9 -0.022291 0.0846069 
1.7 0.9 -0.0151549 0.0744715 
1.75 0.9 -0.00737194 0.068167 
1.8 0.9 0.00073082 0.0662772 
1.85 0.9 0.00880182 0.0689853 
1.9 0.9 0.016492 0.0760301 
1.95 0.9 0.0234813 0.0867682 
2 0.9 0.0294994 0.100316 
2.05 0.9 0.0343375 0.115715 
2.1 0.9 0.0378508 0.132065 
2.15 0.9 0.0399545 0.148603 
2.2 0.9 0.0406162 0.164724 
2.25 0.9 0.0398481 0.179963 
2.3 0.9 0.0377017 0.193964 
2.35 0.9 0.0342641 0.206446 
2.4 0.9 0.0296572 0.217179 
2.45 0.9 0.0240368 0.225971 
2.5 0.9 0.0175917 0.232663 
2.55 0.9 0.0105399 0.237129 
2.6 0.9 0.003123 0.239283 
2.65 0.9 -0.00440228 0.239082 
2.7 0.9 -0.0117748 0.23653 
2.75 0.9 -0.0187397 0.231677 
2.8 0.9 -0.0250589 0.224617 
2.85 0.9 -0.0305189 0.215481 
2.9 0.9 -0.0349365 0.204435 
2.95 0.9 -0.0381616 0.191677 
3 0.9 -0.0400782 0.177443 
3.05 0.9 -0.040605 0.162026 
3.1 0.9 -0.039697 0.145797 
3.15 0.9 -0.037349 0.129243 
3.2 0.9 -0.033602 0.112997 
3.25 0.9 -0.0285503 0.0978477 
3.3 0.9 -0.0223497 0.0847115 
3.35 0.9 -0.0152198 0.0745459 
3.4 0.9 -0.00744046 0.0682054 
3.45 0.9 0.000661518 0.0662766 
3.5 0.9 0.00873469 0.0689464 
3.55 0.9 0.0164298 0.0759572 
3.6 0.9 0.0234265 0.0866684 
3.65 0.9 0.029454 0.100198 
3.7 0.9 0.0343028 0.115586 
3.75 0.9 0.0378277 0.131932 
3.8 0.9 0.0399433 0.148472 
3.85 0.9 0.0406167 0.164599 
3.9 0.9 0.0398599 0.179848 
3.95 0.9 0.0377239 0.19386 
4 0.9 0.0342956 0.206354 
4.05 0.9 0.0296966 0.2171 
4.1 0.9 0.0240824 0.225906 
4.15 0.9 0.0176415 0.23261 
4.2 0.9 0.010592 0.237086 
4.25 0.9 0.00317567 0.239247 
4.3 0.9 -0.00435042 0.239048 
4.35 0.9 -0.0117244 0.236491 
4.4 0.9 -0.0186904 0.231626 
4.45 0.9 -0.025009 0.224544 
4.5 0.9 -0.030465 0.215377 
4.55 0.9 -0.0348733 0.204288 
4.6 0.9 -0.0380818 0.191476 
4.65 0.9 -0.0399729 0.177182 
4.7 0.9 -0.0404642 0.1617 
4.75 0.9 -0.039511 0.145412 
4.8 0.9 -0.0371107 0.128815 
4.85 0.9 -0.0333112 0.112554 
4.9 0.9 -0.0282203 0.0974301 
4.95 0.9 -0.0220139 0.0843609 
5 0.9 -0.0149233 0.0742907 
0 0.95 -0.00653054 0.042853 
0.05 0.95 -0.00430927 0.0378479 
0.1 0.95 -0.0020286 0.0347843 
0.15 0.95 0.00029915 0.0339094 
0.2 0.95 0.00260264 0.0352986 
0.25 0.95 0.00479065 0.0388208 
0.3 0.95 0.00677395 0.0441645 
0.35 0.95 0.00847631 0.0509025 
0.4 0.95 0.00983933 0.0585682 
0.45 0.95 0.0108234 0.0667198 
0.5 0.95 0.0114059 0.0749778 
0.55 0.95 0.0115794 0.0830373 
0.6 0.95 0.0113483 0.090662 
0.65 0.95 0.0107278 0.0976692 
0.7 0.95 0.00974254 0.103916 
0.75 0.95 0.00842691 0.109284 
0.8 0.95 0.00682466 0.113679 
0.85 0.95 0.00498894 0.11702 
0.9 0.95 0.00298141 0.119246 
0.95 0.95 0.000870606 0.120314 
1 0.95 -0.00127051 0.120204 
1.05 0.95 -0.00336766 0.118918 
1.1 0.95 -0.00534846 0.11648 
1.15 0.95 -0.0071454 0.112936 
1.2 0.95 -0.0086982 0.10835 
1.25 0.95 -0.00995525 0.102805 
1.3 0.95 -0.0108743 0.0964008 
1.35 0.95 -0.0114227 0.0892575 
1.4 0.95 -0.011577 0.0815253 
1.45 0.95 -0.0113237 0.073396 
1.5 0.95 -0.01066 0.065119 
1.55 0.95 -0.00959582 0.057015 
1.6 0.95 -0.00815641 0.0494797 
1.65 0.95 -0.00638494 0.0429668 
1.7 0.95 -0.00434385 0.0379442 
1.75 0.95 -0.00211393 0.0348253 
1.8 0.95 0.000209579 0.0338912 
1.85 0.95 0.00252379 0.0352299 
1.9 0.95 0.00472658 0.038716 
1.95 0.95 0.00672488 0.0440392 
2 0.95 0.00844098 0.0507707 
2.05 0.95 0.00981591 0.0584407 
2.1 0.95 0.0108099 0.0666034 
2.15 0.95 0.0114005 0.0748762 
2.2 0.95 0.0115804 0.0829519 
2.25 0.95 0.0113544 0.0905923 
2.3 0.95 0.0107378 0.0976145 
2.35 0.95 0.00975555 0.103874 
2.4 0.95 0.00844217 0.109256 
2.45 0.95 0.00684152 0.113662 
2.5 0.95 0.0050068 0.117014 
2.55 0.95 0.00299971 0.11925 
2.6 0.95 0.00088882 0.120328 
2.65 0.95 -0.00125291 0.120227 
2.7 0.95 -0.00335118 0.11895 
2.75 0.95 -0.00533357 0.11652 
2.8 0.95 -0.00713253 0.112983 
2.85 0.95 -0.00868772 0.108405 
2.9 0.95 -0.00994748 0.102866 
2.95 0.95 -0.0108695 0.0964674 
3 0.95 -0.011421 0.0893286 
3.05 0.95 -0.0115787 0.0815996 
3.1 0.95 -0.0113287 0.0734716 
3.15 0.95 -0.0106683 0.0651937 
3.2 0.95 -0.00960726 0.0570858 
3.25 0.95 -0.00817073 0.049543 
3.3 0.95 -0.00640168 0.0430188 
3.35 0.95 -0.00436241 0.0379812 
3.4 0.95 -0.00213356 0.0348444 
3.45 0.95 0.000189716 0.033891 
3.5 0.95 0.00250456 0.0352107 
3.55 0.95 0.0047088 0.03868 
3.6 0.95 0.00670926 0.0439897 
3.65 0.95 0.00842807 0.0507118 
3.7 0.95 0.00980609 0.0583763 
3.75 0.95 0.0108034 0.0665371 
3.8 0.95 0.0113974 0.0748107 
3.85 0.95 0.0115807 0.0828894 
3.9 0.95 0.0113578 0.0905344 
3.95 0.95 0.0107441 0.0975621 
4 0.95 0.00976447 0.103828 
4.05 0.95 0.00845326 0.109216 
4.1 0.95 0.00685427 0.113629 
4.15 0.95 0.00502065 0.116987 
4.2 0.95 0.00301408 0.119227 
4.25 0.95 0.000903175 0.120309 
4.3 0.95 -0.00123901 0.120209 
4.35 0.95 -0.00333797 0.118928 
4.4 0.95 -0.00532099 0.116492 
4.45 0.95 -0.00712011 0.112944 
4.5 0.95 -0.00867452 0.108349 
4.55 0.95 -0.00993197 0.102789 
4.6 0.95 -0.0108496 0.0963635 
4.65 0.95 -0.011394 0.0891943 
4.7 0.95 -0.0115415 0.0814337 
4.75 0.95 -0.0112784 0.0732772 
4.8 0.95 -0.0106027 0.0649795 
4.85 0.95 -0.00952751 0.0568673 
4.9 0.95 -0.00808669 0.0493411 
4.95 0.95 -0.00634768 0.042853 
5 0.95 -0.00443295 0.0378479 
0 1 0 0 
0.05 1 0 0 
0.1 1 0 0 
0.15 1 0 0 
0.2 1 0 0 
0.25 1 0 0 
0.3 1 0 0 
0.35 1 0 0 
0.4 1 0 0 
0.45 1 0 0 
0.5 1 0 0 
0.55 1 0 0 
0.6 1 0 0 
0.65 1 0 0 
0.7 1 0 0 
0.75 1 0 0 
0.8 1 0 0 
0.85 1 0 0 
0.9 1 0 0 
0.95 1 0 0 
1 1 0 0 
1.05 1 0 0 
1.1 1 0 0 
1.15 1 0 0 
1.2 1 0 0 
1.25 1 0 0 
1.3 1 0 0 
1.35 1 0 0 
1.4 1 0 0 
1.45 1 0 0 
1.5 1 0 0 
1.55 1 0 0 
1.6 1 0 0 
1.65 1 0 0 
1.7 1 0 0 
1.75 1 0 0 
1.8 1 0 0 
1.85 1 0 0 
1.9 1 0 0 
1.95 1 0 0 
2 1 0 0 
2.05 1 0 0 
2.1 1 0 0 
2.15 1 0 0 
2.2 1 0 0 
2.25 1 0 0 
2.3 1 0 0 
2.35 1 0 0 
2.4 1 0 0 
2.45 1 0 0 
2.5 1 0 0 
2.55 1 0 0 
2.6 1 0 0 
2.65 1 0 0 
2.7 1 0 0 
2.75 1 0 0 
2.8 1 0 0 
2.85 1 0 0 
2.9 1 0 0 
2.95 1 0 0 
3 1 0 0 
3.05 1 0 0 
3.1 1 0 0 
3.15 1 0 0 
3.2 1 0 0 
3.25 1 0 0 
3.3 1 0 0 
3.35 1 0 0 
3.4 1 0 0 
3.45 1 0 0 
3.5 1 0 0 
3.55 1 0 0 
3.6 1 0 0 
3.65 1 0 0 
3.7 1 0 0 
3.75 1 0 0 
3.8 1 0 0 
3.85 1 0 0 
3.9 1 0 0 
3.95 1 0 0 
4 1 0 0 
4.05 1 0 0 
4.1 1 0 0 
4.15 1 0 0 
4.2 1 0 0 
4.25 1 0 0 
4.3 1 0 0 
4.35 1 0 0 
4.4 1 0 0 
4.45 1 0 0 
4.5 1 0 0 
4.55 1 0 0 
4.6 1 0 0 
4.65 1 0 0 
4.7 1 0 0 
4.75 1 0 0 
4.8 1 0 0 
4.85 1 0 0 
4.9 1 0 0 
4.95 1 0 0 
5 1 0 0 
