x, y, ksi, T
#iter= 1740000
0 0 0 1 
0.05 0 0 1 
0.1 0 0 1 
0.15 0 0 1 
0.2 0 0 1 
0.25 0 0 1 
0.3 0 0 1 
0.35 0 0 1 
0.4 0 0 1 
0.45 0 0 1 
0.5 0 0 1 
0.55 0 0 1 
0.6 0 0 1 
0.65 0 0 1 
0.7 0 0 1 
0.75 0 0 1 
0.8 0 0 1 
0.85 0 0 1 
0.9 0 0 1 
0.95 0 0 1 
1 0 0 1 
1.05 0 0 1 
1.1 0 0 1 
1.15 0 0 1 
1.2 0 0 1 
1.25 0 0 1 
1.3 0 0 1 
1.35 0 0 1 
1.4 0 0 1 
1.45 0 0 1 
1.5 0 0 1 
1.55 0 0 1 
1.6 0 0 1 
1.65 0 0 1 
1.7 0 0 1 
1.75 0 0 1 
1.8 0 0 1 
1.85 0 0 1 
1.9 0 0 1 
1.95 0 0 1 
2 0 0 1 
2.05 0 0 1 
2.1 0 0 1 
2.15 0 0 1 
2.2 0 0 1 
2.25 0 0 1 
2.3 0 0 1 
2.35 0 0 1 
2.4 0 0 1 
2.45 0 0 1 
2.5 0 0 1 
2.55 0 0 1 
2.6 0 0 1 
2.65 0 0 1 
2.7 0 0 1 
2.75 0 0 1 
2.8 0 0 1 
2.85 0 0 1 
2.9 0 0 1 
2.95 0 0 1 
3 0 0 1 
3.05 0 0 1 
3.1 0 0 1 
3.15 0 0 1 
3.2 0 0 1 
3.25 0 0 1 
3.3 0 0 1 
3.35 0 0 1 
3.4 0 0 1 
3.45 0 0 1 
3.5 0 0 1 
3.55 0 0 1 
3.6 0 0 1 
3.65 0 0 1 
3.7 0 0 1 
3.75 0 0 1 
3.8 0 0 1 
3.85 0 0 1 
3.9 0 0 1 
3.95 0 0 1 
4 0 0 1 
4.05 0 0 1 
4.1 0 0 1 
4.15 0 0 1 
4.2 0 0 1 
4.25 0 0 1 
4.3 0 0 1 
4.35 0 0 1 
4.4 0 0 1 
4.45 0 0 1 
4.5 0 0 1 
4.55 0 0 1 
4.6 0 0 1 
4.65 0 0 1 
4.7 0 0 1 
4.75 0 0 1 
4.8 0 0 1 
4.85 0 0 1 
4.9 0 0 1 
4.95 0 0 1 
5 0 0 1 
0 0.05 -0.00643061 0.88464 
0.05 0.05 -0.00433406 0.881652 
0.1 0.05 -0.00214711 0.879915 
0.15 0.05 6.42353e-05 0.879407 
0.2 0.05 0.00224199 0.880108 
0.25 0.05 0.0043223 0.881992 
0.3 0.05 0.00624057 0.885014 
0.35 0.05 0.0079362 0.889113 
0.4 0.05 0.00935551 0.894215 
0.45 0.05 0.0104532 0.900225 
0.5 0.05 0.011193 0.907035 
0.55 0.05 0.0115477 0.91451 
0.6 0.05 0.0114993 0.922482 
0.65 0.05 0.0110398 0.930731 
0.7 0.05 0.0101728 0.938974 
0.75 0.05 0.00891572 0.946852 
0.8 0.05 0.00730266 0.953937 
0.85 0.05 0.00538649 0.959761 
0.9 0.05 0.00323922 0.963874 
0.95 0.05 0.000949623 0.96592 
1 0.05 -0.00138221 0.965709 
1.05 0.05 -0.00365267 0.963262 
1.1 0.05 -0.00576324 0.958803 
1.15 0.05 -0.00762796 0.952714 
1.2 0.05 -0.00917833 0.945451 
1.25 0.05 -0.0103651 0.937481 
1.3 0.05 -0.0111577 0.92922 
1.35 0.05 -0.0115414 0.921013 
1.4 0.05 -0.0115154 0.913131 
1.45 0.05 -0.01109 0.905782 
1.5 0.05 -0.0102853 0.899128 
1.55 0.05 -0.00913123 0.893297 
1.6 0.05 -0.00766691 0.888397 
1.65 0.05 -0.00594102 0.884513 
1.7 0.05 -0.0040112 0.881717 
1.75 0.05 -0.00194287 0.880061 
1.8 0.05 0.000192823 0.879577 
1.85 0.05 0.00232183 0.880273 
1.9 0.05 0.00437041 0.882136 
1.95 0.05 0.00626826 0.885131 
2 0.05 0.00795121 0.889202 
2.05 0.05 0.00936319 0.894277 
2.1 0.05 0.0104572 0.900263 
2.15 0.05 0.0111958 0.907051 
2.2 0.05 0.0115509 0.914509 
2.25 0.05 0.011504 0.922466 
2.3 0.05 0.0110466 0.930705 
2.35 0.05 0.0101819 0.938942 
2.4 0.05 0.00892725 0.946818 
2.45 0.05 0.00731642 0.953906 
2.5 0.05 0.00540209 0.959737 
2.55 0.05 0.0032561 0.963861 
2.6 0.05 0.000967099 0.965921 
2.65 0.05 -0.0013649 0.965726 
2.7 0.05 -0.00363629 0.963293 
2.75 0.05 -0.0057485 0.958848 
2.8 0.05 -0.00761545 0.952768 
2.85 0.05 -0.0091685 0.945513 
2.9 0.05 -0.0103583 0.937546 
2.95 0.05 -0.011154 0.929286 
3 0.05 -0.011541 0.921077 
3.05 0.05 -0.0115182 0.913191 
3.1 0.05 -0.0110959 0.905837 
3.15 0.05 -0.0102942 0.899177 
3.2 0.05 -0.00914275 0.89334 
3.25 0.05 -0.00768075 0.888431 
3.3 0.05 -0.00595675 0.884539 
3.35 0.05 -0.00402831 0.881734 
3.4 0.05 -0.0019608 0.880068 
3.45 0.05 0.000174683 0.879574 
3.5 0.05 0.00230411 0.88026 
3.55 0.05 0.00435371 0.882114 
3.6 0.05 0.00625316 0.885099 
3.65 0.05 0.00793824 0.889161 
3.7 0.05 0.0093528 0.894227 
3.75 0.05 0.0104498 0.900205 
3.8 0.05 0.0111917 0.906987 
3.85 0.05 0.0115504 0.914439 
3.9 0.05 0.0115072 0.922393 
3.95 0.05 0.0110537 0.93063 
4 0.05 0.010193 0.938868 
4.05 0.05 0.00894221 0.94675 
4.1 0.05 0.00733497 0.953849 
4.15 0.05 0.00542379 0.959697 
4.2 0.05 0.00328031 0.963844 
4.25 0.05 0.000992987 0.965931 
4.3 0.05 -0.00133829 0.965767 
4.35 0.05 -0.00361002 0.963367 
4.4 0.05 -0.00572366 0.958954 
4.45 0.05 -0.00759317 0.952904 
4.5 0.05 -0.00915003 0.945676 
4.55 0.05 -0.0103451 0.937734 
4.6 0.05 -0.0111482 0.929496 
4.65 0.05 -0.0115454 0.921307 
4.7 0.05 -0.0115372 0.913437 
4.75 0.05 -0.011136 0.906093 
4.8 0.05 -0.0103656 0.899434 
4.85 0.05 -0.0092609 0.89358 
4.9 0.05 -0.00786983 0.888627 
4.95 0.05 -0.00625215 0.88464 
5 0.05 -0.00445559 0.881652 
0 0.1 -0.0216955 0.770614 
0.05 0.1 -0.0148353 0.764748 
0.1 0.1 -0.00738296 0.761269 
0.15 0.1 0.00029199 0.760234 
0.2 0.1 0.00790438 0.761623 
0.25 0.1 0.0151964 0.765377 
0.3 0.1 0.0219278 0.771406 
0.35 0.1 0.0278794 0.779583 
0.4 0.1 0.0328587 0.789756 
0.45 0.1 0.0367038 0.801738 
0.5 0.1 0.0392854 0.815313 
0.55 0.1 0.0405075 0.830218 
0.6 0.1 0.0403089 0.846125 
0.65 0.1 0.0386654 0.862606 
0.7 0.1 0.0355954 0.879106 
0.75 0.1 0.0311667 0.89491 
0.8 0.1 0.0255045 0.909158 
0.85 0.1 0.0187976 0.920897 
0.9 0.1 0.0112977 0.929204 
0.95 0.1 0.00331087 0.933341 
1 0.1 -0.00482017 0.932914 
1.05 0.1 -0.0127416 0.927965 
1.1 0.1 -0.0201159 0.918963 
1.15 0.1 -0.026646 0.906693 
1.2 0.1 -0.0320916 0.892095 
1.25 0.1 -0.0362764 0.876112 
1.3 0.1 -0.0390865 0.859582 
1.35 0.1 -0.0404645 0.843188 
1.4 0.1 -0.0404014 0.827461 
1.45 0.1 -0.0389298 0.812807 
1.5 0.1 -0.0361193 0.79954 
1.55 0.1 -0.0320748 0.787914 
1.6 0.1 -0.0269353 0.778137 
1.65 0.1 -0.0208736 0.770386 
1.7 0.1 -0.0140936 0.764803 
1.75 0.1 -0.00682643 0.761495 
1.8 0.1 0.000677605 0.760526 
1.85 0.1 0.00815816 0.761917 
1.9 0.1 0.0153559 0.765639 
1.95 0.1 0.0220233 0.771619 
2 0.1 0.0279338 0.779745 
2.05 0.1 0.0328886 0.789867 
2.1 0.1 0.0367211 0.801803 
2.15 0.1 0.0392982 0.815338 
2.2 0.1 0.0405215 0.83021 
2.25 0.1 0.0403277 0.846089 
2.3 0.1 0.0386911 0.862551 
2.35 0.1 0.035629 0.879038 
2.4 0.1 0.0312084 0.894839 
2.45 0.1 0.0255537 0.909093 
2.5 0.1 0.0188529 0.920847 
2.55 0.1 0.0113572 0.929177 
2.6 0.1 0.00337226 0.933343 
2.65 0.1 -0.00475949 0.932947 
2.7 0.1 -0.0126842 0.928029 
2.75 0.1 -0.0200642 0.919053 
2.8 0.1 -0.0266021 0.906803 
2.85 0.1 -0.032057 0.892218 
2.9 0.1 -0.0362522 0.876242 
2.95 0.1 -0.0390735 0.859713 
3 0.1 -0.040463 0.843316 
3.05 0.1 -0.0404113 0.827581 
3.1 0.1 -0.0389506 0.812917 
3.15 0.1 -0.0361505 0.799639 
3.2 0.1 -0.0321154 0.787998 
3.25 0.1 -0.0269841 0.778206 
3.3 0.1 -0.0209289 0.770438 
3.35 0.1 -0.0141538 0.764836 
3.4 0.1 -0.00688949 0.761509 
3.45 0.1 0.000613841 0.760521 
3.5 0.1 0.00809588 0.761892 
3.55 0.1 0.0152973 0.765594 
3.6 0.1 0.0219703 0.771556 
3.65 0.1 0.0278883 0.779664 
3.7 0.1 0.0328523 0.789768 
3.75 0.1 0.0366953 0.80169 
3.8 0.1 0.0392842 0.815211 
3.85 0.1 0.0405202 0.830071 
3.9 0.1 0.0403396 0.845943 
3.95 0.1 0.0387168 0.862401 
4 0.1 0.0356684 0.878891 
4.05 0.1 0.0312611 0.894703 
4.1 0.1 0.0256188 0.908978 
4.15 0.1 0.0189287 0.920766 
4.2 0.1 0.0114415 0.92914 
4.25 0.1 0.0034622 0.933361 
4.3 0.1 -0.0046672 0.933028 
4.35 0.1 -0.0125932 0.928175 
4.4 0.1 -0.0199782 0.919262 
4.45 0.1 -0.026525 0.907071 
4.5 0.1 -0.0319931 0.892541 
4.55 0.1 -0.0362067 0.876613 
4.6 0.1 -0.039053 0.860127 
4.65 0.1 -0.0404767 0.843767 
4.7 0.1 -0.0404727 0.828062 
4.75 0.1 -0.0390789 0.813417 
4.8 0.1 -0.0363716 0.800136 
4.85 0.1 -0.0324626 0.788457 
4.9 0.1 -0.0274917 0.778568 
4.95 0.1 -0.0216062 0.770614 
5 0.1 -0.0148941 0.764748 
0 0.15 -0.0422657 0.662734 
0.05 0.15 -0.0288642 0.654171 
0.1 0.15 -0.0143121 0.649046 
0.15 0.15 0.00073648 0.647501 
0.2 0.15 0.0157077 0.649536 
0.25 0.15 0.0300729 0.655074 
0.3 0.15 0.0433433 0.663974 
0.35 0.15 0.0550762 0.676044 
0.4 0.15 0.0648852 0.691044 
0.45 0.15 0.0724467 0.708697 
0.5 0.15 0.0775037 0.728679 
0.55 0.15 0.0798684 0.750607 
0.6 0.15 0.0794238 0.774009 
0.65 0.15 0.0761295 0.79827 
0.7 0.15 0.0700305 0.822584 
0.75 0.15 0.0612702 0.84591 
0.8 0.15 0.0501035 0.866978 
0.85 0.15 0.0369059 0.884368 
0.9 0.15 0.0221714 0.896691 
0.95 0.15 0.00649555 0.902835 
1 0.15 -0.00945894 0.9022 
1.05 0.15 -0.0250086 0.894852 
1.1 0.15 -0.0394999 0.881499 
1.15 0.15 -0.0523545 0.863327 
1.2 0.15 -0.0630996 0.841748 
1.25 0.15 -0.071383 0.818164 
1.3 0.15 -0.0769719 0.793808 
1.35 0.15 -0.0797432 0.769676 
1.4 0.15 -0.0796704 0.746534 
1.45 0.15 -0.0768106 0.724967 
1.5 0.15 -0.0712974 0.705429 
1.55 0.15 -0.063336 0.688288 
1.6 0.15 -0.0532013 0.673855 
1.65 0.15 -0.0412361 0.662398 
1.7 0.15 -0.0278455 0.654136 
1.75 0.15 -0.0134881 0.649236 
1.8 0.15 0.0013391 0.647801 
1.85 0.15 0.0161198 0.649861 
1.9 0.15 0.0303393 0.655373 
1.95 0.15 0.0435065 0.664222 
2 0.15 0.0551715 0.676231 
2.05 0.15 0.0649397 0.691169 
2.1 0.15 0.0724803 0.708764 
2.15 0.15 0.0775308 0.728694 
2.2 0.15 0.0798987 0.750579 
2.25 0.15 0.0794639 0.773946 
2.3 0.15 0.0761831 0.798181 
2.35 0.15 0.0700995 0.822479 
2.4 0.15 0.0613547 0.845802 
2.45 0.15 0.0502021 0.866879 
2.5 0.15 0.0370161 0.884292 
2.55 0.15 0.0222895 0.89665 
2.6 0.15 0.00661697 0.902837 
2.65 0.15 -0.00933913 0.90225 
2.7 0.15 -0.0248954 0.894947 
2.75 0.15 -0.039398 0.881633 
2.8 0.15 -0.0522677 0.86349 
2.85 0.15 -0.0630312 0.84193 
2.9 0.15 -0.0713351 0.818356 
2.95 0.15 -0.076946 0.794001 
3 0.15 -0.0797399 0.769864 
3.05 0.15 -0.0796896 0.746712 
3.1 0.15 -0.0768516 0.725131 
3.15 0.15 -0.071359 0.705575 
3.2 0.15 -0.0634162 0.688413 
3.25 0.15 -0.0532977 0.673957 
3.3 0.15 -0.0413456 0.662475 
3.35 0.15 -0.0279646 0.654185 
3.4 0.15 -0.0136128 0.649257 
3.45 0.15 0.00121305 0.647793 
3.5 0.15 0.0159967 0.649824 
3.55 0.15 0.0302236 0.655308 
3.6 0.15 0.0434021 0.664129 
3.65 0.15 0.055082 0.676111 
3.7 0.15 0.0648684 0.691025 
3.75 0.15 0.07243 0.708597 
3.8 0.15 0.0775038 0.728508 
3.85 0.15 0.0798968 0.750376 
3.9 0.15 0.0794882 0.773731 
3.95 0.15 0.0762343 0.79796 
4 0.15 0.0701775 0.822262 
4.05 0.15 0.0614586 0.845601 
4.1 0.15 0.0503299 0.866709 
4.15 0.15 0.0371645 0.88417 
4.2 0.15 0.0224541 0.896594 
4.25 0.15 0.00679232 0.902862 
4.3 0.15 -0.00915935 0.902365 
4.35 0.15 -0.024718 0.895157 
4.4 0.15 -0.03923 0.881935 
4.45 0.15 -0.0521165 0.863878 
4.5 0.15 -0.0629045 0.842395 
4.55 0.15 -0.0712419 0.818888 
4.6 0.15 -0.0768975 0.794592 
4.65 0.15 -0.0797515 0.770503 
4.7 0.15 -0.0797819 0.747388 
4.75 0.15 -0.0770525 0.725825 
4.8 0.15 -0.0717032 0.706258 
4.85 0.15 -0.0639412 0.689035 
4.9 0.15 -0.054028 0.674444 
4.95 0.15 -0.042252 0.662734 
5 0.15 -0.0288707 0.654171 
0 0.2 -0.0651406 0.566739 
0.05 0.2 -0.0443707 0.555771 
0.1 0.2 -0.0218802 0.54918 
0.15 0.2 0.00140245 0.547178 
0.2 0.2 0.0245983 0.549799 
0.25 0.2 0.0468757 0.556952 
0.3 0.2 0.0674608 0.568447 
0.35 0.2 0.0856545 0.584015 
0.4 0.2 0.100848 0.603327 
0.45 0.2 0.112536 0.626004 
0.5 0.2 0.120318 0.651624 
0.55 0.2 0.123907 0.679698 
0.6 0.2 0.12313 0.709627 
0.65 0.2 0.117934 0.740644 
0.7 0.2 0.108404 0.771734 
0.75 0.2 0.0947749 0.80158 
0.8 0.2 0.0774511 0.82856 
0.85 0.2 0.057019 0.850853 
0.9 0.2 0.0342411 0.866664 
0.95 0.2 0.0100287 0.87455 
1 0.2 -0.0146078 0.873735 
1.05 0.2 -0.038628 0.864301 
1.1 0.2 -0.0610354 0.84717 
1.15 0.2 -0.0809431 0.823877 
1.2 0.2 -0.0976206 0.796244 
1.25 0.2 -0.110516 0.76607 
1.3 0.2 -0.119259 0.734924 
1.35 0.2 -0.123643 0.704065 
1.4 0.2 -0.123615 0.674456 
1.45 0.2 -0.119252 0.646828 
1.5 0.2 -0.110752 0.621754 
1.55 0.2 -0.0984296 0.599706 
1.6 0.2 -0.0827099 0.581095 
1.65 0.2 -0.0641261 0.566284 
1.7 0.2 -0.0433109 0.555581 
1.75 0.2 -0.0209817 0.549223 
1.8 0.2 0.00208348 0.54736 
1.85 0.2 0.0250757 0.550036 
1.9 0.2 0.0471891 0.557186 
1.95 0.2 0.0676545 0.568646 
2 0.2 0.0857683 0.584162 
2.05 0.2 0.100915 0.603416 
2.1 0.2 0.11258 0.626038 
2.15 0.2 0.120358 0.651606 
2.2 0.2 0.123955 0.679634 
2.25 0.2 0.123194 0.709526 
2.3 0.2 0.118021 0.740515 
2.35 0.2 0.108515 0.77159 
2.4 0.2 0.094909 0.801434 
2.45 0.2 0.0776066 0.828429 
2.5 0.2 0.0571919 0.850753 
2.55 0.2 0.0344255 0.86661 
2.6 0.2 0.0102178 0.874553 
2.65 0.2 -0.0144216 0.873798 
2.7 0.2 -0.0384522 0.864424 
2.75 0.2 -0.0608769 0.847343 
2.8 0.2 -0.0808081 0.824087 
2.85 0.2 -0.0975141 0.796479 
2.9 0.2 -0.110442 0.766316 
2.95 0.2 -0.119218 0.735172 
3 0.2 -0.123638 0.704306 
3.05 0.2 -0.123644 0.674684 
3.1 0.2 -0.119315 0.647038 
3.15 0.2 -0.110847 0.621942 
3.2 0.2 -0.0985543 0.599868 
3.25 0.2 -0.0828598 0.581228 
3.3 0.2 -0.0642965 0.566385 
3.35 0.2 -0.0434963 0.555647 
3.4 0.2 -0.0211758 0.549252 
3.45 0.2 0.00188731 0.547351 
3.5 0.2 0.0248843 0.549989 
3.55 0.2 0.0470092 0.557102 
3.6 0.2 0.0674923 0.568526 
3.65 0.2 0.0856297 0.584009 
3.7 0.2 0.100805 0.603232 
3.75 0.2 0.112502 0.625825 
3.8 0.2 0.120316 0.651368 
3.85 0.2 0.123953 0.679375 
3.9 0.2 0.123233 0.709253 
3.95 0.2 0.118101 0.740235 
4 0.2 0.108636 0.771314 
4.05 0.2 0.0950696 0.801179 
4.1 0.2 0.0778034 0.828213 
4.15 0.2 0.0574198 0.850597 
4.2 0.2 0.0346778 0.866538 
4.25 0.2 0.0104862 0.874582 
4.3 0.2 -0.0141464 0.873943 
4.35 0.2 -0.0381803 0.864687 
4.4 0.2 -0.0606185 0.847721 
4.45 0.2 -0.0805733 0.824571 
4.5 0.2 -0.0973133 0.797055 
4.55 0.2 -0.110286 0.766971 
4.6 0.2 -0.119122 0.735891 
4.65 0.2 -0.123618 0.705077 
4.7 0.2 -0.123725 0.675489 
4.75 0.2 -0.119524 0.647855 
4.8 0.2 -0.111217 0.622734 
4.85 0.2 -0.0991139 0.600584 
4.9 0.2 -0.0836153 0.581799 
4.95 0.2 -0.0651903 0.566739 
5 0.2 -0.0443342 0.555771 
0 0.25 -0.0879722 0.4869 
0.05 0.25 -0.0597711 0.473852 
0.1 0.25 -0.0293012 0.465993 
0.15 0.25 0.00224833 0.463602 
0.2 0.25 0.0337004 0.466749 
0.25 0.25 0.063918 0.475327 
0.3 0.25 0.0918359 0.489083 
0.35 0.25 0.116492 0.507654 
0.4 0.25 0.137051 0.5306 
0.45 0.25 0.152824 0.557437 
0.5 0.25 0.163272 0.58764 
0.55 0.25 0.168014 0.620627 
0.6 0.25 0.166828 0.655708 
0.65 0.25 0.15966 0.692001 
0.7 0.25 0.146642 0.728342 
0.75 0.25 0.12811 0.763211 
0.8 0.25 0.104624 0.794727 
0.85 0.25 0.0769821 0.820767 
0.9 0.25 0.0462114 0.839237 
0.95 0.25 0.0135308 0.848449 
1 0.25 -0.0197143 0.847496 
1.05 0.25 -0.0521393 0.836474 
1.1 0.25 -0.0824161 0.816461 
1.15 0.25 -0.109358 0.78925 
1.2 0.25 -0.131978 0.756969 
1.25 0.25 -0.149524 0.721709 
1.3 0.25 -0.161479 0.68529 
1.35 0.25 -0.167547 0.649164 
1.4 0.25 -0.167637 0.614433 
1.45 0.25 -0.161835 0.581937 
1.5 0.25 -0.150398 0.552339 
1.55 0.25 -0.13374 0.526205 
1.6 0.25 -0.112435 0.504047 
1.65 0.25 -0.0872054 0.486337 
1.7 0.25 -0.0589148 0.47349 
1.75 0.25 -0.0285453 0.465839 
1.8 0.25 0.00283517 0.463594 
1.85 0.25 0.0341154 0.466818 
1.9 0.25 0.0641884 0.475421 
1.95 0.25 0.0919991 0.489167 
2 0.25 0.116584 0.507707 
2.05 0.25 0.137105 0.530613 
2.1 0.25 0.152864 0.557406 
2.15 0.25 0.163317 0.587567 
2.2 0.25 0.168076 0.620515 
2.25 0.25 0.166916 0.655563 
2.3 0.25 0.15978 0.691833 
2.35 0.25 0.146796 0.728162 
2.4 0.25 0.128295 0.763034 
2.45 0.25 0.104838 0.794569 
2.5 0.25 0.0772189 0.820647 
2.55 0.25 0.0464632 0.839173 
2.6 0.25 0.0137882 0.848452 
2.65 0.25 -0.0194611 0.847571 
2.7 0.25 -0.0519005 0.836618 
2.75 0.25 -0.0822009 0.816663 
2.8 0.25 -0.109174 0.789497 
2.85 0.25 -0.131833 0.757244 
2.9 0.25 -0.149422 0.721999 
2.95 0.25 -0.161423 0.685582 
3 0.25 -0.167539 0.649448 
3.05 0.25 -0.167676 0.614703 
3.1 0.25 -0.161921 0.582187 
3.15 0.25 -0.150527 0.552563 
3.2 0.25 -0.13391 0.5264 
3.25 0.25 -0.112639 0.504208 
3.3 0.25 -0.0874374 0.486459 
3.35 0.25 -0.0591672 0.473571 
3.4 0.25 -0.0288096 0.465876 
3.45 0.25 0.00256814 0.463585 
3.5 0.25 0.033855 0.466764 
3.55 0.25 0.0639439 0.475321 
3.6 0.25 0.091779 0.489025 
3.65 0.25 0.116397 0.507526 
3.7 0.25 0.136956 0.530396 
3.75 0.25 0.15276 0.557157 
3.8 0.25 0.163262 0.587289 
3.85 0.25 0.168074 0.620214 
3.9 0.25 0.166969 0.655246 
3.95 0.25 0.159889 0.691508 
4 0.25 0.146959 0.727843 
4.05 0.25 0.128512 0.762738 
4.1 0.25 0.105102 0.794319 
4.15 0.25 0.0775239 0.820468 
4.2 0.25 0.0468001 0.839089 
4.25 0.25 0.0141464 0.848486 
4.3 0.25 -0.0190938 0.847736 
4.35 0.25 -0.0515366 0.836918 
4.4 0.25 -0.0818529 0.817093 
4.45 0.25 -0.108854 0.790043 
4.5 0.25 -0.131552 0.757889 
4.55 0.25 -0.149192 0.722725 
4.6 0.25 -0.161256 0.686372 
4.65 0.25 -0.167451 0.650283 
4.7 0.25 -0.167686 0.615562 
4.75 0.25 -0.16205 0.583044 
4.8 0.25 -0.150797 0.553387 
4.85 0.25 -0.134334 0.527144 
4.9 0.25 -0.113205 0.504822 
4.95 0.25 -0.0880744 0.4869 
5 0.25 -0.0596995 0.473852 
0 0.3 -0.108949 0.424601 
0.05 0.3 -0.0738594 0.409709 
0.1 0.3 -0.0360001 0.400719 
0.15 0.3 0.00320064 0.397991 
0.2 0.3 0.0422893 0.401631 
0.25 0.3 0.0798418 0.411504 
0.3 0.3 0.114518 0.427264 
0.35 0.3 0.145107 0.448416 
0.4 0.3 0.170563 0.474374 
0.45 0.3 0.19003 0.504518 
0.5 0.3 0.202847 0.538215 
0.55 0.3 0.208554 0.5748 
0.6 0.3 0.206897 0.613516 
0.65 0.3 0.197833 0.653416 
0.7 0.3 0.181548 0.693254 
0.75 0.3 0.158479 0.731396 
0.8 0.3 0.129336 0.765814 
0.85 0.3 0.0951122 0.794218 
0.9 0.3 0.0570719 0.814349 
0.95 0.3 0.0167057 0.824384 
1 0.3 -0.0243472 0.823345 
1.05 0.3 -0.0644022 0.811336 
1.1 0.3 -0.10184 0.789519 
1.15 0.3 -0.135209 0.759829 
1.2 0.3 -0.163291 0.724561 
1.25 0.3 -0.185146 0.685973 
1.3 0.3 -0.200119 0.646024 
1.35 0.3 -0.20782 0.606272 
1.4 0.3 -0.208109 0.567899 
1.45 0.3 -0.201072 0.531806 
1.5 0.3 -0.187004 0.498726 
1.55 0.3 -0.166406 0.46931 
1.6 0.3 -0.139979 0.444187 
1.65 0.3 -0.10862 0.423966 
1.7 0.3 -0.0734074 0.409212 
1.75 0.3 -0.0355743 0.400387 
1.8 0.3 0.00353414 0.397792 
1.85 0.3 0.0425161 0.401518 
1.9 0.3 0.0799754 0.411435 
1.95 0.3 0.114583 0.427208 
2 0.3 0.145132 0.448351 
2.05 0.3 0.170574 0.474289 
2.1 0.3 0.190046 0.504408 
2.15 0.3 0.202884 0.538077 
2.2 0.3 0.208624 0.574635 
2.25 0.3 0.207006 0.613328 
2.3 0.3 0.197984 0.653212 
2.35 0.3 0.181741 0.693044 
2.4 0.3 0.158713 0.731194 
2.45 0.3 0.129605 0.765638 
2.5 0.3 0.0954089 0.794086 
2.55 0.3 0.0573863 0.814279 
2.6 0.3 0.0170265 0.824388 
2.65 0.3 -0.0240322 0.823429 
2.7 0.3 -0.0641052 0.811495 
2.75 0.3 -0.101573 0.789742 
2.8 0.3 -0.13498 0.760101 
2.85 0.3 -0.16311 0.724865 
2.9 0.3 -0.185019 0.686293 
2.95 0.3 -0.200048 0.646348 
3 0.3 -0.207809 0.606589 
3.05 0.3 -0.208157 0.568201 
3.1 0.3 -0.201178 0.532087 
3.15 0.3 -0.187165 0.49898 
3.2 0.3 -0.166616 0.469533 
3.25 0.3 -0.140233 0.444373 
3.3 0.3 -0.108909 0.424109 
3.35 0.3 -0.0737221 0.409307 
3.4 0.3 -0.0359039 0.400431 
3.45 0.3 0.00320117 0.397783 
3.5 0.3 0.0421916 0.401457 
3.55 0.3 0.0796709 0.411323 
3.6 0.3 0.11431 0.427048 
3.65 0.3 0.144899 0.448148 
3.7 0.3 0.17039 0.474047 
3.75 0.3 0.189918 0.504131 
3.8 0.3 0.202818 0.537771 
3.85 0.3 0.208623 0.574306 
3.9 0.3 0.207072 0.612982 
3.95 0.3 0.198119 0.65286 
4 0.3 0.181943 0.692699 
4.05 0.3 0.158978 0.730876 
4.1 0.3 0.129928 0.765369 
4.15 0.3 0.0957813 0.793895 
4.2 0.3 0.0577971 0.81419 
4.25 0.3 0.0174628 0.824425 
4.3 0.3 -0.0235844 0.823605 
4.35 0.3 -0.0636601 0.811814 
4.4 0.3 -0.101144 0.790195 
4.45 0.3 -0.13458 0.760673 
4.5 0.3 -0.162748 0.725534 
4.55 0.3 -0.184705 0.687039 
4.6 0.3 -0.19979 0.647147 
4.65 0.3 -0.207616 0.60742 
4.7 0.3 -0.208038 0.569042 
4.75 0.3 -0.201142 0.532914 
4.8 0.3 -0.187217 0.499765 
4.85 0.3 -0.166754 0.470245 
4.9 0.3 -0.140429 0.444983 
4.95 0.3 -0.109094 0.424601 
5 0.3 -0.0737597 0.409709 
0 0.35 -0.126702 0.378329 
0.05 0.35 -0.0857343 0.361673 
0.1 0.35 -0.0415651 0.351583 
0.15 0.35 0.00416929 0.348536 
0.2 0.35 0.0497732 0.352679 
0.25 0.35 0.0935701 0.363827 
0.3 0.35 0.133977 0.381497 
0.35 0.35 0.169566 0.405004 
0.4 0.35 0.199114 0.433564 
0.45 0.35 0.221624 0.466376 
0.5 0.35 0.236339 0.502675 
0.55 0.35 0.242748 0.54171 
0.6 0.35 0.24058 0.582677 
0.65 0.35 0.229816 0.624609 
0.7 0.35 0.210703 0.666242 
0.75 0.35 0.183774 0.705924 
0.8 0.35 0.149869 0.741606 
0.85 0.35 0.110147 0.770973 
0.9 0.35 0.066066 0.791743 
0.95 0.35 0.0193324 0.802085 
1 0.35 -0.0281835 0.801014 
1.05 0.35 -0.0745623 0.788634 
1.1 0.35 -0.117956 0.766114 
1.15 0.35 -0.156699 0.735401 
1.2 0.35 -0.189386 0.698812 
1.25 0.35 -0.214918 0.65863 
1.3 0.35 -0.232511 0.616835 
1.35 0.35 -0.241689 0.575001 
1.4 0.35 -0.242257 0.534327 
1.45 0.35 -0.234282 0.49574 
1.5 0.35 -0.218081 0.460023 
1.55 0.35 -0.194214 0.427923 
1.6 0.35 -0.163483 0.400212 
1.65 0.35 -0.12693 0.377686 
1.7 0.35 -0.0858167 0.361112 
1.75 0.35 -0.041598 0.35114 
1.8 0.35 0.00413359 0.348199 
1.85 0.35 0.049715 0.352422 
1.9 0.35 0.0934904 0.363618 
1.95 0.35 0.133887 0.381313 
2 0.35 0.169483 0.404828 
2.05 0.35 0.199052 0.433384 
2.1 0.35 0.221596 0.466188 
2.15 0.35 0.236356 0.502474 
2.2 0.35 0.242815 0.541495 
2.25 0.35 0.240701 0.58245 
2.3 0.35 0.229992 0.624374 
2.35 0.35 0.210932 0.666009 
2.4 0.35 0.18405 0.705707 
2.45 0.35 0.150186 0.74142 
2.5 0.35 0.110496 0.770836 
2.55 0.35 0.066434 0.791673 
2.6 0.35 0.019707 0.802092 
2.65 0.35 -0.0278162 0.801104 
2.7 0.35 -0.0742162 0.788802 
2.75 0.35 -0.117644 0.766348 
2.8 0.35 -0.156433 0.735687 
2.85 0.35 -0.189174 0.699132 
2.9 0.35 -0.214768 0.658968 
2.95 0.35 -0.232428 0.617178 
3 0.35 -0.241675 0.575339 
3.05 0.35 -0.242312 0.534652 
3.1 0.35 -0.234404 0.496045 
3.15 0.35 -0.218267 0.460302 
3.2 0.35 -0.194459 0.428171 
3.25 0.35 -0.16378 0.400421 
3.3 0.35 -0.127268 0.377848 
3.35 0.35 -0.0861847 0.361222 
3.4 0.35 -0.0419837 0.351193 
3.45 0.35 0.003744 0.348192 
3.5 0.35 0.0493356 0.352355 
3.55 0.35 0.0931348 0.363495 
3.6 0.35 0.133568 0.381137 
3.65 0.35 0.169212 0.404606 
3.7 0.35 0.198839 0.433122 
3.75 0.35 0.221449 0.465892 
3.8 0.35 0.23628 0.50215 
3.85 0.35 0.242815 0.54115 
3.9 0.35 0.240779 0.582091 
3.95 0.35 0.230148 0.624012 
4 0.35 0.211164 0.665657 
4.05 0.35 0.184355 0.705383 
4.1 0.35 0.150556 0.741148 
4.15 0.35 0.110921 0.770643 
4.2 0.35 0.0669019 0.791585 
4.25 0.35 0.0202038 0.802131 
4.3 0.35 -0.0273058 0.801281 
4.35 0.35 -0.0737068 0.78912 
4.4 0.35 -0.117149 0.766797 
4.45 0.35 -0.155963 0.736248 
4.5 0.35 -0.188737 0.699782 
4.55 0.35 -0.214367 0.659682 
4.6 0.35 -0.232066 0.617931 
4.65 0.35 -0.24135 0.576109 
4.7 0.35 -0.242021 0.535415 
4.75 0.35 -0.234141 0.49678 
4.8 0.35 -0.21802 0.46099 
4.85 0.35 -0.194208 0.428794 
4.9 0.35 -0.163489 0.40097 
4.95 0.35 -0.12688 0.378329 
5 0.35 -0.0856129 0.361673 
0 0.4 -0.140223 0.344707 
0.05 0.4 -0.0947394 0.326232 
0.1 0.4 -0.0457102 0.314993 
0.15 0.4 0.00506092 0.311617 
0.2 0.4 0.0556815 0.316306 
0.25 0.4 0.104269 0.328797 
0.3 0.4 0.149045 0.348425 
0.35 0.4 0.188409 0.374255 
0.4 0.4 0.221001 0.405236 
0.45 0.4 0.245722 0.440343 
0.5 0.4 0.261755 0.47864 
0.55 0.4 0.268561 0.519278 
0.6 0.4 0.265875 0.561414 
0.65 0.4 0.253713 0.604089 
0.7 0.4 0.232381 0.646084 
0.75 0.4 0.202498 0.685815 
0.8 0.4 0.165011 0.721327 
0.85 0.4 0.1212 0.750415 
0.9 0.4 0.0726636 0.77092 
0.95 0.4 0.0212563 0.781109 
1 0.4 -0.0309971 0.780053 
1.05 0.4 -0.0820206 0.767852 
1.1 0.4 -0.129812 0.745606 
1.15 0.4 -0.172559 0.715157 
1.2 0.4 -0.208719 0.678702 
1.25 0.4 -0.237072 0.638414 
1.3 0.4 -0.256733 0.596184 
1.35 0.4 -0.267143 0.553523 
1.4 0.4 -0.26805 0.511589 
1.45 0.4 -0.259491 0.471311 
1.5 0.4 -0.24178 0.43352 
1.55 0.4 -0.215511 0.399077 
1.6 0.4 -0.181551 0.368933 
1.65 0.4 -0.141047 0.344125 
1.7 0.4 -0.0954056 0.325688 
1.75 0.4 -0.0462588 0.314517 
1.8 0.4 0.0045979 0.311211 
1.85 0.4 0.0552848 0.315957 
1.9 0.4 0.103931 0.328488 
1.95 0.4 0.148764 0.348141 
2 0.4 0.18819 0.373985 
2.05 0.4 0.220847 0.404975 
2.1 0.4 0.245637 0.440085 
2.15 0.4 0.261741 0.478383 
2.2 0.4 0.268618 0.519019 
2.25 0.4 0.266002 0.561155 
2.3 0.4 0.253906 0.603834 
2.35 0.4 0.232636 0.645839 
2.4 0.4 0.202807 0.685592 
2.45 0.4 0.165365 0.721139 
2.5 0.4 0.121588 0.750281 
2.55 0.4 0.0730727 0.770853 
2.6 0.4 0.0216719 0.78112 
2.65 0.4 -0.0305901 0.780146 
2.7 0.4 -0.0816372 0.768022 
2.75 0.4 -0.129467 0.745843 
2.8 0.4 -0.172263 0.715446 
2.85 0.4 -0.208484 0.679026 
2.9 0.4 -0.236905 0.638758 
2.95 0.4 -0.256639 0.596537 
3 0.4 -0.267125 0.553874 
3.05 0.4 -0.268108 0.511931 
3.1 0.4 -0.259624 0.471636 
3.15 0.4 -0.241986 0.433822 
3.2 0.4 -0.215782 0.399348 
3.25 0.4 -0.181879 0.369165 
3.3 0.4 -0.141422 0.344308 
3.35 0.4 -0.095815 0.325814 
3.4 0.4 -0.0466879 0.314579 
3.45 0.4 0.00416439 0.311206 
3.5 0.4 0.0548628 0.315884 
3.55 0.4 0.103536 0.328352 
3.6 0.4 0.148411 0.347949 
3.65 0.4 0.187891 0.373745 
3.7 0.4 0.220612 0.404695 
3.75 0.4 0.245475 0.439775 
3.8 0.4 0.261659 0.478048 
3.85 0.4 0.268619 0.518668 
3.9 0.4 0.266088 0.560794 
3.95 0.4 0.254077 0.603473 
4 0.4 0.23289 0.645492 
4.05 0.4 0.203139 0.685276 
4.1 0.4 0.165766 0.720877 
4.15 0.4 0.122048 0.750097 
4.2 0.4 0.0735777 0.770771 
4.25 0.4 0.0222075 0.781158 
4.3 0.4 -0.0300391 0.780316 
4.35 0.4 -0.0810851 0.768323 
4.4 0.4 -0.128925 0.746262 
4.45 0.4 -0.171741 0.715965 
4.5 0.4 -0.207983 0.67962 
4.55 0.4 -0.236425 0.639399 
4.6 0.4 -0.256172 0.597199 
4.65 0.4 -0.266659 0.554532 
4.7 0.4 -0.267627 0.512564 
4.75 0.4 -0.259105 0.472227 
4.8 0.4 -0.241401 0.434358 
4.85 0.4 -0.215099 0.399826 
4.9 0.4 -0.181061 0.369591 
4.95 0.4 -0.140425 0.344707 
5 0.4 -0.094602 0.326232 
0 0.45 -0.148802 0.319739 
0.05 0.45 -0.100417 0.299368 
0.1 0.45 -0.0482459 0.286917 
0.15 0.45 0.00578917 0.283201 
0.2 0.45 0.0596546 0.288479 
0.25 0.45 0.11132 0.302395 
0.3 0.45 0.158869 0.324063 
0.35 0.45 0.200584 0.352248 
0.4 0.45 0.235015 0.385589 
0.45 0.45 0.261009 0.422789 
0.5 0.45 0.277721 0.462713 
0.55 0.45 0.284613 0.504394 
0.6 0.45 0.281443 0.546949 
0.65 0.45 0.268271 0.589445 
0.7 0.45 0.245459 0.630745 
0.75 0.45 0.213693 0.669404 
0.8 0.45 0.173992 0.703651 
0.85 0.45 0.127714 0.73151 
0.9 0.45 0.0765342 0.751049 
0.95 0.45 0.0223813 0.760728 
1 0.45 -0.0326469 0.759725 
1.05 0.45 -0.0864023 0.748127 
1.1 0.45 -0.13681 0.72691 
1.15 0.45 -0.181981 0.697713 
1.2 0.45 -0.220297 0.662498 
1.25 0.45 -0.250461 0.623221 
1.3 0.45 -0.271515 0.581593 
1.35 0.45 -0.282832 0.538998 
1.4 0.45 -0.284107 0.496521 
1.45 0.45 -0.275335 0.455077 
1.5 0.45 -0.25681 0.415553 
1.55 0.45 -0.229127 0.378943 
1.6 0.45 -0.193183 0.346413 
1.65 0.45 -0.150188 0.319285 
1.7 0.45 -0.10164 0.29891 
1.75 0.45 -0.0492965 0.286475 
1.8 0.45 0.00490108 0.282782 
1.85 0.45 0.0589146 0.288082 
1.9 0.45 0.110716 0.302017 
1.95 0.45 0.158389 0.323701 
2 0.45 0.200221 0.351901 
2.05 0.45 0.234763 0.385257 
2.1 0.45 0.26086 0.422471 
2.15 0.45 0.27767 0.462408 
2.2 0.45 0.284653 0.5041 
2.25 0.45 0.281568 0.546668 
2.3 0.45 0.268473 0.589177 
2.35 0.45 0.24573 0.630496 
2.4 0.45 0.214022 0.669183 
2.45 0.45 0.17437 0.703471 
2.5 0.45 0.128128 0.731383 
2.55 0.45 0.0769694 0.750989 
2.6 0.45 0.0228227 0.760744 
2.65 0.45 -0.0322151 0.759819 
2.7 0.45 -0.0859958 0.748296 
2.75 0.45 -0.136443 0.727143 
2.8 0.45 -0.181667 0.697997 
2.85 0.45 -0.220047 0.662819 
2.9 0.45 -0.250282 0.623565 
2.95 0.45 -0.271412 0.581949 
3 0.45 -0.28281 0.539356 
3.05 0.45 -0.284166 0.496875 
3.1 0.45 -0.275475 0.45542 
3.15 0.45 -0.257027 0.415876 
3.2 0.45 -0.229414 0.379237 
3.25 0.45 -0.193532 0.346668 
3.3 0.45 -0.150587 0.319489 
3.35 0.45 -0.102076 0.299051 
3.4 0.45 -0.0497542 0.286546 
3.45 0.45 0.00443881 0.282778 
3.5 0.45 0.0584649 0.288003 
3.55 0.45 0.110295 0.301869 
3.6 0.45 0.158013 0.323493 
3.65 0.45 0.199904 0.351643 
3.7 0.45 0.234514 0.384962 
3.75 0.45 0.26069 0.422149 
3.8 0.45 0.277584 0.462067 
3.85 0.45 0.284655 0.503748 
3.9 0.45 0.28166 0.546312 
3.95 0.45 0.268653 0.588827 
4 0.45 0.245995 0.630164 
4.05 0.45 0.214367 0.668885 
4.1 0.45 0.174785 0.703226 
4.15 0.45 0.128603 0.731214 
4.2 0.45 0.0774897 0.750914 
4.25 0.45 0.0233739 0.760779 
4.3 0.45 -0.0316476 0.759972 
4.35 0.45 -0.0854248 0.748563 
4.4 0.45 -0.135879 0.727513 
4.45 0.45 -0.181113 0.698448 
4.5 0.45 -0.219502 0.663325 
4.55 0.45 -0.249739 0.624099 
4.6 0.45 -0.270855 0.582483 
4.65 0.45 -0.282215 0.539865 
4.7 0.45 -0.283503 0.497338 
4.75 0.45 -0.274709 0.455822 
4.8 0.45 -0.256117 0.416213 
4.85 0.45 -0.228319 0.379515 
4.9 0.45 -0.192215 0.346912 
4.95 0.45 -0.149021 0.319739 
5 0.45 -0.100269 0.299368 
0 0.5 -0.151996 0.299714 
0.05 0.5 -0.102482 0.277477 
0.1 0.5 -0.0490616 0.263826 
0.15 0.5 0.00628217 0.259779 
0.2 0.5 0.061441 0.265652 
0.25 0.5 0.114305 0.280992 
0.3 0.5 0.162886 0.304673 
0.35 0.5 0.205411 0.335144 
0.4 0.5 0.240395 0.370719 
0.45 0.5 0.266674 0.409811 
0.5 0.5 0.283414 0.451074 
0.55 0.5 0.290101 0.493412 
0.6 0.5 0.286533 0.535895 
0.65 0.5 0.272811 0.577617 
0.7 0.5 0.249347 0.617545 
0.75 0.5 0.216868 0.654412 
0.8 0.5 0.176432 0.686694 
0.85 0.5 0.129421 0.712712 
0.9 0.5 0.0775212 0.730836 
0.95 0.5 0.0226626 0.739779 
1 0.5 -0.0330664 0.738853 
1.05 0.5 -0.0875294 0.72813 
1.1 0.5 -0.138659 0.708426 
1.15 0.5 -0.184565 0.681113 
1.2 0.5 -0.223612 0.647849 
1.25 0.5 -0.254477 0.610298 
1.3 0.5 -0.276162 0.569937 
1.35 0.5 -0.287995 0.527984 
1.4 0.5 -0.289624 0.485438 
1.45 0.5 -0.280999 0.443196 
1.5 0.5 -0.262377 0.40221 
1.55 0.5 -0.234326 0.36362 
1.6 0.5 -0.197741 0.328822 
1.65 0.5 -0.153842 0.299438 
1.7 0.5 -0.104169 0.277152 
1.75 0.5 -0.050539 0.263461 
1.8 0.5 0.00502585 0.259383 
1.85 0.5 0.0603985 0.265236 
1.9 0.5 0.113462 0.280565 
1.95 0.5 0.162225 0.304246 
2 0.5 0.204916 0.334729 
2.05 0.5 0.24005 0.370323 
2.1 0.5 0.266465 0.409439 
2.15 0.5 0.283326 0.450727 
2.2 0.5 0.290122 0.493089 
2.25 0.5 0.286651 0.535596 
2.3 0.5 0.273015 0.577343 
2.35 0.5 0.249624 0.617298 
2.4 0.5 0.217207 0.654199 
2.45 0.5 0.17682 0.686526 
2.5 0.5 0.129845 0.712597 
2.55 0.5 0.0779664 0.730786 
2.6 0.5 0.0231133 0.7398 
2.65 0.5 -0.032626 0.738947 
2.7 0.5 -0.0871149 0.728294 
2.75 0.5 -0.138285 0.708651 
2.8 0.5 -0.184244 0.681388 
2.85 0.5 -0.223355 0.648162 
2.9 0.5 -0.254292 0.610636 
2.95 0.5 -0.276055 0.570291 
3 0.5 -0.287971 0.528346 
3.05 0.5 -0.289683 0.485801 
3.1 0.5 -0.28114 0.443553 
3.15 0.5 -0.262596 0.402552 
3.2 0.5 -0.234619 0.363936 
3.25 0.5 -0.198097 0.3291 
3.3 0.5 -0.154251 0.299662 
3.35 0.5 -0.104616 0.27731 
3.4 0.5 -0.0510085 0.263541 
3.45 0.5 0.00455163 0.259379 
3.5 0.5 0.0599374 0.265149 
3.55 0.5 0.113032 0.280403 
3.6 0.5 0.161841 0.304021 
3.65 0.5 0.204592 0.334455 
3.7 0.5 0.239798 0.370013 
3.75 0.5 0.266293 0.409106 
3.8 0.5 0.28324 0.450382 
3.85 0.5 0.290125 0.49274 
3.9 0.5 0.286743 0.53525 
3.95 0.5 0.273196 0.577009 
4 0.5 0.24989 0.616987 
4.05 0.5 0.217551 0.653925 
4.1 0.5 0.177233 0.686303 
4.15 0.5 0.130315 0.712444 
4.2 0.5 0.0784801 0.730719 
4.25 0.5 0.0236568 0.739829 
4.3 0.5 -0.0320662 0.739076 
4.35 0.5 -0.0865498 0.728517 
4.4 0.5 -0.137722 0.708955 
4.45 0.5 -0.183683 0.681752 
4.5 0.5 -0.222791 0.648559 
4.55 0.5 -0.253711 0.611039 
4.6 0.5 -0.275432 0.570671 
4.65 0.5 -0.287274 0.528677 
4.7 0.5 -0.288872 0.486063 
4.75 0.5 -0.28017 0.443733 
4.8 0.5 -0.261417 0.402651 
4.85 0.5 -0.233183 0.363973 
4.9 0.5 -0.19637 0.329113 
4.95 0.5 -0.152223 0.299714 
5 0.5 -0.102329 0.277477 
0 0.55 -0.149604 0.281598 
0.05 0.55 -0.100806 0.257746 
0.1 0.55 -0.0481174 0.243053 
0.15 0.55 0.00648784 0.238725 
0.2 0.55 0.0608991 0.245133 
0.25 0.55 0.113003 0.261726 
0.3 0.55 0.160812 0.28716 
0.35 0.55 0.202564 0.319593 
0.4 0.55 0.236797 0.357036 
0.45 0.55 0.262381 0.397642 
0.5 0.55 0.278523 0.439866 
0.55 0.55 0.284756 0.482486 
0.6 0.55 0.280924 0.524522 
0.65 0.55 0.267168 0.565094 
0.7 0.55 0.243931 0.60327 
0.75 0.55 0.211955 0.637974 
0.8 0.55 0.172294 0.66795 
0.85 0.55 0.126305 0.691841 
0.9 0.55 0.0756204 0.708348 
0.95 0.55 0.0220999 0.716452 
1 0.55 -0.0322541 0.715613 
1.05 0.55 -0.0853954 0.705888 
1.1 0.55 -0.135341 0.687917 
1.15 0.55 -0.180266 0.662788 
1.2 0.55 -0.218586 0.631824 
1.25 0.55 -0.248997 0.596373 
1.3 0.55 -0.2705 0.557658 
1.35 0.55 -0.282407 0.516724 
1.4 0.55 -0.284328 0.474481 
1.45 0.55 -0.276173 0.431818 
1.5 0.55 -0.258151 0.38975 
1.55 0.55 -0.230785 0.349557 
1.6 0.55 -0.194925 0.312851 
1.65 0.55 -0.151762 0.281527 
1.7 0.55 -0.102816 0.257579 
1.75 0.55 -0.049899 0.242787 
1.8 0.55 0.00496337 0.23837 
1.85 0.55 0.0596324 0.244709 
1.9 0.55 0.111981 0.261259 
1.95 0.55 0.160014 0.286676 
2 0.55 0.201969 0.319115 
2.05 0.55 0.236382 0.356582 
2.1 0.55 0.262125 0.397221 
2.15 0.55 0.278405 0.439481 
2.2 0.55 0.284759 0.482139 
2.25 0.55 0.281031 0.524211 
2.3 0.55 0.267365 0.564817 
2.35 0.55 0.244204 0.603031 
2.4 0.55 0.21229 0.637775 
2.45 0.55 0.172678 0.667797 
2.5 0.55 0.126723 0.691741 
2.55 0.55 0.0760588 0.70831 
2.6 0.55 0.022543 0.71648 
2.65 0.55 -0.0318216 0.715707 
2.7 0.55 -0.0849885 0.706046 
2.75 0.55 -0.134973 0.688132 
2.8 0.55 -0.179951 0.663051 
2.85 0.55 -0.218333 0.632125 
2.9 0.55 -0.248813 0.596702 
2.95 0.55 -0.270393 0.558008 
3 0.55 -0.28238 0.517087 
3.05 0.55 -0.284383 0.474851 
3.1 0.55 -0.276309 0.432186 
3.15 0.55 -0.258366 0.390108 
3.2 0.55 -0.231071 0.349892 
3.25 0.55 -0.195275 0.313148 
3.3 0.55 -0.152165 0.28177 
3.35 0.55 -0.103258 0.257751 
3.4 0.55 -0.0503628 0.242875 
3.45 0.55 0.00449486 0.238367 
3.5 0.55 0.0591772 0.244616 
3.55 0.55 0.111556 0.261085 
3.6 0.55 0.159636 0.286436 
3.65 0.55 0.201651 0.318826 
3.7 0.55 0.236135 0.35626 
3.75 0.55 0.261957 0.396881 
3.8 0.55 0.278321 0.439134 
3.85 0.55 0.284762 0.481794 
3.9 0.55 0.281121 0.523877 
3.95 0.55 0.267541 0.564501 
4 0.55 0.24446 0.602741 
4.05 0.55 0.21262 0.637523 
4.1 0.55 0.173072 0.667596 
4.15 0.55 0.12717 0.691604 
4.2 0.55 0.0765456 0.708246 
4.25 0.55 0.0230571 0.716497 
4.3 0.55 -0.0312923 0.715806 
4.35 0.55 -0.0844528 0.706217 
4.4 0.55 -0.134435 0.688361 
4.45 0.55 -0.179409 0.663317 
4.5 0.55 -0.217777 0.632401 
4.55 0.55 -0.248224 0.596961 
4.6 0.55 -0.269741 0.558219 
4.65 0.55 -0.281626 0.517226 
4.7 0.55 -0.28348 0.474895 
4.75 0.55 -0.275205 0.432126 
4.8 0.55 -0.257005 0.389949 
4.85 0.55 -0.229405 0.349664 
4.9 0.55 -0.193273 0.312907 
4.95 0.55 -0.14983 0.281598 
5 0.55 -0.100655 0.257746 
0 0.6 -0.141683 0.263083 
0.05 0.6 -0.0954314 0.238152 
0.1 0.6 -0.0454457 0.22276 
0.15 0.6 0.00637788 0.218253 
0.2 0.6 0.0580064 0.225044 
0.25 0.6 0.107404 0.242507 
0.3 0.6 0.152659 0.269127 
0.35 0.6 0.192089 0.302841 
0.4 0.6 0.224311 0.341432 
0.45 0.6 0.24827 0.382857 
0.5 0.6 0.263244 0.425417 
0.55 0.6 0.268826 0.467795 
0.6 0.6 0.264908 0.508966 
0.65 0.6 0.251662 0.548068 
0.7 0.6 0.22954 0.584266 
0.75 0.6 0.199269 0.616657 
0.8 0.6 0.161856 0.644239 
0.85 0.6 0.11858 0.665959 
0.9 0.6 0.0709648 0.680833 
0.95 0.6 0.0207331 0.688095 
1 0.6 -0.030267 0.687344 
1.05 0.6 -0.0801489 0.678621 
1.1 0.6 -0.127081 0.662403 
1.15 0.6 -0.169372 0.639508 
1.2 0.6 -0.205539 0.610943 
1.25 0.6 -0.23435 0.577756 
1.3 0.6 -0.254847 0.540931 
1.35 0.6 -0.266352 0.501353 
1.4 0.6 -0.268461 0.459852 
1.45 0.6 -0.261048 0.417311 
1.5 0.6 -0.244272 0.374801 
1.55 0.6 -0.218592 0.33371 
1.6 0.6 -0.184788 0.295815 
1.65 0.6 -0.143973 0.263218 
1.7 0.6 -0.097592 0.238147 
1.75 0.6 -0.0473787 0.222598 
1.8 0.6 0.00471369 0.217946 
1.85 0.6 0.0566192 0.224621 
1.9 0.6 0.106283 0.242008 
1.95 0.6 0.151785 0.268593 
2 0.6 0.191438 0.302308 
2.05 0.6 0.223857 0.340927 
2.1 0.6 0.247987 0.382393 
2.15 0.6 0.263108 0.425002 
2.2 0.6 0.268815 0.467429 
2.25 0.6 0.265003 0.508647 
2.3 0.6 0.251847 0.547794 
2.35 0.6 0.229799 0.584036 
2.4 0.6 0.199587 0.616472 
2.45 0.6 0.162221 0.644102 
2.5 0.6 0.118977 0.665875 
2.55 0.6 0.0713799 0.680806 
2.6 0.6 0.0211519 0.688129 
2.65 0.6 -0.0298586 0.687438 
2.7 0.6 -0.0797648 0.678773 
2.75 0.6 -0.126734 0.662608 
2.8 0.6 -0.169073 0.639758 
2.85 0.6 -0.205298 0.611231 
2.9 0.6 -0.234175 0.578075 
2.95 0.6 -0.254745 0.541274 
3 0.6 -0.266325 0.501713 
3.05 0.6 -0.268511 0.460224 
3.1 0.6 -0.261175 0.417686 
3.15 0.6 -0.244473 0.375168 
3.2 0.6 -0.218862 0.334057 
3.25 0.6 -0.185119 0.296125 
3.3 0.6 -0.144355 0.263473 
3.35 0.6 -0.0980111 0.238327 
3.4 0.6 -0.0478192 0.222691 
3.45 0.6 0.0042686 0.217943 
3.5 0.6 0.0561869 0.224524 
3.55 0.6 0.105881 0.241827 
3.6 0.6 0.151427 0.268344 
3.65 0.6 0.191138 0.30201 
3.7 0.6 0.223624 0.340598 
3.75 0.6 0.247829 0.38205 
3.8 0.6 0.263029 0.424657 
3.85 0.6 0.268818 0.467092 
3.9 0.6 0.265087 0.508326 
3.95 0.6 0.25201 0.547496 
4 0.6 0.230035 0.583768 
4.05 0.6 0.199891 0.616243 
4.1 0.6 0.162581 0.64392 
4.15 0.6 0.119384 0.66575 
4.2 0.6 0.0718224 0.680743 
4.25 0.6 0.0216179 0.688131 
4.3 0.6 -0.0293795 0.687502 
4.35 0.6 -0.0792794 0.678888 
4.4 0.6 -0.126244 0.662759 
4.45 0.6 -0.168575 0.639924 
4.5 0.6 -0.204778 0.611385 
4.55 0.6 -0.23361 0.578188 
4.6 0.6 -0.254103 0.541317 
4.65 0.6 -0.265564 0.50166 
4.7 0.6 -0.267581 0.460054 
4.75 0.6 -0.260021 0.417391 
4.8 0.6 -0.243039 0.37476 
4.85 0.6 -0.2171 0.333574 
4.9 0.6 -0.183003 0.295638 
4.95 0.6 -0.141897 0.263083 
5 0.6 -0.0952872 0.238152 
0 0.65 -0.128566 0.242492 
0.05 0.65 -0.0865803 0.217314 
0.1 0.65 -0.0411592 0.201748 
0.15 0.65 0.00595073 0.197216 
0.2 0.65 0.0528731 0.204148 
0.25 0.65 0.0977296 0.221876 
0.3 0.65 0.138762 0.248796 
0.35 0.65 0.174434 0.282729 
0.4 0.65 0.20349 0.321346 
0.45 0.65 0.224991 0.362504 
0.5 0.65 0.238304 0.404433 
0.55 0.65 0.243095 0.445762 
0.6 0.65 0.239298 0.485448 
0.65 0.65 0.227102 0.522651 
0.7 0.65 0.206943 0.556617 
0.75 0.65 0.179501 0.586589 
0.8 0.65 0.145695 0.611778 
0.85 0.65 0.10668 0.631392 
0.9 0.65 0.0638181 0.644709 
0.95 0.65 0.01864 0.651176 
1 0.65 -0.0272178 0.650507 
1.05 0.65 -0.0720864 0.642732 
1.1 0.65 -0.114343 0.628191 
1.15 0.65 -0.152483 0.607474 
1.2 0.65 -0.185179 0.581322 
1.25 0.65 -0.211317 0.550531 
1.3 0.65 -0.230017 0.515882 
1.35 0.65 -0.240643 0.478125 
1.4 0.65 -0.242801 0.438023 
1.45 0.65 -0.236342 0.396444 
1.5 0.65 -0.221376 0.354488 
1.55 0.65 -0.198289 0.313599 
1.6 0.65 -0.167765 0.275635 
1.65 0.65 -0.130801 0.242804 
1.7 0.65 -0.0887091 0.217449 
1.75 0.65 -0.0430796 0.201682 
1.8 0.65 0.0042868 0.196958 
1.85 0.65 0.0514803 0.203735 
1.9 0.65 0.0966024 0.22136 
1.95 0.65 0.137883 0.24823 
2 0.65 0.173779 0.282159 
2.05 0.65 0.203033 0.320805 
2.1 0.65 0.224704 0.362012 
2.15 0.65 0.238163 0.403997 
2.2 0.65 0.243076 0.445385 
2.25 0.65 0.239381 0.485127 
2.3 0.65 0.227269 0.522383 
2.35 0.65 0.20718 0.556399 
2.4 0.65 0.179792 0.58642 
2.45 0.65 0.146028 0.611659 
2.5 0.65 0.107041 0.631324 
2.55 0.65 0.0641945 0.644694 
2.6 0.65 0.0190192 0.651216 
2.65 0.65 -0.0268485 0.650602 
2.7 0.65 -0.0717391 0.642878 
2.75 0.65 -0.114029 0.628386 
2.8 0.65 -0.152213 0.607711 
2.85 0.65 -0.184961 0.581597 
2.9 0.65 -0.211158 0.550837 
2.95 0.65 -0.229923 0.516213 
3 0.65 -0.240617 0.478476 
3.05 0.65 -0.242844 0.438388 
3.1 0.65 -0.236456 0.396816 
3.15 0.65 -0.221558 0.354855 
3.2 0.65 -0.198534 0.313948 
3.25 0.65 -0.168065 0.275949 
3.3 0.65 -0.131148 0.243062 
3.35 0.65 -0.0890899 0.217632 
3.4 0.65 -0.0434803 0.201776 
3.45 0.65 0.0038819 0.196955 
3.5 0.65 0.0510873 0.203637 
3.55 0.65 0.0962367 0.221177 
3.6 0.65 0.137559 0.247979 
3.65 0.65 0.173507 0.28186 
3.7 0.65 0.202823 0.320478 
3.75 0.65 0.224562 0.361674 
3.8 0.65 0.238093 0.403661 
3.85 0.65 0.243079 0.44506 
3.9 0.65 0.239456 0.484822 
3.95 0.65 0.227414 0.522104 
4 0.65 0.207389 0.556151 
4.05 0.65 0.180059 0.58621 
4.1 0.65 0.146344 0.611492 
4.15 0.65 0.107396 0.631206 
4.2 0.65 0.0645789 0.644627 
4.25 0.65 0.0194224 0.651199 
4.3 0.65 -0.0264349 0.650629 
4.35 0.65 -0.0713203 0.642939 
4.4 0.65 -0.113605 0.628463 
4.45 0.65 -0.151778 0.607783 
4.5 0.65 -0.1845 0.581637 
4.55 0.65 -0.210648 0.550818 
4.6 0.65 -0.229331 0.516105 
4.65 0.65 -0.239901 0.478254 
4.7 0.65 -0.241955 0.438032 
4.75 0.65 -0.235339 0.396321 
4.8 0.65 -0.220162 0.354236 
4.85 0.65 -0.196816 0.313253 
4.9 0.65 -0.166004 0.275259 
4.95 0.65 -0.128759 0.242492 
5 0.65 -0.0864508 0.217314 
0 0.7 -0.110911 0.218679 
0.05 0.7 -0.0746891 0.194326 
0.1 0.7 -0.0354643 0.179264 
0.15 0.7 0.00523378 0.174899 
0.2 0.7 0.0457602 0.181656 
0.25 0.7 0.0844697 0.198865 
0.3 0.7 0.119828 0.224932 
0.35 0.7 0.1505 0.257696 
0.4 0.7 0.175409 0.294853 
0.45 0.7 0.193755 0.334286 
0.5 0.7 0.205018 0.374245 
0.55 0.7 0.208933 0.413376 
0.6 0.7 0.205471 0.450655 
0.65 0.7 0.194821 0.48528 
0.7 0.7 0.177377 0.516568 
0.75 0.7 0.15374 0.543881 
0.8 0.7 0.124707 0.566597 
0.85 0.7 0.091267 0.584123 
0.9 0.7 0.0545789 0.595937 
0.95 0.7 0.0159375 0.601649 
1 0.7 -0.0232767 0.601059 
1.05 0.7 -0.0616572 0.594187 
1.1 0.7 -0.0978347 0.581271 
1.15 0.7 -0.130535 0.562727 
1.2 0.7 -0.158628 0.539096 
1.25 0.7 -0.181156 0.510977 
1.3 0.7 -0.197355 0.478992 
1.35 0.7 -0.206661 0.443782 
1.4 0.7 -0.208712 0.406047 
1.45 0.7 -0.203354 0.366622 
1.5 0.7 -0.190656 0.326588 
1.55 0.7 -0.170923 0.287377 
1.6 0.7 -0.144725 0.250824 
1.65 0.7 -0.112911 0.219112 
1.7 0.7 -0.0766141 0.194564 
1.75 0.7 -0.037217 0.179274 
1.8 0.7 0.00370403 0.17469 
1.85 0.7 0.0444733 0.181267 
1.9 0.7 0.0834255 0.198355 
1.95 0.7 0.119013 0.22436 
2 0.7 0.149893 0.257116 
2.05 0.7 0.174985 0.294302 
2.1 0.7 0.19349 0.333787 
2.15 0.7 0.204886 0.373807 
2.2 0.7 0.208912 0.413002 
2.25 0.7 0.205542 0.450343 
2.3 0.7 0.194966 0.485025 
2.35 0.7 0.177583 0.516366 
2.4 0.7 0.153993 0.543729 
2.45 0.7 0.124995 0.566495 
2.5 0.7 0.0915789 0.58407 
2.55 0.7 0.0549035 0.595933 
2.6 0.7 0.0162638 0.601694 
2.65 0.7 -0.0229593 0.601152 
2.7 0.7 -0.0613589 0.594326 
2.75 0.7 -0.097565 0.581453 
2.8 0.7 -0.130303 0.562949 
2.85 0.7 -0.15844 0.539353 
2.9 0.7 -0.181018 0.511264 
2.95 0.7 -0.197273 0.479305 
3 0.7 -0.206637 0.444117 
3.05 0.7 -0.208748 0.406397 
3.1 0.7 -0.203451 0.366979 
3.15 0.7 -0.190811 0.326942 
3.2 0.7 -0.171132 0.287714 
3.25 0.7 -0.144983 0.251127 
3.3 0.7 -0.11321 0.219363 
3.35 0.7 -0.076943 0.194742 
3.4 0.7 -0.0375632 0.179366 
3.45 0.7 0.00335411 0.174687 
3.5 0.7 0.0441338 0.181172 
3.55 0.7 0.0831099 0.198177 
3.6 0.7 0.118733 0.224118 
3.65 0.7 0.14966 0.256828 
3.7 0.7 0.174805 0.293989 
3.75 0.7 0.193368 0.333464 
3.8 0.7 0.204826 0.373489 
3.85 0.7 0.208915 0.412698 
3.9 0.7 0.205606 0.450059 
3.95 0.7 0.195089 0.484767 
4 0.7 0.177759 0.516139 
4.05 0.7 0.154217 0.543538 
4.1 0.7 0.125259 0.566342 
4.15 0.7 0.0918734 0.583958 
4.2 0.7 0.0552203 0.595862 
4.25 0.7 0.0165946 0.60166 
4.3 0.7 -0.0226214 0.601147 
4.35 0.7 -0.0610176 0.594339 
4.4 0.7 -0.0972194 0.581466 
4.45 0.7 -0.129946 0.562942 
4.5 0.7 -0.158058 0.5393 
4.55 0.7 -0.180589 0.511139 
4.6 0.7 -0.196765 0.47908 
4.65 0.7 -0.206012 0.443767 
4.7 0.7 -0.20796 0.405906 
4.75 0.7 -0.202453 0.366344 
4.8 0.7 -0.189557 0.326184 
4.85 0.7 -0.169587 0.286883 
4.9 0.7 -0.143131 0.25031 
4.95 0.7 -0.11107 0.218679 
5 0.7 -0.0745818 0.194326 
0 0.75 -0.08974 0.190971 
0.05 0.75 -0.0604396 0.16865 
0.1 0.75 -0.0286787 0.154848 
0.15 0.75 0.00428446 0.150864 
0.2 0.75 0.0370987 0.157087 
0.25 0.75 0.0684152 0.172896 
0.3 0.75 0.0969799 0.196808 
0.35 0.75 0.121709 0.226822 
0.4 0.75 0.141733 0.260806 
0.45 0.75 0.15642 0.296796 
0.5 0.75 0.165365 0.333166 
0.55 0.75 0.168373 0.368655 
0.6 0.75 0.165441 0.402307 
0.65 0.75 0.15674 0.433383 
0.7 0.75 0.142602 0.461276 
0.75 0.75 0.123519 0.48545 
0.8 0.75 0.10014 0.505411 
0.85 0.75 0.0732567 0.520711 
0.9 0.75 0.0437959 0.530971 
0.95 0.75 0.0127861 0.535916 
1 0.75 -0.0186776 0.535405 
1.05 0.75 -0.0494807 0.529453 
1.1 0.75 -0.0785366 0.518225 
1.15 0.75 -0.104832 0.502017 
1.2 0.75 -0.127464 0.481223 
1.25 0.75 -0.145661 0.456299 
1.3 0.75 -0.158803 0.427744 
1.35 0.75 -0.166425 0.396103 
1.4 0.75 -0.16822 0.362003 
1.45 0.75 -0.164044 0.326216 
1.5 0.75 -0.153932 0.289753 
1.55 0.75 -0.138113 0.253948 
1.6 0.75 -0.11703 0.220507 
1.65 0.75 -0.0913613 0.191454 
1.7 0.75 -0.0620206 0.168941 
1.75 0.75 -0.0301364 0.154909 
1.8 0.75 0.00299974 0.150701 
1.85 0.75 0.0360112 0.156739 
1.9 0.75 0.06753 0.17242 
1.95 0.75 0.0962888 0.196266 
2 0.75 0.121195 0.226268 
2.05 0.75 0.141376 0.260279 
2.1 0.75 0.156197 0.296319 
2.15 0.75 0.165254 0.332752 
2.2 0.75 0.168356 0.368304 
2.25 0.75 0.1655 0.402017 
2.3 0.75 0.15686 0.43315 
2.35 0.75 0.142771 0.461095 
2.4 0.75 0.123726 0.485318 
2.45 0.75 0.100374 0.505325 
2.5 0.75 0.0735096 0.52067 
2.55 0.75 0.0440582 0.530975 
2.6 0.75 0.0130494 0.535963 
2.65 0.75 -0.0184219 0.535494 
2.7 0.75 -0.0492405 0.529582 
2.75 0.75 -0.0783194 0.518391 
2.8 0.75 -0.104645 0.502219 
2.85 0.75 -0.127312 0.481456 
2.9 0.75 -0.145549 0.45656 
2.95 0.75 -0.158736 0.428029 
3 0.75 -0.166405 0.396408 
3.05 0.75 -0.168248 0.362323 
3.1 0.75 -0.164121 0.326543 
3.15 0.75 -0.154056 0.290078 
3.2 0.75 -0.138282 0.254257 
3.25 0.75 -0.117238 0.220785 
3.3 0.75 -0.0916029 0.191684 
3.35 0.75 -0.0622867 0.169105 
3.4 0.75 -0.0304168 0.154994 
3.45 0.75 0.00271633 0.150699 
3.5 0.75 0.0357364 0.156652 
3.55 0.75 0.0672747 0.172257 
3.6 0.75 0.0960629 0.196044 
3.65 0.75 0.121006 0.226005 
3.7 0.75 0.141231 0.259993 
3.75 0.75 0.1561 0.296026 
3.8 0.75 0.165206 0.332463 
3.85 0.75 0.168358 0.368029 
3.9 0.75 0.165551 0.401762 
3.95 0.75 0.156956 0.432919 
4 0.75 0.142909 0.460893 
4.05 0.75 0.123901 0.485147 
4.1 0.75 0.10058 0.505188 
4.15 0.75 0.0737383 0.520566 
4.2 0.75 0.044303 0.530901 
4.25 0.75 0.0133033 0.535916 
4.3 0.75 -0.0181639 0.535465 
4.35 0.75 -0.0489812 0.529558 
4.4 0.75 -0.0780575 0.518358 
4.45 0.75 -0.104374 0.502155 
4.5 0.75 -0.127019 0.48134 
4.55 0.75 -0.145216 0.456367 
4.6 0.75 -0.158335 0.427734 
4.65 0.75 -0.165904 0.395989 
4.7 0.75 -0.167608 0.361767 
4.75 0.75 -0.163303 0.325852 
4.8 0.75 -0.153025 0.289272 
4.85 0.75 -0.13701 0.25339 
4.9 0.75 -0.115719 0.219939 
4.95 0.75 -0.0898541 0.190971 
5 0.75 -0.0603626 0.16865 
0 0.8 -0.0665034 0.159148 
0.05 0.8 -0.0447975 0.140042 
0.1 0.8 -0.0212499 0.128237 
0.15 0.8 0.00318988 0.124841 
0.2 0.8 0.0275086 0.130182 
0.25 0.8 0.0506965 0.143724 
0.3 0.8 0.0718175 0.1642 
0.35 0.8 0.0900662 0.189897 
0.4 0.8 0.104804 0.218984 
0.45 0.8 0.115571 0.249774 
0.5 0.8 0.12208 0.28086 
0.55 0.8 0.124202 0.311145 
0.6 0.8 0.121948 0.339794 
0.65 0.8 0.115455 0.366167 
0.7 0.8 0.104977 0.389747 
0.75 0.8 0.0908814 0.410093 
0.8 0.8 0.0736476 0.42682 
0.85 0.8 0.0538588 0.439589 
0.9 0.8 0.0321917 0.448123 
0.95 0.8 0.00939676 0.452228 
1 0.8 -0.0137287 0.451804 
1.05 0.8 -0.0363733 0.446861 
1.1 0.8 -0.0577457 0.437516 
1.15 0.8 -0.0771066 0.423979 
1.2 0.8 -0.0937944 0.406539 
1.25 0.8 -0.107243 0.385542 
1.3 0.8 -0.116992 0.361382 
1.35 0.8 -0.122693 0.33451 
1.4 0.8 -0.124108 0.305462 
1.45 0.8 -0.121123 0.27491 
1.5 0.8 -0.113747 0.243736 
1.55 0.8 -0.102135 0.213099 
1.6 0.8 -0.0866048 0.184475 
1.65 0.8 -0.0676497 0.159606 
1.7 0.8 -0.0459448 0.140334 
1.75 0.8 -0.0223312 0.128325 
1.8 0.8 0.00222307 0.124723 
1.85 0.8 0.0266836 0.129891 
1.9 0.8 0.0500228 0.143313 
1.95 0.8 0.0712915 0.163725 
2 0.8 0.0896762 0.189408 
2.05 0.8 0.104534 0.218518 
2.1 0.8 0.115404 0.249353 
2.15 0.8 0.121999 0.280495 
2.2 0.8 0.124192 0.310838 
2.25 0.8 0.121995 0.339543 
2.3 0.8 0.115547 0.365967 
2.35 0.8 0.105104 0.389594 
2.4 0.8 0.091036 0.409984 
2.45 0.8 0.0738222 0.426752 
2.5 0.8 0.0540465 0.43956 
2.55 0.8 0.0323859 0.448132 
2.6 0.8 0.00959119 0.452273 
2.65 0.8 -0.0135401 0.451884 
2.7 0.8 -0.0361963 0.446975 
2.75 0.8 -0.0575857 0.437661 
2.8 0.8 -0.0769684 0.424153 
2.85 0.8 -0.0936823 0.40674 
2.9 0.8 -0.10716 0.385767 
2.95 0.8 -0.116942 0.361627 
3 0.8 -0.122677 0.334773 
3.05 0.8 -0.124128 0.305737 
3.1 0.8 -0.121179 0.275191 
3.15 0.8 -0.113838 0.244015 
3.2 0.8 -0.102259 0.213365 
3.25 0.8 -0.0867587 0.184715 
3.3 0.8 -0.0678284 0.159803 
3.35 0.8 -0.0461419 0.140475 
3.4 0.8 -0.022539 0.128397 
3.45 0.8 0.00201304 0.124721 
3.5 0.8 0.02648 0.129816 
3.55 0.8 0.0498339 0.143173 
3.6 0.8 0.0711246 0.163535 
3.65 0.8 0.0895373 0.189183 
3.7 0.8 0.104428 0.218274 
3.75 0.8 0.115332 0.249103 
3.8 0.8 0.121964 0.280249 
3.85 0.8 0.124193 0.310603 
3.9 0.8 0.122032 0.339326 
3.95 0.8 0.115617 0.365771 
4 0.8 0.105204 0.389423 
4.05 0.8 0.0911622 0.409839 
4.1 0.8 0.0739694 0.426633 
4.15 0.8 0.0542093 0.439467 
4.2 0.8 0.032559 0.448062 
4.25 0.8 0.00976951 0.452221 
4.3 0.8 -0.0133604 0.451842 
4.35 0.8 -0.036017 0.446931 
4.4 0.8 -0.0574056 0.437602 
4.45 0.8 -0.0767825 0.424062 
4.5 0.8 -0.0934806 0.406596 
4.55 0.8 -0.106928 0.38555 
4.6 0.8 -0.116658 0.361317 
4.65 0.8 -0.122316 0.334351 
4.7 0.8 -0.123662 0.305194 
4.75 0.8 -0.120578 0.274531 
4.8 0.8 -0.113077 0.24326 
4.85 0.8 -0.101322 0.212564 
4.9 0.8 -0.0856459 0.18394 
4.95 0.8 -0.0665607 0.159148 
5 0.8 -0.0447586 0.140042 
0 0.85 -0.0431316 0.123416 
0.05 0.85 -0.0290515 0.10851 
0.1 0.85 -0.0137778 0.0993149 
0.15 0.85 0.00206488 0.0966768 
0.2 0.85 0.0178173 0.100844 
0.25 0.85 0.0328221 0.111402 
0.3 0.85 0.0464698 0.127374 
0.35 0.85 0.0582385 0.147434 
0.4 0.85 0.0677183 0.17016 
0.45 0.85 0.0746181 0.194232 
0.5 0.85 0.0787613 0.218543 
0.55 0.85 0.080073 0.242219 
0.6 0.85 0.0785683 0.264597 
0.65 0.85 0.0743416 0.285166 
0.7 0.85 0.067561 0.303518 
0.75 0.85 0.0584655 0.319315 
0.8 0.85 0.0473634 0.33227 
0.85 0.85 0.0346287 0.342136 
0.9 0.85 0.0206944 0.348718 
0.95 0.85 0.00603998 0.351879 
1 0.85 -0.0088255 0.351553 
1.05 0.85 -0.023384 0.347745 
1.1 0.85 -0.0371304 0.340535 
1.15 0.85 -0.049592 0.330071 
1.2 0.85 -0.0603455 0.316557 
1.25 0.85 -0.0690276 0.300246 
1.3 0.85 -0.0753414 0.281433 
1.35 0.85 -0.0790595 0.260467 
1.4 0.85 -0.0800252 0.237771 
1.45 0.85 -0.0781564 0.213882 
1.5 0.85 -0.0734519 0.189502 
1.55 0.85 -0.0660027 0.165553 
1.6 0.85 -0.0560055 0.143194 
1.65 0.85 -0.0437738 0.123786 
1.7 0.85 -0.029743 0.108761 
1.75 0.85 -0.0144605 0.0994037 
1.8 0.85 0.00143967 0.0965987 
1.85 0.85 0.0172783 0.100624 
1.9 0.85 0.0323807 0.111082 
1.95 0.85 0.0461257 0.127 
2 0.85 0.0579848 0.147046 
2.05 0.85 0.0675442 0.169789 
2.1 0.85 0.0745119 0.193896 
2.15 0.85 0.0787113 0.218251 
2.2 0.85 0.0800689 0.241975 
2.25 0.85 0.0786009 0.264398 
2.3 0.85 0.0744032 0.285008 
2.35 0.85 0.0676452 0.303399 
2.4 0.85 0.0585669 0.319232 
2.45 0.85 0.0474771 0.332219 
2.5 0.85 0.0347504 0.342116 
2.55 0.85 0.0208199 0.348728 
2.6 0.85 0.00616544 0.351917 
2.65 0.85 -0.00870396 0.351618 
2.7 0.85 -0.0232701 0.347835 
2.75 0.85 -0.0370273 0.34065 
2.8 0.85 -0.049503 0.330209 
2.85 0.85 -0.0602732 0.316716 
2.9 0.85 -0.0689742 0.300423 
2.95 0.85 -0.0753089 0.281626 
3 0.85 -0.079049 0.260674 
3.05 0.85 -0.0800377 0.237988 
3.1 0.85 -0.078192 0.214103 
3.15 0.85 -0.0735102 0.189721 
3.2 0.85 -0.0660826 0.165762 
3.25 0.85 -0.0561047 0.143381 
3.3 0.85 -0.0438892 0.12394 
3.35 0.85 -0.0298705 0.108871 
3.4 0.85 -0.014595 0.0994603 
3.45 0.85 0.00130367 0.0965974 
3.5 0.85 0.0171465 0.100566 
3.55 0.85 0.0322585 0.110974 
3.6 0.85 0.046018 0.126852 
3.65 0.85 0.0578952 0.146871 
3.7 0.85 0.0674757 0.169598 
3.75 0.85 0.0744661 0.1937 
3.8 0.85 0.078689 0.218058 
3.85 0.85 0.08007 0.241791 
3.9 0.85 0.0786245 0.264228 
3.95 0.85 0.0744479 0.284856 
4 0.85 0.0677087 0.303265 
4.05 0.85 0.0586464 0.319118 
4.1 0.85 0.0475694 0.332125 
4.15 0.85 0.034852 0.34204 
4.2 0.85 0.0209272 0.348668 
4.25 0.85 0.00627492 0.351869 
4.3 0.85 -0.00859475 0.351575 
4.35 0.85 -0.0231623 0.347788 
4.4 0.85 -0.0369202 0.340587 
4.45 0.85 -0.0493931 0.330116 
4.5 0.85 -0.060154 0.316579 
4.55 0.85 -0.0688356 0.300225 
4.6 0.85 -0.075137 0.281352 
4.65 0.85 -0.0788269 0.26031 
4.7 0.85 -0.0797463 0.237529 
4.75 0.85 -0.0778125 0.213554 
4.8 0.85 -0.0730273 0.189103 
4.85 0.85 -0.0654901 0.165113 
4.9 0.85 -0.055411 0.142761 
4.95 0.85 -0.0431204 0.123416 
5 0.85 -0.0290587 0.10851 
0 0.9 -0.0221032 0.0843575 
0.05 0.9 -0.01486 0.0742883 
0.1 0.9 -0.00704012 0.068094 
0.15 0.9 0.00104841 0.0663214 
0.2 0.9 0.00907933 0.0691304 
0.25 0.9 0.0167196 0.0762473 
0.3 0.9 0.0236581 0.0870258 
0.35 0.9 0.0296289 0.100586 
0.4 0.9 0.0344254 0.115975 
0.45 0.9 0.0379034 0.132301 
0.5 0.9 0.0399779 0.148809 
0.55 0.9 0.040616 0.164898 
0.6 0.9 0.039829 0.180105 
0.65 0.9 0.0376677 0.194076 
0.7 0.9 0.0342186 0.20653 
0.75 0.9 0.029603 0.217238 
0.8 0.9 0.0239763 0.226007 
0.85 0.9 0.0175272 0.232677 
0.9 0.9 0.0104734 0.237123 
0.95 0.9 0.00305662 0.239257 
1 0.9 -0.00446659 0.239036 
1.05 0.9 -0.0118351 0.236466 
1.1 0.9 -0.0187943 0.231595 
1.15 0.9 -0.0251061 0.224519 
1.2 0.9 -0.0305574 0.215369 
1.25 0.9 -0.034965 0.20431 
1.3 0.9 -0.0381792 0.19154 
1.35 0.9 -0.0400841 0.177297 
1.4 0.9 -0.0405988 0.161872 
1.45 0.9 -0.0396786 0.14564 
1.5 0.9 -0.0373186 0.129088 
1.55 0.9 -0.03356 0.11285 
1.6 0.9 -0.028498 0.0977156 
1.65 0.9 -0.0222886 0.0846028 
1.7 0.9 -0.0151522 0.0744686 
1.75 0.9 -0.0073691 0.0681656 
1.8 0.9 0.000733706 0.0662774 
1.85 0.9 0.00880463 0.0689871 
1.9 0.9 0.0164946 0.0760333 
1.95 0.9 0.0234836 0.0867726 
2 0.9 0.0295013 0.100321 
2.05 0.9 0.0343389 0.11572 
2.1 0.9 0.0378518 0.132071 
2.15 0.9 0.039955 0.148609 
2.2 0.9 0.0406162 0.16473 
2.25 0.9 0.0398476 0.179968 
2.3 0.9 0.0377006 0.193969 
2.35 0.9 0.0342626 0.20645 
2.4 0.9 0.0296553 0.217182 
2.45 0.9 0.0240346 0.225974 
2.5 0.9 0.0175892 0.232665 
2.55 0.9 0.0105372 0.237131 
2.6 0.9 0.00312026 0.239284 
2.65 0.9 -0.00440502 0.239082 
2.7 0.9 -0.0117774 0.236528 
2.75 0.9 -0.0187422 0.231674 
2.8 0.9 -0.0250611 0.224614 
2.85 0.9 -0.0305207 0.215477 
2.9 0.9 -0.0349379 0.204431 
2.95 0.9 -0.0381625 0.191672 
3 0.9 -0.0400786 0.177438 
3.05 0.9 -0.0406049 0.16202 
3.1 0.9 -0.0396964 0.145791 
3.15 0.9 -0.037348 0.129237 
3.2 0.9 -0.0336004 0.112992 
3.25 0.9 -0.0285483 0.0978425 
3.3 0.9 -0.0223473 0.0847073 
3.35 0.9 -0.0152171 0.0745429 
3.4 0.9 -0.00743761 0.0682039 
3.45 0.9 0.000664421 0.0662767 
3.5 0.9 0.00873752 0.0689481 
3.55 0.9 0.0164325 0.0759604 
3.6 0.9 0.0234289 0.0866728 
3.65 0.9 0.029456 0.100203 
3.7 0.9 0.0343043 0.115591 
3.75 0.9 0.0378288 0.131938 
3.8 0.9 0.0399439 0.148478 
3.85 0.9 0.0406168 0.164605 
3.9 0.9 0.0398595 0.179853 
3.95 0.9 0.037723 0.193865 
4 0.9 0.0342943 0.206358 
4.05 0.9 0.0296949 0.217104 
4.1 0.9 0.0240804 0.225909 
4.15 0.9 0.0176393 0.232612 
4.2 0.9 0.0105896 0.237088 
4.25 0.9 0.00317323 0.239247 
4.3 0.9 -0.00435285 0.239047 
4.35 0.9 -0.0117267 0.23649 
4.4 0.9 -0.0186926 0.231624 
4.45 0.9 -0.0250109 0.224542 
4.5 0.9 -0.0304666 0.215374 
4.55 0.9 -0.0348745 0.204284 
4.6 0.9 -0.0380827 0.191472 
4.65 0.9 -0.0399734 0.177177 
4.7 0.9 -0.0404643 0.161695 
4.75 0.9 -0.0395106 0.145407 
4.8 0.9 -0.0371099 0.12881 
4.85 0.9 -0.03331 0.11255 
4.9 0.9 -0.0282187 0.0974259 
4.95 0.9 -0.022012 0.0843575 
5 0.9 -0.0149212 0.0742883 
0 0.95 -0.00652998 0.0428513 
0.05 0.95 -0.00430866 0.0378467 
0.1 0.95 -0.00202795 0.0347837 
0.15 0.95 0.000299816 0.0339095 
0.2 0.95 0.00260329 0.0352993 
0.25 0.95 0.00479126 0.0388221 
0.3 0.95 0.00677449 0.0441663 
0.35 0.95 0.00847676 0.0509047 
0.4 0.95 0.00983968 0.0585706 
0.45 0.95 0.0108236 0.0667223 
0.5 0.95 0.011406 0.0749802 
0.55 0.95 0.0115794 0.0830397 
0.6 0.95 0.0113482 0.0906642 
0.65 0.95 0.0107275 0.0976712 
0.7 0.95 0.00974216 0.103917 
0.75 0.95 0.00842644 0.109286 
0.8 0.95 0.00682411 0.11368 
0.85 0.95 0.00498832 0.117021 
0.9 0.95 0.00298074 0.119246 
0.95 0.95 0.000869916 0.120314 
1 0.95 -0.0012712 0.120204 
1.05 0.95 -0.00336833 0.118917 
1.1 0.95 -0.00534908 0.116479 
1.15 0.95 -0.00714595 0.112934 
1.2 0.95 -0.00869865 0.108348 
1.25 0.95 -0.0099556 0.102803 
1.3 0.95 -0.0108746 0.0963984 
1.35 0.95 -0.0114228 0.0892549 
1.4 0.95 -0.011577 0.0815226 
1.45 0.95 -0.0113235 0.0733931 
1.5 0.95 -0.0106597 0.0651161 
1.55 0.95 -0.00959536 0.0570123 
1.6 0.95 -0.00815583 0.0494773 
1.65 0.95 -0.00638426 0.0429648 
1.7 0.95 -0.00434309 0.0379428 
1.75 0.95 -0.00211312 0.0348246 
1.8 0.95 0.000210407 0.0338913 
1.85 0.95 0.00252459 0.0352308 
1.9 0.95 0.00472733 0.0387176 
1.95 0.95 0.00672554 0.0440414 
2 0.95 0.00844153 0.0507733 
2.05 0.95 0.00981633 0.0584435 
2.1 0.95 0.0108102 0.0666064 
2.15 0.95 0.0114007 0.0748792 
2.2 0.95 0.0115804 0.0829547 
2.25 0.95 0.0113542 0.090595 
2.3 0.95 0.0107375 0.0976169 
2.35 0.95 0.00975513 0.103877 
2.4 0.95 0.00844163 0.109257 
2.45 0.95 0.00684089 0.113663 
2.5 0.95 0.00500609 0.117015 
2.55 0.95 0.00299896 0.119251 
2.6 0.95 0.00088804 0.120328 
2.65 0.95 -0.00125369 0.120227 
2.7 0.95 -0.00335193 0.118949 
2.75 0.95 -0.00533427 0.116519 
2.8 0.95 -0.00713315 0.112982 
2.85 0.95 -0.00868823 0.108403 
2.9 0.95 -0.00994788 0.102864 
2.95 0.95 -0.0108698 0.0964649 
3 0.95 -0.0114212 0.0893259 
3.05 0.95 -0.0115786 0.0815967 
3.1 0.95 -0.0113285 0.0734686 
3.15 0.95 -0.010668 0.0651907 
3.2 0.95 -0.00960682 0.0570829 
3.25 0.95 -0.00817015 0.0495405 
3.3 0.95 -0.006401 0.0430167 
3.35 0.95 -0.00436164 0.0379797 
3.4 0.95 -0.00213275 0.0348436 
3.45 0.95 0.000190548 0.033891 
3.5 0.95 0.00250537 0.0352116 
3.55 0.95 0.00470956 0.0386815 
3.6 0.95 0.00670993 0.0439919 
3.65 0.95 0.00842863 0.0507144 
3.7 0.95 0.00980653 0.0583791 
3.75 0.95 0.0108037 0.06654 
3.8 0.95 0.0113976 0.0748136 
3.85 0.95 0.0115807 0.0828922 
3.9 0.95 0.0113577 0.090537 
3.95 0.95 0.0107438 0.0975645 
4 0.95 0.0097641 0.10383 
4.05 0.95 0.00845278 0.109218 
4.1 0.95 0.00685371 0.11363 
4.15 0.95 0.00502002 0.116988 
4.2 0.95 0.00301341 0.119228 
4.25 0.95 0.00090248 0.120309 
4.3 0.95 -0.0012397 0.120208 
4.35 0.95 -0.00333863 0.118928 
4.4 0.95 -0.0053216 0.116491 
4.45 0.95 -0.00712066 0.112943 
4.5 0.95 -0.00867498 0.108348 
4.55 0.95 -0.00993233 0.102787 
4.6 0.95 -0.0108498 0.0963615 
4.65 0.95 -0.0113942 0.0891921 
4.7 0.95 -0.0115415 0.0814314 
4.75 0.95 -0.0112783 0.0732748 
4.8 0.95 -0.0106025 0.0649771 
4.85 0.95 -0.00952717 0.056865 
4.9 0.95 -0.00808624 0.0493391 
4.95 0.95 -0.00634714 0.0428513 
5 0.95 -0.00443233 0.0378467 
0 1 0 0 
0.05 1 0 0 
0.1 1 0 0 
0.15 1 0 0 
0.2 1 0 0 
0.25 1 0 0 
0.3 1 0 0 
0.35 1 0 0 
0.4 1 0 0 
0.45 1 0 0 
0.5 1 0 0 
0.55 1 0 0 
0.6 1 0 0 
0.65 1 0 0 
0.7 1 0 0 
0.75 1 0 0 
0.8 1 0 0 
0.85 1 0 0 
0.9 1 0 0 
0.95 1 0 0 
1 1 0 0 
1.05 1 0 0 
1.1 1 0 0 
1.15 1 0 0 
1.2 1 0 0 
1.25 1 0 0 
1.3 1 0 0 
1.35 1 0 0 
1.4 1 0 0 
1.45 1 0 0 
1.5 1 0 0 
1.55 1 0 0 
1.6 1 0 0 
1.65 1 0 0 
1.7 1 0 0 
1.75 1 0 0 
1.8 1 0 0 
1.85 1 0 0 
1.9 1 0 0 
1.95 1 0 0 
2 1 0 0 
2.05 1 0 0 
2.1 1 0 0 
2.15 1 0 0 
2.2 1 0 0 
2.25 1 0 0 
2.3 1 0 0 
2.35 1 0 0 
2.4 1 0 0 
2.45 1 0 0 
2.5 1 0 0 
2.55 1 0 0 
2.6 1 0 0 
2.65 1 0 0 
2.7 1 0 0 
2.75 1 0 0 
2.8 1 0 0 
2.85 1 0 0 
2.9 1 0 0 
2.95 1 0 0 
3 1 0 0 
3.05 1 0 0 
3.1 1 0 0 
3.15 1 0 0 
3.2 1 0 0 
3.25 1 0 0 
3.3 1 0 0 
3.35 1 0 0 
3.4 1 0 0 
3.45 1 0 0 
3.5 1 0 0 
3.55 1 0 0 
3.6 1 0 0 
3.65 1 0 0 
3.7 1 0 0 
3.75 1 0 0 
3.8 1 0 0 
3.85 1 0 0 
3.9 1 0 0 
3.95 1 0 0 
4 1 0 0 
4.05 1 0 0 
4.1 1 0 0 
4.15 1 0 0 
4.2 1 0 0 
4.25 1 0 0 
4.3 1 0 0 
4.35 1 0 0 
4.4 1 0 0 
4.45 1 0 0 
4.5 1 0 0 
4.55 1 0 0 
4.6 1 0 0 
4.65 1 0 0 
4.7 1 0 0 
4.75 1 0 0 
4.8 1 0 0 
4.85 1 0 0 
4.9 1 0 0 
4.95 1 0 0 
5 1 0 0 
