x, y, ksi, T
#iter= 1770000
0 0 0 1 
0.05 0 0 1 
0.1 0 0 1 
0.15 0 0 1 
0.2 0 0 1 
0.25 0 0 1 
0.3 0 0 1 
0.35 0 0 1 
0.4 0 0 1 
0.45 0 0 1 
0.5 0 0 1 
0.55 0 0 1 
0.6 0 0 1 
0.65 0 0 1 
0.7 0 0 1 
0.75 0 0 1 
0.8 0 0 1 
0.85 0 0 1 
0.9 0 0 1 
0.95 0 0 1 
1 0 0 1 
1.05 0 0 1 
1.1 0 0 1 
1.15 0 0 1 
1.2 0 0 1 
1.25 0 0 1 
1.3 0 0 1 
1.35 0 0 1 
1.4 0 0 1 
1.45 0 0 1 
1.5 0 0 1 
1.55 0 0 1 
1.6 0 0 1 
1.65 0 0 1 
1.7 0 0 1 
1.75 0 0 1 
1.8 0 0 1 
1.85 0 0 1 
1.9 0 0 1 
1.95 0 0 1 
2 0 0 1 
2.05 0 0 1 
2.1 0 0 1 
2.15 0 0 1 
2.2 0 0 1 
2.25 0 0 1 
2.3 0 0 1 
2.35 0 0 1 
2.4 0 0 1 
2.45 0 0 1 
2.5 0 0 1 
2.55 0 0 1 
2.6 0 0 1 
2.65 0 0 1 
2.7 0 0 1 
2.75 0 0 1 
2.8 0 0 1 
2.85 0 0 1 
2.9 0 0 1 
2.95 0 0 1 
3 0 0 1 
3.05 0 0 1 
3.1 0 0 1 
3.15 0 0 1 
3.2 0 0 1 
3.25 0 0 1 
3.3 0 0 1 
3.35 0 0 1 
3.4 0 0 1 
3.45 0 0 1 
3.5 0 0 1 
3.55 0 0 1 
3.6 0 0 1 
3.65 0 0 1 
3.7 0 0 1 
3.75 0 0 1 
3.8 0 0 1 
3.85 0 0 1 
3.9 0 0 1 
3.95 0 0 1 
4 0 0 1 
4.05 0 0 1 
4.1 0 0 1 
4.15 0 0 1 
4.2 0 0 1 
4.25 0 0 1 
4.3 0 0 1 
4.35 0 0 1 
4.4 0 0 1 
4.45 0 0 1 
4.5 0 0 1 
4.55 0 0 1 
4.6 0 0 1 
4.65 0 0 1 
4.7 0 0 1 
4.75 0 0 1 
4.8 0 0 1 
4.85 0 0 1 
4.9 0 0 1 
4.95 0 0 1 
5 0 0 1 
0 0.05 -0.00642918 0.884637 
0.05 0.05 -0.00433253 0.88165 
0.1 0.05 -0.0021455 0.879914 
0.15 0.05 6.58874e-05 0.879406 
0.2 0.05 0.00224363 0.880109 
0.25 0.05 0.00432386 0.881994 
0.3 0.05 0.00624198 0.885016 
0.35 0.05 0.00793743 0.889117 
0.4 0.05 0.00935651 0.894219 
0.45 0.05 0.010454 0.90023 
0.5 0.05 0.0111935 0.907041 
0.55 0.05 0.0115478 0.914517 
0.6 0.05 0.0114991 0.922488 
0.65 0.05 0.0110392 0.930738 
0.7 0.05 0.0101719 0.938981 
0.75 0.05 0.00891448 0.946859 
0.8 0.05 0.00730114 0.953943 
0.85 0.05 0.00538474 0.959765 
0.9 0.05 0.0032373 0.963877 
0.95 0.05 0.000947616 0.96592 
1 0.05 -0.00138421 0.965707 
1.05 0.05 -0.00365457 0.963258 
1.1 0.05 -0.00576497 0.958799 
1.15 0.05 -0.00762944 0.952708 
1.2 0.05 -0.00917951 0.945445 
1.25 0.05 -0.010366 0.937474 
1.3 0.05 -0.0111582 0.929213 
1.35 0.05 -0.0115416 0.921006 
1.4 0.05 -0.0115152 0.913124 
1.45 0.05 -0.0110894 0.905775 
1.5 0.05 -0.0102844 0.899122 
1.55 0.05 -0.00912997 0.893293 
1.6 0.05 -0.00766539 0.888393 
1.65 0.05 -0.00593928 0.88451 
1.7 0.05 -0.0040093 0.881716 
1.75 0.05 -0.00194087 0.880061 
1.8 0.05 0.000194852 0.879577 
1.85 0.05 0.00232382 0.880274 
1.9 0.05 0.00437229 0.882139 
1.95 0.05 0.00626996 0.885135 
2 0.05 0.00795268 0.889207 
2.05 0.05 0.00936438 0.894282 
2.1 0.05 0.0104581 0.900269 
2.15 0.05 0.0111963 0.907058 
2.2 0.05 0.011551 0.914516 
2.25 0.05 0.0115037 0.922474 
2.3 0.05 0.0110459 0.930713 
2.35 0.05 0.0101809 0.93895 
2.4 0.05 0.00892583 0.946825 
2.45 0.05 0.00731468 0.953912 
2.5 0.05 0.00540009 0.959742 
2.55 0.05 0.00325391 0.963864 
2.6 0.05 0.000964817 0.965922 
2.65 0.05 -0.00136717 0.965724 
2.7 0.05 -0.00363845 0.96329 
2.75 0.05 -0.00575046 0.958843 
2.8 0.05 -0.00761714 0.952762 
2.85 0.05 -0.00916986 0.945505 
2.9 0.05 -0.0103593 0.937538 
2.95 0.05 -0.0111546 0.929277 
3 0.05 -0.0115412 0.921069 
3.05 0.05 -0.011518 0.913183 
3.1 0.05 -0.0110953 0.90583 
3.15 0.05 -0.0102932 0.899171 
3.2 0.05 -0.0091415 0.893334 
3.25 0.05 -0.00767923 0.888427 
3.3 0.05 -0.005955 0.884536 
3.35 0.05 -0.0040264 0.881732 
3.4 0.05 -0.00195879 0.880067 
3.45 0.05 0.000176723 0.879574 
3.5 0.05 0.00230611 0.880261 
3.55 0.05 0.0043556 0.882116 
3.6 0.05 0.00625487 0.885102 
3.65 0.05 0.00793973 0.889166 
3.7 0.05 0.00935401 0.894232 
3.75 0.05 0.0104507 0.900211 
3.8 0.05 0.0111923 0.906994 
3.85 0.05 0.0115506 0.914446 
3.9 0.05 0.0115071 0.9224 
3.95 0.05 0.0110532 0.930637 
4 0.05 0.0101921 0.938876 
4.05 0.05 0.00894097 0.946757 
4.1 0.05 0.00733344 0.953855 
4.15 0.05 0.00542202 0.959702 
4.2 0.05 0.00327836 0.963847 
4.25 0.05 0.000990958 0.965932 
4.3 0.05 -0.00134032 0.965766 
4.35 0.05 -0.00361195 0.963364 
4.4 0.05 -0.00572541 0.958949 
4.45 0.05 -0.00759469 0.952899 
4.5 0.05 -0.00915125 0.94567 
4.55 0.05 -0.010346 0.937727 
4.6 0.05 -0.0111487 0.929489 
4.65 0.05 -0.0115456 0.9213 
4.7 0.05 -0.0115371 0.91343 
4.75 0.05 -0.0111356 0.906087 
4.8 0.05 -0.0103649 0.899428 
4.85 0.05 -0.00925994 0.893576 
4.9 0.05 -0.00786864 0.888623 
4.95 0.05 -0.00625076 0.884637 
5 0.05 -0.00445402 0.88165 
0 0.1 -0.0216906 0.770609 
0.05 0.1 -0.01483 0.764744 
0.1 0.1 -0.00737729 0.761267 
0.15 0.1 0.000297789 0.760233 
0.2 0.1 0.00791011 0.761624 
0.25 0.1 0.0152019 0.765381 
0.3 0.1 0.0219328 0.771411 
0.35 0.1 0.0278837 0.77959 
0.4 0.1 0.0328622 0.789764 
0.45 0.1 0.0367064 0.801748 
0.5 0.1 0.0392868 0.815325 
0.55 0.1 0.0405078 0.830231 
0.6 0.1 0.040308 0.846138 
0.65 0.1 0.0386634 0.86262 
0.7 0.1 0.0355922 0.879119 
0.75 0.1 0.0311623 0.894922 
0.8 0.1 0.0254992 0.909169 
0.85 0.1 0.0187915 0.920906 
0.9 0.1 0.011291 0.929209 
0.95 0.1 0.00330387 0.933342 
1 0.1 -0.00482715 0.932911 
1.05 0.1 -0.0127483 0.927959 
1.1 0.1 -0.020122 0.918954 
1.15 0.1 -0.0266512 0.90668 
1.2 0.1 -0.0320957 0.892081 
1.25 0.1 -0.0362793 0.876098 
1.3 0.1 -0.0390882 0.859568 
1.35 0.1 -0.0404649 0.843174 
1.4 0.1 -0.0404006 0.827447 
1.45 0.1 -0.0389277 0.812794 
1.5 0.1 -0.036116 0.799529 
1.55 0.1 -0.0320704 0.787904 
1.6 0.1 -0.02693 0.778129 
1.65 0.1 -0.0208675 0.77038 
1.7 0.1 -0.014087 0.764799 
1.75 0.1 -0.0068194 0.761493 
1.8 0.1 0.000684737 0.760527 
1.85 0.1 0.00816515 0.76192 
1.9 0.1 0.0153625 0.765644 
1.95 0.1 0.0220293 0.771627 
2 0.1 0.0279389 0.779754 
2.05 0.1 0.0328928 0.789878 
2.1 0.1 0.0367241 0.801816 
2.15 0.1 0.0393 0.815352 
2.2 0.1 0.0405219 0.830225 
2.25 0.1 0.0403267 0.846105 
2.3 0.1 0.0386888 0.862567 
2.35 0.1 0.0356253 0.879054 
2.4 0.1 0.0312034 0.894854 
2.45 0.1 0.0255476 0.909105 
2.5 0.1 0.0188459 0.920857 
2.55 0.1 0.0113495 0.929183 
2.6 0.1 0.00336429 0.933345 
2.65 0.1 -0.00476742 0.932945 
2.7 0.1 -0.0126918 0.928022 
2.75 0.1 -0.0200711 0.919043 
2.8 0.1 -0.026608 0.906789 
2.85 0.1 -0.0320618 0.892203 
2.9 0.1 -0.0362557 0.876226 
2.95 0.1 -0.0390756 0.859697 
3 0.1 -0.0404637 0.8433 
3.05 0.1 -0.0404106 0.827566 
3.1 0.1 -0.0389486 0.812904 
3.15 0.1 -0.0361473 0.799626 
3.2 0.1 -0.032111 0.787988 
3.25 0.1 -0.0269787 0.778197 
3.3 0.1 -0.0209228 0.770431 
3.35 0.1 -0.0141471 0.764832 
3.4 0.1 -0.00688242 0.761506 
3.45 0.1 0.000621011 0.760521 
3.5 0.1 0.00810291 0.761894 
3.55 0.1 0.0153039 0.765598 
3.6 0.1 0.0219764 0.771562 
3.65 0.1 0.0278935 0.779672 
3.7 0.1 0.0328566 0.789778 
3.75 0.1 0.0366985 0.801701 
3.8 0.1 0.0392862 0.815224 
3.85 0.1 0.0405208 0.830085 
3.9 0.1 0.040339 0.845957 
3.95 0.1 0.0387149 0.862416 
4 0.1 0.0356653 0.878906 
4.05 0.1 0.0312567 0.894716 
4.1 0.1 0.0256134 0.90899 
4.15 0.1 0.0189225 0.920775 
4.2 0.1 0.0114347 0.929146 
4.25 0.1 0.00345512 0.933363 
4.3 0.1 -0.00467426 0.933026 
4.35 0.1 -0.0125999 0.928169 
4.4 0.1 -0.0199844 0.919253 
4.45 0.1 -0.0265303 0.90706 
4.5 0.1 -0.0319975 0.892528 
4.55 0.1 -0.0362099 0.8766 
4.6 0.1 -0.039055 0.860113 
4.65 0.1 -0.0404776 0.843753 
4.7 0.1 -0.0404724 0.82805 
4.75 0.1 -0.0390774 0.813405 
4.8 0.1 -0.0363691 0.800125 
4.85 0.1 -0.0324592 0.788448 
4.9 0.1 -0.0274875 0.77856 
4.95 0.1 -0.0216014 0.770609 
5 0.1 -0.0148887 0.764744 
0 0.15 -0.0422562 0.662726 
0.05 0.15 -0.0288536 0.654165 
0.1 0.15 -0.0143009 0.649043 
0.15 0.15 0.000747926 0.6475 
0.2 0.15 0.015719 0.649539 
0.25 0.15 0.0300837 0.655079 
0.3 0.15 0.043353 0.663982 
0.35 0.15 0.0550846 0.676054 
0.4 0.15 0.064892 0.691057 
0.45 0.15 0.0724516 0.708712 
0.5 0.15 0.0775065 0.728696 
0.55 0.15 0.0798689 0.750626 
0.6 0.15 0.079422 0.774029 
0.65 0.15 0.0761253 0.79829 
0.7 0.15 0.070024 0.822604 
0.75 0.15 0.0612615 0.845929 
0.8 0.15 0.0500929 0.866994 
0.85 0.15 0.0368938 0.88438 
0.9 0.15 0.0221582 0.896699 
0.95 0.15 0.00648182 0.902837 
1 0.15 -0.00947263 0.902196 
1.05 0.15 -0.0250216 0.894842 
1.1 0.15 -0.0395118 0.881485 
1.15 0.15 -0.0523647 0.863309 
1.2 0.15 -0.0631078 0.841728 
1.25 0.15 -0.0713888 0.818143 
1.3 0.15 -0.0769752 0.793787 
1.35 0.15 -0.0797441 0.769655 
1.4 0.15 -0.0796686 0.746514 
1.45 0.15 -0.0768064 0.724949 
1.5 0.15 -0.0712908 0.705413 
1.55 0.15 -0.0633273 0.688274 
1.6 0.15 -0.0531908 0.673844 
1.65 0.15 -0.041224 0.662389 
1.7 0.15 -0.0278323 0.65413 
1.75 0.15 -0.0134742 0.649233 
1.8 0.15 0.0013532 0.647801 
1.85 0.15 0.0161336 0.649865 
1.9 0.15 0.0303524 0.655381 
1.95 0.15 0.0435184 0.664233 
2 0.15 0.0551817 0.676244 
2.05 0.15 0.0649479 0.691185 
2.1 0.15 0.0724862 0.708782 
2.15 0.15 0.0775342 0.728715 
2.2 0.15 0.0798995 0.750602 
2.25 0.15 0.0794619 0.773969 
2.3 0.15 0.0761784 0.798205 
2.35 0.15 0.0700921 0.822503 
2.4 0.15 0.0613448 0.845824 
2.45 0.15 0.0501901 0.866898 
2.5 0.15 0.0370023 0.884306 
2.55 0.15 0.0222745 0.896659 
2.6 0.15 0.00660134 0.90284 
2.65 0.15 -0.0093547 0.902246 
2.7 0.15 -0.0249102 0.894936 
2.75 0.15 -0.0394115 0.881617 
2.8 0.15 -0.0522794 0.86347 
2.85 0.15 -0.0630406 0.841908 
2.9 0.15 -0.071342 0.818333 
2.95 0.15 -0.0769502 0.793978 
3 0.15 -0.0797414 0.76984 
3.05 0.15 -0.0796883 0.74669 
3.1 0.15 -0.0768477 0.72511 
3.15 0.15 -0.0713526 0.705557 
3.2 0.15 -0.0634076 0.688397 
3.25 0.15 -0.0532872 0.673945 
3.3 0.15 -0.0413335 0.662465 
3.35 0.15 -0.0279513 0.654179 
3.4 0.15 -0.0135989 0.649254 
3.45 0.15 0.00122723 0.647793 
3.5 0.15 0.0160106 0.649827 
3.55 0.15 0.0302367 0.655314 
3.6 0.15 0.043414 0.664138 
3.65 0.15 0.0550924 0.676123 
3.7 0.15 0.0648768 0.691039 
3.75 0.15 0.0724362 0.708614 
3.8 0.15 0.0775076 0.728526 
3.85 0.15 0.0798981 0.750397 
3.9 0.15 0.0794869 0.773752 
3.95 0.15 0.0762305 0.797982 
4 0.15 0.0701712 0.822284 
4.05 0.15 0.06145 0.845621 
4.1 0.15 0.0503193 0.866726 
4.15 0.15 0.0371523 0.884184 
4.2 0.15 0.0224408 0.896603 
4.25 0.15 0.00677843 0.902865 
4.3 0.15 -0.00917321 0.902362 
4.35 0.15 -0.0247312 0.895148 
4.4 0.15 -0.0392421 0.881922 
4.45 0.15 -0.052127 0.863861 
4.5 0.15 -0.062913 0.842376 
4.55 0.15 -0.0712483 0.818868 
4.6 0.15 -0.0769016 0.794571 
4.65 0.15 -0.0797532 0.770483 
4.7 0.15 -0.0797813 0.747369 
4.75 0.15 -0.0770498 0.725808 
4.8 0.15 -0.0716984 0.706242 
4.85 0.15 -0.0639345 0.689022 
4.9 0.15 -0.0540198 0.674433 
4.95 0.15 -0.0422424 0.662726 
5 0.15 -0.0288602 0.654165 
0 0.2 -0.0651258 0.566728 
0.05 0.2 -0.0443543 0.555763 
0.1 0.2 -0.0218628 0.549175 
0.15 0.2 0.00142023 0.547177 
0.2 0.2 0.0246158 0.549802 
0.25 0.2 0.0468923 0.556959 
0.3 0.2 0.0674759 0.568458 
0.35 0.2 0.0856676 0.584029 
0.4 0.2 0.100859 0.603343 
0.45 0.2 0.112543 0.626024 
0.5 0.2 0.120322 0.651646 
0.55 0.2 0.123908 0.679721 
0.6 0.2 0.123127 0.709652 
0.65 0.2 0.117928 0.740669 
0.7 0.2 0.108394 0.771759 
0.75 0.2 0.0947614 0.801604 
0.8 0.2 0.0774347 0.828581 
0.85 0.2 0.0570003 0.850869 
0.9 0.2 0.0342207 0.866674 
0.95 0.2 0.0100075 0.874553 
1 0.2 -0.014629 0.87373 
1.05 0.2 -0.0386482 0.864289 
1.1 0.2 -0.0610537 0.847152 
1.15 0.2 -0.0809589 0.823854 
1.2 0.2 -0.0976333 0.796218 
1.25 0.2 -0.110526 0.766043 
1.3 0.2 -0.119264 0.734896 
1.35 0.2 -0.123644 0.704037 
1.4 0.2 -0.123612 0.67443 
1.45 0.2 -0.119245 0.646804 
1.5 0.2 -0.110742 0.621732 
1.55 0.2 -0.098416 0.599687 
1.6 0.2 -0.0826935 0.58108 
1.65 0.2 -0.0641072 0.566273 
1.7 0.2 -0.0432904 0.555574 
1.75 0.2 -0.0209601 0.54922 
1.8 0.2 0.00210542 0.547361 
1.85 0.2 0.0250972 0.550041 
1.9 0.2 0.0472094 0.557196 
1.95 0.2 0.0676729 0.568659 
2 0.2 0.0857841 0.584179 
2.05 0.2 0.100928 0.603437 
2.1 0.2 0.112589 0.626062 
2.15 0.2 0.120363 0.651633 
2.2 0.2 0.123956 0.679663 
2.25 0.2 0.123191 0.709556 
2.3 0.2 0.118014 0.740546 
2.35 0.2 0.108503 0.77162 
2.4 0.2 0.0948937 0.801463 
2.45 0.2 0.077588 0.828454 
2.5 0.2 0.0571705 0.850772 
2.55 0.2 0.0344023 0.866622 
2.6 0.2 0.0101937 0.874556 
2.65 0.2 -0.0144456 0.873793 
2.7 0.2 -0.0384751 0.86441 
2.75 0.2 -0.0608979 0.847322 
2.8 0.2 -0.0808263 0.824062 
2.85 0.2 -0.0975287 0.79645 
2.9 0.2 -0.110452 0.766286 
2.95 0.2 -0.119225 0.735141 
3 0.2 -0.12364 0.704276 
3.05 0.2 -0.123643 0.674656 
3.1 0.2 -0.119309 0.647012 
3.15 0.2 -0.110838 0.621918 
3.2 0.2 -0.0985409 0.599848 
3.25 0.2 -0.0828435 0.581211 
3.3 0.2 -0.0642777 0.566372 
3.35 0.2 -0.0434757 0.555638 
3.4 0.2 -0.0211541 0.549248 
3.45 0.2 0.00190937 0.547351 
3.5 0.2 0.0249059 0.549993 
3.55 0.2 0.0470296 0.55711 
3.6 0.2 0.0675109 0.568538 
3.65 0.2 0.0856458 0.584024 
3.7 0.2 0.100818 0.60325 
3.75 0.2 0.112512 0.625847 
3.8 0.2 0.120322 0.651392 
3.85 0.2 0.123955 0.679402 
3.9 0.2 0.123231 0.70928 
3.95 0.2 0.118095 0.740263 
4 0.2 0.108626 0.771342 
4.05 0.2 0.0950563 0.801204 
4.1 0.2 0.077787 0.828235 
4.15 0.2 0.0574009 0.850615 
4.2 0.2 0.0346572 0.866549 
4.25 0.2 0.0104648 0.874586 
4.3 0.2 -0.0141678 0.873939 
4.35 0.2 -0.0382007 0.864676 
4.4 0.2 -0.0606372 0.847704 
4.45 0.2 -0.0805896 0.824549 
4.5 0.2 -0.0973266 0.79703 
4.55 0.2 -0.110296 0.766945 
4.6 0.2 -0.119129 0.735865 
4.65 0.2 -0.123621 0.705051 
4.7 0.2 -0.123724 0.675465 
4.75 0.2 -0.11952 0.647832 
4.8 0.2 -0.11121 0.622714 
4.85 0.2 -0.0991036 0.600567 
4.9 0.2 -0.0836025 0.581785 
4.95 0.2 -0.0651755 0.566728 
5 0.2 -0.0443178 0.555763 
0 0.25 -0.0879521 0.486887 
0.05 0.25 -0.0597489 0.473843 
0.1 0.25 -0.0292776 0.465988 
0.15 0.25 0.00227251 0.463602 
0.2 0.25 0.0337243 0.466753 
0.25 0.25 0.0639406 0.475336 
0.3 0.25 0.0918564 0.489096 
0.35 0.25 0.11651 0.50767 
0.4 0.25 0.137066 0.53062 
0.45 0.25 0.152834 0.55746 
0.5 0.25 0.163278 0.587666 
0.55 0.25 0.168015 0.620655 
0.6 0.25 0.166823 0.655737 
0.65 0.25 0.159651 0.692031 
0.7 0.25 0.146628 0.728372 
0.75 0.25 0.128092 0.763239 
0.8 0.25 0.104602 0.794751 
0.85 0.25 0.0769568 0.820785 
0.9 0.25 0.0461839 0.839248 
0.95 0.25 0.0135021 0.848452 
1 0.25 -0.0197428 0.84749 
1.05 0.25 -0.0521665 0.83646 
1.1 0.25 -0.0824409 0.816439 
1.15 0.25 -0.109379 0.789223 
1.2 0.25 -0.131995 0.756938 
1.25 0.25 -0.149536 0.721677 
1.3 0.25 -0.161486 0.685258 
1.35 0.25 -0.167549 0.649132 
1.4 0.25 -0.167633 0.614403 
1.45 0.25 -0.161826 0.581909 
1.5 0.25 -0.150384 0.552314 
1.55 0.25 -0.133722 0.526183 
1.6 0.25 -0.112413 0.504029 
1.65 0.25 -0.0871798 0.486323 
1.7 0.25 -0.0588868 0.473482 
1.75 0.25 -0.0285158 0.465835 
1.8 0.25 0.00286503 0.463595 
1.85 0.25 0.0341446 0.466825 
1.9 0.25 0.064216 0.475432 
1.95 0.25 0.092024 0.489183 
2 0.25 0.116606 0.507727 
2.05 0.25 0.137122 0.530638 
2.1 0.25 0.152876 0.557434 
2.15 0.25 0.163324 0.587598 
2.2 0.25 0.168078 0.620549 
2.25 0.25 0.166912 0.655598 
2.3 0.25 0.15977 0.691868 
2.35 0.25 0.14678 0.728197 
2.4 0.25 0.128275 0.763066 
2.45 0.25 0.104813 0.794598 
2.5 0.25 0.0771901 0.820669 
2.55 0.25 0.0464318 0.839186 
2.6 0.25 0.0137556 0.848456 
2.65 0.25 -0.0194936 0.847565 
2.7 0.25 -0.0519315 0.836603 
2.75 0.25 -0.0822292 0.81664 
2.8 0.25 -0.109199 0.789468 
2.85 0.25 -0.131853 0.757211 
2.9 0.25 -0.149437 0.721963 
2.95 0.25 -0.161432 0.685546 
3 0.25 -0.167542 0.649413 
3.05 0.25 -0.167674 0.61467 
3.1 0.25 -0.161913 0.582156 
3.15 0.25 -0.150514 0.552536 
3.2 0.25 -0.133892 0.526376 
3.25 0.25 -0.112617 0.504188 
3.3 0.25 -0.0874118 0.486444 
3.35 0.25 -0.0591391 0.473561 
3.4 0.25 -0.02878 0.46587 
3.45 0.25 0.00259817 0.463585 
3.5 0.25 0.0338844 0.466768 
3.55 0.25 0.0639717 0.475331 
3.6 0.25 0.0918042 0.489039 
3.65 0.25 0.116418 0.507544 
3.7 0.25 0.136974 0.530418 
3.75 0.25 0.152773 0.557182 
3.8 0.25 0.16327 0.587317 
3.85 0.25 0.168077 0.620245 
3.9 0.25 0.166967 0.655278 
3.95 0.25 0.159881 0.691541 
4 0.25 0.146946 0.727875 
4.05 0.25 0.128493 0.762768 
4.1 0.25 0.10508 0.794345 
4.15 0.25 0.0774984 0.820488 
4.2 0.25 0.0467723 0.839102 
4.25 0.25 0.0141174 0.848491 
4.3 0.25 -0.0191227 0.847732 
4.35 0.25 -0.0515642 0.836905 
4.4 0.25 -0.0818782 0.817073 
4.45 0.25 -0.108876 0.790017 
4.5 0.25 -0.13157 0.757861 
4.55 0.25 -0.149205 0.722695 
4.6 0.25 -0.161265 0.686341 
4.65 0.25 -0.167455 0.650253 
4.7 0.25 -0.167685 0.615534 
4.75 0.25 -0.162044 0.583018 
4.8 0.25 -0.150787 0.553363 
4.85 0.25 -0.13432 0.527124 
4.9 0.25 -0.113187 0.504805 
4.95 0.25 -0.0880543 0.486887 
5 0.25 -0.0596773 0.473843 
0 0.3 -0.108924 0.424586 
0.05 0.3 -0.0738317 0.409699 
0.1 0.3 -0.0359707 0.400713 
0.15 0.3 0.00323073 0.39799 
0.2 0.3 0.0423189 0.401636 
0.25 0.3 0.0798699 0.411514 
0.3 0.3 0.114543 0.427279 
0.35 0.3 0.145129 0.448434 
0.4 0.3 0.170581 0.474396 
0.45 0.3 0.190043 0.504544 
0.5 0.3 0.202854 0.538244 
0.55 0.3 0.208555 0.574831 
0.6 0.3 0.206892 0.613548 
0.65 0.3 0.197821 0.653449 
0.7 0.3 0.18153 0.693287 
0.75 0.3 0.158456 0.731426 
0.8 0.3 0.129308 0.765841 
0.85 0.3 0.0950808 0.794239 
0.9 0.3 0.0570379 0.814361 
0.95 0.3 0.0166704 0.824387 
1 0.3 -0.0243824 0.823338 
1.05 0.3 -0.0644358 0.81132 
1.1 0.3 -0.101871 0.789495 
1.15 0.3 -0.135235 0.759799 
1.2 0.3 -0.163312 0.724528 
1.25 0.3 -0.185162 0.685938 
1.3 0.3 -0.200128 0.645988 
1.35 0.3 -0.207822 0.606237 
1.4 0.3 -0.208105 0.567865 
1.45 0.3 -0.201061 0.531775 
1.5 0.3 -0.186987 0.498698 
1.55 0.3 -0.166383 0.469286 
1.6 0.3 -0.139951 0.444167 
1.65 0.3 -0.108588 0.423951 
1.7 0.3 -0.0733725 0.409202 
1.75 0.3 -0.0355376 0.400382 
1.8 0.3 0.00357137 0.397793 
1.85 0.3 0.0425525 0.401526 
1.9 0.3 0.0800097 0.411448 
1.95 0.3 0.114614 0.427226 
2 0.3 0.145158 0.448375 
2.05 0.3 0.170595 0.474317 
2.1 0.3 0.190061 0.504439 
2.15 0.3 0.202893 0.538111 
2.2 0.3 0.208625 0.574672 
2.25 0.3 0.207 0.613366 
2.3 0.3 0.197971 0.653251 
2.35 0.3 0.181722 0.693082 
2.4 0.3 0.158687 0.73123 
2.45 0.3 0.129574 0.765669 
2.5 0.3 0.0953732 0.794111 
2.55 0.3 0.0573476 0.814294 
2.6 0.3 0.0169863 0.824393 
2.65 0.3 -0.0240723 0.823422 
2.7 0.3 -0.0641435 0.811479 
2.75 0.3 -0.101608 0.789717 
2.8 0.3 -0.135011 0.760069 
2.85 0.3 -0.163134 0.724828 
2.9 0.3 -0.185037 0.686254 
2.95 0.3 -0.20006 0.646308 
3 0.3 -0.207813 0.60655 
3.05 0.3 -0.208154 0.568164 
3.1 0.3 -0.201168 0.532053 
3.15 0.3 -0.187148 0.498949 
3.2 0.3 -0.166594 0.469506 
3.25 0.3 -0.140205 0.44435 
3.3 0.3 -0.108877 0.424092 
3.35 0.3 -0.0736872 0.409295 
3.4 0.3 -0.0358671 0.400425 
3.45 0.3 0.00323861 0.397783 
3.5 0.3 0.0422283 0.401463 
3.55 0.3 0.0797056 0.411334 
3.6 0.3 0.114341 0.427065 
3.65 0.3 0.144926 0.448169 
3.7 0.3 0.170412 0.474072 
3.75 0.3 0.189934 0.50416 
3.8 0.3 0.202827 0.537803 
3.85 0.3 0.208626 0.57434 
3.9 0.3 0.207068 0.613018 
3.95 0.3 0.198108 0.652896 
4 0.3 0.181927 0.692735 
4.05 0.3 0.158956 0.730909 
4.1 0.3 0.129901 0.765398 
4.15 0.3 0.0957498 0.793917 
4.2 0.3 0.0577627 0.814205 
4.25 0.3 0.017427 0.82443 
4.3 0.3 -0.0236201 0.8236 
4.35 0.3 -0.0636942 0.8118 
4.4 0.3 -0.101175 0.790173 
4.45 0.3 -0.134607 0.760645 
4.5 0.3 -0.16277 0.725503 
4.55 0.3 -0.184722 0.687005 
4.6 0.3 -0.199802 0.647113 
4.65 0.3 -0.207621 0.607387 
4.7 0.3 -0.208037 0.569011 
4.75 0.3 -0.201135 0.532885 
4.8 0.3 -0.187205 0.499739 
4.85 0.3 -0.166737 0.470223 
4.9 0.3 -0.140407 0.444964 
4.95 0.3 -0.109069 0.424586 
5 0.3 -0.0737321 0.409699 
0 0.35 -0.126673 0.378313 
0.05 0.35 -0.085702 0.361661 
0.1 0.35 -0.0415308 0.351577 
0.15 0.35 0.00420444 0.348535 
0.2 0.35 0.0498078 0.352685 
0.25 0.35 0.0936028 0.363838 
0.3 0.35 0.134006 0.381513 
0.35 0.35 0.169592 0.405025 
0.4 0.35 0.199134 0.433588 
0.45 0.35 0.221638 0.466404 
0.5 0.35 0.236347 0.502706 
0.55 0.35 0.242749 0.541743 
0.6 0.35 0.240574 0.582712 
0.65 0.35 0.229803 0.624643 
0.7 0.35 0.210683 0.666276 
0.75 0.35 0.183747 0.705956 
0.8 0.35 0.149837 0.741634 
0.85 0.35 0.110111 0.770994 
0.9 0.35 0.0660265 0.791756 
0.95 0.35 0.0192915 0.802088 
1 0.35 -0.0282243 0.801007 
1.05 0.35 -0.0746013 0.788618 
1.1 0.35 -0.117992 0.766089 
1.15 0.35 -0.15673 0.735371 
1.2 0.35 -0.189411 0.698778 
1.25 0.35 -0.214936 0.658593 
1.3 0.35 -0.232522 0.616797 
1.35 0.35 -0.241693 0.574964 
1.4 0.35 -0.242253 0.534292 
1.45 0.35 -0.23427 0.495706 
1.5 0.35 -0.218062 0.459992 
1.55 0.35 -0.194188 0.427896 
1.6 0.35 -0.163451 0.40019 
1.65 0.35 -0.126893 0.377668 
1.7 0.35 -0.0857759 0.3611 
1.75 0.35 -0.0415551 0.351135 
1.8 0.35 0.00417714 0.348201 
1.85 0.35 0.0497576 0.35243 
1.9 0.35 0.0935305 0.363633 
1.95 0.35 0.133924 0.381334 
2 0.35 0.169514 0.404854 
2.05 0.35 0.199077 0.433415 
2.1 0.35 0.221614 0.466221 
2.15 0.35 0.236366 0.50251 
2.2 0.35 0.242817 0.541534 
2.25 0.35 0.240695 0.582491 
2.3 0.35 0.229977 0.624415 
2.35 0.35 0.210909 0.666049 
2.4 0.35 0.18402 0.705744 
2.45 0.35 0.15015 0.741452 
2.5 0.35 0.110454 0.770861 
2.55 0.35 0.0663891 0.791688 
2.6 0.35 0.0196605 0.802097 
2.65 0.35 -0.0278626 0.801097 
2.7 0.35 -0.0742606 0.788785 
2.75 0.35 -0.117685 0.766322 
2.8 0.35 -0.156468 0.735654 
2.85 0.35 -0.189203 0.699094 
2.9 0.35 -0.214789 0.658927 
2.95 0.35 -0.232441 0.617136 
3 0.35 -0.24168 0.575299 
3.05 0.35 -0.242309 0.534613 
3.1 0.35 -0.234393 0.496009 
3.15 0.35 -0.218249 0.460269 
3.2 0.35 -0.194433 0.428141 
3.25 0.35 -0.163747 0.400396 
3.3 0.35 -0.12723 0.377829 
3.35 0.35 -0.0861439 0.361209 
3.4 0.35 -0.0419406 0.351186 
3.45 0.35 0.00378781 0.348192 
3.5 0.35 0.0493785 0.352362 
3.55 0.35 0.0931753 0.363507 
3.6 0.35 0.133605 0.381156 
3.65 0.35 0.169244 0.40463 
3.7 0.35 0.198864 0.43315 
3.75 0.35 0.221467 0.465923 
3.8 0.35 0.236291 0.502184 
3.85 0.35 0.242819 0.541186 
3.9 0.35 0.240775 0.582129 
3.95 0.35 0.230136 0.62405 
4 0.35 0.211145 0.665694 
4.05 0.35 0.184329 0.705417 
4.1 0.35 0.150524 0.741178 
4.15 0.35 0.110884 0.770666 
4.2 0.35 0.0668622 0.7916 
4.25 0.35 0.0201624 0.802136 
4.3 0.35 -0.0273471 0.801276 
4.35 0.35 -0.0737465 0.789106 
4.4 0.35 -0.117186 0.766775 
4.45 0.35 -0.155995 0.73622 
4.5 0.35 -0.188763 0.69975 
4.55 0.35 -0.214387 0.659648 
4.6 0.35 -0.232079 0.617896 
4.65 0.35 -0.241356 0.576074 
4.7 0.35 -0.24202 0.535382 
4.75 0.35 -0.234133 0.496749 
4.8 0.35 -0.218006 0.460961 
4.85 0.35 -0.194188 0.428769 
4.9 0.35 -0.163464 0.400949 
4.95 0.35 -0.126851 0.378313 
5 0.35 -0.0855806 0.361661 
0 0.4 -0.14019 0.344689 
0.05 0.4 -0.0947036 0.32622 
0.1 0.4 -0.045672 0.314986 
0.15 0.4 0.00509997 0.311617 
0.2 0.4 0.0557199 0.316313 
0.25 0.4 0.104305 0.32881 
0.3 0.4 0.149077 0.348444 
0.35 0.4 0.188437 0.374277 
0.4 0.4 0.221023 0.405263 
0.45 0.4 0.245737 0.440373 
0.5 0.4 0.261764 0.478673 
0.55 0.4 0.268561 0.519312 
0.6 0.4 0.265868 0.561449 
0.65 0.4 0.253698 0.604124 
0.7 0.4 0.232359 0.646118 
0.75 0.4 0.202469 0.685847 
0.8 0.4 0.164975 0.721354 
0.85 0.4 0.12116 0.750436 
0.9 0.4 0.0726202 0.770933 
0.95 0.4 0.0212112 0.781112 
1 0.4 -0.031042 0.780046 
1.05 0.4 -0.0820634 0.767836 
1.1 0.4 -0.129852 0.745581 
1.15 0.4 -0.172593 0.715126 
1.2 0.4 -0.208747 0.678667 
1.25 0.4 -0.237093 0.638376 
1.3 0.4 -0.256745 0.596145 
1.35 0.4 -0.267147 0.553484 
1.4 0.4 -0.268045 0.511552 
1.45 0.4 -0.259477 0.471275 
1.5 0.4 -0.241759 0.433487 
1.55 0.4 -0.215481 0.399047 
1.6 0.4 -0.181515 0.368908 
1.65 0.4 -0.141005 0.344105 
1.7 0.4 -0.0953603 0.325675 
1.75 0.4 -0.046211 0.314511 
1.8 0.4 0.00464635 0.311213 
1.85 0.4 0.0553322 0.315966 
1.9 0.4 0.103975 0.328504 
1.95 0.4 0.148804 0.348164 
2 0.4 0.188225 0.374013 
2.05 0.4 0.220874 0.405007 
2.1 0.4 0.245656 0.440121 
2.15 0.4 0.261752 0.478421 
2.2 0.4 0.26862 0.51906 
2.25 0.4 0.265994 0.561197 
2.3 0.4 0.253889 0.603875 
2.35 0.4 0.23261 0.645879 
2.4 0.4 0.202774 0.685629 
2.45 0.4 0.165324 0.721171 
2.5 0.4 0.121543 0.750305 
2.55 0.4 0.0730233 0.770868 
2.6 0.4 0.0216207 0.781124 
2.65 0.4 -0.0306411 0.780139 
2.7 0.4 -0.081686 0.768005 
2.75 0.4 -0.129512 0.745817 
2.8 0.4 -0.172303 0.715413 
2.85 0.4 -0.208516 0.678988 
2.9 0.4 -0.236929 0.638718 
2.95 0.4 -0.256654 0.596495 
3 0.4 -0.267131 0.553832 
3.05 0.4 -0.268105 0.511891 
3.1 0.4 -0.259612 0.471598 
3.15 0.4 -0.241965 0.433787 
3.2 0.4 -0.215753 0.399316 
3.25 0.4 -0.181844 0.369137 
3.3 0.4 -0.141381 0.344286 
3.35 0.4 -0.0957696 0.325799 
3.4 0.4 -0.04664 0.314571 
3.45 0.4 0.00421313 0.311206 
3.5 0.4 0.0549106 0.315892 
3.55 0.4 0.103581 0.328367 
3.6 0.4 0.148451 0.34797 
3.65 0.4 0.187926 0.373771 
3.7 0.4 0.22064 0.404726 
3.75 0.4 0.245495 0.439809 
3.8 0.4 0.261671 0.478085 
3.85 0.4 0.268622 0.518706 
3.9 0.4 0.266083 0.560833 
3.95 0.4 0.254064 0.603512 
4 0.4 0.232868 0.645529 
4.05 0.4 0.20311 0.685311 
4.1 0.4 0.16573 0.720907 
4.15 0.4 0.122008 0.75012 
4.2 0.4 0.073534 0.770786 
4.25 0.4 0.022162 0.781164 
4.3 0.4 -0.0300845 0.780311 
4.35 0.4 -0.0811287 0.768308 
4.4 0.4 -0.128966 0.74624 
4.45 0.4 -0.171776 0.715936 
4.5 0.4 -0.208013 0.679587 
4.55 0.4 -0.236447 0.639365 
4.6 0.4 -0.256187 0.597163 
4.65 0.4 -0.266666 0.554497 
4.7 0.4 -0.267626 0.51253 
4.75 0.4 -0.259097 0.472195 
4.8 0.4 -0.241386 0.434329 
4.85 0.4 -0.215078 0.399799 
4.9 0.4 -0.181033 0.369568 
4.95 0.4 -0.140393 0.344689 
5 0.4 -0.0945662 0.32622 
0 0.45 -0.148768 0.31972 
0.05 0.45 -0.100379 0.299355 
0.1 0.45 -0.0482053 0.28691 
0.15 0.45 0.00583075 0.283201 
0.2 0.45 0.0596954 0.288486 
0.25 0.45 0.111359 0.302409 
0.3 0.45 0.158904 0.324083 
0.35 0.45 0.200614 0.352272 
0.4 0.45 0.235039 0.385618 
0.45 0.45 0.261025 0.422821 
0.5 0.45 0.277729 0.462746 
0.55 0.45 0.284613 0.504428 
0.6 0.45 0.281435 0.546984 
0.65 0.45 0.268255 0.58948 
0.7 0.45 0.245435 0.630778 
0.75 0.45 0.213661 0.669434 
0.8 0.45 0.173954 0.703677 
0.85 0.45 0.127672 0.731529 
0.9 0.45 0.0764884 0.751061 
0.95 0.45 0.0223338 0.760731 
1 0.45 -0.0326942 0.759719 
1.05 0.45 -0.0864475 0.748112 
1.1 0.45 -0.136852 0.726887 
1.15 0.45 -0.182017 0.697683 
1.2 0.45 -0.220327 0.662464 
1.25 0.45 -0.250483 0.623184 
1.3 0.45 -0.271528 0.581555 
1.35 0.45 -0.282836 0.538959 
1.4 0.45 -0.284102 0.496483 
1.45 0.45 -0.275321 0.45504 
1.5 0.45 -0.256788 0.415518 
1.55 0.45 -0.229096 0.378911 
1.6 0.45 -0.193145 0.346386 
1.65 0.45 -0.150144 0.319263 
1.7 0.45 -0.101592 0.298895 
1.75 0.45 -0.0492456 0.286468 
1.8 0.45 0.00495274 0.282783 
1.85 0.45 0.058965 0.288092 
1.9 0.45 0.110763 0.302035 
1.95 0.45 0.158432 0.323726 
2 0.45 0.200258 0.351931 
2.05 0.45 0.234791 0.385292 
2.1 0.45 0.260881 0.422509 
2.15 0.45 0.277681 0.462448 
2.2 0.45 0.284654 0.504142 
2.25 0.45 0.28156 0.546709 
2.3 0.45 0.268455 0.589218 
2.35 0.45 0.245703 0.630535 
2.4 0.45 0.213987 0.669219 
2.45 0.45 0.174327 0.703501 
2.5 0.45 0.12808 0.731406 
2.55 0.45 0.0769174 0.751003 
2.6 0.45 0.0227688 0.760748 
2.65 0.45 -0.0322689 0.759813 
2.7 0.45 -0.0860472 0.74828 
2.75 0.45 -0.136491 0.727118 
2.8 0.45 -0.181708 0.697965 
2.85 0.45 -0.22008 0.662782 
2.9 0.45 -0.250308 0.623525 
2.95 0.45 -0.271429 0.581908 
3 0.45 -0.282817 0.539314 
3.05 0.45 -0.284163 0.496834 
3.1 0.45 -0.275462 0.45538 
3.15 0.45 -0.257005 0.415839 
3.2 0.45 -0.229383 0.379203 
3.25 0.45 -0.193494 0.346639 
3.3 0.45 -0.150543 0.319465 
3.35 0.45 -0.102028 0.299035 
3.4 0.45 -0.0497031 0.286537 
3.45 0.45 0.00449077 0.282778 
3.5 0.45 0.0585157 0.288011 
3.55 0.45 0.110343 0.301885 
3.6 0.45 0.158056 0.323516 
3.65 0.45 0.199941 0.351672 
3.7 0.45 0.234544 0.384995 
3.75 0.45 0.260711 0.422184 
3.8 0.45 0.277597 0.462104 
3.85 0.45 0.284659 0.503787 
3.9 0.45 0.281654 0.546351 
3.95 0.45 0.268639 0.588866 
4 0.45 0.245972 0.630201 
4.05 0.45 0.214337 0.668919 
4.1 0.45 0.174748 0.703255 
4.15 0.45 0.12856 0.731236 
4.2 0.45 0.0774436 0.750929 
4.25 0.45 0.023326 0.760785 
4.3 0.45 -0.0316954 0.759968 
4.35 0.45 -0.0854708 0.74855 
4.4 0.45 -0.135921 0.727492 
4.45 0.45 -0.181151 0.698421 
4.5 0.45 -0.219533 0.663294 
4.55 0.45 -0.249763 0.624065 
4.6 0.45 -0.270871 0.582448 
4.65 0.45 -0.282223 0.53983 
4.7 0.45 -0.283503 0.497304 
4.75 0.45 -0.2747 0.455789 
4.8 0.45 -0.256101 0.416182 
4.85 0.45 -0.228296 0.379487 
4.9 0.45 -0.192185 0.346887 
4.95 0.45 -0.148987 0.31972 
5 0.45 -0.100231 0.299355 
0 0.5 -0.151961 0.299693 
0.05 0.5 -0.102443 0.277462 
0.1 0.5 -0.04902 0.263819 
0.15 0.5 0.00632476 0.259779 
0.2 0.5 0.0614828 0.265661 
0.25 0.5 0.114345 0.281007 
0.3 0.5 0.162921 0.304694 
0.35 0.5 0.205441 0.335171 
0.4 0.5 0.240418 0.370749 
0.45 0.5 0.26669 0.409844 
0.5 0.5 0.283422 0.451108 
0.55 0.5 0.290101 0.493446 
0.6 0.5 0.286524 0.535929 
0.65 0.5 0.272795 0.57765 
0.7 0.5 0.249322 0.617577 
0.75 0.5 0.216836 0.65444 
0.8 0.5 0.176394 0.686718 
0.85 0.5 0.129378 0.71273 
0.9 0.5 0.0774748 0.730847 
0.95 0.5 0.0226145 0.739781 
1 0.5 -0.0331143 0.738847 
1.05 0.5 -0.0875752 0.728116 
1.1 0.5 -0.138701 0.708404 
1.15 0.5 -0.184601 0.681085 
1.2 0.5 -0.223642 0.647817 
1.25 0.5 -0.254499 0.610262 
1.3 0.5 -0.276175 0.569899 
1.35 0.5 -0.288 0.527945 
1.4 0.5 -0.289619 0.485399 
1.45 0.5 -0.280985 0.443158 
1.5 0.5 -0.262354 0.402174 
1.55 0.5 -0.234295 0.363586 
1.6 0.5 -0.197702 0.328792 
1.65 0.5 -0.153797 0.299414 
1.7 0.5 -0.104119 0.277135 
1.75 0.5 -0.0504868 0.263453 
1.8 0.5 0.00507883 0.259384 
1.85 0.5 0.0604502 0.265246 
1.9 0.5 0.113511 0.280584 
1.95 0.5 0.162269 0.304273 
2 0.5 0.204953 0.334762 
2.05 0.5 0.24008 0.37036 
2.1 0.5 0.266486 0.409478 
2.15 0.5 0.283337 0.450768 
2.2 0.5 0.290123 0.493131 
2.25 0.5 0.286642 0.535637 
2.3 0.5 0.272996 0.577383 
2.35 0.5 0.249596 0.617336 
2.4 0.5 0.217171 0.654233 
2.45 0.5 0.176777 0.686554 
2.5 0.5 0.129796 0.712619 
2.55 0.5 0.0779137 0.7308 
2.6 0.5 0.0230588 0.739804 
2.65 0.5 -0.0326804 0.738941 
2.7 0.5 -0.087167 0.728279 
2.75 0.5 -0.138333 0.708627 
2.8 0.5 -0.184286 0.681358 
2.85 0.5 -0.22339 0.648127 
2.9 0.5 -0.254318 0.610598 
2.95 0.5 -0.276072 0.570251 
3 0.5 -0.287978 0.528305 
3.05 0.5 -0.28968 0.485759 
3.1 0.5 -0.281127 0.443512 
3.15 0.5 -0.262574 0.402513 
3.2 0.5 -0.234588 0.3639 
3.25 0.5 -0.198059 0.329068 
3.3 0.5 -0.154206 0.299637 
3.35 0.5 -0.104567 0.277292 
3.4 0.5 -0.0509561 0.263532 
3.45 0.5 0.00460492 0.259379 
3.5 0.5 0.0599896 0.265159 
3.55 0.5 0.113081 0.280421 
3.6 0.5 0.161885 0.304047 
3.65 0.5 0.20463 0.334486 
3.7 0.5 0.239828 0.370048 
3.75 0.5 0.266314 0.409144 
3.8 0.5 0.283252 0.45042 
3.85 0.5 0.290128 0.492779 
3.9 0.5 0.286737 0.535289 
3.95 0.5 0.273181 0.577046 
4 0.5 0.249866 0.617023 
4.05 0.5 0.21752 0.653957 
4.1 0.5 0.177195 0.68633 
4.15 0.5 0.130272 0.712465 
4.2 0.5 0.0784334 0.730732 
4.25 0.5 0.0236083 0.739834 
4.3 0.5 -0.0321146 0.739072 
4.35 0.5 -0.0865963 0.728505 
4.4 0.5 -0.137765 0.708936 
4.45 0.5 -0.183721 0.681727 
4.5 0.5 -0.222823 0.64853 
4.55 0.5 -0.253735 0.611007 
4.6 0.5 -0.275449 0.570637 
4.65 0.5 -0.287283 0.528643 
4.7 0.5 -0.288872 0.486028 
4.75 0.5 -0.280161 0.443699 
4.8 0.5 -0.261401 0.402619 
4.85 0.5 -0.23316 0.363943 
4.9 0.5 -0.19634 0.329087 
4.95 0.5 -0.152188 0.299693 
5 0.5 -0.10229 0.277462 
0 0.55 -0.14957 0.281576 
0.05 0.55 -0.100768 0.25773 
0.1 0.55 -0.0480764 0.243046 
0.15 0.55 0.00652986 0.238726 
0.2 0.55 0.0609404 0.245142 
0.25 0.55 0.113042 0.261743 
0.3 0.55 0.160847 0.287183 
0.35 0.55 0.202593 0.319621 
0.4 0.55 0.23682 0.357068 
0.45 0.55 0.262397 0.397676 
0.5 0.55 0.278531 0.4399 
0.55 0.55 0.284756 0.48252 
0.6 0.55 0.280915 0.524556 
0.65 0.55 0.267152 0.565126 
0.7 0.55 0.243906 0.6033 
0.75 0.55 0.211924 0.638001 
0.8 0.55 0.172257 0.667972 
0.85 0.55 0.126263 0.691857 
0.9 0.55 0.0755751 0.708358 
0.95 0.55 0.022053 0.716454 
1 0.55 -0.0323008 0.715607 
1.05 0.55 -0.0854402 0.705874 
1.1 0.55 -0.135382 0.687897 
1.15 0.55 -0.180302 0.662762 
1.2 0.55 -0.218616 0.631793 
1.25 0.55 -0.249018 0.596339 
1.3 0.55 -0.270514 0.557621 
1.35 0.55 -0.282411 0.516686 
1.4 0.55 -0.284323 0.474442 
1.45 0.55 -0.276159 0.431778 
1.5 0.55 -0.258129 0.389711 
1.55 0.55 -0.230754 0.349521 
1.6 0.55 -0.194887 0.312819 
1.65 0.55 -0.151718 0.281502 
1.7 0.55 -0.102768 0.257561 
1.75 0.55 -0.0498475 0.242779 
1.8 0.55 0.00501569 0.238372 
1.85 0.55 0.0596835 0.24472 
1.9 0.55 0.112029 0.261279 
1.95 0.55 0.160057 0.286704 
2 0.55 0.202005 0.319149 
2.05 0.55 0.236411 0.35662 
2.1 0.55 0.262144 0.397261 
2.15 0.55 0.278416 0.439523 
2.2 0.55 0.28476 0.48218 
2.25 0.55 0.281022 0.524252 
2.3 0.55 0.267347 0.564856 
2.35 0.55 0.244176 0.603066 
2.4 0.55 0.212255 0.637806 
2.45 0.55 0.172636 0.667824 
2.5 0.55 0.126675 0.691761 
2.55 0.55 0.0760074 0.708322 
2.6 0.55 0.0224898 0.716483 
2.65 0.55 -0.0318747 0.715702 
2.7 0.55 -0.0850394 0.706032 
2.75 0.55 -0.13502 0.688111 
2.8 0.55 -0.179992 0.663023 
2.85 0.55 -0.218367 0.632092 
2.9 0.55 -0.248839 0.596666 
2.95 0.55 -0.27041 0.557969 
3 0.55 -0.282387 0.517047 
3.05 0.55 -0.284381 0.474809 
3.1 0.55 -0.276297 0.432145 
3.15 0.55 -0.258344 0.390067 
3.2 0.55 -0.231041 0.349854 
3.25 0.55 -0.195238 0.313114 
3.3 0.55 -0.152121 0.281742 
3.35 0.55 -0.103209 0.257731 
3.4 0.55 -0.0503111 0.242865 
3.45 0.55 0.0045475 0.238367 
3.5 0.55 0.0592287 0.244627 
3.55 0.55 0.111605 0.261105 
3.6 0.55 0.15968 0.286463 
3.65 0.55 0.201688 0.318859 
3.7 0.55 0.236165 0.356297 
3.75 0.55 0.261978 0.396919 
3.8 0.55 0.278334 0.439174 
3.85 0.55 0.284765 0.481834 
3.9 0.55 0.281115 0.523915 
3.95 0.55 0.267526 0.564538 
4 0.55 0.244436 0.602775 
4.05 0.55 0.212589 0.637554 
4.1 0.55 0.173035 0.667622 
4.15 0.55 0.127128 0.691623 
4.2 0.55 0.0765001 0.708259 
4.25 0.55 0.0230098 0.716502 
4.3 0.55 -0.0313395 0.715802 
4.35 0.55 -0.0844983 0.706207 
4.4 0.55 -0.134477 0.688344 
4.45 0.55 -0.179446 0.663294 
4.5 0.55 -0.217808 0.632374 
4.55 0.55 -0.248248 0.596931 
4.6 0.55 -0.269757 0.558187 
4.65 0.55 -0.281634 0.517192 
4.7 0.55 -0.28348 0.474861 
4.75 0.55 -0.275197 0.432092 
4.8 0.55 -0.256989 0.389916 
4.85 0.55 -0.229383 0.349633 
4.9 0.55 -0.193244 0.31288 
4.95 0.55 -0.149795 0.281576 
5 0.55 -0.100616 0.25773 
0 0.6 -0.14165 0.26306 
0.05 0.6 -0.0953949 0.238136 
0.1 0.6 -0.0454068 0.222752 
0.15 0.6 0.00641776 0.218254 
0.2 0.6 0.0580456 0.225054 
0.25 0.6 0.107441 0.242524 
0.3 0.6 0.152692 0.269151 
0.35 0.6 0.192117 0.30287 
0.4 0.6 0.224333 0.341465 
0.45 0.6 0.248285 0.382891 
0.5 0.6 0.263251 0.425452 
0.55 0.6 0.268826 0.467829 
0.6 0.6 0.264899 0.508999 
0.65 0.6 0.251646 0.548099 
0.7 0.6 0.229517 0.584295 
0.75 0.6 0.199239 0.616682 
0.8 0.6 0.161821 0.644259 
0.85 0.6 0.11854 0.665973 
0.9 0.6 0.0709223 0.680841 
0.95 0.6 0.0206891 0.688097 
1 0.6 -0.0303108 0.687339 
1.05 0.6 -0.080191 0.678609 
1.1 0.6 -0.12712 0.662385 
1.15 0.6 -0.169406 0.639484 
1.2 0.6 -0.205567 0.610914 
1.25 0.6 -0.234371 0.577724 
1.3 0.6 -0.254861 0.540896 
1.35 0.6 -0.266357 0.501315 
1.4 0.6 -0.268457 0.459813 
1.45 0.6 -0.261036 0.417272 
1.5 0.6 -0.244251 0.374761 
1.55 0.6 -0.218563 0.333673 
1.6 0.6 -0.184752 0.295782 
1.65 0.6 -0.143931 0.263191 
1.7 0.6 -0.0975458 0.238128 
1.75 0.6 -0.0473297 0.222589 
1.8 0.6 0.00476338 0.217948 
1.85 0.6 0.0566677 0.224633 
1.9 0.6 0.106329 0.24203 
1.95 0.6 0.151826 0.268623 
2 0.6 0.191472 0.302344 
2.05 0.6 0.223883 0.340966 
2.1 0.6 0.248005 0.382434 
2.15 0.6 0.263117 0.425043 
2.2 0.6 0.268815 0.467469 
2.25 0.6 0.264994 0.508686 
2.3 0.6 0.251829 0.547831 
2.35 0.6 0.229773 0.58407 
2.4 0.6 0.199554 0.616502 
2.45 0.6 0.162181 0.644126 
2.5 0.6 0.118932 0.665893 
2.55 0.6 0.0713316 0.680817 
2.6 0.6 0.021102 0.688132 
2.65 0.6 -0.0299084 0.687434 
2.7 0.6 -0.0798126 0.67876 
2.75 0.6 -0.126778 0.662588 
2.8 0.6 -0.169112 0.639733 
2.85 0.6 -0.20533 0.611201 
2.9 0.6 -0.2342 0.578041 
2.95 0.6 -0.254761 0.541236 
3 0.6 -0.266332 0.501673 
3.05 0.6 -0.268509 0.460183 
3.1 0.6 -0.261164 0.417644 
3.15 0.6 -0.244453 0.375127 
3.2 0.6 -0.218834 0.334019 
3.25 0.6 -0.185083 0.29609 
3.3 0.6 -0.144314 0.263444 
3.35 0.6 -0.0979648 0.238307 
3.4 0.6 -0.0477701 0.22268 
3.45 0.6 0.0043186 0.217943 
3.5 0.6 0.0562358 0.224535 
3.55 0.6 0.105927 0.241847 
3.6 0.6 0.151468 0.268373 
3.65 0.6 0.191173 0.302044 
3.7 0.6 0.223652 0.340636 
3.75 0.6 0.247849 0.382089 
3.8 0.6 0.26304 0.424697 
3.85 0.6 0.268821 0.467131 
3.9 0.6 0.265081 0.508363 
3.95 0.6 0.251995 0.547531 
4 0.6 0.230013 0.5838 
4.05 0.6 0.199862 0.616271 
4.1 0.6 0.162546 0.643944 
4.15 0.6 0.119345 0.665767 
4.2 0.6 0.0717796 0.680755 
4.25 0.6 0.0215735 0.688135 
4.3 0.6 -0.0294238 0.687499 
4.35 0.6 -0.079322 0.678879 
4.4 0.6 -0.126284 0.662744 
4.45 0.6 -0.16861 0.639903 
4.5 0.6 -0.204807 0.61136 
4.55 0.6 -0.233633 0.57816 
4.6 0.6 -0.254118 0.541286 
4.65 0.6 -0.265572 0.501628 
4.7 0.6 -0.267581 0.46002 
4.75 0.6 -0.260013 0.417357 
4.8 0.6 -0.243024 0.374726 
4.85 0.6 -0.217079 0.333543 
4.9 0.6 -0.182976 0.29561 
4.95 0.6 -0.141865 0.26306 
5 0.6 -0.0952508 0.238136 
0 0.65 -0.128537 0.242469 
0.05 0.65 -0.0865472 0.217297 
0.1 0.65 -0.0411238 0.20174 
0.15 0.65 0.00598699 0.197217 
0.2 0.65 0.0529087 0.204158 
0.25 0.65 0.097763 0.221894 
0.3 0.65 0.138792 0.24882 
0.35 0.65 0.174459 0.282758 
0.4 0.65 0.20351 0.321378 
0.45 0.65 0.225004 0.362538 
0.5 0.65 0.238311 0.404466 
0.55 0.65 0.243094 0.445794 
0.6 0.65 0.23929 0.485479 
0.65 0.65 0.227087 0.52268 
0.7 0.65 0.206922 0.556643 
0.75 0.65 0.179474 0.586611 
0.8 0.65 0.145663 0.611796 
0.85 0.65 0.106644 0.631405 
0.9 0.65 0.0637798 0.644716 
0.95 0.65 0.0186004 0.651177 
1 0.65 -0.0272572 0.650503 
1.05 0.65 -0.0721242 0.642721 
1.1 0.65 -0.114378 0.628174 
1.15 0.65 -0.152514 0.607452 
1.2 0.65 -0.185205 0.581296 
1.25 0.65 -0.211336 0.550501 
1.3 0.65 -0.230029 0.515848 
1.35 0.65 -0.240648 0.478088 
1.4 0.65 -0.242798 0.437985 
1.45 0.65 -0.236331 0.396405 
1.5 0.65 -0.221358 0.354449 
1.55 0.65 -0.198263 0.313562 
1.6 0.65 -0.167732 0.275602 
1.65 0.65 -0.130763 0.242777 
1.7 0.65 -0.0886671 0.217429 
1.75 0.65 -0.0430351 0.201672 
1.8 0.65 0.00433199 0.19696 
1.85 0.65 0.0515244 0.203748 
1.9 0.65 0.0966436 0.221382 
1.95 0.65 0.13792 0.24826 
2 0.65 0.17381 0.282194 
2.05 0.65 0.203057 0.320844 
2.1 0.65 0.22472 0.362052 
2.15 0.65 0.238171 0.404038 
2.2 0.65 0.243076 0.445424 
2.25 0.65 0.239372 0.485164 
2.3 0.65 0.227253 0.522418 
2.35 0.65 0.207156 0.55643 
2.4 0.65 0.179761 0.586447 
2.45 0.65 0.145992 0.61168 
2.5 0.65 0.107 0.63134 
2.55 0.65 0.0641512 0.644704 
2.6 0.65 0.0189743 0.651219 
2.65 0.65 -0.0268932 0.650598 
2.7 0.65 -0.0717821 0.642867 
2.75 0.65 -0.114069 0.628368 
2.8 0.65 -0.152248 0.607688 
2.85 0.65 -0.18499 0.581569 
2.9 0.65 -0.21118 0.550805 
2.95 0.65 -0.229938 0.516178 
3 0.65 -0.240624 0.478438 
3.05 0.65 -0.242843 0.438349 
3.1 0.65 -0.236446 0.396775 
3.15 0.65 -0.22154 0.354814 
3.2 0.65 -0.198508 0.31391 
3.25 0.65 -0.168033 0.275914 
3.3 0.65 -0.13111 0.243033 
3.35 0.65 -0.0890479 0.217612 
3.4 0.65 -0.0434356 0.201766 
3.45 0.65 0.00392737 0.196956 
3.5 0.65 0.0511318 0.203648 
3.55 0.65 0.0962784 0.221198 
3.6 0.65 0.137596 0.248008 
3.65 0.65 0.173539 0.281895 
3.7 0.65 0.202848 0.320516 
3.75 0.65 0.22458 0.361713 
3.8 0.65 0.238103 0.4037 
3.85 0.65 0.243081 0.445098 
3.9 0.65 0.23945 0.484858 
3.95 0.65 0.227401 0.522137 
4 0.65 0.207369 0.556182 
4.05 0.65 0.180032 0.586236 
4.1 0.65 0.146312 0.611514 
4.15 0.65 0.107361 0.631223 
4.2 0.65 0.0645404 0.644638 
4.25 0.65 0.0193825 0.651204 
4.3 0.65 -0.0264747 0.650627 
4.35 0.65 -0.0713587 0.642931 
4.4 0.65 -0.113641 0.628449 
4.45 0.65 -0.151809 0.607764 
4.5 0.65 -0.184527 0.581614 
4.55 0.65 -0.210669 0.550791 
4.6 0.65 -0.229345 0.516077 
4.65 0.65 -0.239909 0.478223 
4.7 0.65 -0.241956 0.438 
4.75 0.65 -0.235333 0.396287 
4.8 0.65 -0.220149 0.354204 
4.85 0.65 -0.196796 0.313222 
4.9 0.65 -0.165979 0.275231 
4.95 0.65 -0.128729 0.242469 
5 0.65 -0.0864177 0.217297 
0 0.7 -0.110885 0.218657 
0.05 0.7 -0.0746605 0.19431 
0.1 0.7 -0.0354337 0.179256 
0.15 0.7 0.00526511 0.1749 
0.2 0.7 0.0457909 0.181665 
0.25 0.7 0.0844985 0.198883 
0.3 0.7 0.119854 0.224956 
0.35 0.7 0.150522 0.257724 
0.4 0.7 0.175425 0.294884 
0.45 0.7 0.193766 0.334318 
0.5 0.7 0.205024 0.374276 
0.55 0.7 0.208932 0.413407 
0.6 0.7 0.205464 0.450684 
0.65 0.7 0.194808 0.485307 
0.7 0.7 0.177359 0.516592 
0.75 0.7 0.153717 0.543901 
0.8 0.7 0.12468 0.566613 
0.85 0.7 0.0912365 0.584135 
0.9 0.7 0.0545462 0.595944 
0.95 0.7 0.0159036 0.60165 
1 0.7 -0.0233104 0.601055 
1.05 0.7 -0.0616896 0.594177 
1.1 0.7 -0.0978646 0.581255 
1.15 0.7 -0.130562 0.562707 
1.2 0.7 -0.15865 0.539072 
1.25 0.7 -0.181172 0.510949 
1.3 0.7 -0.197365 0.478961 
1.35 0.7 -0.206665 0.443748 
1.4 0.7 -0.208709 0.406011 
1.45 0.7 -0.203345 0.366585 
1.5 0.7 -0.19064 0.326551 
1.55 0.7 -0.1709 0.287341 
1.6 0.7 -0.144697 0.250791 
1.65 0.7 -0.112879 0.219086 
1.7 0.7 -0.0765779 0.194545 
1.75 0.7 -0.0371785 0.179265 
1.8 0.7 0.00374307 0.174691 
1.85 0.7 0.0445114 0.181279 
1.9 0.7 0.083461 0.198376 
1.95 0.7 0.119045 0.224389 
2 0.7 0.14992 0.25715 
2.05 0.7 0.175006 0.294339 
2.1 0.7 0.193504 0.333825 
2.15 0.7 0.204893 0.373846 
2.2 0.7 0.208912 0.41304 
2.25 0.7 0.205535 0.450378 
2.3 0.7 0.194952 0.485057 
2.35 0.7 0.177563 0.516394 
2.4 0.7 0.153967 0.543753 
2.45 0.7 0.124965 0.566514 
2.5 0.7 0.0915443 0.584084 
2.55 0.7 0.0548664 0.595942 
2.6 0.7 0.0162255 0.601697 
2.65 0.7 -0.0229975 0.601149 
2.7 0.7 -0.0613957 0.594317 
2.75 0.7 -0.097599 0.581438 
2.8 0.7 -0.130333 0.562929 
2.85 0.7 -0.158465 0.539328 
2.9 0.7 -0.181038 0.511235 
2.95 0.7 -0.197285 0.479273 
3 0.7 -0.206643 0.444082 
3.05 0.7 -0.208747 0.406359 
3.1 0.7 -0.203442 0.36694 
3.15 0.7 -0.190795 0.326903 
3.2 0.7 -0.171111 0.287677 
3.25 0.7 -0.144955 0.251093 
3.3 0.7 -0.113178 0.219335 
3.35 0.7 -0.0769067 0.194722 
3.4 0.7 -0.0375246 0.179356 
3.45 0.7 0.0033934 0.174688 
3.5 0.7 0.0441722 0.181183 
3.55 0.7 0.0831459 0.198198 
3.6 0.7 0.118765 0.224146 
3.65 0.7 0.149687 0.256861 
3.7 0.7 0.174827 0.294025 
3.75 0.7 0.193384 0.333502 
3.8 0.7 0.204835 0.373526 
3.85 0.7 0.208917 0.412734 
3.9 0.7 0.205601 0.450093 
3.95 0.7 0.195077 0.484799 
4 0.7 0.177742 0.516167 
4.05 0.7 0.154194 0.543562 
4.1 0.7 0.125231 0.566362 
4.15 0.7 0.0918428 0.583973 
4.2 0.7 0.0551874 0.595871 
4.25 0.7 0.0165605 0.601664 
4.3 0.7 -0.0226554 0.601146 
4.35 0.7 -0.0610504 0.594332 
4.4 0.7 -0.0972498 0.581454 
4.45 0.7 -0.129973 0.562925 
4.5 0.7 -0.158081 0.53928 
4.55 0.7 -0.180607 0.511115 
4.6 0.7 -0.196777 0.479053 
4.65 0.7 -0.206018 0.443738 
4.7 0.7 -0.207961 0.405875 
4.75 0.7 -0.202447 0.366313 
4.8 0.7 -0.189546 0.326153 
4.85 0.7 -0.169571 0.286854 
4.9 0.7 -0.14311 0.250284 
4.95 0.7 -0.111044 0.218657 
5 0.7 -0.0745533 0.19431 
0 0.75 -0.0897195 0.190951 
0.05 0.75 -0.0604165 0.168635 
0.1 0.75 -0.0286539 0.154841 
0.15 0.75 0.00430983 0.150865 
0.2 0.75 0.0371235 0.157096 
0.25 0.75 0.0684385 0.172912 
0.3 0.75 0.0970007 0.196829 
0.35 0.75 0.121726 0.226848 
0.4 0.75 0.141747 0.260834 
0.45 0.75 0.156429 0.296825 
0.5 0.75 0.165369 0.333195 
0.55 0.75 0.168372 0.368683 
0.6 0.75 0.165436 0.402333 
0.65 0.75 0.156729 0.433407 
0.7 0.75 0.142587 0.461297 
0.75 0.75 0.123501 0.485467 
0.8 0.75 0.100118 0.505425 
0.85 0.75 0.0732322 0.520721 
0.9 0.75 0.0437696 0.530977 
0.95 0.75 0.0127589 0.535917 
1 0.75 -0.0187047 0.535401 
1.05 0.75 -0.0495067 0.529444 
1.1 0.75 -0.0785607 0.518211 
1.15 0.75 -0.104853 0.501999 
1.2 0.75 -0.127481 0.481201 
1.25 0.75 -0.145674 0.456274 
1.3 0.75 -0.158812 0.427716 
1.35 0.75 -0.166429 0.396072 
1.4 0.75 -0.168218 0.36197 
1.45 0.75 -0.164037 0.326182 
1.5 0.75 -0.15392 0.289719 
1.55 0.75 -0.138095 0.253915 
1.6 0.75 -0.117007 0.220477 
1.65 0.75 -0.0913349 0.19143 
1.7 0.75 -0.0619913 0.168924 
1.75 0.75 -0.0301053 0.154901 
1.8 0.75 0.00303137 0.150703 
1.85 0.75 0.036042 0.15675 
1.9 0.75 0.0675588 0.172439 
1.95 0.75 0.0963143 0.196292 
2 0.75 0.121216 0.226299 
2.05 0.75 0.141392 0.260313 
2.1 0.75 0.156208 0.296355 
2.15 0.75 0.16526 0.332786 
2.2 0.75 0.168355 0.368338 
2.25 0.75 0.165494 0.402049 
2.3 0.75 0.156848 0.433179 
2.35 0.75 0.142754 0.461121 
2.4 0.75 0.123705 0.485339 
2.45 0.75 0.100349 0.505342 
2.5 0.75 0.0734818 0.520683 
2.55 0.75 0.0440285 0.530982 
2.6 0.75 0.0130187 0.535965 
2.65 0.75 -0.0184525 0.535491 
2.7 0.75 -0.0492699 0.529573 
2.75 0.75 -0.0783467 0.518378 
2.8 0.75 -0.104669 0.502201 
2.85 0.75 -0.127332 0.481434 
2.9 0.75 -0.145565 0.456534 
2.95 0.75 -0.158747 0.428 
3 0.75 -0.16641 0.396376 
3.05 0.75 -0.168247 0.362289 
3.1 0.75 -0.164114 0.326508 
3.15 0.75 -0.154044 0.290042 
3.2 0.75 -0.138264 0.254224 
3.25 0.75 -0.117216 0.220755 
3.3 0.75 -0.0915765 0.191659 
3.35 0.75 -0.0622574 0.169087 
3.4 0.75 -0.0303856 0.154985 
3.45 0.75 0.00274815 0.150699 
3.5 0.75 0.0357674 0.156662 
3.55 0.75 0.0673038 0.172276 
3.6 0.75 0.0960889 0.196069 
3.65 0.75 0.121028 0.226036 
3.7 0.75 0.141248 0.260026 
3.75 0.75 0.156112 0.29606 
3.8 0.75 0.165213 0.332497 
3.85 0.75 0.168359 0.368061 
3.9 0.75 0.165546 0.401792 
3.95 0.75 0.156947 0.432947 
4 0.75 0.142895 0.460918 
4.05 0.75 0.123883 0.485168 
4.1 0.75 0.100558 0.505205 
4.15 0.75 0.0737138 0.520579 
4.2 0.75 0.0442765 0.53091 
4.25 0.75 0.013276 0.535919 
4.3 0.75 -0.0181913 0.535463 
4.35 0.75 -0.0490075 0.529553 
4.4 0.75 -0.0780819 0.518348 
4.45 0.75 -0.104396 0.502141 
4.5 0.75 -0.127037 0.481322 
4.55 0.75 -0.14523 0.456345 
4.6 0.75 -0.158345 0.42771 
4.65 0.75 -0.165909 0.395964 
4.7 0.75 -0.167609 0.361739 
4.75 0.75 -0.163299 0.325823 
4.8 0.75 -0.153016 0.289244 
4.85 0.75 -0.136997 0.253363 
4.9 0.75 -0.115702 0.219915 
4.95 0.75 -0.0898335 0.190951 
5 0.75 -0.0603395 0.168635 
0 0.8 -0.0664882 0.159131 
0.05 0.8 -0.0447803 0.140029 
0.1 0.8 -0.0212315 0.128231 
0.15 0.8 0.00320869 0.124842 
0.2 0.8 0.027527 0.130189 
0.25 0.8 0.0507138 0.143737 
0.3 0.8 0.0718328 0.164218 
0.35 0.8 0.090079 0.189919 
0.4 0.8 0.104814 0.219008 
0.45 0.8 0.115577 0.249799 
0.5 0.8 0.122083 0.280885 
0.55 0.8 0.124202 0.311169 
0.6 0.8 0.121944 0.339817 
0.65 0.8 0.115447 0.366187 
0.7 0.8 0.104966 0.389764 
0.75 0.8 0.0908677 0.410108 
0.8 0.8 0.0736315 0.426831 
0.85 0.8 0.0538408 0.439597 
0.9 0.8 0.0321724 0.448128 
0.95 0.8 0.00937678 0.452229 
1 0.8 -0.0137486 0.451801 
1.05 0.8 -0.0363924 0.446854 
1.1 0.8 -0.0577634 0.437505 
1.15 0.8 -0.0771223 0.423964 
1.2 0.8 -0.0938074 0.406521 
1.25 0.8 -0.107253 0.385521 
1.3 0.8 -0.116999 0.361358 
1.35 0.8 -0.122695 0.334484 
1.4 0.8 -0.124107 0.305434 
1.45 0.8 -0.121117 0.274881 
1.5 0.8 -0.113737 0.243706 
1.55 0.8 -0.102122 0.213071 
1.6 0.8 -0.0865882 0.18445 
1.65 0.8 -0.0676302 0.159585 
1.7 0.8 -0.0459231 0.14032 
1.75 0.8 -0.0223082 0.128317 
1.8 0.8 0.0022465 0.124724 
1.85 0.8 0.0267065 0.1299 
1.9 0.8 0.0500441 0.143329 
1.95 0.8 0.0713104 0.163748 
2 0.8 0.0896921 0.189435 
2.05 0.8 0.104546 0.218547 
2.1 0.8 0.115412 0.249383 
2.15 0.8 0.122003 0.280525 
2.2 0.8 0.124191 0.310866 
2.25 0.8 0.12199 0.339569 
2.3 0.8 0.115538 0.365991 
2.35 0.8 0.105092 0.389615 
2.4 0.8 0.0910206 0.410002 
2.45 0.8 0.073804 0.426766 
2.5 0.8 0.0540261 0.43957 
2.55 0.8 0.032364 0.448138 
2.6 0.8 0.0095686 0.452275 
2.65 0.8 -0.0135626 0.451881 
2.7 0.8 -0.0362179 0.446968 
2.75 0.8 -0.0576057 0.437649 
2.8 0.8 -0.0769862 0.424138 
2.85 0.8 -0.0936971 0.406721 
2.9 0.8 -0.107172 0.385745 
2.95 0.8 -0.11695 0.361603 
3 0.8 -0.122681 0.334746 
3.05 0.8 -0.124128 0.305708 
3.1 0.8 -0.121174 0.275161 
3.15 0.8 -0.113829 0.243984 
3.2 0.8 -0.102246 0.213336 
3.25 0.8 -0.0867422 0.184688 
3.3 0.8 -0.0678089 0.159781 
3.35 0.8 -0.0461201 0.14046 
3.4 0.8 -0.0225158 0.128389 
3.45 0.8 0.00203662 0.124722 
3.5 0.8 0.0265031 0.129825 
3.55 0.8 0.0498554 0.143189 
3.6 0.8 0.0711438 0.163557 
3.65 0.8 0.0895535 0.189209 
3.7 0.8 0.10444 0.218302 
3.75 0.8 0.115341 0.249132 
3.8 0.8 0.121969 0.280278 
3.85 0.8 0.124194 0.310631 
3.9 0.8 0.122028 0.339352 
3.95 0.8 0.11561 0.365795 
4 0.8 0.105194 0.389444 
4.05 0.8 0.0911486 0.409857 
4.1 0.8 0.0739533 0.426648 
4.15 0.8 0.0541912 0.439477 
4.2 0.8 0.0325395 0.448069 
4.25 0.8 0.00974941 0.452224 
4.3 0.8 -0.0133804 0.451841 
4.35 0.8 -0.0360363 0.446926 
4.4 0.8 -0.0574235 0.437593 
4.45 0.8 -0.0767984 0.42405 
4.5 0.8 -0.0934941 0.406581 
4.55 0.8 -0.106939 0.385532 
4.6 0.8 -0.116666 0.361297 
4.65 0.8 -0.12232 0.334329 
4.7 0.8 -0.123663 0.305171 
4.75 0.8 -0.120575 0.274507 
4.8 0.8 -0.11307 0.243236 
4.85 0.8 -0.101312 0.212541 
4.9 0.8 -0.0856331 0.183919 
4.95 0.8 -0.0665455 0.159131 
5 0.8 -0.0447414 0.140029 
0 0.85 -0.0431217 0.123402 
0.05 0.85 -0.0290404 0.1085 
0.1 0.85 -0.0137659 0.0993103 
0.15 0.85 0.00207707 0.0966775 
0.2 0.85 0.0178293 0.10085 
0.25 0.85 0.0328333 0.111413 
0.3 0.85 0.0464797 0.127389 
0.35 0.85 0.0582468 0.147451 
0.4 0.85 0.0677246 0.170179 
0.45 0.85 0.0746223 0.194252 
0.5 0.85 0.0787632 0.218562 
0.55 0.85 0.0800726 0.242238 
0.6 0.85 0.0785656 0.264615 
0.65 0.85 0.0743367 0.285181 
0.7 0.85 0.067554 0.303531 
0.75 0.85 0.0584567 0.319327 
0.8 0.85 0.047353 0.332279 
0.85 0.85 0.0346171 0.342142 
0.9 0.85 0.020682 0.348721 
0.95 0.85 0.00602714 0.35188 
1 0.85 -0.00883831 0.35155 
1.05 0.85 -0.0233964 0.347739 
1.1 0.85 -0.0371418 0.340526 
1.15 0.85 -0.0496021 0.33006 
1.2 0.85 -0.0603539 0.316543 
1.25 0.85 -0.069034 0.300229 
1.3 0.85 -0.0753456 0.281414 
1.35 0.85 -0.0790612 0.260447 
1.4 0.85 -0.0800244 0.237749 
1.45 0.85 -0.078153 0.213859 
1.5 0.85 -0.0734459 0.18948 
1.55 0.85 -0.0659943 0.165531 
1.6 0.85 -0.0559948 0.143174 
1.65 0.85 -0.0437612 0.12377 
1.7 0.85 -0.029729 0.108749 
1.75 0.85 -0.0144456 0.099398 
1.8 0.85 0.00145484 0.0965995 
1.85 0.85 0.0172931 0.100631 
1.9 0.85 0.0323944 0.111095 
1.95 0.85 0.0461379 0.127017 
2 0.85 0.0579949 0.147067 
2.05 0.85 0.067552 0.169812 
2.1 0.85 0.0745172 0.19392 
2.15 0.85 0.0787139 0.218274 
2.2 0.85 0.0800687 0.241997 
2.25 0.85 0.078598 0.264419 
2.3 0.85 0.0743978 0.285027 
2.35 0.85 0.0676374 0.303416 
2.4 0.85 0.0585569 0.319246 
2.45 0.85 0.0474654 0.33223 
2.5 0.85 0.0347373 0.342124 
2.55 0.85 0.0208059 0.348732 
2.6 0.85 0.00615092 0.351919 
2.65 0.85 -0.00871843 0.351616 
2.7 0.85 -0.023284 0.34783 
2.75 0.85 -0.0370402 0.340641 
2.8 0.85 -0.0495144 0.330197 
2.85 0.85 -0.0602828 0.316701 
2.9 0.85 -0.0689817 0.300406 
2.95 0.85 -0.0753139 0.281607 
3 0.85 -0.0790515 0.260653 
3.05 0.85 -0.0800374 0.237965 
3.1 0.85 -0.078189 0.214079 
3.15 0.85 -0.0735045 0.189698 
3.2 0.85 -0.0660743 0.165739 
3.25 0.85 -0.0560941 0.143361 
3.3 0.85 -0.0438767 0.123923 
3.35 0.85 -0.0298564 0.108859 
3.4 0.85 -0.0145801 0.0994542 
3.45 0.85 0.00131894 0.0965977 
3.5 0.85 0.0171614 0.100572 
3.55 0.85 0.0322724 0.110986 
3.6 0.85 0.0460304 0.126869 
3.65 0.85 0.0579056 0.146891 
3.7 0.85 0.0674838 0.16962 
3.75 0.85 0.0744717 0.193723 
3.8 0.85 0.078692 0.218081 
3.85 0.85 0.0800704 0.241813 
3.9 0.85 0.0786224 0.264249 
3.95 0.85 0.0744433 0.284874 
4 0.85 0.0677019 0.303281 
4.05 0.85 0.0586377 0.319132 
4.1 0.85 0.0475591 0.332136 
4.15 0.85 0.0348403 0.342049 
4.2 0.85 0.0209146 0.348673 
4.25 0.85 0.00626199 0.351872 
4.3 0.85 -0.00860764 0.351574 
4.35 0.85 -0.0231747 0.347784 
4.4 0.85 -0.0369318 0.340581 
4.45 0.85 -0.0494034 0.330107 
4.5 0.85 -0.0601627 0.316567 
4.55 0.85 -0.0688424 0.300211 
4.6 0.85 -0.0751417 0.281336 
4.65 0.85 -0.0788295 0.260293 
4.7 0.85 -0.0797466 0.237511 
4.75 0.85 -0.0778105 0.213535 
4.8 0.85 -0.0730231 0.189084 
4.85 0.85 -0.0654837 0.165095 
4.9 0.85 -0.0554028 0.142744 
4.95 0.85 -0.0431105 0.123402 
5 0.85 -0.0290476 0.1085 
0 0.9 -0.0220981 0.0843485 
0.05 0.9 -0.0148543 0.0742819 
0.1 0.9 -0.00703405 0.0680909 
0.15 0.9 0.00105463 0.0663219 
0.2 0.9 0.00908543 0.0691344 
0.25 0.9 0.0167253 0.0762545 
0.3 0.9 0.0236632 0.0870356 
0.35 0.9 0.0296331 0.100597 
0.4 0.9 0.0344286 0.115987 
0.45 0.9 0.0379055 0.132315 
0.5 0.9 0.0399789 0.148823 
0.55 0.9 0.0406157 0.164911 
0.6 0.9 0.0398276 0.180117 
0.65 0.9 0.0376652 0.194087 
0.7 0.9 0.0342151 0.20654 
0.75 0.9 0.0295985 0.217246 
0.8 0.9 0.0239711 0.226013 
0.85 0.9 0.0175213 0.232682 
0.9 0.9 0.0104671 0.237125 
0.95 0.9 0.00305012 0.239257 
1 0.9 -0.00447307 0.239034 
1.05 0.9 -0.0118414 0.236462 
1.1 0.9 -0.0188001 0.231589 
1.15 0.9 -0.0251112 0.224511 
1.2 0.9 -0.0305616 0.215359 
1.25 0.9 -0.0349683 0.204298 
1.3 0.9 -0.0381813 0.191527 
1.35 0.9 -0.040085 0.177283 
1.4 0.9 -0.0405985 0.161858 
1.45 0.9 -0.0396769 0.145625 
1.5 0.9 -0.0373156 0.129073 
1.55 0.9 -0.0335557 0.112835 
1.6 0.9 -0.0284926 0.0977022 
1.65 0.9 -0.0222822 0.0845918 
1.7 0.9 -0.0151451 0.0744608 
1.75 0.9 -0.0073615 0.0681618 
1.8 0.9 0.000741438 0.066278 
1.85 0.9 0.00881216 0.068992 
1.9 0.9 0.0165016 0.076042 
1.95 0.9 0.0234898 0.0867845 
2 0.9 0.0295065 0.100335 
2.05 0.9 0.0343429 0.115736 
2.1 0.9 0.0378544 0.132087 
2.15 0.9 0.0399563 0.148625 
2.2 0.9 0.040616 0.164745 
2.25 0.9 0.0398461 0.179983 
2.3 0.9 0.0376978 0.193982 
2.35 0.9 0.0342586 0.206461 
2.4 0.9 0.0296503 0.217192 
2.45 0.9 0.0240287 0.225981 
2.5 0.9 0.0175826 0.232671 
2.55 0.9 0.0105301 0.237134 
2.6 0.9 0.00311292 0.239285 
2.65 0.9 -0.00441234 0.23908 
2.7 0.9 -0.0117845 0.236525 
2.75 0.9 -0.0187487 0.231669 
2.8 0.9 -0.0250669 0.224606 
2.85 0.9 -0.0305256 0.215468 
2.9 0.9 -0.0349417 0.204419 
2.95 0.9 -0.0381651 0.191659 
3 0.9 -0.0400799 0.177423 
3.05 0.9 -0.0406048 0.162005 
3.1 0.9 -0.0396949 0.145775 
3.15 0.9 -0.0373451 0.129221 
3.2 0.9 -0.0335962 0.112976 
3.25 0.9 -0.0285429 0.0978287 
3.3 0.9 -0.0223409 0.0846958 
3.35 0.9 -0.0152099 0.0745348 
3.4 0.9 -0.00742998 0.0681997 
3.45 0.9 0.000672201 0.0662769 
3.5 0.9 0.00874511 0.0689527 
3.55 0.9 0.0164395 0.0759688 
3.6 0.9 0.0234352 0.0866843 
3.65 0.9 0.0294612 0.100217 
3.7 0.9 0.0343084 0.115606 
3.75 0.9 0.0378316 0.131953 
3.8 0.9 0.0399454 0.148493 
3.85 0.9 0.040617 0.16462 
3.9 0.9 0.0398584 0.179867 
3.95 0.9 0.0377207 0.193877 
4 0.9 0.0342909 0.206369 
4.05 0.9 0.0296905 0.217113 
4.1 0.9 0.0240751 0.225916 
4.15 0.9 0.0176334 0.232618 
4.2 0.9 0.0105833 0.237091 
4.25 0.9 0.00316669 0.239249 
4.3 0.9 -0.00435937 0.239047 
4.35 0.9 -0.011733 0.236488 
4.4 0.9 -0.0186984 0.23162 
4.45 0.9 -0.0250161 0.224536 
4.5 0.9 -0.030471 0.215366 
4.55 0.9 -0.034878 0.204275 
4.6 0.9 -0.0380851 0.191462 
4.65 0.9 -0.0399747 0.177166 
4.7 0.9 -0.0404644 0.161683 
4.75 0.9 -0.0395096 0.145394 
4.8 0.9 -0.0371078 0.128797 
4.85 0.9 -0.0333068 0.112537 
4.9 0.9 -0.0282146 0.0974149 
4.95 0.9 -0.022007 0.0843485 
5 0.9 -0.0149155 0.0742819 
0 0.95 -0.0065285 0.0428468 
0.05 0.95 -0.00430703 0.0378436 
0.1 0.95 -0.0020262 0.0347822 
0.15 0.95 0.000301601 0.0339097 
0.2 0.95 0.00260504 0.0353013 
0.25 0.95 0.00479289 0.0388257 
0.3 0.95 0.00677593 0.0441712 
0.35 0.95 0.00847796 0.0509105 
0.4 0.95 0.00984059 0.058577 
0.45 0.95 0.0108242 0.0667289 
0.5 0.95 0.0114063 0.0749868 
0.55 0.95 0.0115793 0.083046 
0.6 0.95 0.0113478 0.0906701 
0.65 0.95 0.0107268 0.0976766 
0.7 0.95 0.00974116 0.103922 
0.75 0.95 0.00842517 0.10929 
0.8 0.95 0.00682262 0.113683 
0.85 0.95 0.00498665 0.117023 
0.9 0.95 0.00297895 0.119248 
0.95 0.95 0.000868066 0.120315 
1 0.95 -0.00127305 0.120203 
1.05 0.95 -0.0033701 0.118915 
1.1 0.95 -0.00535072 0.116476 
1.15 0.95 -0.00714741 0.11293 
1.2 0.95 -0.00869987 0.108343 
1.25 0.95 -0.00995654 0.102797 
1.3 0.95 -0.0108752 0.096392 
1.35 0.95 -0.0114231 0.0892479 
1.4 0.95 -0.0115769 0.0815151 
1.45 0.95 -0.0113231 0.0733854 
1.5 0.95 -0.0106588 0.0651084 
1.55 0.95 -0.00959416 0.0570049 
1.6 0.95 -0.00815429 0.0494706 
1.65 0.95 -0.00638243 0.0429593 
1.7 0.95 -0.00434104 0.0379389 
1.75 0.95 -0.00211094 0.0348227 
1.8 0.95 0.000212624 0.0338915 
1.85 0.95 0.00252675 0.0352332 
1.9 0.95 0.00472933 0.0387219 
1.95 0.95 0.00672731 0.0440473 
2 0.95 0.008443 0.0507803 
2.05 0.95 0.00981745 0.0584512 
2.1 0.95 0.0108109 0.0666144 
2.15 0.95 0.011401 0.0748871 
2.2 0.95 0.0115804 0.0829623 
2.25 0.95 0.0113538 0.0906021 
2.3 0.95 0.0107367 0.0976233 
2.35 0.95 0.009754 0.103882 
2.4 0.95 0.0084402 0.109262 
2.45 0.95 0.0068392 0.113667 
2.5 0.95 0.00500421 0.117018 
2.55 0.95 0.00299693 0.119252 
2.6 0.95 0.000885951 0.120329 
2.65 0.95 -0.00125577 0.120226 
2.7 0.95 -0.00335394 0.118947 
2.75 0.95 -0.00533612 0.116516 
2.8 0.95 -0.0071348 0.112978 
2.85 0.95 -0.00868962 0.108398 
2.9 0.95 -0.00994895 0.102858 
2.95 0.95 -0.0108705 0.0964583 
3 0.95 -0.0114215 0.0893187 
3.05 0.95 -0.0115786 0.081589 
3.1 0.95 -0.0113281 0.0734607 
3.15 0.95 -0.0106672 0.0651827 
3.2 0.95 -0.00960562 0.0570753 
3.25 0.95 -0.00816862 0.0495336 
3.3 0.95 -0.00639917 0.043011 
3.35 0.95 -0.00435959 0.0379756 
3.4 0.95 -0.00213056 0.0348415 
3.45 0.95 0.000192779 0.0338911 
3.5 0.95 0.00250754 0.0352138 
3.55 0.95 0.00471158 0.0386857 
3.6 0.95 0.00671172 0.0439976 
3.65 0.95 0.00843013 0.0507212 
3.7 0.95 0.00980768 0.0583866 
3.75 0.95 0.0108045 0.0665478 
3.8 0.95 0.011398 0.0748214 
3.85 0.95 0.0115807 0.0828996 
3.9 0.95 0.0113573 0.090544 
3.95 0.95 0.0107432 0.0975708 
4 0.95 0.00976311 0.103836 
4.05 0.95 0.00845152 0.109223 
4.1 0.95 0.00685221 0.113634 
4.15 0.95 0.00501834 0.116991 
4.2 0.95 0.00301161 0.11923 
4.25 0.95 0.00090062 0.12031 
4.3 0.95 -0.00124156 0.120208 
4.35 0.95 -0.00334042 0.118927 
4.4 0.95 -0.00532326 0.116489 
4.45 0.95 -0.00712214 0.11294 
4.5 0.95 -0.00867622 0.108344 
4.55 0.95 -0.00993331 0.102783 
4.6 0.95 -0.0108505 0.0963562 
4.65 0.95 -0.0113945 0.0891863 
4.7 0.95 -0.0115415 0.0814252 
4.75 0.95 -0.011278 0.0732684 
4.8 0.95 -0.0106019 0.0649707 
4.85 0.95 -0.00952625 0.0568589 
4.9 0.95 -0.00808504 0.0493336 
4.95 0.95 -0.0063457 0.0428468 
5 0.95 -0.00443065 0.0378436 
0 1 0 0 
0.05 1 0 0 
0.1 1 0 0 
0.15 1 0 0 
0.2 1 0 0 
0.25 1 0 0 
0.3 1 0 0 
0.35 1 0 0 
0.4 1 0 0 
0.45 1 0 0 
0.5 1 0 0 
0.55 1 0 0 
0.6 1 0 0 
0.65 1 0 0 
0.7 1 0 0 
0.75 1 0 0 
0.8 1 0 0 
0.85 1 0 0 
0.9 1 0 0 
0.95 1 0 0 
1 1 0 0 
1.05 1 0 0 
1.1 1 0 0 
1.15 1 0 0 
1.2 1 0 0 
1.25 1 0 0 
1.3 1 0 0 
1.35 1 0 0 
1.4 1 0 0 
1.45 1 0 0 
1.5 1 0 0 
1.55 1 0 0 
1.6 1 0 0 
1.65 1 0 0 
1.7 1 0 0 
1.75 1 0 0 
1.8 1 0 0 
1.85 1 0 0 
1.9 1 0 0 
1.95 1 0 0 
2 1 0 0 
2.05 1 0 0 
2.1 1 0 0 
2.15 1 0 0 
2.2 1 0 0 
2.25 1 0 0 
2.3 1 0 0 
2.35 1 0 0 
2.4 1 0 0 
2.45 1 0 0 
2.5 1 0 0 
2.55 1 0 0 
2.6 1 0 0 
2.65 1 0 0 
2.7 1 0 0 
2.75 1 0 0 
2.8 1 0 0 
2.85 1 0 0 
2.9 1 0 0 
2.95 1 0 0 
3 1 0 0 
3.05 1 0 0 
3.1 1 0 0 
3.15 1 0 0 
3.2 1 0 0 
3.25 1 0 0 
3.3 1 0 0 
3.35 1 0 0 
3.4 1 0 0 
3.45 1 0 0 
3.5 1 0 0 
3.55 1 0 0 
3.6 1 0 0 
3.65 1 0 0 
3.7 1 0 0 
3.75 1 0 0 
3.8 1 0 0 
3.85 1 0 0 
3.9 1 0 0 
3.95 1 0 0 
4 1 0 0 
4.05 1 0 0 
4.1 1 0 0 
4.15 1 0 0 
4.2 1 0 0 
4.25 1 0 0 
4.3 1 0 0 
4.35 1 0 0 
4.4 1 0 0 
4.45 1 0 0 
4.5 1 0 0 
4.55 1 0 0 
4.6 1 0 0 
4.65 1 0 0 
4.7 1 0 0 
4.75 1 0 0 
4.8 1 0 0 
4.85 1 0 0 
4.9 1 0 0 
4.95 1 0 0 
5 1 0 0 
