x, y, ksi, T
#iter= 1780000
0 0 0 1 
0.05 0 0 1 
0.1 0 0 1 
0.15 0 0 1 
0.2 0 0 1 
0.25 0 0 1 
0.3 0 0 1 
0.35 0 0 1 
0.4 0 0 1 
0.45 0 0 1 
0.5 0 0 1 
0.55 0 0 1 
0.6 0 0 1 
0.65 0 0 1 
0.7 0 0 1 
0.75 0 0 1 
0.8 0 0 1 
0.85 0 0 1 
0.9 0 0 1 
0.95 0 0 1 
1 0 0 1 
1.05 0 0 1 
1.1 0 0 1 
1.15 0 0 1 
1.2 0 0 1 
1.25 0 0 1 
1.3 0 0 1 
1.35 0 0 1 
1.4 0 0 1 
1.45 0 0 1 
1.5 0 0 1 
1.55 0 0 1 
1.6 0 0 1 
1.65 0 0 1 
1.7 0 0 1 
1.75 0 0 1 
1.8 0 0 1 
1.85 0 0 1 
1.9 0 0 1 
1.95 0 0 1 
2 0 0 1 
2.05 0 0 1 
2.1 0 0 1 
2.15 0 0 1 
2.2 0 0 1 
2.25 0 0 1 
2.3 0 0 1 
2.35 0 0 1 
2.4 0 0 1 
2.45 0 0 1 
2.5 0 0 1 
2.55 0 0 1 
2.6 0 0 1 
2.65 0 0 1 
2.7 0 0 1 
2.75 0 0 1 
2.8 0 0 1 
2.85 0 0 1 
2.9 0 0 1 
2.95 0 0 1 
3 0 0 1 
3.05 0 0 1 
3.1 0 0 1 
3.15 0 0 1 
3.2 0 0 1 
3.25 0 0 1 
3.3 0 0 1 
3.35 0 0 1 
3.4 0 0 1 
3.45 0 0 1 
3.5 0 0 1 
3.55 0 0 1 
3.6 0 0 1 
3.65 0 0 1 
3.7 0 0 1 
3.75 0 0 1 
3.8 0 0 1 
3.85 0 0 1 
3.9 0 0 1 
3.95 0 0 1 
4 0 0 1 
4.05 0 0 1 
4.1 0 0 1 
4.15 0 0 1 
4.2 0 0 1 
4.25 0 0 1 
4.3 0 0 1 
4.35 0 0 1 
4.4 0 0 1 
4.45 0 0 1 
4.5 0 0 1 
4.55 0 0 1 
4.6 0 0 1 
4.65 0 0 1 
4.7 0 0 1 
4.75 0 0 1 
4.8 0 0 1 
4.85 0 0 1 
4.9 0 0 1 
4.95 0 0 1 
5 0 0 1 
0 0.05 -0.00642875 0.884636 
0.05 0.05 -0.00433207 0.88165 
0.1 0.05 -0.00214502 0.879914 
0.15 0.05 6.63782e-05 0.879406 
0.2 0.05 0.00224411 0.880109 
0.25 0.05 0.00432432 0.881994 
0.3 0.05 0.0062424 0.885017 
0.35 0.05 0.00793779 0.889118 
0.4 0.05 0.0093568 0.89422 
0.45 0.05 0.0104542 0.900232 
0.5 0.05 0.0111936 0.907043 
0.55 0.05 0.0115478 0.914518 
0.6 0.05 0.011499 0.92249 
0.65 0.05 0.0110391 0.93074 
0.7 0.05 0.0101716 0.938983 
0.75 0.05 0.00891411 0.94686 
0.8 0.05 0.00730069 0.953944 
0.85 0.05 0.00538421 0.959767 
0.9 0.05 0.00323673 0.963877 
0.95 0.05 0.000947019 0.96592 
1 0.05 -0.0013848 0.965707 
1.05 0.05 -0.00365514 0.963257 
1.1 0.05 -0.00576548 0.958797 
1.15 0.05 -0.00762988 0.952706 
1.2 0.05 -0.00917986 0.945443 
1.25 0.05 -0.0103662 0.937472 
1.3 0.05 -0.0111583 0.92921 
1.35 0.05 -0.0115416 0.921004 
1.4 0.05 -0.0115151 0.913122 
1.45 0.05 -0.0110892 0.905773 
1.5 0.05 -0.0102841 0.89912 
1.55 0.05 -0.0091296 0.893291 
1.6 0.05 -0.00766494 0.888392 
1.65 0.05 -0.00593877 0.884509 
1.7 0.05 -0.00400873 0.881715 
1.75 0.05 -0.00194028 0.88006 
1.8 0.05 0.000195454 0.879577 
1.85 0.05 0.00232441 0.880275 
1.9 0.05 0.00437285 0.882139 
1.95 0.05 0.00627047 0.885136 
2 0.05 0.00795312 0.889208 
2.05 0.05 0.00936473 0.894284 
2.1 0.05 0.0104583 0.900271 
2.15 0.05 0.0111965 0.90706 
2.2 0.05 0.0115511 0.914519 
2.25 0.05 0.0115036 0.922476 
2.3 0.05 0.0110457 0.930715 
2.35 0.05 0.0101806 0.938952 
2.4 0.05 0.00892541 0.946828 
2.45 0.05 0.00731416 0.953914 
2.5 0.05 0.00539949 0.959744 
2.55 0.05 0.00325326 0.963865 
2.6 0.05 0.000964139 0.965922 
2.65 0.05 -0.00136785 0.965724 
2.7 0.05 -0.0036391 0.963289 
2.75 0.05 -0.00575105 0.958841 
2.8 0.05 -0.00761764 0.95276 
2.85 0.05 -0.00917026 0.945503 
2.9 0.05 -0.0103596 0.937536 
2.95 0.05 -0.0111548 0.929275 
3 0.05 -0.0115413 0.921066 
3.05 0.05 -0.011518 0.913181 
3.1 0.05 -0.0110951 0.905828 
3.15 0.05 -0.010293 0.899169 
3.2 0.05 -0.00914113 0.893333 
3.25 0.05 -0.00767878 0.888425 
3.3 0.05 -0.00595448 0.884535 
3.35 0.05 -0.00402583 0.881731 
3.4 0.05 -0.00195819 0.880067 
3.45 0.05 0.000177329 0.879574 
3.5 0.05 0.0023067 0.880261 
3.55 0.05 0.00435616 0.882116 
3.6 0.05 0.00625538 0.885103 
3.65 0.05 0.00794017 0.889167 
3.7 0.05 0.00935437 0.894234 
3.75 0.05 0.010451 0.900213 
3.8 0.05 0.0111924 0.906996 
3.85 0.05 0.0115507 0.914448 
3.9 0.05 0.011507 0.922402 
3.95 0.05 0.011053 0.930639 
4 0.05 0.0101919 0.938878 
4.05 0.05 0.0089406 0.946759 
4.1 0.05 0.00733298 0.953857 
4.15 0.05 0.00542149 0.959703 
4.2 0.05 0.00327779 0.963848 
4.25 0.05 0.000990355 0.965932 
4.3 0.05 -0.00134092 0.965765 
4.35 0.05 -0.00361252 0.963363 
4.4 0.05 -0.00572593 0.958948 
4.45 0.05 -0.00759513 0.952897 
4.5 0.05 -0.00915162 0.945668 
4.55 0.05 -0.0103463 0.937725 
4.6 0.05 -0.0111489 0.929487 
4.65 0.05 -0.0115457 0.921298 
4.7 0.05 -0.0115371 0.913428 
4.75 0.05 -0.0111355 0.906085 
4.8 0.05 -0.0103647 0.899427 
4.85 0.05 -0.00925965 0.893574 
4.9 0.05 -0.00786828 0.888622 
4.95 0.05 -0.00625035 0.884636 
5 0.05 -0.00445355 0.88165 
0 0.1 -0.0216892 0.770607 
0.05 0.1 -0.0148284 0.764743 
0.1 0.1 -0.00737561 0.761266 
0.15 0.1 0.000299512 0.760233 
0.2 0.1 0.00791181 0.761625 
0.25 0.1 0.0152035 0.765382 
0.3 0.1 0.0219343 0.771412 
0.35 0.1 0.027885 0.779592 
0.4 0.1 0.0328633 0.789767 
0.45 0.1 0.0367071 0.801751 
0.5 0.1 0.0392873 0.815328 
0.55 0.1 0.0405079 0.830235 
0.6 0.1 0.0403078 0.846142 
0.65 0.1 0.0386627 0.862624 
0.7 0.1 0.0355912 0.879123 
0.75 0.1 0.031161 0.894926 
0.8 0.1 0.0254976 0.909172 
0.85 0.1 0.0187896 0.920908 
0.9 0.1 0.011289 0.92921 
0.95 0.1 0.00330179 0.933342 
1 0.1 -0.00482922 0.93291 
1.05 0.1 -0.0127502 0.927957 
1.1 0.1 -0.0201237 0.918951 
1.15 0.1 -0.0266527 0.906677 
1.2 0.1 -0.032097 0.892077 
1.25 0.1 -0.0362802 0.876094 
1.3 0.1 -0.0390887 0.859563 
1.35 0.1 -0.0404651 0.84317 
1.4 0.1 -0.0404003 0.827443 
1.45 0.1 -0.038927 0.812791 
1.5 0.1 -0.036115 0.799526 
1.55 0.1 -0.0320691 0.787901 
1.6 0.1 -0.0269284 0.778127 
1.65 0.1 -0.0208656 0.770378 
1.7 0.1 -0.014085 0.764798 
1.75 0.1 -0.00681732 0.761493 
1.8 0.1 0.000686856 0.760527 
1.85 0.1 0.00816722 0.761921 
1.9 0.1 0.0153645 0.765645 
1.95 0.1 0.0220311 0.771629 
2 0.1 0.0279405 0.779757 
2.05 0.1 0.032894 0.789881 
2.1 0.1 0.036725 0.80182 
2.15 0.1 0.0393005 0.815357 
2.2 0.1 0.0405221 0.83023 
2.25 0.1 0.0403264 0.84611 
2.3 0.1 0.0386881 0.862572 
2.35 0.1 0.0356242 0.879059 
2.4 0.1 0.0312019 0.894858 
2.45 0.1 0.0255458 0.909109 
2.5 0.1 0.0188438 0.92086 
2.55 0.1 0.0113473 0.929185 
2.6 0.1 0.00336193 0.933345 
2.65 0.1 -0.00476978 0.932944 
2.7 0.1 -0.012694 0.92802 
2.75 0.1 -0.0200732 0.91904 
2.8 0.1 -0.0266097 0.906785 
2.85 0.1 -0.0320632 0.892198 
2.9 0.1 -0.0362568 0.876221 
2.95 0.1 -0.0390763 0.859692 
3 0.1 -0.0404639 0.843295 
3.05 0.1 -0.0404104 0.827562 
3.1 0.1 -0.038948 0.812899 
3.15 0.1 -0.0361463 0.799623 
3.2 0.1 -0.0321097 0.787984 
3.25 0.1 -0.0269771 0.778195 
3.3 0.1 -0.020921 0.770429 
3.35 0.1 -0.0141451 0.76483 
3.4 0.1 -0.00688032 0.761506 
3.45 0.1 0.000623141 0.760521 
3.5 0.1 0.00810499 0.761894 
3.55 0.1 0.0153059 0.7656 
3.6 0.1 0.0219782 0.771564 
3.65 0.1 0.0278951 0.779674 
3.7 0.1 0.0328578 0.789781 
3.75 0.1 0.0366994 0.801704 
3.8 0.1 0.0392868 0.815228 
3.85 0.1 0.040521 0.830089 
3.9 0.1 0.0403388 0.845962 
3.95 0.1 0.0387143 0.86242 
4 0.1 0.0356643 0.87891 
4.05 0.1 0.0312554 0.89472 
4.1 0.1 0.0256118 0.908993 
4.15 0.1 0.0189207 0.920778 
4.2 0.1 0.0114327 0.929148 
4.25 0.1 0.00345302 0.933364 
4.3 0.1 -0.00467636 0.933025 
4.35 0.1 -0.0126019 0.928167 
4.4 0.1 -0.0199862 0.919251 
4.45 0.1 -0.0265319 0.907057 
4.5 0.1 -0.0319987 0.892524 
4.55 0.1 -0.0362108 0.876595 
4.6 0.1 -0.0390556 0.860109 
4.65 0.1 -0.0404778 0.843749 
4.7 0.1 -0.0404723 0.828046 
4.75 0.1 -0.039077 0.813401 
4.8 0.1 -0.0363684 0.800122 
4.85 0.1 -0.0324582 0.788446 
4.9 0.1 -0.0274863 0.778558 
4.95 0.1 -0.0215999 0.770607 
5 0.1 -0.0148871 0.764743 
0 0.15 -0.0422533 0.662723 
0.05 0.15 -0.0288505 0.654163 
0.1 0.15 -0.0142976 0.649042 
0.15 0.15 0.000751327 0.6475 
0.2 0.15 0.0157223 0.649539 
0.25 0.15 0.0300868 0.655081 
0.3 0.15 0.0433559 0.663985 
0.35 0.15 0.0550872 0.676057 
0.4 0.15 0.064894 0.691061 
0.45 0.15 0.072453 0.708716 
0.5 0.15 0.0775074 0.728701 
0.55 0.15 0.0798691 0.750631 
0.6 0.15 0.0794215 0.774035 
0.65 0.15 0.0761241 0.798296 
0.7 0.15 0.0700221 0.82261 
0.75 0.15 0.061259 0.845935 
0.8 0.15 0.0500898 0.866999 
0.85 0.15 0.0368902 0.884384 
0.9 0.15 0.0221543 0.896701 
0.95 0.15 0.00647774 0.902837 
1 0.15 -0.0094767 0.902195 
1.05 0.15 -0.0250255 0.894839 
1.1 0.15 -0.0395153 0.88148 
1.15 0.15 -0.0523677 0.863303 
1.2 0.15 -0.0631102 0.841721 
1.25 0.15 -0.0713906 0.818136 
1.3 0.15 -0.0769762 0.79378 
1.35 0.15 -0.0797443 0.769648 
1.4 0.15 -0.0796681 0.746508 
1.45 0.15 -0.0768051 0.724944 
1.5 0.15 -0.0712889 0.705408 
1.55 0.15 -0.0633247 0.68827 
1.6 0.15 -0.0531876 0.67384 
1.65 0.15 -0.0412204 0.662386 
1.7 0.15 -0.0278284 0.654128 
1.75 0.15 -0.0134701 0.649232 
1.8 0.15 0.00135739 0.647802 
1.85 0.15 0.0161377 0.649867 
1.9 0.15 0.0303563 0.655383 
1.95 0.15 0.0435219 0.664236 
2 0.15 0.0551847 0.676248 
2.05 0.15 0.0649503 0.69119 
2.1 0.15 0.072488 0.708788 
2.15 0.15 0.0775353 0.728721 
2.2 0.15 0.0798997 0.750608 
2.25 0.15 0.0794613 0.773976 
2.3 0.15 0.076177 0.798212 
2.35 0.15 0.0700899 0.82251 
2.4 0.15 0.0613419 0.84583 
2.45 0.15 0.0501865 0.866903 
2.5 0.15 0.0369982 0.884311 
2.55 0.15 0.02227 0.896662 
2.6 0.15 0.0065967 0.902841 
2.65 0.15 -0.00935933 0.902245 
2.7 0.15 -0.0249146 0.894933 
2.75 0.15 -0.0394155 0.881612 
2.8 0.15 -0.0522829 0.863464 
2.85 0.15 -0.0630434 0.841901 
2.9 0.15 -0.0713441 0.818325 
2.95 0.15 -0.0769514 0.79397 
3 0.15 -0.0797418 0.769833 
3.05 0.15 -0.0796879 0.746683 
3.1 0.15 -0.0768466 0.725104 
3.15 0.15 -0.0713507 0.705551 
3.2 0.15 -0.063405 0.688393 
3.25 0.15 -0.053284 0.673941 
3.3 0.15 -0.0413299 0.662462 
3.35 0.15 -0.0279474 0.654177 
3.4 0.15 -0.0135947 0.649253 
3.45 0.15 0.00123144 0.647793 
3.5 0.15 0.0160147 0.649828 
3.55 0.15 0.0302406 0.655316 
3.6 0.15 0.0434176 0.664141 
3.65 0.15 0.0550954 0.676126 
3.7 0.15 0.0648793 0.691044 
3.75 0.15 0.0724381 0.708619 
3.8 0.15 0.0775088 0.728532 
3.85 0.15 0.0798985 0.750403 
3.9 0.15 0.0794865 0.773758 
3.95 0.15 0.0762293 0.797989 
4 0.15 0.0701693 0.82229 
4.05 0.15 0.0614474 0.845627 
4.1 0.15 0.0503162 0.866731 
4.15 0.15 0.0371487 0.884188 
4.2 0.15 0.0224368 0.896606 
4.25 0.15 0.00677431 0.902866 
4.3 0.15 -0.00917732 0.902361 
4.35 0.15 -0.0247351 0.895146 
4.4 0.15 -0.0392457 0.881918 
4.45 0.15 -0.0521301 0.863856 
4.5 0.15 -0.0629155 0.84237 
4.55 0.15 -0.0712501 0.818862 
4.6 0.15 -0.0769028 0.794565 
4.65 0.15 -0.0797538 0.770477 
4.7 0.15 -0.0797812 0.747363 
4.75 0.15 -0.077049 0.725803 
4.8 0.15 -0.071697 0.706238 
4.85 0.15 -0.0639326 0.689018 
4.9 0.15 -0.0540173 0.67443 
4.95 0.15 -0.0422396 0.662723 
5 0.15 -0.028857 0.654163 
0 0.2 -0.0651214 0.566725 
0.05 0.2 -0.0443495 0.555761 
0.1 0.2 -0.0218576 0.549174 
0.15 0.2 0.00142552 0.547177 
0.2 0.2 0.024621 0.549803 
0.25 0.2 0.0468973 0.556961 
0.3 0.2 0.0674804 0.568461 
0.35 0.2 0.0856715 0.584033 
0.4 0.2 0.100862 0.603348 
0.45 0.2 0.112546 0.626029 
0.5 0.2 0.120323 0.651653 
0.55 0.2 0.123908 0.679728 
0.6 0.2 0.123126 0.709659 
0.65 0.2 0.117926 0.740677 
0.7 0.2 0.108391 0.771767 
0.75 0.2 0.0947574 0.801611 
0.8 0.2 0.0774298 0.828587 
0.85 0.2 0.0569947 0.850874 
0.9 0.2 0.0342146 0.866677 
0.95 0.2 0.0100012 0.874553 
1 0.2 -0.0146352 0.873728 
1.05 0.2 -0.0386542 0.864285 
1.1 0.2 -0.0610592 0.847147 
1.15 0.2 -0.0809636 0.823848 
1.2 0.2 -0.0976371 0.796211 
1.25 0.2 -0.110528 0.766034 
1.3 0.2 -0.119266 0.734888 
1.35 0.2 -0.123645 0.704029 
1.4 0.2 -0.123611 0.674422 
1.45 0.2 -0.119243 0.646797 
1.5 0.2 -0.110739 0.621726 
1.55 0.2 -0.098412 0.599682 
1.6 0.2 -0.0826886 0.581076 
1.65 0.2 -0.0641017 0.56627 
1.7 0.2 -0.0432843 0.555571 
1.75 0.2 -0.0209537 0.549219 
1.8 0.2 0.00211194 0.547362 
1.85 0.2 0.0251036 0.550043 
1.9 0.2 0.0472154 0.557199 
1.95 0.2 0.0676783 0.568663 
2 0.2 0.0857888 0.584185 
2.05 0.2 0.100931 0.603443 
2.1 0.2 0.112592 0.626069 
2.15 0.2 0.120364 0.65164 
2.2 0.2 0.123956 0.679671 
2.25 0.2 0.12319 0.709565 
2.3 0.2 0.118011 0.740555 
2.35 0.2 0.1085 0.771629 
2.4 0.2 0.0948892 0.801471 
2.45 0.2 0.0775824 0.828461 
2.5 0.2 0.0571642 0.850777 
2.55 0.2 0.0343954 0.866625 
2.6 0.2 0.0101865 0.874557 
2.65 0.2 -0.0144527 0.873792 
2.7 0.2 -0.0384819 0.864406 
2.75 0.2 -0.0609041 0.847316 
2.8 0.2 -0.0808316 0.824055 
2.85 0.2 -0.0975331 0.796442 
2.9 0.2 -0.110456 0.766277 
2.95 0.2 -0.119227 0.735132 
3 0.2 -0.123641 0.704267 
3.05 0.2 -0.123642 0.674647 
3.1 0.2 -0.119307 0.647004 
3.15 0.2 -0.110835 0.621911 
3.2 0.2 -0.0985369 0.599842 
3.25 0.2 -0.0828386 0.581206 
3.3 0.2 -0.0642721 0.566368 
3.35 0.2 -0.0434696 0.555635 
3.4 0.2 -0.0211476 0.549246 
3.45 0.2 0.00191592 0.547351 
3.5 0.2 0.0249123 0.549994 
3.55 0.2 0.0470357 0.557113 
3.6 0.2 0.0675164 0.568542 
3.65 0.2 0.0856505 0.584029 
3.7 0.2 0.100822 0.603256 
3.75 0.2 0.112515 0.625853 
3.8 0.2 0.120324 0.6514 
3.85 0.2 0.123955 0.679409 
3.9 0.2 0.12323 0.709288 
3.95 0.2 0.118093 0.740271 
4 0.2 0.108623 0.77135 
4.05 0.2 0.0950523 0.801212 
4.1 0.2 0.0777821 0.828242 
4.15 0.2 0.0573953 0.85062 
4.2 0.2 0.0346511 0.866552 
4.25 0.2 0.0104584 0.874587 
4.3 0.2 -0.0141742 0.873938 
4.35 0.2 -0.0382068 0.864672 
4.4 0.2 -0.0606427 0.847699 
4.45 0.2 -0.0805944 0.824543 
4.5 0.2 -0.0973306 0.797023 
4.55 0.2 -0.110299 0.766937 
4.6 0.2 -0.11913 0.735857 
4.65 0.2 -0.123622 0.705043 
4.7 0.2 -0.123724 0.675458 
4.75 0.2 -0.119518 0.647826 
4.8 0.2 -0.111208 0.622708 
4.85 0.2 -0.0991006 0.600562 
4.9 0.2 -0.0835987 0.581781 
4.95 0.2 -0.0651711 0.566725 
5 0.2 -0.0443129 0.555761 
0 0.25 -0.0879461 0.486883 
0.05 0.25 -0.0597423 0.47384 
0.1 0.25 -0.0292706 0.465987 
0.15 0.25 0.00227969 0.463602 
0.2 0.25 0.0337313 0.466755 
0.25 0.25 0.0639473 0.475338 
0.3 0.25 0.0918625 0.4891 
0.35 0.25 0.116515 0.507675 
0.4 0.25 0.13707 0.530626 
0.45 0.25 0.152837 0.557467 
0.5 0.25 0.16328 0.587673 
0.55 0.25 0.168015 0.620663 
0.6 0.25 0.166822 0.655746 
0.65 0.25 0.159648 0.69204 
0.7 0.25 0.146624 0.728381 
0.75 0.25 0.128086 0.763247 
0.8 0.25 0.104595 0.794758 
0.85 0.25 0.0769492 0.820791 
0.9 0.25 0.0461757 0.839252 
0.95 0.25 0.0134936 0.848453 
1 0.25 -0.0197513 0.847488 
1.05 0.25 -0.0521746 0.836456 
1.1 0.25 -0.0824483 0.816433 
1.15 0.25 -0.109385 0.789215 
1.2 0.25 -0.132 0.756929 
1.25 0.25 -0.14954 0.721667 
1.3 0.25 -0.161488 0.685248 
1.35 0.25 -0.16755 0.649122 
1.4 0.25 -0.167632 0.614394 
1.45 0.25 -0.161824 0.581901 
1.5 0.25 -0.15038 0.552306 
1.55 0.25 -0.133717 0.526177 
1.6 0.25 -0.112406 0.504024 
1.65 0.25 -0.0871722 0.486319 
1.7 0.25 -0.0588784 0.473479 
1.75 0.25 -0.0285071 0.465834 
1.8 0.25 0.0028739 0.463595 
1.85 0.25 0.0341533 0.466826 
1.9 0.25 0.0642242 0.475436 
1.95 0.25 0.0920314 0.489188 
2 0.25 0.116612 0.507734 
2.05 0.25 0.137127 0.530645 
2.1 0.25 0.15288 0.557443 
2.15 0.25 0.163326 0.587607 
2.2 0.25 0.168078 0.620559 
2.25 0.25 0.166911 0.655609 
2.3 0.25 0.159767 0.691879 
2.35 0.25 0.146775 0.728208 
2.4 0.25 0.128268 0.763076 
2.45 0.25 0.104805 0.794606 
2.5 0.25 0.0771815 0.820676 
2.55 0.25 0.0464225 0.839191 
2.6 0.25 0.0137459 0.848458 
2.65 0.25 -0.0195032 0.847564 
2.7 0.25 -0.0519407 0.836598 
2.75 0.25 -0.0822376 0.816633 
2.8 0.25 -0.109206 0.789459 
2.85 0.25 -0.131859 0.757201 
2.9 0.25 -0.149441 0.721953 
2.95 0.25 -0.161434 0.685536 
3 0.25 -0.167543 0.649403 
3.05 0.25 -0.167673 0.61466 
3.1 0.25 -0.161911 0.582147 
3.15 0.25 -0.15051 0.552528 
3.2 0.25 -0.133886 0.526369 
3.25 0.25 -0.11261 0.504182 
3.3 0.25 -0.0874042 0.486439 
3.35 0.25 -0.0591307 0.473558 
3.4 0.25 -0.0287712 0.465869 
3.45 0.25 0.00260709 0.463585 
3.5 0.25 0.0338931 0.46677 
3.55 0.25 0.0639799 0.475334 
3.6 0.25 0.0918117 0.489044 
3.65 0.25 0.116425 0.50755 
3.7 0.25 0.136979 0.530425 
3.75 0.25 0.152777 0.55719 
3.8 0.25 0.163272 0.587326 
3.85 0.25 0.168078 0.620254 
3.9 0.25 0.166966 0.655288 
3.95 0.25 0.159878 0.691551 
4 0.25 0.146942 0.727885 
4.05 0.25 0.128488 0.762777 
4.1 0.25 0.105073 0.794353 
4.15 0.25 0.0774908 0.820494 
4.2 0.25 0.0467641 0.839106 
4.25 0.25 0.0141088 0.848492 
4.3 0.25 -0.0191313 0.84773 
4.35 0.25 -0.0515724 0.836902 
4.4 0.25 -0.0818858 0.817067 
4.45 0.25 -0.108883 0.79001 
4.5 0.25 -0.131575 0.757852 
4.55 0.25 -0.149209 0.722686 
4.6 0.25 -0.161268 0.686332 
4.65 0.25 -0.167457 0.650244 
4.7 0.25 -0.167685 0.615525 
4.75 0.25 -0.162043 0.58301 
4.8 0.25 -0.150784 0.553356 
4.85 0.25 -0.134316 0.527118 
4.9 0.25 -0.113182 0.5048 
4.95 0.25 -0.0880483 0.486883 
5 0.25 -0.0596707 0.47384 
0 0.3 -0.108917 0.424582 
0.05 0.3 -0.0738235 0.409696 
0.1 0.3 -0.0359619 0.400712 
0.15 0.3 0.00323967 0.39799 
0.2 0.3 0.0423277 0.401637 
0.25 0.3 0.0798782 0.411517 
0.3 0.3 0.114551 0.427283 
0.35 0.3 0.145135 0.44844 
0.4 0.3 0.170586 0.474403 
0.45 0.3 0.190047 0.504552 
0.5 0.3 0.202856 0.538252 
0.55 0.3 0.208556 0.57484 
0.6 0.3 0.20689 0.613558 
0.65 0.3 0.197818 0.653459 
0.7 0.3 0.181525 0.693297 
0.75 0.3 0.158449 0.731436 
0.8 0.3 0.1293 0.765848 
0.85 0.3 0.0950715 0.794245 
0.9 0.3 0.0570277 0.814365 
0.95 0.3 0.0166598 0.824388 
1 0.3 -0.0243929 0.823336 
1.05 0.3 -0.0644458 0.811316 
1.1 0.3 -0.10188 0.789488 
1.15 0.3 -0.135243 0.759791 
1.2 0.3 -0.163318 0.724518 
1.25 0.3 -0.185167 0.685927 
1.3 0.3 -0.200131 0.645978 
1.35 0.3 -0.207823 0.606227 
1.4 0.3 -0.208104 0.567855 
1.45 0.3 -0.201058 0.531766 
1.5 0.3 -0.186982 0.498689 
1.55 0.3 -0.166377 0.469279 
1.6 0.3 -0.139943 0.444161 
1.65 0.3 -0.108579 0.423946 
1.7 0.3 -0.0733622 0.409199 
1.75 0.3 -0.0355267 0.400381 
1.8 0.3 0.00358243 0.397793 
1.85 0.3 0.0425633 0.401528 
1.9 0.3 0.0800199 0.411452 
1.95 0.3 0.114624 0.427232 
2 0.3 0.145166 0.448382 
2.05 0.3 0.170601 0.474325 
2.1 0.3 0.190066 0.504448 
2.15 0.3 0.202895 0.538122 
2.2 0.3 0.208626 0.574683 
2.25 0.3 0.206998 0.613378 
2.3 0.3 0.197967 0.653263 
2.35 0.3 0.181716 0.693094 
2.4 0.3 0.158679 0.73124 
2.45 0.3 0.129564 0.765678 
2.5 0.3 0.0953626 0.794118 
2.55 0.3 0.0573361 0.814298 
2.6 0.3 0.0169743 0.824394 
2.65 0.3 -0.0240842 0.82342 
2.7 0.3 -0.0641549 0.811474 
2.75 0.3 -0.101618 0.789709 
2.8 0.3 -0.13502 0.760059 
2.85 0.3 -0.163142 0.724817 
2.9 0.3 -0.185043 0.686243 
2.95 0.3 -0.200063 0.646297 
3 0.3 -0.207814 0.606539 
3.05 0.3 -0.208154 0.568153 
3.1 0.3 -0.201165 0.532043 
3.15 0.3 -0.187143 0.49894 
3.2 0.3 -0.166587 0.469498 
3.25 0.3 -0.140197 0.444343 
3.3 0.3 -0.108868 0.424086 
3.35 0.3 -0.0736768 0.409292 
3.4 0.3 -0.0358561 0.400423 
3.45 0.3 0.00324974 0.397783 
3.5 0.3 0.0422392 0.401465 
3.55 0.3 0.0797159 0.411338 
3.6 0.3 0.11435 0.42707 
3.65 0.3 0.144934 0.448176 
3.7 0.3 0.170418 0.47408 
3.75 0.3 0.189939 0.504169 
3.8 0.3 0.20283 0.537812 
3.85 0.3 0.208627 0.57435 
3.9 0.3 0.207067 0.613028 
3.95 0.3 0.198105 0.652907 
4 0.3 0.181922 0.692745 
4.05 0.3 0.158949 0.730918 
4.1 0.3 0.129893 0.765406 
4.15 0.3 0.0957404 0.793924 
4.2 0.3 0.0577525 0.814209 
4.25 0.3 0.0174164 0.824432 
4.3 0.3 -0.0236307 0.823598 
4.35 0.3 -0.0637044 0.811795 
4.4 0.3 -0.101185 0.790167 
4.45 0.3 -0.134615 0.760637 
4.5 0.3 -0.162777 0.725494 
4.55 0.3 -0.184727 0.686996 
4.6 0.3 -0.199805 0.647103 
4.65 0.3 -0.207622 0.607377 
4.7 0.3 -0.208037 0.569001 
4.75 0.3 -0.201133 0.532876 
4.8 0.3 -0.187201 0.499731 
4.85 0.3 -0.166732 0.470216 
4.9 0.3 -0.140401 0.444958 
4.95 0.3 -0.109062 0.424582 
5 0.3 -0.0737239 0.409696 
0 0.35 -0.126665 0.378308 
0.05 0.35 -0.0856924 0.361658 
0.1 0.35 -0.0415206 0.351576 
0.15 0.35 0.00421488 0.348535 
0.2 0.35 0.0498181 0.352687 
0.25 0.35 0.0936125 0.363841 
0.3 0.35 0.134015 0.381518 
0.35 0.35 0.169599 0.405031 
0.4 0.35 0.19914 0.433596 
0.45 0.35 0.221642 0.466413 
0.5 0.35 0.236349 0.502715 
0.55 0.35 0.242749 0.541753 
0.6 0.35 0.240572 0.582722 
0.65 0.35 0.229799 0.624654 
0.7 0.35 0.210677 0.666286 
0.75 0.35 0.183739 0.705965 
0.8 0.35 0.149828 0.741642 
0.85 0.35 0.1101 0.771 
0.9 0.35 0.0660148 0.79176 
0.95 0.35 0.0192793 0.802089 
1 0.35 -0.0282364 0.801005 
1.05 0.35 -0.0746128 0.788613 
1.1 0.35 -0.118003 0.766082 
1.15 0.35 -0.156739 0.735362 
1.2 0.35 -0.189418 0.698767 
1.25 0.35 -0.214941 0.658582 
1.3 0.35 -0.232525 0.616786 
1.35 0.35 -0.241693 0.574953 
1.4 0.35 -0.242251 0.534281 
1.45 0.35 -0.234266 0.495696 
1.5 0.35 -0.218056 0.459983 
1.55 0.35 -0.19418 0.427888 
1.6 0.35 -0.163441 0.400183 
1.65 0.35 -0.126882 0.377663 
1.7 0.35 -0.0857638 0.361097 
1.75 0.35 -0.0415423 0.351133 
1.8 0.35 0.00419008 0.348201 
1.85 0.35 0.0497703 0.352432 
1.9 0.35 0.0935424 0.363637 
1.95 0.35 0.133934 0.38134 
2 0.35 0.169523 0.404862 
2.05 0.35 0.199084 0.433424 
2.1 0.35 0.221619 0.466232 
2.15 0.35 0.236369 0.502521 
2.2 0.35 0.242817 0.541545 
2.25 0.35 0.240693 0.582503 
2.3 0.35 0.229973 0.624428 
2.35 0.35 0.210902 0.666061 
2.4 0.35 0.184011 0.705755 
2.45 0.35 0.150139 0.741462 
2.5 0.35 0.110442 0.770868 
2.55 0.35 0.0663758 0.791693 
2.6 0.35 0.0196467 0.802098 
2.65 0.35 -0.0278764 0.801095 
2.7 0.35 -0.0742737 0.78878 
2.75 0.35 -0.117697 0.766314 
2.8 0.35 -0.156479 0.735644 
2.85 0.35 -0.189212 0.699083 
2.9 0.35 -0.214796 0.658915 
2.95 0.35 -0.232445 0.617124 
3 0.35 -0.241681 0.575287 
3.05 0.35 -0.242308 0.534602 
3.1 0.35 -0.23439 0.495998 
3.15 0.35 -0.218243 0.460259 
3.2 0.35 -0.194425 0.428133 
3.25 0.35 -0.163738 0.400389 
3.3 0.35 -0.127219 0.377823 
3.35 0.35 -0.0861318 0.361205 
3.4 0.35 -0.0419278 0.351184 
3.45 0.35 0.00380082 0.348192 
3.5 0.35 0.0493912 0.352364 
3.55 0.35 0.0931873 0.363511 
3.6 0.35 0.133616 0.381162 
3.65 0.35 0.169253 0.404637 
3.7 0.35 0.198872 0.433159 
3.75 0.35 0.221473 0.465933 
3.8 0.35 0.236295 0.502195 
3.85 0.35 0.24282 0.541197 
3.9 0.35 0.240774 0.58214 
3.95 0.35 0.230133 0.624061 
4 0.35 0.211139 0.665704 
4.05 0.35 0.184321 0.705428 
4.1 0.35 0.150515 0.741187 
4.15 0.35 0.110873 0.770673 
4.2 0.35 0.0668504 0.791604 
4.25 0.35 0.0201501 0.802138 
4.3 0.35 -0.0273594 0.801275 
4.35 0.35 -0.0737582 0.789102 
4.4 0.35 -0.117197 0.766768 
4.45 0.35 -0.156004 0.736211 
4.5 0.35 -0.188771 0.69974 
4.55 0.35 -0.214393 0.659637 
4.6 0.35 -0.232083 0.617886 
4.65 0.35 -0.241358 0.576064 
4.7 0.35 -0.24202 0.535372 
4.75 0.35 -0.234131 0.49674 
4.8 0.35 -0.218002 0.460953 
4.85 0.35 -0.194182 0.428762 
4.9 0.35 -0.163457 0.400943 
4.95 0.35 -0.126843 0.378308 
5 0.35 -0.0855711 0.361658 
0 0.4 -0.140181 0.344684 
0.05 0.4 -0.0946929 0.326216 
0.1 0.4 -0.0456607 0.314984 
0.15 0.4 0.00511157 0.311617 
0.2 0.4 0.0557313 0.316315 
0.25 0.4 0.104316 0.328814 
0.3 0.4 0.149087 0.348449 
0.35 0.4 0.188446 0.374284 
0.4 0.4 0.221029 0.405271 
0.45 0.4 0.245742 0.440382 
0.5 0.4 0.261766 0.478682 
0.55 0.4 0.268562 0.519322 
0.6 0.4 0.265865 0.561459 
0.65 0.4 0.253693 0.604134 
0.7 0.4 0.232352 0.646128 
0.75 0.4 0.20246 0.685856 
0.8 0.4 0.164965 0.721362 
0.85 0.4 0.121148 0.750442 
0.9 0.4 0.0726073 0.770936 
0.95 0.4 0.0211979 0.781113 
1 0.4 -0.0310553 0.780044 
1.05 0.4 -0.0820762 0.767831 
1.1 0.4 -0.129863 0.745574 
1.15 0.4 -0.172603 0.715117 
1.2 0.4 -0.208755 0.678657 
1.25 0.4 -0.237099 0.638365 
1.3 0.4 -0.256749 0.596134 
1.35 0.4 -0.267148 0.553473 
1.4 0.4 -0.268043 0.511541 
1.45 0.4 -0.259473 0.471265 
1.5 0.4 -0.241752 0.433477 
1.55 0.4 -0.215473 0.399038 
1.6 0.4 -0.181504 0.3689 
1.65 0.4 -0.140993 0.344099 
1.7 0.4 -0.0953468 0.325671 
1.75 0.4 -0.0461968 0.314509 
1.8 0.4 0.00466074 0.311213 
1.85 0.4 0.0553462 0.315969 
1.9 0.4 0.103989 0.328509 
1.95 0.4 0.148816 0.34817 
2 0.4 0.188235 0.374021 
2.05 0.4 0.220882 0.405017 
2.1 0.4 0.245662 0.440132 
2.15 0.4 0.261755 0.478433 
2.2 0.4 0.26862 0.519072 
2.25 0.4 0.265992 0.561209 
2.3 0.4 0.253884 0.603888 
2.35 0.4 0.232603 0.645891 
2.4 0.4 0.202764 0.68564 
2.45 0.4 0.165312 0.721181 
2.5 0.4 0.121529 0.750313 
2.55 0.4 0.0730087 0.770873 
2.6 0.4 0.0216055 0.781125 
2.65 0.4 -0.0306563 0.780137 
2.7 0.4 -0.0817005 0.768 
2.75 0.4 -0.129525 0.745809 
2.8 0.4 -0.172314 0.715403 
2.85 0.4 -0.208525 0.678977 
2.9 0.4 -0.236936 0.638706 
2.95 0.4 -0.256659 0.596483 
3 0.4 -0.267132 0.55382 
3.05 0.4 -0.268104 0.511879 
3.1 0.4 -0.259608 0.471587 
3.15 0.4 -0.241959 0.433776 
3.2 0.4 -0.215744 0.399307 
3.25 0.4 -0.181833 0.369129 
3.3 0.4 -0.141369 0.34428 
3.35 0.4 -0.0957561 0.325794 
3.4 0.4 -0.0466257 0.314569 
3.45 0.4 0.00422761 0.311206 
3.5 0.4 0.0549248 0.315894 
3.55 0.4 0.103594 0.328371 
3.6 0.4 0.148463 0.347976 
3.65 0.4 0.187936 0.373779 
3.7 0.4 0.220648 0.404735 
3.75 0.4 0.245502 0.439819 
3.8 0.4 0.261674 0.478095 
3.85 0.4 0.268624 0.518717 
3.9 0.4 0.266081 0.560845 
3.95 0.4 0.25406 0.603523 
4 0.4 0.232862 0.64554 
4.05 0.4 0.203101 0.685321 
4.1 0.4 0.16572 0.720916 
4.15 0.4 0.121996 0.750127 
4.2 0.4 0.073521 0.77079 
4.25 0.4 0.0221485 0.781165 
4.3 0.4 -0.030098 0.78031 
4.35 0.4 -0.0811416 0.768304 
4.4 0.4 -0.128977 0.746234 
4.45 0.4 -0.171787 0.715928 
4.5 0.4 -0.208021 0.679578 
4.55 0.4 -0.236454 0.639355 
4.6 0.4 -0.256192 0.597153 
4.65 0.4 -0.266668 0.554486 
4.7 0.4 -0.267626 0.51252 
4.75 0.4 -0.259094 0.472185 
4.8 0.4 -0.241381 0.43432 
4.85 0.4 -0.215071 0.399791 
4.9 0.4 -0.181025 0.369562 
4.95 0.4 -0.140383 0.344684 
5 0.4 -0.0945555 0.326216 
0 0.45 -0.148758 0.319714 
0.05 0.45 -0.100368 0.299351 
0.1 0.45 -0.0481932 0.286908 
0.15 0.45 0.0058431 0.283201 
0.2 0.45 0.0597076 0.288488 
0.25 0.45 0.11137 0.302413 
0.3 0.45 0.158914 0.324089 
0.35 0.45 0.200623 0.35228 
0.4 0.45 0.235046 0.385626 
0.45 0.45 0.26103 0.42283 
0.5 0.45 0.277732 0.462756 
0.55 0.45 0.284613 0.504438 
0.6 0.45 0.281433 0.546995 
0.65 0.45 0.26825 0.58949 
0.7 0.45 0.245428 0.630788 
0.75 0.45 0.213652 0.669443 
0.8 0.45 0.173943 0.703685 
0.85 0.45 0.127659 0.731535 
0.9 0.45 0.0764748 0.751064 
0.95 0.45 0.0223197 0.760732 
1 0.45 -0.0327082 0.759717 
1.05 0.45 -0.086461 0.748107 
1.1 0.45 -0.136864 0.72688 
1.15 0.45 -0.182028 0.697674 
1.2 0.45 -0.220335 0.662454 
1.25 0.45 -0.250489 0.623173 
1.3 0.45 -0.271532 0.581543 
1.35 0.45 -0.282837 0.538947 
1.4 0.45 -0.2841 0.496472 
1.45 0.45 -0.275317 0.455029 
1.5 0.45 -0.256781 0.415508 
1.55 0.45 -0.229087 0.378901 
1.6 0.45 -0.193134 0.346377 
1.65 0.45 -0.150131 0.319256 
1.7 0.45 -0.101578 0.29889 
1.75 0.45 -0.0492305 0.286465 
1.8 0.45 0.00496808 0.282784 
1.85 0.45 0.05898 0.288095 
1.9 0.45 0.110777 0.30204 
1.95 0.45 0.158444 0.323733 
2 0.45 0.200268 0.35194 
2.05 0.45 0.2348 0.385302 
2.1 0.45 0.260887 0.42252 
2.15 0.45 0.277684 0.46246 
2.2 0.45 0.284655 0.504154 
2.25 0.45 0.281557 0.546722 
2.3 0.45 0.26845 0.589231 
2.35 0.45 0.245695 0.630547 
2.4 0.45 0.213977 0.669229 
2.45 0.45 0.174315 0.70351 
2.5 0.45 0.128066 0.731413 
2.55 0.45 0.076902 0.751007 
2.6 0.45 0.0227528 0.760749 
2.65 0.45 -0.0322848 0.759811 
2.7 0.45 -0.0860625 0.748275 
2.75 0.45 -0.136505 0.727111 
2.8 0.45 -0.181721 0.697956 
2.85 0.45 -0.220091 0.662772 
2.9 0.45 -0.250315 0.623513 
2.95 0.45 -0.271434 0.581895 
3 0.45 -0.282819 0.539302 
3.05 0.45 -0.284162 0.496822 
3.1 0.45 -0.275458 0.455368 
3.15 0.45 -0.256999 0.415828 
3.2 0.45 -0.229374 0.379193 
3.25 0.45 -0.193483 0.34663 
3.3 0.45 -0.15053 0.319458 
3.35 0.45 -0.102014 0.29903 
3.4 0.45 -0.0496879 0.286535 
3.45 0.45 0.00450621 0.282778 
3.5 0.45 0.0585309 0.288014 
3.55 0.45 0.110357 0.30189 
3.6 0.45 0.158069 0.323523 
3.65 0.45 0.199952 0.351681 
3.7 0.45 0.234553 0.385005 
3.75 0.45 0.260718 0.422195 
3.8 0.45 0.2776 0.462116 
3.85 0.45 0.28466 0.503798 
3.9 0.45 0.281653 0.546363 
3.95 0.45 0.268634 0.588877 
4 0.45 0.245966 0.630212 
4.05 0.45 0.214327 0.668929 
4.1 0.45 0.174737 0.703264 
4.15 0.45 0.128548 0.731243 
4.2 0.45 0.0774299 0.750933 
4.25 0.45 0.0233118 0.760786 
4.3 0.45 -0.0317096 0.759967 
4.35 0.45 -0.0854844 0.748546 
4.4 0.45 -0.135934 0.727486 
4.45 0.45 -0.181162 0.698413 
4.5 0.45 -0.219542 0.663285 
4.55 0.45 -0.24977 0.624055 
4.6 0.45 -0.270875 0.582438 
4.65 0.45 -0.282225 0.539819 
4.7 0.45 -0.283503 0.497293 
4.75 0.45 -0.274698 0.455779 
4.8 0.45 -0.256096 0.416173 
4.85 0.45 -0.228289 0.379479 
4.9 0.45 -0.192177 0.34688 
4.95 0.45 -0.148977 0.319714 
5 0.45 -0.10022 0.299351 
0 0.5 -0.151951 0.299687 
0.05 0.5 -0.102431 0.277458 
0.1 0.5 -0.0490076 0.263817 
0.15 0.5 0.00633741 0.259779 
0.2 0.5 0.0614952 0.265663 
0.25 0.5 0.114357 0.281012 
0.3 0.5 0.162932 0.304701 
0.35 0.5 0.20545 0.335179 
0.4 0.5 0.240425 0.370758 
0.45 0.5 0.266695 0.409853 
0.5 0.5 0.283425 0.451118 
0.55 0.5 0.290101 0.493457 
0.6 0.5 0.286522 0.53594 
0.65 0.5 0.27279 0.57766 
0.7 0.5 0.249315 0.617586 
0.75 0.5 0.216827 0.654449 
0.8 0.5 0.176382 0.686726 
0.85 0.5 0.129365 0.712735 
0.9 0.5 0.077461 0.73085 
0.95 0.5 0.0226002 0.739782 
1 0.5 -0.0331285 0.738845 
1.05 0.5 -0.0875889 0.728111 
1.1 0.5 -0.138714 0.708397 
1.15 0.5 -0.184612 0.681077 
1.2 0.5 -0.223651 0.647807 
1.25 0.5 -0.254506 0.610252 
1.3 0.5 -0.276179 0.569888 
1.35 0.5 -0.288001 0.527934 
1.4 0.5 -0.289618 0.485387 
1.45 0.5 -0.28098 0.443146 
1.5 0.5 -0.262347 0.402163 
1.55 0.5 -0.234286 0.363576 
1.6 0.5 -0.19769 0.328784 
1.65 0.5 -0.153784 0.299407 
1.7 0.5 -0.104105 0.277131 
1.75 0.5 -0.0504713 0.263451 
1.8 0.5 0.00509457 0.259385 
1.85 0.5 0.0604656 0.26525 
1.9 0.5 0.113525 0.28059 
1.95 0.5 0.162282 0.304281 
2 0.5 0.204964 0.334771 
2.05 0.5 0.240088 0.37037 
2.1 0.5 0.266492 0.40949 
2.15 0.5 0.28334 0.45078 
2.2 0.5 0.290123 0.493143 
2.25 0.5 0.286639 0.53565 
2.3 0.5 0.27299 0.577395 
2.35 0.5 0.249588 0.617347 
2.4 0.5 0.21716 0.654244 
2.45 0.5 0.176764 0.686563 
2.5 0.5 0.129782 0.712625 
2.55 0.5 0.077898 0.730804 
2.6 0.5 0.0230425 0.739805 
2.65 0.5 -0.0326966 0.73894 
2.7 0.5 -0.0871825 0.728274 
2.75 0.5 -0.138347 0.70862 
2.8 0.5 -0.184298 0.681349 
2.85 0.5 -0.2234 0.648116 
2.9 0.5 -0.254326 0.610587 
2.95 0.5 -0.276077 0.570239 
3 0.5 -0.28798 0.528293 
3.05 0.5 -0.289679 0.485747 
3.1 0.5 -0.281123 0.4435 
3.15 0.5 -0.262568 0.402502 
3.2 0.5 -0.234579 0.36389 
3.25 0.5 -0.198047 0.329059 
3.3 0.5 -0.154192 0.299629 
3.35 0.5 -0.104552 0.277286 
3.4 0.5 -0.0509405 0.263529 
3.45 0.5 0.00462076 0.259379 
3.5 0.5 0.0600051 0.265162 
3.55 0.5 0.113095 0.280426 
3.6 0.5 0.161898 0.304054 
3.65 0.5 0.204641 0.334495 
3.7 0.5 0.239837 0.370059 
3.75 0.5 0.266321 0.409155 
3.8 0.5 0.283256 0.450432 
3.85 0.5 0.290129 0.492791 
3.9 0.5 0.286736 0.535301 
3.95 0.5 0.273176 0.577058 
4 0.5 0.249859 0.617033 
4.05 0.5 0.21751 0.653966 
4.1 0.5 0.177183 0.686339 
4.15 0.5 0.130259 0.712472 
4.2 0.5 0.0784195 0.730736 
4.25 0.5 0.0235939 0.739835 
4.3 0.5 -0.032129 0.739071 
4.35 0.5 -0.0866102 0.728502 
4.4 0.5 -0.137777 0.70893 
4.45 0.5 -0.183732 0.681719 
4.5 0.5 -0.222832 0.648521 
4.55 0.5 -0.253742 0.610997 
4.6 0.5 -0.275453 0.570627 
4.65 0.5 -0.287285 0.528632 
4.7 0.5 -0.288872 0.486018 
4.75 0.5 -0.280159 0.443689 
4.8 0.5 -0.261396 0.40261 
4.85 0.5 -0.233153 0.363934 
4.9 0.5 -0.196331 0.32908 
4.95 0.5 -0.152177 0.299687 
5 0.5 -0.102278 0.277458 
0 0.55 -0.14956 0.281569 
0.05 0.55 -0.100757 0.257726 
0.1 0.55 -0.0480642 0.243043 
0.15 0.55 0.00654235 0.238726 
0.2 0.55 0.0609527 0.245145 
0.25 0.55 0.113054 0.261748 
0.3 0.55 0.160857 0.28719 
0.35 0.55 0.202602 0.319629 
0.4 0.55 0.236827 0.357077 
0.45 0.55 0.262402 0.397686 
0.5 0.55 0.278533 0.43991 
0.55 0.55 0.284756 0.482531 
0.6 0.55 0.280912 0.524566 
0.65 0.55 0.267147 0.565135 
0.7 0.55 0.243899 0.603309 
0.75 0.55 0.211915 0.638009 
0.8 0.55 0.172246 0.667979 
0.85 0.55 0.12625 0.691862 
0.9 0.55 0.0755617 0.70836 
0.95 0.55 0.0220391 0.716455 
1 0.55 -0.0323147 0.715606 
1.05 0.55 -0.0854535 0.70587 
1.1 0.55 -0.135394 0.687891 
1.15 0.55 -0.180313 0.662754 
1.2 0.55 -0.218624 0.631784 
1.25 0.55 -0.249025 0.596329 
1.3 0.55 -0.270518 0.55761 
1.35 0.55 -0.282413 0.516675 
1.4 0.55 -0.284322 0.474431 
1.45 0.55 -0.276155 0.431767 
1.5 0.55 -0.258122 0.3897 
1.55 0.55 -0.230745 0.349511 
1.6 0.55 -0.194875 0.31281 
1.65 0.55 -0.151705 0.281494 
1.7 0.55 -0.102753 0.257556 
1.75 0.55 -0.0498322 0.242776 
1.8 0.55 0.00503123 0.238372 
1.85 0.55 0.0596987 0.244724 
1.9 0.55 0.112043 0.261285 
1.95 0.55 0.16007 0.286712 
2 0.55 0.202016 0.319159 
2.05 0.55 0.236419 0.356631 
2.1 0.55 0.26215 0.397273 
2.15 0.55 0.278419 0.439535 
2.2 0.55 0.28476 0.482192 
2.25 0.55 0.281019 0.524264 
2.3 0.55 0.267341 0.564867 
2.35 0.55 0.244168 0.603077 
2.4 0.55 0.212244 0.637816 
2.45 0.55 0.172623 0.667831 
2.5 0.55 0.126661 0.691767 
2.55 0.55 0.0759921 0.708325 
2.6 0.55 0.022474 0.716484 
2.65 0.55 -0.0318904 0.715701 
2.7 0.55 -0.0850545 0.706028 
2.75 0.55 -0.135034 0.688104 
2.8 0.55 -0.180004 0.663015 
2.85 0.55 -0.218377 0.632082 
2.9 0.55 -0.248847 0.596655 
2.95 0.55 -0.270415 0.557957 
3 0.55 -0.28239 0.517035 
3.05 0.55 -0.28438 0.474797 
3.1 0.55 -0.276294 0.432132 
3.15 0.55 -0.258338 0.390055 
3.2 0.55 -0.231032 0.349843 
3.25 0.55 -0.195226 0.313105 
3.3 0.55 -0.152108 0.281734 
3.35 0.55 -0.103195 0.257725 
3.4 0.55 -0.0502957 0.242862 
3.45 0.55 0.00456314 0.238367 
3.5 0.55 0.059244 0.24463 
3.55 0.55 0.111619 0.261111 
3.6 0.55 0.159693 0.286471 
3.65 0.55 0.201699 0.318869 
3.7 0.55 0.236173 0.356307 
3.75 0.55 0.261984 0.396931 
3.8 0.55 0.278337 0.439186 
3.85 0.55 0.284766 0.481845 
3.9 0.55 0.281113 0.523927 
3.95 0.55 0.267521 0.564549 
4 0.55 0.244429 0.602785 
4.05 0.55 0.21258 0.637563 
4.1 0.55 0.173024 0.667629 
4.15 0.55 0.127115 0.691629 
4.2 0.55 0.0764865 0.708262 
4.25 0.55 0.0229957 0.716503 
4.3 0.55 -0.0313536 0.715802 
4.35 0.55 -0.0845118 0.706203 
4.4 0.55 -0.13449 0.688339 
4.45 0.55 -0.179457 0.663287 
4.5 0.55 -0.217817 0.632366 
4.55 0.55 -0.248255 0.596922 
4.6 0.55 -0.269762 0.558177 
4.65 0.55 -0.281636 0.517182 
4.7 0.55 -0.28348 0.474851 
4.75 0.55 -0.275194 0.432082 
4.8 0.55 -0.256984 0.389906 
4.85 0.55 -0.229376 0.349624 
4.9 0.55 -0.193235 0.312872 
4.95 0.55 -0.149785 0.281569 
5 0.55 -0.100605 0.257726 
0 0.6 -0.141641 0.263053 
0.05 0.6 -0.0953841 0.238131 
0.1 0.6 -0.0453952 0.22275 
0.15 0.6 0.00642961 0.218254 
0.2 0.6 0.0580572 0.225056 
0.25 0.6 0.107451 0.242529 
0.3 0.6 0.152701 0.269158 
0.35 0.6 0.192125 0.302878 
0.4 0.6 0.224339 0.341474 
0.45 0.6 0.248289 0.382901 
0.5 0.6 0.263253 0.425462 
0.55 0.6 0.268825 0.467839 
0.6 0.6 0.264897 0.509008 
0.65 0.6 0.251641 0.548108 
0.7 0.6 0.22951 0.584303 
0.75 0.6 0.19923 0.616689 
0.8 0.6 0.16181 0.644265 
0.85 0.6 0.118529 0.665978 
0.9 0.6 0.0709096 0.680844 
0.95 0.6 0.020676 0.688098 
1 0.6 -0.0303239 0.687337 
1.05 0.6 -0.0802035 0.678605 
1.1 0.6 -0.127131 0.662379 
1.15 0.6 -0.169416 0.639477 
1.2 0.6 -0.205575 0.610906 
1.25 0.6 -0.234377 0.577714 
1.3 0.6 -0.254864 0.540885 
1.35 0.6 -0.266358 0.501304 
1.4 0.6 -0.268456 0.459802 
1.45 0.6 -0.261032 0.41726 
1.5 0.6 -0.244245 0.37475 
1.55 0.6 -0.218554 0.333662 
1.6 0.6 -0.184741 0.295772 
1.65 0.6 -0.143919 0.263183 
1.7 0.6 -0.097532 0.238122 
1.75 0.6 -0.0473152 0.222586 
1.8 0.6 0.00477814 0.217948 
1.85 0.6 0.0566821 0.224637 
1.9 0.6 0.106342 0.242036 
1.95 0.6 0.151838 0.268632 
2 0.6 0.191483 0.302354 
2.05 0.6 0.223891 0.340977 
2.1 0.6 0.248011 0.382446 
2.15 0.6 0.26312 0.425056 
2.2 0.6 0.268815 0.467481 
2.25 0.6 0.264991 0.508697 
2.3 0.6 0.251824 0.547841 
2.35 0.6 0.229765 0.58408 
2.4 0.6 0.199544 0.61651 
2.45 0.6 0.162169 0.644133 
2.5 0.6 0.118919 0.665899 
2.55 0.6 0.0713173 0.680821 
2.6 0.6 0.0210872 0.688133 
2.65 0.6 -0.0299232 0.687432 
2.7 0.6 -0.0798267 0.678757 
2.75 0.6 -0.126791 0.662583 
2.8 0.6 -0.169124 0.639725 
2.85 0.6 -0.20534 0.611192 
2.9 0.6 -0.234207 0.57803 
2.95 0.6 -0.254766 0.541225 
3 0.6 -0.266334 0.501662 
3.05 0.6 -0.268509 0.46017 
3.1 0.6 -0.261161 0.417632 
3.15 0.6 -0.244447 0.375115 
3.2 0.6 -0.218826 0.334007 
3.25 0.6 -0.185073 0.29608 
3.3 0.6 -0.144301 0.263436 
3.35 0.6 -0.097951 0.238301 
3.4 0.6 -0.0477555 0.222677 
3.45 0.6 0.00433345 0.217944 
3.5 0.6 0.0562504 0.224538 
3.55 0.6 0.10594 0.241853 
3.6 0.6 0.151481 0.268381 
3.65 0.6 0.191183 0.302054 
3.7 0.6 0.22366 0.340647 
3.75 0.6 0.247855 0.382101 
3.8 0.6 0.263044 0.424709 
3.85 0.6 0.268822 0.467143 
3.9 0.6 0.265079 0.508374 
3.95 0.6 0.251991 0.547541 
4 0.6 0.230007 0.58381 
4.05 0.6 0.199853 0.616279 
4.1 0.6 0.162536 0.643951 
4.15 0.6 0.119333 0.665773 
4.2 0.6 0.0717669 0.680758 
4.25 0.6 0.0215603 0.688137 
4.3 0.6 -0.029437 0.687498 
4.35 0.6 -0.0793347 0.678876 
4.4 0.6 -0.126295 0.662739 
4.45 0.6 -0.16862 0.639897 
4.5 0.6 -0.204816 0.611353 
4.55 0.6 -0.23364 0.578152 
4.6 0.6 -0.254123 0.541277 
4.65 0.6 -0.265574 0.501618 
4.7 0.6 -0.267581 0.46001 
4.75 0.6 -0.260011 0.417347 
4.8 0.6 -0.24302 0.374717 
4.85 0.6 -0.217073 0.333533 
4.9 0.6 -0.182968 0.295601 
4.95 0.6 -0.141855 0.263053 
5 0.6 -0.0952399 0.238131 
0 0.65 -0.128528 0.242462 
0.05 0.65 -0.0865373 0.217293 
0.1 0.65 -0.0411132 0.201738 
0.15 0.65 0.00599776 0.197217 
0.2 0.65 0.0529193 0.204161 
0.25 0.65 0.0977729 0.221899 
0.3 0.65 0.138801 0.248828 
0.35 0.65 0.174466 0.282767 
0.4 0.65 0.203516 0.321388 
0.45 0.65 0.225008 0.362548 
0.5 0.65 0.238313 0.404476 
0.55 0.65 0.243094 0.445804 
0.6 0.65 0.239288 0.485488 
0.65 0.65 0.227083 0.522689 
0.7 0.65 0.206916 0.556651 
0.75 0.65 0.179466 0.586618 
0.8 0.65 0.145654 0.611801 
0.85 0.65 0.106634 0.631409 
0.9 0.65 0.0637684 0.644718 
0.95 0.65 0.0185886 0.651178 
1 0.65 -0.027269 0.650501 
1.05 0.65 -0.0721355 0.642718 
1.1 0.65 -0.114388 0.628169 
1.15 0.65 -0.152523 0.607446 
1.2 0.65 -0.185212 0.581288 
1.25 0.65 -0.211342 0.550492 
1.3 0.65 -0.230033 0.515838 
1.35 0.65 -0.240649 0.478078 
1.4 0.65 -0.242797 0.437973 
1.45 0.65 -0.236328 0.396394 
1.5 0.65 -0.221352 0.354437 
1.55 0.65 -0.198256 0.313551 
1.6 0.65 -0.167722 0.275592 
1.65 0.65 -0.130752 0.242768 
1.7 0.65 -0.0886546 0.217424 
1.75 0.65 -0.0430219 0.20167 
1.8 0.65 0.00434541 0.19696 
1.85 0.65 0.0515375 0.203751 
1.9 0.65 0.0966559 0.221389 
1.95 0.65 0.137931 0.248269 
2 0.65 0.173819 0.282205 
2.05 0.65 0.203064 0.320855 
2.1 0.65 0.224725 0.362064 
2.15 0.65 0.238174 0.40405 
2.2 0.65 0.243076 0.445436 
2.25 0.65 0.23937 0.485175 
2.3 0.65 0.227248 0.522428 
2.35 0.65 0.207149 0.556439 
2.4 0.65 0.179753 0.586455 
2.45 0.65 0.145981 0.611687 
2.5 0.65 0.106988 0.631345 
2.55 0.65 0.0641383 0.644707 
2.6 0.65 0.018961 0.65122 
2.65 0.65 -0.0269065 0.650596 
2.7 0.65 -0.0717949 0.642864 
2.75 0.65 -0.114081 0.628363 
2.8 0.65 -0.152258 0.607682 
2.85 0.65 -0.184999 0.581561 
2.9 0.65 -0.211187 0.550796 
2.95 0.65 -0.229942 0.516167 
3 0.65 -0.240626 0.478427 
3.05 0.65 -0.242842 0.438337 
3.1 0.65 -0.236443 0.396763 
3.15 0.65 -0.221534 0.354802 
3.2 0.65 -0.198501 0.313898 
3.25 0.65 -0.168023 0.275903 
3.3 0.65 -0.131099 0.243025 
3.35 0.65 -0.0890354 0.217606 
3.4 0.65 -0.0434223 0.201763 
3.45 0.65 0.00394088 0.196956 
3.5 0.65 0.051145 0.203652 
3.55 0.65 0.0962908 0.221204 
3.6 0.65 0.137607 0.248016 
3.65 0.65 0.173548 0.281905 
3.7 0.65 0.202855 0.320527 
3.75 0.65 0.224585 0.361725 
3.8 0.65 0.238106 0.403712 
3.85 0.65 0.243082 0.44511 
3.9 0.65 0.239449 0.484869 
3.95 0.65 0.227397 0.522147 
4 0.65 0.207363 0.556191 
4.05 0.65 0.180025 0.586244 
4.1 0.65 0.146303 0.61152 
4.15 0.65 0.10735 0.631227 
4.2 0.65 0.064529 0.644641 
4.25 0.65 0.0193706 0.651205 
4.3 0.65 -0.0264866 0.650627 
4.35 0.65 -0.0713701 0.642929 
4.4 0.65 -0.113651 0.628445 
4.45 0.65 -0.151819 0.607759 
4.5 0.65 -0.184535 0.581608 
4.55 0.65 -0.210675 0.550784 
4.6 0.65 -0.229349 0.516068 
4.65 0.65 -0.239911 0.478214 
4.7 0.65 -0.241956 0.43799 
4.75 0.65 -0.235331 0.396278 
4.8 0.65 -0.220145 0.354194 
4.85 0.65 -0.196791 0.313213 
4.9 0.65 -0.165971 0.275222 
4.95 0.65 -0.12872 0.242462 
5 0.65 -0.0864079 0.217293 
0 0.7 -0.110878 0.21865 
0.05 0.7 -0.074652 0.194306 
0.1 0.7 -0.0354247 0.179254 
0.15 0.7 0.00527442 0.174901 
0.2 0.7 0.0458 0.181668 
0.25 0.7 0.0845071 0.198888 
0.3 0.7 0.119861 0.224963 
0.35 0.7 0.150528 0.257733 
0.4 0.7 0.17543 0.294893 
0.45 0.7 0.19377 0.334327 
0.5 0.7 0.205025 0.374286 
0.55 0.7 0.208932 0.413416 
0.6 0.7 0.205462 0.450693 
0.65 0.7 0.194804 0.485315 
0.7 0.7 0.177354 0.516599 
0.75 0.7 0.15371 0.543907 
0.8 0.7 0.124672 0.566618 
0.85 0.7 0.0912274 0.584138 
0.9 0.7 0.0545364 0.595946 
0.95 0.7 0.0158936 0.601651 
1 0.7 -0.0233205 0.601053 
1.05 0.7 -0.0616993 0.594174 
1.1 0.7 -0.0978735 0.581251 
1.15 0.7 -0.13057 0.562702 
1.2 0.7 -0.158656 0.539065 
1.25 0.7 -0.181177 0.51094 
1.3 0.7 -0.197369 0.478951 
1.35 0.7 -0.206666 0.443738 
1.4 0.7 -0.208708 0.406 
1.45 0.7 -0.203342 0.366574 
1.5 0.7 -0.190635 0.32654 
1.55 0.7 -0.170894 0.287331 
1.6 0.7 -0.144688 0.250782 
1.65 0.7 -0.112869 0.219078 
1.7 0.7 -0.0765671 0.194539 
1.75 0.7 -0.0371671 0.179262 
1.8 0.7 0.00375467 0.174692 
1.85 0.7 0.0445227 0.181282 
1.9 0.7 0.0834716 0.198382 
1.95 0.7 0.119054 0.224398 
2 0.7 0.149928 0.25716 
2.05 0.7 0.175012 0.29435 
2.1 0.7 0.193508 0.333837 
2.15 0.7 0.204895 0.373857 
2.2 0.7 0.208912 0.413051 
2.25 0.7 0.205533 0.450388 
2.3 0.7 0.194948 0.485067 
2.35 0.7 0.177557 0.516403 
2.4 0.7 0.15396 0.543761 
2.45 0.7 0.124955 0.56652 
2.5 0.7 0.0915341 0.584089 
2.55 0.7 0.0548553 0.595944 
2.6 0.7 0.0162141 0.601697 
2.65 0.7 -0.0230089 0.601147 
2.7 0.7 -0.0614066 0.594314 
2.75 0.7 -0.0976091 0.581433 
2.8 0.7 -0.130342 0.562923 
2.85 0.7 -0.158472 0.53932 
2.9 0.7 -0.181043 0.511226 
2.95 0.7 -0.197289 0.479263 
3 0.7 -0.206644 0.444071 
3.05 0.7 -0.208746 0.406348 
3.1 0.7 -0.20344 0.366929 
3.15 0.7 -0.190791 0.326892 
3.2 0.7 -0.171104 0.287666 
3.25 0.7 -0.144947 0.251084 
3.3 0.7 -0.113168 0.219327 
3.35 0.7 -0.0768959 0.194716 
3.4 0.7 -0.0375132 0.179353 
3.45 0.7 0.00340507 0.174688 
3.5 0.7 0.0441836 0.181186 
3.55 0.7 0.0831566 0.198204 
3.6 0.7 0.118775 0.224154 
3.65 0.7 0.149695 0.256871 
3.7 0.7 0.174833 0.294036 
3.75 0.7 0.193388 0.333513 
3.8 0.7 0.204837 0.373537 
3.85 0.7 0.208917 0.412744 
3.9 0.7 0.205599 0.450103 
3.95 0.7 0.195074 0.484808 
4 0.7 0.177737 0.516175 
4.05 0.7 0.154187 0.543569 
4.1 0.7 0.125223 0.566367 
4.15 0.7 0.0918337 0.583977 
4.2 0.7 0.0551776 0.595874 
4.25 0.7 0.0165503 0.601665 
4.3 0.7 -0.0226656 0.601145 
4.35 0.7 -0.0610601 0.59433 
4.4 0.7 -0.0972588 0.581451 
4.45 0.7 -0.129981 0.56292 
4.5 0.7 -0.158087 0.539274 
4.55 0.7 -0.180612 0.511108 
4.6 0.7 -0.196781 0.479045 
4.65 0.7 -0.20602 0.44373 
4.7 0.7 -0.207961 0.405866 
4.75 0.7 -0.202446 0.366303 
4.8 0.7 -0.189542 0.326143 
4.85 0.7 -0.169566 0.286845 
4.9 0.7 -0.143103 0.250276 
4.95 0.7 -0.111037 0.21865 
5 0.7 -0.0745448 0.194306 
0 0.75 -0.0897134 0.190945 
0.05 0.75 -0.0604097 0.168631 
0.1 0.75 -0.0286465 0.154838 
0.15 0.75 0.00431737 0.150865 
0.2 0.75 0.0371309 0.157099 
0.25 0.75 0.0684454 0.172916 
0.3 0.75 0.0970069 0.196836 
0.35 0.75 0.121731 0.226856 
0.4 0.75 0.141751 0.260842 
0.45 0.75 0.156432 0.296834 
0.5 0.75 0.16537 0.333204 
0.55 0.75 0.168372 0.368691 
0.6 0.75 0.165434 0.402341 
0.65 0.75 0.156726 0.433414 
0.7 0.75 0.142583 0.461303 
0.75 0.75 0.123495 0.485473 
0.8 0.75 0.100111 0.505429 
0.85 0.75 0.073225 0.520724 
0.9 0.75 0.0437618 0.530978 
0.95 0.75 0.0127509 0.535917 
1 0.75 -0.0187128 0.5354 
1.05 0.75 -0.0495144 0.529441 
1.1 0.75 -0.0785678 0.518207 
1.15 0.75 -0.10486 0.501994 
1.2 0.75 -0.127486 0.481195 
1.25 0.75 -0.145678 0.456266 
1.3 0.75 -0.158814 0.427707 
1.35 0.75 -0.16643 0.396063 
1.4 0.75 -0.168217 0.36196 
1.45 0.75 -0.164034 0.326172 
1.5 0.75 -0.153916 0.289709 
1.55 0.75 -0.13809 0.253905 
1.6 0.75 -0.117001 0.220468 
1.65 0.75 -0.091327 0.191423 
1.7 0.75 -0.0619826 0.168918 
1.75 0.75 -0.030096 0.154898 
1.8 0.75 0.00304076 0.150703 
1.85 0.75 0.0360512 0.156753 
1.9 0.75 0.0675673 0.172445 
1.95 0.75 0.0963219 0.1963 
2 0.75 0.121223 0.226309 
2.05 0.75 0.141397 0.260323 
2.1 0.75 0.156212 0.296365 
2.15 0.75 0.165261 0.332797 
2.2 0.75 0.168355 0.368348 
2.25 0.75 0.165492 0.402058 
2.3 0.75 0.156845 0.433187 
2.35 0.75 0.142749 0.461128 
2.4 0.75 0.123699 0.485346 
2.45 0.75 0.100342 0.505348 
2.5 0.75 0.0734736 0.520687 
2.55 0.75 0.0440196 0.530984 
2.6 0.75 0.0130095 0.535966 
2.65 0.75 -0.0184616 0.53549 
2.7 0.75 -0.0492787 0.529571 
2.75 0.75 -0.0783548 0.518374 
2.8 0.75 -0.104676 0.502195 
2.85 0.75 -0.127338 0.481427 
2.9 0.75 -0.14557 0.456526 
2.95 0.75 -0.15875 0.427991 
3 0.75 -0.166411 0.396367 
3.05 0.75 -0.168247 0.362279 
3.1 0.75 -0.164112 0.326498 
3.15 0.75 -0.154041 0.290032 
3.2 0.75 -0.138259 0.254214 
3.25 0.75 -0.117209 0.220746 
3.3 0.75 -0.0915687 0.191651 
3.35 0.75 -0.0622486 0.169081 
3.4 0.75 -0.0303763 0.154982 
3.45 0.75 0.0027576 0.1507 
3.5 0.75 0.0357767 0.156665 
3.55 0.75 0.0673125 0.172281 
3.6 0.75 0.0960966 0.196077 
3.65 0.75 0.121035 0.226045 
3.7 0.75 0.141253 0.260036 
3.75 0.75 0.156115 0.296071 
3.8 0.75 0.165215 0.332507 
3.85 0.75 0.168359 0.368071 
3.9 0.75 0.165545 0.401801 
3.95 0.75 0.156944 0.432956 
4 0.75 0.142891 0.460926 
4.05 0.75 0.123877 0.485175 
4.1 0.75 0.100551 0.50521 
4.15 0.75 0.0737065 0.520583 
4.2 0.75 0.0442687 0.530912 
4.25 0.75 0.0132679 0.53592 
4.3 0.75 -0.0181994 0.535463 
4.35 0.75 -0.0490153 0.529551 
4.4 0.75 -0.0780891 0.518345 
4.45 0.75 -0.104402 0.502137 
4.5 0.75 -0.127043 0.481317 
4.55 0.75 -0.145235 0.456339 
4.6 0.75 -0.158348 0.427703 
4.65 0.75 -0.165911 0.395956 
4.7 0.75 -0.167609 0.361731 
4.75 0.75 -0.163298 0.325815 
4.8 0.75 -0.153014 0.289236 
4.85 0.75 -0.136993 0.253355 
4.9 0.75 -0.115697 0.219907 
4.95 0.75 -0.0898274 0.190945 
5 0.75 -0.0603326 0.168631 
0 0.8 -0.0664837 0.159126 
0.05 0.8 -0.0447752 0.140026 
0.1 0.8 -0.0212261 0.12823 
0.15 0.8 0.00321428 0.124842 
0.2 0.8 0.0275325 0.130191 
0.25 0.8 0.0507189 0.143741 
0.3 0.8 0.0718374 0.164224 
0.35 0.8 0.0900828 0.189925 
0.4 0.8 0.104817 0.219015 
0.45 0.8 0.115579 0.249807 
0.5 0.8 0.122084 0.280893 
0.55 0.8 0.124202 0.311176 
0.6 0.8 0.121943 0.339823 
0.65 0.8 0.115445 0.366193 
0.7 0.8 0.104963 0.389769 
0.75 0.8 0.0908636 0.410112 
0.8 0.8 0.0736267 0.426835 
0.85 0.8 0.0538354 0.439599 
0.9 0.8 0.0321666 0.448129 
0.95 0.8 0.00937085 0.452229 
1 0.8 -0.0137545 0.4518 
1.05 0.8 -0.0363981 0.446852 
1.1 0.8 -0.0577687 0.437501 
1.15 0.8 -0.0771269 0.42396 
1.2 0.8 -0.0938113 0.406516 
1.25 0.8 -0.107256 0.385514 
1.3 0.8 -0.117 0.361351 
1.35 0.8 -0.122696 0.334476 
1.4 0.8 -0.124107 0.305426 
1.45 0.8 -0.121116 0.274872 
1.5 0.8 -0.113735 0.243698 
1.55 0.8 -0.102118 0.213063 
1.6 0.8 -0.0865833 0.184442 
1.65 0.8 -0.0676244 0.159579 
1.7 0.8 -0.0459167 0.140315 
1.75 0.8 -0.0223013 0.128315 
1.8 0.8 0.00225346 0.124724 
1.85 0.8 0.0267132 0.129903 
1.9 0.8 0.0500504 0.143334 
1.95 0.8 0.071316 0.163754 
2 0.8 0.0896967 0.189443 
2.05 0.8 0.10455 0.218556 
2.1 0.8 0.115414 0.249392 
2.15 0.8 0.122004 0.280534 
2.2 0.8 0.124191 0.310875 
2.25 0.8 0.121989 0.339577 
2.3 0.8 0.115536 0.365999 
2.35 0.8 0.105088 0.389622 
2.4 0.8 0.091016 0.410008 
2.45 0.8 0.0737986 0.42677 
2.5 0.8 0.05402 0.439573 
2.55 0.8 0.0323575 0.44814 
2.6 0.8 0.00956189 0.452275 
2.65 0.8 -0.0135693 0.451881 
2.7 0.8 -0.0362244 0.446965 
2.75 0.8 -0.0576117 0.437646 
2.8 0.8 -0.0769915 0.424134 
2.85 0.8 -0.0937016 0.406716 
2.9 0.8 -0.107175 0.385738 
2.95 0.8 -0.116952 0.361595 
3 0.8 -0.122682 0.334738 
3.05 0.8 -0.124128 0.305699 
3.1 0.8 -0.121172 0.275152 
3.15 0.8 -0.113826 0.243976 
3.2 0.8 -0.102243 0.213328 
3.25 0.8 -0.0867373 0.184681 
3.3 0.8 -0.0678031 0.159775 
3.35 0.8 -0.0461137 0.140455 
3.4 0.8 -0.022509 0.128387 
3.45 0.8 0.00204362 0.124722 
3.5 0.8 0.0265099 0.129827 
3.55 0.8 0.0498618 0.143194 
3.6 0.8 0.0711495 0.163564 
3.65 0.8 0.0895583 0.189217 
3.7 0.8 0.104444 0.218311 
3.75 0.8 0.115344 0.249141 
3.8 0.8 0.12197 0.280286 
3.85 0.8 0.124194 0.310639 
3.9 0.8 0.122027 0.339359 
3.95 0.8 0.115608 0.365802 
4 0.8 0.105191 0.38945 
4.05 0.8 0.0911446 0.409862 
4.1 0.8 0.0739485 0.426652 
4.15 0.8 0.0541859 0.439481 
4.2 0.8 0.0325338 0.448071 
4.25 0.8 0.00974344 0.452225 
4.3 0.8 -0.0133864 0.451841 
4.35 0.8 -0.036042 0.446925 
4.4 0.8 -0.0574289 0.437591 
4.45 0.8 -0.0768032 0.424047 
4.5 0.8 -0.0934981 0.406577 
4.55 0.8 -0.106942 0.385527 
4.6 0.8 -0.116668 0.361291 
4.65 0.8 -0.122322 0.334323 
4.7 0.8 -0.123663 0.305164 
4.75 0.8 -0.120574 0.2745 
4.8 0.8 -0.113068 0.243229 
4.85 0.8 -0.101309 0.212534 
4.9 0.8 -0.0856294 0.183912 
4.95 0.8 -0.066541 0.159126 
5 0.8 -0.0447364 0.140026 
0 0.85 -0.0431188 0.123398 
0.05 0.85 -0.0290371 0.108498 
0.1 0.85 -0.0137624 0.0993089 
0.15 0.85 0.00208069 0.0966777 
0.2 0.85 0.0178328 0.100851 
0.25 0.85 0.0328366 0.111416 
0.3 0.85 0.0464827 0.127393 
0.35 0.85 0.0582493 0.147457 
0.4 0.85 0.0677265 0.170185 
0.45 0.85 0.0746236 0.194258 
0.5 0.85 0.0787638 0.218568 
0.55 0.85 0.0800725 0.242243 
0.6 0.85 0.0785648 0.26462 
0.65 0.85 0.0743352 0.285186 
0.7 0.85 0.0675519 0.303536 
0.75 0.85 0.0584541 0.31933 
0.8 0.85 0.0473499 0.332281 
0.85 0.85 0.0346137 0.342144 
0.9 0.85 0.0206783 0.348722 
0.95 0.85 0.00602332 0.35188 
1 0.85 -0.00884211 0.351549 
1.05 0.85 -0.0234 0.347737 
1.1 0.85 -0.0371452 0.340524 
1.15 0.85 -0.0496051 0.330056 
1.2 0.85 -0.0603564 0.316539 
1.25 0.85 -0.0690359 0.300224 
1.3 0.85 -0.0753468 0.281409 
1.35 0.85 -0.0790618 0.260441 
1.4 0.85 -0.0800242 0.237743 
1.45 0.85 -0.078152 0.213853 
1.5 0.85 -0.0734441 0.189473 
1.55 0.85 -0.0659918 0.165525 
1.6 0.85 -0.0559916 0.143168 
1.65 0.85 -0.0437575 0.123765 
1.7 0.85 -0.0297248 0.108746 
1.75 0.85 -0.0144412 0.0993964 
1.8 0.85 0.00145935 0.0965998 
1.85 0.85 0.0172975 0.100633 
1.9 0.85 0.0323985 0.111099 
1.95 0.85 0.0461416 0.127022 
2 0.85 0.057998 0.147073 
2.05 0.85 0.0675543 0.169818 
2.1 0.85 0.0745187 0.193927 
2.15 0.85 0.0787146 0.218281 
2.2 0.85 0.0800686 0.242004 
2.25 0.85 0.0785971 0.264425 
2.3 0.85 0.0743961 0.285033 
2.35 0.85 0.067635 0.303421 
2.4 0.85 0.058554 0.31925 
2.45 0.85 0.0474619 0.332234 
2.5 0.85 0.0347334 0.342126 
2.55 0.85 0.0208017 0.348734 
2.6 0.85 0.00614661 0.351919 
2.65 0.85 -0.00872273 0.351615 
2.7 0.85 -0.0232881 0.347828 
2.75 0.85 -0.0370441 0.340639 
2.8 0.85 -0.0495178 0.330193 
2.85 0.85 -0.0602857 0.316697 
2.9 0.85 -0.0689839 0.300401 
2.95 0.85 -0.0753154 0.281601 
3 0.85 -0.0790522 0.260646 
3.05 0.85 -0.0800373 0.237958 
3.1 0.85 -0.0781881 0.214072 
3.15 0.85 -0.0735028 0.189691 
3.2 0.85 -0.0660718 0.165732 
3.25 0.85 -0.0560909 0.143355 
3.3 0.85 -0.0438729 0.123918 
3.35 0.85 -0.0298522 0.108855 
3.4 0.85 -0.0145756 0.0994523 
3.45 0.85 0.00132348 0.0965978 
3.5 0.85 0.0171658 0.100574 
3.55 0.85 0.0322766 0.11099 
3.6 0.85 0.046034 0.126874 
3.65 0.85 0.0579087 0.146897 
3.7 0.85 0.0674862 0.169627 
3.75 0.85 0.0744734 0.19373 
3.8 0.85 0.0786929 0.218088 
3.85 0.85 0.0800705 0.24182 
3.9 0.85 0.0786217 0.264255 
3.95 0.85 0.0744419 0.28488 
4 0.85 0.0676999 0.303286 
4.05 0.85 0.0586351 0.319136 
4.1 0.85 0.047556 0.332139 
4.15 0.85 0.0348369 0.342051 
4.2 0.85 0.0209109 0.348675 
4.25 0.85 0.00625815 0.351872 
4.3 0.85 -0.00861147 0.351574 
4.35 0.85 -0.0231784 0.347783 
4.4 0.85 -0.0369352 0.340579 
4.45 0.85 -0.0494064 0.330105 
4.5 0.85 -0.0601652 0.316564 
4.55 0.85 -0.0688444 0.300207 
4.6 0.85 -0.0751431 0.281332 
4.65 0.85 -0.0788302 0.260288 
4.7 0.85 -0.0797467 0.237505 
4.75 0.85 -0.0778099 0.213529 
4.8 0.85 -0.0730219 0.189078 
4.85 0.85 -0.0654819 0.16509 
4.9 0.85 -0.0554003 0.142739 
4.95 0.85 -0.0431076 0.123398 
5 0.85 -0.0290443 0.108498 
0 0.9 -0.0220966 0.0843458 
0.05 0.9 -0.0148526 0.07428 
0.1 0.9 -0.00703225 0.0680899 
0.15 0.9 0.00105648 0.066322 
0.2 0.9 0.00908723 0.0691355 
0.25 0.9 0.016727 0.0762566 
0.3 0.9 0.0236647 0.0870385 
0.35 0.9 0.0296344 0.100601 
0.4 0.9 0.0344295 0.115991 
0.45 0.9 0.0379061 0.132318 
0.5 0.9 0.0399792 0.148826 
0.55 0.9 0.0406157 0.164914 
0.6 0.9 0.0398272 0.180121 
0.65 0.9 0.0376645 0.19409 
0.7 0.9 0.034214 0.206543 
0.75 0.9 0.0295972 0.217248 
0.8 0.9 0.0239695 0.226015 
0.85 0.9 0.0175195 0.232683 
0.9 0.9 0.0104652 0.237126 
0.95 0.9 0.00304819 0.239257 
1 0.9 -0.004475 0.239034 
1.05 0.9 -0.0118432 0.236461 
1.1 0.9 -0.0188018 0.231588 
1.15 0.9 -0.0251128 0.224509 
1.2 0.9 -0.0305629 0.215356 
1.25 0.9 -0.0349692 0.204295 
1.3 0.9 -0.0381819 0.191523 
1.35 0.9 -0.0400853 0.177279 
1.4 0.9 -0.0405983 0.161853 
1.45 0.9 -0.0396764 0.14562 
1.5 0.9 -0.0373147 0.129068 
1.55 0.9 -0.0335545 0.112831 
1.6 0.9 -0.028491 0.0976982 
1.65 0.9 -0.0222803 0.0845885 
1.7 0.9 -0.015143 0.0744585 
1.75 0.9 -0.00735925 0.0681607 
1.8 0.9 0.000743735 0.0662781 
1.85 0.9 0.0088144 0.0689934 
1.9 0.9 0.0165037 0.0760446 
1.95 0.9 0.0234916 0.086788 
2 0.9 0.029508 0.10034 
2.05 0.9 0.0343441 0.11574 
2.1 0.9 0.0378552 0.132091 
2.15 0.9 0.0399567 0.148629 
2.2 0.9 0.040616 0.164749 
2.25 0.9 0.0398456 0.179987 
2.3 0.9 0.037697 0.193985 
2.35 0.9 0.0342574 0.206464 
2.4 0.9 0.0296488 0.217195 
2.45 0.9 0.0240269 0.225984 
2.5 0.9 0.0175806 0.232672 
2.55 0.9 0.010528 0.237135 
2.6 0.9 0.00311074 0.239285 
2.65 0.9 -0.00441451 0.23908 
2.7 0.9 -0.0117866 0.236524 
2.75 0.9 -0.0187506 0.231667 
2.8 0.9 -0.0250686 0.224603 
2.85 0.9 -0.030527 0.215465 
2.9 0.9 -0.0349428 0.204416 
2.95 0.9 -0.0381659 0.191655 
3 0.9 -0.0400802 0.177419 
3.05 0.9 -0.0406048 0.162 
3.1 0.9 -0.0396944 0.14577 
3.15 0.9 -0.0373442 0.129217 
3.2 0.9 -0.0335949 0.112972 
3.25 0.9 -0.0285413 0.0978246 
3.3 0.9 -0.022339 0.0846924 
3.35 0.9 -0.0152078 0.0745323 
3.4 0.9 -0.00742771 0.0681985 
3.45 0.9 0.000674512 0.066277 
3.5 0.9 0.00874737 0.068954 
3.55 0.9 0.0164416 0.0759714 
3.6 0.9 0.023437 0.0866878 
3.65 0.9 0.0294628 0.100221 
3.7 0.9 0.0343096 0.115611 
3.75 0.9 0.0378324 0.131958 
3.8 0.9 0.0399458 0.148498 
3.85 0.9 0.040617 0.164624 
3.9 0.9 0.039858 0.179871 
3.95 0.9 0.03772 0.193881 
4 0.9 0.0342898 0.206373 
4.05 0.9 0.0296891 0.217116 
4.1 0.9 0.0240736 0.225919 
4.15 0.9 0.0176316 0.23262 
4.2 0.9 0.0105814 0.237092 
4.25 0.9 0.00316475 0.23925 
4.3 0.9 -0.00436131 0.239047 
4.35 0.9 -0.0117349 0.236487 
4.4 0.9 -0.0187001 0.231618 
4.45 0.9 -0.0250176 0.224534 
4.5 0.9 -0.0304723 0.215364 
4.55 0.9 -0.034879 0.204272 
4.6 0.9 -0.0380858 0.191459 
4.65 0.9 -0.0399751 0.177162 
4.7 0.9 -0.0404645 0.161679 
4.75 0.9 -0.0395093 0.14539 
4.8 0.9 -0.0371071 0.128793 
4.85 0.9 -0.0333058 0.112534 
4.9 0.9 -0.0282133 0.0974116 
4.95 0.9 -0.0220055 0.0843458 
5 0.9 -0.0149139 0.07428 
0 0.95 -0.00652805 0.0428455 
0.05 0.95 -0.00430654 0.0378426 
0.1 0.95 -0.00202569 0.0347817 
0.15 0.95 0.000302132 0.0339098 
0.2 0.95 0.00260556 0.0353019 
0.25 0.95 0.00479337 0.0388267 
0.3 0.95 0.00677636 0.0441726 
0.35 0.95 0.00847832 0.0509122 
0.4 0.95 0.00984086 0.0585789 
0.45 0.95 0.0108244 0.0667308 
0.5 0.95 0.0114064 0.0749888 
0.55 0.95 0.0115793 0.0830479 
0.6 0.95 0.0113476 0.0906718 
0.65 0.95 0.0107266 0.0976782 
0.7 0.95 0.00974086 0.103923 
0.75 0.95 0.00842479 0.109291 
0.8 0.95 0.00682217 0.113684 
0.85 0.95 0.00498615 0.117024 
0.9 0.95 0.00297842 0.119248 
0.95 0.95 0.000867516 0.120315 
1 0.95 -0.0012736 0.120203 
1.05 0.95 -0.00337063 0.118915 
1.1 0.95 -0.00535121 0.116475 
1.15 0.95 -0.00714784 0.112929 
1.2 0.95 -0.00870024 0.108342 
1.25 0.95 -0.00995681 0.102796 
1.3 0.95 -0.0108754 0.0963901 
1.35 0.95 -0.0114231 0.0892459 
1.4 0.95 -0.0115769 0.0815129 
1.45 0.95 -0.0113229 0.0733831 
1.5 0.95 -0.0106586 0.0651061 
1.55 0.95 -0.0095938 0.0570027 
1.6 0.95 -0.00815383 0.0494686 
1.65 0.95 -0.00638189 0.0429577 
1.7 0.95 -0.00434044 0.0379378 
1.75 0.95 -0.00211029 0.0348221 
1.8 0.95 0.000213282 0.0338916 
1.85 0.95 0.00252739 0.0352339 
1.9 0.95 0.00472993 0.0387232 
1.95 0.95 0.00672784 0.044049 
2 0.95 0.00844343 0.0507824 
2.05 0.95 0.00981779 0.0584535 
2.1 0.95 0.0108111 0.0666167 
2.15 0.95 0.0114011 0.0748895 
2.2 0.95 0.0115804 0.0829646 
2.25 0.95 0.0113537 0.0906042 
2.3 0.95 0.0107364 0.0976252 
2.35 0.95 0.00975366 0.103884 
2.4 0.95 0.00843977 0.109264 
2.45 0.95 0.0068387 0.113668 
2.5 0.95 0.00500365 0.117018 
2.55 0.95 0.00299633 0.119253 
2.6 0.95 0.00088533 0.120329 
2.65 0.95 -0.00125639 0.120226 
2.7 0.95 -0.00335453 0.118947 
2.75 0.95 -0.00533668 0.116515 
2.8 0.95 -0.00713529 0.112977 
2.85 0.95 -0.00869003 0.108396 
2.9 0.95 -0.00994927 0.102857 
2.95 0.95 -0.0108707 0.0964564 
3 0.95 -0.0114216 0.0893165 
3.05 0.95 -0.0115786 0.0815867 
3.1 0.95 -0.011328 0.0734583 
3.15 0.95 -0.0106669 0.0651803 
3.2 0.95 -0.00960527 0.057073 
3.25 0.95 -0.00816816 0.0495316 
3.3 0.95 -0.00639863 0.0430093 
3.35 0.95 -0.00435898 0.0379744 
3.4 0.95 -0.00212991 0.0348409 
3.45 0.95 0.000193441 0.0338911 
3.5 0.95 0.00250819 0.0352145 
3.55 0.95 0.00471218 0.038687 
3.6 0.95 0.00671225 0.0439993 
3.65 0.95 0.00843057 0.0507233 
3.7 0.95 0.00980803 0.0583889 
3.75 0.95 0.0108047 0.0665501 
3.8 0.95 0.0113981 0.0748237 
3.85 0.95 0.0115807 0.0829018 
3.9 0.95 0.0113572 0.090546 
3.95 0.95 0.010743 0.0975727 
4 0.95 0.00976282 0.103838 
4.05 0.95 0.00845114 0.109224 
4.1 0.95 0.00685176 0.113635 
4.15 0.95 0.00501784 0.116991 
4.2 0.95 0.00301107 0.119231 
4.25 0.95 0.000900067 0.12031 
4.3 0.95 -0.00124211 0.120208 
4.35 0.95 -0.00334095 0.118926 
4.4 0.95 -0.00532375 0.116488 
4.45 0.95 -0.00712257 0.112939 
4.5 0.95 -0.00867659 0.108343 
4.55 0.95 -0.0099336 0.102781 
4.6 0.95 -0.0108507 0.0963547 
4.65 0.95 -0.0113946 0.0891846 
4.7 0.95 -0.0115416 0.0814234 
4.75 0.95 -0.0112779 0.0732665 
4.8 0.95 -0.0106017 0.0649688 
4.85 0.95 -0.00952598 0.0568571 
4.9 0.95 -0.00808469 0.049332 
4.95 0.95 -0.00634527 0.0428455 
5 0.95 -0.00443015 0.0378426 
0 1 0 0 
0.05 1 0 0 
0.1 1 0 0 
0.15 1 0 0 
0.2 1 0 0 
0.25 1 0 0 
0.3 1 0 0 
0.35 1 0 0 
0.4 1 0 0 
0.45 1 0 0 
0.5 1 0 0 
0.55 1 0 0 
0.6 1 0 0 
0.65 1 0 0 
0.7 1 0 0 
0.75 1 0 0 
0.8 1 0 0 
0.85 1 0 0 
0.9 1 0 0 
0.95 1 0 0 
1 1 0 0 
1.05 1 0 0 
1.1 1 0 0 
1.15 1 0 0 
1.2 1 0 0 
1.25 1 0 0 
1.3 1 0 0 
1.35 1 0 0 
1.4 1 0 0 
1.45 1 0 0 
1.5 1 0 0 
1.55 1 0 0 
1.6 1 0 0 
1.65 1 0 0 
1.7 1 0 0 
1.75 1 0 0 
1.8 1 0 0 
1.85 1 0 0 
1.9 1 0 0 
1.95 1 0 0 
2 1 0 0 
2.05 1 0 0 
2.1 1 0 0 
2.15 1 0 0 
2.2 1 0 0 
2.25 1 0 0 
2.3 1 0 0 
2.35 1 0 0 
2.4 1 0 0 
2.45 1 0 0 
2.5 1 0 0 
2.55 1 0 0 
2.6 1 0 0 
2.65 1 0 0 
2.7 1 0 0 
2.75 1 0 0 
2.8 1 0 0 
2.85 1 0 0 
2.9 1 0 0 
2.95 1 0 0 
3 1 0 0 
3.05 1 0 0 
3.1 1 0 0 
3.15 1 0 0 
3.2 1 0 0 
3.25 1 0 0 
3.3 1 0 0 
3.35 1 0 0 
3.4 1 0 0 
3.45 1 0 0 
3.5 1 0 0 
3.55 1 0 0 
3.6 1 0 0 
3.65 1 0 0 
3.7 1 0 0 
3.75 1 0 0 
3.8 1 0 0 
3.85 1 0 0 
3.9 1 0 0 
3.95 1 0 0 
4 1 0 0 
4.05 1 0 0 
4.1 1 0 0 
4.15 1 0 0 
4.2 1 0 0 
4.25 1 0 0 
4.3 1 0 0 
4.35 1 0 0 
4.4 1 0 0 
4.45 1 0 0 
4.5 1 0 0 
4.55 1 0 0 
4.6 1 0 0 
4.65 1 0 0 
4.7 1 0 0 
4.75 1 0 0 
4.8 1 0 0 
4.85 1 0 0 
4.9 1 0 0 
4.95 1 0 0 
5 1 0 0 
