x, y, ksi, T
#iter= 1790000
0 0 0 1 
0.05 0 0 1 
0.1 0 0 1 
0.15 0 0 1 
0.2 0 0 1 
0.25 0 0 1 
0.3 0 0 1 
0.35 0 0 1 
0.4 0 0 1 
0.45 0 0 1 
0.5 0 0 1 
0.55 0 0 1 
0.6 0 0 1 
0.65 0 0 1 
0.7 0 0 1 
0.75 0 0 1 
0.8 0 0 1 
0.85 0 0 1 
0.9 0 0 1 
0.95 0 0 1 
1 0 0 1 
1.05 0 0 1 
1.1 0 0 1 
1.15 0 0 1 
1.2 0 0 1 
1.25 0 0 1 
1.3 0 0 1 
1.35 0 0 1 
1.4 0 0 1 
1.45 0 0 1 
1.5 0 0 1 
1.55 0 0 1 
1.6 0 0 1 
1.65 0 0 1 
1.7 0 0 1 
1.75 0 0 1 
1.8 0 0 1 
1.85 0 0 1 
1.9 0 0 1 
1.95 0 0 1 
2 0 0 1 
2.05 0 0 1 
2.1 0 0 1 
2.15 0 0 1 
2.2 0 0 1 
2.25 0 0 1 
2.3 0 0 1 
2.35 0 0 1 
2.4 0 0 1 
2.45 0 0 1 
2.5 0 0 1 
2.55 0 0 1 
2.6 0 0 1 
2.65 0 0 1 
2.7 0 0 1 
2.75 0 0 1 
2.8 0 0 1 
2.85 0 0 1 
2.9 0 0 1 
2.95 0 0 1 
3 0 0 1 
3.05 0 0 1 
3.1 0 0 1 
3.15 0 0 1 
3.2 0 0 1 
3.25 0 0 1 
3.3 0 0 1 
3.35 0 0 1 
3.4 0 0 1 
3.45 0 0 1 
3.5 0 0 1 
3.55 0 0 1 
3.6 0 0 1 
3.65 0 0 1 
3.7 0 0 1 
3.75 0 0 1 
3.8 0 0 1 
3.85 0 0 1 
3.9 0 0 1 
3.95 0 0 1 
4 0 0 1 
4.05 0 0 1 
4.1 0 0 1 
4.15 0 0 1 
4.2 0 0 1 
4.25 0 0 1 
4.3 0 0 1 
4.35 0 0 1 
4.4 0 0 1 
4.45 0 0 1 
4.5 0 0 1 
4.55 0 0 1 
4.6 0 0 1 
4.65 0 0 1 
4.7 0 0 1 
4.75 0 0 1 
4.8 0 0 1 
4.85 0 0 1 
4.9 0 0 1 
4.95 0 0 1 
5 0 0 1 
0 0.05 -0.00642835 0.884635 
0.05 0.05 -0.00433164 0.881649 
0.1 0.05 -0.00214457 0.879914 
0.15 0.05 6.68418e-05 0.879406 
0.2 0.05 0.00224457 0.880109 
0.25 0.05 0.00432475 0.881995 
0.3 0.05 0.0062428 0.885018 
0.35 0.05 0.00793814 0.889119 
0.4 0.05 0.00935708 0.894222 
0.45 0.05 0.0104544 0.900233 
0.5 0.05 0.0111937 0.907044 
0.55 0.05 0.0115479 0.91452 
0.6 0.05 0.0114989 0.922492 
0.65 0.05 0.0110389 0.930742 
0.7 0.05 0.0101713 0.938985 
0.75 0.05 0.00891376 0.946862 
0.8 0.05 0.00730026 0.953946 
0.85 0.05 0.00538372 0.959768 
0.9 0.05 0.00323619 0.963878 
0.95 0.05 0.000946456 0.965921 
1 0.05 -0.00138536 0.965707 
1.05 0.05 -0.00365567 0.963257 
1.1 0.05 -0.00576596 0.958796 
1.15 0.05 -0.0076303 0.952704 
1.2 0.05 -0.00918019 0.945441 
1.25 0.05 -0.0103665 0.93747 
1.3 0.05 -0.0111584 0.929208 
1.35 0.05 -0.0115416 0.921002 
1.4 0.05 -0.011515 0.91312 
1.45 0.05 -0.011089 0.905772 
1.5 0.05 -0.0102838 0.899119 
1.55 0.05 -0.00912925 0.89329 
1.6 0.05 -0.00766451 0.888391 
1.65 0.05 -0.00593828 0.884509 
1.7 0.05 -0.0040082 0.881714 
1.75 0.05 -0.00193972 0.88006 
1.8 0.05 0.000196024 0.879577 
1.85 0.05 0.00232497 0.880275 
1.9 0.05 0.00437338 0.88214 
1.95 0.05 0.00627095 0.885137 
2 0.05 0.00795353 0.88921 
2.05 0.05 0.00936507 0.894285 
2.1 0.05 0.0104586 0.900273 
2.15 0.05 0.0111966 0.907062 
2.2 0.05 0.0115511 0.914521 
2.25 0.05 0.0115035 0.922479 
2.3 0.05 0.0110455 0.930718 
2.35 0.05 0.0101803 0.938954 
2.4 0.05 0.00892501 0.94683 
2.45 0.05 0.00731367 0.953916 
2.5 0.05 0.00539893 0.959745 
2.55 0.05 0.00325265 0.963866 
2.6 0.05 0.000963498 0.965922 
2.65 0.05 -0.00136848 0.965723 
2.7 0.05 -0.00363971 0.963288 
2.75 0.05 -0.0057516 0.95884 
2.8 0.05 -0.00761811 0.952758 
2.85 0.05 -0.00917064 0.945501 
2.9 0.05 -0.0103599 0.937533 
2.95 0.05 -0.011155 0.929273 
3 0.05 -0.0115413 0.921064 
3.05 0.05 -0.0115179 0.913179 
3.1 0.05 -0.011095 0.905826 
3.15 0.05 -0.0102927 0.899167 
3.2 0.05 -0.00914078 0.893331 
3.25 0.05 -0.00767835 0.888424 
3.3 0.05 -0.00595399 0.884534 
3.35 0.05 -0.00402529 0.88173 
3.4 0.05 -0.00195763 0.880067 
3.45 0.05 0.000177901 0.879574 
3.5 0.05 0.00230726 0.880262 
3.55 0.05 0.00435669 0.882117 
3.6 0.05 0.00625586 0.885104 
3.65 0.05 0.00794059 0.889168 
3.7 0.05 0.00935471 0.894235 
3.75 0.05 0.0104512 0.900214 
3.8 0.05 0.0111926 0.906997 
3.85 0.05 0.0115507 0.91445 
3.9 0.05 0.0115069 0.922404 
3.95 0.05 0.0110529 0.930642 
4 0.05 0.0101916 0.93888 
4.05 0.05 0.00894025 0.946761 
4.1 0.05 0.00733255 0.953859 
4.15 0.05 0.00542099 0.959704 
4.2 0.05 0.00327724 0.963848 
4.25 0.05 0.000989785 0.965933 
4.3 0.05 -0.00134149 0.965765 
4.35 0.05 -0.00361306 0.963363 
4.4 0.05 -0.00572642 0.958947 
4.45 0.05 -0.00759556 0.952895 
4.5 0.05 -0.00915196 0.945666 
4.55 0.05 -0.0103466 0.937723 
4.6 0.05 -0.0111491 0.929485 
4.65 0.05 -0.0115457 0.921296 
4.7 0.05 -0.011537 0.913427 
4.75 0.05 -0.0111354 0.906084 
4.8 0.05 -0.0103645 0.899425 
4.85 0.05 -0.00925938 0.893573 
4.9 0.05 -0.00786795 0.888621 
4.95 0.05 -0.00624996 0.884635 
5 0.05 -0.00445311 0.881649 
0 0.1 -0.0216878 0.770605 
0.05 0.1 -0.0148269 0.764742 
0.1 0.1 -0.00737402 0.761265 
0.15 0.1 0.000301139 0.760233 
0.2 0.1 0.00791341 0.761625 
0.25 0.1 0.015205 0.765383 
0.3 0.1 0.0219357 0.771414 
0.35 0.1 0.0278862 0.779594 
0.4 0.1 0.0328642 0.789769 
0.45 0.1 0.0367078 0.801754 
0.5 0.1 0.0392877 0.815331 
0.55 0.1 0.040508 0.830238 
0.6 0.1 0.0403075 0.846146 
0.65 0.1 0.0386622 0.862628 
0.7 0.1 0.0355903 0.879127 
0.75 0.1 0.0311598 0.89493 
0.8 0.1 0.0254961 0.909175 
0.85 0.1 0.0187879 0.92091 
0.9 0.1 0.0112871 0.929212 
0.95 0.1 0.00329983 0.933343 
1 0.1 -0.00483118 0.93291 
1.05 0.1 -0.0127521 0.927955 
1.1 0.1 -0.0201254 0.918948 
1.15 0.1 -0.0266542 0.906673 
1.2 0.1 -0.0320981 0.892073 
1.25 0.1 -0.036281 0.876089 
1.3 0.1 -0.0390892 0.859559 
1.35 0.1 -0.0404652 0.843166 
1.4 0.1 -0.0404 0.82744 
1.45 0.1 -0.0389264 0.812787 
1.5 0.1 -0.0361141 0.799523 
1.55 0.1 -0.0320679 0.787899 
1.6 0.1 -0.0269269 0.778125 
1.65 0.1 -0.0208639 0.770377 
1.7 0.1 -0.0140831 0.764797 
1.75 0.1 -0.00681534 0.761492 
1.8 0.1 0.000688857 0.760527 
1.85 0.1 0.00816919 0.761921 
1.9 0.1 0.0153663 0.765647 
1.95 0.1 0.0220327 0.771631 
2 0.1 0.0279419 0.779759 
2.05 0.1 0.0328952 0.789884 
2.1 0.1 0.0367258 0.801823 
2.15 0.1 0.039301 0.81536 
2.2 0.1 0.0405222 0.830234 
2.25 0.1 0.0403261 0.846114 
2.3 0.1 0.0386874 0.862577 
2.35 0.1 0.0356232 0.879063 
2.4 0.1 0.0312005 0.894862 
2.45 0.1 0.025544 0.909113 
2.5 0.1 0.0188418 0.920863 
2.55 0.1 0.0113451 0.929187 
2.6 0.1 0.0033597 0.933346 
2.65 0.1 -0.004772 0.932943 
2.7 0.1 -0.0126962 0.928018 
2.75 0.1 -0.0200751 0.919037 
2.8 0.1 -0.0266114 0.906782 
2.85 0.1 -0.0320645 0.892194 
2.9 0.1 -0.0362577 0.876217 
2.95 0.1 -0.0390769 0.859688 
3 0.1 -0.0404641 0.843291 
3.05 0.1 -0.0404102 0.827558 
3.1 0.1 -0.0389475 0.812896 
3.15 0.1 -0.0361454 0.799619 
3.2 0.1 -0.0321085 0.787981 
3.25 0.1 -0.0269756 0.778192 
3.3 0.1 -0.0209193 0.770427 
3.35 0.1 -0.0141432 0.764829 
3.4 0.1 -0.00687834 0.761505 
3.45 0.1 0.000625154 0.760521 
3.5 0.1 0.00810697 0.761895 
3.55 0.1 0.0153078 0.765601 
3.6 0.1 0.0219798 0.771566 
3.65 0.1 0.0278966 0.779676 
3.7 0.1 0.032859 0.789784 
3.75 0.1 0.0367003 0.801708 
3.8 0.1 0.0392873 0.815231 
3.85 0.1 0.0405212 0.830093 
3.9 0.1 0.0403386 0.845966 
3.95 0.1 0.0387137 0.862424 
4 0.1 0.0356634 0.878914 
4.05 0.1 0.0312542 0.894724 
4.1 0.1 0.0256103 0.908997 
4.15 0.1 0.0189189 0.92078 
4.2 0.1 0.0114308 0.92915 
4.25 0.1 0.00345103 0.933364 
4.3 0.1 -0.00467834 0.933025 
4.35 0.1 -0.0126038 0.928166 
4.4 0.1 -0.0199879 0.919248 
4.45 0.1 -0.0265333 0.907053 
4.5 0.1 -0.032 0.89252 
4.55 0.1 -0.0362117 0.876592 
4.6 0.1 -0.0390562 0.860105 
4.65 0.1 -0.0404781 0.843745 
4.7 0.1 -0.0404722 0.828042 
4.75 0.1 -0.0390766 0.813398 
4.8 0.1 -0.0363677 0.800119 
4.85 0.1 -0.0324572 0.788443 
4.9 0.1 -0.0274851 0.778556 
4.95 0.1 -0.0215986 0.770605 
5 0.1 -0.0148856 0.764742 
0 0.15 -0.0422506 0.662721 
0.05 0.15 -0.0288476 0.654162 
0.1 0.15 -0.0142944 0.649041 
0.15 0.15 0.000754539 0.6475 
0.2 0.15 0.0157255 0.64954 
0.25 0.15 0.0300898 0.655082 
0.3 0.15 0.0433587 0.663987 
0.35 0.15 0.0550895 0.67606 
0.4 0.15 0.064896 0.691064 
0.45 0.15 0.0724544 0.70872 
0.5 0.15 0.0775082 0.728705 
0.55 0.15 0.0798693 0.750637 
0.6 0.15 0.079421 0.77404 
0.65 0.15 0.0761229 0.798302 
0.7 0.15 0.0700203 0.822616 
0.75 0.15 0.0612565 0.84594 
0.8 0.15 0.0500868 0.867003 
0.85 0.15 0.0368868 0.884387 
0.9 0.15 0.0221506 0.896703 
0.95 0.15 0.00647388 0.902838 
1 0.15 -0.00948054 0.902194 
1.05 0.15 -0.0250292 0.894837 
1.1 0.15 -0.0395187 0.881476 
1.15 0.15 -0.0523706 0.863298 
1.2 0.15 -0.0631125 0.841716 
1.25 0.15 -0.0713922 0.81813 
1.3 0.15 -0.0769772 0.793774 
1.35 0.15 -0.0797445 0.769642 
1.4 0.15 -0.0796676 0.746503 
1.45 0.15 -0.0768039 0.724938 
1.5 0.15 -0.071287 0.705403 
1.55 0.15 -0.0633222 0.688266 
1.6 0.15 -0.0531847 0.673837 
1.65 0.15 -0.041217 0.662384 
1.7 0.15 -0.0278247 0.654127 
1.75 0.15 -0.0134662 0.649232 
1.8 0.15 0.00136134 0.647802 
1.85 0.15 0.0161415 0.649868 
1.9 0.15 0.0303599 0.655385 
1.95 0.15 0.0435252 0.664239 
2 0.15 0.0551876 0.676252 
2.05 0.15 0.0649526 0.691195 
2.1 0.15 0.0724896 0.708793 
2.15 0.15 0.0775362 0.728727 
2.2 0.15 0.0799 0.750615 
2.25 0.15 0.0794608 0.773983 
2.3 0.15 0.0761757 0.798218 
2.35 0.15 0.0700878 0.822516 
2.4 0.15 0.0613391 0.845836 
2.45 0.15 0.0501832 0.866909 
2.5 0.15 0.0369943 0.884315 
2.55 0.15 0.0222658 0.896665 
2.6 0.15 0.00659231 0.902841 
2.65 0.15 -0.00936369 0.902243 
2.7 0.15 -0.0249188 0.89493 
2.75 0.15 -0.0394193 0.881608 
2.8 0.15 -0.0522861 0.863459 
2.85 0.15 -0.0630461 0.841895 
2.9 0.15 -0.071346 0.818319 
2.95 0.15 -0.0769526 0.793964 
3 0.15 -0.0797423 0.769827 
3.05 0.15 -0.0796876 0.746677 
3.1 0.15 -0.0768455 0.725099 
3.15 0.15 -0.0713489 0.705546 
3.2 0.15 -0.0634026 0.688388 
3.25 0.15 -0.0532811 0.673937 
3.3 0.15 -0.0413265 0.662459 
3.35 0.15 -0.0279437 0.654175 
3.4 0.15 -0.0135908 0.649252 
3.45 0.15 0.00123541 0.647793 
3.5 0.15 0.0160186 0.649829 
3.55 0.15 0.0302443 0.655318 
3.6 0.15 0.0434209 0.664143 
3.65 0.15 0.0550983 0.67613 
3.7 0.15 0.0648817 0.691048 
3.75 0.15 0.0724398 0.708624 
3.8 0.15 0.0775099 0.728537 
3.85 0.15 0.0798988 0.750408 
3.9 0.15 0.0794862 0.773764 
3.95 0.15 0.0762283 0.797995 
4 0.15 0.0701676 0.822296 
4.05 0.15 0.061445 0.845632 
4.1 0.15 0.0503132 0.866736 
4.15 0.15 0.0371452 0.884192 
4.2 0.15 0.0224331 0.896608 
4.25 0.15 0.00677041 0.902867 
4.3 0.15 -0.00918121 0.902361 
4.35 0.15 -0.0247389 0.895143 
4.4 0.15 -0.0392491 0.881914 
4.45 0.15 -0.052133 0.863851 
4.5 0.15 -0.062918 0.842365 
4.55 0.15 -0.0712519 0.818856 
4.6 0.15 -0.076904 0.794559 
4.65 0.15 -0.0797543 0.770471 
4.7 0.15 -0.079781 0.747358 
4.75 0.15 -0.0770482 0.725798 
4.8 0.15 -0.0716956 0.706233 
4.85 0.15 -0.0639307 0.689014 
4.9 0.15 -0.054015 0.674427 
4.95 0.15 -0.0422369 0.662721 
5 0.15 -0.0288541 0.654162 
0 0.2 -0.0651172 0.566722 
0.05 0.2 -0.0443449 0.555759 
0.1 0.2 -0.0218527 0.549173 
0.15 0.2 0.00143051 0.547177 
0.2 0.2 0.024626 0.549804 
0.25 0.2 0.0469019 0.556963 
0.3 0.2 0.0674847 0.568464 
0.35 0.2 0.0856752 0.584037 
0.4 0.2 0.100865 0.603353 
0.45 0.2 0.112548 0.626035 
0.5 0.2 0.120325 0.651659 
0.55 0.2 0.123908 0.679735 
0.6 0.2 0.123125 0.709666 
0.65 0.2 0.117924 0.740684 
0.7 0.2 0.108388 0.771774 
0.75 0.2 0.0947536 0.801618 
0.8 0.2 0.0774252 0.828593 
0.85 0.2 0.0569895 0.850878 
0.9 0.2 0.0342089 0.86668 
0.95 0.2 0.00999525 0.874554 
1 0.2 -0.0146412 0.873727 
1.05 0.2 -0.0386598 0.864282 
1.1 0.2 -0.0610643 0.847141 
1.15 0.2 -0.080968 0.823841 
1.2 0.2 -0.0976406 0.796203 
1.25 0.2 -0.110531 0.766027 
1.3 0.2 -0.119267 0.73488 
1.35 0.2 -0.123645 0.704022 
1.4 0.2 -0.123611 0.674415 
1.45 0.2 -0.119241 0.646791 
1.5 0.2 -0.110736 0.62172 
1.55 0.2 -0.0984082 0.599677 
1.6 0.2 -0.082684 0.581072 
1.65 0.2 -0.0640964 0.566266 
1.7 0.2 -0.0432785 0.555569 
1.75 0.2 -0.0209476 0.549218 
1.8 0.2 0.00211809 0.547362 
1.85 0.2 0.0251096 0.550044 
1.9 0.2 0.0472211 0.557201 
1.95 0.2 0.0676835 0.568667 
2 0.2 0.0857933 0.584189 
2.05 0.2 0.100935 0.603449 
2.1 0.2 0.112594 0.626075 
2.15 0.2 0.120366 0.651648 
2.2 0.2 0.123957 0.679679 
2.25 0.2 0.12319 0.709573 
2.3 0.2 0.118009 0.740564 
2.35 0.2 0.108497 0.771637 
2.4 0.2 0.0948849 0.801479 
2.45 0.2 0.0775772 0.828468 
2.5 0.2 0.0571582 0.850783 
2.55 0.2 0.0343889 0.866629 
2.6 0.2 0.0101797 0.874558 
2.65 0.2 -0.0144595 0.87379 
2.7 0.2 -0.0384884 0.864403 
2.75 0.2 -0.06091 0.847311 
2.8 0.2 -0.0808367 0.824047 
2.85 0.2 -0.0975372 0.796434 
2.9 0.2 -0.110459 0.766269 
2.95 0.2 -0.119228 0.735123 
3 0.2 -0.123641 0.704259 
3.05 0.2 -0.123641 0.674639 
3.1 0.2 -0.119306 0.646997 
3.15 0.2 -0.110832 0.621905 
3.2 0.2 -0.0985332 0.599836 
3.25 0.2 -0.082834 0.581202 
3.3 0.2 -0.0642668 0.566365 
3.35 0.2 -0.0434638 0.555633 
3.4 0.2 -0.0211415 0.549245 
3.45 0.2 0.00192211 0.547351 
3.5 0.2 0.0249184 0.549995 
3.55 0.2 0.0470414 0.557115 
3.6 0.2 0.0675216 0.568545 
3.65 0.2 0.0856551 0.584033 
3.7 0.2 0.100825 0.603261 
3.75 0.2 0.112518 0.625859 
3.8 0.2 0.120326 0.651406 
3.85 0.2 0.123956 0.679417 
3.9 0.2 0.12323 0.709296 
3.95 0.2 0.118091 0.740279 
4 0.2 0.10862 0.771358 
4.05 0.2 0.0950486 0.801219 
4.1 0.2 0.0777775 0.828248 
4.15 0.2 0.05739 0.850625 
4.2 0.2 0.0346453 0.866555 
4.25 0.2 0.0104524 0.874588 
4.3 0.2 -0.0141802 0.873937 
4.35 0.2 -0.0382126 0.864669 
4.4 0.2 -0.060648 0.847694 
4.45 0.2 -0.080599 0.824537 
4.5 0.2 -0.0973343 0.797016 
4.55 0.2 -0.110302 0.76693 
4.6 0.2 -0.119132 0.73585 
4.65 0.2 -0.123623 0.705036 
4.7 0.2 -0.123724 0.675451 
4.75 0.2 -0.119517 0.64782 
4.8 0.2 -0.111206 0.622703 
4.85 0.2 -0.0990977 0.600557 
4.9 0.2 -0.0835951 0.581777 
4.95 0.2 -0.0651669 0.566722 
5 0.2 -0.0443083 0.555759 
0 0.25 -0.0879405 0.48688 
0.05 0.25 -0.059736 0.473838 
0.1 0.25 -0.0292639 0.465985 
0.15 0.25 0.00228647 0.463602 
0.2 0.25 0.033738 0.466756 
0.25 0.25 0.0639537 0.47534 
0.3 0.25 0.0918683 0.489103 
0.35 0.25 0.11652 0.50768 
0.4 0.25 0.137074 0.530632 
0.45 0.25 0.15284 0.557473 
0.5 0.25 0.163281 0.58768 
0.55 0.25 0.168015 0.620671 
0.6 0.25 0.166821 0.655754 
0.65 0.25 0.159646 0.692048 
0.7 0.25 0.14662 0.728389 
0.75 0.25 0.128081 0.763255 
0.8 0.25 0.104589 0.794765 
0.85 0.25 0.0769421 0.820796 
0.9 0.25 0.046168 0.839255 
0.95 0.25 0.0134856 0.848454 
1 0.25 -0.0197593 0.847487 
1.05 0.25 -0.0521823 0.836452 
1.1 0.25 -0.0824552 0.816427 
1.15 0.25 -0.109391 0.789208 
1.2 0.25 -0.132005 0.756921 
1.25 0.25 -0.149544 0.721658 
1.3 0.25 -0.16149 0.685239 
1.35 0.25 -0.16755 0.649113 
1.4 0.25 -0.167631 0.614386 
1.45 0.25 -0.161821 0.581893 
1.5 0.25 -0.150376 0.552299 
1.55 0.25 -0.133711 0.526171 
1.6 0.25 -0.1124 0.504019 
1.65 0.25 -0.087165 0.486315 
1.7 0.25 -0.0588706 0.473476 
1.75 0.25 -0.0284988 0.465833 
1.8 0.25 0.00288228 0.463596 
1.85 0.25 0.0341615 0.466828 
1.9 0.25 0.0642319 0.475439 
1.95 0.25 0.0920384 0.489192 
2 0.25 0.116618 0.507739 
2.05 0.25 0.137132 0.530652 
2.1 0.25 0.152883 0.557451 
2.15 0.25 0.163328 0.587616 
2.2 0.25 0.168078 0.620568 
2.25 0.25 0.166909 0.655619 
2.3 0.25 0.159764 0.691889 
2.35 0.25 0.146771 0.728217 
2.4 0.25 0.128263 0.763085 
2.45 0.25 0.104798 0.794614 
2.5 0.25 0.0771734 0.820682 
2.55 0.25 0.0464137 0.839194 
2.6 0.25 0.0137368 0.848459 
2.65 0.25 -0.0195123 0.847562 
2.7 0.25 -0.0519494 0.836594 
2.75 0.25 -0.0822456 0.816626 
2.8 0.25 -0.109213 0.78945 
2.85 0.25 -0.131864 0.757191 
2.9 0.25 -0.149445 0.721943 
2.95 0.25 -0.161437 0.685526 
3 0.25 -0.167544 0.649393 
3.05 0.25 -0.167672 0.614651 
3.1 0.25 -0.161908 0.582138 
3.15 0.25 -0.150506 0.55252 
3.2 0.25 -0.133881 0.526362 
3.25 0.25 -0.112604 0.504176 
3.3 0.25 -0.087397 0.486435 
3.35 0.25 -0.0591229 0.473555 
3.4 0.25 -0.0287629 0.465867 
3.45 0.25 0.00261552 0.463584 
3.5 0.25 0.0339014 0.466771 
3.55 0.25 0.0639877 0.475337 
3.6 0.25 0.0918188 0.489048 
3.65 0.25 0.116431 0.507555 
3.7 0.25 0.136984 0.530431 
3.75 0.25 0.15278 0.557197 
3.8 0.25 0.163275 0.587334 
3.85 0.25 0.168078 0.620263 
3.9 0.25 0.166965 0.655297 
3.95 0.25 0.159876 0.69156 
4 0.25 0.146938 0.727894 
4.05 0.25 0.128483 0.762786 
4.1 0.25 0.105067 0.79436 
4.15 0.25 0.0774837 0.8205 
4.2 0.25 0.0467563 0.83911 
4.25 0.25 0.0141007 0.848493 
4.3 0.25 -0.0191394 0.847729 
4.35 0.25 -0.0515802 0.836898 
4.4 0.25 -0.0818929 0.817061 
4.45 0.25 -0.108889 0.790003 
4.5 0.25 -0.13158 0.757844 
4.55 0.25 -0.149213 0.722677 
4.6 0.25 -0.16127 0.686323 
4.65 0.25 -0.167458 0.650235 
4.7 0.25 -0.167685 0.615517 
4.75 0.25 -0.162041 0.583003 
4.8 0.25 -0.150781 0.55335 
4.85 0.25 -0.134312 0.527112 
4.9 0.25 -0.113177 0.504795 
4.95 0.25 -0.0880426 0.48688 
5 0.25 -0.0596644 0.473838 
0 0.3 -0.10891 0.424577 
0.05 0.3 -0.0738157 0.409693 
0.1 0.3 -0.0359537 0.40071 
0.15 0.3 0.00324811 0.39799 
0.2 0.3 0.042336 0.401639 
0.25 0.3 0.0798861 0.411519 
0.3 0.3 0.114558 0.427287 
0.35 0.3 0.145141 0.448445 
0.4 0.3 0.170591 0.474409 
0.45 0.3 0.19005 0.504559 
0.5 0.3 0.202858 0.53826 
0.55 0.3 0.208556 0.574849 
0.6 0.3 0.206889 0.613567 
0.65 0.3 0.197815 0.653469 
0.7 0.3 0.18152 0.693306 
0.75 0.3 0.158443 0.731444 
0.8 0.3 0.129292 0.765856 
0.85 0.3 0.0950627 0.79425 
0.9 0.3 0.0570182 0.814368 
0.95 0.3 0.0166499 0.824389 
1 0.3 -0.0244027 0.823334 
1.05 0.3 -0.0644552 0.811311 
1.1 0.3 -0.101889 0.789482 
1.15 0.3 -0.13525 0.759783 
1.2 0.3 -0.163324 0.724508 
1.25 0.3 -0.185171 0.685917 
1.3 0.3 -0.200133 0.645968 
1.35 0.3 -0.207824 0.606217 
1.4 0.3 -0.208103 0.567846 
1.45 0.3 -0.201055 0.531757 
1.5 0.3 -0.186977 0.498681 
1.55 0.3 -0.16637 0.469272 
1.6 0.3 -0.139935 0.444155 
1.65 0.3 -0.10857 0.423942 
1.7 0.3 -0.0733524 0.409196 
1.75 0.3 -0.0355164 0.40038 
1.8 0.3 0.00359287 0.397794 
1.85 0.3 0.0425736 0.40153 
1.9 0.3 0.0800295 0.411456 
1.95 0.3 0.114632 0.427237 
2 0.3 0.145174 0.448388 
2.05 0.3 0.170607 0.474333 
2.1 0.3 0.19007 0.504457 
2.15 0.3 0.202898 0.538131 
2.2 0.3 0.208626 0.574693 
2.25 0.3 0.206997 0.613389 
2.3 0.3 0.197964 0.653274 
2.35 0.3 0.181711 0.693104 
2.4 0.3 0.158672 0.73125 
2.45 0.3 0.129556 0.765687 
2.5 0.3 0.0953526 0.794125 
2.55 0.3 0.0573252 0.814303 
2.6 0.3 0.016963 0.824395 
2.65 0.3 -0.0240954 0.823418 
2.7 0.3 -0.0641656 0.811469 
2.75 0.3 -0.101628 0.789702 
2.8 0.3 -0.135028 0.76005 
2.85 0.3 -0.163149 0.724807 
2.9 0.3 -0.185048 0.686232 
2.95 0.3 -0.200066 0.646286 
3 0.3 -0.207815 0.606528 
3.05 0.3 -0.208153 0.568143 
3.1 0.3 -0.201162 0.532033 
3.15 0.3 -0.187139 0.498932 
3.2 0.3 -0.166581 0.46949 
3.25 0.3 -0.140189 0.444337 
3.3 0.3 -0.108859 0.424081 
3.35 0.3 -0.073667 0.409288 
3.4 0.3 -0.0358458 0.400422 
3.45 0.3 0.00326024 0.397783 
3.5 0.3 0.0422495 0.401466 
3.55 0.3 0.0797256 0.411341 
3.6 0.3 0.114359 0.427074 
3.65 0.3 0.144942 0.448182 
3.7 0.3 0.170424 0.474087 
3.75 0.3 0.189944 0.504177 
3.8 0.3 0.202833 0.537821 
3.85 0.3 0.208627 0.57436 
3.9 0.3 0.207066 0.613038 
3.95 0.3 0.198102 0.652917 
4 0.3 0.181917 0.692755 
4.05 0.3 0.158943 0.730928 
4.1 0.3 0.129885 0.765415 
4.15 0.3 0.0957316 0.79393 
4.2 0.3 0.0577429 0.814213 
4.25 0.3 0.0174064 0.824433 
4.3 0.3 -0.0236407 0.823597 
4.35 0.3 -0.063714 0.811792 
4.4 0.3 -0.101193 0.790161 
4.45 0.3 -0.134623 0.760629 
4.5 0.3 -0.162783 0.725485 
4.55 0.3 -0.184732 0.686986 
4.6 0.3 -0.199808 0.647094 
4.65 0.3 -0.207624 0.607368 
4.7 0.3 -0.208037 0.568993 
4.75 0.3 -0.201131 0.532868 
4.8 0.3 -0.187198 0.499724 
4.85 0.3 -0.166727 0.470209 
4.9 0.3 -0.140395 0.444953 
4.95 0.3 -0.109055 0.424577 
5 0.3 -0.0737161 0.409693 
0 0.35 -0.126656 0.378304 
0.05 0.35 -0.0856834 0.361655 
0.1 0.35 -0.0415109 0.351574 
0.15 0.35 0.00422474 0.348535 
0.2 0.35 0.0498278 0.352688 
0.25 0.35 0.0936217 0.363844 
0.3 0.35 0.134023 0.381523 
0.35 0.35 0.169606 0.405037 
0.4 0.35 0.199146 0.433603 
0.45 0.35 0.221646 0.466421 
0.5 0.35 0.236351 0.502724 
0.55 0.35 0.242749 0.541762 
0.6 0.35 0.24057 0.582731 
0.65 0.35 0.229795 0.624663 
0.7 0.35 0.210671 0.666295 
0.75 0.35 0.183732 0.705974 
0.8 0.35 0.149819 0.741649 
0.85 0.35 0.11009 0.771006 
0.9 0.35 0.0660037 0.791764 
0.95 0.35 0.0192678 0.80209 
1 0.35 -0.0282479 0.801003 
1.05 0.35 -0.0746238 0.788609 
1.1 0.35 -0.118013 0.766075 
1.15 0.35 -0.156748 0.735353 
1.2 0.35 -0.189425 0.698758 
1.25 0.35 -0.214946 0.658571 
1.3 0.35 -0.232528 0.616775 
1.35 0.35 -0.241694 0.574943 
1.4 0.35 -0.24225 0.534271 
1.45 0.35 -0.234263 0.495687 
1.5 0.35 -0.21805 0.459974 
1.55 0.35 -0.194172 0.42788 
1.6 0.35 -0.163432 0.400176 
1.65 0.35 -0.126871 0.377658 
1.7 0.35 -0.0857523 0.361093 
1.75 0.35 -0.0415303 0.351132 
1.8 0.35 0.0042023 0.348201 
1.85 0.35 0.0497822 0.352435 
1.9 0.35 0.0935537 0.363641 
1.95 0.35 0.133944 0.381346 
2 0.35 0.169532 0.404869 
2.05 0.35 0.199091 0.433432 
2.1 0.35 0.221624 0.466241 
2.15 0.35 0.236372 0.502532 
2.2 0.35 0.242818 0.541556 
2.25 0.35 0.240691 0.582514 
2.3 0.35 0.229969 0.624439 
2.35 0.35 0.210895 0.666072 
2.4 0.35 0.184002 0.705766 
2.45 0.35 0.150129 0.741471 
2.5 0.35 0.11043 0.770875 
2.55 0.35 0.0663632 0.791697 
2.6 0.35 0.0196336 0.8021 
2.65 0.35 -0.0278894 0.801093 
2.7 0.35 -0.0742862 0.788775 
2.75 0.35 -0.117708 0.766307 
2.8 0.35 -0.156489 0.735634 
2.85 0.35 -0.18922 0.699072 
2.9 0.35 -0.214802 0.658904 
2.95 0.35 -0.232449 0.617113 
3 0.35 -0.241683 0.575275 
3.05 0.35 -0.242307 0.534591 
3.1 0.35 -0.234387 0.495988 
3.15 0.35 -0.218238 0.46025 
3.2 0.35 -0.194418 0.428124 
3.25 0.35 -0.163729 0.400382 
3.3 0.35 -0.127209 0.377818 
3.35 0.35 -0.0861203 0.361201 
3.4 0.35 -0.0419157 0.351182 
3.45 0.35 0.00381312 0.348192 
3.5 0.35 0.0494033 0.352365 
3.55 0.35 0.0931987 0.363515 
3.6 0.35 0.133626 0.381167 
3.65 0.35 0.169262 0.404644 
3.7 0.35 0.198879 0.433166 
3.75 0.35 0.221478 0.465941 
3.8 0.35 0.236298 0.502204 
3.85 0.35 0.242821 0.541207 
3.9 0.35 0.240772 0.582151 
3.95 0.35 0.230129 0.624071 
4 0.35 0.211134 0.665715 
4.05 0.35 0.184313 0.705437 
4.1 0.35 0.150506 0.741196 
4.15 0.35 0.110863 0.77068 
4.2 0.35 0.0668392 0.791609 
4.25 0.35 0.0201385 0.802139 
4.3 0.35 -0.027371 0.801274 
4.35 0.35 -0.0737693 0.789098 
4.4 0.35 -0.117207 0.766762 
4.45 0.35 -0.156013 0.736203 
4.5 0.35 -0.188779 0.699731 
4.55 0.35 -0.214399 0.659628 
4.6 0.35 -0.232087 0.617876 
4.65 0.35 -0.24136 0.576054 
4.7 0.35 -0.242019 0.535362 
4.75 0.35 -0.234129 0.496731 
4.8 0.35 -0.217998 0.460945 
4.85 0.35 -0.194176 0.428755 
4.9 0.35 -0.16345 0.400937 
4.95 0.35 -0.126834 0.378304 
5 0.35 -0.085562 0.361655 
0 0.4 -0.140172 0.344679 
0.05 0.4 -0.0946828 0.326212 
0.1 0.4 -0.04565 0.314983 
0.15 0.4 0.00512253 0.311617 
0.2 0.4 0.0557421 0.316317 
0.25 0.4 0.104326 0.328817 
0.3 0.4 0.149096 0.348454 
0.35 0.4 0.188454 0.37429 
0.4 0.4 0.221036 0.405278 
0.45 0.4 0.245746 0.44039 
0.5 0.4 0.261768 0.478691 
0.55 0.4 0.268562 0.519331 
0.6 0.4 0.265863 0.561469 
0.65 0.4 0.253689 0.604144 
0.7 0.4 0.232346 0.646137 
0.75 0.4 0.202452 0.685865 
0.8 0.4 0.164955 0.721369 
0.85 0.4 0.121137 0.750448 
0.9 0.4 0.0725951 0.77094 
0.95 0.4 0.0211852 0.781113 
1 0.4 -0.0310679 0.780042 
1.05 0.4 -0.0820882 0.767826 
1.1 0.4 -0.129874 0.745567 
1.15 0.4 -0.172613 0.715109 
1.2 0.4 -0.208763 0.678647 
1.25 0.4 -0.237104 0.638355 
1.3 0.4 -0.256752 0.596123 
1.35 0.4 -0.267149 0.553462 
1.4 0.4 -0.268042 0.511531 
1.45 0.4 -0.259469 0.471255 
1.5 0.4 -0.241746 0.433468 
1.55 0.4 -0.215465 0.39903 
1.6 0.4 -0.181494 0.368893 
1.65 0.4 -0.140982 0.344094 
1.7 0.4 -0.0953341 0.325667 
1.75 0.4 -0.0461834 0.314508 
1.8 0.4 0.00467434 0.311214 
1.85 0.4 0.0553595 0.315971 
1.9 0.4 0.104001 0.328513 
1.95 0.4 0.148828 0.348177 
2 0.4 0.188244 0.374029 
2.05 0.4 0.22089 0.405026 
2.1 0.4 0.245667 0.440142 
2.15 0.4 0.261758 0.478444 
2.2 0.4 0.26862 0.519083 
2.25 0.4 0.265989 0.561221 
2.3 0.4 0.253879 0.603899 
2.35 0.4 0.232595 0.645902 
2.4 0.4 0.202754 0.685651 
2.45 0.4 0.165301 0.72119 
2.5 0.4 0.121516 0.750319 
2.55 0.4 0.0729948 0.770877 
2.6 0.4 0.0215911 0.781127 
2.65 0.4 -0.0306706 0.780136 
2.7 0.4 -0.0817142 0.767995 
2.75 0.4 -0.129537 0.745802 
2.8 0.4 -0.172325 0.715394 
2.85 0.4 -0.208534 0.678966 
2.9 0.4 -0.236943 0.638694 
2.95 0.4 -0.256663 0.596471 
3 0.4 -0.267134 0.553808 
3.05 0.4 -0.268103 0.511867 
3.1 0.4 -0.259605 0.471576 
3.15 0.4 -0.241953 0.433766 
3.2 0.4 -0.215736 0.399298 
3.25 0.4 -0.181823 0.369122 
3.3 0.4 -0.141357 0.344274 
3.35 0.4 -0.0957434 0.32579 
3.4 0.4 -0.0466123 0.314567 
3.45 0.4 0.00424129 0.311206 
3.5 0.4 0.0549381 0.315896 
3.55 0.4 0.103607 0.328375 
3.6 0.4 0.148475 0.347982 
3.65 0.4 0.187946 0.373786 
3.7 0.4 0.220656 0.404743 
3.75 0.4 0.245507 0.439828 
3.8 0.4 0.261678 0.478105 
3.85 0.4 0.268625 0.518728 
3.9 0.4 0.26608 0.560855 
3.95 0.4 0.254056 0.603534 
4 0.4 0.232856 0.645551 
4.05 0.4 0.203093 0.685331 
4.1 0.4 0.16571 0.720924 
4.15 0.4 0.121984 0.750133 
4.2 0.4 0.0735087 0.770794 
4.25 0.4 0.0221358 0.781167 
4.3 0.4 -0.0301108 0.780308 
4.35 0.4 -0.0811539 0.7683 
4.4 0.4 -0.128989 0.746227 
4.45 0.4 -0.171796 0.71592 
4.5 0.4 -0.208029 0.679569 
4.55 0.4 -0.23646 0.639345 
4.6 0.4 -0.256196 0.597143 
4.65 0.4 -0.26667 0.554476 
4.7 0.4 -0.267626 0.51251 
4.75 0.4 -0.259092 0.472176 
4.8 0.4 -0.241377 0.434311 
4.85 0.4 -0.215065 0.399784 
4.9 0.4 -0.181017 0.369555 
4.95 0.4 -0.140374 0.344679 
5 0.4 -0.0945455 0.326212 
0 0.45 -0.148748 0.319708 
0.05 0.45 -0.100357 0.299347 
0.1 0.45 -0.0481818 0.286906 
0.15 0.45 0.00585476 0.283201 
0.2 0.45 0.0597191 0.28849 
0.25 0.45 0.111381 0.302417 
0.3 0.45 0.158924 0.324094 
0.35 0.45 0.200631 0.352287 
0.4 0.45 0.235052 0.385634 
0.45 0.45 0.261035 0.422839 
0.5 0.45 0.277734 0.462765 
0.55 0.45 0.284613 0.504448 
0.6 0.45 0.281431 0.547005 
0.65 0.45 0.268245 0.5895 
0.7 0.45 0.245421 0.630797 
0.75 0.45 0.213643 0.669452 
0.8 0.45 0.173932 0.703692 
0.85 0.45 0.127648 0.731541 
0.9 0.45 0.0764619 0.751067 
0.95 0.45 0.0223064 0.760732 
1 0.45 -0.0327215 0.759715 
1.05 0.45 -0.0864737 0.748103 
1.1 0.45 -0.136875 0.726873 
1.15 0.45 -0.182038 0.697666 
1.2 0.45 -0.220344 0.662445 
1.25 0.45 -0.250495 0.623163 
1.3 0.45 -0.271535 0.581533 
1.35 0.45 -0.282839 0.538936 
1.4 0.45 -0.284099 0.496461 
1.45 0.45 -0.275313 0.455019 
1.5 0.45 -0.256774 0.415498 
1.55 0.45 -0.229078 0.378892 
1.6 0.45 -0.193123 0.34637 
1.65 0.45 -0.150118 0.31925 
1.7 0.45 -0.101564 0.298886 
1.75 0.45 -0.0492162 0.286464 
1.8 0.45 0.00498258 0.282784 
1.85 0.45 0.0589942 0.288098 
1.9 0.45 0.11079 0.302045 
1.95 0.45 0.158456 0.32374 
2 0.45 0.200279 0.351949 
2.05 0.45 0.234808 0.385312 
2.1 0.45 0.260892 0.422531 
2.15 0.45 0.277687 0.462471 
2.2 0.45 0.284655 0.504165 
2.25 0.45 0.281555 0.546734 
2.3 0.45 0.268445 0.589242 
2.35 0.45 0.245687 0.630558 
2.4 0.45 0.213967 0.66924 
2.45 0.45 0.174303 0.703519 
2.5 0.45 0.128052 0.73142 
2.55 0.45 0.0768874 0.751012 
2.6 0.45 0.0227377 0.76075 
2.65 0.45 -0.0322999 0.759809 
2.7 0.45 -0.086077 0.74827 
2.75 0.45 -0.136518 0.727104 
2.8 0.45 -0.181732 0.697947 
2.85 0.45 -0.2201 0.662761 
2.9 0.45 -0.250322 0.623502 
2.95 0.45 -0.271438 0.581884 
3 0.45 -0.282821 0.53929 
3.05 0.45 -0.284162 0.49681 
3.1 0.45 -0.275455 0.455357 
3.15 0.45 -0.256993 0.415817 
3.2 0.45 -0.229366 0.379183 
3.25 0.45 -0.193473 0.346622 
3.3 0.45 -0.150518 0.319451 
3.35 0.45 -0.102 0.299025 
3.4 0.45 -0.0496736 0.286532 
3.45 0.45 0.00452079 0.282778 
3.5 0.45 0.0585451 0.288016 
3.55 0.45 0.110371 0.301895 
3.6 0.45 0.158081 0.323529 
3.65 0.45 0.199962 0.351689 
3.7 0.45 0.234561 0.385014 
3.75 0.45 0.260724 0.422205 
3.8 0.45 0.277604 0.462126 
3.85 0.45 0.284661 0.503809 
3.9 0.45 0.281651 0.546374 
3.95 0.45 0.26863 0.588888 
4 0.45 0.245959 0.630222 
4.05 0.45 0.214319 0.668938 
4.1 0.45 0.174726 0.703272 
4.15 0.45 0.128536 0.731249 
4.2 0.45 0.077417 0.750937 
4.25 0.45 0.0232984 0.760787 
4.3 0.45 -0.0317231 0.759966 
4.35 0.45 -0.0854973 0.748543 
4.4 0.45 -0.135945 0.72748 
4.45 0.45 -0.181172 0.698405 
4.5 0.45 -0.219551 0.663276 
4.55 0.45 -0.249776 0.624045 
4.6 0.45 -0.27088 0.582428 
4.65 0.45 -0.282227 0.53981 
4.7 0.45 -0.283503 0.497284 
4.75 0.45 -0.274695 0.45577 
4.8 0.45 -0.256092 0.416164 
4.85 0.45 -0.228283 0.379471 
4.9 0.45 -0.192168 0.346873 
4.95 0.45 -0.148967 0.319708 
5 0.45 -0.100209 0.299347 
0 0.5 -0.151941 0.299681 
0.05 0.5 -0.10242 0.277454 
0.1 0.5 -0.0489959 0.263815 
0.15 0.5 0.00634936 0.259779 
0.2 0.5 0.061507 0.265666 
0.25 0.5 0.114368 0.281016 
0.3 0.5 0.162942 0.304707 
0.35 0.5 0.205458 0.335186 
0.4 0.5 0.240432 0.370766 
0.45 0.5 0.2667 0.409862 
0.5 0.5 0.283427 0.451128 
0.55 0.5 0.290101 0.493466 
0.6 0.5 0.286519 0.535949 
0.65 0.5 0.272785 0.57767 
0.7 0.5 0.249308 0.617595 
0.75 0.5 0.216818 0.654457 
0.8 0.5 0.176372 0.686732 
0.85 0.5 0.129353 0.71274 
0.9 0.5 0.0774479 0.730853 
0.95 0.5 0.0225867 0.739783 
1 0.5 -0.033142 0.738843 
1.05 0.5 -0.0876017 0.728107 
1.1 0.5 -0.138725 0.708391 
1.15 0.5 -0.184622 0.681069 
1.2 0.5 -0.223659 0.647798 
1.25 0.5 -0.254512 0.610242 
1.3 0.5 -0.276183 0.569878 
1.35 0.5 -0.288002 0.527923 
1.4 0.5 -0.289616 0.485376 
1.45 0.5 -0.280976 0.443136 
1.5 0.5 -0.26234 0.402152 
1.55 0.5 -0.234277 0.363566 
1.6 0.5 -0.19768 0.328775 
1.65 0.5 -0.153771 0.2994 
1.7 0.5 -0.104091 0.277126 
1.75 0.5 -0.0504567 0.263449 
1.8 0.5 0.00510943 0.259385 
1.85 0.5 0.0604801 0.265253 
1.9 0.5 0.113539 0.280595 
1.95 0.5 0.162294 0.304288 
2 0.5 0.204974 0.334781 
2.05 0.5 0.240096 0.370381 
2.1 0.5 0.266497 0.409501 
2.15 0.5 0.283344 0.450791 
2.2 0.5 0.290124 0.493155 
2.25 0.5 0.286637 0.535661 
2.3 0.5 0.272985 0.577406 
2.35 0.5 0.24958 0.617358 
2.4 0.5 0.21715 0.654253 
2.45 0.5 0.176752 0.686571 
2.5 0.5 0.129768 0.712632 
2.55 0.5 0.0778833 0.730808 
2.6 0.5 0.0230272 0.739806 
2.65 0.5 -0.0327118 0.738938 
2.7 0.5 -0.0871971 0.72827 
2.75 0.5 -0.138361 0.708614 
2.8 0.5 -0.18431 0.681341 
2.85 0.5 -0.22341 0.648107 
2.9 0.5 -0.254334 0.610576 
2.95 0.5 -0.276082 0.570227 
3 0.5 -0.287982 0.528281 
3.05 0.5 -0.289678 0.485735 
3.1 0.5 -0.28112 0.443489 
3.15 0.5 -0.262562 0.402491 
3.2 0.5 -0.23457 0.363879 
3.25 0.5 -0.198036 0.32905 
3.3 0.5 -0.15418 0.299622 
3.35 0.5 -0.104538 0.277281 
3.4 0.5 -0.0509258 0.263526 
3.45 0.5 0.00463571 0.259379 
3.5 0.5 0.0600197 0.265164 
3.55 0.5 0.113109 0.280432 
3.6 0.5 0.161911 0.304061 
3.65 0.5 0.204652 0.334504 
3.7 0.5 0.239846 0.370068 
3.75 0.5 0.266327 0.409165 
3.8 0.5 0.28326 0.450443 
3.85 0.5 0.29013 0.492802 
3.9 0.5 0.286734 0.535311 
3.95 0.5 0.273172 0.577068 
4 0.5 0.249853 0.617043 
4.05 0.5 0.217501 0.653975 
4.1 0.5 0.177173 0.686346 
4.15 0.5 0.130247 0.712477 
4.2 0.5 0.0784064 0.73074 
4.25 0.5 0.0235803 0.739837 
4.3 0.5 -0.0321426 0.73907 
4.35 0.5 -0.0866232 0.728499 
4.4 0.5 -0.137789 0.708925 
4.45 0.5 -0.183743 0.681712 
4.5 0.5 -0.222841 0.648513 
4.55 0.5 -0.253749 0.610988 
4.6 0.5 -0.275458 0.570618 
4.65 0.5 -0.287287 0.528623 
4.7 0.5 -0.288872 0.486008 
4.75 0.5 -0.280156 0.44368 
4.8 0.5 -0.261391 0.402601 
4.85 0.5 -0.233146 0.363926 
4.9 0.5 -0.196323 0.329072 
4.95 0.5 -0.152168 0.299681 
5 0.5 -0.102267 0.277454 
0 0.55 -0.14955 0.281563 
0.05 0.55 -0.100746 0.257721 
0.1 0.55 -0.0480527 0.243041 
0.15 0.55 0.00655414 0.238726 
0.2 0.55 0.0609642 0.245147 
0.25 0.55 0.113065 0.261752 
0.3 0.55 0.160867 0.287196 
0.35 0.55 0.202611 0.319637 
0.4 0.55 0.236834 0.357086 
0.45 0.55 0.262406 0.397695 
0.5 0.55 0.278535 0.43992 
0.55 0.55 0.284756 0.48254 
0.6 0.55 0.28091 0.524576 
0.65 0.55 0.267142 0.565144 
0.7 0.55 0.243892 0.603318 
0.75 0.55 0.211906 0.638016 
0.8 0.55 0.172236 0.667985 
0.85 0.55 0.126238 0.691867 
0.9 0.55 0.0755489 0.708363 
0.95 0.55 0.0220259 0.716455 
1 0.55 -0.0323278 0.715604 
1.05 0.55 -0.085466 0.705867 
1.1 0.55 -0.135405 0.687885 
1.15 0.55 -0.180323 0.662747 
1.2 0.55 -0.218633 0.631776 
1.25 0.55 -0.249031 0.596319 
1.3 0.55 -0.270521 0.5576 
1.35 0.55 -0.282414 0.516664 
1.4 0.55 -0.284321 0.47442 
1.45 0.55 -0.276151 0.431756 
1.5 0.55 -0.258116 0.389689 
1.55 0.55 -0.230736 0.3495 
1.6 0.55 -0.194865 0.312801 
1.65 0.55 -0.151692 0.281487 
1.7 0.55 -0.10274 0.257551 
1.75 0.55 -0.0498177 0.242774 
1.8 0.55 0.00504592 0.238372 
1.85 0.55 0.059713 0.244727 
1.9 0.55 0.112057 0.261291 
1.95 0.55 0.160082 0.28672 
2 0.55 0.202026 0.319169 
2.05 0.55 0.236427 0.356642 
2.1 0.55 0.262156 0.397284 
2.15 0.55 0.278422 0.439546 
2.2 0.55 0.28476 0.482204 
2.25 0.55 0.281017 0.524275 
2.3 0.55 0.267336 0.564878 
2.35 0.55 0.24416 0.603087 
2.4 0.55 0.212234 0.637825 
2.45 0.55 0.172611 0.667839 
2.5 0.55 0.126648 0.691773 
2.55 0.55 0.0759777 0.708329 
2.6 0.55 0.0224591 0.716485 
2.65 0.55 -0.0319053 0.715699 
2.7 0.55 -0.0850688 0.706024 
2.75 0.55 -0.135047 0.688098 
2.8 0.55 -0.180016 0.663007 
2.85 0.55 -0.218386 0.632073 
2.9 0.55 -0.248854 0.596645 
2.95 0.55 -0.27042 0.557946 
3 0.55 -0.282392 0.517023 
3.05 0.55 -0.284379 0.474785 
3.1 0.55 -0.27629 0.432121 
3.15 0.55 -0.258332 0.390044 
3.2 0.55 -0.231024 0.349833 
3.25 0.55 -0.195216 0.313095 
3.3 0.55 -0.152095 0.281727 
3.35 0.55 -0.103181 0.25772 
3.4 0.55 -0.0502812 0.242859 
3.45 0.55 0.00457792 0.238367 
3.5 0.55 0.0592584 0.244633 
3.55 0.55 0.111633 0.261116 
3.6 0.55 0.159705 0.286479 
3.65 0.55 0.201709 0.318878 
3.7 0.55 0.236182 0.356318 
3.75 0.55 0.26199 0.396942 
3.8 0.55 0.278341 0.439197 
3.85 0.55 0.284767 0.481856 
3.9 0.55 0.281112 0.523938 
3.95 0.55 0.267517 0.564559 
4 0.55 0.244423 0.602795 
4.05 0.55 0.212571 0.637571 
4.1 0.55 0.173013 0.667636 
4.15 0.55 0.127103 0.691634 
4.2 0.55 0.0764737 0.708266 
4.25 0.55 0.0229824 0.716504 
4.3 0.55 -0.0313668 0.715801 
4.35 0.55 -0.0845245 0.7062 
4.4 0.55 -0.134502 0.688334 
4.45 0.55 -0.179468 0.663281 
4.5 0.55 -0.217825 0.632359 
4.55 0.55 -0.248261 0.596913 
4.6 0.55 -0.269766 0.558168 
4.65 0.55 -0.281639 0.517172 
4.7 0.55 -0.28348 0.474841 
4.75 0.55 -0.275192 0.432072 
4.8 0.55 -0.25698 0.389897 
4.85 0.55 -0.229369 0.349616 
4.9 0.55 -0.193227 0.312864 
4.95 0.55 -0.149776 0.281563 
5 0.55 -0.100594 0.257721 
0 0.6 -0.141632 0.263047 
0.05 0.6 -0.0953738 0.238127 
0.1 0.6 -0.0453843 0.222747 
0.15 0.6 0.0064408 0.218254 
0.2 0.6 0.0580682 0.225059 
0.25 0.6 0.107462 0.242534 
0.3 0.6 0.152711 0.269165 
0.35 0.6 0.192133 0.302887 
0.4 0.6 0.224345 0.341483 
0.45 0.6 0.248294 0.38291 
0.5 0.6 0.263255 0.425472 
0.55 0.6 0.268825 0.467848 
0.6 0.6 0.264894 0.509017 
0.65 0.6 0.251637 0.548117 
0.7 0.6 0.229503 0.584311 
0.75 0.6 0.199222 0.616696 
0.8 0.6 0.1618 0.64427 
0.85 0.6 0.118517 0.665982 
0.9 0.6 0.0708977 0.680846 
0.95 0.6 0.0206637 0.688098 
1 0.6 -0.0303362 0.687336 
1.05 0.6 -0.0802153 0.678601 
1.1 0.6 -0.127142 0.662374 
1.15 0.6 -0.169425 0.63947 
1.2 0.6 -0.205583 0.610898 
1.25 0.6 -0.234383 0.577705 
1.3 0.6 -0.254868 0.540875 
1.35 0.6 -0.266359 0.501294 
1.4 0.6 -0.268455 0.459791 
1.45 0.6 -0.261028 0.417249 
1.5 0.6 -0.244239 0.374739 
1.55 0.6 -0.218546 0.333652 
1.6 0.6 -0.184731 0.295763 
1.65 0.6 -0.143907 0.263176 
1.7 0.6 -0.0975191 0.238117 
1.75 0.6 -0.0473015 0.222584 
1.8 0.6 0.00479209 0.217948 
1.85 0.6 0.0566957 0.22464 
1.9 0.6 0.106355 0.242042 
1.95 0.6 0.151849 0.26864 
2 0.6 0.191492 0.302364 
2.05 0.6 0.223899 0.340988 
2.1 0.6 0.248016 0.382457 
2.15 0.6 0.263122 0.425067 
2.2 0.6 0.268816 0.467493 
2.25 0.6 0.264989 0.508708 
2.3 0.6 0.251819 0.547852 
2.35 0.6 0.229758 0.584089 
2.4 0.6 0.199535 0.616518 
2.45 0.6 0.162158 0.64414 
2.5 0.6 0.118906 0.665904 
2.55 0.6 0.0713038 0.680824 
2.6 0.6 0.0210732 0.688134 
2.65 0.6 -0.0299371 0.687431 
2.7 0.6 -0.0798401 0.678753 
2.75 0.6 -0.126803 0.662577 
2.8 0.6 -0.169135 0.639718 
2.85 0.6 -0.205349 0.611183 
2.9 0.6 -0.234214 0.578021 
2.95 0.6 -0.25477 0.541215 
3 0.6 -0.266336 0.501651 
3.05 0.6 -0.268508 0.460159 
3.1 0.6 -0.261158 0.41762 
3.15 0.6 -0.244442 0.375104 
3.2 0.6 -0.218818 0.333996 
3.25 0.6 -0.185063 0.29607 
3.3 0.6 -0.144289 0.263428 
3.35 0.6 -0.097938 0.238295 
3.4 0.6 -0.0477417 0.222674 
3.45 0.6 0.00434748 0.217944 
3.5 0.6 0.0562641 0.224541 
3.55 0.6 0.105953 0.241859 
3.6 0.6 0.151492 0.268389 
3.65 0.6 0.191193 0.302064 
3.7 0.6 0.223668 0.340658 
3.75 0.6 0.24786 0.382112 
3.8 0.6 0.263047 0.42472 
3.85 0.6 0.268822 0.467153 
3.9 0.6 0.265078 0.508385 
3.95 0.6 0.251987 0.547551 
4 0.6 0.23 0.583819 
4.05 0.6 0.199845 0.616287 
4.1 0.6 0.162526 0.643957 
4.15 0.6 0.119322 0.665778 
4.2 0.6 0.0717549 0.680761 
4.25 0.6 0.0215479 0.688138 
4.3 0.6 -0.0294494 0.687498 
4.35 0.6 -0.0793466 0.678874 
4.4 0.6 -0.126306 0.662735 
4.45 0.6 -0.16863 0.639891 
4.5 0.6 -0.204824 0.611346 
4.55 0.6 -0.233646 0.578144 
4.6 0.6 -0.254127 0.541269 
4.65 0.6 -0.265577 0.501609 
4.7 0.6 -0.267581 0.460001 
4.75 0.6 -0.260009 0.417337 
4.8 0.6 -0.243016 0.374707 
4.85 0.6 -0.217067 0.333524 
4.9 0.6 -0.18296 0.295593 
4.95 0.6 -0.141846 0.263047 
5 0.6 -0.0952297 0.238127 
0 0.65 -0.12852 0.242456 
0.05 0.65 -0.086528 0.217288 
0.1 0.65 -0.0411033 0.201736 
0.15 0.65 0.00600794 0.197217 
0.2 0.65 0.0529292 0.204163 
0.25 0.65 0.0977823 0.221905 
0.3 0.65 0.138809 0.248835 
0.35 0.65 0.174473 0.282775 
0.4 0.65 0.203521 0.321397 
0.45 0.65 0.225011 0.362557 
0.5 0.65 0.238314 0.404486 
0.55 0.65 0.243094 0.445813 
0.6 0.65 0.239285 0.485497 
0.65 0.65 0.227079 0.522697 
0.7 0.65 0.20691 0.556658 
0.75 0.65 0.179458 0.586624 
0.8 0.65 0.145645 0.611807 
0.85 0.65 0.106624 0.631413 
0.9 0.65 0.0637577 0.64472 
0.95 0.65 0.0185775 0.651178 
1 0.65 -0.02728 0.6505 
1.05 0.65 -0.0721461 0.642715 
1.1 0.65 -0.114398 0.628165 
1.15 0.65 -0.152532 0.607439 
1.2 0.65 -0.185219 0.581281 
1.25 0.65 -0.211347 0.550483 
1.3 0.65 -0.230036 0.515829 
1.35 0.65 -0.24065 0.478068 
1.4 0.65 -0.242796 0.437963 
1.45 0.65 -0.236324 0.396383 
1.5 0.65 -0.221347 0.354426 
1.55 0.65 -0.198248 0.313541 
1.6 0.65 -0.167713 0.275583 
1.65 0.65 -0.130741 0.242761 
1.7 0.65 -0.0886428 0.217418 
1.75 0.65 -0.0430094 0.201667 
1.8 0.65 0.0043581 0.196961 
1.85 0.65 0.0515499 0.203755 
1.9 0.65 0.0966674 0.221395 
1.95 0.65 0.137941 0.248277 
2 0.65 0.173828 0.282215 
2.05 0.65 0.203071 0.320866 
2.1 0.65 0.22473 0.362076 
2.15 0.65 0.238176 0.404061 
2.2 0.65 0.243076 0.445447 
2.25 0.65 0.239368 0.485186 
2.3 0.65 0.227244 0.522438 
2.35 0.65 0.207142 0.556448 
2.4 0.65 0.179744 0.586462 
2.45 0.65 0.145971 0.611693 
2.5 0.65 0.106977 0.63135 
2.55 0.65 0.0641261 0.644709 
2.6 0.65 0.0189484 0.651221 
2.65 0.65 -0.0269191 0.650595 
2.7 0.65 -0.0718069 0.642861 
2.75 0.65 -0.114092 0.628358 
2.8 0.65 -0.152268 0.607675 
2.85 0.65 -0.185007 0.581553 
2.9 0.65 -0.211193 0.550787 
2.95 0.65 -0.229946 0.516158 
3 0.65 -0.240628 0.478417 
3.05 0.65 -0.242842 0.438326 
3.1 0.65 -0.23644 0.396752 
3.15 0.65 -0.221529 0.354791 
3.2 0.65 -0.198493 0.313887 
3.25 0.65 -0.168014 0.275894 
3.3 0.65 -0.131088 0.243017 
3.35 0.65 -0.0890236 0.2176 
3.4 0.65 -0.0434098 0.20176 
3.45 0.65 0.00395364 0.196956 
3.5 0.65 0.0511575 0.203655 
3.55 0.65 0.0963025 0.22121 
3.6 0.65 0.137618 0.248024 
3.65 0.65 0.173557 0.281915 
3.7 0.65 0.202862 0.320538 
3.75 0.65 0.22459 0.361736 
3.8 0.65 0.238108 0.403723 
3.85 0.65 0.243082 0.44512 
3.9 0.65 0.239447 0.484879 
3.95 0.65 0.227393 0.522157 
4 0.65 0.207357 0.556199 
4.05 0.65 0.180017 0.586251 
4.1 0.65 0.146294 0.611526 
4.15 0.65 0.10734 0.631232 
4.2 0.65 0.0645182 0.644644 
4.25 0.65 0.0193594 0.651206 
4.3 0.65 -0.0264978 0.650626 
4.35 0.65 -0.0713808 0.642926 
4.4 0.65 -0.113661 0.628441 
4.45 0.65 -0.151828 0.607754 
4.5 0.65 -0.184542 0.581601 
4.55 0.65 -0.210681 0.550776 
4.6 0.65 -0.229353 0.51606 
4.65 0.65 -0.239913 0.478205 
4.7 0.65 -0.241956 0.437981 
4.75 0.65 -0.235329 0.396268 
4.8 0.65 -0.220141 0.354185 
4.85 0.65 -0.196785 0.313204 
4.9 0.65 -0.165964 0.275215 
4.95 0.65 -0.128712 0.242456 
5 0.65 -0.0863986 0.217288 
0 0.7 -0.11087 0.218644 
0.05 0.7 -0.074644 0.194301 
0.1 0.7 -0.0354161 0.179252 
0.15 0.7 0.00528321 0.174901 
0.2 0.7 0.0458087 0.181671 
0.25 0.7 0.0845152 0.198893 
0.3 0.7 0.119868 0.224969 
0.35 0.7 0.150534 0.257741 
0.4 0.7 0.175435 0.294902 
0.45 0.7 0.193773 0.334336 
0.5 0.7 0.205027 0.374295 
0.55 0.7 0.208932 0.413424 
0.6 0.7 0.20546 0.450701 
0.65 0.7 0.194801 0.485322 
0.7 0.7 0.177349 0.516605 
0.75 0.7 0.153704 0.543913 
0.8 0.7 0.124664 0.566623 
0.85 0.7 0.0912189 0.584141 
0.9 0.7 0.0545272 0.595947 
0.95 0.7 0.0158841 0.601651 
1 0.7 -0.0233299 0.601052 
1.05 0.7 -0.0617084 0.594171 
1.1 0.7 -0.0978819 0.581247 
1.15 0.7 -0.130577 0.562696 
1.2 0.7 -0.158662 0.539058 
1.25 0.7 -0.181182 0.510932 
1.3 0.7 -0.197371 0.478942 
1.35 0.7 -0.206667 0.443729 
1.4 0.7 -0.208707 0.40599 
1.45 0.7 -0.203339 0.366563 
1.5 0.7 -0.19063 0.326529 
1.55 0.7 -0.170888 0.287321 
1.6 0.7 -0.144681 0.250773 
1.65 0.7 -0.11286 0.21907 
1.7 0.7 -0.0765569 0.194534 
1.75 0.7 -0.0371563 0.17926 
1.8 0.7 0.00376563 0.174692 
1.85 0.7 0.0445334 0.181286 
1.9 0.7 0.0834816 0.198388 
1.95 0.7 0.119063 0.224406 
2 0.7 0.149935 0.25717 
2.05 0.7 0.175018 0.294361 
2.1 0.7 0.193512 0.333847 
2.15 0.7 0.204897 0.373868 
2.2 0.7 0.208912 0.413061 
2.25 0.7 0.205531 0.450398 
2.3 0.7 0.194944 0.485076 
2.35 0.7 0.177551 0.516411 
2.4 0.7 0.153952 0.543767 
2.45 0.7 0.124947 0.566526 
2.5 0.7 0.0915244 0.584093 
2.55 0.7 0.0548449 0.595947 
2.6 0.7 0.0162033 0.601698 
2.65 0.7 -0.0230196 0.601146 
2.7 0.7 -0.0614169 0.594311 
2.75 0.7 -0.0976186 0.581429 
2.8 0.7 -0.13035 0.562917 
2.85 0.7 -0.158479 0.539313 
2.9 0.7 -0.181049 0.511218 
2.95 0.7 -0.197293 0.479254 
3 0.7 -0.206646 0.444061 
3.05 0.7 -0.208746 0.406337 
3.1 0.7 -0.203437 0.366918 
3.15 0.7 -0.190786 0.326881 
3.2 0.7 -0.171098 0.287656 
3.25 0.7 -0.144939 0.251074 
3.3 0.7 -0.113159 0.219319 
3.35 0.7 -0.0768857 0.194711 
3.4 0.7 -0.0375023 0.17935 
3.45 0.7 0.0034161 0.174688 
3.5 0.7 0.0441944 0.181189 
3.55 0.7 0.0831666 0.19821 
3.6 0.7 0.118784 0.224162 
3.65 0.7 0.149703 0.256881 
3.7 0.7 0.174839 0.294046 
3.75 0.7 0.193392 0.333524 
3.8 0.7 0.20484 0.373548 
3.85 0.7 0.208917 0.412754 
3.9 0.7 0.205598 0.450112 
3.95 0.7 0.19507 0.484817 
4 0.7 0.177732 0.516183 
4.05 0.7 0.154181 0.543575 
4.1 0.7 0.125216 0.566373 
4.15 0.7 0.0918251 0.583981 
4.2 0.7 0.0551683 0.595876 
4.25 0.7 0.0165408 0.601666 
4.3 0.7 -0.0226751 0.601145 
4.35 0.7 -0.0610693 0.594328 
4.4 0.7 -0.0972674 0.581447 
4.45 0.7 -0.129989 0.562916 
4.5 0.7 -0.158094 0.539268 
4.55 0.7 -0.180617 0.511101 
4.6 0.7 -0.196784 0.479038 
4.65 0.7 -0.206022 0.443721 
4.7 0.7 -0.207961 0.405857 
4.75 0.7 -0.202444 0.366295 
4.8 0.7 -0.189539 0.326135 
4.85 0.7 -0.169561 0.286836 
4.9 0.7 -0.143097 0.250268 
4.95 0.7 -0.111029 0.218644 
5 0.7 -0.0745368 0.194301 
0 0.75 -0.0897076 0.190939 
0.05 0.75 -0.0604032 0.168627 
0.1 0.75 -0.0286396 0.154836 
0.15 0.75 0.00432449 0.150865 
0.2 0.75 0.0371379 0.157101 
0.25 0.75 0.0684519 0.172921 
0.3 0.75 0.0970127 0.196842 
0.35 0.75 0.121736 0.226863 
0.4 0.75 0.141754 0.26085 
0.45 0.75 0.156434 0.296842 
0.5 0.75 0.165371 0.333212 
0.55 0.75 0.168372 0.368699 
0.6 0.75 0.165432 0.402348 
0.65 0.75 0.156723 0.43342 
0.7 0.75 0.142579 0.461309 
0.75 0.75 0.12349 0.485477 
0.8 0.75 0.100105 0.505433 
0.85 0.75 0.0732181 0.520726 
0.9 0.75 0.0437544 0.53098 
0.95 0.75 0.0127432 0.535917 
1 0.75 -0.0187204 0.535399 
1.05 0.75 -0.0495218 0.529439 
1.1 0.75 -0.0785746 0.518204 
1.15 0.75 -0.104866 0.501989 
1.2 0.75 -0.127491 0.481189 
1.25 0.75 -0.145682 0.456259 
1.3 0.75 -0.158817 0.427699 
1.35 0.75 -0.166431 0.396055 
1.4 0.75 -0.168217 0.361951 
1.45 0.75 -0.164032 0.326163 
1.5 0.75 -0.153912 0.289699 
1.55 0.75 -0.138085 0.253896 
1.6 0.75 -0.116994 0.22046 
1.65 0.75 -0.0913196 0.191416 
1.7 0.75 -0.0619743 0.168914 
1.75 0.75 -0.0300873 0.154896 
1.8 0.75 0.00304963 0.150703 
1.85 0.75 0.0360598 0.156756 
1.9 0.75 0.0675754 0.17245 
1.95 0.75 0.0963291 0.196307 
2 0.75 0.121229 0.226317 
2.05 0.75 0.141402 0.260332 
2.1 0.75 0.156215 0.296375 
2.15 0.75 0.165263 0.332807 
2.2 0.75 0.168355 0.368357 
2.25 0.75 0.165491 0.402067 
2.3 0.75 0.156842 0.433195 
2.35 0.75 0.142745 0.461135 
2.4 0.75 0.123693 0.485352 
2.45 0.75 0.100335 0.505352 
2.5 0.75 0.0734658 0.52069 
2.55 0.75 0.0440113 0.530987 
2.6 0.75 0.0130009 0.535966 
2.65 0.75 -0.0184702 0.535489 
2.7 0.75 -0.049287 0.529569 
2.75 0.75 -0.0783625 0.51837 
2.8 0.75 -0.104683 0.50219 
2.85 0.75 -0.127344 0.481421 
2.9 0.75 -0.145574 0.456519 
2.95 0.75 -0.158753 0.427983 
3 0.75 -0.166413 0.396358 
3.05 0.75 -0.168246 0.362269 
3.1 0.75 -0.16411 0.326488 
3.15 0.75 -0.154037 0.290022 
3.2 0.75 -0.138254 0.254204 
3.25 0.75 -0.117203 0.220737 
3.3 0.75 -0.0915613 0.191644 
3.35 0.75 -0.0622404 0.169076 
3.4 0.75 -0.0303675 0.154979 
3.45 0.75 0.00276653 0.1507 
3.5 0.75 0.0357854 0.156668 
3.55 0.75 0.0673206 0.172286 
3.6 0.75 0.0961039 0.196084 
3.65 0.75 0.121041 0.226053 
3.7 0.75 0.141258 0.260045 
3.75 0.75 0.156119 0.29608 
3.8 0.75 0.165217 0.332516 
3.85 0.75 0.168359 0.36808 
3.9 0.75 0.165544 0.40181 
3.95 0.75 0.156942 0.432963 
4 0.75 0.142887 0.460932 
4.05 0.75 0.123872 0.485181 
4.1 0.75 0.100545 0.505215 
4.15 0.75 0.0736996 0.520586 
4.2 0.75 0.0442613 0.530914 
4.25 0.75 0.0132602 0.535921 
4.3 0.75 -0.018207 0.535463 
4.35 0.75 -0.0490227 0.529549 
4.4 0.75 -0.078096 0.518342 
4.45 0.75 -0.104408 0.502133 
4.5 0.75 -0.127048 0.481312 
4.55 0.75 -0.145239 0.456333 
4.6 0.75 -0.158351 0.427696 
4.65 0.75 -0.165912 0.395949 
4.7 0.75 -0.167609 0.361723 
4.75 0.75 -0.163297 0.325807 
4.8 0.75 -0.153011 0.289228 
4.85 0.75 -0.136989 0.253347 
4.9 0.75 -0.115692 0.219901 
4.95 0.75 -0.0898216 0.190939 
5 0.75 -0.0603261 0.168627 
0 0.8 -0.0664794 0.159121 
0.05 0.8 -0.0447704 0.140022 
0.1 0.8 -0.0212209 0.128228 
0.15 0.8 0.00321956 0.124843 
0.2 0.8 0.0275377 0.130194 
0.25 0.8 0.0507237 0.143745 
0.3 0.8 0.0718417 0.164229 
0.35 0.8 0.0900864 0.189931 
0.4 0.8 0.104819 0.219022 
0.45 0.8 0.115581 0.249814 
0.5 0.8 0.122085 0.2809 
0.55 0.8 0.124202 0.311183 
0.6 0.8 0.121942 0.339829 
0.65 0.8 0.115443 0.366199 
0.7 0.8 0.10496 0.389774 
0.75 0.8 0.0908598 0.410117 
0.8 0.8 0.0736222 0.426838 
0.85 0.8 0.0538304 0.439601 
0.9 0.8 0.0321612 0.44813 
0.95 0.8 0.00936524 0.452229 
1 0.8 -0.0137601 0.451799 
1.05 0.8 -0.0364035 0.44685 
1.1 0.8 -0.0577737 0.437498 
1.15 0.8 -0.0771313 0.423956 
1.2 0.8 -0.0938149 0.406511 
1.25 0.8 -0.107259 0.385508 
1.3 0.8 -0.117002 0.361344 
1.35 0.8 -0.122697 0.334469 
1.4 0.8 -0.124106 0.305418 
1.45 0.8 -0.121114 0.274864 
1.5 0.8 -0.113732 0.24369 
1.55 0.8 -0.102114 0.213055 
1.6 0.8 -0.0865786 0.184435 
1.65 0.8 -0.0676189 0.159573 
1.7 0.8 -0.0459106 0.140311 
1.75 0.8 -0.0222949 0.128313 
1.8 0.8 0.00226004 0.124725 
1.85 0.8 0.0267197 0.129905 
1.9 0.8 0.0500564 0.143339 
1.95 0.8 0.0713213 0.163761 
2 0.8 0.0897012 0.18945 
2.05 0.8 0.104553 0.218564 
2.1 0.8 0.115417 0.249401 
2.15 0.8 0.122005 0.280542 
2.2 0.8 0.124191 0.310883 
2.25 0.8 0.121988 0.339585 
2.3 0.8 0.115533 0.366005 
2.35 0.8 0.105085 0.389628 
2.4 0.8 0.0910117 0.410013 
2.45 0.8 0.0737934 0.426774 
2.5 0.8 0.0540143 0.439576 
2.55 0.8 0.0323513 0.448142 
2.6 0.8 0.00955555 0.452276 
2.65 0.8 -0.0135756 0.45188 
2.7 0.8 -0.0362304 0.446964 
2.75 0.8 -0.0576173 0.437643 
2.8 0.8 -0.0769965 0.424129 
2.85 0.8 -0.0937058 0.40671 
2.9 0.8 -0.107179 0.385732 
2.95 0.8 -0.116954 0.361588 
3 0.8 -0.122683 0.33473 
3.05 0.8 -0.124128 0.305691 
3.1 0.8 -0.121171 0.275144 
3.15 0.8 -0.113824 0.243967 
3.2 0.8 -0.102239 0.21332 
3.25 0.8 -0.0867327 0.184673 
3.3 0.8 -0.0677977 0.159769 
3.35 0.8 -0.0461076 0.140451 
3.4 0.8 -0.0225025 0.128385 
3.45 0.8 0.00205024 0.124722 
3.5 0.8 0.0265164 0.12983 
3.55 0.8 0.0498679 0.143199 
3.6 0.8 0.0711549 0.16357 
3.65 0.8 0.0895628 0.189224 
3.7 0.8 0.104447 0.218319 
3.75 0.8 0.115346 0.249149 
3.8 0.8 0.121971 0.280295 
3.85 0.8 0.124194 0.310647 
3.9 0.8 0.122026 0.339367 
3.95 0.8 0.115606 0.365809 
4 0.8 0.105188 0.389456 
4.05 0.8 0.0911408 0.409867 
4.1 0.8 0.073944 0.426656 
4.15 0.8 0.0541808 0.439484 
4.2 0.8 0.0325283 0.448073 
4.25 0.8 0.00973779 0.452226 
4.3 0.8 -0.013392 0.45184 
4.35 0.8 -0.0360475 0.446924 
4.4 0.8 -0.0574339 0.437589 
4.45 0.8 -0.0768077 0.424043 
4.5 0.8 -0.0935019 0.406573 
4.55 0.8 -0.106945 0.385522 
4.6 0.8 -0.11667 0.361285 
4.65 0.8 -0.122323 0.334316 
4.7 0.8 -0.123663 0.305158 
4.75 0.8 -0.120573 0.274493 
4.8 0.8 -0.113066 0.243222 
4.85 0.8 -0.101307 0.212527 
4.9 0.8 -0.0856258 0.183907 
4.95 0.8 -0.0665367 0.159121 
5 0.8 -0.0447316 0.140022 
0 0.85 -0.043116 0.123395 
0.05 0.85 -0.029034 0.108495 
0.1 0.85 -0.013759 0.0993076 
0.15 0.85 0.00208411 0.0966778 
0.2 0.85 0.0178362 0.100853 
0.25 0.85 0.0328397 0.111419 
0.3 0.85 0.0464854 0.127397 
0.35 0.85 0.0582516 0.147461 
0.4 0.85 0.0677283 0.17019 
0.45 0.85 0.0746248 0.194263 
0.5 0.85 0.0787643 0.218573 
0.55 0.85 0.0800724 0.242249 
0.6 0.85 0.078564 0.264625 
0.65 0.85 0.0743338 0.28519 
0.7 0.85 0.06755 0.303539 
0.75 0.85 0.0584516 0.319334 
0.8 0.85 0.047347 0.332284 
0.85 0.85 0.0346104 0.342146 
0.9 0.85 0.0206748 0.348723 
0.95 0.85 0.00601972 0.35188 
1 0.85 -0.0088457 0.351549 
1.05 0.85 -0.0234035 0.347736 
1.1 0.85 -0.0371484 0.340521 
1.15 0.85 -0.0496079 0.330053 
1.2 0.85 -0.0603587 0.316535 
1.25 0.85 -0.0690377 0.30022 
1.3 0.85 -0.075348 0.281404 
1.35 0.85 -0.0790623 0.260435 
1.4 0.85 -0.080024 0.237737 
1.45 0.85 -0.078151 0.213846 
1.5 0.85 -0.0734425 0.189467 
1.55 0.85 -0.0659894 0.165519 
1.6 0.85 -0.0559886 0.143163 
1.65 0.85 -0.043754 0.12376 
1.7 0.85 -0.0297209 0.108743 
1.75 0.85 -0.014437 0.0993948 
1.8 0.85 0.00146361 0.0966 
1.85 0.85 0.0173016 0.100635 
1.9 0.85 0.0324024 0.111102 
1.95 0.85 0.046145 0.127027 
2 0.85 0.0580008 0.147079 
2.05 0.85 0.0675565 0.169825 
2.1 0.85 0.0745202 0.193933 
2.15 0.85 0.0787153 0.218288 
2.2 0.85 0.0800686 0.24201 
2.25 0.85 0.0785963 0.264431 
2.3 0.85 0.0743946 0.285038 
2.35 0.85 0.0676329 0.303425 
2.4 0.85 0.0585512 0.319254 
2.45 0.85 0.0474586 0.332237 
2.5 0.85 0.0347297 0.342129 
2.55 0.85 0.0207978 0.348735 
2.6 0.85 0.00614253 0.35192 
2.65 0.85 -0.00872679 0.351615 
2.7 0.85 -0.023292 0.347827 
2.75 0.85 -0.0370477 0.340636 
2.8 0.85 -0.0495211 0.33019 
2.85 0.85 -0.0602883 0.316693 
2.9 0.85 -0.068986 0.300396 
2.95 0.85 -0.0753168 0.281596 
3 0.85 -0.0790529 0.260641 
3.05 0.85 -0.0800372 0.237952 
3.1 0.85 -0.0781872 0.214066 
3.15 0.85 -0.0735012 0.189684 
3.2 0.85 -0.0660695 0.165726 
3.25 0.85 -0.0560879 0.143349 
3.3 0.85 -0.0438694 0.123914 
3.35 0.85 -0.0298483 0.108852 
3.4 0.85 -0.0145714 0.0994506 
3.45 0.85 0.00132776 0.0965979 
3.5 0.85 0.01717 0.100576 
3.55 0.85 0.0322805 0.110993 
3.6 0.85 0.0460375 0.126879 
3.65 0.85 0.0579117 0.146903 
3.7 0.85 0.0674885 0.169633 
3.75 0.85 0.074475 0.193737 
3.8 0.85 0.0786938 0.218094 
3.85 0.85 0.0800706 0.241826 
3.9 0.85 0.0786211 0.264261 
3.95 0.85 0.0744406 0.284885 
4 0.85 0.067698 0.303291 
4.05 0.85 0.0586326 0.31914 
4.1 0.85 0.0475531 0.332143 
4.15 0.85 0.0348336 0.342054 
4.2 0.85 0.0209074 0.348677 
4.25 0.85 0.00625453 0.351873 
4.3 0.85 -0.00861509 0.351574 
4.35 0.85 -0.0231819 0.347782 
4.4 0.85 -0.0369384 0.340577 
4.45 0.85 -0.0494093 0.330102 
4.5 0.85 -0.0601677 0.316561 
4.55 0.85 -0.0688463 0.300203 
4.6 0.85 -0.0751445 0.281327 
4.65 0.85 -0.078831 0.260283 
4.7 0.85 -0.0797468 0.2375 
4.75 0.85 -0.0778093 0.213524 
4.8 0.85 -0.0730207 0.189073 
4.85 0.85 -0.0654801 0.165084 
4.9 0.85 -0.055398 0.142735 
4.95 0.85 -0.0431048 0.123395 
5 0.85 -0.0290412 0.108495 
0 0.9 -0.0220952 0.0843432 
0.05 0.9 -0.014851 0.0742782 
0.1 0.9 -0.00703054 0.0680891 
0.15 0.9 0.00105823 0.0663221 
0.2 0.9 0.00908894 0.0691367 
0.25 0.9 0.0167286 0.0762587 
0.3 0.9 0.0236661 0.0870412 
0.35 0.9 0.0296356 0.100604 
0.4 0.9 0.0344304 0.115995 
0.45 0.9 0.0379067 0.132322 
0.5 0.9 0.0399794 0.14883 
0.55 0.9 0.0406156 0.164918 
0.6 0.9 0.0398268 0.180124 
0.65 0.9 0.0376638 0.194093 
0.7 0.9 0.034213 0.206545 
0.75 0.9 0.0295959 0.217251 
0.8 0.9 0.0239681 0.226017 
0.85 0.9 0.0175179 0.232684 
0.9 0.9 0.0104635 0.237126 
0.95 0.9 0.00304636 0.239257 
1 0.9 -0.00447682 0.239033 
1.05 0.9 -0.011845 0.236459 
1.1 0.9 -0.0188034 0.231586 
1.15 0.9 -0.0251142 0.224507 
1.2 0.9 -0.0305641 0.215354 
1.25 0.9 -0.0349702 0.204292 
1.3 0.9 -0.0381825 0.19152 
1.35 0.9 -0.0400856 0.177275 
1.4 0.9 -0.0405982 0.161849 
1.45 0.9 -0.0396759 0.145616 
1.5 0.9 -0.0373138 0.129064 
1.55 0.9 -0.0335533 0.112827 
1.6 0.9 -0.0284895 0.0976945 
1.65 0.9 -0.0222786 0.0845854 
1.7 0.9 -0.015141 0.0744563 
1.75 0.9 -0.00735711 0.0681596 
1.8 0.9 0.000745905 0.0662783 
1.85 0.9 0.00881651 0.0689948 
1.9 0.9 0.0165057 0.0760471 
1.95 0.9 0.0234934 0.0867913 
2 0.9 0.0295094 0.100344 
2.05 0.9 0.0343452 0.115745 
2.1 0.9 0.037856 0.132096 
2.15 0.9 0.039957 0.148634 
2.2 0.9 0.040616 0.164754 
2.25 0.9 0.0398452 0.179991 
2.3 0.9 0.0376962 0.193989 
2.35 0.9 0.0342563 0.206468 
2.4 0.9 0.0296473 0.217197 
2.45 0.9 0.0240253 0.225986 
2.5 0.9 0.0175788 0.232674 
2.55 0.9 0.010526 0.237136 
2.6 0.9 0.00310868 0.239285 
2.65 0.9 -0.00441657 0.239079 
2.7 0.9 -0.0117885 0.236523 
2.75 0.9 -0.0187525 0.231665 
2.8 0.9 -0.0250702 0.224601 
2.85 0.9 -0.0305284 0.215462 
2.9 0.9 -0.0349439 0.204413 
2.95 0.9 -0.0381666 0.191651 
3 0.9 -0.0400806 0.177415 
3.05 0.9 -0.0406047 0.161996 
3.1 0.9 -0.039694 0.145766 
3.15 0.9 -0.0373434 0.129212 
3.2 0.9 -0.0335938 0.112967 
3.25 0.9 -0.0285398 0.0978207 
3.3 0.9 -0.0223372 0.0846892 
3.35 0.9 -0.0152058 0.0745301 
3.4 0.9 -0.00742556 0.0681973 
3.45 0.9 0.000676695 0.0662771 
3.5 0.9 0.00874949 0.0689553 
3.55 0.9 0.0164436 0.0759737 
3.6 0.9 0.0234388 0.086691 
3.65 0.9 0.0294643 0.100224 
3.7 0.9 0.0343108 0.115615 
3.75 0.9 0.0378332 0.131962 
3.8 0.9 0.0399462 0.148502 
3.85 0.9 0.0406171 0.164628 
3.9 0.9 0.0398577 0.179875 
3.95 0.9 0.0377193 0.193884 
4 0.9 0.0342889 0.206376 
4.05 0.9 0.0296879 0.217119 
4.1 0.9 0.0240721 0.225921 
4.15 0.9 0.01763 0.232621 
4.2 0.9 0.0105796 0.237093 
4.25 0.9 0.00316291 0.23925 
4.3 0.9 -0.00436314 0.239047 
4.35 0.9 -0.0117366 0.236486 
4.4 0.9 -0.0187018 0.231617 
4.45 0.9 -0.0250191 0.224532 
4.5 0.9 -0.0304735 0.215361 
4.55 0.9 -0.03488 0.20427 
4.6 0.9 -0.0380865 0.191456 
4.65 0.9 -0.0399754 0.177159 
4.7 0.9 -0.0404645 0.161676 
4.75 0.9 -0.039509 0.145387 
4.8 0.9 -0.0371065 0.12879 
4.85 0.9 -0.0333049 0.11253 
4.9 0.9 -0.0282121 0.0974086 
4.95 0.9 -0.0220041 0.0843432 
5 0.9 -0.0149123 0.0742782 
0 0.95 -0.00652764 0.0428442 
0.05 0.95 -0.00430609 0.0378418 
0.1 0.95 -0.0020252 0.0347813 
0.15 0.95 0.000302633 0.0339098 
0.2 0.95 0.00260605 0.0353024 
0.25 0.95 0.00479383 0.0388277 
0.3 0.95 0.00677677 0.044174 
0.35 0.95 0.00847865 0.0509138 
0.4 0.95 0.00984112 0.0585807 
0.45 0.95 0.0108245 0.0667327 
0.5 0.95 0.0114065 0.0749906 
0.55 0.95 0.0115793 0.0830497 
0.6 0.95 0.0113475 0.0906735 
0.65 0.95 0.0107264 0.0976797 
0.7 0.95 0.00974058 0.103925 
0.75 0.95 0.00842444 0.109292 
0.8 0.95 0.00682175 0.113685 
0.85 0.95 0.00498569 0.117024 
0.9 0.95 0.00297791 0.119248 
0.95 0.95 0.000866997 0.120315 
1 0.95 -0.00127411 0.120203 
1.05 0.95 -0.00337113 0.118914 
1.1 0.95 -0.00535168 0.116474 
1.15 0.95 -0.00714825 0.112928 
1.2 0.95 -0.00870058 0.108341 
1.25 0.95 -0.00995708 0.102794 
1.3 0.95 -0.0108755 0.0963883 
1.35 0.95 -0.0114232 0.0892439 
1.4 0.95 -0.0115768 0.0815108 
1.45 0.95 -0.0113228 0.0733809 
1.5 0.95 -0.0106584 0.0651039 
1.55 0.95 -0.00959346 0.0570006 
1.6 0.95 -0.0081534 0.0494668 
1.65 0.95 -0.00638138 0.0429562 
1.7 0.95 -0.00433986 0.0379367 
1.75 0.95 -0.00210968 0.0348216 
1.8 0.95 0.000213905 0.0338917 
1.85 0.95 0.002528 0.0352346 
1.9 0.95 0.00473049 0.0387244 
1.95 0.95 0.00672833 0.0440507 
2 0.95 0.00844385 0.0507844 
2.05 0.95 0.0098181 0.0584557 
2.1 0.95 0.0108113 0.066619 
2.15 0.95 0.0114012 0.0748917 
2.2 0.95 0.0115804 0.0829667 
2.25 0.95 0.0113536 0.0906062 
2.3 0.95 0.0107362 0.097627 
2.35 0.95 0.00975334 0.103885 
2.4 0.95 0.00843937 0.109265 
2.45 0.95 0.00683822 0.113669 
2.5 0.95 0.00500312 0.117019 
2.55 0.95 0.00299576 0.119253 
2.6 0.95 0.000884744 0.120329 
2.65 0.95 -0.00125698 0.120226 
2.7 0.95 -0.00335509 0.118946 
2.75 0.95 -0.0053372 0.116514 
2.8 0.95 -0.00713575 0.112976 
2.85 0.95 -0.00869042 0.108395 
2.9 0.95 -0.00994958 0.102855 
2.95 0.95 -0.0108709 0.0964545 
3 0.95 -0.0114217 0.0893145 
3.05 0.95 -0.0115786 0.0815845 
3.1 0.95 -0.0113279 0.0734561 
3.15 0.95 -0.0106667 0.0651781 
3.2 0.95 -0.00960493 0.0570709 
3.25 0.95 -0.00816773 0.0495296 
3.3 0.95 -0.00639812 0.0430078 
3.35 0.95 -0.00435841 0.0379733 
3.4 0.95 -0.00212929 0.0348404 
3.45 0.95 0.000194067 0.0338912 
3.5 0.95 0.0025088 0.0352151 
3.55 0.95 0.00471275 0.0386881 
3.6 0.95 0.00671276 0.044001 
3.65 0.95 0.00843099 0.0507252 
3.7 0.95 0.00980835 0.058391 
3.75 0.95 0.0108049 0.0665523 
3.8 0.95 0.0113982 0.0748259 
3.85 0.95 0.0115807 0.0829039 
3.9 0.95 0.0113571 0.090548 
3.95 0.95 0.0107428 0.0975745 
4 0.95 0.00976254 0.103839 
4.05 0.95 0.00845078 0.109225 
4.1 0.95 0.00685134 0.113636 
4.15 0.95 0.00501737 0.116992 
4.2 0.95 0.00301057 0.119231 
4.25 0.95 0.000899545 0.12031 
4.3 0.95 -0.00124263 0.120208 
4.35 0.95 -0.00334145 0.118926 
4.4 0.95 -0.00532421 0.116488 
4.45 0.95 -0.00712299 0.112938 
4.5 0.95 -0.00867694 0.108342 
4.55 0.95 -0.00993388 0.10278 
4.6 0.95 -0.0108509 0.0963532 
4.65 0.95 -0.0113947 0.089183 
4.7 0.95 -0.0115416 0.0814216 
4.75 0.95 -0.0112778 0.0732647 
4.8 0.95 -0.0106015 0.064967 
4.85 0.95 -0.00952572 0.0568554 
4.9 0.95 -0.00808435 0.0493304 
4.95 0.95 -0.00634486 0.0428442 
5 0.95 -0.00442968 0.0378418 
0 1 0 0 
0.05 1 0 0 
0.1 1 0 0 
0.15 1 0 0 
0.2 1 0 0 
0.25 1 0 0 
0.3 1 0 0 
0.35 1 0 0 
0.4 1 0 0 
0.45 1 0 0 
0.5 1 0 0 
0.55 1 0 0 
0.6 1 0 0 
0.65 1 0 0 
0.7 1 0 0 
0.75 1 0 0 
0.8 1 0 0 
0.85 1 0 0 
0.9 1 0 0 
0.95 1 0 0 
1 1 0 0 
1.05 1 0 0 
1.1 1 0 0 
1.15 1 0 0 
1.2 1 0 0 
1.25 1 0 0 
1.3 1 0 0 
1.35 1 0 0 
1.4 1 0 0 
1.45 1 0 0 
1.5 1 0 0 
1.55 1 0 0 
1.6 1 0 0 
1.65 1 0 0 
1.7 1 0 0 
1.75 1 0 0 
1.8 1 0 0 
1.85 1 0 0 
1.9 1 0 0 
1.95 1 0 0 
2 1 0 0 
2.05 1 0 0 
2.1 1 0 0 
2.15 1 0 0 
2.2 1 0 0 
2.25 1 0 0 
2.3 1 0 0 
2.35 1 0 0 
2.4 1 0 0 
2.45 1 0 0 
2.5 1 0 0 
2.55 1 0 0 
2.6 1 0 0 
2.65 1 0 0 
2.7 1 0 0 
2.75 1 0 0 
2.8 1 0 0 
2.85 1 0 0 
2.9 1 0 0 
2.95 1 0 0 
3 1 0 0 
3.05 1 0 0 
3.1 1 0 0 
3.15 1 0 0 
3.2 1 0 0 
3.25 1 0 0 
3.3 1 0 0 
3.35 1 0 0 
3.4 1 0 0 
3.45 1 0 0 
3.5 1 0 0 
3.55 1 0 0 
3.6 1 0 0 
3.65 1 0 0 
3.7 1 0 0 
3.75 1 0 0 
3.8 1 0 0 
3.85 1 0 0 
3.9 1 0 0 
3.95 1 0 0 
4 1 0 0 
4.05 1 0 0 
4.1 1 0 0 
4.15 1 0 0 
4.2 1 0 0 
4.25 1 0 0 
4.3 1 0 0 
4.35 1 0 0 
4.4 1 0 0 
4.45 1 0 0 
4.5 1 0 0 
4.55 1 0 0 
4.6 1 0 0 
4.65 1 0 0 
4.7 1 0 0 
4.75 1 0 0 
4.8 1 0 0 
4.85 1 0 0 
4.9 1 0 0 
4.95 1 0 0 
5 1 0 0 
