x, y, ksi, T
#iter= 180000
0 0 0 1 
0.05 0 0 1 
0.1 0 0 1 
0.15 0 0 1 
0.2 0 0 1 
0.25 0 0 1 
0.3 0 0 1 
0.35 0 0 1 
0.4 0 0 1 
0.45 0 0 1 
0.5 0 0 1 
0.55 0 0 1 
0.6 0 0 1 
0.65 0 0 1 
0.7 0 0 1 
0.75 0 0 1 
0.8 0 0 1 
0.85 0 0 1 
0.9 0 0 1 
0.95 0 0 1 
1 0 0 1 
1.05 0 0 1 
1.1 0 0 1 
1.15 0 0 1 
1.2 0 0 1 
1.25 0 0 1 
1.3 0 0 1 
1.35 0 0 1 
1.4 0 0 1 
1.45 0 0 1 
1.5 0 0 1 
1.55 0 0 1 
1.6 0 0 1 
1.65 0 0 1 
1.7 0 0 1 
1.75 0 0 1 
1.8 0 0 1 
1.85 0 0 1 
1.9 0 0 1 
1.95 0 0 1 
2 0 0 1 
2.05 0 0 1 
2.1 0 0 1 
2.15 0 0 1 
2.2 0 0 1 
2.25 0 0 1 
2.3 0 0 1 
2.35 0 0 1 
2.4 0 0 1 
2.45 0 0 1 
2.5 0 0 1 
2.55 0 0 1 
2.6 0 0 1 
2.65 0 0 1 
2.7 0 0 1 
2.75 0 0 1 
2.8 0 0 1 
2.85 0 0 1 
2.9 0 0 1 
2.95 0 0 1 
3 0 0 1 
3.05 0 0 1 
3.1 0 0 1 
3.15 0 0 1 
3.2 0 0 1 
3.25 0 0 1 
3.3 0 0 1 
3.35 0 0 1 
3.4 0 0 1 
3.45 0 0 1 
3.5 0 0 1 
3.55 0 0 1 
3.6 0 0 1 
3.65 0 0 1 
3.7 0 0 1 
3.75 0 0 1 
3.8 0 0 1 
3.85 0 0 1 
3.9 0 0 1 
3.95 0 0 1 
4 0 0 1 
4.05 0 0 1 
4.1 0 0 1 
4.15 0 0 1 
4.2 0 0 1 
4.25 0 0 1 
4.3 0 0 1 
4.35 0 0 1 
4.4 0 0 1 
4.45 0 0 1 
4.5 0 0 1 
4.55 0 0 1 
4.6 0 0 1 
4.65 0 0 1 
4.7 0 0 1 
4.75 0 0 1 
4.8 0 0 1 
4.85 0 0 1 
4.9 0 0 1 
4.95 0 0 1 
5 0 0 1 
0 0.05 -0.00611913 0.890783 
0.05 0.05 -0.0042378 0.887736 
0.1 0.05 -0.00227192 0.885879 
0.15 0.05 -0.0002739 0.885197 
0.2 0.05 0.00170543 0.88568 
0.25 0.05 0.00360801 0.887306 
0.3 0.05 0.00537416 0.890035 
0.35 0.05 0.00694722 0.893813 
0.4 0.05 0.00827637 0.898563 
0.45 0.05 0.00931827 0.904193 
0.5 0.05 0.010038 0.910591 
0.55 0.05 0.0104093 0.917619 
0.6 0.05 0.0104152 0.925108 
0.65 0.05 0.0100487 0.932844 
0.7 0.05 0.00931335 0.940561 
0.75 0.05 0.00822566 0.947934 
0.8 0.05 0.00681628 0.954584 
0.85 0.05 0.00513162 0.960105 
0.9 0.05 0.00323382 0.964108 
0.95 0.05 0.00119886 0.966278 
1 0.05 -0.000887556 0.966433 
1.05 0.05 -0.00293588 0.96456 
1.1 0.05 -0.00485944 0.960817 
1.15 0.05 -0.00658049 0.955503 
1.2 0.05 -0.00803467 0.949001 
1.25 0.05 -0.00917325 0.941717 
1.3 0.05 -0.00996329 0.934036 
1.35 0.05 -0.0103865 0.926292 
1.4 0.05 -0.0104376 0.918761 
1.45 0.05 -0.0101225 0.911663 
1.5 0.05 -0.00945702 0.905175 
1.55 0.05 -0.00846675 0.899437 
1.6 0.05 -0.00718625 0.894566 
1.65 0.05 -0.00565895 0.890656 
1.7 0.05 -0.00393656 0.887781 
1.75 0.05 -0.00207788 0.885998 
1.8 0.05 -0.00014703 0.885342 
1.85 0.05 0.00178895 0.885825 
1.9 0.05 0.00366282 0.887438 
1.95 0.05 0.00540985 0.89015 
2 0.05 0.00697032 0.893907 
2.05 0.05 0.00829135 0.898637 
2.1 0.05 0.00932823 0.904249 
2.15 0.05 0.010045 0.910631 
2.2 0.05 0.0104148 0.917646 
2.25 0.05 0.0104202 0.925124 
2.3 0.05 0.0100537 0.932852 
2.35 0.05 0.00931889 0.940563 
2.4 0.05 0.00823185 0.947931 
2.45 0.05 0.00682318 0.95458 
2.5 0.05 0.00513915 0.960103 
2.55 0.05 0.00324179 0.96411 
2.6 0.05 0.00120701 0.966285 
2.65 0.05 -0.000879552 0.966447 
2.7 0.05 -0.00292838 0.96458 
2.75 0.05 -0.00485279 0.960844 
2.8 0.05 -0.00657503 0.955535 
2.85 0.05 -0.00803069 0.949036 
2.9 0.05 -0.00917099 0.941754 
2.95 0.05 -0.00996296 0.934074 
3 0.05 -0.0103883 0.926329 
3.05 0.05 -0.0104415 0.918796 
3.1 0.05 -0.0101285 0.911696 
3.15 0.05 -0.00946519 0.905203 
3.2 0.05 -0.00847694 0.899461 
3.25 0.05 -0.00719825 0.894583 
3.3 0.05 -0.0056725 0.890666 
3.35 0.05 -0.00395129 0.887784 
3.4 0.05 -0.00209336 0.885993 
3.45 0.05 -0.000162759 0.885328 
3.5 0.05 0.00177351 0.885802 
3.55 0.05 0.0036482 0.887406 
3.6 0.05 0.00539662 0.890108 
3.65 0.05 0.00695899 0.893856 
3.7 0.05 0.00828242 0.898577 
3.75 0.05 0.00932214 0.904182 
3.8 0.05 0.0100421 0.910557 
3.85 0.05 0.0104155 0.917566 
3.9 0.05 0.0104248 0.925039 
3.95 0.05 0.0100623 0.932766 
4 0.05 0.00933158 0.940479 
4.05 0.05 0.00824856 0.947854 
4.1 0.05 0.00684366 0.954515 
4.15 0.05 0.00516294 0.960056 
4.2 0.05 0.00326824 0.964086 
4.25 0.05 0.00123525 0.966291 
4.3 0.05 -0.000850546 0.966485 
4.35 0.05 -0.00289975 0.964653 
4.4 0.05 -0.00482574 0.960951 
4.45 0.05 -0.00655083 0.955674 
4.5 0.05 -0.00801073 0.949205 
4.55 0.05 -0.00915688 0.941949 
4.6 0.05 -0.00995675 0.934291 
4.65 0.05 -0.0103928 0.926566 
4.7 0.05 -0.0104608 0.919048 
4.75 0.05 -0.0101685 0.911956 
4.8 0.05 -0.00953488 0.905463 
4.85 0.05 -0.00858996 0.899704 
4.9 0.05 -0.00737624 0.894786 
4.95 0.05 -0.0059488 0.890783 
5 0.05 -0.00435735 0.887736 
0 0.1 -0.020664 0.782614 
0.05 0.1 -0.0145375 0.776609 
0.1 0.1 -0.00784165 0.772884 
0.15 0.1 -0.000904873 0.771502 
0.2 0.1 0.00601643 0.772457 
0.25 0.1 0.0126874 0.775702 
0.3 0.1 0.0188866 0.781158 
0.35 0.1 0.0244096 0.788706 
0.4 0.1 0.0290746 0.798196 
0.45 0.1 0.0327272 0.809442 
0.5 0.1 0.0352431 0.822219 
0.55 0.1 0.0365302 0.836258 
0.6 0.1 0.03653 0.851225 
0.65 0.1 0.0352201 0.866701 
0.7 0.1 0.032618 0.882161 
0.75 0.1 0.0287858 0.896957 
0.8 0.1 0.0238356 0.910328 
0.85 0.1 0.0179328 0.921452 
0.9 0.1 0.0112952 0.92953 
0.95 0.1 0.00418607 0.933914 
1 0.1 -0.00309968 0.934227 
1.05 0.1 -0.0102547 0.930442 
1.1 0.1 -0.0169811 0.922887 
1.15 0.1 -0.0230096 0.912178 
1.2 0.1 -0.0281153 0.899099 
1.25 0.1 -0.0321249 0.884476 
1.3 0.1 -0.0349187 0.869084 
1.35 0.1 -0.0364278 0.853589 
1.4 0.1 -0.0366291 0.838535 
1.45 0.1 -0.0355402 0.824355 
1.5 0.1 -0.0332158 0.811395 
1.55 0.1 -0.0297451 0.799933 
1.6 0.1 -0.0252505 0.790198 
1.65 0.1 -0.0198857 0.78238 
1.7 0.1 -0.0138337 0.776631 
1.75 0.1 -0.00730207 0.773064 
1.8 0.1 -0.000516526 0.771751 
1.85 0.1 0.00628707 0.772718 
1.9 0.1 0.0128722 0.775946 
1.95 0.1 0.0190109 0.781369 
2 0.1 0.0244926 0.78888 
2.05 0.1 0.0291302 0.798334 
2.1 0.1 0.0327654 0.809546 
2.15 0.1 0.0352709 0.822294 
2.2 0.1 0.0365525 0.836307 
2.25 0.1 0.03655 0.851253 
2.3 0.1 0.03524 0.866713 
2.35 0.1 0.0326392 0.882161 
2.4 0.1 0.0288089 0.89695 
2.45 0.1 0.0238609 0.91032 
2.5 0.1 0.01796 0.921447 
2.55 0.1 0.0113237 0.929533 
2.6 0.1 0.00421495 0.933928 
2.65 0.1 -0.00307149 0.934255 
2.7 0.1 -0.0102284 0.930483 
2.75 0.1 -0.0169579 0.922941 
2.8 0.1 -0.0229907 0.912242 
2.85 0.1 -0.0281016 0.89917 
2.9 0.1 -0.0321173 0.884551 
2.95 0.1 -0.0349179 0.86916 
3 0.1 -0.0364343 0.853664 
3.05 0.1 -0.0366432 0.838606 
3.1 0.1 -0.035562 0.82442 
3.15 0.1 -0.033245 0.811452 
3.2 0.1 -0.0297814 0.79998 
3.25 0.1 -0.0252931 0.790233 
3.3 0.1 -0.0199337 0.782402 
3.35 0.1 -0.0138858 0.776638 
3.4 0.1 -0.00735664 0.773054 
3.45 0.1 -0.000571876 0.771723 
3.5 0.1 0.00623282 0.772672 
3.55 0.1 0.012821 0.775881 
3.6 0.1 0.0189647 0.781286 
3.65 0.1 0.0244531 0.788779 
3.7 0.1 0.0290993 0.798216 
3.75 0.1 0.0327446 0.809412 
3.8 0.1 0.0352616 0.822145 
3.85 0.1 0.0365558 0.836147 
3.9 0.1 0.0365669 0.851084 
3.95 0.1 0.035271 0.866541 
4 0.1 0.0326844 0.881993 
4.05 0.1 0.0288681 0.896794 
4.1 0.1 0.023933 0.910188 
4.15 0.1 0.0180434 0.921351 
4.2 0.1 0.0114161 0.929484 
4.25 0.1 0.00431334 0.933938 
4.3 0.1 -0.00297065 0.93433 
4.35 0.1 -0.0101291 0.930627 
4.4 0.1 -0.0168642 0.923153 
4.45 0.1 -0.022907 0.912518 
4.5 0.1 -0.0280328 0.899503 
4.55 0.1 -0.0320689 0.884936 
4.6 0.1 -0.0348967 0.869589 
4.65 0.1 -0.0364495 0.85413 
4.7 0.1 -0.0367073 0.8391 
4.75 0.1 -0.0356922 0.824931 
4.8 0.1 -0.0334647 0.811958 
4.85 0.1 -0.0301196 0.800449 
4.9 0.1 -0.0257801 0.790613 
4.95 0.1 -0.0205783 0.782614 
5 0.1 -0.014596 0.776609 
0 0.15 -0.0402896 0.679559 
0.05 0.15 -0.0283297 0.670744 
0.1 0.15 -0.0152539 0.665231 
0.15 0.15 -0.00164868 0.663165 
0.2 0.15 0.011968 0.664565 
0.25 0.15 0.0251144 0.66937 
0.3 0.15 0.0373403 0.677455 
0.35 0.15 0.0482336 0.688641 
0.4 0.15 0.05743 0.702694 
0.45 0.15 0.064621 0.71933 
0.5 0.15 0.0695601 0.738216 
0.55 0.15 0.0720659 0.758951 
0.6 0.15 0.0720259 0.78105 
0.65 0.15 0.0694011 0.803904 
0.7 0.15 0.0642325 0.826748 
0.75 0.15 0.0566498 0.848633 
0.8 0.15 0.04688 0.868437 
0.85 0.15 0.0352525 0.884934 
0.9 0.15 0.0221958 0.896928 
0.95 0.15 0.00822376 0.903443 
1 0.15 -0.00609076 0.903908 
1.05 0.15 -0.0201519 0.898282 
1.1 0.15 -0.033381 0.887062 
1.15 0.15 -0.0452536 0.871176 
1.2 0.15 -0.0553271 0.8518 
1.25 0.15 -0.0632575 0.830165 
1.3 0.15 -0.068803 0.807416 
1.35 0.15 -0.0718206 0.78453 
1.4 0.15 -0.0722576 0.762299 
1.45 0.15 -0.0701433 0.741353 
1.5 0.15 -0.065582 0.722194 
1.55 0.15 -0.0587479 0.705233 
1.6 0.15 -0.0498828 0.69081 
1.65 0.15 -0.0392914 0.679212 
1.7 0.15 -0.0273366 0.670674 
1.75 0.15 -0.0144303 0.665373 
1.8 0.15 -0.00102045 0.66342 
1.85 0.15 0.0124252 0.664858 
1.9 0.15 0.0254375 0.669656 
1.95 0.15 0.0375644 0.677711 
2 0.15 0.0483878 0.688856 
2.05 0.15 0.0575366 0.702865 
2.1 0.15 0.0646968 0.71946 
2.15 0.15 0.0696171 0.738308 
2.2 0.15 0.0721128 0.75901 
2.25 0.15 0.0720686 0.781081 
2.3 0.15 0.0694435 0.803914 
2.35 0.15 0.064277 0.826743 
2.4 0.15 0.0566977 0.848619 
2.45 0.15 0.0469318 0.868421 
2.5 0.15 0.0353076 0.884924 
2.55 0.15 0.022253 0.896931 
2.6 0.15 0.00828139 0.903463 
2.65 0.15 -0.00603479 0.903948 
2.7 0.15 -0.0200999 0.898343 
2.75 0.15 -0.0333354 0.887142 
2.8 0.15 -0.0452164 0.871271 
2.85 0.15 -0.0553005 0.851905 
2.9 0.15 -0.063243 0.830277 
2.95 0.15 -0.0688021 0.80753 
3 0.15 -0.0718341 0.784642 
3.05 0.15 -0.0722861 0.762405 
3.1 0.15 -0.070187 0.741451 
3.15 0.15 -0.0656405 0.72228 
3.2 0.15 -0.0588204 0.705304 
3.25 0.15 -0.0499677 0.690864 
3.3 0.15 -0.0393868 0.679246 
3.35 0.15 -0.0274399 0.670686 
3.4 0.15 -0.0145385 0.66536 
3.45 0.15 -0.00112997 0.663381 
3.5 0.15 0.0123181 0.664791 
3.55 0.15 0.0253366 0.669562 
3.6 0.15 0.0374735 0.677589 
3.65 0.15 0.0483105 0.688708 
3.7 0.15 0.0574764 0.702692 
3.75 0.15 0.0646568 0.719263 
3.8 0.15 0.0695999 0.73809 
3.85 0.15 0.0721206 0.758775 
3.9 0.15 0.0721031 0.780834 
3.95 0.15 0.0695057 0.803661 
4 0.15 0.064367 0.826495 
4.05 0.15 0.0568148 0.848389 
4.1 0.15 0.0470739 0.868226 
4.15 0.15 0.0354715 0.884781 
4.2 0.15 0.0224341 0.896857 
4.25 0.15 0.00847381 0.903475 
4.3 0.15 -0.00583785 0.904057 
4.35 0.15 -0.019906 0.898552 
4.4 0.15 -0.0331523 0.88745 
4.45 0.15 -0.0450526 0.871672 
4.5 0.15 -0.0551647 0.852389 
4.55 0.15 -0.0631453 0.830833 
4.6 0.15 -0.0687542 0.808147 
4.65 0.15 -0.0718513 0.785309 
4.7 0.15 -0.0723881 0.763109 
4.75 0.15 -0.0703993 0.742171 
4.8 0.15 -0.065994 0.722988 
4.85 0.15 -0.059348 0.705953 
4.9 0.15 -0.0506899 0.691386 
4.95 0.15 -0.0402759 0.679559 
5 0.15 -0.0283371 0.670744 
0 0.2 -0.0621386 0.586591 
0.05 0.2 -0.0436055 0.575225 
0.1 0.2 -0.0233943 0.568085 
0.15 0.2 -0.00234001 0.565392 
0.2 0.2 0.0187631 0.567199 
0.25 0.2 0.0391574 0.573438 
0.3 0.2 0.0581309 0.583942 
0.35 0.2 0.0750331 0.598459 
0.4 0.2 0.089291 0.616665 
0.45 0.2 0.100422 0.638176 
0.5 0.2 0.108041 0.662545 
0.55 0.2 0.111871 0.689254 
0.6 0.2 0.111743 0.717681 
0.65 0.2 0.107603 0.747055 
0.7 0.2 0.0995266 0.776404 
0.75 0.2 0.0877236 0.804522 
0.8 0.2 0.0725545 0.829975 
0.85 0.2 0.0545335 0.851188 
0.9 0.2 0.0343236 0.86662 
0.95 0.2 0.0127142 0.875004 
1 0.2 -0.00941856 0.875603 
1.05 0.2 -0.0311643 0.868361 
1.1 0.2 -0.0516381 0.853924 
1.15 0.2 -0.0700347 0.833494 
1.2 0.2 -0.0856709 0.808586 
1.25 0.2 -0.0980096 0.780786 
1.3 0.2 -0.106669 0.751556 
1.35 0.2 -0.111416 0.722139 
1.4 0.2 -0.11216 0.69354 
1.45 0.2 -0.108936 0.666556 
1.5 0.2 -0.1019 0.64183 
1.55 0.2 -0.0913184 0.619891 
1.6 0.2 -0.0775637 0.601192 
1.65 0.2 -0.0611104 0.586122 
1.7 0.2 -0.0425246 0.575005 
1.75 0.2 -0.0224499 0.568092 
1.8 0.2 -0.00158711 0.565544 
1.85 0.2 0.0193317 0.567421 
1.9 0.2 0.0395723 0.573678 
1.95 0.2 0.0584275 0.58417 
2 0.2 0.0752435 0.598657 
2.05 0.2 0.0894415 0.616826 
2.1 0.2 0.100533 0.638298 
2.15 0.2 0.108128 0.662631 
2.2 0.2 0.111946 0.689307 
2.25 0.2 0.111812 0.717706 
2.3 0.2 0.107673 0.747057 
2.35 0.2 0.0995991 0.77639 
2.4 0.2 0.0878012 0.804499 
2.45 0.2 0.0726375 0.829953 
2.5 0.2 0.0546212 0.851175 
2.55 0.2 0.0344141 0.866622 
2.6 0.2 0.0128047 0.87503 
2.65 0.2 -0.00933101 0.875655 
2.7 0.2 -0.0310833 0.86844 
2.75 0.2 -0.0515671 0.854028 
2.8 0.2 -0.0699772 0.833617 
2.85 0.2 -0.0856298 0.808723 
2.9 0.2 -0.0979876 0.780932 
2.95 0.2 -0.106668 0.751704 
3 0.2 -0.111438 0.722285 
3.05 0.2 -0.112205 0.693679 
3.1 0.2 -0.109005 0.666685 
3.15 0.2 -0.101992 0.641944 
3.2 0.2 -0.091432 0.619987 
3.25 0.2 -0.0776967 0.601266 
3.3 0.2 -0.0612596 0.58617 
3.35 0.2 -0.0426859 0.575024 
3.4 0.2 -0.0226186 0.568079 
3.45 0.2 -0.00175772 0.565496 
3.5 0.2 0.019165 0.567338 
3.55 0.2 0.0394156 0.573559 
3.6 0.2 0.0582866 0.584015 
3.65 0.2 0.0751242 0.598468 
3.7 0.2 0.0893491 0.616605 
3.75 0.2 0.100472 0.638046 
3.8 0.2 0.108103 0.662352 
3.85 0.2 0.111959 0.689007 
3.9 0.2 0.111867 0.71739 
3.95 0.2 0.10777 0.746735 
4 0.2 0.0997396 0.776074 
4.05 0.2 0.087983 0.804207 
4.1 0.2 0.0728574 0.829703 
4.15 0.2 0.054874 0.850991 
4.2 0.2 0.0346927 0.866528 
4.25 0.2 0.0131003 0.875044 
4.3 0.2 -0.00902871 0.875791 
4.35 0.2 -0.0307854 0.868703 
4.4 0.2 -0.0512853 0.854415 
4.45 0.2 -0.0697233 0.834119 
4.5 0.2 -0.0854162 0.809328 
4.55 0.2 -0.0978274 0.781623 
4.6 0.2 -0.106576 0.752467 
4.65 0.2 -0.111433 0.723102 
4.7 0.2 -0.112309 0.694533 
4.75 0.2 -0.109245 0.667551 
4.8 0.2 -0.102398 0.642786 
4.85 0.2 -0.0920274 0.620755 
4.9 0.2 -0.078485 0.601894 
4.95 0.2 -0.0621857 0.586591 
5 0.2 -0.0435703 0.575225 
0 0.25 -0.0839634 0.507616 
0.05 0.25 -0.0588006 0.494008 
0.1 0.25 -0.031418 0.485438 
0.15 0.25 -0.00288514 0.482195 
0.2 0.25 0.0257342 0.484371 
0.25 0.25 0.0534053 0.491893 
0.3 0.25 0.0791489 0.504541 
0.35 0.25 0.10207 0.521976 
0.4 0.25 0.121384 0.54377 
0.45 0.25 0.13643 0.569425 
0.5 0.25 0.14669 0.598385 
0.55 0.25 0.151792 0.630022 
0.6 0.25 0.151516 0.6636 
0.65 0.25 0.145804 0.698219 
0.7 0.25 0.13477 0.732754 
0.75 0.25 0.118712 0.765803 
0.8 0.25 0.0981287 0.795697 
0.85 0.25 0.0737212 0.820601 
0.9 0.25 0.0463844 0.838711 
0.95 0.25 0.0171775 0.848551 
1 0.25 -0.0127279 0.849252 
1.05 0.25 -0.0421168 0.840753 
1.1 0.25 -0.0698064 0.823809 
1.15 0.25 -0.0947171 0.799824 
1.2 0.25 -0.115927 0.77057 
1.25 0.25 -0.132706 0.737895 
1.3 0.25 -0.144525 0.703503 
1.35 0.25 -0.151058 0.668835 
1.4 0.25 -0.152166 0.635057 
1.45 0.25 -0.147883 0.603099 
1.5 0.25 -0.13841 0.573714 
1.55 0.25 -0.124098 0.547543 
1.6 0.25 -0.10545 0.525148 
1.65 0.25 -0.083109 0.50703 
1.7 0.25 -0.0578467 0.493621 
1.75 0.25 -0.0305432 0.485261 
1.8 0.25 -0.00215867 0.482176 
1.85 0.25 0.0263028 0.484449 
1.9 0.25 0.0538339 0.492018 
1.95 0.25 0.0794653 0.504679 
2 0.25 0.102303 0.522107 
2.05 0.25 0.121557 0.543881 
2.1 0.25 0.136564 0.569511 
2.15 0.25 0.146801 0.598443 
2.2 0.25 0.151891 0.630053 
2.25 0.25 0.151611 0.663607 
2.3 0.25 0.145901 0.698207 
2.35 0.25 0.134872 0.732728 
2.4 0.25 0.118821 0.765771 
2.45 0.25 0.0982447 0.795668 
2.5 0.25 0.0738429 0.820583 
2.55 0.25 0.0465092 0.838715 
2.6 0.25 0.017302 0.848582 
2.65 0.25 -0.0126081 0.849315 
2.7 0.25 -0.0420062 0.840848 
2.75 0.25 -0.0697098 0.823933 
2.8 0.25 -0.0946391 0.799971 
2.85 0.25 -0.115872 0.770734 
2.9 0.25 -0.132676 0.73807 
2.95 0.25 -0.144524 0.703681 
3 0.25 -0.151088 0.669011 
3.05 0.25 -0.152228 0.635227 
3.1 0.25 -0.147978 0.603256 
3.15 0.25 -0.138535 0.573855 
3.2 0.25 -0.124253 0.547663 
3.25 0.25 -0.105632 0.525242 
3.3 0.25 -0.0833128 0.507093 
3.35 0.25 -0.058067 0.493649 
3.4 0.25 -0.0307733 0.485251 
3.45 0.25 -0.00239111 0.482124 
3.5 0.25 0.026076 0.484354 
3.55 0.25 0.053621 0.49188 
3.6 0.25 0.0792744 0.504498 
3.65 0.25 0.102142 0.521885 
3.7 0.25 0.121433 0.543621 
3.75 0.25 0.136483 0.569215 
3.8 0.25 0.146769 0.598117 
3.85 0.25 0.151911 0.629702 
3.9 0.25 0.151687 0.663239 
3.95 0.25 0.146034 0.697832 
4 0.25 0.135062 0.732361 
4.05 0.25 0.119067 0.76543 
4.1 0.25 0.0985411 0.795378 
4.15 0.25 0.0741827 0.820371 
4.2 0.25 0.046883 0.838605 
4.25 0.25 0.017698 0.848598 
4.3 0.25 -0.0122031 0.849472 
4.35 0.25 -0.0416066 0.841151 
4.4 0.25 -0.06933 0.824377 
4.45 0.25 -0.0942936 0.800544 
4.5 0.25 -0.115575 0.771419 
4.55 0.25 -0.132442 0.738848 
4.6 0.25 -0.144369 0.704532 
4.65 0.25 -0.151028 0.669915 
4.7 0.25 -0.152283 0.63616 
4.75 0.25 -0.148169 0.604192 
4.8 0.25 -0.138882 0.574758 
4.85 0.25 -0.124766 0.548488 
4.9 0.25 -0.106297 0.525937 
4.95 0.25 -0.0840609 0.507616 
5 0.25 -0.0587306 0.494008 
0 0.3 -0.10402 0.444208 
0.05 0.3 -0.072714 0.428625 
0.1 0.3 -0.0386947 0.418785 
0.15 0.3 -0.00324501 0.415059 
0.2 0.3 0.0323237 0.417583 
0.25 0.3 0.0667172 0.426265 
0.3 0.3 0.098705 0.440816 
0.35 0.3 0.127162 0.460783 
0.4 0.3 0.151103 0.485603 
0.45 0.3 0.169708 0.514645 
0.5 0.3 0.182337 0.547233 
0.55 0.3 0.188538 0.582634 
0.6 0.3 0.188052 0.620024 
0.65 0.3 0.180827 0.658416 
0.7 0.3 0.16702 0.696587 
0.75 0.3 0.14702 0.733018 
0.8 0.3 0.121456 0.765903 
0.85 0.3 0.0912015 0.793254 
0.9 0.3 0.0573622 0.813122 
0.95 0.3 0.0212377 0.823908 
1 0.3 -0.0157399 0.824676 
1.05 0.3 -0.0520867 0.815359 
1.1 0.3 -0.0863574 0.796772 
1.15 0.3 -0.117228 0.770432 
1.2 0.3 -0.143561 0.738257 
1.25 0.3 -0.164447 0.702247 
1.3 0.3 -0.179221 0.664245 
1.35 0.3 -0.18746 0.625813 
1.4 0.3 -0.188973 0.588215 
1.45 0.3 -0.183784 0.552469 
1.5 0.3 -0.172124 0.519417 
1.55 0.3 -0.154417 0.489799 
1.6 0.3 -0.13128 0.464296 
1.65 0.3 -0.10351 0.44354 
1.7 0.3 -0.0720687 0.4281 
1.75 0.3 -0.0380594 0.418438 
1.8 0.3 -0.00268919 0.414865 
1.85 0.3 0.0327778 0.417499 
1.9 0.3 0.0670736 0.426251 
1.95 0.3 0.0989791 0.44084 
2 0.3 0.127373 0.460822 
2.05 0.3 0.15127 0.485643 
2.1 0.3 0.169847 0.514676 
2.15 0.3 0.18246 0.54725 
2.2 0.3 0.188654 0.582635 
2.25 0.3 0.188169 0.620009 
2.3 0.3 0.180949 0.658387 
2.35 0.3 0.16715 0.696549 
2.4 0.3 0.147159 0.732977 
2.45 0.3 0.121603 0.765869 
2.5 0.3 0.0913558 0.793236 
2.55 0.3 0.0575198 0.813128 
2.6 0.3 0.0213941 0.823946 
2.65 0.3 -0.0155898 0.824749 
2.7 0.3 -0.0519486 0.815468 
2.75 0.3 -0.086237 0.796912 
2.8 0.3 -0.117131 0.770599 
2.85 0.3 -0.143492 0.738443 
2.9 0.3 -0.164411 0.702445 
2.95 0.3 -0.179221 0.664448 
3 0.3 -0.187498 0.626015 
3.05 0.3 -0.189051 0.588411 
3.1 0.3 -0.183902 0.552653 
3.15 0.3 -0.172281 0.519584 
3.2 0.3 -0.154611 0.489943 
3.25 0.3 -0.131508 0.464411 
3.3 0.3 -0.103765 0.44362 
3.35 0.3 -0.072344 0.42814 
3.4 0.3 -0.0383468 0.418434 
3.45 0.3 -0.00297923 0.414812 
3.5 0.3 0.0324952 0.417396 
3.55 0.3 0.0668087 0.426099 
3.6 0.3 0.0987422 0.44064 
3.65 0.3 0.127174 0.460576 
3.7 0.3 0.151117 0.485354 
3.75 0.3 0.169748 0.51435 
3.8 0.3 0.182421 0.546891 
3.85 0.3 0.188681 0.58225 
3.9 0.3 0.188265 0.619606 
3.95 0.3 0.181115 0.657979 
4 0.3 0.167386 0.69615 
4.05 0.3 0.147462 0.732609 
4.1 0.3 0.121968 0.765556 
4.15 0.3 0.0917728 0.793007 
4.2 0.3 0.0579776 0.813011 
4.25 0.3 0.0218787 0.823964 
4.3 0.3 -0.0150941 0.824918 
4.35 0.3 -0.0514582 0.815792 
4.4 0.3 -0.0857683 0.797386 
4.45 0.3 -0.116699 0.771207 
4.5 0.3 -0.143112 0.739165 
4.55 0.3 -0.164096 0.703259 
4.6 0.3 -0.178983 0.665329 
4.65 0.3 -0.18735 0.626939 
4.7 0.3 -0.189004 0.589354 
4.75 0.3 -0.183967 0.553588 
4.8 0.3 -0.172463 0.52048 
4.85 0.3 -0.154906 0.490766 
4.9 0.3 -0.131887 0.465126 
4.95 0.3 -0.104158 0.444208 
5 0.3 -0.072616 0.428625 
0 0.35 -0.120982 0.395469 
0.05 0.35 -0.0844417 0.378063 
0.1 0.35 -0.0447648 0.367036 
0.15 0.35 -0.00341807 0.362863 
0.2 0.35 0.0380721 0.365731 
0.25 0.35 0.0781852 0.375521 
0.3 0.35 0.11547 0.391839 
0.35 0.35 0.148601 0.41408 
0.4 0.35 0.176422 0.441503 
0.45 0.35 0.197979 0.473309 
0.5 0.35 0.212534 0.508681 
0.55 0.35 0.219576 0.546782 
0.6 0.35 0.218826 0.586717 
0.65 0.35 0.210243 0.627448 
0.7 0.35 0.194036 0.667716 
0.75 0.35 0.170676 0.705967 
0.8 0.35 0.140909 0.740364 
0.85 0.35 0.105754 0.768886 
0.9 0.35 0.0664901 0.789558 
0.95 0.35 0.0246108 0.800764 
1 0.35 -0.0182438 0.801562 
1.05 0.35 -0.0603773 0.791881 
1.1 0.35 -0.100135 0.772545 
1.15 0.35 -0.135996 0.745086 
1.2 0.35 -0.166647 0.711447 
1.25 0.35 -0.191027 0.673656 
1.3 0.35 -0.20835 0.633591 
1.35 0.35 -0.218104 0.592847 
1.4 0.35 -0.220043 0.552725 
1.45 0.35 -0.214171 0.514288 
1.5 0.35 -0.200733 0.478446 
1.55 0.35 -0.180207 0.446038 
1.6 0.35 -0.153297 0.417881 
1.65 0.35 -0.120929 0.394773 
1.7 0.35 -0.0842275 0.377462 
1.75 0.35 -0.0444903 0.366574 
1.8 0.35 -0.00314283 0.362536 
1.85 0.35 0.0383192 0.365514 
1.9 0.35 0.0783952 0.375385 
1.95 0.35 0.115645 0.391757 
2 0.35 0.148749 0.41403 
2.05 0.35 0.176553 0.441471 
2.1 0.35 0.198101 0.473283 
2.15 0.35 0.212654 0.508654 
2.2 0.35 0.2197 0.54675 
2.25 0.35 0.218957 0.586678 
2.3 0.35 0.210385 0.627403 
2.35 0.35 0.19419 0.667667 
2.4 0.35 0.170842 0.705922 
2.45 0.35 0.141084 0.740328 
2.5 0.35 0.105937 0.768869 
2.55 0.35 0.0666763 0.789568 
2.6 0.35 0.024795 0.800809 
2.65 0.35 -0.0180676 0.801643 
2.7 0.35 -0.0602155 0.792 
2.75 0.35 -0.0999941 0.772698 
2.8 0.35 -0.135883 0.745267 
2.85 0.35 -0.166567 0.711649 
2.9 0.35 -0.190985 0.673873 
2.95 0.35 -0.208349 0.633815 
3 0.35 -0.218149 0.593071 
3.05 0.35 -0.220134 0.552945 
3.1 0.35 -0.214309 0.514497 
3.15 0.35 -0.200917 0.478638 
3.2 0.35 -0.180434 0.446207 
3.25 0.35 -0.153564 0.418019 
3.3 0.35 -0.121228 0.394873 
3.35 0.35 -0.0845501 0.377518 
3.4 0.35 -0.0448269 0.366579 
3.45 0.35 -0.00348235 0.362487 
3.5 0.35 0.0379887 0.365408 
3.55 0.35 0.0780859 0.375223 
3.6 0.35 0.115369 0.391542 
3.65 0.35 0.148517 0.413766 
3.7 0.35 0.176376 0.441162 
3.75 0.35 0.197987 0.472937 
3.8 0.35 0.212611 0.508275 
3.85 0.35 0.219733 0.546347 
3.9 0.35 0.21907 0.586258 
3.95 0.35 0.210579 0.62698 
4 0.35 0.194464 0.667257 
4.05 0.35 0.171192 0.705544 
4.1 0.35 0.141504 0.74001 
4.15 0.35 0.106415 0.768637 
4.2 0.35 0.0672006 0.789451 
4.25 0.35 0.0253496 0.800829 
4.3 0.35 -0.0174999 0.801816 
4.35 0.35 -0.0596523 0.792328 
4.4 0.35 -0.0994524 0.773174 
4.45 0.35 -0.135377 0.745874 
4.5 0.35 -0.166111 0.712364 
4.55 0.35 -0.190588 0.67467 
4.6 0.35 -0.208019 0.634668 
4.65 0.35 -0.217888 0.593956 
4.7 0.35 -0.219945 0.553834 
4.75 0.35 -0.214189 0.515367 
4.8 0.35 -0.200857 0.479465 
4.85 0.35 -0.180414 0.446968 
4.9 0.35 -0.153547 0.418698 
4.95 0.35 -0.121152 0.395469 
5 0.35 -0.084322 0.378063 
0 0.4 -0.133872 0.358738 
0.05 0.4 -0.0933227 0.339557 
0.1 0.4 -0.049303 0.327355 
0.15 0.4 -0.00342539 0.322745 
0.2 0.4 0.0426115 0.325972 
0.25 0.4 0.0871049 0.336875 
0.3 0.4 0.128427 0.354926 
0.35 0.4 0.165093 0.379317 
0.4 0.4 0.195817 0.409086 
0.45 0.4 0.219543 0.443224 
0.5 0.4 0.235467 0.480747 
0.55 0.4 0.243043 0.520705 
0.6 0.4 0.241989 0.562138 
0.65 0.4 0.232288 0.603992 
0.7 0.4 0.214199 0.64502 
0.75 0.4 0.188265 0.683715 
0.8 0.4 0.155325 0.718302 
0.85 0.4 0.11651 0.746844 
0.9 0.4 0.0732234 0.767459 
0.95 0.4 0.0270959 0.778611 
1 0.4 -0.0200903 0.779403 
1.05 0.4 -0.0664937 0.769771 
1.1 0.4 -0.110317 0.750494 
1.15 0.4 -0.149901 0.72303 
1.2 0.4 -0.183804 0.689228 
1.25 0.4 -0.210854 0.651034 
1.3 0.4 -0.230165 0.610254 
1.35 0.4 -0.24115 0.568437 
1.4 0.4 -0.24351 0.526865 
1.45 0.4 -0.237218 0.486613 
1.5 0.4 -0.222519 0.448648 
1.55 0.4 -0.199917 0.413915 
1.6 0.4 -0.170179 0.383391 
1.65 0.4 -0.134321 0.35808 
1.7 0.4 -0.0935936 0.338955 
1.75 0.4 -0.0494501 0.326851 
1.8 0.4 -0.00349246 0.322348 
1.85 0.4 0.0425943 0.325671 
1.9 0.4 0.0871193 0.336652 
1.95 0.4 0.128463 0.354762 
2 0.4 0.165147 0.379195 
2.05 0.4 0.195887 0.408992 
2.1 0.4 0.219629 0.443148 
2.15 0.4 0.23557 0.480682 
2.2 0.4 0.243164 0.520644 
2.25 0.4 0.242127 0.562079 
2.3 0.4 0.232444 0.603934 
2.35 0.4 0.214371 0.644966 
2.4 0.4 0.188451 0.683667 
2.45 0.4 0.155523 0.718268 
2.5 0.4 0.116715 0.746832 
2.55 0.4 0.0734322 0.767476 
2.6 0.4 0.0273019 0.778662 
2.65 0.4 -0.0198936 0.779492 
2.7 0.4 -0.0663134 0.769898 
2.75 0.4 -0.11016 0.750656 
2.8 0.4 -0.149774 0.723221 
2.85 0.4 -0.183714 0.689442 
2.9 0.4 -0.210806 0.651264 
2.95 0.4 -0.230163 0.610493 
3 0.4 -0.241199 0.568679 
3.05 0.4 -0.24361 0.527105 
3.1 0.4 -0.237371 0.486845 
3.15 0.4 -0.222723 0.448865 
3.2 0.4 -0.20017 0.414109 
3.25 0.4 -0.170475 0.383553 
3.3 0.4 -0.134653 0.358202 
3.35 0.4 -0.0939529 0.339028 
3.4 0.4 -0.049825 0.326868 
3.45 0.4 -0.00387037 0.322303 
3.5 0.4 0.0422269 0.325563 
3.55 0.4 0.086776 0.336483 
3.6 0.4 0.128157 0.354535 
3.65 0.4 0.164891 0.378917 
3.7 0.4 0.195692 0.40867 
3.75 0.4 0.219505 0.442789 
3.8 0.4 0.235524 0.480293 
3.85 0.4 0.243202 0.520234 
3.9 0.4 0.242253 0.561657 
3.95 0.4 0.232658 0.603512 
4 0.4 0.214671 0.64456 
4.05 0.4 0.188834 0.683297 
4.1 0.4 0.15598 0.717958 
4.15 0.4 0.117236 0.746609 
4.2 0.4 0.0740014 0.767365 
4.25 0.4 0.0279035 0.778684 
4.3 0.4 -0.0192773 0.77966 
4.35 0.4 -0.0657001 0.770214 
4.4 0.4 -0.109566 0.75111 
4.45 0.4 -0.149213 0.723794 
4.5 0.4 -0.183195 0.690111 
4.55 0.4 -0.210334 0.652001 
4.6 0.4 -0.229739 0.611271 
4.65 0.4 -0.240817 0.569472 
4.7 0.4 -0.24326 0.527888 
4.75 0.4 -0.237037 0.487597 
4.8 0.4 -0.222382 0.449568 
4.85 0.4 -0.19979 0.414753 
4.9 0.4 -0.170016 0.384136 
4.95 0.4 -0.134066 0.358738 
5 0.4 -0.0931871 0.339557 
0 0.45 -0.142008 0.330599 
0.05 0.45 -0.0988983 0.309666 
0.1 0.45 -0.0520914 0.29629 
0.15 0.45 -0.00329902 0.291246 
0.2 0.45 0.0456604 0.294846 
0.25 0.45 0.0929559 0.306878 
0.3 0.45 0.136836 0.326649 
0.35 0.45 0.17571 0.353118 
0.4 0.45 0.208205 0.38506 
0.45 0.45 0.233206 0.421228 
0.5 0.45 0.249876 0.460445 
0.55 0.45 0.257662 0.501638 
0.6 0.45 0.256294 0.543786 
0.65 0.45 0.245786 0.585834 
0.7 0.45 0.226443 0.626591 
0.75 0.45 0.198864 0.664652 
0.8 0.45 0.163953 0.69839 
0.85 0.45 0.122912 0.726046 
0.9 0.45 0.0772155 0.745922 
0.95 0.45 0.0285654 0.75664 
1 0.45 -0.0211841 0.757401 
1.05 0.45 -0.0701207 0.748145 
1.1 0.45 -0.116375 0.729568 
1.15 0.45 -0.158217 0.702978 
1.2 0.45 -0.194133 0.67004 
1.25 0.45 -0.222878 0.632518 
1.3 0.45 -0.243502 0.592066 
1.35 0.45 -0.255359 0.550124 
1.4 0.45 -0.2581 0.50791 
1.45 0.45 -0.251665 0.466492 
1.5 0.45 -0.236281 0.426887 
1.55 0.45 -0.212457 0.390157 
1.6 0.45 -0.180985 0.357461 
1.65 0.45 -0.142936 0.33004 
1.7 0.45 -0.0996417 0.309128 
1.75 0.45 -0.0526602 0.295807 
1.8 0.45 -0.00371849 0.290834 
1.85 0.45 0.0453628 0.294506 
1.9 0.45 0.0927563 0.306602 
1.95 0.45 0.136716 0.326428 
2 0.45 0.175653 0.35294 
2.05 0.45 0.2082 0.384917 
2.1 0.45 0.233246 0.421111 
2.15 0.45 0.249953 0.460348 
2.2 0.45 0.257772 0.501555 
2.25 0.45 0.256431 0.543712 
2.3 0.45 0.245948 0.585769 
2.35 0.45 0.226625 0.626535 
2.4 0.45 0.199063 0.664608 
2.45 0.45 0.164166 0.698363 
2.5 0.45 0.123133 0.726042 
2.55 0.45 0.0774394 0.745947 
2.6 0.45 0.0287859 0.7567 
2.65 0.45 -0.020974 0.757497 
2.7 0.45 -0.0699282 0.748278 
2.75 0.45 -0.116208 0.729737 
2.8 0.45 -0.158082 0.703176 
2.85 0.45 -0.194036 0.670261 
2.9 0.45 -0.222826 0.632757 
2.95 0.45 -0.2435 0.592317 
3 0.45 -0.25541 0.550382 
3.05 0.45 -0.258206 0.508169 
3.1 0.45 -0.251827 0.466745 
3.15 0.45 -0.236498 0.427128 
3.2 0.45 -0.212726 0.390376 
3.25 0.45 -0.1813 0.357649 
3.3 0.45 -0.14329 0.330185 
3.35 0.45 -0.100025 0.30922 
3.4 0.45 -0.0530601 0.295837 
3.45 0.45 -0.00412149 0.290796 
3.5 0.45 0.0449713 0.294398 
3.55 0.45 0.092391 0.306427 
3.6 0.45 0.136391 0.326191 
3.65 0.45 0.175382 0.352651 
3.7 0.45 0.207995 0.384584 
3.75 0.45 0.233115 0.420744 
3.8 0.45 0.249906 0.459956 
3.85 0.45 0.257813 0.501146 
3.9 0.45 0.256564 0.543297 
3.95 0.45 0.246173 0.585359 
4 0.45 0.22694 0.626145 
4.05 0.45 0.199463 0.664257 
4.1 0.45 0.164642 0.698072 
4.15 0.45 0.123673 0.725835 
4.2 0.45 0.0780295 0.745846 
4.25 0.45 0.0294092 0.756722 
4.3 0.45 -0.0203351 0.757653 
4.35 0.45 -0.0692905 0.748566 
4.4 0.45 -0.115586 0.730147 
4.45 0.45 -0.157486 0.703689 
4.5 0.45 -0.193473 0.670853 
4.55 0.45 -0.222294 0.633399 
4.6 0.45 -0.242993 0.592982 
4.65 0.45 -0.254914 0.551042 
4.7 0.45 -0.257699 0.508802 
4.75 0.45 -0.251282 0.467334 
4.8 0.45 -0.235879 0.42766 
4.85 0.45 -0.211994 0.390851 
4.9 0.45 -0.180415 0.358078 
4.95 0.45 -0.142218 0.330599 
5 0.45 -0.0987526 0.309666 
0 0.5 -0.144967 0.307681 
0.05 0.5 -0.100886 0.285109 
0.1 0.5 -0.0530027 0.270622 
0.15 0.5 -0.0030736 0.265172 
0.2 0.5 0.0470226 0.269138 
0.25 0.5 0.0953896 0.282251 
0.3 0.5 0.140214 0.303647 
0.35 0.5 0.179855 0.332036 
0.4 0.5 0.212905 0.365923 
0.45 0.5 0.238235 0.40381 
0.5 0.5 0.255008 0.444324 
0.55 0.5 0.262687 0.486261 
0.6 0.5 0.26103 0.528543 
0.65 0.5 0.250084 0.570123 
0.7 0.5 0.230191 0.609888 
0.75 0.5 0.201987 0.646574 
0.8 0.5 0.166409 0.678753 
0.85 0.5 0.124681 0.704905 
0.9 0.5 0.0782943 0.723581 
0.95 0.5 0.0289568 0.733612 
1 0.5 -0.0214784 0.734322 
1.05 0.5 -0.0711019 0.725662 
1.1 0.5 -0.118046 0.708219 
1.15 0.5 -0.160575 0.6831 
1.2 0.5 -0.197161 0.651726 
1.25 0.5 -0.226537 0.615617 
1.3 0.5 -0.24772 0.576222 
1.35 0.5 -0.260029 0.534827 
1.4 0.5 -0.263074 0.492567 
1.45 0.5 -0.256763 0.450487 
1.5 0.5 -0.24129 0.409656 
1.55 0.5 -0.217147 0.371254 
1.6 0.5 -0.185121 0.336629 
1.65 0.5 -0.146295 0.307269 
1.7 0.5 -0.102032 0.284682 
1.75 0.5 -0.0539392 0.270205 
1.8 0.5 -0.00380823 0.264783 
1.85 0.5 0.0464679 0.268789 
1.9 0.5 0.0949887 0.281945 
1.95 0.5 0.139942 0.303384 
2 0.5 0.179688 0.331814 
2.05 0.5 0.212824 0.365739 
2.1 0.5 0.238224 0.403659 
2.15 0.5 0.255054 0.444201 
2.2 0.5 0.26278 0.48616 
2.25 0.5 0.26116 0.528458 
2.3 0.5 0.250244 0.570054 
2.35 0.5 0.230376 0.609834 
2.4 0.5 0.202192 0.646536 
2.45 0.5 0.166628 0.678734 
2.5 0.5 0.124909 0.704911 
2.55 0.5 0.0785248 0.723616 
2.6 0.5 0.0291835 0.73368 
2.65 0.5 -0.0212626 0.734426 
2.7 0.5 -0.0709043 0.725801 
2.75 0.5 -0.117874 0.708392 
2.8 0.5 -0.160436 0.683302 
2.85 0.5 -0.197062 0.651953 
2.9 0.5 -0.226482 0.615864 
2.95 0.5 -0.247717 0.576483 
3 0.5 -0.260079 0.535098 
3.05 0.5 -0.263181 0.492842 
3.1 0.5 -0.256927 0.450761 
3.15 0.5 -0.241511 0.409919 
3.2 0.5 -0.217422 0.371497 
3.25 0.5 -0.185444 0.336841 
3.3 0.5 -0.146658 0.307436 
3.35 0.5 -0.102425 0.284792 
3.4 0.5 -0.0543494 0.270247 
3.45 0.5 -0.00422157 0.264751 
3.5 0.5 0.0460666 0.26868 
3.55 0.5 0.0946147 0.281764 
3.6 0.5 0.13961 0.303139 
3.65 0.5 0.179412 0.331516 
3.7 0.5 0.212615 0.365399 
3.75 0.5 0.238092 0.403288 
3.8 0.5 0.255007 0.44381 
3.85 0.5 0.262822 0.485759 
3.9 0.5 0.261295 0.528057 
3.95 0.5 0.250472 0.569664 
4 0.5 0.230693 0.609468 
4.05 0.5 0.202593 0.646211 
4.1 0.5 0.167104 0.678468 
4.15 0.5 0.125447 0.704724 
4.2 0.5 0.0791118 0.723525 
4.25 0.5 0.0298026 0.733699 
4.3 0.5 -0.0206276 0.734561 
4.35 0.5 -0.0702688 0.72605 
4.4 0.5 -0.11725 0.708743 
4.45 0.5 -0.159831 0.683735 
4.5 0.5 -0.196478 0.652444 
4.55 0.5 -0.225914 0.616385 
4.6 0.5 -0.24715 0.577006 
4.65 0.5 -0.259492 0.535598 
4.7 0.5 -0.262544 0.493295 
4.75 0.5 -0.256202 0.451152 
4.8 0.5 -0.240656 0.410244 
4.85 0.5 -0.216392 0.371763 
4.9 0.5 -0.184201 0.337074 
4.95 0.5 -0.145183 0.307681 
5 0.5 -0.100736 0.285109 
0 0.55 -0.14257 0.287093 
0.05 0.55 -0.0991688 0.263179 
0.1 0.55 -0.0519914 0.247775 
0.15 0.55 -0.0027809 0.241995 
0.2 0.55 0.0465902 0.246279 
0.25 0.55 0.0942285 0.260303 
0.3 0.55 0.138326 0.283045 
0.35 0.55 0.177253 0.312988 
0.4 0.55 0.209622 0.348392 
0.45 0.55 0.234331 0.387531 
0.5 0.55 0.250579 0.428856 
0.55 0.55 0.257863 0.471044 
0.6 0.55 0.255979 0.512962 
0.65 0.55 0.245008 0.553583 
0.7 0.55 0.225313 0.591874 
0.75 0.55 0.197544 0.626728 
0.8 0.55 0.162633 0.656937 
0.85 0.55 0.121783 0.681246 
0.9 0.55 0.0764433 0.698475 
0.95 0.55 0.0282648 0.707685 
1 0.55 -0.0209687 0.708336 
1.05 0.55 -0.069422 0.700387 
1.1 0.55 -0.115298 0.684308 
1.15 0.55 -0.15692 0.660988 
1.2 0.55 -0.192804 0.63158 
1.25 0.55 -0.221707 0.597337 
1.3 0.55 -0.242654 0.559476 
1.35 0.55 -0.25495 0.519122 
1.4 0.55 -0.258187 0.47731 
1.45 0.55 -0.252235 0.435065 
1.5 0.55 -0.237256 0.393496 
1.55 0.55 -0.213701 0.353893 
1.6 0.55 -0.182323 0.317777 
1.65 0.55 -0.144176 0.286857 
1.7 0.55 -0.100603 0.262891 
1.75 0.55 -0.0531999 0.24745 
1.8 0.55 -0.0037556 0.241651 
1.85 0.55 0.0458341 0.245937 
1.9 0.55 0.0936658 0.259978 
1.95 0.55 0.137929 0.282749 
2 0.55 0.176993 0.312729 
2.05 0.55 0.209475 0.348173 
2.1 0.55 0.234275 0.387351 
2.15 0.55 0.250594 0.42871 
2.2 0.55 0.257936 0.470927 
2.25 0.55 0.256098 0.512871 
2.3 0.55 0.245161 0.553513 
2.35 0.55 0.225494 0.591824 
2.4 0.55 0.197747 0.626698 
2.45 0.55 0.16285 0.656929 
2.5 0.55 0.122009 0.681263 
2.55 0.55 0.0766716 0.698521 
2.6 0.55 0.028489 0.707762 
2.65 0.55 -0.0207555 0.708446 
2.7 0.55 -0.0692269 0.700531 
2.75 0.55 -0.115128 0.684484 
2.8 0.55 -0.156782 0.661193 
2.85 0.55 -0.192705 0.63181 
2.9 0.55 -0.221652 0.597588 
2.95 0.55 -0.242648 0.559745 
3 0.55 -0.254998 0.519403 
3.05 0.55 -0.25829 0.477599 
3.1 0.55 -0.252396 0.435355 
3.15 0.55 -0.237473 0.393778 
3.2 0.55 -0.213971 0.354157 
3.25 0.55 -0.182641 0.31801 
3.3 0.55 -0.144534 0.287044 
3.35 0.55 -0.100991 0.263017 
3.4 0.55 -0.0536049 0.247503 
3.45 0.55 -0.00416376 0.241625 
3.5 0.55 0.045438 0.245828 
3.55 0.55 0.093297 0.259793 
3.6 0.55 0.137602 0.282498 
3.65 0.55 0.176722 0.312424 
3.7 0.55 0.20927 0.347828 
3.75 0.55 0.234146 0.386979 
3.8 0.55 0.250548 0.428324 
3.85 0.55 0.257978 0.470538 
3.9 0.55 0.256229 0.512488 
3.95 0.55 0.245382 0.553146 
4 0.55 0.225801 0.591486 
4.05 0.55 0.198133 0.626402 
4.1 0.55 0.163307 0.656689 
4.15 0.55 0.122524 0.681095 
4.2 0.55 0.0772323 0.698438 
4.25 0.55 0.0290797 0.707774 
4.3 0.55 -0.0201497 0.708555 
4.35 0.55 -0.0686193 0.700732 
4.4 0.55 -0.114528 0.684765 
4.45 0.55 -0.156195 0.661534 
4.5 0.55 -0.192129 0.632188 
4.55 0.55 -0.221076 0.597974 
4.6 0.55 -0.242054 0.560112 
4.65 0.55 -0.254358 0.519725 
4.7 0.55 -0.257567 0.477855 
4.75 0.55 -0.251548 0.435532 
4.8 0.55 -0.236452 0.393876 
4.85 0.55 -0.212733 0.354193 
4.9 0.55 -0.181151 0.318022 
4.95 0.55 -0.142784 0.287093 
5 0.55 -0.0990202 0.263179 
0 0.6 -0.13489 0.266552 
0.05 0.6 -0.0937985 0.24184 
0.1 0.6 -0.0490951 0.22588 
0.15 0.6 -0.00244682 0.219906 
0.2 0.6 0.0443494 0.224405 
0.25 0.6 0.0894754 0.239011 
0.3 0.6 0.131198 0.262577 
0.35 0.6 0.167961 0.293419 
0.4 0.6 0.198451 0.329612 
0.45 0.6 0.221633 0.369265 
0.5 0.6 0.236771 0.410696 
0.55 0.6 0.243416 0.452498 
0.6 0.6 0.241403 0.493505 
0.65 0.6 0.23084 0.532706 
0.7 0.6 0.212099 0.569156 
0.75 0.6 0.185812 0.601895 
0.8 0.6 0.152871 0.629928 
0.85 0.6 0.114411 0.652254 
0.9 0.6 0.0717882 0.667952 
0.95 0.6 0.0265371 0.676302 
1 0.6 -0.01969 0.67689 
1.05 0.6 -0.0651952 0.669687 
1.1 0.6 -0.108314 0.65505 
1.15 0.6 -0.14749 0.633659 
1.2 0.6 -0.181336 0.606414 
1.25 0.6 -0.208679 0.574306 
1.3 0.6 -0.228589 0.538336 
1.35 0.6 -0.240391 0.499466 
1.4 0.6 -0.24367 0.458641 
1.45 0.6 -0.238277 0.416854 
1.5 0.6 -0.22433 0.375242 
1.55 0.6 -0.20223 0.335177 
1.6 0.6 -0.172666 0.298303 
1.65 0.6 -0.136626 0.266495 
1.7 0.6 -0.0953801 0.241696 
1.75 0.6 -0.050453 0.225654 
1.8 0.6 -0.00356141 0.219617 
1.85 0.6 0.0434702 0.22408 
1.9 0.6 0.0888096 0.238676 
1.95 0.6 0.130718 0.262256 
2 0.6 0.167637 0.293129 
2.05 0.6 0.198255 0.329362 
2.1 0.6 0.221542 0.369058 
2.15 0.6 0.236761 0.410531 
2.2 0.6 0.24347 0.45237 
2.25 0.6 0.241507 0.493408 
2.3 0.6 0.230982 0.532638 
2.35 0.6 0.21227 0.569112 
2.4 0.6 0.186004 0.601875 
2.45 0.6 0.153078 0.629932 
2.5 0.6 0.114626 0.652283 
2.55 0.6 0.0720054 0.668009 
2.6 0.6 0.0267502 0.676388 
2.65 0.6 -0.0194875 0.677007 
2.7 0.6 -0.0650099 0.669835 
2.75 0.6 -0.108153 0.655227 
2.8 0.6 -0.147359 0.633865 
2.85 0.6 -0.181241 0.606645 
2.9 0.6 -0.208625 0.574559 
2.95 0.6 -0.228582 0.538608 
3 0.6 -0.240434 0.499753 
3.05 0.6 -0.243766 0.458938 
3.1 0.6 -0.238427 0.417155 
3.15 0.6 -0.224534 0.375538 
3.2 0.6 -0.202484 0.335456 
3.25 0.6 -0.172967 0.298551 
3.3 0.6 -0.136965 0.266696 
3.35 0.6 -0.0957479 0.241834 
3.4 0.6 -0.0508375 0.225716 
3.45 0.6 -0.00394891 0.219595 
3.5 0.6 0.0430943 0.223973 
3.55 0.6 0.0884599 0.23849 
3.6 0.6 0.130408 0.262003 
3.65 0.6 0.16738 0.292823 
3.7 0.6 0.198062 0.329019 
3.75 0.6 0.22142 0.368692 
3.8 0.6 0.236717 0.410155 
3.85 0.6 0.243509 0.451995 
3.9 0.6 0.24163 0.493045 
3.95 0.6 0.231187 0.532295 
4 0.6 0.212554 0.568801 
4.05 0.6 0.186361 0.601606 
4.1 0.6 0.153499 0.629716 
4.15 0.6 0.1151 0.652132 
4.2 0.6 0.0725193 0.667931 
4.25 0.6 0.0272907 0.676389 
4.3 0.6 -0.0189335 0.677086 
4.35 0.6 -0.0644536 0.669985 
4.4 0.6 -0.107601 0.655435 
4.45 0.6 -0.146815 0.634111 
4.5 0.6 -0.180698 0.606905 
4.55 0.6 -0.208072 0.574808 
4.6 0.6 -0.227996 0.538817 
4.65 0.6 -0.239784 0.499898 
4.7 0.6 -0.243013 0.458999 
4.75 0.6 -0.237526 0.417121 
4.8 0.6 -0.223437 0.375414 
4.85 0.6 -0.201149 0.335267 
4.9 0.6 -0.171363 0.298347 
4.95 0.6 -0.135092 0.266552 
5 0.6 -0.0936579 0.24184 
0 0.65 -0.122269 0.244358 
0.05 0.65 -0.0850114 0.219647 
0.1 0.65 -0.0444419 0.203661 
0.15 0.65 -0.00209035 0.197691 
0.2 0.65 0.0403912 0.202249 
0.25 0.65 0.0813309 0.216941 
0.3 0.65 0.119139 0.24056 
0.35 0.65 0.152393 0.271337 
0.4 0.65 0.179903 0.307257 
0.45 0.65 0.200741 0.346355 
0.5 0.65 0.214255 0.386892 
0.55 0.65 0.220066 0.427428 
0.6 0.65 0.218049 0.466793 
0.65 0.65 0.208326 0.504012 
0.7 0.65 0.191257 0.538218 
0.75 0.65 0.167431 0.568585 
0.8 0.65 0.137663 0.594302 
0.85 0.65 0.102978 0.614589 
0.9 0.65 0.0645915 0.628748 
0.95 0.65 0.0238714 0.636243 
1 0.65 -0.0177145 0.63677 
1.05 0.65 -0.0586601 0.630307 
1.1 0.65 -0.0974871 0.617116 
1.15 0.65 -0.132809 0.597702 
1.2 0.65 -0.163383 0.572743 
1.25 0.65 -0.188152 0.543009 
1.3 0.65 -0.206267 0.50931 
1.35 0.65 -0.2171 0.472465 
1.4 0.65 -0.220256 0.433332 
1.45 0.65 -0.215571 0.392863 
1.5 0.65 -0.203128 0.352196 
1.55 0.65 -0.183264 0.312731 
1.6 0.65 -0.156587 0.276168 
1.65 0.65 -0.123978 0.244458 
1.7 0.65 -0.08659 0.219632 
1.75 0.65 -0.0458166 0.203527 
1.8 0.65 -0.003234 0.197458 
1.85 0.65 0.0394776 0.201946 
1.9 0.65 0.0806306 0.216605 
1.95 0.65 0.118627 0.240224 
2 0.65 0.152042 0.271024 
2.05 0.65 0.179684 0.306985 
2.1 0.65 0.200629 0.346129 
2.15 0.65 0.214228 0.386713 
2.2 0.65 0.220104 0.427292 
2.25 0.65 0.218137 0.466695 
2.3 0.65 0.208453 0.503947 
2.35 0.65 0.191412 0.538181 
2.4 0.65 0.167606 0.568574 
2.45 0.65 0.137851 0.594317 
2.5 0.65 0.103174 0.614629 
2.55 0.65 0.0647893 0.628815 
2.6 0.65 0.0240653 0.636336 
2.65 0.65 -0.0175304 0.636891 
2.7 0.65 -0.0584916 0.630456 
2.75 0.65 -0.0973401 0.617293 
2.8 0.65 -0.132689 0.597906 
2.85 0.65 -0.163296 0.572971 
2.9 0.65 -0.188102 0.54326 
2.95 0.65 -0.206258 0.509581 
3 0.65 -0.217137 0.472752 
3.05 0.65 -0.220341 0.43363 
3.1 0.65 -0.215705 0.393166 
3.15 0.65 -0.203311 0.352495 
3.2 0.65 -0.183494 0.313015 
3.25 0.65 -0.156859 0.276422 
3.3 0.65 -0.124285 0.244665 
3.35 0.65 -0.0869239 0.219776 
3.4 0.65 -0.0461659 0.203595 
3.45 0.65 -0.0035862 0.197441 
3.5 0.65 0.0391359 0.201844 
3.55 0.65 0.0803129 0.216423 
3.6 0.65 0.118346 0.239975 
3.65 0.65 0.151809 0.270725 
3.7 0.65 0.179509 0.306651 
3.75 0.65 0.200519 0.345776 
3.8 0.65 0.214189 0.386353 
3.85 0.65 0.220139 0.426938 
3.9 0.65 0.218246 0.466355 
3.95 0.65 0.208635 0.50363 
4 0.65 0.191664 0.537897 
4.05 0.65 0.167922 0.568331 
4.1 0.65 0.138222 0.594123 
4.15 0.65 0.10359 0.614491 
4.2 0.65 0.0652398 0.628738 
4.25 0.65 0.024538 0.636323 
4.3 0.65 -0.0170467 0.636938 
4.35 0.65 -0.0580057 0.630555 
4.4 0.65 -0.0968573 0.61743 
4.45 0.65 -0.132209 0.598061 
4.5 0.65 -0.162812 0.573122 
4.55 0.65 -0.187601 0.543382 
4.6 0.65 -0.205716 0.509646 
4.65 0.65 -0.216522 0.472738 
4.7 0.65 -0.219615 0.433518 
4.75 0.65 -0.214825 0.392949 
4.8 0.65 -0.202232 0.352182 
4.85 0.65 -0.182177 0.312636 
4.9 0.65 -0.15528 0.276037 
4.95 0.65 -0.12245 0.244358 
5 0.65 -0.0848857 0.219647 
0 0.7 -0.105356 0.219334 
0.05 0.7 -0.0732526 0.19563 
0.1 0.7 -0.0382636 0.180282 
0.15 0.7 -0.00172397 0.174564 
0.2 0.7 0.0349228 0.178977 
0.25 0.7 0.0702173 0.193131 
0.3 0.7 0.102775 0.215826 
0.35 0.7 0.131362 0.245315 
0.4 0.7 0.154955 0.279611 
0.45 0.7 0.172762 0.316783 
0.5 0.7 0.184238 0.355127 
0.55 0.7 0.189075 0.393237 
0.6 0.7 0.187187 0.429984 
0.65 0.7 0.1787 0.464449 
0.7 0.7 0.163939 0.495848 
0.75 0.7 0.143423 0.523472 
0.8 0.7 0.117858 0.546663 
0.85 0.7 0.088124 0.564816 
0.9 0.7 0.0552575 0.577408 
0.95 0.7 0.0204179 0.584046 
1 0.7 -0.0151535 0.584511 
1.05 0.7 -0.0501838 0.578789 
1.1 0.7 -0.0834231 0.567066 
1.15 0.7 -0.113696 0.549712 
1.2 0.7 -0.139944 0.527231 
1.25 0.7 -0.161262 0.500217 
1.3 0.7 -0.176913 0.469321 
1.35 0.7 -0.186348 0.435242 
1.4 0.7 -0.189208 0.398748 
1.45 0.7 -0.185335 0.360735 
1.5 0.7 -0.174777 0.322297 
1.55 0.7 -0.157805 0.2848 
1.6 0.7 -0.134925 0.249912 
1.65 0.7 -0.106888 0.219549 
1.7 0.7 -0.0746868 0.195716 
1.75 0.7 -0.0395292 0.180226 
1.8 0.7 -0.00279021 0.174383 
1.85 0.7 0.0340616 0.178705 
1.9 0.7 0.0695508 0.192806 
1.95 0.7 0.102283 0.21549 
2 0.7 0.131021 0.244996 
2.05 0.7 0.154739 0.27933 
2.1 0.7 0.172647 0.316549 
2.15 0.7 0.184203 0.354942 
2.2 0.7 0.189102 0.393099 
2.25 0.7 0.187261 0.429888 
2.3 0.7 0.178808 0.464388 
2.35 0.7 0.164072 0.495818 
2.4 0.7 0.143574 0.52347 
2.45 0.7 0.118021 0.546687 
2.5 0.7 0.0882938 0.564864 
2.55 0.7 0.0554286 0.57748 
2.6 0.7 0.0205853 0.584143 
2.65 0.7 -0.0149945 0.584634 
2.7 0.7 -0.0500382 0.578937 
2.75 0.7 -0.0832959 0.567239 
2.8 0.7 -0.113592 0.549909 
2.85 0.7 -0.139868 0.527451 
2.9 0.7 -0.161217 0.500459 
2.95 0.7 -0.176904 0.469582 
3 0.7 -0.186378 0.435519 
3.05 0.7 -0.18928 0.399037 
3.1 0.7 -0.185449 0.361029 
3.15 0.7 -0.174933 0.322588 
3.2 0.7 -0.158001 0.285077 
3.25 0.7 -0.135158 0.250159 
3.3 0.7 -0.107153 0.219752 
3.35 0.7 -0.0749746 0.195858 
3.4 0.7 -0.0398307 0.180294 
3.45 0.7 -0.00309427 0.17437 
3.5 0.7 0.0337667 0.178609 
3.55 0.7 0.0692766 0.192635 
3.6 0.7 0.102041 0.215255 
3.65 0.7 0.130821 0.244713 
3.7 0.7 0.154588 0.279016 
3.75 0.7 0.172553 0.316218 
3.8 0.7 0.184169 0.354608 
3.85 0.7 0.189131 0.392771 
3.9 0.7 0.187353 0.429576 
3.95 0.7 0.178962 0.464101 
4 0.7 0.164284 0.495562 
4.05 0.7 0.143839 0.523252 
4.1 0.7 0.118332 0.546512 
4.15 0.7 0.0886414 0.564738 
4.2 0.7 0.0558035 0.577404 
4.25 0.7 0.0209776 0.584116 
4.3 0.7 -0.014594 0.584652 
4.35 0.7 -0.0496364 0.57899 
4.4 0.7 -0.0828964 0.567314 
4.45 0.7 -0.113193 0.549986 
4.5 0.7 -0.139463 0.527509 
4.55 0.7 -0.160792 0.500474 
4.6 0.7 -0.176436 0.469531 
4.65 0.7 -0.185838 0.43538 
4.7 0.7 -0.188633 0.398794 
4.75 0.7 -0.184657 0.360678 
4.8 0.7 -0.173957 0.322141 
4.85 0.7 -0.15681 0.284569 
4.9 0.7 -0.133735 0.249653 
4.95 0.7 -0.105505 0.219334 
5 0.7 -0.0731492 0.19563 
0 0.75 -0.0851436 0.190786 
0.05 0.75 -0.0592062 0.169201 
0.1 0.75 -0.0309118 0.155221 
0.15 0.75 -0.00135558 0.150025 
0.2 0.75 0.0282812 0.15407 
0.25 0.75 0.0568058 0.166991 
0.3 0.75 0.0830892 0.187681 
0.35 0.75 0.106131 0.214519 
0.4 0.75 0.125103 0.245673 
0.45 0.75 0.139376 0.279358 
0.5 0.75 0.148522 0.314003 
0.55 0.75 0.152305 0.34831 
0.6 0.75 0.150674 0.381243 
0.65 0.75 0.143743 0.411969 
0.7 0.75 0.131785 0.439796 
0.75 0.75 0.115229 0.464126 
0.8 0.75 0.0946449 0.484427 
0.85 0.75 0.0707414 0.500228 
0.9 0.75 0.0443464 0.51114 
0.95 0.75 0.0163835 0.516876 
1 0.75 -0.0121605 0.517278 
1.05 0.75 -0.0402748 0.512334 
1.1 0.75 -0.0669663 0.502181 
1.15 0.75 -0.0912988 0.487085 
1.2 0.75 -0.112427 0.467422 
1.25 0.75 -0.129623 0.44365 
1.3 0.75 -0.142292 0.416291 
1.35 0.75 -0.149982 0.385932 
1.4 0.75 -0.152393 0.353247 
1.45 0.75 -0.149383 0.319045 
1.5 0.75 -0.140976 0.28433 
1.55 0.75 -0.127375 0.250362 
1.6 0.75 -0.108976 0.218681 
1.65 0.75 -0.0863782 0.191059 
1.7 0.75 -0.0603809 0.169346 
1.75 0.75 -0.031966 0.155222 
1.8 0.75 -0.00225645 0.149892 
1.85 0.75 0.0275455 0.153835 
1.9 0.75 0.0562317 0.166695 
1.95 0.75 0.0826631 0.187364 
2 0.75 0.105833 0.214214 
2.05 0.75 0.124913 0.245402 
2.1 0.75 0.139274 0.279132 
2.15 0.75 0.148488 0.313825 
2.2 0.75 0.152324 0.348179 
2.25 0.75 0.150733 0.381153 
2.3 0.75 0.14383 0.411915 
2.35 0.75 0.131894 0.439773 
2.4 0.75 0.115352 0.464131 
2.45 0.75 0.0947779 0.484456 
2.5 0.75 0.0708792 0.50028 
2.55 0.75 0.044485 0.511215 
2.6 0.75 0.0165191 0.516972 
2.65 0.75 -0.0120318 0.517396 
2.7 0.75 -0.040157 0.512475 
2.75 0.75 -0.0668631 0.502343 
2.8 0.75 -0.0912142 0.487268 
2.85 0.75 -0.112365 0.467626 
2.9 0.75 -0.129586 0.443873 
2.95 0.75 -0.142284 0.416532 
3 0.75 -0.150005 0.386187 
3.05 0.75 -0.15245 0.353513 
3.1 0.75 -0.149474 0.319316 
3.15 0.75 -0.141101 0.284598 
3.2 0.75 -0.127533 0.250617 
3.25 0.75 -0.109164 0.21891 
3.3 0.75 -0.0865915 0.191246 
3.35 0.75 -0.0606133 0.169478 
3.4 0.75 -0.0322097 0.155287 
3.45 0.75 -0.00250244 0.149882 
3.5 0.75 0.0273068 0.15375 
3.55 0.75 0.0560099 0.166541 
3.6 0.75 0.0824671 0.187152 
3.65 0.75 0.105671 0.213958 
3.7 0.75 0.124792 0.245119 
3.75 0.75 0.139197 0.278835 
3.8 0.75 0.14846 0.313526 
3.85 0.75 0.152346 0.347887 
3.9 0.75 0.150805 0.380878 
3.95 0.75 0.143952 0.411662 
4 0.75 0.132062 0.439549 
4.05 0.75 0.115561 0.46394 
4.1 0.75 0.0950217 0.484302 
4.15 0.75 0.0711512 0.500166 
4.2 0.75 0.0447774 0.51114 
4.25 0.75 0.0168239 0.516935 
4.3 0.75 -0.0117216 0.51739 
4.35 0.75 -0.0398466 0.512491 
4.4 0.75 -0.0665549 0.502369 
4.45 0.75 -0.0909063 0.487286 
4.5 0.75 -0.11205 0.467616 
4.55 0.75 -0.129253 0.443815 
4.6 0.75 -0.141911 0.416404 
4.65 0.75 -0.14957 0.385971 
4.7 0.75 -0.151922 0.353196 
4.75 0.75 -0.148823 0.318897 
4.8 0.75 -0.140296 0.284092 
4.85 0.75 -0.126552 0.250059 
4.9 0.75 -0.107997 0.21836 
4.95 0.75 -0.0852494 0.190786 
5 0.75 -0.0591324 0.169201 
0 0.8 -0.0630214 0.15847 
0.05 0.8 -0.0438287 0.14008 
0.1 0.8 -0.0228776 0.128176 
0.15 0.8 -0.000991908 0.12376 
0.2 0.8 0.0209456 0.127218 
0.25 0.8 0.0420449 0.138238 
0.3 0.8 0.061465 0.155871 
0.35 0.8 0.0784634 0.17873 
0.4 0.8 0.0924302 0.205249 
0.45 0.8 0.102906 0.233894 
0.5 0.8 0.109583 0.263315 
0.55 0.8 0.112298 0.292394 
0.6 0.8 0.111024 0.320239 
0.65 0.8 0.105854 0.346137 
0.7 0.8 0.0969966 0.369507 
0.75 0.8 0.0847716 0.38986 
0.8 0.8 0.0696019 0.406776 
0.85 0.8 0.0520079 0.419895 
0.9 0.8 0.032596 0.428928 
0.95 0.8 0.0120409 0.433667 
1 0.8 -0.00893785 0.433999 
1.05 0.8 -0.0296035 0.429915 
1.1 0.8 -0.0492317 0.421513 
1.15 0.8 -0.067139 0.408984 
1.2 0.8 -0.0827068 0.392609 
1.25 0.8 -0.0953997 0.372733 
1.3 0.8 -0.104778 0.349768 
1.35 0.8 -0.110505 0.32419 
1.4 0.8 -0.112352 0.296565 
1.45 0.8 -0.110206 0.267582 
1.5 0.8 -0.104074 0.238107 
1.55 0.8 -0.0940939 0.209226 
1.6 0.8 -0.0805505 0.182264 
1.65 0.8 -0.0638799 0.158741 
1.7 0.8 -0.0446717 0.140245 
1.75 0.8 -0.0236556 0.128211 
1.8 0.8 -0.00166997 0.123669 
1.85 0.8 0.0203848 0.127029 
1.9 0.8 0.0416041 0.137987 
1.95 0.8 0.0611366 0.155595 
2 0.8 0.0782339 0.178461 
2.05 0.8 0.0922839 0.205008 
2.1 0.8 0.102827 0.233693 
2.15 0.8 0.109557 0.263157 
2.2 0.8 0.112313 0.292278 
2.25 0.8 0.111068 0.32016 
2.3 0.8 0.10592 0.346091 
2.35 0.8 0.0970783 0.36949 
2.4 0.8 0.0848639 0.389868 
2.45 0.8 0.0697009 0.406806 
2.5 0.8 0.0521103 0.419945 
2.55 0.8 0.0326988 0.428998 
2.6 0.8 0.0121413 0.433755 
2.65 0.8 -0.00884267 0.434106 
2.7 0.8 -0.0295162 0.43004 
2.75 0.8 -0.0491552 0.421655 
2.8 0.8 -0.067076 0.409145 
2.85 0.8 -0.08266 0.392786 
2.9 0.8 -0.0953716 0.372927 
2.95 0.8 -0.104771 0.349976 
3 0.8 -0.110521 0.324411 
3.05 0.8 -0.112393 0.296795 
3.1 0.8 -0.110272 0.267816 
3.15 0.8 -0.104165 0.238338 
3.2 0.8 -0.0942094 0.209445 
3.25 0.8 -0.0806886 0.18246 
3.3 0.8 -0.0640371 0.158903 
3.35 0.8 -0.0448434 0.140359 
3.4 0.8 -0.0238358 0.128267 
3.45 0.8 -0.00185203 0.123661 
3.5 0.8 0.0202081 0.126957 
3.55 0.8 0.0414399 0.137857 
3.6 0.8 0.0609915 0.155416 
3.65 0.8 0.0781138 0.178246 
3.7 0.8 0.0921936 0.204768 
3.75 0.8 0.10277 0.233441 
3.8 0.8 0.109535 0.262904 
3.85 0.8 0.112328 0.292033 
3.9 0.8 0.11112 0.319929 
3.95 0.8 0.106007 0.34588 
4 0.8 0.0971989 0.369303 
4.05 0.8 0.0850142 0.389708 
4.1 0.8 0.0698761 0.406676 
4.15 0.8 0.0523052 0.419847 
4.2 0.8 0.0329076 0.428929 
4.25 0.8 0.0123581 0.433714 
4.3 0.8 -0.00862297 0.434086 
4.35 0.8 -0.0292974 0.430033 
4.4 0.8 -0.0489387 0.42165 
4.45 0.8 -0.0668601 0.409126 
4.5 0.8 -0.082439 0.392738 
4.55 0.8 -0.0951355 0.372831 
4.6 0.8 -0.104505 0.349815 
4.65 0.8 -0.110206 0.32417 
4.7 0.8 -0.112007 0.296465 
4.75 0.8 -0.109792 0.267399 
4.8 0.8 -0.10357 0.23785 
4.85 0.8 -0.0934878 0.208918 
4.9 0.8 -0.0798388 0.181947 
4.95 0.8 -0.0630735 0.15847 
5 0.8 -0.0437923 0.14008 
0 0.85 -0.0408248 0.122562 
0.05 0.85 -0.0283869 0.108256 
0.1 0.85 -0.014813 0.0990072 
0.15 0.85 -0.000643519 0.095582 
0.2 0.85 0.0135498 0.0982758 
0.25 0.85 0.0271895 0.106844 
0.3 0.85 0.0397296 0.120555 
0.35 0.85 0.050689 0.138337 
0.4 0.85 0.0596755 0.158972 
0.45 0.85 0.0663964 0.181266 
0.5 0.85 0.0706593 0.20416 
0.55 0.85 0.072366 0.226774 
0.6 0.85 0.0715043 0.248403 
0.65 0.85 0.0681399 0.268488 
0.7 0.85 0.0624112 0.286576 
0.75 0.85 0.0545253 0.302292 
0.8 0.85 0.0447551 0.315324 
0.85 0.85 0.0334346 0.325409 
0.9 0.85 0.0209521 0.33234 
0.95 0.85 0.007739 0.335972 
1 0.85 -0.00574482 0.336226 
1.05 0.85 -0.0190286 0.333097 
1.1 0.85 -0.0316496 0.32665 
1.15 0.85 -0.0431706 0.317022 
1.2 0.85 -0.0531957 0.304411 
1.25 0.85 -0.0613813 0.289068 
1.3 0.85 -0.0674442 0.271299 
1.35 0.85 -0.0711658 0.251467 
1.4 0.85 -0.072396 0.230011 
1.45 0.85 -0.0710558 0.207475 
1.5 0.85 -0.0671439 0.184539 
1.55 0.85 -0.0607433 0.162061 
1.6 0.85 -0.0520308 0.141081 
1.65 0.85 -0.0412837 0.122785 
1.7 0.85 -0.0288817 0.108406 
1.75 0.85 -0.0152981 0.0990545 
1.8 0.85 -0.00108012 0.0955262 
1.85 0.85 0.0131831 0.0981365 
1.9 0.85 0.0268995 0.106651 
1.95 0.85 0.0395133 0.120339 
2 0.85 0.0505384 0.138124 
2.05 0.85 0.0595801 0.15878 
2.1 0.85 0.0663456 0.181105 
2.15 0.85 0.0706433 0.204033 
2.2 0.85 0.0723765 0.226681 
2.25 0.85 0.0715342 0.248341 
2.3 0.85 0.0681838 0.268453 
2.35 0.85 0.0624649 0.286564 
2.4 0.85 0.0545856 0.302301 
2.45 0.85 0.0448195 0.31535 
2.5 0.85 0.033501 0.325451 
2.55 0.85 0.0210186 0.332398 
2.6 0.85 0.00780385 0.336045 
2.65 0.85 -0.00568333 0.336313 
2.7 0.85 -0.0189722 0.333197 
2.75 0.85 -0.0316 0.326765 
2.8 0.85 -0.0431296 0.31715 
2.85 0.85 -0.053165 0.304552 
2.9 0.85 -0.0613625 0.289221 
2.95 0.85 -0.0674388 0.271463 
3 0.85 -0.0711752 0.251641 
3.05 0.85 -0.072421 0.230192 
3.1 0.85 -0.0710972 0.207658 
3.15 0.85 -0.0672018 0.184721 
3.2 0.85 -0.0608172 0.162234 
3.25 0.85 -0.0521194 0.141235 
3.3 0.85 -0.0413849 0.122912 
3.35 0.85 -0.0289923 0.108495 
3.4 0.85 -0.0154145 0.0990988 
3.45 0.85 -0.00119784 0.0955209 
3.5 0.85 0.0130688 0.0980814 
3.55 0.85 0.0267933 0.10655 
3.6 0.85 0.0394195 0.1202 
3.65 0.85 0.0504607 0.137956 
3.7 0.85 0.0595217 0.158594 
3.75 0.85 0.0663086 0.18091 
3.8 0.85 0.0706292 0.203837 
3.85 0.85 0.0723858 0.226491 
3.9 0.85 0.071567 0.248163 
3.95 0.85 0.0682391 0.26829 
4 0.85 0.0625411 0.286419 
4.05 0.85 0.0546804 0.302177 
4.1 0.85 0.0449298 0.315249 
4.15 0.85 0.0336233 0.325373 
4.2 0.85 0.0211491 0.332341 
4.25 0.85 0.00793872 0.336007 
4.3 0.85 -0.00554745 0.336289 
4.35 0.85 -0.0188377 0.33318 
4.4 0.85 -0.0314678 0.326745 
4.45 0.85 -0.0429985 0.317117 
4.5 0.85 -0.0530311 0.304492 
4.55 0.85 -0.061219 0.289121 
4.6 0.85 -0.0672758 0.27131 
4.65 0.85 -0.07098 0.251424 
4.7 0.85 -0.0721791 0.229905 
4.75 0.85 -0.0707939 0.207305 
4.8 0.85 -0.0668254 0.184315 
4.85 0.85 -0.0603632 0.161804 
4.9 0.85 -0.0515954 0.140822 
4.95 0.85 -0.0408124 0.122562 
5 0.85 -0.0283953 0.108256 
0 0.9 -0.0208966 0.0836036 
0.05 0.9 -0.0145002 0.0739485 
0.1 0.9 -0.00755717 0.0677221 
0.15 0.9 -0.000331567 0.0654208 
0.2 0.9 0.00689599 0.0672363 
0.25 0.9 0.0138346 0.0730064 
0.3 0.9 0.020206 0.0822458 
0.35 0.9 0.0257653 0.0942425 
0.4 0.9 0.0303141 0.108182 
0.45 0.9 0.0337064 0.123259 
0.5 0.9 0.0358479 0.138755 
0.55 0.9 0.0366923 0.154068 
0.6 0.9 0.0362367 0.168713 
0.65 0.9 0.0345166 0.182304 
0.7 0.9 0.0316036 0.194533 
0.75 0.9 0.0276028 0.205147 
0.8 0.9 0.0226521 0.213937 
0.85 0.9 0.01692 0.220731 
0.9 0.9 0.0106022 0.225396 
0.95 0.9 0.00391591 0.227839 
1 0.9 -0.00290687 0.22801 
1.05 0.9 -0.00962882 0.225905 
1.1 0.9 -0.0160166 0.221566 
1.15 0.9 -0.0218499 0.215081 
1.2 0.9 -0.0269293 0.206576 
1.25 0.9 -0.0310814 0.196216 
1.3 0.9 -0.0341633 0.184204 
1.35 0.9 -0.0360639 0.170785 
1.4 0.9 -0.036706 0.156258 
1.45 0.9 -0.0360474 0.140997 
1.5 0.9 -0.0340842 0.125471 
1.55 0.9 -0.030855 0.110268 
1.6 0.9 -0.0264459 0.0960935 
1.65 0.9 -0.0209951 0.0837492 
1.7 0.9 -0.0146944 0.0740601 
1.75 0.9 -0.00778563 0.0677654 
1.8 0.9 -0.000549817 0.0653918 
1.85 0.9 0.00670935 0.0671478 
1.9 0.9 0.0136866 0.0728788 
1.95 0.9 0.0200961 0.0821005 
2 0.9 0.0256895 0.0940975 
2.05 0.9 0.0302669 0.10805 
2.1 0.9 0.0336821 0.123148 
2.15 0.9 0.0358412 0.138668 
2.2 0.9 0.036699 0.154004 
2.25 0.9 0.036253 0.16867 
2.3 0.9 0.0345398 0.182281 
2.35 0.9 0.0316315 0.194526 
2.4 0.9 0.0276338 0.205154 
2.45 0.9 0.0226851 0.213956 
2.5 0.9 0.0169539 0.220761 
2.55 0.9 0.0106359 0.225437 
2.6 0.9 0.00394882 0.22789 
2.65 0.9 -0.00287565 0.22807 
2.7 0.9 -0.00960016 0.225975 
2.75 0.9 -0.0159914 0.221646 
2.8 0.9 -0.021829 0.215169 
2.85 0.9 -0.0269134 0.206673 
2.9 0.9 -0.0310715 0.196322 
2.95 0.9 -0.0341601 0.184317 
3 0.9 -0.0360681 0.170904 
3.05 0.9 -0.0367182 0.156382 
3.1 0.9 -0.0360679 0.141122 
3.15 0.9 -0.0341131 0.125595 
3.2 0.9 -0.0308921 0.110385 
3.25 0.9 -0.0264905 0.096198 
3.3 0.9 -0.0210462 0.0838349 
3.35 0.9 -0.0147505 0.0741205 
3.4 0.9 -0.00784477 0.0677954 
3.45 0.9 -0.000609698 0.0653884 
3.5 0.9 0.00665116 0.0671109 
3.55 0.9 0.0136325 0.072811 
3.6 0.9 0.0200483 0.082007 
3.65 0.9 0.0256499 0.0939847 
3.7 0.9 0.0302371 0.107925 
3.75 0.9 0.0336632 0.123017 
3.8 0.9 0.0358339 0.138535 
3.85 0.9 0.0367034 0.153875 
3.9 0.9 0.0362692 0.168549 
3.95 0.9 0.0345673 0.18217 
4 0.9 0.0316694 0.194428 
4.05 0.9 0.0276809 0.20507 
4.1 0.9 0.0227398 0.213887 
4.15 0.9 0.0170144 0.220707 
4.2 0.9 0.0107003 0.225396 
4.25 0.9 0.00401492 0.227861 
4.3 0.9 -0.00280954 0.22805 
4.35 0.9 -0.0095353 0.225958 
4.4 0.9 -0.0159282 0.221626 
4.45 0.9 -0.021767 0.215139 
4.5 0.9 -0.0268505 0.206623 
4.55 0.9 -0.0310042 0.196243 
4.6 0.9 -0.0340831 0.184201 
4.65 0.9 -0.0359749 0.170745 
4.7 0.9 -0.0366009 0.156176 
4.75 0.9 -0.0359192 0.140873 
4.8 0.9 -0.0339279 0.125314 
4.85 0.9 -0.0306711 0.110092 
4.9 0.9 -0.0262463 0.0959222 
4.95 0.9 -0.0208091 0.0836036 
5 0.9 -0.0145609 0.0739485 
0 0.95 -0.00616636 0.0424098 
0.05 0.95 -0.00419717 0.037608 
0.1 0.95 -0.00217263 0.0345262 
0.15 0.95 -9.57538e-05 0.0333894 
0.2 0.95 0.00197464 0.0342888 
0.25 0.95 0.00395967 0.0371465 
0.3 0.95 0.00577987 0.0417278 
0.35 0.95 0.00736497 0.0476867 
0.4 0.95 0.00865863 0.054624 
0.45 0.95 0.0096201 0.0621419 
0.5 0.95 0.0102238 0.0698811 
0.55 0.95 0.0104579 0.0775382 
0.6 0.95 0.0103226 0.084867 
0.65 0.95 0.00982854 0.0916711 
0.7 0.95 0.0089964 0.0977931 
0.75 0.95 0.00785601 0.103105 
0.8 0.95 0.00644628 0.107502 
0.85 0.95 0.00481478 0.1109 
0.9 0.95 0.0030169 0.113232 
0.95 0.95 0.0011143 0.114453 
1 0.95 -0.000827126 0.114538 
1.05 0.95 -0.00273989 0.113486 
1.1 0.95 -0.00455768 0.111318 
1.15 0.95 -0.00621799 0.108075 
1.2 0.95 -0.00766431 0.10382 
1.25 0.95 -0.00884772 0.098635 
1.3 0.95 -0.00972781 0.0926216 
1.35 0.95 -0.0102732 0.0859035 
1.4 0.95 -0.0104616 0.0786332 
1.45 0.95 -0.0102805 0.0710009 
1.5 0.95 -0.00972777 0.0632455 
1.55 0.95 -0.00881308 0.055663 
1.6 0.95 -0.00755964 0.0486071 
1.65 0.95 -0.00600581 0.0424745 
1.7 0.95 -0.0042059 0.0376698 
1.75 0.95 -0.0022293 0.0345528 
1.8 0.95 -0.00015748 0.0333784 
1.85 0.95 0.00192114 0.0342472 
1.9 0.95 0.00391765 0.0370846 
1.95 0.95 0.00574915 0.0416564 
2 0.95 0.00734419 0.0476148 
2.05 0.95 0.00864608 0.0545582 
2.1 0.95 0.00961405 0.0620861 
2.15 0.95 0.0102227 0.0698369 
2.2 0.95 0.0104604 0.0775056 
2.25 0.95 0.0103277 0.0848453 
2.3 0.95 0.0098355 0.091659 
2.35 0.95 0.0090046 0.0977894 
2.4 0.95 0.007865 0.103109 
2.45 0.95 0.00645573 0.107512 
2.5 0.95 0.00482444 0.110916 
2.55 0.95 0.00302652 0.113253 
2.6 0.95 0.00112366 0.114479 
2.65 0.95 -0.000818242 0.114569 
2.7 0.95 -0.00273172 0.113522 
2.75 0.95 -0.00455046 0.111358 
2.8 0.95 -0.00621196 0.108119 
2.85 0.95 -0.00765971 0.103869 
2.9 0.95 -0.00884479 0.0986881 
2.95 0.95 -0.00972676 0.0926784 
3 0.95 -0.0102742 0.0859634 
3.05 0.95 -0.0104649 0.0786953 
3.1 0.95 -0.0102861 0.0710638 
3.15 0.95 -0.00973582 0.0633073 
3.2 0.95 -0.0088235 0.0557214 
3.25 0.95 -0.00757226 0.0486592 
3.3 0.95 -0.00602033 0.042517 
3.35 0.95 -0.00422188 0.0376997 
3.4 0.95 -0.00224619 0.0345677 
3.45 0.95 -0.000174611 0.0333767 
3.5 0.95 0.00190448 0.0342289 
3.55 0.95 0.00390215 0.0370511 
3.6 0.95 0.00573547 0.04161 
3.65 0.95 0.00733287 0.0475587 
3.7 0.95 0.00863755 0.0544958 
3.75 0.95 0.00960861 0.0620205 
3.8 0.95 0.0102206 0.0697708 
3.85 0.95 0.0104616 0.0774414 
3.9 0.95 0.0103322 0.0847847 
3.95 0.95 0.00984319 0.0916036 
4 0.95 0.00901522 0.0977402 
4.05 0.95 0.00787819 0.103066 
4.1 0.95 0.00647104 0.107477 
4.15 0.95 0.00484132 0.110888 
4.2 0.95 0.00304437 0.113232 
4.25 0.95 0.0011419 0.114463 
4.3 0.95 -0.000800164 0.114557 
4.35 0.95 -0.0027142 0.113512 
4.4 0.95 -0.00453367 0.111346 
4.45 0.95 -0.00619575 0.108102 
4.5 0.95 -0.00764353 0.103841 
4.55 0.95 -0.00882759 0.0986461 
4.6 0.95 -0.00970703 0.0926178 
4.65 0.95 -0.0102499 0.0858811 
4.7 0.95 -0.0104337 0.0785901 
4.75 0.95 -0.0102458 0.0709378 
4.8 0.95 -0.00968489 0.0631668 
4.85 0.95 -0.00876324 0.0555777 
4.9 0.95 -0.00751216 0.0485273 
4.95 0.95 -0.00599301 0.0424098 
5 0.95 -0.00431818 0.037608 
0 1 0 0 
0.05 1 0 0 
0.1 1 0 0 
0.15 1 0 0 
0.2 1 0 0 
0.25 1 0 0 
0.3 1 0 0 
0.35 1 0 0 
0.4 1 0 0 
0.45 1 0 0 
0.5 1 0 0 
0.55 1 0 0 
0.6 1 0 0 
0.65 1 0 0 
0.7 1 0 0 
0.75 1 0 0 
0.8 1 0 0 
0.85 1 0 0 
0.9 1 0 0 
0.95 1 0 0 
1 1 0 0 
1.05 1 0 0 
1.1 1 0 0 
1.15 1 0 0 
1.2 1 0 0 
1.25 1 0 0 
1.3 1 0 0 
1.35 1 0 0 
1.4 1 0 0 
1.45 1 0 0 
1.5 1 0 0 
1.55 1 0 0 
1.6 1 0 0 
1.65 1 0 0 
1.7 1 0 0 
1.75 1 0 0 
1.8 1 0 0 
1.85 1 0 0 
1.9 1 0 0 
1.95 1 0 0 
2 1 0 0 
2.05 1 0 0 
2.1 1 0 0 
2.15 1 0 0 
2.2 1 0 0 
2.25 1 0 0 
2.3 1 0 0 
2.35 1 0 0 
2.4 1 0 0 
2.45 1 0 0 
2.5 1 0 0 
2.55 1 0 0 
2.6 1 0 0 
2.65 1 0 0 
2.7 1 0 0 
2.75 1 0 0 
2.8 1 0 0 
2.85 1 0 0 
2.9 1 0 0 
2.95 1 0 0 
3 1 0 0 
3.05 1 0 0 
3.1 1 0 0 
3.15 1 0 0 
3.2 1 0 0 
3.25 1 0 0 
3.3 1 0 0 
3.35 1 0 0 
3.4 1 0 0 
3.45 1 0 0 
3.5 1 0 0 
3.55 1 0 0 
3.6 1 0 0 
3.65 1 0 0 
3.7 1 0 0 
3.75 1 0 0 
3.8 1 0 0 
3.85 1 0 0 
3.9 1 0 0 
3.95 1 0 0 
4 1 0 0 
4.05 1 0 0 
4.1 1 0 0 
4.15 1 0 0 
4.2 1 0 0 
4.25 1 0 0 
4.3 1 0 0 
4.35 1 0 0 
4.4 1 0 0 
4.45 1 0 0 
4.5 1 0 0 
4.55 1 0 0 
4.6 1 0 0 
4.65 1 0 0 
4.7 1 0 0 
4.75 1 0 0 
4.8 1 0 0 
4.85 1 0 0 
4.9 1 0 0 
4.95 1 0 0 
5 1 0 0 
