x, y, ksi, T
#iter= 1820000
0 0 0 1 
0.05 0 0 1 
0.1 0 0 1 
0.15 0 0 1 
0.2 0 0 1 
0.25 0 0 1 
0.3 0 0 1 
0.35 0 0 1 
0.4 0 0 1 
0.45 0 0 1 
0.5 0 0 1 
0.55 0 0 1 
0.6 0 0 1 
0.65 0 0 1 
0.7 0 0 1 
0.75 0 0 1 
0.8 0 0 1 
0.85 0 0 1 
0.9 0 0 1 
0.95 0 0 1 
1 0 0 1 
1.05 0 0 1 
1.1 0 0 1 
1.15 0 0 1 
1.2 0 0 1 
1.25 0 0 1 
1.3 0 0 1 
1.35 0 0 1 
1.4 0 0 1 
1.45 0 0 1 
1.5 0 0 1 
1.55 0 0 1 
1.6 0 0 1 
1.65 0 0 1 
1.7 0 0 1 
1.75 0 0 1 
1.8 0 0 1 
1.85 0 0 1 
1.9 0 0 1 
1.95 0 0 1 
2 0 0 1 
2.05 0 0 1 
2.1 0 0 1 
2.15 0 0 1 
2.2 0 0 1 
2.25 0 0 1 
2.3 0 0 1 
2.35 0 0 1 
2.4 0 0 1 
2.45 0 0 1 
2.5 0 0 1 
2.55 0 0 1 
2.6 0 0 1 
2.65 0 0 1 
2.7 0 0 1 
2.75 0 0 1 
2.8 0 0 1 
2.85 0 0 1 
2.9 0 0 1 
2.95 0 0 1 
3 0 0 1 
3.05 0 0 1 
3.1 0 0 1 
3.15 0 0 1 
3.2 0 0 1 
3.25 0 0 1 
3.3 0 0 1 
3.35 0 0 1 
3.4 0 0 1 
3.45 0 0 1 
3.5 0 0 1 
3.55 0 0 1 
3.6 0 0 1 
3.65 0 0 1 
3.7 0 0 1 
3.75 0 0 1 
3.8 0 0 1 
3.85 0 0 1 
3.9 0 0 1 
3.95 0 0 1 
4 0 0 1 
4.05 0 0 1 
4.1 0 0 1 
4.15 0 0 1 
4.2 0 0 1 
4.25 0 0 1 
4.3 0 0 1 
4.35 0 0 1 
4.4 0 0 1 
4.45 0 0 1 
4.5 0 0 1 
4.55 0 0 1 
4.6 0 0 1 
4.65 0 0 1 
4.7 0 0 1 
4.75 0 0 1 
4.8 0 0 1 
4.85 0 0 1 
4.9 0 0 1 
4.95 0 0 1 
5 0 0 1 
0 0.05 -0.00642728 0.884633 
0.05 0.05 -0.00433049 0.881648 
0.1 0.05 -0.00214335 0.879913 
0.15 0.05 6.8084e-05 0.879406 
0.2 0.05 0.0022458 0.88011 
0.25 0.05 0.00432592 0.881996 
0.3 0.05 0.00624387 0.88502 
0.35 0.05 0.00793906 0.889122 
0.4 0.05 0.00935783 0.894225 
0.45 0.05 0.0104549 0.900237 
0.5 0.05 0.011194 0.907049 
0.55 0.05 0.0115479 0.914525 
0.6 0.05 0.0114987 0.922497 
0.65 0.05 0.0110385 0.930747 
0.7 0.05 0.0101707 0.93899 
0.75 0.05 0.00891283 0.946867 
0.8 0.05 0.00729911 0.95395 
0.85 0.05 0.0053824 0.959771 
0.9 0.05 0.00323474 0.96388 
0.95 0.05 0.000944947 0.965921 
1 0.05 -0.00138687 0.965706 
1.05 0.05 -0.0036571 0.963254 
1.1 0.05 -0.00576726 0.958792 
1.15 0.05 -0.00763141 0.9527 
1.2 0.05 -0.00918108 0.945436 
1.25 0.05 -0.0103671 0.937464 
1.3 0.05 -0.0111588 0.929203 
1.35 0.05 -0.0115417 0.920996 
1.4 0.05 -0.0115148 0.913115 
1.45 0.05 -0.0110885 0.905767 
1.5 0.05 -0.0102831 0.899115 
1.55 0.05 -0.00912831 0.893286 
1.6 0.05 -0.00766337 0.888388 
1.65 0.05 -0.00593697 0.884506 
1.7 0.05 -0.00400677 0.881713 
1.75 0.05 -0.00193821 0.88006 
1.8 0.05 0.00019755 0.879577 
1.85 0.05 0.00232647 0.880276 
1.9 0.05 0.00437479 0.882142 
1.95 0.05 0.00627223 0.885139 
2 0.05 0.00795464 0.889213 
2.05 0.05 0.00936596 0.894289 
2.1 0.05 0.0104592 0.900277 
2.15 0.05 0.011197 0.907068 
2.2 0.05 0.0115512 0.914526 
2.25 0.05 0.0115033 0.922485 
2.3 0.05 0.011045 0.930724 
2.35 0.05 0.0101795 0.93896 
2.4 0.05 0.00892395 0.946835 
2.45 0.05 0.00731236 0.953921 
2.5 0.05 0.00539742 0.959749 
2.55 0.05 0.003251 0.963868 
2.6 0.05 0.000961782 0.965923 
2.65 0.05 -0.00137019 0.965722 
2.7 0.05 -0.00364133 0.963285 
2.75 0.05 -0.00575308 0.958836 
2.8 0.05 -0.00761938 0.952753 
2.85 0.05 -0.00917166 0.945495 
2.9 0.05 -0.0103606 0.937527 
2.95 0.05 -0.0111554 0.929267 
3 0.05 -0.0115415 0.921058 
3.05 0.05 -0.0115178 0.913173 
3.1 0.05 -0.0110946 0.905821 
3.15 0.05 -0.010292 0.899162 
3.2 0.05 -0.00913984 0.893327 
3.25 0.05 -0.0076772 0.888421 
3.3 0.05 -0.00595268 0.884531 
3.35 0.05 -0.00402386 0.881729 
3.4 0.05 -0.00195612 0.880066 
3.45 0.05 0.000179435 0.879574 
3.5 0.05 0.00230876 0.880262 
3.55 0.05 0.00435811 0.882118 
3.6 0.05 0.00625715 0.885106 
3.65 0.05 0.0079417 0.889171 
3.7 0.05 0.00935563 0.894239 
3.75 0.05 0.0104519 0.900219 
3.8 0.05 0.011193 0.907002 
3.85 0.05 0.0115509 0.914455 
3.9 0.05 0.0115068 0.92241 
3.95 0.05 0.0110525 0.930647 
4 0.05 0.0101909 0.938885 
4.05 0.05 0.00893932 0.946766 
4.1 0.05 0.00733139 0.953863 
4.15 0.05 0.00541965 0.959708 
4.2 0.05 0.00327578 0.963851 
4.25 0.05 0.00098826 0.965933 
4.3 0.05 -0.00134301 0.965764 
4.35 0.05 -0.00361451 0.96336 
4.4 0.05 -0.00572774 0.958943 
4.45 0.05 -0.0075967 0.952891 
4.5 0.05 -0.00915288 0.945661 
4.55 0.05 -0.0103472 0.937718 
4.6 0.05 -0.0111495 0.92948 
4.65 0.05 -0.0115459 0.921291 
4.7 0.05 -0.0115369 0.913422 
4.75 0.05 -0.0111351 0.906079 
4.8 0.05 -0.0103639 0.899421 
4.85 0.05 -0.00925865 0.89357 
4.9 0.05 -0.00786705 0.888618 
4.95 0.05 -0.00624891 0.884633 
5 0.05 -0.00445193 0.881648 
0 0.1 -0.0216842 0.770601 
0.05 0.1 -0.0148229 0.764739 
0.1 0.1 -0.00736975 0.761264 
0.15 0.1 0.0003055 0.760233 
0.2 0.1 0.00791772 0.761626 
0.25 0.1 0.0152091 0.765385 
0.3 0.1 0.0219394 0.771418 
0.35 0.1 0.0278894 0.7796 
0.4 0.1 0.0328668 0.789776 
0.45 0.1 0.0367097 0.801762 
0.5 0.1 0.0392888 0.81534 
0.55 0.1 0.0405082 0.830248 
0.6 0.1 0.0403068 0.846156 
0.65 0.1 0.0386606 0.862638 
0.7 0.1 0.0355878 0.879137 
0.75 0.1 0.0311565 0.894939 
0.8 0.1 0.025492 0.909183 
0.85 0.1 0.0187833 0.920917 
0.9 0.1 0.011282 0.929216 
0.95 0.1 0.00329456 0.933344 
1 0.1 -0.00483642 0.932908 
1.05 0.1 -0.0127571 0.92795 
1.1 0.1 -0.02013 0.918941 
1.15 0.1 -0.0266581 0.906664 
1.2 0.1 -0.0321012 0.892063 
1.25 0.1 -0.0362833 0.876078 
1.3 0.1 -0.0390905 0.859548 
1.35 0.1 -0.0404655 0.843155 
1.4 0.1 -0.0403994 0.827429 
1.45 0.1 -0.0389248 0.812778 
1.5 0.1 -0.0361116 0.799514 
1.55 0.1 -0.0320645 0.787892 
1.6 0.1 -0.0269229 0.778119 
1.65 0.1 -0.0208593 0.770372 
1.7 0.1 -0.0140781 0.764794 
1.75 0.1 -0.00681006 0.761491 
1.8 0.1 0.00069422 0.760528 
1.85 0.1 0.00817444 0.761923 
1.9 0.1 0.0153713 0.765651 
1.95 0.1 0.0220372 0.771636 
2 0.1 0.0279458 0.779766 
2.05 0.1 0.0328983 0.789892 
2.1 0.1 0.0367281 0.801833 
2.15 0.1 0.0393023 0.815371 
2.2 0.1 0.0405225 0.830245 
2.25 0.1 0.0403254 0.846126 
2.3 0.1 0.0386856 0.862589 
2.35 0.1 0.0356204 0.879075 
2.4 0.1 0.0311967 0.894874 
2.45 0.1 0.0255395 0.909123 
2.5 0.1 0.0188366 0.92087 
2.55 0.1 0.0113394 0.929191 
2.6 0.1 0.00335371 0.933347 
2.65 0.1 -0.00477797 0.932941 
2.7 0.1 -0.0127018 0.928013 
2.75 0.1 -0.0200802 0.919029 
2.8 0.1 -0.0266159 0.906772 
2.85 0.1 -0.0320681 0.892183 
2.9 0.1 -0.0362604 0.876205 
2.95 0.1 -0.0390784 0.859675 
3 0.1 -0.0404646 0.843279 
3.05 0.1 -0.0404097 0.827546 
3.1 0.1 -0.0389459 0.812885 
3.15 0.1 -0.0361429 0.79961 
3.2 0.1 -0.0321052 0.787973 
3.25 0.1 -0.0269716 0.778185 
3.3 0.1 -0.0209146 0.770422 
3.35 0.1 -0.0141382 0.764825 
3.4 0.1 -0.00687303 0.761503 
3.45 0.1 0.000630545 0.76052 
3.5 0.1 0.00811225 0.761896 
3.55 0.1 0.0153127 0.765604 
3.6 0.1 0.0219844 0.77157 
3.65 0.1 0.0279005 0.779682 
3.7 0.1 0.0328622 0.789792 
3.75 0.1 0.0367027 0.801716 
3.8 0.1 0.0392888 0.815241 
3.85 0.1 0.0405217 0.830104 
3.9 0.1 0.0403382 0.845977 
3.95 0.1 0.0387123 0.862436 
4 0.1 0.035661 0.878925 
4.05 0.1 0.0312509 0.894734 
4.1 0.1 0.0256062 0.909005 
4.15 0.1 0.0189143 0.920787 
4.2 0.1 0.0114257 0.929154 
4.25 0.1 0.00344571 0.933366 
4.3 0.1 -0.00468365 0.933023 
4.35 0.1 -0.0126089 0.928161 
4.4 0.1 -0.0199925 0.919241 
4.45 0.1 -0.0265373 0.907045 
4.5 0.1 -0.0320032 0.89251 
4.55 0.1 -0.0362142 0.876581 
4.6 0.1 -0.0390577 0.860095 
4.65 0.1 -0.0404787 0.843735 
4.7 0.1 -0.040472 0.828032 
4.75 0.1 -0.0390755 0.813389 
4.8 0.1 -0.0363659 0.800111 
4.85 0.1 -0.0324547 0.788436 
4.9 0.1 -0.027482 0.77855 
4.95 0.1 -0.0215949 0.770601 
5 0.1 -0.0148815 0.764739 
0 0.15 -0.0422435 0.662714 
0.05 0.15 -0.0288396 0.654157 
0.1 0.15 -0.014286 0.649038 
0.15 0.15 0.000763146 0.6475 
0.2 0.15 0.015734 0.649542 
0.25 0.15 0.0300979 0.655086 
0.3 0.15 0.043366 0.663993 
0.35 0.15 0.0550959 0.676068 
0.4 0.15 0.0649011 0.691074 
0.45 0.15 0.0724581 0.708732 
0.5 0.15 0.0775103 0.728718 
0.55 0.15 0.0798697 0.750651 
0.6 0.15 0.0794196 0.774055 
0.65 0.15 0.0761198 0.798317 
0.7 0.15 0.0700154 0.822631 
0.75 0.15 0.06125 0.845954 
0.8 0.15 0.0500789 0.867016 
0.85 0.15 0.0368777 0.884397 
0.9 0.15 0.0221407 0.896709 
0.95 0.15 0.00646355 0.902839 
1 0.15 -0.00949083 0.902191 
1.05 0.15 -0.025039 0.89483 
1.1 0.15 -0.0395276 0.881466 
1.15 0.15 -0.0523782 0.863285 
1.2 0.15 -0.0631186 0.841701 
1.25 0.15 -0.0713966 0.818114 
1.3 0.15 -0.0769797 0.793758 
1.35 0.15 -0.0797452 0.769627 
1.4 0.15 -0.0796663 0.746488 
1.45 0.15 -0.0768008 0.724924 
1.5 0.15 -0.0712821 0.705391 
1.55 0.15 -0.0633157 0.688255 
1.6 0.15 -0.0531767 0.673829 
1.65 0.15 -0.0412079 0.662378 
1.7 0.15 -0.0278147 0.654122 
1.75 0.15 -0.0134558 0.64923 
1.8 0.15 0.00137194 0.647803 
1.85 0.15 0.0161519 0.649871 
1.9 0.15 0.0303697 0.655391 
1.95 0.15 0.0435341 0.664247 
2 0.15 0.0551952 0.676262 
2.05 0.15 0.0649588 0.691207 
2.1 0.15 0.0724941 0.708807 
2.15 0.15 0.0775388 0.728742 
2.2 0.15 0.0799005 0.750631 
2.25 0.15 0.0794593 0.774 
2.3 0.15 0.0761721 0.798236 
2.35 0.15 0.0700823 0.822534 
2.4 0.15 0.0613317 0.845853 
2.45 0.15 0.0501741 0.866923 
2.5 0.15 0.0369839 0.884326 
2.55 0.15 0.0222545 0.896672 
2.6 0.15 0.00658056 0.902843 
2.65 0.15 -0.0093754 0.90224 
2.7 0.15 -0.02493 0.894923 
2.75 0.15 -0.0394295 0.881596 
2.8 0.15 -0.0522949 0.863444 
2.85 0.15 -0.0630532 0.841878 
2.9 0.15 -0.0713512 0.818301 
2.95 0.15 -0.0769558 0.793946 
3 0.15 -0.0797434 0.769809 
3.05 0.15 -0.0796866 0.74666 
3.1 0.15 -0.0768425 0.725083 
3.15 0.15 -0.0713441 0.705532 
3.2 0.15 -0.0633961 0.688376 
3.25 0.15 -0.0532731 0.673927 
3.3 0.15 -0.0413174 0.662451 
3.35 0.15 -0.0279337 0.654169 
3.4 0.15 -0.0135803 0.649249 
3.45 0.15 0.00124607 0.647792 
3.5 0.15 0.0160291 0.649831 
3.55 0.15 0.0302542 0.655322 
3.6 0.15 0.0434299 0.66415 
3.65 0.15 0.0551061 0.676139 
3.7 0.15 0.064888 0.691059 
3.75 0.15 0.0724445 0.708636 
3.8 0.15 0.0775127 0.728551 
3.85 0.15 0.0798998 0.750424 
3.9 0.15 0.0794852 0.773781 
3.95 0.15 0.0762254 0.798011 
4 0.15 0.0701628 0.822312 
4.05 0.15 0.0614386 0.845648 
4.1 0.15 0.0503052 0.866749 
4.15 0.15 0.0371361 0.884202 
4.2 0.15 0.0224231 0.896615 
4.25 0.15 0.00675997 0.902869 
4.3 0.15 -0.00919163 0.902358 
4.35 0.15 -0.0247488 0.895137 
4.4 0.15 -0.0392582 0.881904 
4.45 0.15 -0.0521409 0.863839 
4.5 0.15 -0.0629244 0.84235 
4.55 0.15 -0.0712567 0.818841 
4.6 0.15 -0.076907 0.794544 
4.65 0.15 -0.0797556 0.770456 
4.7 0.15 -0.0797806 0.747344 
4.75 0.15 -0.0770461 0.725785 
4.8 0.15 -0.071692 0.706222 
4.85 0.15 -0.0639257 0.689004 
4.9 0.15 -0.0540088 0.674418 
4.95 0.15 -0.0422297 0.662714 
5 0.15 -0.0288462 0.654157 
0 0.2 -0.0651061 0.566713 
0.05 0.2 -0.0443325 0.555753 
0.1 0.2 -0.0218396 0.54917 
0.15 0.2 0.00144388 0.547177 
0.2 0.2 0.0246391 0.549807 
0.25 0.2 0.0469145 0.556968 
0.3 0.2 0.0674961 0.568471 
0.35 0.2 0.085685 0.584047 
0.4 0.2 0.100873 0.603365 
0.45 0.2 0.112553 0.62605 
0.5 0.2 0.120328 0.651675 
0.55 0.2 0.123909 0.679753 
0.6 0.2 0.123123 0.709685 
0.65 0.2 0.117919 0.740704 
0.7 0.2 0.108381 0.771793 
0.75 0.2 0.0947435 0.801636 
0.8 0.2 0.0774129 0.828609 
0.85 0.2 0.0569754 0.85089 
0.9 0.2 0.0341936 0.866687 
0.95 0.2 0.00997929 0.874556 
1 0.2 -0.0146571 0.873723 
1.05 0.2 -0.038675 0.864273 
1.1 0.2 -0.0610781 0.847128 
1.15 0.2 -0.0809799 0.823824 
1.2 0.2 -0.0976502 0.796184 
1.25 0.2 -0.110538 0.766006 
1.3 0.2 -0.119271 0.734859 
1.35 0.2 -0.123646 0.704001 
1.4 0.2 -0.123609 0.674396 
1.45 0.2 -0.119236 0.646773 
1.5 0.2 -0.110728 0.621704 
1.55 0.2 -0.0983981 0.599663 
1.6 0.2 -0.0826716 0.58106 
1.65 0.2 -0.0640822 0.566258 
1.7 0.2 -0.043263 0.555564 
1.75 0.2 -0.0209313 0.549216 
1.8 0.2 0.00213459 0.547363 
1.85 0.2 0.0251257 0.550048 
1.9 0.2 0.0472363 0.557209 
1.95 0.2 0.0676973 0.568677 
2 0.2 0.0858051 0.584202 
2.05 0.2 0.100944 0.603465 
2.1 0.2 0.112601 0.626093 
2.15 0.2 0.12037 0.651668 
2.2 0.2 0.123958 0.6797 
2.25 0.2 0.123187 0.709596 
2.3 0.2 0.118004 0.740587 
2.35 0.2 0.108488 0.77166 
2.4 0.2 0.0948733 0.8015 
2.45 0.2 0.0775632 0.828486 
2.5 0.2 0.0571422 0.850797 
2.55 0.2 0.0343714 0.866637 
2.6 0.2 0.0101616 0.874561 
2.65 0.2 -0.0144776 0.873787 
2.7 0.2 -0.0385056 0.864393 
2.75 0.2 -0.0609257 0.847296 
2.8 0.2 -0.0808503 0.824028 
2.85 0.2 -0.0975483 0.796412 
2.9 0.2 -0.110467 0.766246 
2.95 0.2 -0.119233 0.7351 
3 0.2 -0.123643 0.704236 
3.05 0.2 -0.12364 0.674618 
3.1 0.2 -0.119301 0.646978 
3.15 0.2 -0.110825 0.621887 
3.2 0.2 -0.0985232 0.599821 
3.25 0.2 -0.0828217 0.581189 
3.3 0.2 -0.0642527 0.566355 
3.35 0.2 -0.0434483 0.555626 
3.4 0.2 -0.0211252 0.549242 
3.45 0.2 0.0019387 0.547351 
3.5 0.2 0.0249347 0.549998 
3.55 0.2 0.0470568 0.557121 
3.6 0.2 0.0675356 0.568554 
3.65 0.2 0.0856671 0.584045 
3.7 0.2 0.100835 0.603276 
3.75 0.2 0.112525 0.625875 
3.8 0.2 0.12033 0.651425 
3.85 0.2 0.123958 0.679436 
3.9 0.2 0.123228 0.709317 
3.95 0.2 0.118087 0.7403 
4 0.2 0.108613 0.771378 
4.05 0.2 0.0950385 0.801239 
4.1 0.2 0.0777651 0.828265 
4.15 0.2 0.0573758 0.850638 
4.2 0.2 0.0346298 0.866564 
4.25 0.2 0.0104363 0.874591 
4.3 0.2 -0.0141963 0.873934 
4.35 0.2 -0.038228 0.864661 
4.4 0.2 -0.0606621 0.847681 
4.45 0.2 -0.0806112 0.82452 
4.5 0.2 -0.0973443 0.796997 
4.55 0.2 -0.11031 0.76691 
4.6 0.2 -0.119137 0.73583 
4.65 0.2 -0.123625 0.705017 
4.7 0.2 -0.123723 0.675433 
4.75 0.2 -0.119514 0.647803 
4.8 0.2 -0.1112 0.622688 
4.85 0.2 -0.0990899 0.600544 
4.9 0.2 -0.0835855 0.581766 
4.95 0.2 -0.0651558 0.566713 
5 0.2 -0.044296 0.555753 
0 0.25 -0.0879254 0.48687 
0.05 0.25 -0.0597193 0.473831 
0.1 0.25 -0.0292462 0.465982 
0.15 0.25 0.00230465 0.463601 
0.2 0.25 0.0337559 0.466759 
0.25 0.25 0.0639706 0.475347 
0.3 0.25 0.0918837 0.489112 
0.35 0.25 0.116533 0.507692 
0.4 0.25 0.137084 0.530647 
0.45 0.25 0.152848 0.557491 
0.5 0.25 0.163285 0.5877 
0.55 0.25 0.168016 0.620692 
0.6 0.25 0.166818 0.655776 
0.65 0.25 0.159639 0.692071 
0.7 0.25 0.14661 0.728412 
0.75 0.25 0.128067 0.763276 
0.8 0.25 0.104572 0.794783 
0.85 0.25 0.0769231 0.82081 
0.9 0.25 0.0461473 0.839263 
0.95 0.25 0.013464 0.848456 
1 0.25 -0.0197808 0.847482 
1.05 0.25 -0.0522027 0.836441 
1.1 0.25 -0.0824739 0.816411 
1.15 0.25 -0.109407 0.789188 
1.2 0.25 -0.132018 0.756898 
1.25 0.25 -0.149553 0.721634 
1.3 0.25 -0.161495 0.685214 
1.35 0.25 -0.167552 0.649089 
1.4 0.25 -0.167629 0.614363 
1.45 0.25 -0.161815 0.581872 
1.5 0.25 -0.150366 0.552281 
1.55 0.25 -0.133698 0.526154 
1.6 0.25 -0.112383 0.504006 
1.65 0.25 -0.0871458 0.486305 
1.7 0.25 -0.0588495 0.47347 
1.75 0.25 -0.0284767 0.46583 
1.8 0.25 0.00290473 0.463597 
1.85 0.25 0.0341834 0.466833 
1.9 0.25 0.0642526 0.475447 
1.95 0.25 0.0920571 0.489204 
2 0.25 0.116634 0.507755 
2.05 0.25 0.137145 0.53067 
2.1 0.25 0.152892 0.557472 
2.15 0.25 0.163333 0.587639 
2.2 0.25 0.168079 0.620593 
2.25 0.25 0.166906 0.655645 
2.3 0.25 0.159757 0.691916 
2.35 0.25 0.146759 0.728244 
2.4 0.25 0.128247 0.76311 
2.45 0.25 0.104779 0.794636 
2.5 0.25 0.0771517 0.820699 
2.55 0.25 0.0463901 0.839205 
2.6 0.25 0.0137123 0.848462 
2.65 0.25 -0.0195367 0.847557 
2.7 0.25 -0.0519727 0.836582 
2.75 0.25 -0.0822669 0.816609 
2.8 0.25 -0.109231 0.789428 
2.85 0.25 -0.131879 0.757166 
2.9 0.25 -0.149456 0.721916 
2.95 0.25 -0.161444 0.685499 
3 0.25 -0.167547 0.649367 
3.05 0.25 -0.167671 0.614626 
3.1 0.25 -0.161902 0.582115 
3.15 0.25 -0.150496 0.552499 
3.2 0.25 -0.133868 0.526344 
3.25 0.25 -0.112587 0.504161 
3.3 0.25 -0.0873777 0.486423 
3.35 0.25 -0.0591018 0.473547 
3.4 0.25 -0.0287407 0.465863 
3.45 0.25 0.0026381 0.463584 
3.5 0.25 0.0339235 0.466775 
3.55 0.25 0.0640086 0.475344 
3.6 0.25 0.0918377 0.489059 
3.65 0.25 0.116447 0.507569 
3.7 0.25 0.136997 0.530448 
3.75 0.25 0.15279 0.557217 
3.8 0.25 0.163281 0.587355 
3.85 0.25 0.16808 0.620286 
3.9 0.25 0.166963 0.655321 
3.95 0.25 0.15987 0.691585 
4 0.25 0.146928 0.727918 
4.05 0.25 0.128469 0.762808 
4.1 0.25 0.10505 0.79438 
4.15 0.25 0.0774645 0.820515 
4.2 0.25 0.0467354 0.83912 
4.25 0.25 0.0140789 0.848497 
4.3 0.25 -0.0191611 0.847726 
4.35 0.25 -0.051601 0.836888 
4.4 0.25 -0.0819119 0.817046 
4.45 0.25 -0.108905 0.789984 
4.5 0.25 -0.131594 0.757822 
4.55 0.25 -0.149224 0.722654 
4.6 0.25 -0.161277 0.6863 
4.65 0.25 -0.167461 0.650213 
4.7 0.25 -0.167684 0.615496 
4.75 0.25 -0.162037 0.582984 
4.8 0.25 -0.150774 0.553332 
4.85 0.25 -0.134301 0.527097 
4.9 0.25 -0.113164 0.504783 
4.95 0.25 -0.0880275 0.48687 
5 0.25 -0.0596477 0.473831 
0 0.3 -0.108891 0.424566 
0.05 0.3 -0.0737949 0.409685 
0.1 0.3 -0.0359315 0.400706 
0.15 0.3 0.00327074 0.39799 
0.2 0.3 0.0423583 0.401642 
0.25 0.3 0.0799072 0.411527 
0.3 0.3 0.114577 0.427298 
0.35 0.3 0.145158 0.448459 
0.4 0.3 0.170604 0.474426 
0.45 0.3 0.190059 0.504578 
0.5 0.3 0.202863 0.538282 
0.55 0.3 0.208556 0.574872 
0.6 0.3 0.206885 0.613592 
0.65 0.3 0.197806 0.653494 
0.7 0.3 0.181507 0.69333 
0.75 0.3 0.158426 0.731467 
0.8 0.3 0.129272 0.765876 
0.85 0.3 0.0950391 0.794266 
0.9 0.3 0.0569926 0.814378 
0.95 0.3 0.0166233 0.824391 
1 0.3 -0.0244292 0.823329 
1.05 0.3 -0.0644805 0.811299 
1.1 0.3 -0.101912 0.789464 
1.15 0.3 -0.13527 0.75976 
1.2 0.3 -0.16334 0.724483 
1.25 0.3 -0.185183 0.685891 
1.3 0.3 -0.20014 0.645941 
1.35 0.3 -0.207826 0.60619 
1.4 0.3 -0.208099 0.567821 
1.45 0.3 -0.201047 0.531733 
1.5 0.3 -0.186964 0.49866 
1.55 0.3 -0.166353 0.469253 
1.6 0.3 -0.139915 0.44414 
1.65 0.3 -0.108546 0.42393 
1.7 0.3 -0.0733262 0.409188 
1.75 0.3 -0.0354888 0.400376 
1.8 0.3 0.00362087 0.397795 
1.85 0.3 0.0426009 0.401535 
1.9 0.3 0.0800553 0.411465 
1.95 0.3 0.114656 0.427251 
2 0.3 0.145194 0.448406 
2.05 0.3 0.170623 0.474354 
2.1 0.3 0.190082 0.504481 
2.15 0.3 0.202904 0.538157 
2.2 0.3 0.208627 0.574721 
2.25 0.3 0.206992 0.613418 
2.3 0.3 0.197954 0.653303 
2.35 0.3 0.181696 0.693133 
2.4 0.3 0.158653 0.731277 
2.45 0.3 0.129532 0.76571 
2.5 0.3 0.0953257 0.794143 
2.55 0.3 0.0572961 0.814314 
2.6 0.3 0.0169328 0.824399 
2.65 0.3 -0.0241256 0.823413 
2.7 0.3 -0.0641944 0.811456 
2.75 0.3 -0.101654 0.789683 
2.8 0.3 -0.135051 0.760026 
2.85 0.3 -0.163167 0.72478 
2.9 0.3 -0.185062 0.686203 
2.95 0.3 -0.200075 0.646256 
3 0.3 -0.207819 0.606499 
3.05 0.3 -0.208151 0.568115 
3.1 0.3 -0.201155 0.532008 
3.15 0.3 -0.187126 0.498908 
3.2 0.3 -0.166564 0.46947 
3.25 0.3 -0.140169 0.44432 
3.3 0.3 -0.108835 0.424068 
3.35 0.3 -0.0736407 0.409279 
3.4 0.3 -0.035818 0.400417 
3.45 0.3 0.0032884 0.397783 
3.5 0.3 0.0422771 0.40147 
3.55 0.3 0.0797516 0.411349 
3.6 0.3 0.114383 0.427087 
3.65 0.3 0.144962 0.448198 
3.7 0.3 0.170441 0.474106 
3.75 0.3 0.189956 0.504199 
3.8 0.3 0.20284 0.537845 
3.85 0.3 0.20863 0.574385 
3.9 0.3 0.207064 0.613065 
3.95 0.3 0.198095 0.652944 
4 0.3 0.181905 0.692782 
4.05 0.3 0.158926 0.730952 
4.1 0.3 0.129864 0.765436 
4.15 0.3 0.0957078 0.793947 
4.2 0.3 0.0577171 0.814224 
4.25 0.3 0.0173795 0.824437 
4.3 0.3 -0.0236675 0.823593 
4.35 0.3 -0.0637397 0.811781 
4.4 0.3 -0.101217 0.790144 
4.45 0.3 -0.134643 0.760608 
4.5 0.3 -0.1628 0.725461 
4.55 0.3 -0.184744 0.686961 
4.6 0.3 -0.199816 0.647069 
4.65 0.3 -0.207627 0.607343 
4.7 0.3 -0.208036 0.568969 
4.75 0.3 -0.201126 0.532846 
4.8 0.3 -0.187189 0.499704 
4.85 0.3 -0.166714 0.470192 
4.9 0.3 -0.140379 0.444938 
4.95 0.3 -0.109036 0.424566 
5 0.3 -0.0736953 0.409685 
0 0.35 -0.126635 0.378291 
0.05 0.35 -0.0856591 0.361646 
0.1 0.35 -0.0414851 0.35157 
0.15 0.35 0.00425117 0.348535 
0.2 0.35 0.0498538 0.352693 
0.25 0.35 0.0936463 0.363853 
0.3 0.35 0.134046 0.381535 
0.35 0.35 0.169625 0.405053 
0.4 0.35 0.199161 0.433621 
0.45 0.35 0.221657 0.466442 
0.5 0.35 0.236357 0.502747 
0.55 0.35 0.24275 0.541787 
0.6 0.35 0.240565 0.582757 
0.65 0.35 0.229785 0.62469 
0.7 0.35 0.210656 0.666321 
0.75 0.35 0.183712 0.705998 
0.8 0.35 0.149795 0.74167 
0.85 0.35 0.110062 0.771021 
0.9 0.35 0.0659741 0.791773 
0.95 0.35 0.019237 0.802093 
1 0.35 -0.0282785 0.800998 
1.05 0.35 -0.0746531 0.788597 
1.1 0.35 -0.118039 0.766057 
1.15 0.35 -0.156771 0.73533 
1.2 0.35 -0.189444 0.698732 
1.25 0.35 -0.21496 0.658544 
1.3 0.35 -0.232536 0.616747 
1.35 0.35 -0.241697 0.574915 
1.4 0.35 -0.242246 0.534244 
1.45 0.35 -0.234253 0.495661 
1.5 0.35 -0.218035 0.459951 
1.55 0.35 -0.194152 0.42786 
1.6 0.35 -0.163408 0.400159 
1.65 0.35 -0.126843 0.377645 
1.7 0.35 -0.0857217 0.361085 
1.75 0.35 -0.041498 0.351128 
1.8 0.35 0.00423505 0.348202 
1.85 0.35 0.0498143 0.352441 
1.9 0.35 0.0935838 0.363652 
1.95 0.35 0.133972 0.381361 
2 0.35 0.169555 0.404888 
2.05 0.35 0.19911 0.433455 
2.1 0.35 0.221637 0.466267 
2.15 0.35 0.236379 0.50256 
2.2 0.35 0.242819 0.541586 
2.25 0.35 0.240686 0.582545 
2.3 0.35 0.229957 0.62447 
2.35 0.35 0.210878 0.666103 
2.4 0.35 0.18398 0.705794 
2.45 0.35 0.150101 0.741495 
2.5 0.35 0.110399 0.770894 
2.55 0.35 0.0663295 0.791709 
2.6 0.35 0.0195986 0.802103 
2.65 0.35 -0.0279242 0.801088 
2.7 0.35 -0.0743195 0.788762 
2.75 0.35 -0.117739 0.766287 
2.8 0.35 -0.156515 0.735609 
2.85 0.35 -0.189242 0.699044 
2.9 0.35 -0.214818 0.658873 
2.95 0.35 -0.232459 0.617082 
3 0.35 -0.241687 0.575245 
3.05 0.35 -0.242304 0.534562 
3.1 0.35 -0.234378 0.49596 
3.15 0.35 -0.218223 0.460224 
3.2 0.35 -0.194399 0.428102 
3.25 0.35 -0.163705 0.400363 
3.3 0.35 -0.127181 0.377803 
3.35 0.35 -0.0860896 0.361191 
3.4 0.35 -0.0418832 0.351177 
3.45 0.35 0.00384606 0.348192 
3.5 0.35 0.0494356 0.35237 
3.55 0.35 0.0932291 0.363525 
3.6 0.35 0.133654 0.381181 
3.65 0.35 0.169286 0.404661 
3.7 0.35 0.198898 0.433188 
3.75 0.35 0.221492 0.465965 
3.8 0.35 0.236306 0.50223 
3.85 0.35 0.242823 0.541234 
3.9 0.35 0.240769 0.582179 
3.95 0.35 0.23012 0.6241 
4 0.35 0.211119 0.665743 
4.05 0.35 0.184294 0.705463 
4.1 0.35 0.150482 0.741218 
4.15 0.35 0.110835 0.770697 
4.2 0.35 0.0668093 0.79162 
4.25 0.35 0.0201074 0.802143 
4.3 0.35 -0.027402 0.80127 
4.35 0.35 -0.0737991 0.789087 
4.4 0.35 -0.117234 0.766745 
4.45 0.35 -0.156037 0.736182 
4.5 0.35 -0.188798 0.699707 
4.55 0.35 -0.214414 0.659602 
4.6 0.35 -0.232097 0.61785 
4.65 0.35 -0.241364 0.576028 
4.7 0.35 -0.242019 0.535338 
4.75 0.35 -0.234123 0.496708 
4.8 0.35 -0.217987 0.460924 
4.85 0.35 -0.194161 0.428736 
4.9 0.35 -0.163431 0.400922 
4.95 0.35 -0.126812 0.378291 
5 0.35 -0.0855377 0.361646 
0 0.4 -0.140148 0.344665 
0.05 0.4 -0.0946559 0.326203 
0.1 0.4 -0.0456213 0.314978 
0.15 0.4 0.00515189 0.311617 
0.2 0.4 0.055771 0.316321 
0.25 0.4 0.104354 0.328827 
0.3 0.4 0.149121 0.348468 
0.35 0.4 0.188475 0.374308 
0.4 0.4 0.221052 0.405299 
0.45 0.4 0.245758 0.440413 
0.5 0.4 0.261774 0.478715 
0.55 0.4 0.268562 0.519357 
0.6 0.4 0.265858 0.561495 
0.65 0.4 0.253677 0.604171 
0.7 0.4 0.232329 0.646163 
0.75 0.4 0.20243 0.685889 
0.8 0.4 0.164928 0.72139 
0.85 0.4 0.121107 0.750464 
0.9 0.4 0.0725624 0.770949 
0.95 0.4 0.0211513 0.781116 
1 0.4 -0.0311016 0.780037 
1.05 0.4 -0.0821204 0.767814 
1.1 0.4 -0.129904 0.745549 
1.15 0.4 -0.172638 0.715086 
1.2 0.4 -0.208784 0.678621 
1.25 0.4 -0.237119 0.638326 
1.3 0.4 -0.256762 0.596094 
1.35 0.4 -0.267151 0.553433 
1.4 0.4 -0.268038 0.511502 
1.45 0.4 -0.259459 0.471228 
1.5 0.4 -0.24173 0.433443 
1.55 0.4 -0.215443 0.399008 
1.6 0.4 -0.181467 0.368874 
1.65 0.4 -0.140951 0.344079 
1.7 0.4 -0.0953 0.325657 
1.75 0.4 -0.0461475 0.314503 
1.8 0.4 0.00471077 0.311215 
1.85 0.4 0.0553952 0.315978 
1.9 0.4 0.104035 0.328526 
1.95 0.4 0.148858 0.348194 
2 0.4 0.18827 0.37405 
2.05 0.4 0.22091 0.40505 
2.1 0.4 0.245682 0.440169 
2.15 0.4 0.261766 0.478473 
2.2 0.4 0.268621 0.519114 
2.25 0.4 0.265984 0.561252 
2.3 0.4 0.253867 0.603931 
2.35 0.4 0.232576 0.645933 
2.4 0.4 0.202729 0.685679 
2.45 0.4 0.165271 0.721214 
2.5 0.4 0.121482 0.750338 
2.55 0.4 0.0729577 0.770888 
2.6 0.4 0.0215526 0.78113 
2.65 0.4 -0.0307089 0.780131 
2.7 0.4 -0.0817509 0.767983 
2.75 0.4 -0.129571 0.745782 
2.8 0.4 -0.172355 0.715369 
2.85 0.4 -0.208558 0.678938 
2.9 0.4 -0.236961 0.638664 
2.95 0.4 -0.256674 0.596439 
3 0.4 -0.267139 0.553777 
3.05 0.4 -0.268101 0.511837 
3.1 0.4 -0.259596 0.471547 
3.15 0.4 -0.241937 0.433739 
3.2 0.4 -0.215715 0.399274 
3.25 0.4 -0.181796 0.369101 
3.3 0.4 -0.141326 0.344258 
3.35 0.4 -0.0957092 0.325779 
3.4 0.4 -0.0465762 0.314561 
3.45 0.4 0.00427794 0.311206 
3.5 0.4 0.054974 0.315902 
3.55 0.4 0.103641 0.328386 
3.6 0.4 0.148505 0.347998 
3.65 0.4 0.187972 0.373806 
3.7 0.4 0.220677 0.404766 
3.75 0.4 0.245523 0.439853 
3.8 0.4 0.261687 0.478133 
3.85 0.4 0.268627 0.518756 
3.9 0.4 0.266076 0.560885 
3.95 0.4 0.254046 0.603563 
4 0.4 0.23284 0.645579 
4.05 0.4 0.203071 0.685357 
4.1 0.4 0.165684 0.720947 
4.15 0.4 0.121954 0.750151 
4.2 0.4 0.0734758 0.770805 
4.25 0.4 0.0221016 0.78117 
4.3 0.4 -0.0301449 0.780305 
4.35 0.4 -0.0811866 0.76829 
4.4 0.4 -0.129019 0.746211 
4.45 0.4 -0.171823 0.715899 
4.5 0.4 -0.208051 0.679544 
4.55 0.4 -0.236477 0.639319 
4.6 0.4 -0.256207 0.597116 
4.65 0.4 -0.266676 0.55445 
4.7 0.4 -0.267625 0.512485 
4.75 0.4 -0.259086 0.472152 
4.8 0.4 -0.241365 0.434289 
4.85 0.4 -0.215048 0.399764 
4.9 0.4 -0.180997 0.369538 
4.95 0.4 -0.14035 0.344665 
5 0.4 -0.0945185 0.326203 
0 0.45 -0.148723 0.319694 
0.05 0.45 -0.100328 0.299337 
0.1 0.45 -0.0481513 0.286901 
0.15 0.45 0.00588603 0.283201 
0.2 0.45 0.0597498 0.288496 
0.25 0.45 0.11141 0.302428 
0.3 0.45 0.15895 0.324109 
0.35 0.45 0.200653 0.352305 
0.4 0.45 0.23507 0.385656 
0.45 0.45 0.261047 0.422862 
0.5 0.45 0.277741 0.46279 
0.55 0.45 0.284613 0.504474 
0.6 0.45 0.281425 0.547031 
0.65 0.45 0.268233 0.589526 
0.7 0.45 0.245403 0.630822 
0.75 0.45 0.21362 0.669474 
0.8 0.45 0.173904 0.703712 
0.85 0.45 0.127616 0.731555 
0.9 0.45 0.0764275 0.751076 
0.95 0.45 0.0222707 0.760734 
1 0.45 -0.032757 0.75971 
1.05 0.45 -0.0865077 0.748091 
1.1 0.45 -0.136907 0.726856 
1.15 0.45 -0.182065 0.697644 
1.2 0.45 -0.220366 0.662419 
1.25 0.45 -0.250512 0.623135 
1.3 0.45 -0.271545 0.581504 
1.35 0.45 -0.282842 0.538907 
1.4 0.45 -0.284095 0.496432 
1.45 0.45 -0.275302 0.454991 
1.5 0.45 -0.256757 0.415472 
1.55 0.45 -0.229055 0.378869 
1.6 0.45 -0.193095 0.346349 
1.65 0.45 -0.150085 0.319234 
1.7 0.45 -0.101528 0.298875 
1.75 0.45 -0.0491779 0.286458 
1.8 0.45 0.00502142 0.282785 
1.85 0.45 0.0590322 0.288105 
1.9 0.45 0.110826 0.302059 
1.95 0.45 0.158488 0.323759 
2 0.45 0.200306 0.351971 
2.05 0.45 0.23483 0.385338 
2.1 0.45 0.260907 0.422559 
2.15 0.45 0.277696 0.462501 
2.2 0.45 0.284656 0.504196 
2.25 0.45 0.281549 0.546765 
2.3 0.45 0.268431 0.589273 
2.35 0.45 0.245667 0.630588 
2.4 0.45 0.21394 0.669267 
2.45 0.45 0.174271 0.703542 
2.5 0.45 0.128016 0.731438 
2.55 0.45 0.0768483 0.751022 
2.6 0.45 0.0226972 0.760754 
2.65 0.45 -0.0323403 0.759805 
2.7 0.45 -0.0861156 0.748258 
2.75 0.45 -0.136553 0.727085 
2.8 0.45 -0.181763 0.697923 
2.85 0.45 -0.220126 0.662734 
2.9 0.45 -0.250341 0.623472 
2.95 0.45 -0.271451 0.581853 
3 0.45 -0.282826 0.539259 
3.05 0.45 -0.284159 0.49678 
3.1 0.45 -0.275445 0.455327 
3.15 0.45 -0.256976 0.415789 
3.2 0.45 -0.229343 0.379158 
3.25 0.45 -0.193444 0.346599 
3.3 0.45 -0.150485 0.319434 
3.35 0.45 -0.101964 0.299013 
3.4 0.45 -0.0496351 0.286526 
3.45 0.45 0.00455987 0.282778 
3.5 0.45 0.0585834 0.288023 
3.55 0.45 0.110407 0.301907 
3.6 0.45 0.158114 0.323546 
3.65 0.45 0.19999 0.35171 
3.7 0.45 0.234584 0.385038 
3.75 0.45 0.26074 0.422232 
3.8 0.45 0.277614 0.462154 
3.85 0.45 0.284663 0.503838 
3.9 0.45 0.281647 0.546403 
3.95 0.45 0.268619 0.588917 
4 0.45 0.245942 0.63025 
4.05 0.45 0.214296 0.668963 
4.1 0.45 0.174698 0.703293 
4.15 0.45 0.128504 0.731266 
4.2 0.45 0.0773823 0.750947 
4.25 0.45 0.0232624 0.760791 
4.3 0.45 -0.031759 0.759962 
4.35 0.45 -0.0855319 0.748533 
4.4 0.45 -0.135977 0.727464 
4.45 0.45 -0.1812 0.698385 
4.5 0.45 -0.219574 0.663253 
4.55 0.45 -0.249794 0.62402 
4.6 0.45 -0.270892 0.582401 
4.65 0.45 -0.282233 0.539783 
4.7 0.45 -0.283502 0.497258 
4.75 0.45 -0.274689 0.455745 
4.8 0.45 -0.25608 0.41614 
4.85 0.45 -0.228265 0.37945 
4.9 0.45 -0.192146 0.346855 
4.95 0.45 -0.148942 0.319694 
5 0.45 -0.100181 0.299337 
0 0.5 -0.151915 0.299665 
0.05 0.5 -0.102391 0.277443 
0.1 0.5 -0.0489646 0.263809 
0.15 0.5 0.00638138 0.25978 
0.2 0.5 0.0615384 0.265672 
0.25 0.5 0.114397 0.281028 
0.3 0.5 0.162968 0.304723 
0.35 0.5 0.205481 0.335206 
0.4 0.5 0.24045 0.370789 
0.45 0.5 0.266712 0.409887 
0.5 0.5 0.283433 0.451153 
0.55 0.5 0.290101 0.493492 
0.6 0.5 0.286513 0.535975 
0.65 0.5 0.272772 0.577695 
0.7 0.5 0.24929 0.617619 
0.75 0.5 0.216794 0.654478 
0.8 0.5 0.176343 0.68675 
0.85 0.5 0.129321 0.712754 
0.9 0.5 0.077413 0.730861 
0.95 0.5 0.0225506 0.739785 
1 0.5 -0.033178 0.738838 
1.05 0.5 -0.0876362 0.728096 
1.1 0.5 -0.138757 0.708375 
1.15 0.5 -0.18465 0.681048 
1.2 0.5 -0.223682 0.647774 
1.25 0.5 -0.254529 0.610215 
1.3 0.5 -0.276193 0.569849 
1.35 0.5 -0.288006 0.527894 
1.4 0.5 -0.289613 0.485347 
1.45 0.5 -0.280966 0.443107 
1.5 0.5 -0.262323 0.402125 
1.55 0.5 -0.234253 0.363541 
1.6 0.5 -0.19765 0.328753 
1.65 0.5 -0.153737 0.299382 
1.7 0.5 -0.104054 0.277114 
1.75 0.5 -0.0504174 0.263443 
1.8 0.5 0.00514927 0.259386 
1.85 0.5 0.060519 0.265261 
1.9 0.5 0.113575 0.28061 
1.95 0.5 0.162327 0.304309 
2 0.5 0.205002 0.334805 
2.05 0.5 0.240118 0.370408 
2.1 0.5 0.266512 0.40953 
2.15 0.5 0.283352 0.450822 
2.2 0.5 0.290124 0.493186 
2.25 0.5 0.28663 0.535692 
2.3 0.5 0.272971 0.577436 
2.35 0.5 0.249559 0.617386 
2.4 0.5 0.217123 0.654279 
2.45 0.5 0.176719 0.686593 
2.5 0.5 0.129731 0.712648 
2.55 0.5 0.0778436 0.730818 
2.6 0.5 0.0229862 0.739809 
2.65 0.5 -0.0327527 0.738934 
2.7 0.5 -0.0872363 0.728259 
2.75 0.5 -0.138397 0.708596 
2.8 0.5 -0.184341 0.681318 
2.85 0.5 -0.223436 0.64808 
2.9 0.5 -0.254353 0.610547 
2.95 0.5 -0.276095 0.570197 
3 0.5 -0.287988 0.52825 
3.05 0.5 -0.289676 0.485704 
3.1 0.5 -0.28111 0.443458 
3.15 0.5 -0.262545 0.402462 
3.2 0.5 -0.234547 0.363852 
3.25 0.5 -0.198008 0.329026 
3.3 0.5 -0.154146 0.299602 
3.35 0.5 -0.104501 0.277268 
3.4 0.5 -0.0508864 0.263519 
3.45 0.5 0.00467579 0.259379 
3.5 0.5 0.0600589 0.265171 
3.55 0.5 0.113146 0.280445 
3.6 0.5 0.161944 0.30408 
3.65 0.5 0.20468 0.334527 
3.7 0.5 0.239868 0.370095 
3.75 0.5 0.266343 0.409194 
3.8 0.5 0.283269 0.450472 
3.85 0.5 0.290133 0.492831 
3.9 0.5 0.286729 0.535341 
3.95 0.5 0.273161 0.577096 
4 0.5 0.249835 0.61707 
4.05 0.5 0.217478 0.653999 
4.1 0.5 0.177144 0.686367 
4.15 0.5 0.130214 0.712493 
4.2 0.5 0.0783713 0.73075 
4.25 0.5 0.0235438 0.73984 
4.3 0.5 -0.032179 0.739067 
4.35 0.5 -0.0866582 0.72849 
4.4 0.5 -0.137822 0.70891 
4.45 0.5 -0.183771 0.681694 
4.5 0.5 -0.222865 0.648491 
4.55 0.5 -0.253767 0.610964 
4.6 0.5 -0.27547 0.570592 
4.65 0.5 -0.287293 0.528597 
4.7 0.5 -0.288872 0.485982 
4.75 0.5 -0.28015 0.443654 
4.8 0.5 -0.261379 0.402576 
4.85 0.5 -0.233129 0.363904 
4.9 0.5 -0.196301 0.329053 
4.95 0.5 -0.152141 0.299665 
5 0.5 -0.102238 0.277443 
0 0.55 -0.149524 0.281546 
0.05 0.55 -0.100717 0.257709 
0.1 0.55 -0.0480218 0.243035 
0.15 0.55 0.00658574 0.238727 
0.2 0.55 0.0609953 0.245154 
0.25 0.55 0.113094 0.261765 
0.3 0.55 0.160893 0.287214 
0.35 0.55 0.202633 0.319658 
0.4 0.55 0.236851 0.35711 
0.45 0.55 0.262418 0.39772 
0.5 0.55 0.278541 0.439946 
0.55 0.55 0.284755 0.482566 
0.6 0.55 0.280904 0.524601 
0.65 0.55 0.267129 0.565169 
0.7 0.55 0.243874 0.60334 
0.75 0.55 0.211882 0.638036 
0.8 0.55 0.172207 0.668002 
0.85 0.55 0.126207 0.691879 
0.9 0.55 0.0755149 0.70837 
0.95 0.55 0.0219907 0.716457 
1 0.55 -0.0323629 0.7156 
1.05 0.55 -0.0854997 0.705857 
1.1 0.55 -0.135436 0.68787 
1.15 0.55 -0.18035 0.662727 
1.2 0.55 -0.218655 0.631752 
1.25 0.55 -0.249048 0.596293 
1.3 0.55 -0.270532 0.557573 
1.35 0.55 -0.282417 0.516635 
1.4 0.55 -0.284317 0.47439 
1.45 0.55 -0.276141 0.431726 
1.5 0.55 -0.258099 0.389661 
1.55 0.55 -0.230713 0.349474 
1.6 0.55 -0.194836 0.312777 
1.65 0.55 -0.151659 0.281467 
1.7 0.55 -0.102703 0.257538 
1.75 0.55 -0.049779 0.242767 
1.8 0.55 0.00508526 0.238374 
1.85 0.55 0.0597514 0.244736 
1.9 0.55 0.112093 0.261307 
1.95 0.55 0.160114 0.286742 
2 0.55 0.202053 0.319195 
2.05 0.55 0.236448 0.35667 
2.1 0.55 0.262171 0.397315 
2.15 0.55 0.278429 0.439578 
2.2 0.55 0.284761 0.482235 
2.25 0.55 0.28101 0.524305 
2.3 0.55 0.267322 0.564907 
2.35 0.55 0.24414 0.603114 
2.4 0.55 0.212208 0.637849 
2.45 0.55 0.17258 0.667859 
2.5 0.55 0.126612 0.691788 
2.55 0.55 0.075939 0.708338 
2.6 0.55 0.0224191 0.716488 
2.65 0.55 -0.0319452 0.715695 
2.7 0.55 -0.085107 0.706014 
2.75 0.55 -0.135082 0.688082 
2.8 0.55 -0.180047 0.662986 
2.85 0.55 -0.218412 0.632049 
2.9 0.55 -0.248874 0.596617 
2.95 0.55 -0.270433 0.557917 
3 0.55 -0.282397 0.516993 
3.05 0.55 -0.284378 0.474754 
3.1 0.55 -0.276281 0.43209 
3.15 0.55 -0.258316 0.390014 
3.2 0.55 -0.231001 0.349804 
3.25 0.55 -0.195187 0.31307 
3.3 0.55 -0.152062 0.281706 
3.35 0.55 -0.103144 0.257705 
3.4 0.55 -0.0502423 0.242852 
3.45 0.55 0.0046175 0.238367 
3.5 0.55 0.0592972 0.24464 
3.55 0.55 0.111669 0.261131 
3.6 0.55 0.159738 0.286499 
3.65 0.55 0.201737 0.318903 
3.7 0.55 0.236204 0.356345 
3.75 0.55 0.262006 0.396971 
3.8 0.55 0.27835 0.439227 
3.85 0.55 0.284769 0.481886 
3.9 0.55 0.281107 0.523966 
3.95 0.55 0.267506 0.564586 
4 0.55 0.244405 0.60282 
4.05 0.55 0.212548 0.637594 
4.1 0.55 0.172985 0.667655 
4.15 0.55 0.127072 0.691649 
4.2 0.55 0.0764395 0.708275 
4.25 0.55 0.0229469 0.716508 
4.3 0.55 -0.0314023 0.715798 
4.35 0.55 -0.0845587 0.706192 
4.4 0.55 -0.134533 0.688321 
4.45 0.55 -0.179495 0.663264 
4.5 0.55 -0.217849 0.632338 
4.55 0.55 -0.248279 0.59689 
4.6 0.55 -0.269779 0.558144 
4.65 0.55 -0.281645 0.517147 
4.7 0.55 -0.28348 0.474815 
4.75 0.55 -0.275186 0.432046 
4.8 0.55 -0.256968 0.389872 
4.85 0.55 -0.229352 0.349593 
4.9 0.55 -0.193205 0.312844 
4.95 0.55 -0.14975 0.281546 
5 0.55 -0.100565 0.257709 
0 0.6 -0.141607 0.26303 
0.05 0.6 -0.0953464 0.238115 
0.1 0.6 -0.045355 0.222741 
0.15 0.6 0.00647079 0.218255 
0.2 0.6 0.0580976 0.225066 
0.25 0.6 0.107489 0.242548 
0.3 0.6 0.152735 0.269183 
0.35 0.6 0.192154 0.302909 
0.4 0.6 0.224362 0.341508 
0.45 0.6 0.248305 0.382936 
0.5 0.6 0.263261 0.425497 
0.55 0.6 0.268825 0.467874 
0.6 0.6 0.264888 0.509042 
0.65 0.6 0.251625 0.54814 
0.7 0.6 0.229486 0.584332 
0.75 0.6 0.1992 0.616714 
0.8 0.6 0.161774 0.644285 
0.85 0.6 0.118488 0.665993 
0.9 0.6 0.0708657 0.680852 
0.95 0.6 0.0206306 0.688099 
1 0.6 -0.0303692 0.687331 
1.05 0.6 -0.0802469 0.678592 
1.1 0.6 -0.127171 0.66236 
1.15 0.6 -0.169451 0.639452 
1.2 0.6 -0.205604 0.610876 
1.25 0.6 -0.234398 0.577681 
1.3 0.6 -0.254878 0.540849 
1.35 0.6 -0.266363 0.501265 
1.4 0.6 -0.268452 0.459762 
1.45 0.6 -0.261019 0.417219 
1.5 0.6 -0.244223 0.37471 
1.55 0.6 -0.218525 0.333624 
1.6 0.6 -0.184704 0.295738 
1.65 0.6 -0.143876 0.263155 
1.7 0.6 -0.0974843 0.238102 
1.75 0.6 -0.0472647 0.222577 
1.8 0.6 0.00482946 0.21795 
1.85 0.6 0.0567321 0.224649 
1.9 0.6 0.106389 0.242058 
1.95 0.6 0.15188 0.268662 
2 0.6 0.191518 0.302391 
2.05 0.6 0.223919 0.341018 
2.1 0.6 0.24803 0.382488 
2.15 0.6 0.26313 0.425098 
2.2 0.6 0.268816 0.467523 
2.25 0.6 0.264982 0.508738 
2.3 0.6 0.251806 0.547879 
2.35 0.6 0.229738 0.584114 
2.4 0.6 0.19951 0.616541 
2.45 0.6 0.162128 0.644158 
2.5 0.6 0.118872 0.665917 
2.55 0.6 0.0712675 0.680832 
2.6 0.6 0.0210357 0.688137 
2.65 0.6 -0.0299745 0.687427 
2.7 0.6 -0.0798761 0.678744 
2.75 0.6 -0.126837 0.662563 
2.8 0.6 -0.169164 0.639699 
2.85 0.6 -0.205373 0.611161 
2.9 0.6 -0.234233 0.577995 
2.95 0.6 -0.254782 0.541187 
3 0.6 -0.266342 0.501621 
3.05 0.6 -0.268506 0.460128 
3.1 0.6 -0.261149 0.417589 
3.15 0.6 -0.244427 0.375073 
3.2 0.6 -0.218796 0.333967 
3.25 0.6 -0.185036 0.296044 
3.3 0.6 -0.144258 0.263407 
3.35 0.6 -0.0979032 0.23828 
3.4 0.6 -0.0477048 0.222667 
3.45 0.6 0.00438508 0.217944 
3.5 0.6 0.0563008 0.22455 
3.55 0.6 0.105988 0.241875 
3.6 0.6 0.151523 0.26841 
3.65 0.6 0.191219 0.30209 
3.7 0.6 0.223689 0.340686 
3.75 0.6 0.247875 0.382142 
3.8 0.6 0.263055 0.42475 
3.85 0.6 0.268824 0.467183 
3.9 0.6 0.265073 0.508413 
3.95 0.6 0.251976 0.547577 
4 0.6 0.229984 0.583843 
4.05 0.6 0.199823 0.616309 
4.1 0.6 0.1625 0.643975 
4.15 0.6 0.119292 0.665791 
4.2 0.6 0.0717227 0.68077 
4.25 0.6 0.0215145 0.688141 
4.3 0.6 -0.0294827 0.687496 
4.35 0.6 -0.0793787 0.678867 
4.4 0.6 -0.126336 0.662723 
4.45 0.6 -0.168656 0.639876 
4.5 0.6 -0.204846 0.611327 
4.55 0.6 -0.233663 0.578122 
4.6 0.6 -0.254139 0.541245 
4.65 0.6 -0.265583 0.501584 
4.7 0.6 -0.267582 0.459975 
4.75 0.6 -0.260003 0.417312 
4.8 0.6 -0.243005 0.374682 
4.85 0.6 -0.21705 0.333501 
4.9 0.6 -0.182939 0.295572 
4.95 0.6 -0.141821 0.26303 
5 0.6 -0.0952024 0.238115 
0 0.65 -0.128498 0.242439 
0.05 0.65 -0.0865031 0.217276 
0.1 0.65 -0.0410767 0.20173 
0.15 0.65 0.0060352 0.197218 
0.2 0.65 0.052956 0.204171 
0.25 0.65 0.0978074 0.221918 
0.3 0.65 0.138832 0.248853 
0.35 0.65 0.174492 0.282797 
0.4 0.65 0.203536 0.321421 
0.45 0.65 0.225021 0.362583 
0.5 0.65 0.238319 0.404511 
0.55 0.65 0.243093 0.445838 
0.6 0.65 0.23928 0.48552 
0.65 0.65 0.227068 0.522719 
0.7 0.65 0.206894 0.556678 
0.75 0.65 0.179438 0.586641 
0.8 0.65 0.145621 0.61182 
0.85 0.65 0.106597 0.631422 
0.9 0.65 0.0637289 0.644726 
0.95 0.65 0.0185478 0.651179 
1 0.65 -0.0273097 0.650496 
1.05 0.65 -0.0721746 0.642706 
1.1 0.65 -0.114424 0.628152 
1.15 0.65 -0.152555 0.607423 
1.2 0.65 -0.185238 0.581261 
1.25 0.65 -0.211361 0.55046 
1.3 0.65 -0.230045 0.515803 
1.35 0.65 -0.240654 0.47804 
1.4 0.65 -0.242793 0.437934 
1.45 0.65 -0.236316 0.396353 
1.5 0.65 -0.221333 0.354397 
1.55 0.65 -0.198229 0.313513 
1.6 0.65 -0.167689 0.275558 
1.65 0.65 -0.130713 0.24274 
1.7 0.65 -0.0886112 0.217404 
1.75 0.65 -0.0429759 0.20166 
1.8 0.65 0.00439208 0.196962 
1.85 0.65 0.051583 0.203764 
1.9 0.65 0.0966984 0.221411 
1.95 0.65 0.137969 0.248299 
2 0.65 0.173851 0.282241 
2.05 0.65 0.203089 0.320895 
2.1 0.65 0.224742 0.362106 
2.15 0.65 0.238182 0.404092 
2.2 0.65 0.243076 0.445477 
2.25 0.65 0.239362 0.485214 
2.3 0.65 0.227232 0.522464 
2.35 0.65 0.207125 0.556472 
2.4 0.65 0.179721 0.586482 
2.45 0.65 0.145944 0.61171 
2.5 0.65 0.106947 0.631362 
2.55 0.65 0.0640935 0.644717 
2.6 0.65 0.0189147 0.651223 
2.65 0.65 -0.0269527 0.650592 
2.7 0.65 -0.0718392 0.642853 
2.75 0.65 -0.114122 0.628345 
2.8 0.65 -0.152295 0.607658 
2.85 0.65 -0.185029 0.581532 
2.9 0.65 -0.21121 0.550763 
2.95 0.65 -0.229957 0.516131 
3 0.65 -0.240633 0.478388 
3.05 0.65 -0.242841 0.438296 
3.1 0.65 -0.236432 0.396721 
3.15 0.65 -0.221516 0.354761 
3.2 0.65 -0.198474 0.313858 
3.25 0.65 -0.16799 0.275868 
3.3 0.65 -0.131059 0.242995 
3.35 0.65 -0.0889919 0.217585 
3.4 0.65 -0.0433762 0.201752 
3.45 0.65 0.00398784 0.196956 
3.5 0.65 0.0511909 0.203663 
3.55 0.65 0.0963338 0.221226 
3.6 0.65 0.137646 0.248046 
3.65 0.65 0.173581 0.28194 
3.7 0.65 0.202881 0.320566 
3.75 0.65 0.224603 0.361765 
3.8 0.65 0.238116 0.403753 
3.85 0.65 0.243084 0.445149 
3.9 0.65 0.239443 0.484906 
3.95 0.65 0.227383 0.522182 
4 0.65 0.207342 0.556222 
4.05 0.65 0.179997 0.586271 
4.1 0.65 0.14627 0.611542 
4.15 0.65 0.107313 0.631244 
4.2 0.65 0.0644892 0.644651 
4.25 0.65 0.0193294 0.651209 
4.3 0.65 -0.0265277 0.650624 
4.35 0.65 -0.0714097 0.64292 
4.4 0.65 -0.113688 0.628431 
4.45 0.65 -0.151851 0.60774 
4.5 0.65 -0.184562 0.581584 
4.55 0.65 -0.210696 0.550757 
4.6 0.65 -0.229364 0.516038 
4.65 0.65 -0.239918 0.478182 
4.7 0.65 -0.241956 0.437956 
4.75 0.65 -0.235324 0.396243 
4.8 0.65 -0.220131 0.35416 
4.85 0.65 -0.196771 0.31318 
4.9 0.65 -0.165946 0.275193 
4.95 0.65 -0.12869 0.242439 
5 0.65 -0.0863738 0.217276 
0 0.7 -0.110851 0.218627 
0.05 0.7 -0.0746225 0.194289 
0.1 0.7 -0.0353931 0.179246 
0.15 0.7 0.00530676 0.174902 
0.2 0.7 0.0458318 0.181678 
0.25 0.7 0.0845369 0.198906 
0.3 0.7 0.119888 0.224987 
0.35 0.7 0.15055 0.257762 
0.4 0.7 0.175447 0.294925 
0.45 0.7 0.193781 0.33436 
0.5 0.7 0.205031 0.374319 
0.55 0.7 0.208931 0.413448 
0.6 0.7 0.205455 0.450723 
0.65 0.7 0.194791 0.485343 
0.7 0.7 0.177335 0.516623 
0.75 0.7 0.153687 0.543928 
0.8 0.7 0.124644 0.566635 
0.85 0.7 0.0911959 0.58415 
0.9 0.7 0.0545026 0.595952 
0.95 0.7 0.0158586 0.601652 
1 0.7 -0.0233553 0.601049 
1.05 0.7 -0.0617327 0.594164 
1.1 0.7 -0.0979044 0.581235 
1.15 0.7 -0.130597 0.562681 
1.2 0.7 -0.158679 0.53904 
1.25 0.7 -0.181194 0.510911 
1.3 0.7 -0.197379 0.478919 
1.35 0.7 -0.20667 0.443703 
1.4 0.7 -0.208705 0.405963 
1.45 0.7 -0.203332 0.366535 
1.5 0.7 -0.190618 0.326501 
1.55 0.7 -0.170871 0.287294 
1.6 0.7 -0.144659 0.250749 
1.65 0.7 -0.112835 0.21905 
1.7 0.7 -0.0765296 0.19452 
1.75 0.7 -0.0371274 0.179253 
1.8 0.7 0.003795 0.174693 
1.85 0.7 0.044562 0.181295 
1.9 0.7 0.0835083 0.198404 
1.95 0.7 0.119087 0.224427 
2 0.7 0.149955 0.257195 
2.05 0.7 0.175033 0.294389 
2.1 0.7 0.193523 0.333877 
2.15 0.7 0.204903 0.373897 
2.2 0.7 0.208912 0.413089 
2.25 0.7 0.205525 0.450424 
2.3 0.7 0.194934 0.4851 
2.35 0.7 0.177536 0.516432 
2.4 0.7 0.153933 0.543786 
2.45 0.7 0.124924 0.56654 
2.5 0.7 0.0914984 0.584103 
2.55 0.7 0.054817 0.595953 
2.6 0.7 0.0161745 0.6017 
2.65 0.7 -0.0230483 0.601144 
2.7 0.7 -0.0614445 0.594304 
2.75 0.7 -0.0976442 0.581417 
2.8 0.7 -0.130373 0.562901 
2.85 0.7 -0.158498 0.539294 
2.9 0.7 -0.181063 0.511196 
2.95 0.7 -0.197302 0.479229 
3 0.7 -0.206651 0.444034 
3.05 0.7 -0.208745 0.406309 
3.1 0.7 -0.203431 0.366889 
3.15 0.7 -0.190775 0.326852 
3.2 0.7 -0.171081 0.287628 
3.25 0.7 -0.144919 0.251049 
3.3 0.7 -0.113134 0.219298 
3.35 0.7 -0.0768584 0.194696 
3.4 0.7 -0.0374733 0.179342 
3.45 0.7 0.00344564 0.174689 
3.5 0.7 0.0442233 0.181197 
3.55 0.7 0.0831937 0.198225 
3.6 0.7 0.118808 0.224183 
3.65 0.7 0.149723 0.256906 
3.7 0.7 0.174855 0.294073 
3.75 0.7 0.193404 0.333552 
3.8 0.7 0.204846 0.373576 
3.85 0.7 0.208919 0.412782 
3.9 0.7 0.205594 0.450138 
3.95 0.7 0.195062 0.48484 
4 0.7 0.177719 0.516204 
4.05 0.7 0.154164 0.543593 
4.1 0.7 0.125195 0.566388 
4.15 0.7 0.0918021 0.583992 
4.2 0.7 0.0551436 0.595883 
4.25 0.7 0.0165151 0.601669 
4.3 0.7 -0.0227007 0.601144 
4.35 0.7 -0.061094 0.594323 
4.4 0.7 -0.0972902 0.581438 
4.45 0.7 -0.130009 0.562903 
4.5 0.7 -0.158111 0.539252 
4.55 0.7 -0.18063 0.511083 
4.6 0.7 -0.196793 0.479018 
4.65 0.7 -0.206027 0.4437 
4.7 0.7 -0.207961 0.405834 
4.75 0.7 -0.20244 0.366271 
4.8 0.7 -0.189531 0.326111 
4.85 0.7 -0.169548 0.286814 
4.9 0.7 -0.143081 0.250248 
4.95 0.7 -0.11101 0.218627 
5 0.7 -0.0745154 0.194289 
0 0.75 -0.0896921 0.190924 
0.05 0.75 -0.0603858 0.168616 
0.1 0.75 -0.028621 0.154831 
0.15 0.75 0.00434357 0.150866 
0.2 0.75 0.0371566 0.157108 
0.25 0.75 0.0684695 0.172933 
0.3 0.75 0.0970283 0.196858 
0.35 0.75 0.121749 0.226882 
0.4 0.75 0.141764 0.260871 
0.45 0.75 0.156441 0.296864 
0.5 0.75 0.165374 0.333234 
0.55 0.75 0.168371 0.36872 
0.6 0.75 0.165428 0.402368 
0.65 0.75 0.156716 0.433438 
0.7 0.75 0.142568 0.461325 
0.75 0.75 0.123476 0.485491 
0.8 0.75 0.100089 0.505443 
0.85 0.75 0.0731997 0.520734 
0.9 0.75 0.0437346 0.530984 
0.95 0.75 0.0127228 0.535918 
1 0.75 -0.0187407 0.535396 
1.05 0.75 -0.0495413 0.529432 
1.1 0.75 -0.0785927 0.518194 
1.15 0.75 -0.104882 0.501976 
1.2 0.75 -0.127504 0.481173 
1.25 0.75 -0.145692 0.45624 
1.3 0.75 -0.158823 0.427678 
1.35 0.75 -0.166433 0.396031 
1.4 0.75 -0.168215 0.361927 
1.45 0.75 -0.164027 0.326137 
1.5 0.75 -0.153903 0.289674 
1.55 0.75 -0.138071 0.253872 
1.6 0.75 -0.116977 0.220438 
1.65 0.75 -0.0912997 0.191397 
1.7 0.75 -0.0619523 0.168901 
1.75 0.75 -0.0300639 0.15489 
1.8 0.75 0.00307341 0.150704 
1.85 0.75 0.036083 0.156764 
1.9 0.75 0.067597 0.172465 
1.95 0.75 0.0963483 0.196327 
2 0.75 0.121245 0.226341 
2.05 0.75 0.141414 0.260358 
2.1 0.75 0.156223 0.296401 
2.15 0.75 0.165267 0.332833 
2.2 0.75 0.168355 0.368382 
2.25 0.75 0.165486 0.40209 
2.3 0.75 0.156833 0.433217 
2.35 0.75 0.142732 0.461154 
2.4 0.75 0.123677 0.485368 
2.45 0.75 0.100316 0.505365 
2.5 0.75 0.0734449 0.5207 
2.55 0.75 0.0439889 0.530992 
2.6 0.75 0.0129778 0.535968 
2.65 0.75 -0.0184933 0.535487 
2.7 0.75 -0.0493091 0.529562 
2.75 0.75 -0.078383 0.51836 
2.8 0.75 -0.104701 0.502177 
2.85 0.75 -0.127359 0.481404 
2.9 0.75 -0.145586 0.4565 
2.95 0.75 -0.15876 0.427961 
3 0.75 -0.166416 0.396334 
3.05 0.75 -0.168246 0.362243 
3.1 0.75 -0.164105 0.326461 
3.15 0.75 -0.154028 0.289996 
3.2 0.75 -0.138241 0.254179 
3.25 0.75 -0.117186 0.220714 
3.3 0.75 -0.0915415 0.191625 
3.35 0.75 -0.0622183 0.169063 
3.4 0.75 -0.030344 0.154972 
3.45 0.75 0.00279046 0.1507 
3.5 0.75 0.0358088 0.156675 
3.55 0.75 0.0673425 0.1723 
3.6 0.75 0.0961234 0.196103 
3.65 0.75 0.121057 0.226076 
3.7 0.75 0.141271 0.26007 
3.75 0.75 0.156128 0.296106 
3.8 0.75 0.165222 0.332542 
3.85 0.75 0.16836 0.368105 
3.9 0.75 0.165541 0.401833 
3.95 0.75 0.156935 0.432985 
4 0.75 0.142876 0.460951 
4.05 0.75 0.123859 0.485196 
4.1 0.75 0.100529 0.505228 
4.15 0.75 0.0736811 0.520596 
4.2 0.75 0.0442414 0.530921 
4.25 0.75 0.0132396 0.535924 
4.3 0.75 -0.0182276 0.535462 
4.35 0.75 -0.0490424 0.529545 
4.4 0.75 -0.0781143 0.518334 
4.45 0.75 -0.104424 0.502122 
4.5 0.75 -0.127062 0.481298 
4.55 0.75 -0.145249 0.456318 
4.6 0.75 -0.158359 0.427678 
4.65 0.75 -0.165916 0.395929 
4.7 0.75 -0.167609 0.361703 
4.75 0.75 -0.163293 0.325785 
4.8 0.75 -0.153004 0.289206 
4.85 0.75 -0.136979 0.253327 
4.9 0.75 -0.115679 0.219882 
4.95 0.75 -0.0898062 0.190924 
5 0.75 -0.0603088 0.168616 
0 0.8 -0.066468 0.159108 
0.05 0.8 -0.0447576 0.140013 
0.1 0.8 -0.0212071 0.128223 
0.15 0.8 0.00323371 0.124843 
0.2 0.8 0.0275515 0.130199 
0.25 0.8 0.0507367 0.143755 
0.3 0.8 0.0718532 0.164243 
0.35 0.8 0.0900961 0.189948 
0.4 0.8 0.104827 0.21904 
0.45 0.8 0.115586 0.249832 
0.5 0.8 0.122087 0.280918 
0.55 0.8 0.124201 0.311201 
0.6 0.8 0.121939 0.339846 
0.65 0.8 0.115437 0.366214 
0.7 0.8 0.104952 0.389788 
0.75 0.8 0.0908495 0.410128 
0.8 0.8 0.0736101 0.426847 
0.85 0.8 0.0538168 0.439608 
0.9 0.8 0.0321466 0.448134 
0.95 0.8 0.00935022 0.452229 
1 0.8 -0.0137751 0.451796 
1.05 0.8 -0.0364179 0.446844 
1.1 0.8 -0.057787 0.43749 
1.15 0.8 -0.0771431 0.423945 
1.2 0.8 -0.0938247 0.406497 
1.25 0.8 -0.107266 0.385492 
1.3 0.8 -0.117007 0.361326 
1.35 0.8 -0.122699 0.334449 
1.4 0.8 -0.124105 0.305397 
1.45 0.8 -0.12111 0.274842 
1.5 0.8 -0.113725 0.243668 
1.55 0.8 -0.102104 0.213034 
1.6 0.8 -0.0865662 0.184416 
1.65 0.8 -0.0676043 0.159557 
1.7 0.8 -0.0458943 0.1403 
1.75 0.8 -0.0222775 0.128308 
1.8 0.8 0.00227766 0.124725 
1.85 0.8 0.0267368 0.129912 
1.9 0.8 0.0500724 0.143351 
1.95 0.8 0.0713355 0.163777 
2 0.8 0.0897131 0.18947 
2.05 0.8 0.104563 0.218586 
2.1 0.8 0.115423 0.249423 
2.15 0.8 0.122008 0.280565 
2.2 0.8 0.124191 0.310904 
2.25 0.8 0.121984 0.339605 
2.3 0.8 0.115527 0.366024 
2.35 0.8 0.105076 0.389644 
2.4 0.8 0.0910001 0.410026 
2.45 0.8 0.0737797 0.426785 
2.5 0.8 0.0539989 0.439584 
2.55 0.8 0.0323349 0.448146 
2.6 0.8 0.00953856 0.452277 
2.65 0.8 -0.0135926 0.451878 
2.7 0.8 -0.0362467 0.446958 
2.75 0.8 -0.0576324 0.437635 
2.8 0.8 -0.0770098 0.424118 
2.85 0.8 -0.093717 0.406696 
2.9 0.8 -0.107187 0.385715 
2.95 0.8 -0.11696 0.36157 
3 0.8 -0.122685 0.33471 
3.05 0.8 -0.124127 0.305669 
3.1 0.8 -0.121167 0.275121 
3.15 0.8 -0.113817 0.243944 
3.2 0.8 -0.102229 0.213298 
3.25 0.8 -0.0867203 0.184654 
3.3 0.8 -0.067783 0.159753 
3.35 0.8 -0.0460912 0.140439 
3.4 0.8 -0.0224851 0.128379 
3.45 0.8 0.00206797 0.124722 
3.5 0.8 0.0265337 0.129836 
3.55 0.8 0.0498841 0.143211 
3.6 0.8 0.0711693 0.163586 
3.65 0.8 0.089575 0.189244 
3.7 0.8 0.104457 0.21834 
3.75 0.8 0.115353 0.249171 
3.8 0.8 0.121975 0.280316 
3.85 0.8 0.124195 0.310668 
3.9 0.8 0.122024 0.339386 
3.95 0.8 0.1156 0.365827 
4 0.8 0.10518 0.389471 
4.05 0.8 0.0911306 0.409881 
4.1 0.8 0.0739319 0.426667 
4.15 0.8 0.0541672 0.439492 
4.2 0.8 0.0325137 0.448078 
4.25 0.8 0.00972267 0.452228 
4.3 0.8 -0.0134071 0.45184 
4.35 0.8 -0.036062 0.44692 
4.4 0.8 -0.0574474 0.437582 
4.45 0.8 -0.0768196 0.424034 
4.5 0.8 -0.093512 0.406562 
4.55 0.8 -0.106953 0.385508 
4.6 0.8 -0.116675 0.36127 
4.65 0.8 -0.122326 0.3343 
4.7 0.8 -0.123663 0.30514 
4.75 0.8 -0.120571 0.274475 
4.8 0.8 -0.113061 0.243204 
4.85 0.8 -0.101299 0.21251 
4.9 0.8 -0.0856162 0.183891 
4.95 0.8 -0.0665252 0.159108 
5 0.8 -0.0447187 0.140013 
0 0.85 -0.0431086 0.123385 
0.05 0.85 -0.0290257 0.108488 
0.1 0.85 -0.0137501 0.0993041 
0.15 0.85 0.00209328 0.0966783 
0.2 0.85 0.0178452 0.100858 
0.25 0.85 0.0328481 0.111427 
0.3 0.85 0.0464929 0.127408 
0.35 0.85 0.0582578 0.147474 
0.4 0.85 0.0677331 0.170204 
0.45 0.85 0.0746279 0.194278 
0.5 0.85 0.0787657 0.218588 
0.55 0.85 0.0800721 0.242263 
0.6 0.85 0.078562 0.264638 
0.65 0.85 0.0743301 0.285202 
0.7 0.85 0.0675448 0.30355 
0.75 0.85 0.058445 0.319342 
0.8 0.85 0.0473392 0.332291 
0.85 0.85 0.0346017 0.34215 
0.9 0.85 0.0206654 0.348726 
0.95 0.85 0.00601006 0.35188 
1 0.85 -0.00885534 0.351547 
1.05 0.85 -0.0234128 0.347731 
1.1 0.85 -0.0371569 0.340515 
1.15 0.85 -0.0496155 0.330044 
1.2 0.85 -0.0603651 0.316524 
1.25 0.85 -0.0690425 0.300207 
1.3 0.85 -0.0753511 0.28139 
1.35 0.85 -0.0790636 0.26042 
1.4 0.85 -0.0800234 0.23772 
1.45 0.85 -0.0781485 0.213829 
1.5 0.85 -0.0734379 0.189449 
1.55 0.85 -0.065983 0.165502 
1.6 0.85 -0.0559805 0.143148 
1.65 0.85 -0.0437445 0.123748 
1.7 0.85 -0.0297103 0.108734 
1.75 0.85 -0.0144258 0.0993905 
1.8 0.85 0.00147502 0.0966006 
1.85 0.85 0.0173127 0.100641 
1.9 0.85 0.0324127 0.111112 
1.95 0.85 0.0461542 0.127041 
2 0.85 0.0580085 0.147095 
2.05 0.85 0.0675624 0.169842 
2.1 0.85 0.0745241 0.193951 
2.15 0.85 0.0787172 0.218305 
2.2 0.85 0.0800684 0.242027 
2.25 0.85 0.0785941 0.264447 
2.3 0.85 0.0743905 0.285053 
2.35 0.85 0.067627 0.303438 
2.4 0.85 0.0585437 0.319265 
2.45 0.85 0.0474498 0.332245 
2.5 0.85 0.0347198 0.342135 
2.55 0.85 0.0207872 0.348739 
2.6 0.85 0.00613162 0.351921 
2.65 0.85 -0.00873768 0.351613 
2.7 0.85 -0.0233025 0.347823 
2.75 0.85 -0.0370574 0.34063 
2.8 0.85 -0.0495297 0.330181 
2.85 0.85 -0.0602956 0.316682 
2.9 0.85 -0.0689916 0.300383 
2.95 0.85 -0.0753206 0.281581 
3 0.85 -0.0790547 0.260625 
3.05 0.85 -0.080037 0.237935 
3.1 0.85 -0.0781849 0.214048 
3.15 0.85 -0.0734969 0.189667 
3.2 0.85 -0.0660632 0.165709 
3.25 0.85 -0.0560799 0.143334 
3.3 0.85 -0.0438599 0.123901 
3.35 0.85 -0.0298377 0.108843 
3.4 0.85 -0.0145601 0.099446 
3.45 0.85 0.00133924 0.0965982 
3.5 0.85 0.0171812 0.100581 
3.55 0.85 0.0322909 0.111003 
3.6 0.85 0.0460468 0.126891 
3.65 0.85 0.0579195 0.146918 
3.7 0.85 0.0674946 0.16965 
3.75 0.85 0.0744792 0.193754 
3.8 0.85 0.078696 0.218111 
3.85 0.85 0.0800709 0.241842 
3.9 0.85 0.0786195 0.264276 
3.95 0.85 0.0744372 0.284899 
4 0.85 0.0676929 0.303303 
4.05 0.85 0.058626 0.31915 
4.1 0.85 0.0475453 0.332151 
4.15 0.85 0.0348249 0.34206 
4.2 0.85 0.020898 0.348681 
4.25 0.85 0.00624481 0.351875 
4.3 0.85 -0.00862478 0.351573 
4.35 0.85 -0.0231912 0.34778 
4.4 0.85 -0.0369471 0.340572 
4.45 0.85 -0.049417 0.330095 
4.5 0.85 -0.0601742 0.316552 
4.55 0.85 -0.0688514 0.300193 
4.6 0.85 -0.075148 0.281316 
4.65 0.85 -0.0788329 0.260271 
4.7 0.85 -0.079747 0.237486 
4.75 0.85 -0.0778078 0.21351 
4.8 0.85 -0.0730175 0.189059 
4.85 0.85 -0.0654753 0.165071 
4.9 0.85 -0.0553918 0.142723 
4.95 0.85 -0.0430974 0.123385 
5 0.85 -0.0290329 0.108488 
0 0.9 -0.0220914 0.0843364 
0.05 0.9 -0.0148468 0.0742734 
0.1 0.9 -0.00702598 0.0680867 
0.15 0.9 0.0010629 0.0663225 
0.2 0.9 0.00909352 0.0691397 
0.25 0.9 0.0167329 0.0762641 
0.3 0.9 0.0236699 0.0870486 
0.35 0.9 0.0296387 0.100613 
0.4 0.9 0.0344329 0.116004 
0.45 0.9 0.0379083 0.132332 
0.5 0.9 0.0399802 0.14884 
0.55 0.9 0.0406155 0.164927 
0.6 0.9 0.0398258 0.180133 
0.65 0.9 0.0376619 0.194101 
0.7 0.9 0.0342104 0.206552 
0.75 0.9 0.0295926 0.217256 
0.8 0.9 0.0239641 0.226021 
0.85 0.9 0.0175135 0.232687 
0.9 0.9 0.0104587 0.237128 
0.95 0.9 0.00304147 0.239257 
1 0.9 -0.0044817 0.239032 
1.05 0.9 -0.0118497 0.236457 
1.1 0.9 -0.0188078 0.231582 
1.15 0.9 -0.025118 0.224501 
1.2 0.9 -0.0305673 0.215347 
1.25 0.9 -0.0349726 0.204284 
1.3 0.9 -0.0381842 0.19151 
1.35 0.9 -0.0400862 0.177264 
1.4 0.9 -0.040598 0.161838 
1.45 0.9 -0.0396746 0.145604 
1.5 0.9 -0.0373116 0.129052 
1.55 0.9 -0.0335501 0.112815 
1.6 0.9 -0.0284854 0.0976844 
1.65 0.9 -0.0222737 0.0845772 
1.7 0.9 -0.0151356 0.0744505 
1.75 0.9 -0.0073514 0.0681567 
1.8 0.9 0.000751719 0.0662787 
1.85 0.9 0.00882217 0.0689984 
1.9 0.9 0.0165109 0.0760537 
1.95 0.9 0.023498 0.0868002 
2 0.9 0.0295133 0.100354 
2.05 0.9 0.0343482 0.115756 
2.1 0.9 0.037858 0.132108 
2.15 0.9 0.039958 0.148646 
2.2 0.9 0.0406159 0.164765 
2.25 0.9 0.0398441 0.180001 
2.3 0.9 0.0376941 0.193999 
2.35 0.9 0.0342533 0.206476 
2.4 0.9 0.0296436 0.217204 
2.45 0.9 0.0240208 0.225991 
2.5 0.9 0.0175738 0.232678 
2.55 0.9 0.0105207 0.237138 
2.6 0.9 0.00310315 0.239286 
2.65 0.9 -0.00442207 0.239078 
2.7 0.9 -0.0117938 0.23652 
2.75 0.9 -0.0187574 0.231661 
2.8 0.9 -0.0250746 0.224595 
2.85 0.9 -0.0305321 0.215454 
2.9 0.9 -0.0349467 0.204404 
2.95 0.9 -0.0381685 0.191641 
3 0.9 -0.0400815 0.177404 
3.05 0.9 -0.0406046 0.161984 
3.1 0.9 -0.0396929 0.145754 
3.15 0.9 -0.0373412 0.1292 
3.2 0.9 -0.0335906 0.112956 
3.25 0.9 -0.0285357 0.0978103 
3.3 0.9 -0.0223324 0.0846807 
3.35 0.9 -0.0152004 0.0745239 
3.4 0.9 -0.00741982 0.0681942 
3.45 0.9 0.000682546 0.0662772 
3.5 0.9 0.0087552 0.0689588 
3.55 0.9 0.016449 0.0759801 
3.6 0.9 0.0234435 0.0866997 
3.65 0.9 0.0294682 0.100235 
3.7 0.9 0.0343139 0.115626 
3.75 0.9 0.0378353 0.131974 
3.8 0.9 0.0399473 0.148514 
3.85 0.9 0.0406172 0.16464 
3.9 0.9 0.0398569 0.179885 
3.95 0.9 0.0377176 0.193894 
4 0.9 0.0342863 0.206384 
4.05 0.9 0.0296846 0.217126 
4.1 0.9 0.0240681 0.225926 
4.15 0.9 0.0176255 0.232625 
4.2 0.9 0.0105749 0.237096 
4.25 0.9 0.003158 0.239251 
4.3 0.9 -0.00436804 0.239046 
4.35 0.9 -0.0117414 0.236484 
4.4 0.9 -0.0187062 0.231614 
4.45 0.9 -0.025023 0.224528 
4.5 0.9 -0.0304768 0.215356 
4.55 0.9 -0.0348826 0.204263 
4.6 0.9 -0.0380883 0.191448 
4.65 0.9 -0.0399764 0.17715 
4.7 0.9 -0.0404646 0.161666 
4.75 0.9 -0.0395082 0.145377 
4.8 0.9 -0.0371049 0.12878 
4.85 0.9 -0.0333025 0.112521 
4.9 0.9 -0.028209 0.0974003 
4.95 0.9 -0.0220003 0.0843364 
5 0.9 -0.014908 0.0742734 
0 0.95 -0.00652652 0.0428408 
0.05 0.95 -0.00430486 0.0378394 
0.1 0.95 -0.00202389 0.0347802 
0.15 0.95 0.000303975 0.03391 
0.2 0.95 0.00260737 0.0353039 
0.25 0.95 0.00479506 0.0388304 
0.3 0.95 0.00677785 0.0441777 
0.35 0.95 0.00847956 0.0509182 
0.4 0.95 0.00984181 0.0585855 
0.45 0.95 0.010825 0.0667377 
0.5 0.95 0.0114067 0.0749956 
0.55 0.95 0.0115792 0.0830544 
0.6 0.95 0.0113472 0.0906779 
0.65 0.95 0.0107258 0.0976837 
0.7 0.95 0.00973982 0.103928 
0.75 0.95 0.00842348 0.109295 
0.8 0.95 0.00682063 0.113687 
0.85 0.95 0.00498443 0.117026 
0.9 0.95 0.00297657 0.119249 
0.95 0.95 0.000865606 0.120315 
1 0.95 -0.0012755 0.120202 
1.05 0.95 -0.00337247 0.118913 
1.1 0.95 -0.00535291 0.116472 
1.15 0.95 -0.00714935 0.112925 
1.2 0.95 -0.0087015 0.108337 
1.25 0.95 -0.00995778 0.10279 
1.3 0.95 -0.010876 0.0963836 
1.35 0.95 -0.0114234 0.0892387 
1.4 0.95 -0.0115768 0.0815052 
1.45 0.95 -0.0113224 0.0733751 
1.5 0.95 -0.0106577 0.0650981 
1.55 0.95 -0.00959255 0.0569951 
1.6 0.95 -0.00815224 0.0494618 
1.65 0.95 -0.00638001 0.0429521 
1.7 0.95 -0.00433833 0.0379338 
1.75 0.95 -0.00210804 0.0348202 
1.8 0.95 0.000215572 0.0338919 
1.85 0.95 0.00252962 0.0352364 
1.9 0.95 0.004732 0.0387276 
1.95 0.95 0.00672967 0.0440551 
2 0.95 0.00844495 0.0507896 
2.05 0.95 0.00981894 0.0584614 
2.1 0.95 0.0108119 0.0666249 
2.15 0.95 0.0114015 0.0748976 
2.2 0.95 0.0115803 0.0829724 
2.25 0.95 0.0113532 0.0906115 
2.3 0.95 0.0107356 0.0976319 
2.35 0.95 0.00975249 0.10389 
2.4 0.95 0.00843829 0.109269 
2.45 0.95 0.00683695 0.113672 
2.5 0.95 0.0050017 0.117021 
2.55 0.95 0.00299424 0.119254 
2.6 0.95 0.000883173 0.120329 
2.65 0.95 -0.00125854 0.120225 
2.7 0.95 -0.0033566 0.118945 
2.75 0.95 -0.00533859 0.116512 
2.8 0.95 -0.00713699 0.112973 
2.85 0.95 -0.00869146 0.108391 
2.9 0.95 -0.00995038 0.102851 
2.95 0.95 -0.0108715 0.0964496 
3 0.95 -0.011422 0.0893091 
3.05 0.95 -0.0115786 0.0815787 
3.1 0.95 -0.0113276 0.07345 
3.15 0.95 -0.0106661 0.0651721 
3.2 0.95 -0.00960403 0.0570652 
3.25 0.95 -0.00816657 0.0495245 
3.3 0.95 -0.00639674 0.0430035 
3.35 0.95 -0.00435687 0.0379703 
3.4 0.95 -0.00212765 0.0348388 
3.45 0.95 0.000195745 0.0338913 
3.5 0.95 0.00251043 0.0352168 
3.55 0.95 0.00471427 0.0386913 
3.6 0.95 0.00671411 0.0440053 
3.65 0.95 0.00843212 0.0507304 
3.7 0.95 0.00980922 0.0583967 
3.75 0.95 0.0108055 0.0665582 
3.8 0.95 0.0113985 0.0748317 
3.85 0.95 0.0115807 0.0829095 
3.9 0.95 0.0113569 0.0905532 
3.95 0.95 0.0107423 0.0975792 
4 0.95 0.0097618 0.103843 
4.05 0.95 0.00844983 0.109229 
4.1 0.95 0.00685021 0.113639 
4.15 0.95 0.00501611 0.116994 
4.2 0.95 0.00300921 0.119232 
4.25 0.95 0.000898146 0.120311 
4.3 0.95 -0.00124402 0.120208 
4.35 0.95 -0.00334279 0.118925 
4.4 0.95 -0.00532546 0.116486 
4.45 0.95 -0.00712409 0.112936 
4.5 0.95 -0.00867788 0.108339 
4.55 0.95 -0.00993461 0.102777 
4.6 0.95 -0.0108514 0.0963492 
4.65 0.95 -0.011395 0.0891786 
4.7 0.95 -0.0115416 0.081417 
4.75 0.95 -0.0112776 0.0732599 
4.8 0.95 -0.0106011 0.0649622 
4.85 0.95 -0.00952503 0.0568508 
4.9 0.95 -0.00808345 0.0493263 
4.95 0.95 -0.00634377 0.0428408 
5 0.95 -0.00442841 0.0378394 
0 1 0 0 
0.05 1 0 0 
0.1 1 0 0 
0.15 1 0 0 
0.2 1 0 0 
0.25 1 0 0 
0.3 1 0 0 
0.35 1 0 0 
0.4 1 0 0 
0.45 1 0 0 
0.5 1 0 0 
0.55 1 0 0 
0.6 1 0 0 
0.65 1 0 0 
0.7 1 0 0 
0.75 1 0 0 
0.8 1 0 0 
0.85 1 0 0 
0.9 1 0 0 
0.95 1 0 0 
1 1 0 0 
1.05 1 0 0 
1.1 1 0 0 
1.15 1 0 0 
1.2 1 0 0 
1.25 1 0 0 
1.3 1 0 0 
1.35 1 0 0 
1.4 1 0 0 
1.45 1 0 0 
1.5 1 0 0 
1.55 1 0 0 
1.6 1 0 0 
1.65 1 0 0 
1.7 1 0 0 
1.75 1 0 0 
1.8 1 0 0 
1.85 1 0 0 
1.9 1 0 0 
1.95 1 0 0 
2 1 0 0 
2.05 1 0 0 
2.1 1 0 0 
2.15 1 0 0 
2.2 1 0 0 
2.25 1 0 0 
2.3 1 0 0 
2.35 1 0 0 
2.4 1 0 0 
2.45 1 0 0 
2.5 1 0 0 
2.55 1 0 0 
2.6 1 0 0 
2.65 1 0 0 
2.7 1 0 0 
2.75 1 0 0 
2.8 1 0 0 
2.85 1 0 0 
2.9 1 0 0 
2.95 1 0 0 
3 1 0 0 
3.05 1 0 0 
3.1 1 0 0 
3.15 1 0 0 
3.2 1 0 0 
3.25 1 0 0 
3.3 1 0 0 
3.35 1 0 0 
3.4 1 0 0 
3.45 1 0 0 
3.5 1 0 0 
3.55 1 0 0 
3.6 1 0 0 
3.65 1 0 0 
3.7 1 0 0 
3.75 1 0 0 
3.8 1 0 0 
3.85 1 0 0 
3.9 1 0 0 
3.95 1 0 0 
4 1 0 0 
4.05 1 0 0 
4.1 1 0 0 
4.15 1 0 0 
4.2 1 0 0 
4.25 1 0 0 
4.3 1 0 0 
4.35 1 0 0 
4.4 1 0 0 
4.45 1 0 0 
4.5 1 0 0 
4.55 1 0 0 
4.6 1 0 0 
4.65 1 0 0 
4.7 1 0 0 
4.75 1 0 0 
4.8 1 0 0 
4.85 1 0 0 
4.9 1 0 0 
4.95 1 0 0 
5 1 0 0 
