x, y, ksi, T
#iter= 1840000
0 0 0 1 
0.05 0 0 1 
0.1 0 0 1 
0.15 0 0 1 
0.2 0 0 1 
0.25 0 0 1 
0.3 0 0 1 
0.35 0 0 1 
0.4 0 0 1 
0.45 0 0 1 
0.5 0 0 1 
0.55 0 0 1 
0.6 0 0 1 
0.65 0 0 1 
0.7 0 0 1 
0.75 0 0 1 
0.8 0 0 1 
0.85 0 0 1 
0.9 0 0 1 
0.95 0 0 1 
1 0 0 1 
1.05 0 0 1 
1.1 0 0 1 
1.15 0 0 1 
1.2 0 0 1 
1.25 0 0 1 
1.3 0 0 1 
1.35 0 0 1 
1.4 0 0 1 
1.45 0 0 1 
1.5 0 0 1 
1.55 0 0 1 
1.6 0 0 1 
1.65 0 0 1 
1.7 0 0 1 
1.75 0 0 1 
1.8 0 0 1 
1.85 0 0 1 
1.9 0 0 1 
1.95 0 0 1 
2 0 0 1 
2.05 0 0 1 
2.1 0 0 1 
2.15 0 0 1 
2.2 0 0 1 
2.25 0 0 1 
2.3 0 0 1 
2.35 0 0 1 
2.4 0 0 1 
2.45 0 0 1 
2.5 0 0 1 
2.55 0 0 1 
2.6 0 0 1 
2.65 0 0 1 
2.7 0 0 1 
2.75 0 0 1 
2.8 0 0 1 
2.85 0 0 1 
2.9 0 0 1 
2.95 0 0 1 
3 0 0 1 
3.05 0 0 1 
3.1 0 0 1 
3.15 0 0 1 
3.2 0 0 1 
3.25 0 0 1 
3.3 0 0 1 
3.35 0 0 1 
3.4 0 0 1 
3.45 0 0 1 
3.5 0 0 1 
3.55 0 0 1 
3.6 0 0 1 
3.65 0 0 1 
3.7 0 0 1 
3.75 0 0 1 
3.8 0 0 1 
3.85 0 0 1 
3.9 0 0 1 
3.95 0 0 1 
4 0 0 1 
4.05 0 0 1 
4.1 0 0 1 
4.15 0 0 1 
4.2 0 0 1 
4.25 0 0 1 
4.3 0 0 1 
4.35 0 0 1 
4.4 0 0 1 
4.45 0 0 1 
4.5 0 0 1 
4.55 0 0 1 
4.6 0 0 1 
4.65 0 0 1 
4.7 0 0 1 
4.75 0 0 1 
4.8 0 0 1 
4.85 0 0 1 
4.9 0 0 1 
4.95 0 0 1 
5 0 0 1 
0 0.05 -0.00642666 0.884632 
0.05 0.05 -0.00432983 0.881647 
0.1 0.05 -0.00214265 0.879912 
0.15 0.05 6.88016e-05 0.879406 
0.2 0.05 0.0022465 0.88011 
0.25 0.05 0.00432659 0.881997 
0.3 0.05 0.00624448 0.885021 
0.35 0.05 0.00793959 0.889123 
0.4 0.05 0.00935826 0.894227 
0.45 0.05 0.0104552 0.900239 
0.5 0.05 0.0111942 0.907051 
0.55 0.05 0.011548 0.914528 
0.6 0.05 0.0114986 0.9225 
0.65 0.05 0.0110382 0.93075 
0.7 0.05 0.0101703 0.938993 
0.75 0.05 0.00891229 0.94687 
0.8 0.05 0.00729845 0.953952 
0.85 0.05 0.00538163 0.959773 
0.9 0.05 0.0032339 0.963881 
0.95 0.05 0.000944075 0.965921 
1 0.05 -0.00138774 0.965705 
1.05 0.05 -0.00365793 0.963253 
1.1 0.05 -0.00576801 0.95879 
1.15 0.05 -0.00763205 0.952697 
1.2 0.05 -0.00918159 0.945433 
1.25 0.05 -0.0103675 0.937461 
1.3 0.05 -0.011159 0.9292 
1.35 0.05 -0.0115418 0.920993 
1.4 0.05 -0.0115147 0.913112 
1.45 0.05 -0.0110883 0.905764 
1.5 0.05 -0.0102827 0.899112 
1.55 0.05 -0.00912776 0.893284 
1.6 0.05 -0.00766271 0.888386 
1.65 0.05 -0.00593621 0.884505 
1.7 0.05 -0.00400594 0.881712 
1.75 0.05 -0.00193734 0.880059 
1.8 0.05 0.000198431 0.879578 
1.85 0.05 0.00232733 0.880277 
1.9 0.05 0.0043756 0.882143 
1.95 0.05 0.00627297 0.885141 
2 0.05 0.00795528 0.889215 
2.05 0.05 0.00936648 0.894292 
2.1 0.05 0.0104596 0.90028 
2.15 0.05 0.0111972 0.907071 
2.2 0.05 0.0115513 0.91453 
2.25 0.05 0.0115032 0.922488 
2.3 0.05 0.0110447 0.930727 
2.35 0.05 0.010179 0.938964 
2.4 0.05 0.00892333 0.946839 
2.45 0.05 0.00731161 0.953924 
2.5 0.05 0.00539655 0.959751 
2.55 0.05 0.00325005 0.96387 
2.6 0.05 0.00096079 0.965923 
2.65 0.05 -0.00137118 0.965722 
2.7 0.05 -0.00364227 0.963284 
2.75 0.05 -0.00575393 0.958834 
2.8 0.05 -0.00762012 0.95275 
2.85 0.05 -0.00917225 0.945492 
2.9 0.05 -0.010361 0.937524 
2.95 0.05 -0.0111557 0.929263 
3 0.05 -0.0115416 0.921055 
3.05 0.05 -0.0115177 0.91317 
3.1 0.05 -0.0110943 0.905818 
3.15 0.05 -0.0102916 0.89916 
3.2 0.05 -0.0091393 0.893325 
3.25 0.05 -0.00767654 0.888419 
3.3 0.05 -0.00595192 0.88453 
3.35 0.05 -0.00402302 0.881728 
3.4 0.05 -0.00195524 0.880065 
3.45 0.05 0.000180321 0.879574 
3.5 0.05 0.00230963 0.880263 
3.55 0.05 0.00435893 0.882119 
3.6 0.05 0.0062579 0.885108 
3.65 0.05 0.00794235 0.889173 
3.7 0.05 0.00935615 0.894241 
3.75 0.05 0.0104523 0.900221 
3.8 0.05 0.0111933 0.907005 
3.85 0.05 0.0115509 0.914458 
3.9 0.05 0.0115067 0.922413 
3.95 0.05 0.0110522 0.93065 
4 0.05 0.0101905 0.938888 
4.05 0.05 0.00893878 0.946769 
4.1 0.05 0.00733072 0.953865 
4.15 0.05 0.00541888 0.95971 
4.2 0.05 0.00327493 0.963852 
4.25 0.05 0.000987378 0.965934 
4.3 0.05 -0.00134389 0.965764 
4.35 0.05 -0.00361535 0.963359 
4.4 0.05 -0.0057285 0.958941 
4.45 0.05 -0.00759735 0.952889 
4.5 0.05 -0.00915341 0.945658 
4.55 0.05 -0.0103476 0.937715 
4.6 0.05 -0.0111497 0.929477 
4.65 0.05 -0.011546 0.921288 
4.7 0.05 -0.0115369 0.913419 
4.75 0.05 -0.0111349 0.906077 
4.8 0.05 -0.0103636 0.899419 
4.85 0.05 -0.00925823 0.893568 
4.9 0.05 -0.00786653 0.888617 
4.95 0.05 -0.00624831 0.884632 
5 0.05 -0.00445124 0.881647 
0 0.1 -0.0216821 0.770598 
0.05 0.1 -0.0148206 0.764737 
0.1 0.1 -0.00736729 0.761263 
0.15 0.1 0.000308019 0.760233 
0.2 0.1 0.0079202 0.761627 
0.25 0.1 0.0152115 0.765387 
0.3 0.1 0.0219415 0.77142 
0.35 0.1 0.0278913 0.779603 
0.4 0.1 0.0328684 0.78978 
0.45 0.1 0.0367108 0.801766 
0.5 0.1 0.0392894 0.815345 
0.55 0.1 0.0405084 0.830253 
0.6 0.1 0.0403065 0.846162 
0.65 0.1 0.0386597 0.862644 
0.7 0.1 0.0355864 0.879143 
0.75 0.1 0.0311546 0.894945 
0.8 0.1 0.0254897 0.909188 
0.85 0.1 0.0187806 0.92092 
0.9 0.1 0.0112791 0.929218 
0.95 0.1 0.00329152 0.933344 
1 0.1 -0.00483946 0.932906 
1.05 0.1 -0.01276 0.927948 
1.1 0.1 -0.0201326 0.918937 
1.15 0.1 -0.0266603 0.906659 
1.2 0.1 -0.032103 0.892057 
1.25 0.1 -0.0362846 0.876072 
1.3 0.1 -0.0390912 0.859542 
1.35 0.1 -0.0404657 0.843148 
1.4 0.1 -0.040399 0.827423 
1.45 0.1 -0.0389239 0.812772 
1.5 0.1 -0.0361101 0.799509 
1.55 0.1 -0.0320626 0.787887 
1.6 0.1 -0.0269205 0.778116 
1.65 0.1 -0.0208567 0.77037 
1.7 0.1 -0.0140752 0.764792 
1.75 0.1 -0.006807 0.76149 
1.8 0.1 0.000697319 0.760528 
1.85 0.1 0.00817747 0.761925 
1.9 0.1 0.0153742 0.765653 
1.95 0.1 0.0220398 0.771639 
2 0.1 0.027948 0.77977 
2.05 0.1 0.0329001 0.789897 
2.1 0.1 0.0367294 0.801838 
2.15 0.1 0.0393031 0.815377 
2.2 0.1 0.0405227 0.830252 
2.25 0.1 0.040325 0.846133 
2.3 0.1 0.0386846 0.862596 
2.35 0.1 0.0356188 0.879082 
2.4 0.1 0.0311946 0.89488 
2.45 0.1 0.0255368 0.909128 
2.5 0.1 0.0188335 0.920875 
2.55 0.1 0.011336 0.929194 
2.6 0.1 0.00335025 0.933348 
2.65 0.1 -0.00478141 0.93294 
2.7 0.1 -0.0127051 0.92801 
2.75 0.1 -0.0200832 0.919024 
2.8 0.1 -0.0266184 0.906766 
2.85 0.1 -0.0320702 0.892176 
2.9 0.1 -0.0362619 0.876198 
2.95 0.1 -0.0390794 0.859668 
3 0.1 -0.0404649 0.843272 
3.05 0.1 -0.0404094 0.82754 
3.1 0.1 -0.0389451 0.812879 
3.15 0.1 -0.0361415 0.799605 
3.2 0.1 -0.0321033 0.787969 
3.25 0.1 -0.0269693 0.778182 
3.3 0.1 -0.020912 0.770419 
3.35 0.1 -0.0141353 0.764823 
3.4 0.1 -0.00686996 0.761502 
3.45 0.1 0.00063366 0.76052 
3.5 0.1 0.0081153 0.761897 
3.55 0.1 0.0153156 0.765606 
3.6 0.1 0.021987 0.771573 
3.65 0.1 0.0279028 0.779686 
3.7 0.1 0.0328641 0.789796 
3.75 0.1 0.0367041 0.801721 
3.8 0.1 0.0392896 0.815246 
3.85 0.1 0.040522 0.83011 
3.9 0.1 0.0403379 0.845983 
3.95 0.1 0.0387115 0.862442 
4 0.1 0.0356596 0.878931 
4.05 0.1 0.031249 0.89474 
4.1 0.1 0.0256039 0.909011 
4.15 0.1 0.0189116 0.920791 
4.2 0.1 0.0114227 0.929157 
4.25 0.1 0.00344264 0.933367 
4.3 0.1 -0.00468671 0.933022 
4.35 0.1 -0.0126118 0.928159 
4.4 0.1 -0.0199952 0.919237 
4.45 0.1 -0.0265397 0.90704 
4.5 0.1 -0.0320051 0.892505 
4.55 0.1 -0.0362156 0.876575 
4.6 0.1 -0.0390586 0.860089 
4.65 0.1 -0.0404791 0.843729 
4.7 0.1 -0.0404719 0.828027 
4.75 0.1 -0.0390749 0.813384 
4.8 0.1 -0.0363648 0.800107 
4.85 0.1 -0.0324532 0.788432 
4.9 0.1 -0.0274801 0.778547 
4.95 0.1 -0.0215928 0.770598 
5 0.1 -0.0148792 0.764737 
0 0.15 -0.0422393 0.662711 
0.05 0.15 -0.028835 0.654155 
0.1 0.15 -0.0142811 0.649037 
0.15 0.15 0.000768119 0.647499 
0.2 0.15 0.0157389 0.649543 
0.25 0.15 0.0301026 0.655089 
0.3 0.15 0.0433702 0.663996 
0.35 0.15 0.0550995 0.676073 
0.4 0.15 0.064904 0.69108 
0.45 0.15 0.0724602 0.708738 
0.5 0.15 0.0775115 0.728725 
0.55 0.15 0.0798699 0.750659 
0.6 0.15 0.0794188 0.774064 
0.65 0.15 0.076118 0.798326 
0.7 0.15 0.0700126 0.822639 
0.75 0.15 0.0612463 0.845962 
0.8 0.15 0.0500743 0.867023 
0.85 0.15 0.0368724 0.884402 
0.9 0.15 0.0221349 0.896713 
0.95 0.15 0.00645759 0.90284 
1 0.15 -0.00949677 0.902189 
1.05 0.15 -0.0250446 0.894825 
1.1 0.15 -0.0395327 0.881459 
1.15 0.15 -0.0523827 0.863277 
1.2 0.15 -0.0631222 0.841692 
1.25 0.15 -0.0713992 0.818105 
1.3 0.15 -0.0769812 0.793748 
1.35 0.15 -0.0797455 0.769617 
1.4 0.15 -0.0796656 0.746479 
1.45 0.15 -0.0767989 0.724916 
1.5 0.15 -0.0712792 0.705384 
1.55 0.15 -0.0633119 0.688249 
1.6 0.15 -0.0531721 0.673824 
1.65 0.15 -0.0412026 0.662374 
1.7 0.15 -0.027809 0.65412 
1.75 0.15 -0.0134497 0.649229 
1.8 0.15 0.00137807 0.647803 
1.85 0.15 0.0161579 0.649873 
1.9 0.15 0.0303754 0.655394 
1.95 0.15 0.0435392 0.664251 
2 0.15 0.0551997 0.676268 
2.05 0.15 0.0649623 0.691214 
2.1 0.15 0.0724967 0.708815 
2.15 0.15 0.0775403 0.728751 
2.2 0.15 0.0799009 0.750641 
2.25 0.15 0.0794584 0.77401 
2.3 0.15 0.0761701 0.798247 
2.35 0.15 0.0700791 0.822544 
2.4 0.15 0.0613274 0.845862 
2.45 0.15 0.0501689 0.866931 
2.5 0.15 0.036978 0.884332 
2.55 0.15 0.022248 0.896676 
2.6 0.15 0.00657378 0.902845 
2.65 0.15 -0.00938216 0.902239 
2.7 0.15 -0.0249364 0.894918 
2.75 0.15 -0.0394353 0.881589 
2.8 0.15 -0.0523 0.863435 
2.85 0.15 -0.0630573 0.841868 
2.9 0.15 -0.0713542 0.818291 
2.95 0.15 -0.0769576 0.793935 
3 0.15 -0.079744 0.769799 
3.05 0.15 -0.079686 0.746651 
3.1 0.15 -0.0768408 0.725075 
3.15 0.15 -0.0713413 0.705524 
3.2 0.15 -0.0633924 0.68837 
3.25 0.15 -0.0532686 0.673922 
3.3 0.15 -0.0413121 0.662447 
3.35 0.15 -0.0279279 0.654167 
3.4 0.15 -0.0135742 0.649247 
3.45 0.15 0.00125223 0.647792 
3.5 0.15 0.0160351 0.649833 
3.55 0.15 0.0302599 0.655325 
3.6 0.15 0.0434351 0.664154 
3.65 0.15 0.0551106 0.676144 
3.7 0.15 0.0648917 0.691065 
3.75 0.15 0.0724472 0.708644 
3.8 0.15 0.0775144 0.72856 
3.85 0.15 0.0799004 0.750433 
3.9 0.15 0.0794847 0.77379 
3.95 0.15 0.0762237 0.798021 
4 0.15 0.0701601 0.822322 
4.05 0.15 0.0614348 0.845656 
4.1 0.15 0.0503006 0.866757 
4.15 0.15 0.0371308 0.884208 
4.2 0.15 0.0224173 0.896618 
4.25 0.15 0.00675394 0.90287 
4.3 0.15 -0.00919765 0.902357 
4.35 0.15 -0.0247546 0.895133 
4.4 0.15 -0.0392634 0.881898 
4.45 0.15 -0.0521455 0.863831 
4.5 0.15 -0.0629281 0.842342 
4.55 0.15 -0.0712595 0.818832 
4.6 0.15 -0.0769088 0.794535 
4.65 0.15 -0.0797563 0.770448 
4.7 0.15 -0.0797803 0.747336 
4.75 0.15 -0.0770449 0.725777 
4.8 0.15 -0.0716899 0.706215 
4.85 0.15 -0.0639228 0.688998 
4.9 0.15 -0.0540052 0.674414 
4.95 0.15 -0.0422256 0.662711 
5 0.15 -0.0288416 0.654155 
0 0.2 -0.0650996 0.566708 
0.05 0.2 -0.0443254 0.55575 
0.1 0.2 -0.0218321 0.549168 
0.15 0.2 0.00145161 0.547176 
0.2 0.2 0.0246468 0.549808 
0.25 0.2 0.0469217 0.556971 
0.3 0.2 0.0675026 0.568476 
0.35 0.2 0.0856907 0.584053 
0.4 0.2 0.100877 0.603373 
0.45 0.2 0.112557 0.626058 
0.5 0.2 0.12033 0.651685 
0.55 0.2 0.123909 0.679763 
0.6 0.2 0.123122 0.709696 
0.65 0.2 0.117916 0.740715 
0.7 0.2 0.108376 0.771804 
0.75 0.2 0.0947377 0.801646 
0.8 0.2 0.0774058 0.828618 
0.85 0.2 0.0569672 0.850897 
0.9 0.2 0.0341847 0.866691 
0.95 0.2 0.00997008 0.874557 
1 0.2 -0.0146662 0.873721 
1.05 0.2 -0.0386838 0.864267 
1.1 0.2 -0.0610861 0.84712 
1.15 0.2 -0.0809867 0.823814 
1.2 0.2 -0.0976557 0.796173 
1.25 0.2 -0.110542 0.765994 
1.3 0.2 -0.119273 0.734847 
1.35 0.2 -0.123647 0.70399 
1.4 0.2 -0.123608 0.674385 
1.45 0.2 -0.119234 0.646762 
1.5 0.2 -0.110724 0.621695 
1.55 0.2 -0.0983922 0.599655 
1.6 0.2 -0.0826645 0.581054 
1.65 0.2 -0.0640741 0.566253 
1.7 0.2 -0.0432541 0.555561 
1.75 0.2 -0.0209219 0.549215 
1.8 0.2 0.00214412 0.547363 
1.85 0.2 0.0251351 0.550051 
1.9 0.2 0.0472451 0.557213 
1.95 0.2 0.0677052 0.568683 
2 0.2 0.085812 0.58421 
2.05 0.2 0.10095 0.603474 
2.1 0.2 0.112605 0.626104 
2.15 0.2 0.120372 0.651679 
2.2 0.2 0.123958 0.679713 
2.25 0.2 0.123186 0.709609 
2.3 0.2 0.118001 0.7406 
2.35 0.2 0.108483 0.771673 
2.4 0.2 0.0948667 0.801512 
2.45 0.2 0.0775551 0.828497 
2.5 0.2 0.0571329 0.850805 
2.55 0.2 0.0343613 0.866643 
2.6 0.2 0.0101511 0.874562 
2.65 0.2 -0.014488 0.873784 
2.7 0.2 -0.0385156 0.864387 
2.75 0.2 -0.0609348 0.847287 
2.8 0.2 -0.0808582 0.824017 
2.85 0.2 -0.0975546 0.7964 
2.9 0.2 -0.110471 0.766233 
2.95 0.2 -0.119236 0.735087 
3 0.2 -0.123644 0.704223 
3.05 0.2 -0.123639 0.674606 
3.1 0.2 -0.119298 0.646966 
3.15 0.2 -0.11082 0.621877 
3.2 0.2 -0.0985174 0.599812 
3.25 0.2 -0.0828146 0.581182 
3.3 0.2 -0.0642445 0.566349 
3.35 0.2 -0.0434393 0.555622 
3.4 0.2 -0.0211158 0.54924 
3.45 0.2 0.00194829 0.54735 
3.5 0.2 0.0249441 0.55 
3.55 0.2 0.0470657 0.557125 
3.6 0.2 0.0675436 0.568559 
3.65 0.2 0.0856741 0.584052 
3.7 0.2 0.100841 0.603284 
3.75 0.2 0.112529 0.625885 
3.8 0.2 0.120333 0.651435 
3.85 0.2 0.123958 0.679448 
3.9 0.2 0.123227 0.709329 
3.95 0.2 0.118084 0.740313 
4 0.2 0.108609 0.77139 
4.05 0.2 0.0950327 0.80125 
4.1 0.2 0.077758 0.828275 
4.15 0.2 0.0573676 0.850646 
4.2 0.2 0.0346209 0.866568 
4.25 0.2 0.0104269 0.874593 
4.3 0.2 -0.0142056 0.873932 
4.35 0.2 -0.0382369 0.864656 
4.4 0.2 -0.0606702 0.847673 
4.45 0.2 -0.0806183 0.824511 
4.5 0.2 -0.0973501 0.796986 
4.55 0.2 -0.110314 0.766899 
4.6 0.2 -0.11914 0.735819 
4.65 0.2 -0.123626 0.705006 
4.7 0.2 -0.123723 0.675422 
4.75 0.2 -0.119512 0.647793 
4.8 0.2 -0.111197 0.622679 
4.85 0.2 -0.0990855 0.600537 
4.9 0.2 -0.08358 0.58176 
4.95 0.2 -0.0651493 0.566708 
5 0.2 -0.0442889 0.55575 
0 0.25 -0.0879166 0.486864 
0.05 0.25 -0.0597096 0.473827 
0.1 0.25 -0.0292359 0.46598 
0.15 0.25 0.00231515 0.463601 
0.2 0.25 0.0337663 0.46676 
0.25 0.25 0.0639804 0.47535 
0.3 0.25 0.0918926 0.489118 
0.35 0.25 0.116541 0.507699 
0.4 0.25 0.137091 0.530655 
0.45 0.25 0.152852 0.557501 
0.5 0.25 0.163288 0.587711 
0.55 0.25 0.168016 0.620704 
0.6 0.25 0.166816 0.655789 
0.65 0.25 0.159635 0.692084 
0.7 0.25 0.146604 0.728425 
0.75 0.25 0.128059 0.763288 
0.8 0.25 0.104562 0.794794 
0.85 0.25 0.076912 0.820818 
0.9 0.25 0.0461353 0.839268 
0.95 0.25 0.0134516 0.848457 
1 0.25 -0.0197931 0.84748 
1.05 0.25 -0.0522145 0.836435 
1.1 0.25 -0.0824846 0.816401 
1.15 0.25 -0.109417 0.789176 
1.2 0.25 -0.132025 0.756885 
1.25 0.25 -0.149558 0.72162 
1.3 0.25 -0.161499 0.6852 
1.35 0.25 -0.167553 0.649076 
1.4 0.25 -0.167627 0.61435 
1.45 0.25 -0.161811 0.58186 
1.5 0.25 -0.15036 0.55227 
1.55 0.25 -0.13369 0.526145 
1.6 0.25 -0.112373 0.503998 
1.65 0.25 -0.0871347 0.486299 
1.7 0.25 -0.0588374 0.473466 
1.75 0.25 -0.0284639 0.465828 
1.8 0.25 0.0029177 0.463597 
1.85 0.25 0.0341961 0.466836 
1.9 0.25 0.0642646 0.475452 
1.95 0.25 0.092068 0.489211 
2 0.25 0.116644 0.507764 
2.05 0.25 0.137152 0.530681 
2.1 0.25 0.152898 0.557484 
2.15 0.25 0.163336 0.587652 
2.2 0.25 0.16808 0.620608 
2.25 0.25 0.166904 0.65566 
2.3 0.25 0.159752 0.691932 
2.35 0.25 0.146752 0.728259 
2.4 0.25 0.128238 0.763124 
2.45 0.25 0.104768 0.794648 
2.5 0.25 0.0771392 0.820708 
2.55 0.25 0.0463765 0.839211 
2.6 0.25 0.0136982 0.848464 
2.65 0.25 -0.0195508 0.847555 
2.7 0.25 -0.0519861 0.836576 
2.75 0.25 -0.0822792 0.816599 
2.8 0.25 -0.109242 0.789415 
2.85 0.25 -0.131888 0.757152 
2.9 0.25 -0.149463 0.721901 
2.95 0.25 -0.161448 0.685483 
3 0.25 -0.167548 0.649352 
3.05 0.25 -0.16767 0.614612 
3.1 0.25 -0.161899 0.582102 
3.15 0.25 -0.150491 0.552487 
3.2 0.25 -0.13386 0.526333 
3.25 0.25 -0.112578 0.504153 
3.3 0.25 -0.0873666 0.486417 
3.35 0.25 -0.0590896 0.473542 
3.4 0.25 -0.0287278 0.465861 
3.45 0.25 0.00265114 0.463584 
3.5 0.25 0.0339363 0.466777 
3.55 0.25 0.0640207 0.475348 
3.6 0.25 0.0918487 0.489065 
3.65 0.25 0.116457 0.507577 
3.7 0.25 0.137005 0.530458 
3.75 0.25 0.152796 0.557228 
3.8 0.25 0.163284 0.587368 
3.85 0.25 0.168082 0.620299 
3.9 0.25 0.166962 0.655335 
3.95 0.25 0.159866 0.691599 
4 0.25 0.146922 0.727932 
4.05 0.25 0.128462 0.762821 
4.1 0.25 0.105041 0.794391 
4.15 0.25 0.0774534 0.820524 
4.2 0.25 0.0467233 0.839125 
4.25 0.25 0.0140664 0.848499 
4.3 0.25 -0.0191737 0.847724 
4.35 0.25 -0.051613 0.836883 
4.4 0.25 -0.0819229 0.817037 
4.45 0.25 -0.108915 0.789973 
4.5 0.25 -0.131602 0.75781 
4.55 0.25 -0.149229 0.722641 
4.6 0.25 -0.161281 0.686287 
4.65 0.25 -0.167462 0.6502 
4.7 0.25 -0.167684 0.615484 
4.75 0.25 -0.162034 0.582972 
4.8 0.25 -0.15077 0.553322 
4.85 0.25 -0.134295 0.527088 
4.9 0.25 -0.113157 0.504775 
4.95 0.25 -0.0880188 0.486864 
5 0.25 -0.0596381 0.473827 
0 0.3 -0.10888 0.42456 
0.05 0.3 -0.0737829 0.40968 
0.1 0.3 -0.0359187 0.400704 
0.15 0.3 0.00328381 0.39799 
0.2 0.3 0.0423712 0.401644 
0.25 0.3 0.0799194 0.411531 
0.3 0.3 0.114588 0.427304 
0.35 0.3 0.145167 0.448467 
0.4 0.3 0.170612 0.474436 
0.45 0.3 0.190065 0.504589 
0.5 0.3 0.202866 0.538294 
0.55 0.3 0.208557 0.574885 
0.6 0.3 0.206882 0.613606 
0.65 0.3 0.197801 0.653508 
0.7 0.3 0.1815 0.693344 
0.75 0.3 0.158416 0.73148 
0.8 0.3 0.12926 0.765887 
0.85 0.3 0.0950254 0.794275 
0.9 0.3 0.0569778 0.814383 
0.95 0.3 0.016608 0.824392 
1 0.3 -0.0244445 0.823327 
1.05 0.3 -0.0644951 0.811293 
1.1 0.3 -0.101925 0.789454 
1.15 0.3 -0.135282 0.759748 
1.2 0.3 -0.16335 0.724469 
1.25 0.3 -0.185189 0.685875 
1.3 0.3 -0.200144 0.645925 
1.35 0.3 -0.207827 0.606175 
1.4 0.3 -0.208098 0.567806 
1.45 0.3 -0.201042 0.53172 
1.5 0.3 -0.186957 0.498648 
1.55 0.3 -0.166343 0.469242 
1.6 0.3 -0.139902 0.444131 
1.65 0.3 -0.108532 0.423923 
1.7 0.3 -0.073311 0.409184 
1.75 0.3 -0.0354729 0.400374 
1.8 0.3 0.00363704 0.397795 
1.85 0.3 0.0426168 0.401538 
1.9 0.3 0.0800702 0.411471 
1.95 0.3 0.114669 0.427259 
2 0.3 0.145205 0.448416 
2.05 0.3 0.170632 0.474366 
2.1 0.3 0.190088 0.504494 
2.15 0.3 0.202908 0.538172 
2.2 0.3 0.208628 0.574737 
2.25 0.3 0.20699 0.613434 
2.3 0.3 0.197949 0.65332 
2.35 0.3 0.181687 0.69315 
2.4 0.3 0.158641 0.731293 
2.45 0.3 0.129519 0.765724 
2.5 0.3 0.0953102 0.794153 
2.55 0.3 0.0572793 0.81432 
2.6 0.3 0.0169153 0.824401 
2.65 0.3 -0.024143 0.823411 
2.7 0.3 -0.0642111 0.811449 
2.75 0.3 -0.10167 0.789672 
2.8 0.3 -0.135064 0.760012 
2.85 0.3 -0.163178 0.724764 
2.9 0.3 -0.185069 0.686186 
2.95 0.3 -0.20008 0.646239 
3 0.3 -0.20782 0.606482 
3.05 0.3 -0.208149 0.5681 
3.1 0.3 -0.201151 0.531993 
3.15 0.3 -0.187119 0.498895 
3.2 0.3 -0.166555 0.469458 
3.25 0.3 -0.140157 0.44431 
3.3 0.3 -0.108821 0.424061 
3.35 0.3 -0.0736255 0.409274 
3.4 0.3 -0.035802 0.400414 
3.45 0.3 0.00330467 0.397783 
3.5 0.3 0.042293 0.401473 
3.55 0.3 0.0797667 0.411354 
3.6 0.3 0.114397 0.427094 
3.65 0.3 0.144974 0.448207 
3.7 0.3 0.17045 0.474117 
3.75 0.3 0.189963 0.504211 
3.8 0.3 0.202845 0.537859 
3.85 0.3 0.208631 0.5744 
3.9 0.3 0.207062 0.613081 
3.95 0.3 0.19809 0.65296 
4 0.3 0.181897 0.692797 
4.05 0.3 0.158916 0.730967 
4.1 0.3 0.129852 0.765449 
4.15 0.3 0.0956942 0.793957 
4.2 0.3 0.0577022 0.81423 
4.25 0.3 0.017364 0.824439 
4.3 0.3 -0.023683 0.823591 
4.35 0.3 -0.0637545 0.811775 
4.4 0.3 -0.101231 0.790135 
4.45 0.3 -0.134655 0.760596 
4.5 0.3 -0.16281 0.725448 
4.55 0.3 -0.184752 0.686947 
4.6 0.3 -0.199821 0.647054 
4.65 0.3 -0.20763 0.607329 
4.7 0.3 -0.208036 0.568955 
4.75 0.3 -0.201123 0.532834 
4.8 0.3 -0.187184 0.499693 
4.85 0.3 -0.166707 0.470182 
4.9 0.3 -0.140369 0.44493 
4.95 0.3 -0.109025 0.42456 
5 0.3 -0.0736833 0.40968 
0 0.35 -0.126622 0.378284 
0.05 0.35 -0.085645 0.361641 
0.1 0.35 -0.0414701 0.351567 
0.15 0.35 0.00426644 0.348535 
0.2 0.35 0.0498689 0.352695 
0.25 0.35 0.0936605 0.363858 
0.3 0.35 0.134059 0.381542 
0.35 0.35 0.169636 0.405062 
0.4 0.35 0.19917 0.433632 
0.45 0.35 0.221663 0.466454 
0.5 0.35 0.236361 0.50276 
0.55 0.35 0.24275 0.541801 
0.6 0.35 0.240562 0.582772 
0.65 0.35 0.229779 0.624705 
0.7 0.35 0.210647 0.666336 
0.75 0.35 0.1837 0.706012 
0.8 0.35 0.149781 0.741682 
0.85 0.35 0.110047 0.771031 
0.9 0.35 0.0659569 0.791779 
0.95 0.35 0.0192192 0.802094 
1 0.35 -0.0282962 0.800995 
1.05 0.35 -0.07467 0.788589 
1.1 0.35 -0.118055 0.766046 
1.15 0.35 -0.156784 0.735317 
1.2 0.35 -0.189455 0.698716 
1.25 0.35 -0.214968 0.658528 
1.3 0.35 -0.232541 0.61673 
1.35 0.35 -0.241698 0.574898 
1.4 0.35 -0.242244 0.534228 
1.45 0.35 -0.234248 0.495647 
1.5 0.35 -0.218027 0.459938 
1.55 0.35 -0.194141 0.427848 
1.6 0.35 -0.163394 0.400149 
1.65 0.35 -0.126827 0.377637 
1.7 0.35 -0.0857039 0.36108 
1.75 0.35 -0.0414793 0.351125 
1.8 0.35 0.00425397 0.348203 
1.85 0.35 0.0498328 0.352444 
1.9 0.35 0.0936012 0.363659 
1.95 0.35 0.133987 0.38137 
2 0.35 0.169569 0.404899 
2.05 0.35 0.19912 0.433468 
2.1 0.35 0.221645 0.466281 
2.15 0.35 0.236383 0.502576 
2.2 0.35 0.24282 0.541603 
2.25 0.35 0.240683 0.582563 
2.3 0.35 0.229951 0.624488 
2.35 0.35 0.210868 0.66612 
2.4 0.35 0.183967 0.70581 
2.45 0.35 0.150086 0.741509 
2.5 0.35 0.110381 0.770905 
2.55 0.35 0.06631 0.791715 
2.6 0.35 0.0195784 0.802105 
2.65 0.35 -0.0279444 0.801085 
2.7 0.35 -0.0743388 0.788754 
2.75 0.35 -0.117757 0.766275 
2.8 0.35 -0.156531 0.735595 
2.85 0.35 -0.189254 0.699027 
2.9 0.35 -0.214827 0.658856 
2.95 0.35 -0.232465 0.617064 
3 0.35 -0.241689 0.575227 
3.05 0.35 -0.242303 0.534545 
3.1 0.35 -0.234373 0.495944 
3.15 0.35 -0.218215 0.46021 
3.2 0.35 -0.194387 0.428089 
3.25 0.35 -0.163691 0.400352 
3.3 0.35 -0.127165 0.377794 
3.35 0.35 -0.0860718 0.361185 
3.4 0.35 -0.0418645 0.351174 
3.45 0.35 0.00386509 0.348192 
3.5 0.35 0.0494542 0.352373 
3.55 0.35 0.0932467 0.36353 
3.6 0.35 0.13367 0.381189 
3.65 0.35 0.169299 0.404672 
3.7 0.35 0.198909 0.4332 
3.75 0.35 0.2215 0.465979 
3.8 0.35 0.236311 0.502245 
3.85 0.35 0.242825 0.54125 
3.9 0.35 0.240767 0.582195 
3.95 0.35 0.230115 0.624117 
4 0.35 0.21111 0.665759 
4.05 0.35 0.184282 0.705478 
4.1 0.35 0.150468 0.741231 
4.15 0.35 0.11082 0.770707 
4.2 0.35 0.0667921 0.791626 
4.25 0.35 0.0200894 0.802146 
4.3 0.35 -0.02742 0.801268 
4.35 0.35 -0.0738163 0.78908 
4.4 0.35 -0.11725 0.766735 
4.45 0.35 -0.156051 0.736169 
4.5 0.35 -0.18881 0.699693 
4.55 0.35 -0.214423 0.659587 
4.6 0.35 -0.232102 0.617834 
4.65 0.35 -0.241367 0.576013 
4.7 0.35 -0.242018 0.535323 
4.75 0.35 -0.23412 0.496694 
4.8 0.35 -0.217981 0.460912 
4.85 0.35 -0.194153 0.428726 
4.9 0.35 -0.16342 0.400912 
4.95 0.35 -0.1268 0.378284 
5 0.35 -0.0855237 0.361641 
0 0.4 -0.140134 0.344657 
0.05 0.4 -0.0946403 0.326198 
0.1 0.4 -0.0456047 0.314975 
0.15 0.4 0.00516885 0.311618 
0.2 0.4 0.0557876 0.316324 
0.25 0.4 0.104369 0.328832 
0.3 0.4 0.149135 0.348475 
0.35 0.4 0.188487 0.374318 
0.4 0.4 0.221062 0.40531 
0.45 0.4 0.245765 0.440426 
0.5 0.4 0.261778 0.478729 
0.55 0.4 0.268562 0.519371 
0.6 0.4 0.265855 0.56151 
0.65 0.4 0.253671 0.604186 
0.7 0.4 0.232319 0.646178 
0.75 0.4 0.202417 0.685902 
0.8 0.4 0.164913 0.721401 
0.85 0.4 0.121089 0.750473 
0.9 0.4 0.0725436 0.770955 
0.95 0.4 0.0211318 0.781117 
1 0.4 -0.0311211 0.780034 
1.05 0.4 -0.0821391 0.767807 
1.1 0.4 -0.129921 0.745539 
1.15 0.4 -0.172653 0.715073 
1.2 0.4 -0.208796 0.678606 
1.25 0.4 -0.237128 0.63831 
1.3 0.4 -0.256767 0.596078 
1.35 0.4 -0.267153 0.553416 
1.4 0.4 -0.268036 0.511486 
1.45 0.4 -0.259453 0.471213 
1.5 0.4 -0.24172 0.433429 
1.55 0.4 -0.21543 0.398995 
1.6 0.4 -0.181452 0.368863 
1.65 0.4 -0.140933 0.344071 
1.7 0.4 -0.0952803 0.325651 
1.75 0.4 -0.0461267 0.3145 
1.8 0.4 0.00473182 0.311216 
1.85 0.4 0.0554157 0.315982 
1.9 0.4 0.104054 0.328533 
1.95 0.4 0.148875 0.348203 
2 0.4 0.188285 0.374062 
2.05 0.4 0.220922 0.405064 
2.1 0.4 0.24569 0.440185 
2.15 0.4 0.26177 0.47849 
2.2 0.4 0.268622 0.519131 
2.25 0.4 0.26598 0.56127 
2.3 0.4 0.253859 0.603949 
2.35 0.4 0.232565 0.64595 
2.4 0.4 0.202715 0.685695 
2.45 0.4 0.165254 0.721228 
2.5 0.4 0.121462 0.750349 
2.55 0.4 0.0729363 0.770895 
2.6 0.4 0.0215304 0.781132 
2.65 0.4 -0.0307311 0.780128 
2.7 0.4 -0.0817721 0.767975 
2.75 0.4 -0.129591 0.745771 
2.8 0.4 -0.172371 0.715354 
2.85 0.4 -0.208572 0.678921 
2.9 0.4 -0.236971 0.638646 
2.95 0.4 -0.256681 0.596421 
3 0.4 -0.267141 0.553759 
3.05 0.4 -0.268099 0.51182 
3.1 0.4 -0.259591 0.47153 
3.15 0.4 -0.241928 0.433724 
3.2 0.4 -0.215702 0.39926 
3.25 0.4 -0.181781 0.369089 
3.3 0.4 -0.141308 0.344248 
3.35 0.4 -0.0956895 0.325772 
3.4 0.4 -0.0465554 0.314558 
3.45 0.4 0.00429911 0.311206 
3.5 0.4 0.0549948 0.315905 
3.55 0.4 0.10366 0.328392 
3.6 0.4 0.148523 0.348007 
3.65 0.4 0.187987 0.373817 
3.7 0.4 0.22069 0.40478 
3.75 0.4 0.245532 0.439868 
3.8 0.4 0.261692 0.478148 
3.85 0.4 0.268629 0.518772 
3.9 0.4 0.266074 0.560901 
3.95 0.4 0.25404 0.60358 
4 0.4 0.23283 0.645595 
4.05 0.4 0.203059 0.685372 
4.1 0.4 0.165668 0.72096 
4.15 0.4 0.121937 0.750161 
4.2 0.4 0.0734568 0.770812 
4.25 0.4 0.0220818 0.781173 
4.3 0.4 -0.0301646 0.780303 
4.35 0.4 -0.0812056 0.768284 
4.4 0.4 -0.129036 0.746201 
4.45 0.4 -0.171838 0.715887 
4.5 0.4 -0.208064 0.67953 
4.55 0.4 -0.236486 0.639304 
4.6 0.4 -0.256213 0.597101 
4.65 0.4 -0.266679 0.554435 
4.7 0.4 -0.267625 0.51247 
4.75 0.4 -0.259082 0.472138 
4.8 0.4 -0.241359 0.434276 
4.85 0.4 -0.215039 0.399752 
4.9 0.4 -0.180985 0.369528 
4.95 0.4 -0.140336 0.344657 
5 0.4 -0.094503 0.326198 
0 0.45 -0.148708 0.319685 
0.05 0.45 -0.100312 0.299331 
0.1 0.45 -0.0481336 0.286898 
0.15 0.45 0.00590408 0.283202 
0.2 0.45 0.0597675 0.288499 
0.25 0.45 0.111427 0.302434 
0.3 0.45 0.158965 0.324118 
0.35 0.45 0.200666 0.352316 
0.4 0.45 0.23508 0.385668 
0.45 0.45 0.261054 0.422876 
0.5 0.45 0.277744 0.462805 
0.55 0.45 0.284613 0.504489 
0.6 0.45 0.281421 0.547046 
0.65 0.45 0.268226 0.589541 
0.7 0.45 0.245393 0.630837 
0.75 0.45 0.213606 0.669488 
0.8 0.45 0.173888 0.703723 
0.85 0.45 0.127597 0.731564 
0.9 0.45 0.0764076 0.751081 
0.95 0.45 0.0222501 0.760736 
1 0.45 -0.0327776 0.759707 
1.05 0.45 -0.0865273 0.748084 
1.1 0.45 -0.136925 0.726846 
1.15 0.45 -0.182081 0.697631 
1.2 0.45 -0.220378 0.662404 
1.25 0.45 -0.250521 0.623119 
1.3 0.45 -0.271551 0.581487 
1.35 0.45 -0.282843 0.53889 
1.4 0.45 -0.284093 0.496415 
1.45 0.45 -0.275296 0.454975 
1.5 0.45 -0.256747 0.415457 
1.55 0.45 -0.229041 0.378855 
1.6 0.45 -0.193078 0.346337 
1.65 0.45 -0.150066 0.319224 
1.7 0.45 -0.101507 0.298868 
1.75 0.45 -0.0491558 0.286455 
1.8 0.45 0.00504386 0.282786 
1.85 0.45 0.0590541 0.28811 
1.9 0.45 0.110847 0.302067 
1.95 0.45 0.158507 0.323769 
2 0.45 0.200322 0.351984 
2.05 0.45 0.234842 0.385353 
2.1 0.45 0.260916 0.422575 
2.15 0.45 0.2777 0.462518 
2.2 0.45 0.284657 0.504214 
2.25 0.45 0.281545 0.546783 
2.3 0.45 0.268423 0.589291 
2.35 0.45 0.245655 0.630605 
2.4 0.45 0.213925 0.669282 
2.45 0.45 0.174252 0.703555 
2.5 0.45 0.127995 0.731448 
2.55 0.45 0.0768257 0.751029 
2.6 0.45 0.0226738 0.760756 
2.65 0.45 -0.0323636 0.759802 
2.7 0.45 -0.086138 0.748251 
2.75 0.45 -0.136574 0.727074 
2.8 0.45 -0.181781 0.697909 
2.85 0.45 -0.22014 0.662718 
2.9 0.45 -0.250353 0.623455 
2.95 0.45 -0.271458 0.581835 
3 0.45 -0.282829 0.539241 
3.05 0.45 -0.284158 0.496762 
3.1 0.45 -0.27544 0.45531 
3.15 0.45 -0.256967 0.415773 
3.2 0.45 -0.22933 0.379143 
3.25 0.45 -0.193428 0.346587 
3.3 0.45 -0.150466 0.319423 
3.35 0.45 -0.101943 0.299006 
3.4 0.45 -0.0496129 0.286522 
3.45 0.45 0.00458244 0.282778 
3.5 0.45 0.0586055 0.288026 
3.55 0.45 0.110428 0.301914 
3.6 0.45 0.158133 0.323556 
3.65 0.45 0.200006 0.351722 
3.7 0.45 0.234597 0.385053 
3.75 0.45 0.260749 0.422247 
3.8 0.45 0.277619 0.462171 
3.85 0.45 0.284665 0.503855 
3.9 0.45 0.281644 0.54642 
3.95 0.45 0.268613 0.588934 
4 0.45 0.245932 0.630266 
4.05 0.45 0.214282 0.668978 
4.1 0.45 0.174682 0.703306 
4.15 0.45 0.128485 0.731275 
4.2 0.45 0.0773623 0.750954 
4.25 0.45 0.0232416 0.760794 
4.3 0.45 -0.0317798 0.759961 
4.35 0.45 -0.0855518 0.748527 
4.4 0.45 -0.135996 0.727455 
4.45 0.45 -0.181216 0.698373 
4.5 0.45 -0.219588 0.663239 
4.55 0.45 -0.249804 0.624005 
4.6 0.45 -0.270899 0.582386 
4.65 0.45 -0.282236 0.539768 
4.7 0.45 -0.283502 0.497243 
4.75 0.45 -0.274685 0.45573 
4.8 0.45 -0.256073 0.416127 
4.85 0.45 -0.228255 0.379438 
4.9 0.45 -0.192134 0.346844 
4.95 0.45 -0.148927 0.319685 
5 0.45 -0.100164 0.299331 
0 0.5 -0.151899 0.299656 
0.05 0.5 -0.102374 0.277437 
0.1 0.5 -0.0489466 0.263806 
0.15 0.5 0.00639988 0.25978 
0.2 0.5 0.0615566 0.265676 
0.25 0.5 0.114414 0.281035 
0.3 0.5 0.162984 0.304733 
0.35 0.5 0.205494 0.335218 
0.4 0.5 0.24046 0.370802 
0.45 0.5 0.266719 0.409901 
0.5 0.5 0.283437 0.451168 
0.55 0.5 0.290101 0.493507 
0.6 0.5 0.286509 0.53599 
0.65 0.5 0.272765 0.57771 
0.7 0.5 0.249279 0.617633 
0.75 0.5 0.21678 0.654491 
0.8 0.5 0.176326 0.686761 
0.85 0.5 0.129302 0.712761 
0.9 0.5 0.0773929 0.730866 
0.95 0.5 0.0225297 0.739786 
1 0.5 -0.0331988 0.738835 
1.05 0.5 -0.0876561 0.72809 
1.1 0.5 -0.138775 0.708365 
1.15 0.5 -0.184666 0.681036 
1.2 0.5 -0.223695 0.64776 
1.25 0.5 -0.254538 0.6102 
1.3 0.5 -0.276199 0.569833 
1.35 0.5 -0.288008 0.527877 
1.4 0.5 -0.28961 0.48533 
1.45 0.5 -0.28096 0.44309 
1.5 0.5 -0.262313 0.402109 
1.55 0.5 -0.23424 0.363526 
1.6 0.5 -0.197633 0.32874 
1.65 0.5 -0.153718 0.299371 
1.7 0.5 -0.104032 0.277106 
1.75 0.5 -0.0503948 0.263439 
1.8 0.5 0.00517228 0.259387 
1.85 0.5 0.0605415 0.265265 
1.9 0.5 0.113596 0.280618 
1.95 0.5 0.162345 0.30432 
2 0.5 0.205018 0.334819 
2.05 0.5 0.240131 0.370424 
2.1 0.5 0.266521 0.409547 
2.15 0.5 0.283356 0.45084 
2.2 0.5 0.290125 0.493204 
2.25 0.5 0.286626 0.53571 
2.3 0.5 0.272963 0.577453 
2.35 0.5 0.249547 0.617403 
2.4 0.5 0.217107 0.654294 
2.45 0.5 0.1767 0.686605 
2.5 0.5 0.12971 0.712657 
2.55 0.5 0.0778208 0.730823 
2.6 0.5 0.0229625 0.739811 
2.65 0.5 -0.0327763 0.738931 
2.7 0.5 -0.087259 0.728252 
2.75 0.5 -0.138418 0.708586 
2.8 0.5 -0.18436 0.681305 
2.85 0.5 -0.223451 0.648065 
2.9 0.5 -0.254365 0.61053 
2.95 0.5 -0.276102 0.57018 
3 0.5 -0.287991 0.528232 
3.05 0.5 -0.289675 0.485686 
3.1 0.5 -0.281105 0.443441 
3.15 0.5 -0.262535 0.402445 
3.2 0.5 -0.234534 0.363837 
3.25 0.5 -0.197991 0.329012 
3.3 0.5 -0.154127 0.299591 
3.35 0.5 -0.104479 0.27726 
3.4 0.5 -0.0508637 0.263515 
3.45 0.5 0.00469894 0.25938 
3.5 0.5 0.0600816 0.265176 
3.55 0.5 0.113167 0.280453 
3.6 0.5 0.161963 0.304091 
3.65 0.5 0.204697 0.33454 
3.7 0.5 0.239882 0.37011 
3.75 0.5 0.266353 0.40921 
3.8 0.5 0.283275 0.450489 
3.85 0.5 0.290134 0.492848 
3.9 0.5 0.286727 0.535358 
3.95 0.5 0.273154 0.577113 
4 0.5 0.249825 0.617085 
4.05 0.5 0.217464 0.654013 
4.1 0.5 0.177128 0.686378 
4.15 0.5 0.130196 0.712502 
4.2 0.5 0.078351 0.730756 
4.25 0.5 0.0235227 0.739843 
4.3 0.5 -0.0322001 0.739065 
4.35 0.5 -0.0866785 0.728484 
4.4 0.5 -0.13784 0.708902 
4.45 0.5 -0.183788 0.681683 
4.5 0.5 -0.222879 0.648478 
4.55 0.5 -0.253778 0.61095 
4.6 0.5 -0.275477 0.570577 
4.65 0.5 -0.287297 0.528582 
4.7 0.5 -0.288872 0.485967 
4.75 0.5 -0.280146 0.44364 
4.8 0.5 -0.261372 0.402562 
4.85 0.5 -0.233119 0.363891 
4.9 0.5 -0.196288 0.329042 
4.95 0.5 -0.152126 0.299656 
5 0.5 -0.102221 0.277437 
0 0.55 -0.149509 0.281537 
0.05 0.55 -0.1007 0.257703 
0.1 0.55 -0.0480039 0.243032 
0.15 0.55 0.00660399 0.238727 
0.2 0.55 0.0610132 0.245158 
0.25 0.55 0.113111 0.261772 
0.3 0.55 0.160908 0.287224 
0.35 0.55 0.202646 0.319671 
0.4 0.55 0.236861 0.357123 
0.45 0.55 0.262425 0.397735 
0.5 0.55 0.278545 0.439961 
0.55 0.55 0.284755 0.482581 
0.6 0.55 0.2809 0.524616 
0.65 0.55 0.267122 0.565183 
0.7 0.55 0.243863 0.603353 
0.75 0.55 0.211869 0.638048 
0.8 0.55 0.172191 0.668011 
0.85 0.55 0.126189 0.691886 
0.9 0.55 0.0754952 0.708374 
0.95 0.55 0.0219703 0.716458 
1 0.55 -0.0323832 0.715597 
1.05 0.55 -0.0855191 0.705851 
1.1 0.55 -0.135454 0.687861 
1.15 0.55 -0.180366 0.662716 
1.2 0.55 -0.218668 0.631739 
1.25 0.55 -0.249057 0.596279 
1.3 0.55 -0.270537 0.557557 
1.35 0.55 -0.282419 0.516619 
1.4 0.55 -0.284316 0.474373 
1.45 0.55 -0.276135 0.431709 
1.5 0.55 -0.258089 0.389644 
1.55 0.55 -0.2307 0.349458 
1.6 0.55 -0.194819 0.312763 
1.65 0.55 -0.15164 0.281456 
1.7 0.55 -0.102682 0.25753 
1.75 0.55 -0.0497566 0.242764 
1.8 0.55 0.00510799 0.238374 
1.85 0.55 0.0597736 0.244741 
1.9 0.55 0.112113 0.261316 
1.95 0.55 0.160133 0.286754 
2 0.55 0.202069 0.31921 
2.05 0.55 0.236461 0.356687 
2.1 0.55 0.262179 0.397332 
2.15 0.55 0.278434 0.439596 
2.2 0.55 0.284761 0.482253 
2.25 0.55 0.281006 0.524323 
2.3 0.55 0.267314 0.564924 
2.35 0.55 0.244128 0.603129 
2.4 0.55 0.212192 0.637862 
2.45 0.55 0.172561 0.66787 
2.5 0.55 0.126591 0.691796 
2.55 0.55 0.0759167 0.708343 
2.6 0.55 0.0223959 0.71649 
2.65 0.55 -0.0319682 0.715693 
2.7 0.55 -0.0851291 0.706008 
2.75 0.55 -0.135103 0.688073 
2.8 0.55 -0.180065 0.662974 
2.85 0.55 -0.218427 0.632034 
2.9 0.55 -0.248885 0.596602 
2.95 0.55 -0.27044 0.5579 
3 0.55 -0.2824 0.516975 
3.05 0.55 -0.284377 0.474736 
3.1 0.55 -0.276276 0.432072 
3.15 0.55 -0.258306 0.389996 
3.2 0.55 -0.230988 0.349788 
3.25 0.55 -0.195171 0.313055 
3.3 0.55 -0.152043 0.281694 
3.35 0.55 -0.103123 0.257697 
3.4 0.55 -0.0502198 0.242847 
3.45 0.55 0.00464037 0.238368 
3.5 0.55 0.0593195 0.244645 
3.55 0.55 0.11169 0.261139 
3.6 0.55 0.159756 0.286511 
3.65 0.55 0.201753 0.318917 
3.7 0.55 0.236217 0.356361 
3.75 0.55 0.262015 0.396988 
3.8 0.55 0.278355 0.439244 
3.85 0.55 0.28477 0.481903 
3.9 0.55 0.281104 0.523983 
3.95 0.55 0.267499 0.564602 
4 0.55 0.244395 0.602835 
4.05 0.55 0.212535 0.637607 
4.1 0.55 0.172969 0.667666 
4.15 0.55 0.127053 0.691657 
4.2 0.55 0.0764197 0.70828 
4.25 0.55 0.0229263 0.71651 
4.3 0.55 -0.0314229 0.715797 
4.35 0.55 -0.0845784 0.706188 
4.4 0.55 -0.134552 0.688313 
4.45 0.55 -0.179512 0.663254 
4.5 0.55 -0.217862 0.632326 
4.55 0.55 -0.24829 0.596877 
4.6 0.55 -0.269786 0.55813 
4.65 0.55 -0.281649 0.517132 
4.7 0.55 -0.28348 0.4748 
4.75 0.55 -0.275183 0.432032 
4.8 0.55 -0.256961 0.389858 
4.85 0.55 -0.229342 0.349579 
4.9 0.55 -0.193192 0.312832 
4.95 0.55 -0.149735 0.281537 
5 0.55 -0.100548 0.257703 
0 0.6 -0.141593 0.26302 
0.05 0.6 -0.0953306 0.238108 
0.1 0.6 -0.045338 0.222738 
0.15 0.6 0.00648812 0.218255 
0.2 0.6 0.0581146 0.225071 
0.25 0.6 0.107505 0.242555 
0.3 0.6 0.15275 0.269194 
0.35 0.6 0.192166 0.302921 
0.4 0.6 0.224371 0.341522 
0.45 0.6 0.248311 0.382951 
0.5 0.6 0.263264 0.425512 
0.55 0.6 0.268825 0.467889 
0.6 0.6 0.264884 0.509056 
0.65 0.6 0.251618 0.548153 
0.7 0.6 0.229476 0.584344 
0.75 0.6 0.199187 0.616725 
0.8 0.6 0.161759 0.644294 
0.85 0.6 0.11847 0.665999 
0.9 0.6 0.0708472 0.680856 
0.95 0.6 0.0206115 0.6881 
1 0.6 -0.0303882 0.687329 
1.05 0.6 -0.0802651 0.678587 
1.1 0.6 -0.127188 0.662352 
1.15 0.6 -0.169466 0.639442 
1.2 0.6 -0.205616 0.610864 
1.25 0.6 -0.234407 0.577667 
1.3 0.6 -0.254883 0.540833 
1.35 0.6 -0.266365 0.501249 
1.4 0.6 -0.26845 0.459745 
1.45 0.6 -0.261013 0.417202 
1.5 0.6 -0.244214 0.374693 
1.55 0.6 -0.218512 0.333608 
1.6 0.6 -0.184688 0.295723 
1.65 0.6 -0.143858 0.263144 
1.7 0.6 -0.0974642 0.238094 
1.75 0.6 -0.0472434 0.222573 
1.8 0.6 0.00485104 0.21795 
1.85 0.6 0.0567532 0.224655 
1.9 0.6 0.106409 0.242068 
1.95 0.6 0.151897 0.268675 
2 0.6 0.191533 0.302406 
2.05 0.6 0.223931 0.341035 
2.1 0.6 0.248038 0.382506 
2.15 0.6 0.263134 0.425116 
2.2 0.6 0.268816 0.467541 
2.25 0.6 0.264979 0.508755 
2.3 0.6 0.251798 0.547895 
2.35 0.6 0.229727 0.584129 
2.4 0.6 0.199495 0.616553 
2.45 0.6 0.162111 0.644169 
2.5 0.6 0.118853 0.665925 
2.55 0.6 0.0712465 0.680837 
2.6 0.6 0.021014 0.688138 
2.65 0.6 -0.0299961 0.687425 
2.7 0.6 -0.0798968 0.678739 
2.75 0.6 -0.126856 0.662555 
2.8 0.6 -0.169181 0.639688 
2.85 0.6 -0.205387 0.611147 
2.9 0.6 -0.234243 0.57798 
2.95 0.6 -0.254789 0.54117 
3 0.6 -0.266345 0.501604 
3.05 0.6 -0.268506 0.46011 
3.1 0.6 -0.261144 0.417571 
3.15 0.6 -0.244418 0.375055 
3.2 0.6 -0.218784 0.33395 
3.25 0.6 -0.185021 0.296029 
3.3 0.6 -0.14424 0.263394 
3.35 0.6 -0.0978831 0.238271 
3.4 0.6 -0.0476834 0.222662 
3.45 0.6 0.0044068 0.217944 
3.5 0.6 0.0563221 0.224555 
3.55 0.6 0.106008 0.241884 
3.6 0.6 0.151541 0.268423 
3.65 0.6 0.191235 0.302104 
3.7 0.6 0.223701 0.340702 
3.75 0.6 0.247884 0.382159 
3.8 0.6 0.26306 0.424767 
3.85 0.6 0.268825 0.4672 
3.9 0.6 0.26507 0.508429 
3.95 0.6 0.25197 0.547593 
4 0.6 0.229974 0.583857 
4.05 0.6 0.19981 0.616321 
4.1 0.6 0.162485 0.643985 
4.15 0.6 0.119275 0.665799 
4.2 0.6 0.0717041 0.680775 
4.25 0.6 0.0214952 0.688143 
4.3 0.6 -0.029502 0.687494 
4.35 0.6 -0.0793972 0.678863 
4.4 0.6 -0.126353 0.662717 
4.45 0.6 -0.168671 0.639867 
4.5 0.6 -0.204858 0.611316 
4.55 0.6 -0.233673 0.57811 
4.6 0.6 -0.254146 0.541232 
4.65 0.6 -0.265586 0.50157 
4.7 0.6 -0.267582 0.459961 
4.75 0.6 -0.26 0.417297 
4.8 0.6 -0.242998 0.374668 
4.85 0.6 -0.217041 0.333487 
4.9 0.6 -0.182927 0.29556 
4.95 0.6 -0.141807 0.26302 
5 0.6 -0.0951865 0.238108 
0 0.65 -0.128485 0.242429 
0.05 0.65 -0.0864888 0.217269 
0.1 0.65 -0.0410613 0.201726 
0.15 0.65 0.00605095 0.197219 
0.2 0.65 0.0529715 0.204175 
0.25 0.65 0.0978219 0.221926 
0.3 0.65 0.138845 0.248864 
0.35 0.65 0.174503 0.28281 
0.4 0.65 0.203544 0.321435 
0.45 0.65 0.225027 0.362597 
0.5 0.65 0.238322 0.404526 
0.55 0.65 0.243093 0.445852 
0.6 0.65 0.239276 0.485534 
0.65 0.65 0.227061 0.522731 
0.7 0.65 0.206885 0.556689 
0.75 0.65 0.179427 0.586651 
0.8 0.65 0.145607 0.611828 
0.85 0.65 0.106581 0.631428 
0.9 0.65 0.0637123 0.644729 
0.95 0.65 0.0185306 0.65118 
1 0.65 -0.0273268 0.650494 
1.05 0.65 -0.072191 0.642702 
1.1 0.65 -0.114439 0.628145 
1.15 0.65 -0.152568 0.607413 
1.2 0.65 -0.185249 0.581249 
1.25 0.65 -0.211369 0.550447 
1.3 0.65 -0.23005 0.515789 
1.35 0.65 -0.240656 0.478025 
1.4 0.65 -0.242792 0.437918 
1.45 0.65 -0.236311 0.396336 
1.5 0.65 -0.221324 0.35438 
1.55 0.65 -0.198217 0.313497 
1.6 0.65 -0.167675 0.275543 
1.65 0.65 -0.130696 0.242728 
1.7 0.65 -0.0885929 0.217395 
1.75 0.65 -0.0429566 0.201656 
1.8 0.65 0.00441171 0.196962 
1.85 0.65 0.0516022 0.203769 
1.9 0.65 0.0967163 0.221421 
1.95 0.65 0.137985 0.248312 
2 0.65 0.173864 0.282257 
2.05 0.65 0.203099 0.320912 
2.1 0.65 0.224749 0.362124 
2.15 0.65 0.238186 0.404109 
2.2 0.65 0.243076 0.445494 
2.25 0.65 0.239358 0.48523 
2.3 0.65 0.227225 0.522479 
2.35 0.65 0.207114 0.556485 
2.4 0.65 0.179708 0.586494 
2.45 0.65 0.145928 0.611719 
2.5 0.65 0.106929 0.631369 
2.55 0.65 0.0640746 0.644721 
2.6 0.65 0.0188952 0.651224 
2.65 0.65 -0.0269721 0.65059 
2.7 0.65 -0.0718579 0.642848 
2.75 0.65 -0.114139 0.628338 
2.8 0.65 -0.15231 0.607648 
2.85 0.65 -0.185042 0.58152 
2.9 0.65 -0.21122 0.550749 
2.95 0.65 -0.229964 0.516116 
3 0.65 -0.240636 0.478371 
3.05 0.65 -0.24284 0.438278 
3.1 0.65 -0.236428 0.396704 
3.15 0.65 -0.221508 0.354743 
3.2 0.65 -0.198463 0.313842 
3.25 0.65 -0.167976 0.275853 
3.3 0.65 -0.131043 0.242983 
3.35 0.65 -0.0889736 0.217576 
3.4 0.65 -0.0433568 0.201747 
3.45 0.65 0.00400759 0.196957 
3.5 0.65 0.0512102 0.203668 
3.55 0.65 0.0963519 0.221235 
3.6 0.65 0.137662 0.248059 
3.65 0.65 0.173595 0.281955 
3.7 0.65 0.202892 0.320582 
3.75 0.65 0.224611 0.361782 
3.8 0.65 0.23812 0.40377 
3.85 0.65 0.243085 0.445166 
3.9 0.65 0.23944 0.484922 
3.95 0.65 0.227377 0.522196 
4 0.65 0.207333 0.556235 
4.05 0.65 0.179986 0.586282 
4.1 0.65 0.146256 0.611552 
4.15 0.65 0.107298 0.631251 
4.2 0.65 0.0644725 0.644656 
4.25 0.65 0.0193121 0.651211 
4.3 0.65 -0.026545 0.650624 
4.35 0.65 -0.0714263 0.642917 
4.4 0.65 -0.113704 0.628425 
4.45 0.65 -0.151865 0.607732 
4.5 0.65 -0.184573 0.581574 
4.55 0.65 -0.210705 0.550745 
4.6 0.65 -0.22937 0.516025 
4.65 0.65 -0.239922 0.478168 
4.7 0.65 -0.241956 0.437942 
4.75 0.65 -0.235321 0.396229 
4.8 0.65 -0.220125 0.354146 
4.85 0.65 -0.196762 0.313167 
4.9 0.65 -0.165935 0.275181 
4.95 0.65 -0.128677 0.242429 
5 0.65 -0.0863594 0.217269 
0 0.7 -0.11084 0.218618 
0.05 0.7 -0.0746101 0.194283 
0.1 0.7 -0.0353798 0.179243 
0.15 0.7 0.00532037 0.174902 
0.2 0.7 0.0458451 0.181682 
0.25 0.7 0.0845494 0.198913 
0.3 0.7 0.119899 0.224998 
0.35 0.7 0.15056 0.257774 
0.4 0.7 0.175455 0.294938 
0.45 0.7 0.193786 0.334374 
0.5 0.7 0.205033 0.374333 
0.55 0.7 0.208931 0.413461 
0.6 0.7 0.205452 0.450736 
0.65 0.7 0.194786 0.485354 
0.7 0.7 0.177327 0.516634 
0.75 0.7 0.153677 0.543936 
0.8 0.7 0.124632 0.566642 
0.85 0.7 0.0911827 0.584155 
0.9 0.7 0.0544884 0.595955 
0.95 0.7 0.0158439 0.601652 
1 0.7 -0.02337 0.601047 
1.05 0.7 -0.0617468 0.594159 
1.1 0.7 -0.0979174 0.581229 
1.15 0.7 -0.130608 0.562672 
1.2 0.7 -0.158688 0.539029 
1.25 0.7 -0.181201 0.510899 
1.3 0.7 -0.197384 0.478905 
1.35 0.7 -0.206672 0.443688 
1.4 0.7 -0.208704 0.405947 
1.45 0.7 -0.203328 0.366519 
1.5 0.7 -0.190611 0.326485 
1.55 0.7 -0.170861 0.287278 
1.6 0.7 -0.144647 0.250735 
1.65 0.7 -0.112821 0.219039 
1.7 0.7 -0.0765139 0.194512 
1.75 0.7 -0.0371107 0.179249 
1.8 0.7 0.00381196 0.174694 
1.85 0.7 0.0445786 0.1813 
1.9 0.7 0.0835238 0.198413 
1.95 0.7 0.1191 0.22444 
2 0.7 0.149967 0.25721 
2.05 0.7 0.175042 0.294405 
2.1 0.7 0.193529 0.333893 
2.15 0.7 0.204906 0.373914 
2.2 0.7 0.208912 0.413105 
2.25 0.7 0.205522 0.45044 
2.3 0.7 0.194928 0.485114 
2.35 0.7 0.177527 0.516445 
2.4 0.7 0.153921 0.543796 
2.45 0.7 0.12491 0.566549 
2.5 0.7 0.0914834 0.58411 
2.55 0.7 0.0548009 0.595957 
2.6 0.7 0.0161578 0.601701 
2.65 0.7 -0.0230649 0.601142 
2.7 0.7 -0.0614605 0.594299 
2.75 0.7 -0.0976589 0.581411 
2.8 0.7 -0.130386 0.562892 
2.85 0.7 -0.158509 0.539283 
2.9 0.7 -0.181072 0.511183 
2.95 0.7 -0.197308 0.479215 
3 0.7 -0.206653 0.444019 
3.05 0.7 -0.208744 0.406293 
3.1 0.7 -0.203428 0.366872 
3.15 0.7 -0.190768 0.326835 
3.2 0.7 -0.171072 0.287612 
3.25 0.7 -0.144906 0.251034 
3.3 0.7 -0.11312 0.219286 
3.35 0.7 -0.0768426 0.194687 
3.4 0.7 -0.0374566 0.179338 
3.45 0.7 0.00346271 0.174689 
3.5 0.7 0.0442399 0.181202 
3.55 0.7 0.0832093 0.198234 
3.6 0.7 0.118822 0.224195 
3.65 0.7 0.149735 0.25692 
3.7 0.7 0.174864 0.294089 
3.75 0.7 0.19341 0.333568 
3.8 0.7 0.20485 0.373592 
3.85 0.7 0.208919 0.412797 
3.9 0.7 0.205592 0.450153 
3.95 0.7 0.195057 0.484853 
4 0.7 0.177711 0.516216 
4.05 0.7 0.154154 0.543604 
4.1 0.7 0.125184 0.566396 
4.15 0.7 0.0917888 0.583998 
4.2 0.7 0.0551293 0.595888 
4.25 0.7 0.0165003 0.601671 
4.3 0.7 -0.0227155 0.601143 
4.35 0.7 -0.0611082 0.59432 
4.4 0.7 -0.0973034 0.581433 
4.45 0.7 -0.130021 0.562896 
4.5 0.7 -0.158121 0.539244 
4.55 0.7 -0.180638 0.511073 
4.6 0.7 -0.196799 0.479006 
4.65 0.7 -0.206029 0.443687 
4.7 0.7 -0.207962 0.405821 
4.75 0.7 -0.202438 0.366257 
4.8 0.7 -0.189526 0.326098 
4.85 0.7 -0.169541 0.286801 
4.9 0.7 -0.143072 0.250236 
4.95 0.7 -0.110999 0.218618 
5 0.7 -0.074503 0.194283 
0 0.75 -0.0896832 0.190915 
0.05 0.75 -0.0603757 0.16861 
0.1 0.75 -0.0286102 0.154828 
0.15 0.75 0.0043546 0.150866 
0.2 0.75 0.0371674 0.157112 
0.25 0.75 0.0684796 0.17294 
0.3 0.75 0.0970373 0.196868 
0.35 0.75 0.121757 0.226894 
0.4 0.75 0.14177 0.260883 
0.45 0.75 0.156445 0.296876 
0.5 0.75 0.165376 0.333246 
0.55 0.75 0.168371 0.368732 
0.6 0.75 0.165426 0.402379 
0.65 0.75 0.156711 0.433449 
0.7 0.75 0.142561 0.461334 
0.75 0.75 0.123468 0.485499 
0.8 0.75 0.100079 0.505449 
0.85 0.75 0.073189 0.520738 
0.9 0.75 0.0437232 0.530986 
0.95 0.75 0.012711 0.535918 
1 0.75 -0.0187525 0.535394 
1.05 0.75 -0.0495526 0.529429 
1.1 0.75 -0.0786031 0.518188 
1.15 0.75 -0.104891 0.501968 
1.2 0.75 -0.127512 0.481163 
1.25 0.75 -0.145698 0.45623 
1.3 0.75 -0.158827 0.427666 
1.35 0.75 -0.166435 0.396018 
1.4 0.75 -0.168214 0.361912 
1.45 0.75 -0.164024 0.326123 
1.5 0.75 -0.153897 0.289659 
1.55 0.75 -0.138063 0.253858 
1.6 0.75 -0.116968 0.220425 
1.65 0.75 -0.0912883 0.191387 
1.7 0.75 -0.0619395 0.168893 
1.75 0.75 -0.0300504 0.154886 
1.8 0.75 0.00308715 0.150705 
1.85 0.75 0.0360964 0.156769 
1.9 0.75 0.0676095 0.172473 
1.95 0.75 0.0963594 0.196338 
2 0.75 0.121254 0.226354 
2.05 0.75 0.141422 0.260373 
2.1 0.75 0.156228 0.296417 
2.15 0.75 0.16527 0.332848 
2.2 0.75 0.168355 0.368397 
2.25 0.75 0.165484 0.402104 
2.3 0.75 0.156828 0.433229 
2.35 0.75 0.142725 0.461165 
2.4 0.75 0.123668 0.485377 
2.45 0.75 0.100306 0.505373 
2.5 0.75 0.0734329 0.520705 
2.55 0.75 0.043976 0.530995 
2.6 0.75 0.0129644 0.535969 
2.65 0.75 -0.0185066 0.535485 
2.7 0.75 -0.049322 0.529559 
2.75 0.75 -0.0783949 0.518354 
2.8 0.75 -0.104712 0.502169 
2.85 0.75 -0.127367 0.481395 
2.9 0.75 -0.145592 0.456488 
2.95 0.75 -0.158765 0.427948 
3 0.75 -0.166418 0.39632 
3.05 0.75 -0.168245 0.362229 
3.1 0.75 -0.164103 0.326446 
3.15 0.75 -0.154023 0.28998 
3.2 0.75 -0.138233 0.254164 
3.25 0.75 -0.117177 0.220701 
3.3 0.75 -0.09153 0.191614 
3.35 0.75 -0.0622055 0.169055 
3.4 0.75 -0.0303304 0.154968 
3.45 0.75 0.00280428 0.1507 
3.5 0.75 0.0358223 0.15668 
3.55 0.75 0.0673551 0.172309 
3.6 0.75 0.0961347 0.196114 
3.65 0.75 0.121067 0.226089 
3.7 0.75 0.141279 0.260085 
3.75 0.75 0.156133 0.296121 
3.8 0.75 0.165225 0.332557 
3.85 0.75 0.168361 0.368119 
3.9 0.75 0.165539 0.401846 
3.95 0.75 0.15693 0.432997 
4 0.75 0.14287 0.460962 
4.05 0.75 0.123851 0.485206 
4.1 0.75 0.100519 0.505235 
4.15 0.75 0.0736704 0.520601 
4.2 0.75 0.0442299 0.530924 
4.25 0.75 0.0132277 0.535925 
4.3 0.75 -0.0182394 0.535461 
4.35 0.75 -0.0490539 0.529542 
4.4 0.75 -0.0781249 0.51833 
4.45 0.75 -0.104434 0.502116 
4.5 0.75 -0.12707 0.481291 
4.55 0.75 -0.145256 0.456308 
4.6 0.75 -0.158363 0.427668 
4.65 0.75 -0.165918 0.395918 
4.7 0.75 -0.16761 0.361691 
4.75 0.75 -0.163292 0.325773 
4.8 0.75 -0.153 0.289194 
4.85 0.75 -0.136973 0.253315 
4.9 0.75 -0.115671 0.219872 
4.95 0.75 -0.0897972 0.190915 
5 0.75 -0.0602988 0.16861 
0 0.8 -0.0664614 0.1591 
0.05 0.8 -0.0447501 0.140008 
0.1 0.8 -0.0211992 0.128221 
0.15 0.8 0.00324188 0.124844 
0.2 0.8 0.0275595 0.130203 
0.25 0.8 0.0507442 0.143761 
0.3 0.8 0.0718599 0.164251 
0.35 0.8 0.0901017 0.189958 
0.4 0.8 0.104831 0.219051 
0.45 0.8 0.115589 0.249843 
0.5 0.8 0.122088 0.280929 
0.55 0.8 0.124201 0.311211 
0.6 0.8 0.121937 0.339856 
0.65 0.8 0.115434 0.366223 
0.7 0.8 0.104947 0.389795 
0.75 0.8 0.0908436 0.410134 
0.8 0.8 0.0736031 0.426852 
0.85 0.8 0.053809 0.439611 
0.9 0.8 0.0321382 0.448136 
0.95 0.8 0.00934154 0.45223 
1 0.8 -0.0137838 0.451795 
1.05 0.8 -0.0364262 0.446841 
1.1 0.8 -0.0577947 0.437485 
1.15 0.8 -0.0771498 0.423938 
1.2 0.8 -0.0938303 0.406489 
1.25 0.8 -0.10727 0.385483 
1.3 0.8 -0.11701 0.361316 
1.35 0.8 -0.1227 0.334438 
1.4 0.8 -0.124105 0.305385 
1.45 0.8 -0.121108 0.27483 
1.5 0.8 -0.113721 0.243655 
1.55 0.8 -0.102099 0.213022 
1.6 0.8 -0.0865589 0.184405 
1.65 0.8 -0.0675958 0.159548 
1.7 0.8 -0.0458848 0.140294 
1.75 0.8 -0.0222675 0.128305 
1.8 0.8 0.00228784 0.124726 
1.85 0.8 0.0267467 0.129916 
1.9 0.8 0.0500817 0.143358 
1.95 0.8 0.0713437 0.163787 
2 0.8 0.0897199 0.189482 
2.05 0.8 0.104568 0.218599 
2.1 0.8 0.115426 0.249436 
2.15 0.8 0.12201 0.280578 
2.2 0.8 0.124191 0.310917 
2.25 0.8 0.121982 0.339617 
2.3 0.8 0.115523 0.366034 
2.35 0.8 0.10507 0.389653 
2.4 0.8 0.0909934 0.410034 
2.45 0.8 0.0737718 0.426792 
2.5 0.8 0.0539901 0.439588 
2.55 0.8 0.0323254 0.448149 
2.6 0.8 0.00952874 0.452278 
2.65 0.8 -0.0136023 0.451877 
2.7 0.8 -0.0362562 0.446955 
2.75 0.8 -0.0576411 0.43763 
2.8 0.8 -0.0770176 0.424112 
2.85 0.8 -0.0937234 0.406688 
2.9 0.8 -0.107192 0.385706 
2.95 0.8 -0.116963 0.361559 
3 0.8 -0.122687 0.334698 
3.05 0.8 -0.124127 0.305657 
3.1 0.8 -0.121165 0.275108 
3.15 0.8 -0.113813 0.243931 
3.2 0.8 -0.102224 0.213285 
3.25 0.8 -0.0867132 0.184642 
3.3 0.8 -0.0677745 0.159743 
3.35 0.8 -0.0460817 0.140432 
3.4 0.8 -0.022475 0.128375 
3.45 0.8 0.00207822 0.124722 
3.5 0.8 0.0265437 0.12984 
3.55 0.8 0.0498934 0.143218 
3.6 0.8 0.0711776 0.163596 
3.65 0.8 0.089582 0.189255 
3.7 0.8 0.104462 0.218353 
3.75 0.8 0.115357 0.249184 
3.8 0.8 0.121977 0.280329 
3.85 0.8 0.124195 0.31068 
3.9 0.8 0.122023 0.339398 
3.95 0.8 0.115597 0.365837 
4 0.8 0.105175 0.38948 
4.05 0.8 0.0911247 0.409888 
4.1 0.8 0.0739249 0.426673 
4.15 0.8 0.0541593 0.439497 
4.2 0.8 0.0325052 0.448081 
4.25 0.8 0.00971394 0.452229 
4.3 0.8 -0.0134158 0.451839 
4.35 0.8 -0.0360704 0.446918 
4.4 0.8 -0.0574552 0.437579 
4.45 0.8 -0.0768266 0.424029 
4.5 0.8 -0.0935178 0.406555 
4.55 0.8 -0.106957 0.385501 
4.6 0.8 -0.116679 0.361261 
4.65 0.8 -0.122327 0.33429 
4.7 0.8 -0.123664 0.30513 
4.75 0.8 -0.120569 0.274464 
4.8 0.8 -0.113058 0.243194 
4.85 0.8 -0.101295 0.2125 
4.9 0.8 -0.0856106 0.183882 
4.95 0.8 -0.0665186 0.1591 
5 0.8 -0.0447112 0.140008 
0 0.85 -0.0431044 0.123379 
0.05 0.85 -0.0290209 0.108484 
0.1 0.85 -0.0137449 0.0993021 
0.15 0.85 0.00209858 0.0966786 
0.2 0.85 0.0178504 0.10086 
0.25 0.85 0.032853 0.111432 
0.3 0.85 0.0464972 0.127414 
0.35 0.85 0.0582614 0.147482 
0.4 0.85 0.0677358 0.170212 
0.45 0.85 0.0746297 0.194286 
0.5 0.85 0.0787666 0.218596 
0.55 0.85 0.0800719 0.242271 
0.6 0.85 0.0785608 0.264645 
0.65 0.85 0.074328 0.285209 
0.7 0.85 0.0675417 0.303556 
0.75 0.85 0.0584412 0.319347 
0.8 0.85 0.0473347 0.332294 
0.85 0.85 0.0345967 0.342153 
0.9 0.85 0.02066 0.348727 
0.95 0.85 0.00600449 0.35188 
1 0.85 -0.0088609 0.351546 
1.05 0.85 -0.0234181 0.347729 
1.1 0.85 -0.0371619 0.340511 
1.15 0.85 -0.0496199 0.330039 
1.2 0.85 -0.0603687 0.316518 
1.25 0.85 -0.0690453 0.3002 
1.3 0.85 -0.075353 0.281381 
1.35 0.85 -0.0790643 0.260411 
1.4 0.85 -0.080023 0.237711 
1.45 0.85 -0.078147 0.213819 
1.5 0.85 -0.0734353 0.189439 
1.55 0.85 -0.0659794 0.165493 
1.6 0.85 -0.0559759 0.143139 
1.65 0.85 -0.043739 0.123741 
1.7 0.85 -0.0297042 0.108729 
1.75 0.85 -0.0144193 0.0993881 
1.8 0.85 0.00148161 0.096601 
1.85 0.85 0.0173192 0.100644 
1.9 0.85 0.0324187 0.111118 
1.95 0.85 0.0461595 0.127048 
2 0.85 0.0580129 0.147104 
2.05 0.85 0.0675658 0.169852 
2.1 0.85 0.0745264 0.193961 
2.15 0.85 0.0787183 0.218315 
2.2 0.85 0.0800683 0.242036 
2.25 0.85 0.0785929 0.264456 
2.3 0.85 0.0743881 0.285061 
2.35 0.85 0.0676235 0.303445 
2.4 0.85 0.0585394 0.319271 
2.45 0.85 0.0474447 0.33225 
2.5 0.85 0.0347141 0.342138 
2.55 0.85 0.0207811 0.348741 
2.6 0.85 0.00612531 0.351921 
2.65 0.85 -0.00874397 0.351612 
2.7 0.85 -0.0233086 0.347821 
2.75 0.85 -0.037063 0.340626 
2.8 0.85 -0.0495346 0.330176 
2.85 0.85 -0.0602997 0.316675 
2.9 0.85 -0.0689948 0.300376 
2.95 0.85 -0.0753227 0.281573 
3 0.85 -0.0790557 0.260615 
3.05 0.85 -0.0800369 0.237925 
3.1 0.85 -0.0781836 0.214038 
3.15 0.85 -0.0734944 0.189656 
3.2 0.85 -0.0660596 0.165699 
3.25 0.85 -0.0560753 0.143325 
3.3 0.85 -0.0438544 0.123894 
3.35 0.85 -0.0298316 0.108837 
3.4 0.85 -0.0145536 0.0994433 
3.45 0.85 0.00134588 0.0965984 
3.5 0.85 0.0171877 0.100584 
3.55 0.85 0.032297 0.111008 
3.6 0.85 0.0460522 0.126899 
3.65 0.85 0.057924 0.146927 
3.7 0.85 0.0674981 0.16966 
3.75 0.85 0.0744816 0.193764 
3.8 0.85 0.0786973 0.218121 
3.85 0.85 0.080071 0.241852 
3.9 0.85 0.0786185 0.264285 
3.95 0.85 0.0744352 0.284907 
4 0.85 0.0676899 0.30331 
4.05 0.85 0.0586222 0.319156 
4.1 0.85 0.0475407 0.332156 
4.15 0.85 0.0348198 0.342064 
4.2 0.85 0.0208926 0.348683 
4.25 0.85 0.0062392 0.351876 
4.3 0.85 -0.00863038 0.351573 
4.35 0.85 -0.0231966 0.347778 
4.4 0.85 -0.0369521 0.340569 
4.45 0.85 -0.0494215 0.330091 
4.5 0.85 -0.0601779 0.316547 
4.55 0.85 -0.0688544 0.300187 
4.6 0.85 -0.0751501 0.281309 
4.65 0.85 -0.078834 0.260263 
4.7 0.85 -0.0797471 0.237478 
4.75 0.85 -0.0778069 0.213502 
4.8 0.85 -0.0730156 0.189051 
4.85 0.85 -0.0654726 0.165063 
4.9 0.85 -0.0553883 0.142716 
4.95 0.85 -0.0430931 0.123379 
5 0.85 -0.0290281 0.108484 
0 0.9 -0.0220892 0.0843325 
0.05 0.9 -0.0148443 0.0742706 
0.1 0.9 -0.00702334 0.0680854 
0.15 0.9 0.0010656 0.0663227 
0.2 0.9 0.00909617 0.0691414 
0.25 0.9 0.0167354 0.0762672 
0.3 0.9 0.0236721 0.0870529 
0.35 0.9 0.0296405 0.100618 
0.4 0.9 0.0344343 0.11601 
0.45 0.9 0.0379092 0.132338 
0.5 0.9 0.0399806 0.148846 
0.55 0.9 0.0406154 0.164933 
0.6 0.9 0.0398252 0.180138 
0.65 0.9 0.0376608 0.194106 
0.7 0.9 0.0342088 0.206556 
0.75 0.9 0.0295906 0.21726 
0.8 0.9 0.0239618 0.226024 
0.85 0.9 0.0175109 0.232689 
0.9 0.9 0.010456 0.237129 
0.95 0.9 0.00303865 0.239257 
1 0.9 -0.00448451 0.239031 
1.05 0.9 -0.0118524 0.236455 
1.1 0.9 -0.0188103 0.231579 
1.15 0.9 -0.0251203 0.224498 
1.2 0.9 -0.0305692 0.215342 
1.25 0.9 -0.034974 0.204279 
1.3 0.9 -0.0381851 0.191505 
1.35 0.9 -0.0400866 0.177258 
1.4 0.9 -0.0405978 0.161831 
1.45 0.9 -0.0396739 0.145598 
1.5 0.9 -0.0373103 0.129046 
1.55 0.9 -0.0335482 0.112809 
1.6 0.9 -0.028483 0.0976786 
1.65 0.9 -0.022271 0.0845724 
1.7 0.9 -0.0151325 0.0744471 
1.75 0.9 -0.0073481 0.0681551 
1.8 0.9 0.000755078 0.0662789 
1.85 0.9 0.00882544 0.0690005 
1.9 0.9 0.016514 0.0760574 
1.95 0.9 0.0235007 0.0868054 
2 0.9 0.0295156 0.10036 
2.05 0.9 0.0343499 0.115763 
2.1 0.9 0.0378591 0.132115 
2.15 0.9 0.0399585 0.148653 
2.2 0.9 0.0406158 0.164772 
2.25 0.9 0.0398434 0.180008 
2.3 0.9 0.0376929 0.194004 
2.35 0.9 0.0342516 0.206481 
2.4 0.9 0.0296414 0.217208 
2.45 0.9 0.0240182 0.225995 
2.5 0.9 0.0175709 0.23268 
2.55 0.9 0.0105176 0.237139 
2.6 0.9 0.00309996 0.239286 
2.65 0.9 -0.00442525 0.239078 
2.7 0.9 -0.0117969 0.236518 
2.75 0.9 -0.0187602 0.231658 
2.8 0.9 -0.0250771 0.224592 
2.85 0.9 -0.0305342 0.21545 
2.9 0.9 -0.0349484 0.204399 
2.95 0.9 -0.0381696 0.191636 
3 0.9 -0.0400821 0.177398 
3.05 0.9 -0.0406046 0.161977 
3.1 0.9 -0.0396922 0.145747 
3.15 0.9 -0.03734 0.129193 
3.2 0.9 -0.0335888 0.112949 
3.25 0.9 -0.0285334 0.0978043 
3.3 0.9 -0.0223296 0.0846757 
3.35 0.9 -0.0151973 0.0745204 
3.4 0.9 -0.00741651 0.0681924 
3.45 0.9 0.000685925 0.0662773 
3.5 0.9 0.0087585 0.0689607 
3.55 0.9 0.016452 0.0759838 
3.6 0.9 0.0234462 0.0867048 
3.65 0.9 0.0294705 0.100241 
3.7 0.9 0.0343156 0.115633 
3.75 0.9 0.0378365 0.131981 
3.8 0.9 0.039948 0.148521 
3.85 0.9 0.0406172 0.164646 
3.9 0.9 0.0398564 0.179891 
3.95 0.9 0.0377166 0.193899 
4 0.9 0.0342848 0.206389 
4.05 0.9 0.0296826 0.21713 
4.1 0.9 0.0240658 0.22593 
4.15 0.9 0.017623 0.232628 
4.2 0.9 0.0105721 0.237098 
4.25 0.9 0.00315516 0.239252 
4.3 0.9 -0.00437087 0.239046 
4.35 0.9 -0.0117441 0.236483 
4.4 0.9 -0.0187087 0.231612 
4.45 0.9 -0.0250252 0.224525 
4.5 0.9 -0.0304787 0.215352 
4.55 0.9 -0.0348841 0.204259 
4.6 0.9 -0.0380894 0.191443 
4.65 0.9 -0.039977 0.177145 
4.7 0.9 -0.0404647 0.161661 
4.75 0.9 -0.0395078 0.145371 
4.8 0.9 -0.037104 0.128775 
4.85 0.9 -0.0333011 0.112516 
4.9 0.9 -0.0282072 0.0973955 
4.95 0.9 -0.0219981 0.0843325 
5 0.9 -0.0149055 0.0742706 
0 0.95 -0.00652587 0.0428389 
0.05 0.95 -0.00430415 0.037838 
0.1 0.95 -0.00202313 0.0347795 
0.15 0.95 0.000304751 0.0339101 
0.2 0.95 0.00260813 0.0353048 
0.25 0.95 0.00479577 0.038832 
0.3 0.95 0.00677848 0.0441798 
0.35 0.95 0.00848008 0.0509207 
0.4 0.95 0.00984221 0.0585882 
0.45 0.95 0.0108252 0.0667405 
0.5 0.95 0.0114068 0.0749984 
0.55 0.95 0.0115792 0.0830572 
0.6 0.95 0.0113471 0.0906805 
0.65 0.95 0.0107255 0.097686 
0.7 0.95 0.00973939 0.10393 
0.75 0.95 0.00842293 0.109296 
0.8 0.95 0.00681999 0.113688 
0.85 0.95 0.00498371 0.117027 
0.9 0.95 0.00297579 0.11925 
0.95 0.95 0.000864803 0.120315 
1 0.95 -0.0012763 0.120202 
1.05 0.95 -0.00337324 0.118912 
1.1 0.95 -0.00535363 0.116471 
1.15 0.95 -0.00714998 0.112923 
1.2 0.95 -0.00870203 0.108335 
1.25 0.95 -0.00995819 0.102787 
1.3 0.95 -0.0108763 0.0963808 
1.35 0.95 -0.0114235 0.0892356 
1.4 0.95 -0.0115767 0.081502 
1.45 0.95 -0.0113222 0.0733718 
1.5 0.95 -0.0106574 0.0650947 
1.55 0.95 -0.00959202 0.0569918 
1.6 0.95 -0.00815157 0.0494589 
1.65 0.95 -0.00637921 0.0429497 
1.7 0.95 -0.00433744 0.0379322 
1.75 0.95 -0.0021071 0.0348194 
1.8 0.95 0.000216535 0.033892 
1.85 0.95 0.00253056 0.0352374 
1.9 0.95 0.00473287 0.0387295 
1.95 0.95 0.00673043 0.0440577 
2 0.95 0.00844559 0.0507927 
2.05 0.95 0.00981943 0.0584648 
2.1 0.95 0.0108122 0.0666284 
2.15 0.95 0.0114016 0.0749011 
2.2 0.95 0.0115803 0.0829757 
2.25 0.95 0.0113531 0.0906146 
2.3 0.95 0.0107353 0.0976347 
2.35 0.95 0.009752 0.103892 
2.4 0.95 0.00843767 0.109271 
2.45 0.95 0.00683622 0.113674 
2.5 0.95 0.00500088 0.117022 
2.55 0.95 0.00299336 0.119255 
2.6 0.95 0.000882265 0.12033 
2.65 0.95 -0.00125945 0.120225 
2.7 0.95 -0.00335747 0.118944 
2.75 0.95 -0.0053394 0.116511 
2.8 0.95 -0.0071377 0.112971 
2.85 0.95 -0.00869206 0.108389 
2.9 0.95 -0.00995085 0.102848 
2.95 0.95 -0.0108718 0.0964467 
3 0.95 -0.0114222 0.0893059 
3.05 0.95 -0.0115786 0.0815754 
3.1 0.95 -0.0113274 0.0734466 
3.15 0.95 -0.0106657 0.0651686 
3.2 0.95 -0.00960352 0.0570618 
3.25 0.95 -0.0081659 0.0495215 
3.3 0.95 -0.00639595 0.043001 
3.35 0.95 -0.00435598 0.0379685 
3.4 0.95 -0.0021267 0.0348379 
3.45 0.95 0.000196714 0.0338913 
3.5 0.95 0.00251138 0.0352178 
3.55 0.95 0.00471515 0.0386931 
3.6 0.95 0.00671488 0.0440078 
3.65 0.95 0.00843277 0.0507333 
3.7 0.95 0.00980972 0.0583999 
3.75 0.95 0.0108058 0.0665616 
3.8 0.95 0.0113987 0.0748351 
3.85 0.95 0.0115808 0.0829128 
3.9 0.95 0.0113568 0.0905562 
3.95 0.95 0.010742 0.097582 
4 0.95 0.00976137 0.103846 
4.05 0.95 0.00844928 0.109231 
4.1 0.95 0.00684956 0.113641 
4.15 0.95 0.00501538 0.116996 
4.2 0.95 0.00300843 0.119233 
4.25 0.95 0.000897337 0.120311 
4.3 0.95 -0.00124483 0.120208 
4.35 0.95 -0.00334357 0.118925 
4.4 0.95 -0.00532618 0.116485 
4.45 0.95 -0.00712473 0.112935 
4.5 0.95 -0.00867842 0.108337 
4.55 0.95 -0.00993503 0.102775 
4.6 0.95 -0.0108517 0.0963469 
4.65 0.95 -0.0113952 0.0891761 
4.7 0.95 -0.0115416 0.0814143 
4.75 0.95 -0.0112775 0.0732571 
4.8 0.95 -0.0106008 0.0649594 
4.85 0.95 -0.00952464 0.0568482 
4.9 0.95 -0.00808293 0.0493239 
4.95 0.95 -0.00634315 0.0428389 
5 0.95 -0.00442768 0.037838 
0 1 0 0 
0.05 1 0 0 
0.1 1 0 0 
0.15 1 0 0 
0.2 1 0 0 
0.25 1 0 0 
0.3 1 0 0 
0.35 1 0 0 
0.4 1 0 0 
0.45 1 0 0 
0.5 1 0 0 
0.55 1 0 0 
0.6 1 0 0 
0.65 1 0 0 
0.7 1 0 0 
0.75 1 0 0 
0.8 1 0 0 
0.85 1 0 0 
0.9 1 0 0 
0.95 1 0 0 
1 1 0 0 
1.05 1 0 0 
1.1 1 0 0 
1.15 1 0 0 
1.2 1 0 0 
1.25 1 0 0 
1.3 1 0 0 
1.35 1 0 0 
1.4 1 0 0 
1.45 1 0 0 
1.5 1 0 0 
1.55 1 0 0 
1.6 1 0 0 
1.65 1 0 0 
1.7 1 0 0 
1.75 1 0 0 
1.8 1 0 0 
1.85 1 0 0 
1.9 1 0 0 
1.95 1 0 0 
2 1 0 0 
2.05 1 0 0 
2.1 1 0 0 
2.15 1 0 0 
2.2 1 0 0 
2.25 1 0 0 
2.3 1 0 0 
2.35 1 0 0 
2.4 1 0 0 
2.45 1 0 0 
2.5 1 0 0 
2.55 1 0 0 
2.6 1 0 0 
2.65 1 0 0 
2.7 1 0 0 
2.75 1 0 0 
2.8 1 0 0 
2.85 1 0 0 
2.9 1 0 0 
2.95 1 0 0 
3 1 0 0 
3.05 1 0 0 
3.1 1 0 0 
3.15 1 0 0 
3.2 1 0 0 
3.25 1 0 0 
3.3 1 0 0 
3.35 1 0 0 
3.4 1 0 0 
3.45 1 0 0 
3.5 1 0 0 
3.55 1 0 0 
3.6 1 0 0 
3.65 1 0 0 
3.7 1 0 0 
3.75 1 0 0 
3.8 1 0 0 
3.85 1 0 0 
3.9 1 0 0 
3.95 1 0 0 
4 1 0 0 
4.05 1 0 0 
4.1 1 0 0 
4.15 1 0 0 
4.2 1 0 0 
4.25 1 0 0 
4.3 1 0 0 
4.35 1 0 0 
4.4 1 0 0 
4.45 1 0 0 
4.5 1 0 0 
4.55 1 0 0 
4.6 1 0 0 
4.65 1 0 0 
4.7 1 0 0 
4.75 1 0 0 
4.8 1 0 0 
4.85 1 0 0 
4.9 1 0 0 
4.95 1 0 0 
5 1 0 0 
