x, y, ksi, T
#iter= 1880000
0 0 0 1 
0.05 0 0 1 
0.1 0 0 1 
0.15 0 0 1 
0.2 0 0 1 
0.25 0 0 1 
0.3 0 0 1 
0.35 0 0 1 
0.4 0 0 1 
0.45 0 0 1 
0.5 0 0 1 
0.55 0 0 1 
0.6 0 0 1 
0.65 0 0 1 
0.7 0 0 1 
0.75 0 0 1 
0.8 0 0 1 
0.85 0 0 1 
0.9 0 0 1 
0.95 0 0 1 
1 0 0 1 
1.05 0 0 1 
1.1 0 0 1 
1.15 0 0 1 
1.2 0 0 1 
1.25 0 0 1 
1.3 0 0 1 
1.35 0 0 1 
1.4 0 0 1 
1.45 0 0 1 
1.5 0 0 1 
1.55 0 0 1 
1.6 0 0 1 
1.65 0 0 1 
1.7 0 0 1 
1.75 0 0 1 
1.8 0 0 1 
1.85 0 0 1 
1.9 0 0 1 
1.95 0 0 1 
2 0 0 1 
2.05 0 0 1 
2.1 0 0 1 
2.15 0 0 1 
2.2 0 0 1 
2.25 0 0 1 
2.3 0 0 1 
2.35 0 0 1 
2.4 0 0 1 
2.45 0 0 1 
2.5 0 0 1 
2.55 0 0 1 
2.6 0 0 1 
2.65 0 0 1 
2.7 0 0 1 
2.75 0 0 1 
2.8 0 0 1 
2.85 0 0 1 
2.9 0 0 1 
2.95 0 0 1 
3 0 0 1 
3.05 0 0 1 
3.1 0 0 1 
3.15 0 0 1 
3.2 0 0 1 
3.25 0 0 1 
3.3 0 0 1 
3.35 0 0 1 
3.4 0 0 1 
3.45 0 0 1 
3.5 0 0 1 
3.55 0 0 1 
3.6 0 0 1 
3.65 0 0 1 
3.7 0 0 1 
3.75 0 0 1 
3.8 0 0 1 
3.85 0 0 1 
3.9 0 0 1 
3.95 0 0 1 
4 0 0 1 
4.05 0 0 1 
4.1 0 0 1 
4.15 0 0 1 
4.2 0 0 1 
4.25 0 0 1 
4.3 0 0 1 
4.35 0 0 1 
4.4 0 0 1 
4.45 0 0 1 
4.5 0 0 1 
4.55 0 0 1 
4.6 0 0 1 
4.65 0 0 1 
4.7 0 0 1 
4.75 0 0 1 
4.8 0 0 1 
4.85 0 0 1 
4.9 0 0 1 
4.95 0 0 1 
5 0 0 1 
0 0.05 -0.00642561 0.884629 
0.05 0.05 -0.00432871 0.881645 
0.1 0.05 -0.00214147 0.879911 
0.15 0.05 7.00131e-05 0.879406 
0.2 0.05 0.0022477 0.880111 
0.25 0.05 0.00432773 0.881998 
0.3 0.05 0.00624552 0.885023 
0.35 0.05 0.00794049 0.889126 
0.4 0.05 0.00935899 0.89423 
0.45 0.05 0.0104558 0.900243 
0.5 0.05 0.0111945 0.907055 
0.55 0.05 0.0115481 0.914532 
0.6 0.05 0.0114985 0.922505 
0.65 0.05 0.0110378 0.930755 
0.7 0.05 0.0101696 0.938998 
0.75 0.05 0.00891138 0.946874 
0.8 0.05 0.00729733 0.953956 
0.85 0.05 0.00538034 0.959776 
0.9 0.05 0.00323249 0.963883 
0.95 0.05 0.000942603 0.965922 
1 0.05 -0.0013892 0.965704 
1.05 0.05 -0.00365933 0.96325 
1.1 0.05 -0.00576928 0.958787 
1.15 0.05 -0.00763314 0.952693 
1.2 0.05 -0.00918246 0.945428 
1.25 0.05 -0.0103681 0.937456 
1.3 0.05 -0.0111594 0.929194 
1.35 0.05 -0.0115418 0.920988 
1.4 0.05 -0.0115145 0.913107 
1.45 0.05 -0.0110878 0.90576 
1.5 0.05 -0.010282 0.899108 
1.55 0.05 -0.00912684 0.893281 
1.6 0.05 -0.00766159 0.888383 
1.65 0.05 -0.00593494 0.884503 
1.7 0.05 -0.00400455 0.881711 
1.75 0.05 -0.00193588 0.880059 
1.8 0.05 0.000199919 0.879578 
1.85 0.05 0.00232879 0.880278 
1.9 0.05 0.00437698 0.882145 
1.95 0.05 0.00627422 0.885144 
2 0.05 0.00795636 0.889218 
2.05 0.05 0.00936735 0.894296 
2.1 0.05 0.0104603 0.900285 
2.15 0.05 0.0111976 0.907076 
2.2 0.05 0.0115514 0.914535 
2.25 0.05 0.011503 0.922494 
2.3 0.05 0.0110442 0.930733 
2.35 0.05 0.0101782 0.93897 
2.4 0.05 0.00892229 0.946844 
2.45 0.05 0.00731033 0.953928 
2.5 0.05 0.00539508 0.959754 
2.55 0.05 0.00324844 0.963872 
2.6 0.05 0.000959116 0.965924 
2.65 0.05 -0.00137285 0.965721 
2.7 0.05 -0.00364386 0.963281 
2.75 0.05 -0.00575537 0.95883 
2.8 0.05 -0.00762136 0.952745 
2.85 0.05 -0.00917325 0.945487 
2.9 0.05 -0.0103617 0.937518 
2.95 0.05 -0.0111561 0.929257 
3 0.05 -0.0115417 0.921049 
3.05 0.05 -0.0115176 0.913165 
3.1 0.05 -0.0110939 0.905813 
3.15 0.05 -0.0102909 0.899155 
3.2 0.05 -0.00913839 0.893321 
3.25 0.05 -0.00767543 0.888416 
3.3 0.05 -0.00595064 0.884527 
3.35 0.05 -0.00402162 0.881726 
3.4 0.05 -0.00195377 0.880064 
3.45 0.05 0.000181817 0.879574 
3.5 0.05 0.0023111 0.880264 
3.55 0.05 0.00436032 0.882121 
3.6 0.05 0.00625916 0.88511 
3.65 0.05 0.00794344 0.889176 
3.7 0.05 0.00935704 0.894244 
3.75 0.05 0.010453 0.900226 
3.8 0.05 0.0111937 0.90701 
3.85 0.05 0.0115511 0.914463 
3.9 0.05 0.0115066 0.922418 
3.95 0.05 0.0110518 0.930656 
4 0.05 0.0101899 0.938894 
4.05 0.05 0.00893787 0.946774 
4.1 0.05 0.0073296 0.95387 
4.15 0.05 0.00541758 0.959713 
4.2 0.05 0.00327351 0.963854 
4.25 0.05 0.00098589 0.965935 
4.3 0.05 -0.00134537 0.965763 
4.35 0.05 -0.00361676 0.963357 
4.4 0.05 -0.00572979 0.958938 
4.45 0.05 -0.00759846 0.952884 
4.5 0.05 -0.00915431 0.945654 
4.55 0.05 -0.0103483 0.93771 
4.6 0.05 -0.0111501 0.929472 
4.65 0.05 -0.0115462 0.921283 
4.7 0.05 -0.0115368 0.913414 
4.75 0.05 -0.0111346 0.906072 
4.8 0.05 -0.0103631 0.899415 
4.85 0.05 -0.00925752 0.893564 
4.9 0.05 -0.00786566 0.888614 
4.95 0.05 -0.00624729 0.884629 
5 0.05 -0.00445009 0.881645 
0 0.1 -0.0216785 0.770594 
0.05 0.1 -0.0148166 0.764734 
0.1 0.1 -0.00736313 0.761261 
0.15 0.1 0.000312271 0.760233 
0.2 0.1 0.0079244 0.761628 
0.25 0.1 0.0152155 0.76539 
0.3 0.1 0.0219452 0.771424 
0.35 0.1 0.0278945 0.779608 
0.4 0.1 0.0328709 0.789786 
0.45 0.1 0.0367126 0.801774 
0.5 0.1 0.0392905 0.815353 
0.55 0.1 0.0405086 0.830262 
0.6 0.1 0.0403058 0.846172 
0.65 0.1 0.0386582 0.862654 
0.7 0.1 0.035584 0.879153 
0.75 0.1 0.0311514 0.894954 
0.8 0.1 0.0254858 0.909196 
0.85 0.1 0.0187761 0.920927 
0.9 0.1 0.0112742 0.929222 
0.95 0.1 0.00328639 0.933345 
1 0.1 -0.00484457 0.932904 
1.05 0.1 -0.0127649 0.927943 
1.1 0.1 -0.020137 0.91893 
1.15 0.1 -0.0266641 0.90665 
1.2 0.1 -0.0321061 0.892047 
1.25 0.1 -0.0362867 0.876061 
1.3 0.1 -0.0390925 0.859531 
1.35 0.1 -0.0404659 0.843138 
1.4 0.1 -0.0403983 0.827413 
1.45 0.1 -0.0389223 0.812763 
1.5 0.1 -0.0361077 0.799501 
1.55 0.1 -0.0320594 0.78788 
1.6 0.1 -0.0269166 0.77811 
1.65 0.1 -0.0208522 0.770365 
1.7 0.1 -0.0140702 0.76479 
1.75 0.1 -0.00680185 0.761489 
1.8 0.1 0.000702549 0.760528 
1.85 0.1 0.0081826 0.761927 
1.9 0.1 0.015379 0.765656 
1.95 0.1 0.0220442 0.771644 
2 0.1 0.0279518 0.779777 
2.05 0.1 0.0329032 0.789905 
2.1 0.1 0.0367316 0.801847 
2.15 0.1 0.0393044 0.815387 
2.2 0.1 0.040523 0.830263 
2.25 0.1 0.0403243 0.846145 
2.3 0.1 0.0386829 0.862608 
2.35 0.1 0.035616 0.879094 
2.4 0.1 0.0311909 0.894891 
2.45 0.1 0.0255323 0.909138 
2.5 0.1 0.0188284 0.920882 
2.55 0.1 0.0113304 0.929199 
2.6 0.1 0.00334441 0.933349 
2.65 0.1 -0.00478723 0.932938 
2.7 0.1 -0.0127107 0.928005 
2.75 0.1 -0.0200883 0.919017 
2.8 0.1 -0.0266228 0.906756 
2.85 0.1 -0.0320737 0.892165 
2.9 0.1 -0.0362644 0.876186 
2.95 0.1 -0.0390809 0.859656 
3 0.1 -0.0404655 0.84326 
3.05 0.1 -0.0404089 0.827529 
3.1 0.1 -0.0389436 0.812869 
3.15 0.1 -0.0361391 0.799596 
3.2 0.1 -0.0321001 0.787961 
3.25 0.1 -0.0269654 0.778175 
3.3 0.1 -0.0209075 0.770414 
3.35 0.1 -0.0141303 0.76482 
3.4 0.1 -0.00686477 0.7615 
3.45 0.1 0.000638919 0.76052 
3.5 0.1 0.00812045 0.761899 
3.55 0.1 0.0153205 0.765609 
3.6 0.1 0.0219914 0.771578 
3.65 0.1 0.0279066 0.779692 
3.7 0.1 0.0328672 0.789803 
3.75 0.1 0.0367064 0.80173 
3.8 0.1 0.039291 0.815256 
3.85 0.1 0.0405225 0.83012 
3.9 0.1 0.0403374 0.845994 
3.95 0.1 0.03871 0.862453 
4 0.1 0.0356573 0.878942 
4.05 0.1 0.0312458 0.89475 
4.1 0.1 0.0255999 0.909019 
4.15 0.1 0.018907 0.920798 
4.2 0.1 0.0114177 0.929161 
4.25 0.1 0.00343745 0.933368 
4.3 0.1 -0.00469189 0.933021 
4.35 0.1 -0.0126168 0.928154 
4.4 0.1 -0.0199997 0.919231 
4.45 0.1 -0.0265436 0.907031 
4.5 0.1 -0.0320082 0.892495 
4.55 0.1 -0.0362179 0.876565 
4.6 0.1 -0.0390601 0.860078 
4.65 0.1 -0.0404797 0.843719 
4.7 0.1 -0.0404716 0.828017 
4.75 0.1 -0.0390738 0.813375 
4.8 0.1 -0.036363 0.800099 
4.85 0.1 -0.0324507 0.788426 
4.9 0.1 -0.0274771 0.778541 
4.95 0.1 -0.0215893 0.770594 
5 0.1 -0.0148753 0.764734 
0 0.15 -0.0422323 0.662704 
0.05 0.15 -0.0288273 0.65415 
0.1 0.15 -0.0142729 0.649035 
0.15 0.15 0.000776513 0.647499 
0.2 0.15 0.0157472 0.649545 
0.25 0.15 0.0301104 0.655092 
0.3 0.15 0.0433774 0.664002 
0.35 0.15 0.0551057 0.67608 
0.4 0.15 0.064909 0.691089 
0.45 0.15 0.0724638 0.708749 
0.5 0.15 0.0775136 0.728738 
0.55 0.15 0.0798703 0.750672 
0.6 0.15 0.0794175 0.774078 
0.65 0.15 0.0761149 0.798341 
0.7 0.15 0.0700078 0.822654 
0.75 0.15 0.0612399 0.845976 
0.8 0.15 0.0500666 0.867034 
0.85 0.15 0.0368635 0.884412 
0.9 0.15 0.0221253 0.896718 
0.95 0.15 0.00644751 0.902842 
1 0.15 -0.00950681 0.902186 
1.05 0.15 -0.0250542 0.894819 
1.1 0.15 -0.0395414 0.881449 
1.15 0.15 -0.0523901 0.863264 
1.2 0.15 -0.0631282 0.841677 
1.25 0.15 -0.0714034 0.818089 
1.3 0.15 -0.0769837 0.793732 
1.35 0.15 -0.0797461 0.769602 
1.4 0.15 -0.0796643 0.746464 
1.45 0.15 -0.0767958 0.724903 
1.5 0.15 -0.0712744 0.705372 
1.55 0.15 -0.0633055 0.688239 
1.6 0.15 -0.0531644 0.673815 
1.65 0.15 -0.0411938 0.662367 
1.7 0.15 -0.0277993 0.654116 
1.75 0.15 -0.0134395 0.649227 
1.8 0.15 0.00138841 0.647804 
1.85 0.15 0.016168 0.649876 
1.9 0.15 0.0303849 0.655399 
1.95 0.15 0.0435479 0.664259 
2 0.15 0.0552071 0.676278 
2.05 0.15 0.0649683 0.691226 
2.1 0.15 0.072501 0.708829 
2.15 0.15 0.0775428 0.728766 
2.2 0.15 0.0799014 0.750657 
2.25 0.15 0.079457 0.774028 
2.3 0.15 0.0761666 0.798264 
2.35 0.15 0.0700737 0.822561 
2.4 0.15 0.0613202 0.845878 
2.45 0.15 0.05016 0.866945 
2.5 0.15 0.0369678 0.884343 
2.55 0.15 0.022237 0.896682 
2.6 0.15 0.00656232 0.902847 
2.65 0.15 -0.00939358 0.902236 
2.7 0.15 -0.0249473 0.894911 
2.75 0.15 -0.0394453 0.881578 
2.8 0.15 -0.0523086 0.863421 
2.85 0.15 -0.0630642 0.841852 
2.9 0.15 -0.0713593 0.818273 
2.95 0.15 -0.0769607 0.793918 
3 0.15 -0.0797451 0.769782 
3.05 0.15 -0.0796851 0.746635 
3.1 0.15 -0.0768379 0.72506 
3.15 0.15 -0.0713366 0.705511 
3.2 0.15 -0.0633861 0.688358 
3.25 0.15 -0.0532608 0.673912 
3.3 0.15 -0.0413032 0.66244 
3.35 0.15 -0.0279182 0.654161 
3.4 0.15 -0.013564 0.649245 
3.45 0.15 0.00126263 0.647792 
3.5 0.15 0.0160453 0.649835 
3.55 0.15 0.0302695 0.65533 
3.6 0.15 0.0434438 0.664161 
3.65 0.15 0.0551182 0.676153 
3.7 0.15 0.0648978 0.691076 
3.75 0.15 0.0724518 0.708656 
3.8 0.15 0.0775172 0.728573 
3.85 0.15 0.0799014 0.750448 
3.9 0.15 0.0794837 0.773806 
3.95 0.15 0.0762209 0.798037 
4 0.15 0.0701555 0.822338 
4.05 0.15 0.0614285 0.845671 
4.1 0.15 0.0502929 0.86677 
4.15 0.15 0.0371218 0.884218 
4.2 0.15 0.0224075 0.896625 
4.25 0.15 0.00674375 0.902872 
4.3 0.15 -0.00920781 0.902355 
4.35 0.15 -0.0247643 0.895127 
4.4 0.15 -0.0392723 0.881888 
4.45 0.15 -0.0521532 0.863819 
4.5 0.15 -0.0629344 0.842328 
4.55 0.15 -0.0712642 0.818817 
4.6 0.15 -0.0769118 0.79452 
4.65 0.15 -0.0797576 0.770433 
4.7 0.15 -0.0797799 0.747322 
4.75 0.15 -0.0770429 0.725765 
4.8 0.15 -0.0716864 0.706204 
4.85 0.15 -0.0639179 0.688989 
4.9 0.15 -0.0539992 0.674406 
4.95 0.15 -0.0422186 0.662704 
5 0.15 -0.0288338 0.65415 
0 0.2 -0.0650888 0.5667 
0.05 0.2 -0.0443134 0.555744 
0.1 0.2 -0.0218193 0.549165 
0.15 0.2 0.00146465 0.547176 
0.2 0.2 0.0246596 0.54981 
0.25 0.2 0.0469339 0.556976 
0.3 0.2 0.0675137 0.568483 
0.35 0.2 0.0857002 0.584063 
0.4 0.2 0.100885 0.603385 
0.45 0.2 0.112562 0.626072 
0.5 0.2 0.120333 0.651701 
0.55 0.2 0.12391 0.679781 
0.6 0.2 0.12312 0.709715 
0.65 0.2 0.117911 0.740734 
0.7 0.2 0.108369 0.771823 
0.75 0.2 0.0947278 0.801663 
0.8 0.2 0.0773937 0.828633 
0.85 0.2 0.0569535 0.850909 
0.9 0.2 0.0341697 0.866698 
0.95 0.2 0.00995452 0.874559 
1 0.2 -0.0146817 0.873717 
1.05 0.2 -0.0386985 0.864259 
1.1 0.2 -0.0610995 0.847106 
1.15 0.2 -0.0809983 0.823797 
1.2 0.2 -0.097665 0.796154 
1.25 0.2 -0.110548 0.765974 
1.3 0.2 -0.119277 0.734826 
1.35 0.2 -0.123648 0.70397 
1.4 0.2 -0.123606 0.674366 
1.45 0.2 -0.119229 0.646745 
1.5 0.2 -0.110716 0.62168 
1.55 0.2 -0.0983823 0.599642 
1.6 0.2 -0.0826524 0.581043 
1.65 0.2 -0.0640602 0.566245 
1.7 0.2 -0.043239 0.555555 
1.75 0.2 -0.0209061 0.549212 
1.8 0.2 0.00216021 0.547364 
1.85 0.2 0.0251508 0.550055 
1.9 0.2 0.04726 0.55722 
1.95 0.2 0.0677187 0.568693 
2 0.2 0.0858236 0.584223 
2.05 0.2 0.100959 0.603489 
2.1 0.2 0.112612 0.626121 
2.15 0.2 0.120376 0.651699 
2.2 0.2 0.123959 0.679734 
2.25 0.2 0.123184 0.709631 
2.3 0.2 0.117995 0.740622 
2.35 0.2 0.108475 0.771695 
2.4 0.2 0.0948554 0.801533 
2.45 0.2 0.0775414 0.828515 
2.5 0.2 0.0571172 0.850819 
2.55 0.2 0.0343443 0.866651 
2.6 0.2 0.0101334 0.874565 
2.65 0.2 -0.0145057 0.873781 
2.7 0.2 -0.0385324 0.864377 
2.75 0.2 -0.0609501 0.847272 
2.8 0.2 -0.0808715 0.823999 
2.85 0.2 -0.0975654 0.796379 
2.9 0.2 -0.110479 0.76621 
2.95 0.2 -0.119241 0.735065 
3 0.2 -0.123646 0.704201 
3.05 0.2 -0.123638 0.674585 
3.1 0.2 -0.119294 0.646947 
3.15 0.2 -0.110813 0.62186 
3.2 0.2 -0.0985076 0.599797 
3.25 0.2 -0.0828026 0.58117 
3.3 0.2 -0.0642307 0.56634 
3.35 0.2 -0.0434241 0.555616 
3.4 0.2 -0.0210998 0.549236 
3.45 0.2 0.00196447 0.54735 
3.5 0.2 0.0249599 0.550003 
3.55 0.2 0.0470806 0.557131 
3.6 0.2 0.0675572 0.568568 
3.65 0.2 0.0856859 0.584063 
3.7 0.2 0.10085 0.603298 
3.75 0.2 0.112536 0.625901 
3.8 0.2 0.120337 0.651453 
3.85 0.2 0.12396 0.679467 
3.9 0.2 0.123226 0.709349 
3.95 0.2 0.11808 0.740333 
4 0.2 0.108602 0.771411 
4.05 0.2 0.095023 0.801269 
4.1 0.2 0.077746 0.828291 
4.15 0.2 0.0573538 0.850659 
4.2 0.2 0.0346058 0.866577 
4.25 0.2 0.0104112 0.874596 
4.3 0.2 -0.0142213 0.873929 
4.35 0.2 -0.0382519 0.864648 
4.4 0.2 -0.0606839 0.847661 
4.45 0.2 -0.0806302 0.824495 
4.5 0.2 -0.0973599 0.796968 
4.55 0.2 -0.110321 0.76688 
4.6 0.2 -0.119145 0.735799 
4.65 0.2 -0.123628 0.704987 
4.7 0.2 -0.123722 0.675405 
4.75 0.2 -0.119509 0.647777 
4.8 0.2 -0.111191 0.622665 
4.85 0.2 -0.0990779 0.600524 
4.9 0.2 -0.0835706 0.581749 
4.95 0.2 -0.0651384 0.5667 
5 0.2 -0.0442769 0.555744 
0 0.25 -0.0879019 0.486855 
0.05 0.25 -0.0596933 0.47382 
0.1 0.25 -0.0292186 0.465976 
0.15 0.25 0.00233287 0.463601 
0.2 0.25 0.0337837 0.466763 
0.25 0.25 0.063997 0.475356 
0.3 0.25 0.0919076 0.489127 
0.35 0.25 0.116554 0.507711 
0.4 0.25 0.137101 0.53067 
0.45 0.25 0.15286 0.557518 
0.5 0.25 0.163292 0.58773 
0.55 0.25 0.168017 0.620725 
0.6 0.25 0.166813 0.655811 
0.65 0.25 0.159628 0.692106 
0.7 0.25 0.146594 0.728446 
0.75 0.25 0.128046 0.763309 
0.8 0.25 0.104546 0.794811 
0.85 0.25 0.0768934 0.820832 
0.9 0.25 0.0461151 0.839277 
0.95 0.25 0.0134306 0.848459 
1 0.25 -0.0198141 0.847475 
1.05 0.25 -0.0522345 0.836424 
1.1 0.25 -0.0825028 0.816386 
1.15 0.25 -0.109432 0.789156 
1.2 0.25 -0.132038 0.756862 
1.25 0.25 -0.149567 0.721596 
1.3 0.25 -0.161504 0.685176 
1.35 0.25 -0.167554 0.649052 
1.4 0.25 -0.167625 0.614327 
1.45 0.25 -0.161804 0.581839 
1.5 0.25 -0.15035 0.552251 
1.55 0.25 -0.133676 0.526129 
1.6 0.25 -0.112357 0.503985 
1.65 0.25 -0.0871159 0.486289 
1.7 0.25 -0.0588168 0.473459 
1.75 0.25 -0.0284423 0.465826 
1.8 0.25 0.0029396 0.463598 
1.85 0.25 0.0342176 0.466841 
1.9 0.25 0.0642848 0.475461 
1.95 0.25 0.0920862 0.489223 
2 0.25 0.116659 0.507779 
2.05 0.25 0.137165 0.530699 
2.1 0.25 0.152907 0.557504 
2.15 0.25 0.163341 0.587675 
2.2 0.25 0.168081 0.620632 
2.25 0.25 0.166901 0.655686 
2.3 0.25 0.159745 0.691958 
2.35 0.25 0.146741 0.728285 
2.4 0.25 0.128223 0.763148 
2.45 0.25 0.10475 0.794669 
2.5 0.25 0.077118 0.820725 
2.55 0.25 0.0463535 0.839221 
2.6 0.25 0.0136743 0.848467 
2.65 0.25 -0.0195746 0.84755 
2.7 0.25 -0.0520089 0.836564 
2.75 0.25 -0.0822999 0.816581 
2.8 0.25 -0.10926 0.789394 
2.85 0.25 -0.131902 0.757127 
2.9 0.25 -0.149473 0.721875 
2.95 0.25 -0.161455 0.685457 
3 0.25 -0.167551 0.649326 
3.05 0.25 -0.167668 0.614587 
3.1 0.25 -0.161893 0.58208 
3.15 0.25 -0.150481 0.552467 
3.2 0.25 -0.133847 0.526316 
3.25 0.25 -0.112561 0.504138 
3.3 0.25 -0.0873479 0.486405 
3.35 0.25 -0.059069 0.473534 
3.4 0.25 -0.0287061 0.465857 
3.45 0.25 0.00267316 0.463584 
3.5 0.25 0.0339579 0.46678 
3.55 0.25 0.0640411 0.475356 
3.6 0.25 0.0918672 0.489075 
3.65 0.25 0.116473 0.507591 
3.7 0.25 0.137018 0.530474 
3.75 0.25 0.152805 0.557247 
3.8 0.25 0.16329 0.587389 
3.85 0.25 0.168083 0.620322 
3.9 0.25 0.16696 0.655359 
3.95 0.25 0.15986 0.691623 
4 0.25 0.146913 0.727956 
4.05 0.25 0.128448 0.762843 
4.1 0.25 0.105024 0.794411 
4.15 0.25 0.0774347 0.820539 
4.2 0.25 0.046703 0.839135 
4.25 0.25 0.0140452 0.848502 
4.3 0.25 -0.0191949 0.84772 
4.35 0.25 -0.0516333 0.836873 
4.4 0.25 -0.0819415 0.817023 
4.45 0.25 -0.108931 0.789954 
4.5 0.25 -0.131615 0.757789 
4.55 0.25 -0.149239 0.722619 
4.6 0.25 -0.161287 0.686264 
4.65 0.25 -0.167465 0.650178 
4.7 0.25 -0.167683 0.615463 
4.75 0.25 -0.16203 0.582953 
4.8 0.25 -0.150762 0.553305 
4.85 0.25 -0.134285 0.527073 
4.9 0.25 -0.113144 0.504763 
4.95 0.25 -0.088004 0.486855 
5 0.25 -0.0596218 0.47382 
0 0.3 -0.108862 0.424549 
0.05 0.3 -0.0737626 0.409673 
0.1 0.3 -0.0358972 0.4007 
0.15 0.3 0.00330588 0.39799 
0.2 0.3 0.0423929 0.401648 
0.25 0.3 0.07994 0.411538 
0.3 0.3 0.114607 0.427315 
0.35 0.3 0.145183 0.448481 
0.4 0.3 0.170625 0.474452 
0.45 0.3 0.190074 0.504608 
0.5 0.3 0.202871 0.538315 
0.55 0.3 0.208557 0.574908 
0.6 0.3 0.206879 0.61363 
0.65 0.3 0.197793 0.653532 
0.7 0.3 0.181487 0.693368 
0.75 0.3 0.158399 0.731503 
0.8 0.3 0.129239 0.765907 
0.85 0.3 0.0950024 0.79429 
0.9 0.3 0.0569528 0.814392 
0.95 0.3 0.016582 0.824395 
1 0.3 -0.0244704 0.823322 
1.05 0.3 -0.0645198 0.811281 
1.1 0.3 -0.101948 0.789437 
1.15 0.3 -0.135301 0.759726 
1.2 0.3 -0.163365 0.724444 
1.25 0.3 -0.185201 0.685849 
1.3 0.3 -0.200151 0.645899 
1.35 0.3 -0.207829 0.606149 
1.4 0.3 -0.208095 0.567782 
1.45 0.3 -0.201034 0.531697 
1.5 0.3 -0.186945 0.498627 
1.55 0.3 -0.166327 0.469224 
1.6 0.3 -0.139882 0.444116 
1.65 0.3 -0.108509 0.423912 
1.7 0.3 -0.0732854 0.409176 
1.75 0.3 -0.0354459 0.400371 
1.8 0.3 0.00366434 0.397796 
1.85 0.3 0.0426435 0.401544 
1.9 0.3 0.0800954 0.411481 
1.95 0.3 0.114692 0.427272 
2 0.3 0.145225 0.448433 
2.05 0.3 0.170648 0.474386 
2.1 0.3 0.190099 0.504517 
2.15 0.3 0.202914 0.538197 
2.2 0.3 0.208629 0.574764 
2.25 0.3 0.206986 0.613463 
2.3 0.3 0.197939 0.653349 
2.35 0.3 0.181673 0.693178 
2.4 0.3 0.158622 0.731319 
2.45 0.3 0.129496 0.765747 
2.5 0.3 0.095284 0.794171 
2.55 0.3 0.0572509 0.814331 
2.6 0.3 0.0168858 0.824404 
2.65 0.3 -0.0241724 0.823406 
2.7 0.3 -0.0642391 0.811437 
2.75 0.3 -0.101695 0.789653 
2.8 0.3 -0.135087 0.759988 
2.85 0.3 -0.163196 0.724737 
2.9 0.3 -0.185083 0.686157 
2.95 0.3 -0.200088 0.64621 
3 0.3 -0.207824 0.606454 
3.05 0.3 -0.208147 0.568073 
3.1 0.3 -0.201143 0.531968 
3.15 0.3 -0.187107 0.498872 
3.2 0.3 -0.166538 0.469439 
3.25 0.3 -0.140136 0.444294 
3.3 0.3 -0.108798 0.424048 
3.35 0.3 -0.0735998 0.409265 
3.4 0.3 -0.035775 0.400409 
3.45 0.3 0.00333213 0.397782 
3.5 0.3 0.0423199 0.401477 
3.55 0.3 0.0797921 0.411363 
3.6 0.3 0.11442 0.427106 
3.65 0.3 0.144994 0.448223 
3.7 0.3 0.170466 0.474136 
3.75 0.3 0.189975 0.504233 
3.8 0.3 0.202852 0.537883 
3.85 0.3 0.208633 0.574425 
3.9 0.3 0.207059 0.613107 
3.95 0.3 0.198083 0.652986 
4 0.3 0.181885 0.692823 
4.05 0.3 0.1589 0.730991 
4.1 0.3 0.129832 0.76547 
4.15 0.3 0.095671 0.793973 
4.2 0.3 0.057677 0.81424 
4.25 0.3 0.0173378 0.824442 
4.3 0.3 -0.0237092 0.823588 
4.35 0.3 -0.0637796 0.811765 
4.4 0.3 -0.101254 0.790119 
4.45 0.3 -0.134675 0.760576 
4.5 0.3 -0.162827 0.725425 
4.55 0.3 -0.184764 0.686922 
4.6 0.3 -0.199829 0.647029 
4.65 0.3 -0.207633 0.607305 
4.7 0.3 -0.208035 0.568933 
4.75 0.3 -0.201118 0.532813 
4.8 0.3 -0.187175 0.499674 
4.85 0.3 -0.166694 0.470166 
4.9 0.3 -0.140354 0.444916 
4.95 0.3 -0.109007 0.424549 
5 0.3 -0.073663 0.409673 
0 0.35 -0.126601 0.378272 
0.05 0.35 -0.0856213 0.361633 
0.1 0.35 -0.0414449 0.351563 
0.15 0.35 0.00429222 0.348535 
0.2 0.35 0.0498942 0.352699 
0.25 0.35 0.0936845 0.363866 
0.3 0.35 0.13408 0.381554 
0.35 0.35 0.169655 0.405077 
0.4 0.35 0.199185 0.43365 
0.45 0.35 0.221673 0.466474 
0.5 0.35 0.236366 0.502783 
0.55 0.35 0.242751 0.541825 
0.6 0.35 0.240558 0.582797 
0.65 0.35 0.229769 0.62473 
0.7 0.35 0.210632 0.66636 
0.75 0.35 0.183681 0.706035 
0.8 0.35 0.149757 0.741702 
0.85 0.35 0.11002 0.771046 
0.9 0.35 0.065928 0.791788 
0.95 0.35 0.0191892 0.802096 
1 0.35 -0.0283261 0.80099 
1.05 0.35 -0.0746986 0.788578 
1.1 0.35 -0.118081 0.766029 
1.15 0.35 -0.156807 0.735294 
1.2 0.35 -0.189473 0.698691 
1.25 0.35 -0.214981 0.6585 
1.3 0.35 -0.232549 0.616703 
1.35 0.35 -0.2417 0.574871 
1.4 0.35 -0.242241 0.534202 
1.45 0.35 -0.234239 0.495622 
1.5 0.35 -0.218012 0.459915 
1.55 0.35 -0.194122 0.427828 
1.6 0.35 -0.16337 0.400133 
1.65 0.35 -0.1268 0.377624 
1.7 0.35 -0.085674 0.361071 
1.75 0.35 -0.0414478 0.351122 
1.8 0.35 0.00428591 0.348204 
1.85 0.35 0.049864 0.35245 
1.9 0.35 0.0936306 0.363669 
1.95 0.35 0.134014 0.381385 
2 0.35 0.169591 0.404918 
2.05 0.35 0.199138 0.43349 
2.1 0.35 0.221657 0.466306 
2.15 0.35 0.23639 0.502603 
2.2 0.35 0.242821 0.541632 
2.25 0.35 0.240678 0.582592 
2.3 0.35 0.22994 0.624518 
2.35 0.35 0.210851 0.666149 
2.4 0.35 0.183945 0.705837 
2.45 0.35 0.150059 0.741533 
2.5 0.35 0.110351 0.770923 
2.55 0.35 0.0662771 0.791727 
2.6 0.35 0.0195443 0.802109 
2.65 0.35 -0.0279784 0.80108 
2.7 0.35 -0.0743713 0.788742 
2.75 0.35 -0.117786 0.766256 
2.8 0.35 -0.156557 0.73557 
2.85 0.35 -0.189275 0.698999 
2.9 0.35 -0.214843 0.658826 
2.95 0.35 -0.232475 0.617034 
3 0.35 -0.241693 0.575197 
3.05 0.35 -0.242301 0.534516 
3.1 0.35 -0.234365 0.495917 
3.15 0.35 -0.218201 0.460185 
3.2 0.35 -0.194368 0.428068 
3.25 0.35 -0.163667 0.400334 
3.3 0.35 -0.127138 0.37778 
3.35 0.35 -0.0860418 0.361175 
3.4 0.35 -0.0418329 0.351169 
3.45 0.35 0.00389722 0.348192 
3.5 0.35 0.0494857 0.352378 
3.55 0.35 0.0932764 0.36354 
3.6 0.35 0.133697 0.381203 
3.65 0.35 0.169323 0.404689 
3.7 0.35 0.198928 0.43322 
3.75 0.35 0.221514 0.466002 
3.8 0.35 0.236319 0.50227 
3.85 0.35 0.242827 0.541277 
3.9 0.35 0.240764 0.582223 
3.95 0.35 0.230106 0.624144 
4 0.35 0.211096 0.665786 
4.05 0.35 0.184263 0.705503 
4.1 0.35 0.150444 0.741253 
4.15 0.35 0.110793 0.770724 
4.2 0.35 0.0667629 0.791637 
4.25 0.35 0.0200591 0.802149 
4.3 0.35 -0.0274502 0.801264 
4.35 0.35 -0.0738454 0.78907 
4.4 0.35 -0.117277 0.766719 
4.45 0.35 -0.156074 0.736148 
4.5 0.35 -0.188829 0.699669 
4.55 0.35 -0.214437 0.659561 
4.6 0.35 -0.232112 0.617808 
4.65 0.35 -0.241372 0.575988 
4.7 0.35 -0.242018 0.535299 
4.75 0.35 -0.234114 0.496672 
4.8 0.35 -0.217971 0.460891 
4.85 0.35 -0.194138 0.428707 
4.9 0.35 -0.163402 0.400897 
4.95 0.35 -0.126778 0.378272 
5 0.35 -0.0855001 0.361633 
0 0.4 -0.14011 0.344644 
0.05 0.4 -0.094614 0.326189 
0.1 0.4 -0.0455767 0.314971 
0.15 0.4 0.00519748 0.311618 
0.2 0.4 0.0558158 0.316329 
0.25 0.4 0.104396 0.328842 
0.3 0.4 0.149159 0.348489 
0.35 0.4 0.188507 0.374334 
0.4 0.4 0.221078 0.40533 
0.45 0.4 0.245776 0.440448 
0.5 0.4 0.261784 0.478753 
0.55 0.4 0.268563 0.519396 
0.6 0.4 0.265849 0.561536 
0.65 0.4 0.25366 0.604212 
0.7 0.4 0.232302 0.646203 
0.75 0.4 0.202395 0.685925 
0.8 0.4 0.164887 0.721421 
0.85 0.4 0.12106 0.750488 
0.9 0.4 0.0725117 0.770964 
0.95 0.4 0.0210987 0.781119 
1 0.4 -0.031154 0.780029 
1.05 0.4 -0.0821705 0.767795 
1.1 0.4 -0.12995 0.745521 
1.15 0.4 -0.172678 0.71505 
1.2 0.4 -0.208816 0.67858 
1.25 0.4 -0.237143 0.638283 
1.3 0.4 -0.256776 0.596049 
1.35 0.4 -0.267156 0.553388 
1.4 0.4 -0.268032 0.511459 
1.45 0.4 -0.259443 0.471187 
1.5 0.4 -0.241704 0.433405 
1.55 0.4 -0.215408 0.398973 
1.6 0.4 -0.181425 0.368845 
1.65 0.4 -0.140902 0.344056 
1.7 0.4 -0.0952471 0.325642 
1.75 0.4 -0.0460917 0.314496 
1.8 0.4 0.00476735 0.311217 
1.85 0.4 0.0554505 0.315989 
1.9 0.4 0.104087 0.328545 
1.95 0.4 0.148905 0.34822 
2 0.4 0.18831 0.374083 
2.05 0.4 0.220942 0.405088 
2.1 0.4 0.245704 0.440211 
2.15 0.4 0.261778 0.478518 
2.2 0.4 0.268623 0.519161 
2.25 0.4 0.265975 0.561301 
2.3 0.4 0.253847 0.603979 
2.35 0.4 0.232547 0.64598 
2.4 0.4 0.20269 0.685722 
2.45 0.4 0.165224 0.721251 
2.5 0.4 0.121429 0.750367 
2.55 0.4 0.0729001 0.770906 
2.6 0.4 0.0214929 0.781136 
2.65 0.4 -0.0307685 0.780123 
2.7 0.4 -0.081808 0.767963 
2.75 0.4 -0.129623 0.745752 
2.8 0.4 -0.1724 0.71533 
2.85 0.4 -0.208596 0.678894 
2.9 0.4 -0.236989 0.638616 
2.95 0.4 -0.256692 0.596391 
3 0.4 -0.267146 0.553728 
3.05 0.4 -0.268097 0.51179 
3.1 0.4 -0.259582 0.471502 
3.15 0.4 -0.241913 0.433698 
3.2 0.4 -0.215681 0.399237 
3.25 0.4 -0.181755 0.369069 
3.3 0.4 -0.141278 0.344232 
3.35 0.4 -0.0956562 0.325761 
3.4 0.4 -0.0465202 0.314552 
3.45 0.4 0.00433485 0.311206 
3.5 0.4 0.0550298 0.315911 
3.55 0.4 0.103693 0.328403 
3.6 0.4 0.148553 0.348022 
3.65 0.4 0.188013 0.373837 
3.7 0.4 0.22071 0.404802 
3.75 0.4 0.245547 0.439893 
3.8 0.4 0.261701 0.478175 
3.85 0.4 0.268631 0.5188 
3.9 0.4 0.26607 0.56093 
3.95 0.4 0.25403 0.603608 
4 0.4 0.232814 0.645622 
4.05 0.4 0.203037 0.685397 
4.1 0.4 0.165642 0.720981 
4.15 0.4 0.121907 0.750178 
4.2 0.4 0.0734247 0.770823 
4.25 0.4 0.0220485 0.781177 
4.3 0.4 -0.030198 0.780299 
4.35 0.4 -0.0812375 0.768273 
4.4 0.4 -0.129066 0.746185 
4.45 0.4 -0.171864 0.715866 
4.5 0.4 -0.208085 0.679507 
4.55 0.4 -0.236503 0.639278 
4.6 0.4 -0.256224 0.597075 
4.65 0.4 -0.266684 0.554409 
4.7 0.4 -0.267624 0.512445 
4.75 0.4 -0.259076 0.472114 
4.8 0.4 -0.241347 0.434254 
4.85 0.4 -0.215023 0.399733 
4.9 0.4 -0.180964 0.369512 
4.95 0.4 -0.140312 0.344644 
5 0.4 -0.0944767 0.326189 
0 0.45 -0.148683 0.319671 
0.05 0.45 -0.100284 0.299321 
0.1 0.45 -0.0481038 0.286893 
0.15 0.45 0.00593457 0.283202 
0.2 0.45 0.0597975 0.288505 
0.25 0.45 0.111455 0.302445 
0.3 0.45 0.15899 0.324133 
0.35 0.45 0.200688 0.352334 
0.4 0.45 0.235097 0.385689 
0.45 0.45 0.261066 0.422899 
0.5 0.45 0.277751 0.462829 
0.55 0.45 0.284613 0.504514 
0.6 0.45 0.281415 0.547072 
0.65 0.45 0.268214 0.589566 
0.7 0.45 0.245375 0.630861 
0.75 0.45 0.213583 0.66951 
0.8 0.45 0.17386 0.703742 
0.85 0.45 0.127566 0.731578 
0.9 0.45 0.076374 0.75109 
0.95 0.45 0.0222153 0.760738 
1 0.45 -0.0328122 0.759702 
1.05 0.45 -0.0865604 0.748073 
1.1 0.45 -0.136955 0.726829 
1.15 0.45 -0.182107 0.69761 
1.2 0.45 -0.2204 0.66238 
1.25 0.45 -0.250537 0.623092 
1.3 0.45 -0.27156 0.581459 
1.35 0.45 -0.282846 0.538862 
1.4 0.45 -0.284089 0.496387 
1.45 0.45 -0.275285 0.454948 
1.5 0.45 -0.25673 0.415431 
1.55 0.45 -0.229019 0.378831 
1.6 0.45 -0.19305 0.346317 
1.65 0.45 -0.150034 0.319208 
1.7 0.45 -0.101471 0.298857 
1.75 0.45 -0.0491185 0.28645 
1.8 0.45 0.00508174 0.282787 
1.85 0.45 0.0590911 0.288117 
1.9 0.45 0.110881 0.30208 
1.95 0.45 0.158538 0.323787 
2 0.45 0.200348 0.352007 
2.05 0.45 0.234863 0.385378 
2.1 0.45 0.260931 0.422603 
2.15 0.45 0.277708 0.462547 
2.2 0.45 0.284657 0.504244 
2.25 0.45 0.281539 0.546813 
2.3 0.45 0.26841 0.589321 
2.35 0.45 0.245635 0.630634 
2.4 0.45 0.213899 0.669309 
2.45 0.45 0.174221 0.703578 
2.5 0.45 0.12796 0.731465 
2.55 0.45 0.0767876 0.751039 
2.6 0.45 0.0226342 0.760759 
2.65 0.45 -0.032403 0.759797 
2.7 0.45 -0.0861757 0.748239 
2.75 0.45 -0.136609 0.727056 
2.8 0.45 -0.181812 0.697886 
2.85 0.45 -0.220165 0.662691 
2.9 0.45 -0.250371 0.623425 
2.95 0.45 -0.27147 0.581804 
3 0.45 -0.282834 0.53921 
3.05 0.45 -0.284156 0.496732 
3.1 0.45 -0.275431 0.455281 
3.15 0.45 -0.256951 0.415746 
3.2 0.45 -0.229308 0.379118 
3.25 0.45 -0.1934 0.346565 
3.3 0.45 -0.150434 0.319406 
3.35 0.45 -0.101907 0.298994 
3.4 0.45 -0.0495754 0.286516 
3.45 0.45 0.00462055 0.282778 
3.5 0.45 0.0586428 0.288033 
3.55 0.45 0.110463 0.301926 
3.6 0.45 0.158164 0.323573 
3.65 0.45 0.200033 0.351743 
3.7 0.45 0.234618 0.385077 
3.75 0.45 0.260765 0.422274 
3.8 0.45 0.277628 0.462198 
3.85 0.45 0.284667 0.503884 
3.9 0.45 0.28164 0.546449 
3.95 0.45 0.268602 0.588962 
4 0.45 0.245915 0.630293 
4.05 0.45 0.21426 0.669003 
4.1 0.45 0.174655 0.703327 
4.15 0.45 0.128454 0.731292 
4.2 0.45 0.0773285 0.750964 
4.25 0.45 0.0232064 0.760797 
4.3 0.45 -0.0318149 0.759957 
4.35 0.45 -0.0855855 0.748517 
4.4 0.45 -0.136027 0.72744 
4.45 0.45 -0.181244 0.698354 
4.5 0.45 -0.21961 0.663217 
4.55 0.45 -0.249822 0.623981 
4.6 0.45 -0.27091 0.582361 
4.65 0.45 -0.282242 0.539742 
4.7 0.45 -0.283502 0.497217 
4.75 0.45 -0.274679 0.455706 
4.8 0.45 -0.256061 0.416104 
4.85 0.45 -0.228238 0.379417 
4.9 0.45 -0.192112 0.346827 
4.95 0.45 -0.148902 0.319671 
5 0.45 -0.100136 0.299321 
0 0.5 -0.151874 0.299641 
0.05 0.5 -0.102345 0.277426 
0.1 0.5 -0.048916 0.2638 
0.15 0.5 0.00643111 0.25978 
0.2 0.5 0.0615873 0.265682 
0.25 0.5 0.114443 0.281046 
0.3 0.5 0.16301 0.304749 
0.35 0.5 0.205516 0.335237 
0.4 0.5 0.240477 0.370824 
0.45 0.5 0.266731 0.409925 
0.5 0.5 0.283443 0.451193 
0.55 0.5 0.290101 0.493533 
0.6 0.5 0.286503 0.536016 
0.65 0.5 0.272753 0.577734 
0.7 0.5 0.249261 0.617656 
0.75 0.5 0.216757 0.654512 
0.8 0.5 0.176298 0.686779 
0.85 0.5 0.12927 0.712775 
0.9 0.5 0.0773588 0.730874 
0.95 0.5 0.0224944 0.739787 
1 0.5 -0.0332339 0.738831 
1.05 0.5 -0.0876897 0.728079 
1.1 0.5 -0.138806 0.708349 
1.15 0.5 -0.184693 0.681016 
1.2 0.5 -0.223717 0.647736 
1.25 0.5 -0.254554 0.610173 
1.3 0.5 -0.276209 0.569805 
1.35 0.5 -0.288011 0.527849 
1.4 0.5 -0.289607 0.485302 
1.45 0.5 -0.280949 0.443062 
1.5 0.5 -0.262296 0.402082 
1.55 0.5 -0.234217 0.363501 
1.6 0.5 -0.197605 0.328718 
1.65 0.5 -0.153685 0.299354 
1.7 0.5 -0.103996 0.277094 
1.75 0.5 -0.0503565 0.263434 
1.8 0.5 0.00521113 0.259388 
1.85 0.5 0.0605794 0.265273 
1.9 0.5 0.113632 0.280633 
1.95 0.5 0.162377 0.30434 
2 0.5 0.205045 0.334843 
2.05 0.5 0.240152 0.370451 
2.1 0.5 0.266536 0.409576 
2.15 0.5 0.283364 0.45087 
2.2 0.5 0.290125 0.493234 
2.25 0.5 0.286619 0.53574 
2.3 0.5 0.272949 0.577482 
2.35 0.5 0.249527 0.61743 
2.4 0.5 0.217081 0.654318 
2.45 0.5 0.176669 0.686626 
2.5 0.5 0.129674 0.712673 
2.55 0.5 0.0777821 0.730833 
2.6 0.5 0.0229225 0.739814 
2.65 0.5 -0.0328162 0.738927 
2.7 0.5 -0.0872972 0.728241 
2.75 0.5 -0.138453 0.708569 
2.8 0.5 -0.184391 0.681283 
2.85 0.5 -0.223476 0.64804 
2.9 0.5 -0.254384 0.610502 
2.95 0.5 -0.276114 0.57015 
3 0.5 -0.287996 0.528202 
3.05 0.5 -0.289673 0.485656 
3.1 0.5 -0.281096 0.443411 
3.15 0.5 -0.262519 0.402416 
3.2 0.5 -0.234511 0.36381 
3.25 0.5 -0.197963 0.328989 
3.3 0.5 -0.154094 0.299573 
3.35 0.5 -0.104443 0.277246 
3.4 0.5 -0.0508252 0.263508 
3.45 0.5 0.00473803 0.25938 
3.5 0.5 0.0601199 0.265183 
3.55 0.5 0.113203 0.280466 
3.6 0.5 0.161996 0.30411 
3.65 0.5 0.204724 0.334563 
3.7 0.5 0.239904 0.370135 
3.75 0.5 0.266369 0.409237 
3.8 0.5 0.283284 0.450517 
3.85 0.5 0.290136 0.492877 
3.9 0.5 0.286722 0.535386 
3.95 0.5 0.273143 0.57714 
4 0.5 0.249807 0.617111 
4.05 0.5 0.217441 0.654037 
4.1 0.5 0.1771 0.686398 
4.15 0.5 0.130164 0.712518 
4.2 0.5 0.0783167 0.730766 
4.25 0.5 0.0234872 0.739846 
4.3 0.5 -0.0322356 0.739063 
4.35 0.5 -0.0867126 0.728475 
4.4 0.5 -0.137872 0.708888 
4.45 0.5 -0.183816 0.681664 
4.5 0.5 -0.222902 0.648457 
4.55 0.5 -0.253796 0.610926 
4.6 0.5 -0.27549 0.570553 
4.65 0.5 -0.287303 0.528556 
4.7 0.5 -0.288872 0.485942 
4.75 0.5 -0.28014 0.443615 
4.8 0.5 -0.26136 0.402539 
4.85 0.5 -0.233101 0.363869 
4.9 0.5 -0.196266 0.329023 
4.95 0.5 -0.1521 0.299641 
5 0.5 -0.102192 0.277426 
0 0.55 -0.149484 0.281521 
0.05 0.55 -0.100672 0.257691 
0.1 0.55 -0.0479738 0.243026 
0.15 0.55 0.00663481 0.238727 
0.2 0.55 0.0610435 0.245165 
0.25 0.55 0.113139 0.261785 
0.3 0.55 0.160934 0.287241 
0.35 0.55 0.202667 0.319691 
0.4 0.55 0.236878 0.357146 
0.45 0.55 0.262436 0.397759 
0.5 0.55 0.278551 0.439986 
0.55 0.55 0.284755 0.482606 
0.6 0.55 0.280893 0.524641 
0.65 0.55 0.26711 0.565206 
0.7 0.55 0.243846 0.603375 
0.75 0.55 0.211846 0.638067 
0.8 0.55 0.172164 0.668028 
0.85 0.55 0.126158 0.691898 
0.9 0.55 0.0754619 0.708381 
0.95 0.55 0.0219359 0.716459 
1 0.55 -0.0324175 0.715593 
1.05 0.55 -0.0855519 0.705841 
1.1 0.55 -0.135484 0.687846 
1.15 0.55 -0.180392 0.662697 
1.2 0.55 -0.218689 0.631717 
1.25 0.55 -0.249073 0.596254 
1.3 0.55 -0.270547 0.55753 
1.35 0.55 -0.282423 0.51659 
1.4 0.55 -0.284312 0.474344 
1.45 0.55 -0.276125 0.43168 
1.5 0.55 -0.258072 0.389616 
1.55 0.55 -0.230677 0.349432 
1.6 0.55 -0.194791 0.31274 
1.65 0.55 -0.151607 0.281437 
1.7 0.55 -0.102646 0.257517 
1.75 0.55 -0.0497188 0.242757 
1.8 0.55 0.00514636 0.238375 
1.85 0.55 0.059811 0.244749 
1.9 0.55 0.112148 0.261331 
1.95 0.55 0.160164 0.286775 
2 0.55 0.202096 0.319235 
2.05 0.55 0.236482 0.356715 
2.1 0.55 0.262194 0.397362 
2.15 0.55 0.278441 0.439626 
2.2 0.55 0.284761 0.482283 
2.25 0.55 0.280999 0.524352 
2.3 0.55 0.2673 0.564952 
2.35 0.55 0.244108 0.603155 
2.4 0.55 0.212166 0.637886 
2.45 0.55 0.17253 0.66789 
2.5 0.55 0.126556 0.691811 
2.55 0.55 0.075879 0.708352 
2.6 0.55 0.0223569 0.716492 
2.65 0.55 -0.0320071 0.715689 
2.7 0.55 -0.0851664 0.705998 
2.75 0.55 -0.135137 0.688057 
2.8 0.55 -0.180095 0.662954 
2.85 0.55 -0.218452 0.63201 
2.9 0.55 -0.248904 0.596575 
2.95 0.55 -0.270452 0.557871 
3 0.55 -0.282406 0.516945 
3.05 0.55 -0.284375 0.474706 
3.1 0.55 -0.276267 0.432041 
3.15 0.55 -0.258291 0.389967 
3.2 0.55 -0.230966 0.34976 
3.25 0.55 -0.195143 0.313031 
3.3 0.55 -0.152011 0.281674 
3.35 0.55 -0.103087 0.257683 
3.4 0.55 -0.0501818 0.24284 
3.45 0.55 0.00467898 0.238368 
3.5 0.55 0.0593573 0.244653 
3.55 0.55 0.111726 0.261154 
3.6 0.55 0.159788 0.286531 
3.65 0.55 0.201781 0.318941 
3.7 0.55 0.236238 0.356388 
3.75 0.55 0.262031 0.397016 
3.8 0.55 0.278364 0.439273 
3.85 0.55 0.284773 0.481932 
3.9 0.55 0.2811 0.524011 
3.95 0.55 0.267488 0.564629 
4 0.55 0.244378 0.60286 
4.05 0.55 0.212512 0.637629 
4.1 0.55 0.172942 0.667685 
4.15 0.55 0.127022 0.691672 
4.2 0.55 0.0763862 0.708289 
4.25 0.55 0.0228916 0.716513 
4.3 0.55 -0.0314575 0.715795 
4.35 0.55 -0.0846117 0.70618 
4.4 0.55 -0.134582 0.688301 
4.45 0.55 -0.179539 0.663237 
4.5 0.55 -0.217885 0.632306 
4.55 0.55 -0.248307 0.596855 
4.6 0.55 -0.269798 0.558106 
4.65 0.55 -0.281655 0.517108 
4.7 0.55 -0.28348 0.474775 
4.75 0.55 -0.275177 0.432007 
4.8 0.55 -0.25695 0.389834 
4.85 0.55 -0.229325 0.349557 
4.9 0.55 -0.193171 0.312812 
4.95 0.55 -0.14971 0.281521 
5 0.55 -0.10052 0.257691 
0 0.6 -0.141569 0.263003 
0.05 0.6 -0.0953039 0.238096 
0.1 0.6 -0.0453095 0.222732 
0.15 0.6 0.00651737 0.218256 
0.2 0.6 0.0581434 0.225078 
0.25 0.6 0.107532 0.242568 
0.3 0.6 0.152774 0.269212 
0.35 0.6 0.192186 0.302943 
0.4 0.6 0.224387 0.341545 
0.45 0.6 0.248322 0.382975 
0.5 0.6 0.263269 0.425538 
0.55 0.6 0.268824 0.467914 
0.6 0.6 0.264878 0.50908 
0.65 0.6 0.251606 0.548176 
0.7 0.6 0.229459 0.584365 
0.75 0.6 0.199165 0.616743 
0.8 0.6 0.161733 0.644309 
0.85 0.6 0.118441 0.66601 
0.9 0.6 0.070816 0.680862 
0.95 0.6 0.0205792 0.688101 
1 0.6 -0.0304204 0.687325 
1.05 0.6 -0.080296 0.678578 
1.1 0.6 -0.127216 0.662338 
1.15 0.6 -0.16949 0.639424 
1.2 0.6 -0.205636 0.610843 
1.25 0.6 -0.234423 0.577643 
1.3 0.6 -0.254893 0.540807 
1.35 0.6 -0.266368 0.501222 
1.4 0.6 -0.268447 0.459716 
1.45 0.6 -0.261004 0.417173 
1.5 0.6 -0.244199 0.374664 
1.55 0.6 -0.218491 0.333581 
1.6 0.6 -0.184662 0.295699 
1.65 0.6 -0.143827 0.263124 
1.7 0.6 -0.0974302 0.23808 
1.75 0.6 -0.0472075 0.222566 
1.8 0.6 0.00488749 0.217951 
1.85 0.6 0.0567888 0.224664 
1.9 0.6 0.106442 0.242084 
1.95 0.6 0.151927 0.268697 
2 0.6 0.191558 0.302432 
2.05 0.6 0.22395 0.341063 
2.1 0.6 0.248051 0.382536 
2.15 0.6 0.263141 0.425146 
2.2 0.6 0.268816 0.467571 
2.25 0.6 0.264972 0.508783 
2.3 0.6 0.251785 0.547922 
2.35 0.6 0.229708 0.584153 
2.4 0.6 0.19947 0.616575 
2.45 0.6 0.162081 0.644187 
2.5 0.6 0.11882 0.665938 
2.55 0.6 0.0712112 0.680845 
2.6 0.6 0.0209774 0.68814 
2.65 0.6 -0.0300326 0.687422 
2.7 0.6 -0.0799318 0.67873 
2.75 0.6 -0.126888 0.66254 
2.8 0.6 -0.169209 0.63967 
2.85 0.6 -0.205411 0.611125 
2.9 0.6 -0.234261 0.577955 
2.95 0.6 -0.254801 0.541143 
3 0.6 -0.26635 0.501575 
3.05 0.6 -0.268504 0.46008 
3.1 0.6 -0.261136 0.417541 
3.15 0.6 -0.244403 0.375025 
3.2 0.6 -0.218763 0.333922 
3.25 0.6 -0.184994 0.296004 
3.3 0.6 -0.144209 0.263373 
3.35 0.6 -0.0978491 0.238256 
3.4 0.6 -0.0476474 0.222655 
3.45 0.6 0.00444347 0.217944 
3.5 0.6 0.0563579 0.224563 
3.55 0.6 0.106041 0.241899 
3.6 0.6 0.151571 0.268444 
3.65 0.6 0.19126 0.30213 
3.7 0.6 0.223721 0.34073 
3.75 0.6 0.247898 0.382188 
3.8 0.6 0.263068 0.424796 
3.85 0.6 0.268827 0.467229 
3.9 0.6 0.265066 0.508457 
3.95 0.6 0.251959 0.547619 
4 0.6 0.229958 0.58388 
4.05 0.6 0.199789 0.616341 
4.1 0.6 0.162459 0.644002 
4.15 0.6 0.119246 0.665812 
4.2 0.6 0.0716728 0.680783 
4.25 0.6 0.0214627 0.688146 
4.3 0.6 -0.0295345 0.687493 
4.35 0.6 -0.0794285 0.678856 
4.4 0.6 -0.126382 0.662705 
4.45 0.6 -0.168697 0.639852 
4.5 0.6 -0.20488 0.611298 
4.55 0.6 -0.23369 0.578089 
4.6 0.6 -0.254157 0.541209 
4.65 0.6 -0.265592 0.501546 
4.7 0.6 -0.267582 0.459936 
4.75 0.6 -0.259995 0.417272 
4.8 0.6 -0.242987 0.374643 
4.85 0.6 -0.217025 0.333464 
4.9 0.6 -0.182907 0.29554 
4.95 0.6 -0.141783 0.263003 
5 0.6 -0.0951598 0.238096 
0 0.65 -0.128463 0.242412 
0.05 0.65 -0.0864645 0.217257 
0.1 0.65 -0.0410353 0.20172 
0.15 0.65 0.00607754 0.197219 
0.2 0.65 0.0529975 0.204182 
0.25 0.65 0.0978464 0.221939 
0.3 0.65 0.138867 0.248882 
0.35 0.65 0.174522 0.282831 
0.4 0.65 0.203558 0.321459 
0.45 0.65 0.225036 0.362622 
0.5 0.65 0.238326 0.404551 
0.55 0.65 0.243093 0.445876 
0.6 0.65 0.23927 0.485557 
0.65 0.65 0.227051 0.522753 
0.7 0.65 0.20687 0.556708 
0.75 0.65 0.179407 0.586667 
0.8 0.65 0.145584 0.611841 
0.85 0.65 0.106555 0.631438 
0.9 0.65 0.0636842 0.644734 
0.95 0.65 0.0185015 0.651181 
1 0.65 -0.0273558 0.65049 
1.05 0.65 -0.0722188 0.642693 
1.1 0.65 -0.114465 0.628132 
1.15 0.65 -0.152591 0.607397 
1.2 0.65 -0.185268 0.58123 
1.25 0.65 -0.211383 0.550425 
1.3 0.65 -0.230059 0.515764 
1.35 0.65 -0.240659 0.477998 
1.4 0.65 -0.242789 0.43789 
1.45 0.65 -0.236303 0.396308 
1.5 0.65 -0.221311 0.354352 
1.55 0.65 -0.198198 0.31347 
1.6 0.65 -0.167651 0.275519 
1.65 0.65 -0.130668 0.242708 
1.7 0.65 -0.0885621 0.217381 
1.75 0.65 -0.042924 0.201649 
1.8 0.65 0.00444485 0.196963 
1.85 0.65 0.0516345 0.203778 
1.9 0.65 0.0967465 0.221437 
1.95 0.65 0.138012 0.248334 
2 0.65 0.173887 0.282283 
2.05 0.65 0.203117 0.320941 
2.1 0.65 0.224761 0.362153 
2.15 0.65 0.238192 0.404139 
2.2 0.65 0.243076 0.445523 
2.25 0.65 0.239352 0.485258 
2.3 0.65 0.227213 0.522504 
2.35 0.65 0.207097 0.556508 
2.4 0.65 0.179686 0.586514 
2.45 0.65 0.145902 0.611735 
2.5 0.65 0.1069 0.631381 
2.55 0.65 0.0640428 0.644728 
2.6 0.65 0.0188623 0.651226 
2.65 0.65 -0.0270049 0.650587 
2.7 0.65 -0.0718894 0.64284 
2.75 0.65 -0.114168 0.628325 
2.8 0.65 -0.152335 0.607631 
2.85 0.65 -0.185063 0.581499 
2.9 0.65 -0.211236 0.550725 
2.95 0.65 -0.229974 0.51609 
3 0.65 -0.24064 0.478344 
3.05 0.65 -0.242839 0.438249 
3.1 0.65 -0.236421 0.396674 
3.15 0.65 -0.221495 0.354713 
3.2 0.65 -0.198444 0.313813 
3.25 0.65 -0.167952 0.275827 
3.3 0.65 -0.131015 0.242962 
3.35 0.65 -0.0889428 0.217561 
3.4 0.65 -0.0433241 0.20174 
3.45 0.65 0.00404094 0.196957 
3.5 0.65 0.0512428 0.203677 
3.55 0.65 0.0963825 0.221251 
3.6 0.65 0.137689 0.24808 
3.65 0.65 0.173618 0.281981 
3.7 0.65 0.20291 0.32061 
3.75 0.65 0.224624 0.361811 
3.8 0.65 0.238128 0.403798 
3.85 0.65 0.243086 0.445194 
3.9 0.65 0.239436 0.484948 
3.95 0.65 0.227368 0.522221 
4 0.65 0.207318 0.556257 
4.05 0.65 0.179966 0.586301 
4.1 0.65 0.146233 0.611567 
4.15 0.65 0.107271 0.631263 
4.2 0.65 0.0644443 0.644663 
4.25 0.65 0.0192829 0.651214 
4.3 0.65 -0.0265742 0.650622 
4.35 0.65 -0.0714544 0.642911 
4.4 0.65 -0.11373 0.628415 
4.45 0.65 -0.151888 0.607718 
4.5 0.65 -0.184593 0.581558 
4.55 0.65 -0.21072 0.550726 
4.6 0.65 -0.229381 0.516004 
4.65 0.65 -0.239927 0.478145 
4.7 0.65 -0.241957 0.437919 
4.75 0.65 -0.235316 0.396205 
4.8 0.65 -0.220116 0.354122 
4.85 0.65 -0.196748 0.313144 
4.9 0.65 -0.165916 0.275161 
4.95 0.65 -0.128655 0.242412 
5 0.65 -0.0863352 0.217257 
0 0.7 -0.110822 0.218602 
0.05 0.7 -0.0745891 0.194271 
0.1 0.7 -0.0353573 0.179237 
0.15 0.7 0.00534335 0.174903 
0.2 0.7 0.0458676 0.181689 
0.25 0.7 0.0845705 0.198926 
0.3 0.7 0.119918 0.225015 
0.35 0.7 0.150576 0.257795 
0.4 0.7 0.175467 0.294961 
0.45 0.7 0.193794 0.334398 
0.5 0.7 0.205037 0.374356 
0.55 0.7 0.208931 0.413484 
0.6 0.7 0.205447 0.450757 
0.65 0.7 0.194776 0.485374 
0.7 0.7 0.177314 0.516651 
0.75 0.7 0.15366 0.543951 
0.8 0.7 0.124612 0.566653 
0.85 0.7 0.0911603 0.584163 
0.9 0.7 0.0544643 0.59596 
0.95 0.7 0.0158191 0.601653 
1 0.7 -0.0233947 0.601043 
1.05 0.7 -0.0617706 0.594152 
1.1 0.7 -0.0979393 0.581218 
1.15 0.7 -0.130627 0.562658 
1.2 0.7 -0.158704 0.539011 
1.25 0.7 -0.181213 0.510879 
1.3 0.7 -0.197392 0.478882 
1.35 0.7 -0.206675 0.443664 
1.4 0.7 -0.208702 0.405921 
1.45 0.7 -0.203321 0.366492 
1.5 0.7 -0.1906 0.326458 
1.55 0.7 -0.170845 0.287252 
1.6 0.7 -0.144627 0.250711 
1.65 0.7 -0.112797 0.219019 
1.7 0.7 -0.0764873 0.194498 
1.75 0.7 -0.0370826 0.179242 
1.8 0.7 0.0038406 0.174695 
1.85 0.7 0.0446065 0.181308 
1.9 0.7 0.0835499 0.198429 
1.95 0.7 0.119124 0.224461 
2 0.7 0.149986 0.257235 
2.05 0.7 0.175057 0.294432 
2.1 0.7 0.193539 0.333922 
2.15 0.7 0.204911 0.373942 
2.2 0.7 0.208912 0.413132 
2.25 0.7 0.205517 0.450465 
2.3 0.7 0.194917 0.485137 
2.35 0.7 0.177512 0.516466 
2.4 0.7 0.153902 0.543814 
2.45 0.7 0.124888 0.566563 
2.5 0.7 0.0914581 0.58412 
2.55 0.7 0.0547737 0.595963 
2.6 0.7 0.0161297 0.601703 
2.65 0.7 -0.023093 0.601139 
2.7 0.7 -0.0614874 0.594292 
2.75 0.7 -0.0976838 0.581399 
2.8 0.7 -0.130408 0.562877 
2.85 0.7 -0.158527 0.539265 
2.9 0.7 -0.181086 0.511162 
2.95 0.7 -0.197317 0.479191 
3 0.7 -0.206657 0.443993 
3.05 0.7 -0.208744 0.406265 
3.1 0.7 -0.203421 0.366843 
3.15 0.7 -0.190757 0.326807 
3.2 0.7 -0.171056 0.287585 
3.25 0.7 -0.144886 0.25101 
3.3 0.7 -0.113096 0.219266 
3.35 0.7 -0.076816 0.194673 
3.4 0.7 -0.0374283 0.17933 
3.45 0.7 0.00349153 0.174689 
3.5 0.7 0.0442681 0.18121 
3.55 0.7 0.0832357 0.198249 
3.6 0.7 0.118846 0.224216 
3.65 0.7 0.149755 0.256944 
3.7 0.7 0.17488 0.294116 
3.75 0.7 0.193421 0.333596 
3.8 0.7 0.204856 0.37362 
3.85 0.7 0.20892 0.412824 
3.9 0.7 0.205588 0.450177 
3.95 0.7 0.195048 0.484876 
4 0.7 0.177698 0.516236 
4.05 0.7 0.154137 0.543621 
4.1 0.7 0.125164 0.56641 
4.15 0.7 0.0917664 0.584009 
4.2 0.7 0.0551051 0.595894 
4.25 0.7 0.0164753 0.601674 
4.3 0.7 -0.0227405 0.601142 
4.35 0.7 -0.0611323 0.594315 
4.4 0.7 -0.0973257 0.581424 
4.45 0.7 -0.13004 0.562884 
4.5 0.7 -0.158137 0.539229 
4.55 0.7 -0.180651 0.511055 
4.6 0.7 -0.196808 0.478987 
4.65 0.7 -0.206034 0.443666 
4.7 0.7 -0.207962 0.405799 
4.75 0.7 -0.202434 0.366234 
4.8 0.7 -0.189518 0.326075 
4.85 0.7 -0.169529 0.286779 
4.9 0.7 -0.143056 0.250216 
4.95 0.7 -0.110981 0.218602 
5 0.7 -0.074482 0.194271 
0 0.75 -0.0896681 0.1909 
0.05 0.75 -0.0603588 0.1686 
0.1 0.75 -0.028592 0.154823 
0.15 0.75 0.0043732 0.150867 
0.2 0.75 0.0371857 0.157118 
0.25 0.75 0.0684967 0.172952 
0.3 0.75 0.0970526 0.196884 
0.35 0.75 0.121769 0.226912 
0.4 0.75 0.14178 0.260904 
0.45 0.75 0.156451 0.296898 
0.5 0.75 0.165379 0.333268 
0.55 0.75 0.16837 0.368753 
0.6 0.75 0.165422 0.402398 
0.65 0.75 0.156704 0.433466 
0.7 0.75 0.14255 0.461349 
0.75 0.75 0.123454 0.485512 
0.8 0.75 0.100063 0.505459 
0.85 0.75 0.073171 0.520745 
0.9 0.75 0.0437039 0.53099 
0.95 0.75 0.0126911 0.535918 
1 0.75 -0.0187724 0.535391 
1.05 0.75 -0.0495717 0.529422 
1.1 0.75 -0.0786207 0.518178 
1.15 0.75 -0.104906 0.501955 
1.2 0.75 -0.127525 0.481148 
1.25 0.75 -0.145707 0.456211 
1.3 0.75 -0.158833 0.427645 
1.35 0.75 -0.166437 0.395996 
1.4 0.75 -0.168213 0.361888 
1.45 0.75 -0.164018 0.326098 
1.5 0.75 -0.153888 0.289634 
1.55 0.75 -0.13805 0.253834 
1.6 0.75 -0.116951 0.220403 
1.65 0.75 -0.0912689 0.191369 
1.7 0.75 -0.061918 0.168881 
1.75 0.75 -0.0300276 0.15488 
1.8 0.75 0.00311034 0.150706 
1.85 0.75 0.036119 0.156777 
1.9 0.75 0.0676306 0.172488 
1.95 0.75 0.0963782 0.196358 
2 0.75 0.12127 0.226377 
2.05 0.75 0.141434 0.260398 
2.1 0.75 0.156236 0.296442 
2.15 0.75 0.165274 0.332874 
2.2 0.75 0.168355 0.368422 
2.25 0.75 0.165479 0.402127 
2.3 0.75 0.15682 0.43325 
2.35 0.75 0.142713 0.461184 
2.4 0.75 0.123653 0.485393 
2.45 0.75 0.100287 0.505385 
2.5 0.75 0.0734125 0.520714 
2.55 0.75 0.0439541 0.531001 
2.6 0.75 0.0129418 0.53597 
2.65 0.75 -0.0185291 0.535483 
2.7 0.75 -0.0493436 0.529552 
2.75 0.75 -0.0784149 0.518345 
2.8 0.75 -0.104729 0.502156 
2.85 0.75 -0.127382 0.481378 
2.9 0.75 -0.145604 0.456469 
2.95 0.75 -0.158773 0.427927 
3 0.75 -0.166422 0.396297 
3.05 0.75 -0.168245 0.362204 
3.1 0.75 -0.164098 0.32642 
3.15 0.75 -0.154014 0.289954 
3.2 0.75 -0.13822 0.254139 
3.25 0.75 -0.11716 0.220678 
3.3 0.75 -0.0915107 0.191596 
3.35 0.75 -0.062184 0.169042 
3.4 0.75 -0.0303075 0.154962 
3.45 0.75 0.00282762 0.150701 
3.5 0.75 0.035845 0.156687 
3.55 0.75 0.0673765 0.172322 
3.6 0.75 0.0961537 0.196133 
3.65 0.75 0.121083 0.226112 
3.7 0.75 0.141291 0.260109 
3.75 0.75 0.156142 0.296146 
3.8 0.75 0.165229 0.332582 
3.85 0.75 0.168361 0.368143 
3.9 0.75 0.165536 0.401869 
3.95 0.75 0.156924 0.433017 
4 0.75 0.14286 0.46098 
4.05 0.75 0.123837 0.485221 
4.1 0.75 0.100503 0.505248 
4.15 0.75 0.0736524 0.520611 
4.2 0.75 0.0442105 0.53093 
4.25 0.75 0.0132077 0.535928 
4.3 0.75 -0.0182595 0.53546 
4.35 0.75 -0.0490731 0.529538 
4.4 0.75 -0.0781428 0.518322 
4.45 0.75 -0.10445 0.502105 
4.5 0.75 -0.127083 0.481278 
4.55 0.75 -0.145266 0.456293 
4.6 0.75 -0.15837 0.427651 
4.65 0.75 -0.165922 0.395899 
4.7 0.75 -0.16761 0.361671 
4.75 0.75 -0.163288 0.325752 
4.8 0.75 -0.152994 0.289173 
4.85 0.75 -0.136963 0.253295 
4.9 0.75 -0.115659 0.219854 
4.95 0.75 -0.0897821 0.1909 
5 0.75 -0.0602818 0.1686 
0 0.8 -0.0664502 0.159088 
0.05 0.8 -0.0447375 0.139999 
0.1 0.8 -0.0211857 0.128216 
0.15 0.8 0.00325568 0.124844 
0.2 0.8 0.0275731 0.130208 
0.25 0.8 0.0507569 0.143771 
0.3 0.8 0.0718712 0.164265 
0.35 0.8 0.0901111 0.189974 
0.4 0.8 0.104838 0.219068 
0.45 0.8 0.115594 0.249861 
0.5 0.8 0.122091 0.280947 
0.55 0.8 0.1242 0.311228 
0.6 0.8 0.121934 0.339872 
0.65 0.8 0.115428 0.366238 
0.7 0.8 0.104939 0.389808 
0.75 0.8 0.0908336 0.410145 
0.8 0.8 0.0735913 0.42686 
0.85 0.8 0.0537958 0.439617 
0.9 0.8 0.0321241 0.448139 
0.95 0.8 0.0093269 0.45223 
1 0.8 -0.0137984 0.451792 
1.05 0.8 -0.0364403 0.446836 
1.1 0.8 -0.0578077 0.437477 
1.15 0.8 -0.0771613 0.423928 
1.2 0.8 -0.0938398 0.406476 
1.25 0.8 -0.107278 0.385468 
1.3 0.8 -0.117014 0.361298 
1.35 0.8 -0.122702 0.334419 
1.4 0.8 -0.124104 0.305364 
1.45 0.8 -0.121104 0.274808 
1.5 0.8 -0.113714 0.243634 
1.55 0.8 -0.102089 0.213001 
1.6 0.8 -0.0865468 0.184387 
1.65 0.8 -0.0675815 0.159533 
1.7 0.8 -0.0458689 0.140283 
1.75 0.8 -0.0222506 0.128299 
1.8 0.8 0.00230503 0.124727 
1.85 0.8 0.0267635 0.129923 
1.9 0.8 0.0500973 0.143371 
1.95 0.8 0.0713576 0.163804 
2 0.8 0.0897315 0.189501 
2.05 0.8 0.104577 0.21862 
2.1 0.8 0.115432 0.249459 
2.15 0.8 0.122013 0.280599 
2.2 0.8 0.124191 0.310938 
2.25 0.8 0.121979 0.339636 
2.3 0.8 0.115517 0.366052 
2.35 0.8 0.105062 0.389669 
2.4 0.8 0.090982 0.410047 
2.45 0.8 0.0737584 0.426802 
2.5 0.8 0.0539751 0.439596 
2.55 0.8 0.0323094 0.448154 
2.6 0.8 0.00951217 0.452279 
2.65 0.8 -0.0136189 0.451875 
2.7 0.8 -0.036272 0.44695 
2.75 0.8 -0.0576558 0.437622 
2.8 0.8 -0.0770306 0.4241 
2.85 0.8 -0.0937343 0.406674 
2.9 0.8 -0.107201 0.38569 
2.95 0.8 -0.116969 0.361541 
3 0.8 -0.12269 0.334678 
3.05 0.8 -0.124127 0.305636 
3.1 0.8 -0.121162 0.275086 
3.15 0.8 -0.113806 0.243909 
3.2 0.8 -0.102214 0.213264 
3.25 0.8 -0.0867011 0.184623 
3.3 0.8 -0.0677602 0.159727 
3.35 0.8 -0.0460658 0.140421 
3.4 0.8 -0.022458 0.128369 
3.45 0.8 0.00209551 0.124723 
3.5 0.8 0.0265605 0.129846 
3.55 0.8 0.0499092 0.14323 
3.6 0.8 0.0711917 0.163612 
3.65 0.8 0.0895938 0.189275 
3.7 0.8 0.104472 0.218374 
3.75 0.8 0.115363 0.249206 
3.8 0.8 0.121981 0.28035 
3.85 0.8 0.124196 0.310701 
3.9 0.8 0.12202 0.339417 
3.95 0.8 0.115592 0.365854 
4 0.8 0.105168 0.389496 
4.05 0.8 0.0911148 0.409901 
4.1 0.8 0.0739131 0.426684 
4.15 0.8 0.0541461 0.439504 
4.2 0.8 0.032491 0.448086 
4.25 0.8 0.00969919 0.452231 
4.3 0.8 -0.0134305 0.451839 
4.35 0.8 -0.0360846 0.446914 
4.4 0.8 -0.0574683 0.437572 
4.45 0.8 -0.0768383 0.42402 
4.5 0.8 -0.0935277 0.406544 
4.55 0.8 -0.106965 0.385488 
4.6 0.8 -0.116684 0.361247 
4.65 0.8 -0.12233 0.334274 
4.7 0.8 -0.123664 0.305113 
4.75 0.8 -0.120567 0.274447 
4.8 0.8 -0.113054 0.243176 
4.85 0.8 -0.101288 0.212483 
4.9 0.8 -0.0856013 0.183866 
4.95 0.8 -0.0665075 0.159088 
5 0.8 -0.0446987 0.139999 
0 0.85 -0.0430971 0.123369 
0.05 0.85 -0.0290127 0.108477 
0.1 0.85 -0.0137362 0.0992987 
0.15 0.85 0.00210752 0.0966791 
0.2 0.85 0.0178591 0.100864 
0.25 0.85 0.0328612 0.11144 
0.3 0.85 0.0465045 0.127425 
0.35 0.85 0.0582675 0.147494 
0.4 0.85 0.0677405 0.170226 
0.45 0.85 0.0746328 0.194301 
0.5 0.85 0.078768 0.21861 
0.55 0.85 0.0800716 0.242284 
0.6 0.85 0.0785588 0.264658 
0.65 0.85 0.0743244 0.285221 
0.7 0.85 0.0675366 0.303566 
0.75 0.85 0.0584347 0.319356 
0.8 0.85 0.0473271 0.332301 
0.85 0.85 0.0345882 0.342158 
0.9 0.85 0.0206509 0.34873 
0.95 0.85 0.00599507 0.351881 
1 0.85 -0.00887029 0.351544 
1.05 0.85 -0.0234271 0.347725 
1.1 0.85 -0.0371703 0.340505 
1.15 0.85 -0.0496273 0.330031 
1.2 0.85 -0.0603749 0.316508 
1.25 0.85 -0.06905 0.300188 
1.3 0.85 -0.075356 0.281368 
1.35 0.85 -0.0790656 0.260396 
1.4 0.85 -0.0800224 0.237695 
1.45 0.85 -0.0781445 0.213803 
1.5 0.85 -0.0734309 0.189423 
1.55 0.85 -0.0659732 0.165477 
1.6 0.85 -0.0559681 0.143125 
1.65 0.85 -0.0437298 0.123729 
1.7 0.85 -0.0296939 0.10872 
1.75 0.85 -0.0144084 0.0993839 
1.8 0.85 0.00149274 0.0966016 
1.85 0.85 0.01733 0.100649 
1.9 0.85 0.0324288 0.111127 
1.95 0.85 0.0461684 0.127061 
2 0.85 0.0580204 0.147119 
2.05 0.85 0.0675716 0.169868 
2.1 0.85 0.0745302 0.193979 
2.15 0.85 0.0787202 0.218332 
2.2 0.85 0.0800682 0.242053 
2.25 0.85 0.0785908 0.264471 
2.3 0.85 0.0743841 0.285075 
2.35 0.85 0.0676178 0.303457 
2.4 0.85 0.0585321 0.319281 
2.45 0.85 0.0474361 0.332258 
2.5 0.85 0.0347045 0.342144 
2.55 0.85 0.0207708 0.348744 
2.6 0.85 0.00611466 0.351922 
2.65 0.85 -0.00875458 0.351611 
2.7 0.85 -0.0233188 0.347817 
2.75 0.85 -0.0370725 0.34062 
2.8 0.85 -0.049543 0.330168 
2.85 0.85 -0.0603068 0.316665 
2.9 0.85 -0.0690002 0.300363 
2.95 0.85 -0.0753264 0.281559 
3 0.85 -0.0790575 0.2606 
3.05 0.85 -0.0800367 0.237908 
3.1 0.85 -0.0781814 0.214021 
3.15 0.85 -0.0734901 0.189639 
3.2 0.85 -0.0660535 0.165682 
3.25 0.85 -0.0560675 0.14331 
3.3 0.85 -0.0438452 0.123881 
3.35 0.85 -0.0298213 0.108828 
3.4 0.85 -0.0145426 0.0994388 
3.45 0.85 0.00135707 0.0965986 
3.5 0.85 0.0171986 0.100589 
3.55 0.85 0.0323072 0.111017 
3.6 0.85 0.0460613 0.126912 
3.65 0.85 0.0579316 0.146942 
3.7 0.85 0.067504 0.169676 
3.75 0.85 0.0744857 0.193781 
3.8 0.85 0.0786995 0.218138 
3.85 0.85 0.0800713 0.241868 
3.9 0.85 0.078617 0.2643 
3.95 0.85 0.0744318 0.28492 
4 0.85 0.0676849 0.303322 
4.05 0.85 0.0586158 0.319166 
4.1 0.85 0.0475331 0.332164 
4.15 0.85 0.0348113 0.34207 
4.2 0.85 0.0208834 0.348687 
4.25 0.85 0.00622972 0.351878 
4.3 0.85 -0.00863983 0.351572 
4.35 0.85 -0.0232057 0.347775 
4.4 0.85 -0.0369605 0.340564 
4.45 0.85 -0.049429 0.330085 
4.5 0.85 -0.0601843 0.316538 
4.55 0.85 -0.0688594 0.300177 
4.6 0.85 -0.0751536 0.281298 
4.65 0.85 -0.0788359 0.260251 
4.7 0.85 -0.0797473 0.237465 
4.75 0.85 -0.0778055 0.213488 
4.8 0.85 -0.0730125 0.189037 
4.85 0.85 -0.0654679 0.16505 
4.9 0.85 -0.0553822 0.142704 
4.95 0.85 -0.0430859 0.123369 
5 0.85 -0.0290199 0.108477 
0 0.9 -0.0220855 0.0843259 
0.05 0.9 -0.0148401 0.074266 
0.1 0.9 -0.00701889 0.0680831 
0.15 0.9 0.00107016 0.066323 
0.2 0.9 0.00910064 0.0691443 
0.25 0.9 0.0167396 0.0762725 
0.3 0.9 0.0236758 0.08706 
0.35 0.9 0.0296436 0.100626 
0.4 0.9 0.0344366 0.116019 
0.45 0.9 0.0379108 0.132348 
0.5 0.9 0.0399813 0.148855 
0.55 0.9 0.0406152 0.164942 
0.6 0.9 0.0398242 0.180146 
0.65 0.9 0.037659 0.194114 
0.7 0.9 0.0342062 0.206563 
0.75 0.9 0.0295874 0.217265 
0.8 0.9 0.023958 0.226029 
0.85 0.9 0.0175066 0.232692 
0.9 0.9 0.0104514 0.237131 
0.95 0.9 0.00303388 0.239257 
1 0.9 -0.00448927 0.23903 
1.05 0.9 -0.0118569 0.236452 
1.1 0.9 -0.0188145 0.231575 
1.15 0.9 -0.025124 0.224492 
1.2 0.9 -0.0305723 0.215335 
1.25 0.9 -0.0349764 0.20427 
1.3 0.9 -0.0381867 0.191495 
1.35 0.9 -0.0400873 0.177248 
1.4 0.9 -0.0405975 0.16182 
1.45 0.9 -0.0396727 0.145586 
1.5 0.9 -0.037308 0.129034 
1.55 0.9 -0.0335451 0.112798 
1.6 0.9 -0.0284791 0.0976688 
1.65 0.9 -0.0222663 0.0845643 
1.7 0.9 -0.0151272 0.0744414 
1.75 0.9 -0.00734253 0.0681523 
1.8 0.9 0.000760749 0.0662793 
1.85 0.9 0.00883097 0.0690041 
1.9 0.9 0.0165191 0.0760639 
1.95 0.9 0.0235053 0.0868141 
2 0.9 0.0295194 0.100371 
2.05 0.9 0.0343528 0.115774 
2.1 0.9 0.037861 0.132126 
2.15 0.9 0.0399594 0.148664 
2.2 0.9 0.0406157 0.164783 
2.25 0.9 0.0398424 0.180018 
2.3 0.9 0.0376909 0.194014 
2.35 0.9 0.0342487 0.206489 
2.4 0.9 0.0296377 0.217215 
2.45 0.9 0.0240139 0.226 
2.5 0.9 0.017566 0.232684 
2.55 0.9 0.0105123 0.237142 
2.6 0.9 0.00309458 0.239287 
2.65 0.9 -0.00443062 0.239077 
2.7 0.9 -0.0118021 0.236516 
2.75 0.9 -0.018765 0.231654 
2.8 0.9 -0.0250813 0.224586 
2.85 0.9 -0.0305377 0.215443 
2.9 0.9 -0.0349511 0.20439 
2.95 0.9 -0.0381715 0.191626 
3 0.9 -0.040083 0.177387 
3.05 0.9 -0.0406045 0.161966 
3.1 0.9 -0.0396911 0.145735 
3.15 0.9 -0.0373378 0.129182 
3.2 0.9 -0.0335857 0.112938 
3.25 0.9 -0.0285294 0.0977942 
3.3 0.9 -0.0223249 0.0846673 
3.35 0.9 -0.015192 0.0745144 
3.4 0.9 -0.00741091 0.0681894 
3.45 0.9 0.000691631 0.0662775 
3.5 0.9 0.00876406 0.0689641 
3.55 0.9 0.0164572 0.07599 
3.6 0.9 0.0234508 0.0867133 
3.65 0.9 0.0294744 0.100251 
3.7 0.9 0.0343186 0.115644 
3.75 0.9 0.0378386 0.131992 
3.8 0.9 0.0399491 0.148532 
3.85 0.9 0.0406174 0.164657 
3.9 0.9 0.0398556 0.179902 
3.95 0.9 0.0377148 0.193909 
4 0.9 0.0342822 0.206397 
4.05 0.9 0.0296794 0.217137 
4.1 0.9 0.024062 0.225935 
4.15 0.9 0.0176186 0.232632 
4.2 0.9 0.0105675 0.237101 
4.25 0.9 0.00315036 0.239253 
4.3 0.9 -0.00437565 0.239046 
4.35 0.9 -0.0117487 0.236482 
4.4 0.9 -0.018713 0.231609 
4.45 0.9 -0.025029 0.22452 
4.5 0.9 -0.0304819 0.215346 
4.55 0.9 -0.0348866 0.204252 
4.6 0.9 -0.0380911 0.191436 
4.65 0.9 -0.0399779 0.177137 
4.7 0.9 -0.0404648 0.161652 
4.75 0.9 -0.0395071 0.145362 
4.8 0.9 -0.0371024 0.128765 
4.85 0.9 -0.0332987 0.112507 
4.9 0.9 -0.0282041 0.0973874 
4.95 0.9 -0.0219944 0.0843259 
5 0.9 -0.0149013 0.074266 
0 0.95 -0.00652478 0.0428356 
0.05 0.95 -0.00430295 0.0378357 
0.1 0.95 -0.00202185 0.0347784 
0.15 0.95 0.00030606 0.0339103 
0.2 0.95 0.00260941 0.0353062 
0.25 0.95 0.00479697 0.0388346 
0.3 0.95 0.00677954 0.0441833 
0.35 0.95 0.00848096 0.0509249 
0.4 0.95 0.00984288 0.0585929 
0.45 0.95 0.0108257 0.0667454 
0.5 0.95 0.011407 0.0750033 
0.55 0.95 0.0115792 0.0830618 
0.6 0.95 0.0113468 0.0906848 
0.65 0.95 0.010725 0.0976899 
0.7 0.95 0.00973865 0.103934 
0.75 0.95 0.008422 0.109299 
0.8 0.95 0.00681889 0.113691 
0.85 0.95 0.00498248 0.117028 
0.9 0.95 0.00297448 0.11925 
0.95 0.95 0.000863446 0.120315 
1 0.95 -0.00127766 0.120201 
1.05 0.95 -0.00337454 0.118911 
1.1 0.95 -0.00535484 0.116469 
1.15 0.95 -0.00715105 0.112921 
1.2 0.95 -0.00870292 0.108331 
1.25 0.95 -0.00995887 0.102783 
1.3 0.95 -0.0108767 0.0963761 
1.35 0.95 -0.0114237 0.0892305 
1.4 0.95 -0.0115767 0.0814965 
1.45 0.95 -0.0113219 0.0733661 
1.5 0.95 -0.0106567 0.0650891 
1.55 0.95 -0.00959114 0.0569864 
1.6 0.95 -0.00815044 0.049454 
1.65 0.95 -0.00637788 0.0429457 
1.7 0.95 -0.00433594 0.0379293 
1.75 0.95 -0.0021055 0.034818 
1.8 0.95 0.000218161 0.0338922 
1.85 0.95 0.00253214 0.0352392 
1.9 0.95 0.00473434 0.0387327 
1.95 0.95 0.00673173 0.044062 
2 0.95 0.00844667 0.0507978 
2.05 0.95 0.00982026 0.0584704 
2.1 0.95 0.0108128 0.0666343 
2.15 0.95 0.0114019 0.0749069 
2.2 0.95 0.0115803 0.0829813 
2.25 0.95 0.0113527 0.0906198 
2.3 0.95 0.0107347 0.0976394 
2.35 0.95 0.00975116 0.103896 
2.4 0.95 0.00843662 0.109274 
2.45 0.95 0.00683498 0.113676 
2.5 0.95 0.00499949 0.117024 
2.55 0.95 0.00299188 0.119256 
2.6 0.95 0.000880733 0.12033 
2.65 0.95 -0.00126098 0.120225 
2.7 0.95 -0.00335894 0.118943 
2.75 0.95 -0.00534076 0.116509 
2.8 0.95 -0.00713891 0.112968 
2.85 0.95 -0.00869308 0.108386 
2.9 0.95 -0.00995164 0.102844 
2.95 0.95 -0.0108724 0.0964419 
3 0.95 -0.0114224 0.0893006 
3.05 0.95 -0.0115785 0.0815697 
3.1 0.95 -0.0113271 0.0734407 
3.15 0.95 -0.0106651 0.0651628 
3.2 0.95 -0.00960264 0.0570563 
3.25 0.95 -0.00816478 0.0495164 
3.3 0.95 -0.00639461 0.0429969 
3.35 0.95 -0.00435447 0.0379656 
3.4 0.95 -0.00212509 0.0348364 
3.45 0.95 0.00019835 0.0338914 
3.5 0.95 0.00251297 0.0352195 
3.55 0.95 0.00471664 0.0386962 
3.6 0.95 0.0067162 0.044012 
3.65 0.95 0.00843387 0.0507384 
3.7 0.95 0.00981057 0.0584055 
3.75 0.95 0.0108064 0.0665673 
3.8 0.95 0.011399 0.0748408 
3.85 0.95 0.0115808 0.0829182 
3.9 0.95 0.0113565 0.0905614 
3.95 0.95 0.0107415 0.0975866 
4 0.95 0.00976064 0.10385 
4.05 0.95 0.00844835 0.109234 
4.1 0.95 0.00684846 0.113644 
4.15 0.95 0.00501414 0.116998 
4.2 0.95 0.00300711 0.119235 
4.25 0.95 0.000895973 0.120312 
4.3 0.95 -0.00124619 0.120208 
4.35 0.95 -0.00334488 0.118924 
4.4 0.95 -0.00532739 0.116484 
4.45 0.95 -0.00712581 0.112932 
4.5 0.95 -0.00867933 0.108334 
4.55 0.95 -0.00993575 0.102771 
4.6 0.95 -0.0108522 0.096343 
4.65 0.95 -0.0113954 0.0891718 
4.7 0.95 -0.0115416 0.0814097 
4.75 0.95 -0.0112773 0.0732524 
4.8 0.95 -0.0106004 0.0649547 
4.85 0.95 -0.00952397 0.0568437 
4.9 0.95 -0.00808206 0.0493199 
4.95 0.95 -0.00634209 0.0428356 
5 0.95 -0.00442645 0.0378357 
0 1 0 0 
0.05 1 0 0 
0.1 1 0 0 
0.15 1 0 0 
0.2 1 0 0 
0.25 1 0 0 
0.3 1 0 0 
0.35 1 0 0 
0.4 1 0 0 
0.45 1 0 0 
0.5 1 0 0 
0.55 1 0 0 
0.6 1 0 0 
0.65 1 0 0 
0.7 1 0 0 
0.75 1 0 0 
0.8 1 0 0 
0.85 1 0 0 
0.9 1 0 0 
0.95 1 0 0 
1 1 0 0 
1.05 1 0 0 
1.1 1 0 0 
1.15 1 0 0 
1.2 1 0 0 
1.25 1 0 0 
1.3 1 0 0 
1.35 1 0 0 
1.4 1 0 0 
1.45 1 0 0 
1.5 1 0 0 
1.55 1 0 0 
1.6 1 0 0 
1.65 1 0 0 
1.7 1 0 0 
1.75 1 0 0 
1.8 1 0 0 
1.85 1 0 0 
1.9 1 0 0 
1.95 1 0 0 
2 1 0 0 
2.05 1 0 0 
2.1 1 0 0 
2.15 1 0 0 
2.2 1 0 0 
2.25 1 0 0 
2.3 1 0 0 
2.35 1 0 0 
2.4 1 0 0 
2.45 1 0 0 
2.5 1 0 0 
2.55 1 0 0 
2.6 1 0 0 
2.65 1 0 0 
2.7 1 0 0 
2.75 1 0 0 
2.8 1 0 0 
2.85 1 0 0 
2.9 1 0 0 
2.95 1 0 0 
3 1 0 0 
3.05 1 0 0 
3.1 1 0 0 
3.15 1 0 0 
3.2 1 0 0 
3.25 1 0 0 
3.3 1 0 0 
3.35 1 0 0 
3.4 1 0 0 
3.45 1 0 0 
3.5 1 0 0 
3.55 1 0 0 
3.6 1 0 0 
3.65 1 0 0 
3.7 1 0 0 
3.75 1 0 0 
3.8 1 0 0 
3.85 1 0 0 
3.9 1 0 0 
3.95 1 0 0 
4 1 0 0 
4.05 1 0 0 
4.1 1 0 0 
4.15 1 0 0 
4.2 1 0 0 
4.25 1 0 0 
4.3 1 0 0 
4.35 1 0 0 
4.4 1 0 0 
4.45 1 0 0 
4.5 1 0 0 
4.55 1 0 0 
4.6 1 0 0 
4.65 1 0 0 
4.7 1 0 0 
4.75 1 0 0 
4.8 1 0 0 
4.85 1 0 0 
4.9 1 0 0 
4.95 1 0 0 
5 1 0 0 
