x, y, ksi, T
#iter= 1960000
0 0 0 1 
0.05 0 0 1 
0.1 0 0 1 
0.15 0 0 1 
0.2 0 0 1 
0.25 0 0 1 
0.3 0 0 1 
0.35 0 0 1 
0.4 0 0 1 
0.45 0 0 1 
0.5 0 0 1 
0.55 0 0 1 
0.6 0 0 1 
0.65 0 0 1 
0.7 0 0 1 
0.75 0 0 1 
0.8 0 0 1 
0.85 0 0 1 
0.9 0 0 1 
0.95 0 0 1 
1 0 0 1 
1.05 0 0 1 
1.1 0 0 1 
1.15 0 0 1 
1.2 0 0 1 
1.25 0 0 1 
1.3 0 0 1 
1.35 0 0 1 
1.4 0 0 1 
1.45 0 0 1 
1.5 0 0 1 
1.55 0 0 1 
1.6 0 0 1 
1.65 0 0 1 
1.7 0 0 1 
1.75 0 0 1 
1.8 0 0 1 
1.85 0 0 1 
1.9 0 0 1 
1.95 0 0 1 
2 0 0 1 
2.05 0 0 1 
2.1 0 0 1 
2.15 0 0 1 
2.2 0 0 1 
2.25 0 0 1 
2.3 0 0 1 
2.35 0 0 1 
2.4 0 0 1 
2.45 0 0 1 
2.5 0 0 1 
2.55 0 0 1 
2.6 0 0 1 
2.65 0 0 1 
2.7 0 0 1 
2.75 0 0 1 
2.8 0 0 1 
2.85 0 0 1 
2.9 0 0 1 
2.95 0 0 1 
3 0 0 1 
3.05 0 0 1 
3.1 0 0 1 
3.15 0 0 1 
3.2 0 0 1 
3.25 0 0 1 
3.3 0 0 1 
3.35 0 0 1 
3.4 0 0 1 
3.45 0 0 1 
3.5 0 0 1 
3.55 0 0 1 
3.6 0 0 1 
3.65 0 0 1 
3.7 0 0 1 
3.75 0 0 1 
3.8 0 0 1 
3.85 0 0 1 
3.9 0 0 1 
3.95 0 0 1 
4 0 0 1 
4.05 0 0 1 
4.1 0 0 1 
4.15 0 0 1 
4.2 0 0 1 
4.25 0 0 1 
4.3 0 0 1 
4.35 0 0 1 
4.4 0 0 1 
4.45 0 0 1 
4.5 0 0 1 
4.55 0 0 1 
4.6 0 0 1 
4.65 0 0 1 
4.7 0 0 1 
4.75 0 0 1 
4.8 0 0 1 
4.85 0 0 1 
4.9 0 0 1 
4.95 0 0 1 
5 0 0 1 
0 0.05 -0.00642411 0.884626 
0.05 0.05 -0.00432711 0.881643 
0.1 0.05 -0.00213978 0.87991 
0.15 0.05 7.17449e-05 0.879406 
0.2 0.05 0.00224941 0.880112 
0.25 0.05 0.00432936 0.882 
0.3 0.05 0.006247 0.885026 
0.35 0.05 0.00794178 0.88913 
0.4 0.05 0.00936004 0.894235 
0.45 0.05 0.0104565 0.900248 
0.5 0.05 0.011195 0.907061 
0.55 0.05 0.0115482 0.914539 
0.6 0.05 0.0114982 0.922512 
0.65 0.05 0.0110372 0.930762 
0.7 0.05 0.0101686 0.939005 
0.75 0.05 0.00891008 0.946881 
0.8 0.05 0.00729573 0.953962 
0.85 0.05 0.0053785 0.95978 
0.9 0.05 0.00323047 0.963886 
0.95 0.05 0.000940499 0.965923 
1 0.05 -0.0013913 0.965703 
1.05 0.05 -0.00366133 0.963247 
1.1 0.05 -0.00577109 0.958782 
1.15 0.05 -0.00763469 0.952686 
1.2 0.05 -0.00918369 0.94542 
1.25 0.05 -0.010369 0.937448 
1.3 0.05 -0.0111599 0.929187 
1.35 0.05 -0.011542 0.92098 
1.4 0.05 -0.0115143 0.9131 
1.45 0.05 -0.0110872 0.905753 
1.5 0.05 -0.010281 0.899102 
1.55 0.05 -0.00912553 0.893276 
1.6 0.05 -0.00766 0.888379 
1.65 0.05 -0.00593311 0.8845 
1.7 0.05 -0.00400255 0.881709 
1.75 0.05 -0.00193378 0.880058 
1.8 0.05 0.000202046 0.879578 
1.85 0.05 0.00233087 0.880279 
1.9 0.05 0.00437895 0.882147 
1.95 0.05 0.006276 0.885147 
2 0.05 0.0079579 0.889223 
2.05 0.05 0.00936859 0.894301 
2.1 0.05 0.0104612 0.900291 
2.15 0.05 0.0111981 0.907083 
2.2 0.05 0.0115515 0.914543 
2.25 0.05 0.0115028 0.922502 
2.3 0.05 0.0110435 0.930742 
2.35 0.05 0.0101771 0.938978 
2.4 0.05 0.0089208 0.946852 
2.45 0.05 0.0073085 0.953935 
2.5 0.05 0.00539297 0.95976 
2.55 0.05 0.00324614 0.963875 
2.6 0.05 0.000956723 0.965925 
2.65 0.05 -0.00137523 0.96572 
2.7 0.05 -0.00364613 0.963278 
2.75 0.05 -0.00575743 0.958824 
2.8 0.05 -0.00762313 0.952738 
2.85 0.05 -0.00917467 0.945479 
2.9 0.05 -0.0103628 0.93751 
2.95 0.05 -0.0111567 0.929249 
3 0.05 -0.0115419 0.921041 
3.05 0.05 -0.0115173 0.913157 
3.1 0.05 -0.0110933 0.905806 
3.15 0.05 -0.0102899 0.899149 
3.2 0.05 -0.00913708 0.893315 
3.25 0.05 -0.00767383 0.888411 
3.3 0.05 -0.00594881 0.884524 
3.35 0.05 -0.00401962 0.881723 
3.4 0.05 -0.00195166 0.880063 
3.45 0.05 0.000183956 0.879573 
3.5 0.05 0.00231319 0.880265 
3.55 0.05 0.00436229 0.882123 
3.6 0.05 0.00626096 0.885113 
3.65 0.05 0.007945 0.88918 
3.7 0.05 0.00935831 0.89425 
3.75 0.05 0.0104539 0.900232 
3.8 0.05 0.0111943 0.907016 
3.85 0.05 0.0115513 0.914471 
3.9 0.05 0.0115064 0.922426 
3.95 0.05 0.0110512 0.930664 
4 0.05 0.0101889 0.938901 
4.05 0.05 0.00893656 0.946781 
4.1 0.05 0.00732798 0.953876 
4.15 0.05 0.00541571 0.959718 
4.2 0.05 0.00327147 0.963857 
4.25 0.05 0.000983763 0.965936 
4.3 0.05 -0.00134749 0.965762 
4.35 0.05 -0.00361878 0.963354 
4.4 0.05 -0.00573163 0.958933 
4.45 0.05 -0.00760005 0.952878 
4.5 0.05 -0.00915559 0.945647 
4.55 0.05 -0.0103492 0.937703 
4.6 0.05 -0.0111507 0.929464 
4.65 0.05 -0.0115464 0.921276 
4.7 0.05 -0.0115367 0.913407 
4.75 0.05 -0.0111341 0.906066 
4.8 0.05 -0.0103624 0.89941 
4.85 0.05 -0.00925651 0.89356 
4.9 0.05 -0.00786441 0.88861 
4.95 0.05 -0.00624584 0.884626 
5 0.05 -0.00444844 0.881643 
0 0.1 -0.0216734 0.770588 
0.05 0.1 -0.014811 0.76473 
0.1 0.1 -0.00735719 0.761259 
0.15 0.1 0.000318351 0.760232 
0.2 0.1 0.0079304 0.76163 
0.25 0.1 0.0152212 0.765393 
0.3 0.1 0.0219504 0.77143 
0.35 0.1 0.027899 0.779616 
0.4 0.1 0.0328745 0.789795 
0.45 0.1 0.0367153 0.801785 
0.5 0.1 0.039292 0.815366 
0.55 0.1 0.0405089 0.830276 
0.6 0.1 0.0403049 0.846186 
0.65 0.1 0.038656 0.862669 
0.7 0.1 0.0355806 0.879167 
0.75 0.1 0.0311468 0.894967 
0.8 0.1 0.0254802 0.909207 
0.85 0.1 0.0187696 0.920935 
0.9 0.1 0.0112671 0.929227 
0.95 0.1 0.00327905 0.933347 
1 0.1 -0.00485188 0.932902 
1.05 0.1 -0.0127718 0.927936 
1.1 0.1 -0.0201433 0.918919 
1.15 0.1 -0.0266695 0.906638 
1.2 0.1 -0.0321104 0.892032 
1.25 0.1 -0.0362898 0.876046 
1.3 0.1 -0.0390942 0.859515 
1.35 0.1 -0.0404664 0.843123 
1.4 0.1 -0.0403974 0.827399 
1.45 0.1 -0.03892 0.81275 
1.5 0.1 -0.0361042 0.79949 
1.55 0.1 -0.0320548 0.78787 
1.6 0.1 -0.026911 0.778102 
1.65 0.1 -0.0208458 0.770359 
1.7 0.1 -0.0140632 0.764786 
1.75 0.1 -0.00679447 0.761487 
1.8 0.1 0.000710027 0.760529 
1.85 0.1 0.00818992 0.76193 
1.9 0.1 0.0153859 0.765662 
1.95 0.1 0.0220505 0.771652 
2 0.1 0.0279572 0.779786 
2.05 0.1 0.0329075 0.789917 
2.1 0.1 0.0367348 0.801861 
2.15 0.1 0.0393062 0.815402 
2.2 0.1 0.0405234 0.830279 
2.25 0.1 0.0403233 0.846162 
2.3 0.1 0.0386804 0.862625 
2.35 0.1 0.0356121 0.879111 
2.4 0.1 0.0311857 0.894907 
2.45 0.1 0.0255259 0.909151 
2.5 0.1 0.018821 0.920892 
2.55 0.1 0.0113224 0.929205 
2.6 0.1 0.00333606 0.933351 
2.65 0.1 -0.00479554 0.932935 
2.7 0.1 -0.0127186 0.927998 
2.75 0.1 -0.0200955 0.919005 
2.8 0.1 -0.026629 0.906742 
2.85 0.1 -0.0320787 0.892149 
2.9 0.1 -0.0362681 0.876169 
2.95 0.1 -0.0390831 0.859639 
3 0.1 -0.0404662 0.843244 
3.05 0.1 -0.0404082 0.827513 
3.1 0.1 -0.0389415 0.812855 
3.15 0.1 -0.0361357 0.799583 
3.2 0.1 -0.0320955 0.78795 
3.25 0.1 -0.0269597 0.778166 
3.3 0.1 -0.020901 0.770407 
3.35 0.1 -0.0141233 0.764815 
3.4 0.1 -0.00685736 0.761498 
3.45 0.1 0.000646437 0.76052 
3.5 0.1 0.00812782 0.761901 
3.55 0.1 0.0153275 0.765613 
3.6 0.1 0.0219978 0.771584 
3.65 0.1 0.0279121 0.779701 
3.7 0.1 0.0328717 0.789814 
3.75 0.1 0.0367097 0.801742 
3.8 0.1 0.0392931 0.815269 
3.85 0.1 0.0405232 0.830134 
3.9 0.1 0.0403368 0.846009 
3.95 0.1 0.038708 0.862469 
4 0.1 0.0356539 0.878957 
4.05 0.1 0.0312413 0.894765 
4.1 0.1 0.0255943 0.909032 
4.15 0.1 0.0189005 0.920807 
4.2 0.1 0.0114106 0.929167 
4.25 0.1 0.00343003 0.93337 
4.3 0.1 -0.00469929 0.933019 
4.35 0.1 -0.0126238 0.928148 
4.4 0.1 -0.0200061 0.919221 
4.45 0.1 -0.0265491 0.907019 
4.5 0.1 -0.0320128 0.892481 
4.55 0.1 -0.0362213 0.87655 
4.6 0.1 -0.0390622 0.860064 
4.65 0.1 -0.0404806 0.843705 
4.7 0.1 -0.0404713 0.828004 
4.75 0.1 -0.0390723 0.813363 
4.8 0.1 -0.0363604 0.800088 
4.85 0.1 -0.0324472 0.788416 
4.9 0.1 -0.0274727 0.778534 
4.95 0.1 -0.0215842 0.770588 
5 0.1 -0.0148696 0.76473 
0 0.15 -0.0422223 0.662695 
0.05 0.15 -0.0288163 0.654144 
0.1 0.15 -0.0142612 0.649031 
0.15 0.15 0.000788512 0.647499 
0.2 0.15 0.015759 0.649547 
0.25 0.15 0.0301217 0.655098 
0.3 0.15 0.0433876 0.66401 
0.35 0.15 0.0551146 0.676092 
0.4 0.15 0.0649162 0.691103 
0.45 0.15 0.072469 0.708765 
0.5 0.15 0.0775165 0.728756 
0.55 0.15 0.0798709 0.750692 
0.6 0.15 0.0794156 0.774099 
0.65 0.15 0.0761105 0.798362 
0.7 0.15 0.070001 0.822675 
0.75 0.15 0.0612309 0.845995 
0.8 0.15 0.0500555 0.867051 
0.85 0.15 0.0368508 0.884425 
0.9 0.15 0.0221114 0.896726 
0.95 0.15 0.00643311 0.902844 
1 0.15 -0.00952116 0.902182 
1.05 0.15 -0.0250679 0.894809 
1.1 0.15 -0.0395538 0.881434 
1.15 0.15 -0.0524008 0.863245 
1.2 0.15 -0.0631367 0.841656 
1.25 0.15 -0.0714096 0.818067 
1.3 0.15 -0.0769872 0.79371 
1.35 0.15 -0.079747 0.76958 
1.4 0.15 -0.0796624 0.746443 
1.45 0.15 -0.0767914 0.724884 
1.5 0.15 -0.0712675 0.705354 
1.55 0.15 -0.0632964 0.688224 
1.6 0.15 -0.0531533 0.673803 
1.65 0.15 -0.0411811 0.662358 
1.7 0.15 -0.0277854 0.65411 
1.75 0.15 -0.013425 0.649225 
1.8 0.15 0.00140319 0.647805 
1.85 0.15 0.0161825 0.64988 
1.9 0.15 0.0303986 0.655407 
1.95 0.15 0.0435602 0.66427 
2 0.15 0.0552178 0.676292 
2.05 0.15 0.0649769 0.691242 
2.1 0.15 0.0725072 0.708848 
2.15 0.15 0.0775464 0.728788 
2.2 0.15 0.0799023 0.750681 
2.25 0.15 0.0794549 0.774052 
2.3 0.15 0.0761617 0.798289 
2.35 0.15 0.0700659 0.822586 
2.4 0.15 0.0613098 0.845902 
2.45 0.15 0.0501474 0.866965 
2.5 0.15 0.0369534 0.884359 
2.55 0.15 0.0222212 0.896692 
2.6 0.15 0.00654593 0.90285 
2.65 0.15 -0.0094099 0.902232 
2.7 0.15 -0.0249629 0.8949 
2.75 0.15 -0.0394594 0.881561 
2.8 0.15 -0.0523208 0.8634 
2.85 0.15 -0.0630741 0.841829 
2.9 0.15 -0.0713665 0.818248 
2.95 0.15 -0.0769651 0.793893 
3 0.15 -0.0797466 0.769758 
3.05 0.15 -0.0796838 0.746612 
3.1 0.15 -0.0768338 0.725038 
3.15 0.15 -0.0713299 0.705492 
3.2 0.15 -0.063377 0.688342 
3.25 0.15 -0.0532498 0.673899 
3.3 0.15 -0.0412905 0.662429 
3.35 0.15 -0.0279043 0.654154 
3.4 0.15 -0.0135493 0.649241 
3.45 0.15 0.00127749 0.647792 
3.5 0.15 0.0160598 0.649838 
3.55 0.15 0.0302833 0.655336 
3.6 0.15 0.0434563 0.664171 
3.65 0.15 0.055129 0.676166 
3.7 0.15 0.0649066 0.691091 
3.75 0.15 0.0724583 0.708674 
3.8 0.15 0.0775212 0.728593 
3.85 0.15 0.0799027 0.750469 
3.9 0.15 0.0794824 0.773828 
3.95 0.15 0.0762169 0.79806 
4 0.15 0.0701488 0.82236 
4.05 0.15 0.0614195 0.845692 
4.1 0.15 0.0502817 0.866788 
4.15 0.15 0.037109 0.884232 
4.2 0.15 0.0223935 0.896634 
4.25 0.15 0.0067292 0.902875 
4.3 0.15 -0.00922233 0.902352 
4.35 0.15 -0.0247782 0.895118 
4.4 0.15 -0.039285 0.881874 
4.45 0.15 -0.0521642 0.863801 
4.5 0.15 -0.0629433 0.842308 
4.55 0.15 -0.0712709 0.818796 
4.6 0.15 -0.0769161 0.794498 
4.65 0.15 -0.0797594 0.770412 
4.7 0.15 -0.0797793 0.747302 
4.75 0.15 -0.07704 0.725747 
4.8 0.15 -0.0716814 0.706188 
4.85 0.15 -0.063911 0.688975 
4.9 0.15 -0.0539905 0.674394 
4.95 0.15 -0.0422085 0.662695 
5 0.15 -0.0288228 0.654144 
0 0.2 -0.0650732 0.566689 
0.05 0.2 -0.0442962 0.555736 
0.1 0.2 -0.0218011 0.549161 
0.15 0.2 0.0014833 0.547176 
0.2 0.2 0.024678 0.549814 
0.25 0.2 0.0469513 0.556983 
0.3 0.2 0.0675296 0.568494 
0.35 0.2 0.0857139 0.584077 
0.4 0.2 0.100896 0.603402 
0.45 0.2 0.11257 0.626093 
0.5 0.2 0.120337 0.651724 
0.55 0.2 0.12391 0.679806 
0.6 0.2 0.123116 0.709741 
0.65 0.2 0.117905 0.740761 
0.7 0.2 0.108358 0.77185 
0.75 0.2 0.0947137 0.801689 
0.8 0.2 0.0773766 0.828655 
0.85 0.2 0.0569338 0.850926 
0.9 0.2 0.0341483 0.866709 
0.95 0.2 0.00993228 0.874562 
1 0.2 -0.0147039 0.873712 
1.05 0.2 -0.0387197 0.864246 
1.1 0.2 -0.0611187 0.847087 
1.15 0.2 -0.0810149 0.823773 
1.2 0.2 -0.0976782 0.796126 
1.25 0.2 -0.110558 0.765945 
1.3 0.2 -0.119283 0.734797 
1.35 0.2 -0.123649 0.703941 
1.4 0.2 -0.123603 0.674339 
1.45 0.2 -0.119222 0.64672 
1.5 0.2 -0.110706 0.621657 
1.55 0.2 -0.0983681 0.599623 
1.6 0.2 -0.0826352 0.581027 
1.65 0.2 -0.0640405 0.566233 
1.7 0.2 -0.0432174 0.555548 
1.75 0.2 -0.0208834 0.549209 
1.8 0.2 0.00218321 0.547365 
1.85 0.2 0.0251733 0.55006 
1.9 0.2 0.0472813 0.55723 
1.95 0.2 0.0677379 0.568707 
2 0.2 0.0858401 0.584241 
2.05 0.2 0.100973 0.603511 
2.1 0.2 0.112621 0.626146 
2.15 0.2 0.120381 0.651726 
2.2 0.2 0.12396 0.679764 
2.25 0.2 0.12318 0.709662 
2.3 0.2 0.117987 0.740654 
2.35 0.2 0.108463 0.771727 
2.4 0.2 0.0948394 0.801562 
2.45 0.2 0.0775218 0.82854 
2.5 0.2 0.0570948 0.850839 
2.55 0.2 0.03432 0.866664 
2.6 0.2 0.0101081 0.874569 
2.65 0.2 -0.0145309 0.873775 
2.7 0.2 -0.0385565 0.864363 
2.75 0.2 -0.0609721 0.847251 
2.8 0.2 -0.0808905 0.823972 
2.85 0.2 -0.0975808 0.796349 
2.9 0.2 -0.110491 0.766179 
2.95 0.2 -0.119248 0.735032 
3 0.2 -0.123648 0.70417 
3.05 0.2 -0.123636 0.674556 
3.1 0.2 -0.119288 0.64692 
3.15 0.2 -0.110803 0.621836 
3.2 0.2 -0.0984936 0.599776 
3.25 0.2 -0.0827854 0.581152 
3.3 0.2 -0.0642109 0.566326 
3.35 0.2 -0.0434025 0.555607 
3.4 0.2 -0.021077 0.549231 
3.45 0.2 0.0019876 0.54735 
3.5 0.2 0.0249826 0.550007 
3.55 0.2 0.0471021 0.557139 
3.6 0.2 0.0675767 0.568581 
3.65 0.2 0.0857027 0.58408 
3.7 0.2 0.100864 0.603317 
3.75 0.2 0.112546 0.625924 
3.8 0.2 0.120343 0.651478 
3.85 0.2 0.123962 0.679494 
3.9 0.2 0.123224 0.709378 
3.95 0.2 0.118074 0.740363 
4 0.2 0.108591 0.77144 
4.05 0.2 0.095009 0.801296 
4.1 0.2 0.0777288 0.828315 
4.15 0.2 0.057334 0.850677 
4.2 0.2 0.0345842 0.866588 
4.25 0.2 0.0103887 0.8746 
4.3 0.2 -0.0142437 0.873925 
4.35 0.2 -0.0382733 0.864636 
4.4 0.2 -0.0607036 0.847643 
4.45 0.2 -0.0806473 0.824472 
4.5 0.2 -0.0973738 0.796943 
4.55 0.2 -0.110332 0.766852 
4.6 0.2 -0.119151 0.735772 
4.65 0.2 -0.123631 0.70496 
4.7 0.2 -0.123721 0.675379 
4.75 0.2 -0.119505 0.647754 
4.8 0.2 -0.111184 0.622644 
4.85 0.2 -0.0990672 0.600506 
4.9 0.2 -0.0835572 0.581735 
4.95 0.2 -0.0651229 0.566689 
5 0.2 -0.0442598 0.555736 
0 0.25 -0.0878808 0.486841 
0.05 0.25 -0.05967 0.473811 
0.1 0.25 -0.0291938 0.465971 
0.15 0.25 0.00235821 0.463601 
0.2 0.25 0.0338087 0.466768 
0.25 0.25 0.0640207 0.475365 
0.3 0.25 0.0919291 0.48914 
0.35 0.25 0.116572 0.507728 
0.4 0.25 0.137116 0.530691 
0.45 0.25 0.15287 0.557542 
0.5 0.25 0.163298 0.587757 
0.55 0.25 0.168018 0.620754 
0.6 0.25 0.166809 0.655842 
0.65 0.25 0.159619 0.692138 
0.7 0.25 0.146579 0.728478 
0.75 0.25 0.128027 0.763338 
0.8 0.25 0.104523 0.794837 
0.85 0.25 0.0768668 0.820852 
0.9 0.25 0.0460862 0.839289 
0.95 0.25 0.0134006 0.848463 
1 0.25 -0.019844 0.847469 
1.05 0.25 -0.052263 0.836409 
1.1 0.25 -0.0825288 0.816363 
1.15 0.25 -0.109455 0.789128 
1.2 0.25 -0.132056 0.75683 
1.25 0.25 -0.14958 0.721563 
1.3 0.25 -0.161512 0.685142 
1.35 0.25 -0.167556 0.649019 
1.4 0.25 -0.167621 0.614296 
1.45 0.25 -0.161795 0.58181 
1.5 0.25 -0.150335 0.552225 
1.55 0.25 -0.133657 0.526106 
1.6 0.25 -0.112334 0.503966 
1.65 0.25 -0.0870891 0.486275 
1.7 0.25 -0.0587875 0.47345 
1.75 0.25 -0.0284114 0.465822 
1.8 0.25 0.00297091 0.4636 
1.85 0.25 0.0342482 0.466847 
1.9 0.25 0.0643137 0.475473 
1.95 0.25 0.0921124 0.48924 
2 0.25 0.116682 0.5078 
2.05 0.25 0.137183 0.530725 
2.1 0.25 0.15292 0.557534 
2.15 0.25 0.163348 0.587708 
2.2 0.25 0.168082 0.620667 
2.25 0.25 0.166896 0.655723 
2.3 0.25 0.159734 0.691995 
2.35 0.25 0.146724 0.728322 
2.4 0.25 0.128201 0.763183 
2.45 0.25 0.104723 0.794699 
2.5 0.25 0.0770877 0.820748 
2.55 0.25 0.0463207 0.839235 
2.6 0.25 0.0136401 0.848471 
2.65 0.25 -0.0196087 0.847544 
2.7 0.25 -0.0520413 0.836548 
2.75 0.25 -0.0823296 0.816557 
2.8 0.25 -0.109286 0.789363 
2.85 0.25 -0.131923 0.757092 
2.9 0.25 -0.149489 0.721838 
2.95 0.25 -0.161464 0.685419 
3 0.25 -0.167554 0.649289 
3.05 0.25 -0.167665 0.614553 
3.1 0.25 -0.161884 0.582047 
3.15 0.25 -0.150467 0.552438 
3.2 0.25 -0.133828 0.526291 
3.25 0.25 -0.112538 0.504117 
3.3 0.25 -0.087321 0.486389 
3.35 0.25 -0.0590395 0.473523 
3.4 0.25 -0.0286751 0.465851 
3.45 0.25 0.00270465 0.463583 
3.5 0.25 0.0339887 0.466785 
3.55 0.25 0.0640702 0.475366 
3.6 0.25 0.0918936 0.489091 
3.65 0.25 0.116496 0.507611 
3.7 0.25 0.137037 0.530498 
3.75 0.25 0.152819 0.557274 
3.8 0.25 0.163298 0.587419 
3.85 0.25 0.168086 0.620354 
3.9 0.25 0.166957 0.655393 
3.95 0.25 0.159852 0.691657 
4 0.25 0.146899 0.72799 
4.05 0.25 0.128429 0.762875 
4.1 0.25 0.105001 0.794438 
4.15 0.25 0.077408 0.820561 
4.2 0.25 0.0466738 0.839148 
4.25 0.25 0.0140148 0.848506 
4.3 0.25 -0.0192251 0.847716 
4.35 0.25 -0.0516623 0.836859 
4.4 0.25 -0.081968 0.817002 
4.45 0.25 -0.108954 0.789928 
4.5 0.25 -0.131634 0.757759 
4.55 0.25 -0.149254 0.722587 
4.6 0.25 -0.161296 0.686232 
4.65 0.25 -0.167469 0.650147 
4.7 0.25 -0.167682 0.615433 
4.75 0.25 -0.162024 0.582926 
4.8 0.25 -0.150752 0.55328 
4.85 0.25 -0.13427 0.527052 
4.9 0.25 -0.113126 0.504745 
4.95 0.25 -0.0879829 0.486841 
5 0.25 -0.0595985 0.473811 
0 0.3 -0.108836 0.424533 
0.05 0.3 -0.0737335 0.409662 
0.1 0.3 -0.0358663 0.400694 
0.15 0.3 0.00333743 0.397989 
0.2 0.3 0.042424 0.401653 
0.25 0.3 0.0799694 0.411548 
0.3 0.3 0.114633 0.42733 
0.35 0.3 0.145206 0.448501 
0.4 0.3 0.170643 0.474476 
0.45 0.3 0.190087 0.504635 
0.5 0.3 0.202878 0.538345 
0.55 0.3 0.208558 0.574941 
0.6 0.3 0.206873 0.613664 
0.65 0.3 0.197781 0.653567 
0.7 0.3 0.181469 0.693403 
0.75 0.3 0.158375 0.731535 
0.8 0.3 0.129211 0.765934 
0.85 0.3 0.0949695 0.794311 
0.9 0.3 0.0569171 0.814405 
0.95 0.3 0.0165449 0.824398 
1 0.3 -0.0245073 0.823315 
1.05 0.3 -0.064555 0.811265 
1.1 0.3 -0.10198 0.789412 
1.15 0.3 -0.135329 0.759695 
1.2 0.3 -0.163388 0.72441 
1.25 0.3 -0.185217 0.685812 
1.3 0.3 -0.20016 0.645861 
1.35 0.3 -0.207831 0.606112 
1.4 0.3 -0.20809 0.567746 
1.45 0.3 -0.201023 0.531664 
1.5 0.3 -0.186927 0.498597 
1.55 0.3 -0.166303 0.469198 
1.6 0.3 -0.139853 0.444094 
1.65 0.3 -0.108475 0.423895 
1.7 0.3 -0.0732488 0.409165 
1.75 0.3 -0.0354075 0.400366 
1.8 0.3 0.00370338 0.397798 
1.85 0.3 0.0426817 0.401552 
1.9 0.3 0.0801314 0.411494 
1.95 0.3 0.114724 0.427292 
2 0.3 0.145253 0.448457 
2.05 0.3 0.17067 0.474415 
2.1 0.3 0.190115 0.50455 
2.15 0.3 0.202923 0.538234 
2.2 0.3 0.208631 0.574803 
2.25 0.3 0.20698 0.613503 
2.3 0.3 0.197926 0.65339 
2.35 0.3 0.181652 0.693219 
2.4 0.3 0.158595 0.731357 
2.45 0.3 0.129463 0.765779 
2.5 0.3 0.0952466 0.794196 
2.55 0.3 0.0572103 0.814347 
2.6 0.3 0.0168437 0.824409 
2.65 0.3 -0.0242144 0.823399 
2.7 0.3 -0.0642793 0.811419 
2.75 0.3 -0.101732 0.789626 
2.8 0.3 -0.135119 0.759955 
2.85 0.3 -0.163222 0.724699 
2.9 0.3 -0.185102 0.686117 
2.95 0.3 -0.2001 0.646169 
3 0.3 -0.207828 0.606414 
3.05 0.3 -0.208144 0.568034 
3.1 0.3 -0.201133 0.531932 
3.15 0.3 -0.18709 0.49884 
3.2 0.3 -0.166515 0.46941 
3.25 0.3 -0.140108 0.44427 
3.3 0.3 -0.108764 0.424029 
3.35 0.3 -0.0735632 0.409252 
3.4 0.3 -0.0357363 0.400403 
3.45 0.3 0.00337139 0.397782 
3.5 0.3 0.0423584 0.401483 
3.55 0.3 0.0798284 0.411375 
3.6 0.3 0.114452 0.427124 
3.65 0.3 0.145022 0.448245 
3.7 0.3 0.17049 0.474163 
3.75 0.3 0.189991 0.504263 
3.8 0.3 0.202862 0.537916 
3.85 0.3 0.208637 0.574461 
3.9 0.3 0.207056 0.613144 
3.95 0.3 0.198072 0.653024 
4 0.3 0.181868 0.69286 
4.05 0.3 0.158876 0.731026 
4.1 0.3 0.129803 0.7655 
4.15 0.3 0.095638 0.793997 
4.2 0.3 0.057641 0.814255 
4.25 0.3 0.0173003 0.824448 
4.3 0.3 -0.0237466 0.823583 
4.35 0.3 -0.0638154 0.81175 
4.4 0.3 -0.101286 0.790096 
4.45 0.3 -0.134704 0.760547 
4.5 0.3 -0.16285 0.725392 
4.55 0.3 -0.184782 0.686887 
4.6 0.3 -0.199841 0.646994 
4.65 0.3 -0.207639 0.607271 
4.7 0.3 -0.208034 0.5689 
4.75 0.3 -0.201111 0.532782 
4.8 0.3 -0.187162 0.499646 
4.85 0.3 -0.166676 0.470142 
4.9 0.3 -0.140331 0.444896 
4.95 0.3 -0.10898 0.424533 
5 0.3 -0.073634 0.409662 
0 0.35 -0.12657 0.378255 
0.05 0.35 -0.0855874 0.361621 
0.1 0.35 -0.0414089 0.351557 
0.15 0.35 0.00432907 0.348535 
0.2 0.35 0.0499305 0.352705 
0.25 0.35 0.0937188 0.363878 
0.3 0.35 0.134111 0.381571 
0.35 0.35 0.169682 0.405099 
0.4 0.35 0.199206 0.433676 
0.45 0.35 0.221688 0.466504 
0.5 0.35 0.236374 0.502815 
0.55 0.35 0.242751 0.541859 
0.6 0.35 0.240551 0.582833 
0.65 0.35 0.229755 0.624766 
0.7 0.35 0.210611 0.666396 
0.75 0.35 0.183653 0.706068 
0.8 0.35 0.149724 0.74173 
0.85 0.35 0.109982 0.771068 
0.9 0.35 0.0658866 0.791801 
0.95 0.35 0.0191463 0.8021 
1 0.35 -0.0283689 0.800983 
1.05 0.35 -0.0747394 0.788561 
1.1 0.35 -0.118118 0.766003 
1.15 0.35 -0.156839 0.735262 
1.2 0.35 -0.189499 0.698655 
1.25 0.35 -0.215 0.658462 
1.3 0.35 -0.23256 0.616663 
1.35 0.35 -0.241703 0.574832 
1.4 0.35 -0.242236 0.534164 
1.45 0.35 -0.234226 0.495587 
1.5 0.35 -0.217991 0.459883 
1.55 0.35 -0.194094 0.4278 
1.6 0.35 -0.163336 0.400109 
1.65 0.35 -0.126761 0.377606 
1.7 0.35 -0.0856313 0.361059 
1.75 0.35 -0.0414028 0.351116 
1.8 0.35 0.00433157 0.348206 
1.85 0.35 0.0499087 0.352459 
1.9 0.35 0.0936727 0.363685 
1.95 0.35 0.134052 0.381406 
2 0.35 0.169624 0.404945 
2.05 0.35 0.199164 0.433522 
2.1 0.35 0.221676 0.466342 
2.15 0.35 0.2364 0.502641 
2.2 0.35 0.242822 0.541673 
2.25 0.35 0.240671 0.582635 
2.3 0.35 0.229924 0.624561 
2.35 0.35 0.210827 0.666191 
2.4 0.35 0.183913 0.705876 
2.45 0.35 0.150021 0.741566 
2.5 0.35 0.110307 0.770949 
2.55 0.35 0.0662301 0.791743 
2.6 0.35 0.0194954 0.802114 
2.65 0.35 -0.028027 0.801073 
2.7 0.35 -0.0744179 0.788723 
2.75 0.35 -0.117829 0.766228 
2.8 0.35 -0.156594 0.735535 
2.85 0.35 -0.189306 0.698959 
2.9 0.35 -0.214865 0.658784 
2.95 0.35 -0.232489 0.61699 
3 0.35 -0.241698 0.575155 
3.05 0.35 -0.242298 0.534475 
3.1 0.35 -0.234353 0.495879 
3.15 0.35 -0.218181 0.46015 
3.2 0.35 -0.194341 0.428037 
3.25 0.35 -0.163633 0.400308 
3.3 0.35 -0.127099 0.377759 
3.35 0.35 -0.085999 0.361161 
3.4 0.35 -0.0417877 0.351161 
3.45 0.35 0.00394315 0.348191 
3.5 0.35 0.0495307 0.352385 
3.55 0.35 0.0933189 0.363553 
3.6 0.35 0.133735 0.381222 
3.65 0.35 0.169356 0.404714 
3.7 0.35 0.198955 0.43325 
3.75 0.35 0.221533 0.466035 
3.8 0.35 0.236331 0.502306 
3.85 0.35 0.242831 0.541315 
3.9 0.35 0.240759 0.582263 
3.95 0.35 0.230093 0.624184 
4 0.35 0.211076 0.665825 
4.05 0.35 0.184236 0.705539 
4.1 0.35 0.150411 0.741284 
4.15 0.35 0.110754 0.770749 
4.2 0.35 0.0667212 0.791653 
4.25 0.35 0.0200158 0.802155 
4.3 0.35 -0.0274935 0.801259 
4.35 0.35 -0.0738869 0.789055 
4.4 0.35 -0.117315 0.766695 
4.45 0.35 -0.156108 0.736119 
4.5 0.35 -0.188857 0.699635 
4.55 0.35 -0.214458 0.659525 
4.6 0.35 -0.232126 0.617772 
4.65 0.35 -0.241378 0.575951 
4.7 0.35 -0.242017 0.535264 
4.75 0.35 -0.234106 0.496639 
4.8 0.35 -0.217956 0.460862 
4.85 0.35 -0.194117 0.428681 
4.9 0.35 -0.163376 0.400875 
4.95 0.35 -0.126748 0.378255 
5 0.35 -0.0854662 0.361621 
0 0.4 -0.140076 0.344625 
0.05 0.4 -0.0945764 0.326176 
0.1 0.4 -0.0455367 0.314964 
0.15 0.4 0.00523842 0.311618 
0.2 0.4 0.0558561 0.316336 
0.25 0.4 0.104434 0.328855 
0.3 0.4 0.149193 0.348508 
0.35 0.4 0.188537 0.374358 
0.4 0.4 0.221101 0.405358 
0.45 0.4 0.245792 0.440479 
0.5 0.4 0.261793 0.478787 
0.55 0.4 0.268563 0.519432 
0.6 0.4 0.265842 0.561573 
0.65 0.4 0.253644 0.604248 
0.7 0.4 0.232279 0.646238 
0.75 0.4 0.202364 0.685958 
0.8 0.4 0.16485 0.72145 
0.85 0.4 0.121018 0.750509 
0.9 0.4 0.0724661 0.770977 
0.95 0.4 0.0210515 0.781122 
1 0.4 -0.031201 0.780022 
1.05 0.4 -0.0822155 0.767778 
1.1 0.4 -0.129991 0.745496 
1.15 0.4 -0.172714 0.715018 
1.2 0.4 -0.208845 0.678544 
1.25 0.4 -0.237164 0.638244 
1.3 0.4 -0.256788 0.596009 
1.35 0.4 -0.267159 0.553348 
1.4 0.4 -0.268027 0.51142 
1.45 0.4 -0.259429 0.471149 
1.5 0.4 -0.241682 0.43337 
1.55 0.4 -0.215378 0.398942 
1.6 0.4 -0.181388 0.368819 
1.65 0.4 -0.140859 0.344035 
1.7 0.4 -0.0951995 0.325628 
1.75 0.4 -0.0460416 0.314489 
1.8 0.4 0.00481815 0.311218 
1.85 0.4 0.0555001 0.315998 
1.9 0.4 0.104133 0.328561 
1.95 0.4 0.148947 0.348244 
2 0.4 0.188346 0.374112 
2.05 0.4 0.22097 0.405122 
2.1 0.4 0.245724 0.440249 
2.15 0.4 0.261789 0.478559 
2.2 0.4 0.268625 0.519204 
2.25 0.4 0.265966 0.561345 
2.3 0.4 0.253829 0.604023 
2.35 0.4 0.23252 0.646022 
2.4 0.4 0.202655 0.685761 
2.45 0.4 0.165182 0.721285 
2.5 0.4 0.121381 0.750392 
2.55 0.4 0.0728483 0.770922 
2.6 0.4 0.0214392 0.78114 
2.65 0.4 -0.030822 0.780116 
2.7 0.4 -0.0818591 0.767945 
2.75 0.4 -0.12967 0.745724 
2.8 0.4 -0.172441 0.715295 
2.85 0.4 -0.208629 0.678854 
2.9 0.4 -0.237014 0.638573 
2.95 0.4 -0.256708 0.596347 
3 0.4 -0.267152 0.553685 
3.05 0.4 -0.268094 0.511748 
3.1 0.4 -0.259569 0.471462 
3.15 0.4 -0.241891 0.433661 
3.2 0.4 -0.215651 0.399203 
3.25 0.4 -0.181718 0.369041 
3.3 0.4 -0.141235 0.34421 
3.35 0.4 -0.0956086 0.325746 
3.4 0.4 -0.0464699 0.314544 
3.45 0.4 0.00438595 0.311206 
3.5 0.4 0.0550798 0.315918 
3.55 0.4 0.10374 0.328418 
3.6 0.4 0.148596 0.348044 
3.65 0.4 0.18805 0.373864 
3.7 0.4 0.22074 0.404834 
3.75 0.4 0.245568 0.439928 
3.8 0.4 0.261714 0.478213 
3.85 0.4 0.268635 0.51884 
3.9 0.4 0.266065 0.56097 
3.95 0.4 0.254016 0.603649 
4 0.4 0.232792 0.645661 
4.05 0.4 0.203007 0.685433 
4.1 0.4 0.165605 0.721013 
4.15 0.4 0.121865 0.750202 
4.2 0.4 0.0733789 0.770838 
4.25 0.4 0.0220008 0.781182 
4.3 0.4 -0.0302456 0.780294 
4.35 0.4 -0.0812832 0.768259 
4.4 0.4 -0.129108 0.746162 
4.45 0.4 -0.171901 0.715837 
4.5 0.4 -0.208116 0.679473 
4.55 0.4 -0.236526 0.639242 
4.6 0.4 -0.25624 0.597037 
4.65 0.4 -0.266691 0.554372 
4.7 0.4 -0.267624 0.512409 
4.75 0.4 -0.259067 0.47208 
4.8 0.4 -0.241331 0.434223 
4.85 0.4 -0.215 0.399705 
4.9 0.4 -0.180935 0.369488 
4.95 0.4 -0.140279 0.344625 
5 0.4 -0.0944392 0.326176 
0 0.45 -0.148647 0.319651 
0.05 0.45 -0.100244 0.299307 
0.1 0.45 -0.0480612 0.286886 
0.15 0.45 0.00597815 0.283202 
0.2 0.45 0.0598404 0.288513 
0.25 0.45 0.111496 0.302459 
0.3 0.45 0.159027 0.324154 
0.35 0.45 0.200719 0.35236 
0.4 0.45 0.235121 0.385719 
0.45 0.45 0.261083 0.422932 
0.5 0.45 0.277759 0.462864 
0.55 0.45 0.284614 0.50455 
0.6 0.45 0.281407 0.547108 
0.65 0.45 0.268197 0.589603 
0.7 0.45 0.24535 0.630896 
0.75 0.45 0.21355 0.669542 
0.8 0.45 0.173821 0.703769 
0.85 0.45 0.127522 0.731599 
0.9 0.45 0.076326 0.751102 
0.95 0.45 0.0221656 0.760741 
1 0.45 -0.0328618 0.759695 
1.05 0.45 -0.0866078 0.748057 
1.1 0.45 -0.136998 0.726804 
1.15 0.45 -0.182145 0.697579 
1.2 0.45 -0.220431 0.662344 
1.25 0.45 -0.250559 0.623053 
1.3 0.45 -0.271574 0.581419 
1.35 0.45 -0.282851 0.538821 
1.4 0.45 -0.284084 0.496347 
1.45 0.45 -0.275271 0.454909 
1.5 0.45 -0.256706 0.415394 
1.55 0.45 -0.228986 0.378798 
1.6 0.45 -0.19301 0.346288 
1.65 0.45 -0.149988 0.319185 
1.7 0.45 -0.101421 0.298842 
1.75 0.45 -0.0490651 0.286443 
1.8 0.45 0.0051359 0.282789 
1.85 0.45 0.059144 0.288127 
1.9 0.45 0.110931 0.302098 
1.95 0.45 0.158583 0.323813 
2 0.45 0.200386 0.352038 
2.05 0.45 0.234893 0.385414 
2.1 0.45 0.260952 0.422643 
2.15 0.45 0.27772 0.462589 
2.2 0.45 0.284659 0.504288 
2.25 0.45 0.28153 0.546857 
2.3 0.45 0.268391 0.589364 
2.35 0.45 0.245607 0.630675 
2.4 0.45 0.213862 0.669346 
2.45 0.45 0.174176 0.70361 
2.5 0.45 0.127909 0.73149 
2.55 0.45 0.0767331 0.751055 
2.6 0.45 0.0225777 0.760763 
2.65 0.45 -0.0324593 0.759791 
2.7 0.45 -0.0862297 0.748222 
2.75 0.45 -0.136658 0.72703 
2.8 0.45 -0.181855 0.697852 
2.85 0.45 -0.220201 0.662652 
2.9 0.45 -0.250398 0.623384 
2.95 0.45 -0.271487 0.581761 
3 0.45 -0.282841 0.539166 
3.05 0.45 -0.284153 0.496688 
3.1 0.45 -0.275417 0.455239 
3.15 0.45 -0.256928 0.415706 
3.2 0.45 -0.229276 0.379082 
3.25 0.45 -0.193361 0.346534 
3.3 0.45 -0.150388 0.319381 
3.35 0.45 -0.101857 0.298976 
3.4 0.45 -0.0495219 0.286507 
3.45 0.45 0.00467504 0.282778 
3.5 0.45 0.0586962 0.288041 
3.55 0.45 0.110513 0.301943 
3.6 0.45 0.15821 0.323598 
3.65 0.45 0.200072 0.351773 
3.7 0.45 0.23465 0.385111 
3.75 0.45 0.260788 0.422311 
3.8 0.45 0.277642 0.462238 
3.85 0.45 0.284671 0.503924 
3.9 0.45 0.281634 0.54649 
3.95 0.45 0.268587 0.589002 
4 0.45 0.245891 0.630331 
4.05 0.45 0.214228 0.669038 
4.1 0.45 0.174615 0.703357 
4.15 0.45 0.12841 0.731315 
4.2 0.45 0.0772802 0.750979 
4.25 0.45 0.0231562 0.760803 
4.3 0.45 -0.031865 0.759953 
4.35 0.45 -0.0856337 0.748504 
4.4 0.45 -0.136071 0.727418 
4.45 0.45 -0.181283 0.698325 
4.5 0.45 -0.219643 0.663184 
4.55 0.45 -0.249847 0.623945 
4.6 0.45 -0.270927 0.582324 
4.65 0.45 -0.28225 0.539705 
4.7 0.45 -0.283501 0.497181 
4.75 0.45 -0.27467 0.455671 
4.8 0.45 -0.256044 0.416072 
4.85 0.45 -0.228214 0.379387 
4.9 0.45 -0.192082 0.346801 
4.95 0.45 -0.148866 0.319651 
5 0.45 -0.100096 0.299307 
0 0.5 -0.151837 0.299619 
0.05 0.5 -0.102304 0.277411 
0.1 0.5 -0.0488724 0.263793 
0.15 0.5 0.00647576 0.259781 
0.2 0.5 0.0616312 0.26569 
0.25 0.5 0.114485 0.281063 
0.3 0.5 0.163047 0.304771 
0.35 0.5 0.205547 0.335265 
0.4 0.5 0.240502 0.370856 
0.45 0.5 0.266748 0.409959 
0.5 0.5 0.283452 0.451228 
0.55 0.5 0.290101 0.493569 
0.6 0.5 0.286494 0.536052 
0.65 0.5 0.272735 0.57777 
0.7 0.5 0.249235 0.617689 
0.75 0.5 0.216723 0.654542 
0.8 0.5 0.176258 0.686804 
0.85 0.5 0.129225 0.712794 
0.9 0.5 0.0773102 0.730885 
0.95 0.5 0.0224441 0.73979 
1 0.5 -0.0332841 0.738824 
1.05 0.5 -0.0877377 0.728064 
1.1 0.5 -0.13885 0.708326 
1.15 0.5 -0.184731 0.680986 
1.2 0.5 -0.223748 0.647702 
1.25 0.5 -0.254578 0.610136 
1.3 0.5 -0.276223 0.569766 
1.35 0.5 -0.288016 0.527808 
1.4 0.5 -0.289602 0.485261 
1.45 0.5 -0.280934 0.443022 
1.5 0.5 -0.262272 0.402043 
1.55 0.5 -0.234184 0.363465 
1.6 0.5 -0.197564 0.328687 
1.65 0.5 -0.153638 0.299329 
1.7 0.5 -0.103944 0.277077 
1.75 0.5 -0.0503017 0.263425 
1.8 0.5 0.00526667 0.25939 
1.85 0.5 0.0606336 0.265285 
1.9 0.5 0.113683 0.280653 
1.95 0.5 0.162423 0.304368 
2 0.5 0.205084 0.334877 
2.05 0.5 0.240183 0.370489 
2.1 0.5 0.266557 0.409617 
2.15 0.5 0.283375 0.450912 
2.2 0.5 0.290126 0.493278 
2.25 0.5 0.28661 0.535783 
2.3 0.5 0.27293 0.577524 
2.35 0.5 0.249498 0.61747 
2.4 0.5 0.217043 0.654354 
2.45 0.5 0.176624 0.686656 
2.5 0.5 0.129623 0.712696 
2.55 0.5 0.0777269 0.730847 
2.6 0.5 0.0228653 0.739818 
2.65 0.5 -0.0328732 0.738921 
2.7 0.5 -0.0873519 0.728226 
2.75 0.5 -0.138503 0.708545 
2.8 0.5 -0.184435 0.681252 
2.85 0.5 -0.223513 0.648003 
2.9 0.5 -0.254411 0.610462 
2.95 0.5 -0.276132 0.570108 
3 0.5 -0.288003 0.528158 
3.05 0.5 -0.28967 0.485612 
3.1 0.5 -0.281082 0.443368 
3.15 0.5 -0.262496 0.402375 
3.2 0.5 -0.234479 0.363773 
3.25 0.5 -0.197922 0.328956 
3.3 0.5 -0.154047 0.299546 
3.35 0.5 -0.104391 0.277228 
3.4 0.5 -0.0507703 0.263499 
3.45 0.5 0.00479391 0.25938 
3.5 0.5 0.0601745 0.265193 
3.55 0.5 0.113255 0.280485 
3.6 0.5 0.162042 0.304136 
3.65 0.5 0.204764 0.334595 
3.7 0.5 0.239935 0.370172 
3.75 0.5 0.266392 0.409276 
3.8 0.5 0.283297 0.450558 
3.85 0.5 0.29014 0.492918 
3.9 0.5 0.286716 0.535427 
3.95 0.5 0.273127 0.57718 
4 0.5 0.249782 0.617148 
4.05 0.5 0.217408 0.65407 
4.1 0.5 0.17706 0.686427 
4.15 0.5 0.130119 0.712539 
4.2 0.5 0.0782678 0.73078 
4.25 0.5 0.0234363 0.739851 
4.3 0.5 -0.0322864 0.739059 
4.35 0.5 -0.0867614 0.728463 
4.4 0.5 -0.137917 0.708868 
4.45 0.5 -0.183855 0.681638 
4.5 0.5 -0.222935 0.648426 
4.55 0.5 -0.253821 0.610893 
4.6 0.5 -0.275507 0.570517 
4.65 0.5 -0.287311 0.52852 
4.7 0.5 -0.288872 0.485905 
4.75 0.5 -0.280131 0.443579 
4.8 0.5 -0.261343 0.402505 
4.85 0.5 -0.233077 0.363838 
4.9 0.5 -0.196235 0.328995 
4.95 0.5 -0.152064 0.299619 
5 0.5 -0.102152 0.277411 
0 0.55 -0.149448 0.281497 
0.05 0.55 -0.100632 0.257675 
0.1 0.55 -0.0479308 0.243018 
0.15 0.55 0.00667886 0.238728 
0.2 0.55 0.0610867 0.245174 
0.25 0.55 0.11318 0.261802 
0.3 0.55 0.16097 0.287265 
0.35 0.55 0.202698 0.319721 
0.4 0.55 0.236902 0.35718 
0.45 0.55 0.262453 0.397795 
0.5 0.55 0.278559 0.440022 
0.55 0.55 0.284755 0.482643 
0.6 0.55 0.280884 0.524676 
0.65 0.55 0.267092 0.56524 
0.7 0.55 0.24382 0.603407 
0.75 0.55 0.211813 0.638095 
0.8 0.55 0.172125 0.668051 
0.85 0.55 0.126114 0.691915 
0.9 0.55 0.0754144 0.708391 
0.95 0.55 0.0218867 0.716461 
1 0.55 -0.0324665 0.715587 
1.05 0.55 -0.0855989 0.705827 
1.1 0.55 -0.135527 0.687825 
1.15 0.55 -0.18043 0.66267 
1.2 0.55 -0.21872 0.631685 
1.25 0.55 -0.249096 0.596218 
1.3 0.55 -0.270561 0.557492 
1.35 0.55 -0.282428 0.51655 
1.4 0.55 -0.284307 0.474303 
1.45 0.55 -0.276111 0.431639 
1.5 0.55 -0.258049 0.389576 
1.55 0.55 -0.230645 0.349394 
1.6 0.55 -0.194751 0.312707 
1.65 0.55 -0.151561 0.28141 
1.7 0.55 -0.102595 0.257498 
1.75 0.55 -0.0496647 0.242748 
1.8 0.55 0.00520122 0.238377 
1.85 0.55 0.0598646 0.244762 
1.9 0.55 0.112199 0.261353 
1.95 0.55 0.160209 0.286805 
2 0.55 0.202134 0.319271 
2.05 0.55 0.236511 0.356755 
2.1 0.55 0.262214 0.397404 
2.15 0.55 0.278452 0.439669 
2.2 0.55 0.284762 0.482326 
2.25 0.55 0.28099 0.524395 
2.3 0.55 0.267281 0.564992 
2.35 0.55 0.244079 0.603193 
2.4 0.55 0.212129 0.637919 
2.45 0.55 0.172486 0.667918 
2.5 0.55 0.126506 0.691832 
2.55 0.55 0.0758251 0.708365 
2.6 0.55 0.0223011 0.716496 
2.65 0.55 -0.0320627 0.715684 
2.7 0.55 -0.0852198 0.705984 
2.75 0.55 -0.135186 0.688035 
2.8 0.55 -0.180138 0.662925 
2.85 0.55 -0.218487 0.631976 
2.9 0.55 -0.248931 0.596537 
2.95 0.55 -0.27047 0.557831 
3 0.55 -0.282413 0.516903 
3.05 0.55 -0.284372 0.474662 
3.1 0.55 -0.276254 0.431998 
3.15 0.55 -0.258268 0.389925 
3.2 0.55 -0.230935 0.349721 
3.25 0.55 -0.195104 0.312996 
3.3 0.55 -0.151965 0.281645 
3.35 0.55 -0.103036 0.257663 
3.4 0.55 -0.0501276 0.24283 
3.45 0.55 0.00473417 0.238368 
3.5 0.55 0.0594113 0.244664 
3.55 0.55 0.111777 0.261174 
3.6 0.55 0.159834 0.28656 
3.65 0.55 0.20182 0.318975 
3.7 0.55 0.236269 0.356426 
3.75 0.55 0.262053 0.397057 
3.8 0.55 0.278377 0.439314 
3.85 0.55 0.284776 0.481973 
3.9 0.55 0.281093 0.524051 
3.95 0.55 0.267472 0.564667 
4 0.55 0.244353 0.602895 
4.05 0.55 0.21248 0.637661 
4.1 0.55 0.172903 0.667712 
4.15 0.55 0.126978 0.691692 
4.2 0.55 0.0763384 0.708302 
4.25 0.55 0.022842 0.716518 
4.3 0.55 -0.031507 0.715791 
4.35 0.55 -0.0846593 0.706169 
4.4 0.55 -0.134626 0.688283 
4.45 0.55 -0.179578 0.663213 
4.5 0.55 -0.217917 0.632278 
4.55 0.55 -0.248333 0.596823 
4.6 0.55 -0.269815 0.558072 
4.65 0.55 -0.281663 0.517072 
4.7 0.55 -0.283481 0.474739 
4.75 0.55 -0.275168 0.431971 
4.8 0.55 -0.256933 0.389799 
4.85 0.55 -0.229301 0.349524 
4.9 0.55 -0.19314 0.312783 
4.95 0.55 -0.149673 0.281497 
5 0.55 -0.10048 0.257675 
0 0.6 -0.141535 0.262979 
0.05 0.6 -0.0952656 0.238079 
0.1 0.6 -0.0452686 0.222724 
0.15 0.6 0.00655918 0.218257 
0.2 0.6 0.0581844 0.225088 
0.25 0.6 0.107571 0.242587 
0.3 0.6 0.152808 0.269237 
0.35 0.6 0.192216 0.302973 
0.4 0.6 0.22441 0.341579 
0.45 0.6 0.248337 0.383011 
0.5 0.6 0.263277 0.425574 
0.55 0.6 0.268823 0.467949 
0.6 0.6 0.264869 0.509114 
0.65 0.6 0.251589 0.548208 
0.7 0.6 0.229435 0.584394 
0.75 0.6 0.199134 0.616769 
0.8 0.6 0.161696 0.64433 
0.85 0.6 0.1184 0.666025 
0.9 0.6 0.0707714 0.680871 
0.95 0.6 0.020533 0.688103 
1 0.6 -0.0304663 0.687319 
1.05 0.6 -0.08034 0.678565 
1.1 0.6 -0.127257 0.662319 
1.15 0.6 -0.169526 0.639399 
1.2 0.6 -0.205665 0.610813 
1.25 0.6 -0.234444 0.577609 
1.3 0.6 -0.254907 0.54077 
1.35 0.6 -0.266373 0.501182 
1.4 0.6 -0.268443 0.459675 
1.45 0.6 -0.260991 0.417131 
1.5 0.6 -0.244176 0.374623 
1.55 0.6 -0.21846 0.333542 
1.6 0.6 -0.184624 0.295664 
1.65 0.6 -0.143783 0.263095 
1.7 0.6 -0.0973817 0.23806 
1.75 0.6 -0.0471562 0.222557 
1.8 0.6 0.00493958 0.217953 
1.85 0.6 0.0568396 0.224676 
1.9 0.6 0.10649 0.242107 
1.95 0.6 0.151969 0.268728 
2 0.6 0.191594 0.302469 
2.05 0.6 0.223978 0.341104 
2.1 0.6 0.24807 0.382579 
2.15 0.6 0.263151 0.42519 
2.2 0.6 0.268816 0.467613 
2.25 0.6 0.264963 0.508824 
2.3 0.6 0.251766 0.547961 
2.35 0.6 0.229681 0.584189 
2.4 0.6 0.199435 0.616606 
2.45 0.6 0.16204 0.644212 
2.5 0.6 0.118773 0.665957 
2.55 0.6 0.0711606 0.680856 
2.6 0.6 0.0209251 0.688144 
2.65 0.6 -0.0300848 0.687417 
2.7 0.6 -0.0799819 0.678717 
2.75 0.6 -0.126934 0.66252 
2.8 0.6 -0.16925 0.639643 
2.85 0.6 -0.205445 0.611093 
2.9 0.6 -0.234287 0.577919 
2.95 0.6 -0.254818 0.541104 
3 0.6 -0.266357 0.501533 
3.05 0.6 -0.268502 0.460037 
3.1 0.6 -0.261124 0.417497 
3.15 0.6 -0.244382 0.374982 
3.2 0.6 -0.218734 0.333882 
3.25 0.6 -0.184957 0.295967 
3.3 0.6 -0.144165 0.263343 
3.35 0.6 -0.0978005 0.238235 
3.4 0.6 -0.0475959 0.222644 
3.45 0.6 0.00449589 0.217945 
3.5 0.6 0.0564092 0.224574 
3.55 0.6 0.106089 0.241921 
3.6 0.6 0.151615 0.268474 
3.65 0.6 0.191297 0.302165 
3.7 0.6 0.22375 0.34077 
3.75 0.6 0.247919 0.382229 
3.8 0.6 0.26308 0.424838 
3.85 0.6 0.26883 0.46727 
3.9 0.6 0.265059 0.508496 
3.95 0.6 0.251944 0.547655 
4 0.6 0.229934 0.583914 
4.05 0.6 0.199758 0.616371 
4.1 0.6 0.162422 0.644027 
4.15 0.6 0.119204 0.66583 
4.2 0.6 0.0716279 0.680795 
4.25 0.6 0.0214162 0.688151 
4.3 0.6 -0.0295809 0.68749 
4.35 0.6 -0.0794732 0.678846 
4.4 0.6 -0.126424 0.662689 
4.45 0.6 -0.168733 0.63983 
4.5 0.6 -0.204911 0.611272 
4.55 0.6 -0.233714 0.57806 
4.6 0.6 -0.254173 0.541177 
4.65 0.6 -0.2656 0.501512 
4.7 0.6 -0.267582 0.459901 
4.75 0.6 -0.259987 0.417237 
4.8 0.6 -0.242972 0.374608 
4.85 0.6 -0.217003 0.333431 
4.9 0.6 -0.182878 0.29551 
4.95 0.6 -0.141749 0.262979 
5 0.6 -0.0951217 0.238079 
0 0.65 -0.128432 0.242388 
0.05 0.65 -0.0864298 0.21724 
0.1 0.65 -0.0409982 0.201712 
0.15 0.65 0.00611555 0.19722 
0.2 0.65 0.0530348 0.204193 
0.25 0.65 0.0978814 0.221958 
0.3 0.65 0.138898 0.248907 
0.35 0.65 0.174548 0.282862 
0.4 0.65 0.203579 0.321492 
0.45 0.65 0.22505 0.362657 
0.5 0.65 0.238333 0.404586 
0.55 0.65 0.243092 0.445911 
0.6 0.65 0.239262 0.48559 
0.65 0.65 0.227035 0.522783 
0.7 0.65 0.206848 0.556735 
0.75 0.65 0.179379 0.58669 
0.8 0.65 0.145551 0.61186 
0.85 0.65 0.106518 0.631451 
0.9 0.65 0.063644 0.644742 
0.95 0.65 0.01846 0.651182 
1 0.65 -0.0273971 0.650485 
1.05 0.65 -0.0722584 0.642682 
1.1 0.65 -0.114502 0.628115 
1.15 0.65 -0.152623 0.607374 
1.2 0.65 -0.185294 0.581202 
1.25 0.65 -0.211403 0.550393 
1.3 0.65 -0.230072 0.515729 
1.35 0.65 -0.240664 0.47796 
1.4 0.65 -0.242786 0.43785 
1.45 0.65 -0.236291 0.396267 
1.5 0.65 -0.221291 0.354311 
1.55 0.65 -0.198171 0.313431 
1.6 0.65 -0.167617 0.275484 
1.65 0.65 -0.130628 0.242679 
1.7 0.65 -0.088518 0.217361 
1.75 0.65 -0.0428773 0.201639 
1.8 0.65 0.00449224 0.196965 
1.85 0.65 0.0516807 0.203791 
1.9 0.65 0.0967897 0.22146 
1.95 0.65 0.13805 0.248365 
2 0.65 0.17392 0.28232 
2.05 0.65 0.203142 0.320982 
2.1 0.65 0.224779 0.362196 
2.15 0.65 0.238201 0.404181 
2.2 0.65 0.243076 0.445564 
2.25 0.65 0.239343 0.485297 
2.3 0.65 0.227196 0.522541 
2.35 0.65 0.207072 0.556541 
2.4 0.65 0.179654 0.586542 
2.45 0.65 0.145864 0.611758 
2.5 0.65 0.106857 0.631397 
2.55 0.65 0.0639973 0.644738 
2.6 0.65 0.0188153 0.651229 
2.65 0.65 -0.0270518 0.650583 
2.7 0.65 -0.0719344 0.642829 
2.75 0.65 -0.114209 0.628307 
2.8 0.65 -0.152372 0.607607 
2.85 0.65 -0.185094 0.58147 
2.9 0.65 -0.211259 0.550692 
2.95 0.65 -0.22999 0.516053 
3 0.65 -0.240648 0.478304 
3.05 0.65 -0.242837 0.438207 
3.1 0.65 -0.23641 0.396631 
3.15 0.65 -0.221476 0.354671 
3.2 0.65 -0.198418 0.313773 
3.25 0.65 -0.167918 0.275791 
3.3 0.65 -0.130976 0.242932 
3.35 0.65 -0.0888986 0.217539 
3.4 0.65 -0.0432772 0.201729 
3.45 0.65 0.00408862 0.196958 
3.5 0.65 0.0512894 0.203689 
3.55 0.65 0.0964262 0.221273 
3.6 0.65 0.137729 0.24811 
3.65 0.65 0.173651 0.282017 
3.7 0.65 0.202937 0.32065 
3.75 0.65 0.224642 0.361852 
3.8 0.65 0.238138 0.403839 
3.85 0.65 0.243088 0.445233 
3.9 0.65 0.23943 0.484986 
3.95 0.65 0.227354 0.522256 
4 0.65 0.207297 0.556288 
4.05 0.65 0.179939 0.586329 
4.1 0.65 0.1462 0.61159 
4.15 0.65 0.107234 0.63128 
4.2 0.65 0.0644039 0.644674 
4.25 0.65 0.019241 0.651218 
4.3 0.65 -0.026616 0.65062 
4.35 0.65 -0.0714946 0.642902 
4.4 0.65 -0.113767 0.628401 
4.45 0.65 -0.151921 0.607699 
4.5 0.65 -0.184621 0.581534 
4.55 0.65 -0.210742 0.550699 
4.6 0.65 -0.229396 0.515974 
4.65 0.65 -0.239935 0.478113 
4.7 0.65 -0.241957 0.437884 
4.75 0.65 -0.23531 0.39617 
4.8 0.65 -0.220102 0.354087 
4.85 0.65 -0.196728 0.313111 
4.9 0.65 -0.16589 0.275132 
4.95 0.65 -0.128624 0.242388 
5 0.65 -0.0863005 0.21724 
0 0.7 -0.110795 0.218578 
0.05 0.7 -0.0745592 0.194255 
0.1 0.7 -0.0353253 0.179229 
0.15 0.7 0.00537619 0.174904 
0.2 0.7 0.0458999 0.181699 
0.25 0.7 0.0846007 0.198944 
0.3 0.7 0.119945 0.22504 
0.35 0.7 0.150598 0.257824 
0.4 0.7 0.175484 0.294993 
0.45 0.7 0.193806 0.334431 
0.5 0.7 0.205042 0.37439 
0.55 0.7 0.20893 0.413516 
0.6 0.7 0.20544 0.450787 
0.65 0.7 0.194763 0.485402 
0.7 0.7 0.177295 0.516676 
0.75 0.7 0.153636 0.543972 
0.8 0.7 0.124583 0.56667 
0.85 0.7 0.0911283 0.584175 
0.9 0.7 0.05443 0.595966 
0.95 0.7 0.0157836 0.601654 
1 0.7 -0.0234301 0.601038 
1.05 0.7 -0.0618045 0.594142 
1.1 0.7 -0.0979706 0.581202 
1.15 0.7 -0.130655 0.562637 
1.2 0.7 -0.158727 0.538986 
1.25 0.7 -0.181231 0.510849 
1.3 0.7 -0.197402 0.478849 
1.35 0.7 -0.206679 0.443628 
1.4 0.7 -0.2087 0.405883 
1.45 0.7 -0.203311 0.366453 
1.5 0.7 -0.190583 0.326419 
1.55 0.7 -0.170821 0.287215 
1.6 0.7 -0.144597 0.250677 
1.65 0.7 -0.112763 0.218992 
1.7 0.7 -0.0764493 0.194478 
1.75 0.7 -0.0370423 0.179232 
1.8 0.7 0.00388154 0.174696 
1.85 0.7 0.0446464 0.181321 
1.9 0.7 0.0835871 0.198451 
1.95 0.7 0.119157 0.224491 
2 0.7 0.150014 0.257271 
2.05 0.7 0.175079 0.294471 
2.1 0.7 0.193554 0.333962 
2.15 0.7 0.204918 0.373982 
2.2 0.7 0.208912 0.413171 
2.25 0.7 0.205509 0.450502 
2.3 0.7 0.194903 0.485171 
2.35 0.7 0.177491 0.516496 
2.4 0.7 0.153875 0.54384 
2.45 0.7 0.124855 0.566584 
2.5 0.7 0.0914218 0.584135 
2.55 0.7 0.0547348 0.595972 
2.6 0.7 0.0160895 0.601706 
2.65 0.7 -0.0231331 0.601136 
2.7 0.7 -0.061526 0.594282 
2.75 0.7 -0.0977194 0.581383 
2.8 0.7 -0.130439 0.562856 
2.85 0.7 -0.158554 0.539238 
2.9 0.7 -0.181106 0.511131 
2.95 0.7 -0.197331 0.479157 
3 0.7 -0.206664 0.443956 
3.05 0.7 -0.208742 0.406226 
3.1 0.7 -0.203413 0.366803 
3.15 0.7 -0.190741 0.326766 
3.2 0.7 -0.171033 0.287546 
3.25 0.7 -0.144857 0.250975 
3.3 0.7 -0.113062 0.219237 
3.35 0.7 -0.0767779 0.194652 
3.4 0.7 -0.0373878 0.17932 
3.45 0.7 0.00353272 0.17469 
3.5 0.7 0.0443084 0.181222 
3.55 0.7 0.0832734 0.19827 
3.6 0.7 0.11888 0.224245 
3.65 0.7 0.149784 0.256979 
3.7 0.7 0.174903 0.294154 
3.75 0.7 0.193437 0.333635 
3.8 0.7 0.204864 0.373659 
3.85 0.7 0.208922 0.412861 
3.9 0.7 0.205582 0.450213 
3.95 0.7 0.195036 0.484909 
4 0.7 0.17768 0.516265 
4.05 0.7 0.154113 0.543646 
4.1 0.7 0.125135 0.566431 
4.15 0.7 0.0917343 0.584024 
4.2 0.7 0.0550706 0.595904 
4.25 0.7 0.0164395 0.601678 
4.3 0.7 -0.0227762 0.60114 
4.35 0.7 -0.0611666 0.594307 
4.4 0.7 -0.0973576 0.581412 
4.45 0.7 -0.130069 0.562867 
4.5 0.7 -0.158161 0.539207 
4.55 0.7 -0.18067 0.51103 
4.6 0.7 -0.19682 0.478959 
4.65 0.7 -0.206041 0.443636 
4.7 0.7 -0.207962 0.405767 
4.75 0.7 -0.202428 0.366202 
4.8 0.7 -0.189506 0.326042 
4.85 0.7 -0.169512 0.286748 
4.9 0.7 -0.143034 0.250188 
4.95 0.7 -0.110954 0.218578 
5 0.7 -0.0744521 0.194255 
0 0.75 -0.0896466 0.190879 
0.05 0.75 -0.0603345 0.168585 
0.1 0.75 -0.0285661 0.154816 
0.15 0.75 0.0043998 0.150868 
0.2 0.75 0.0372117 0.157128 
0.25 0.75 0.0685211 0.172968 
0.3 0.75 0.0970743 0.196906 
0.35 0.75 0.121788 0.226939 
0.4 0.75 0.141794 0.260934 
0.45 0.75 0.156461 0.296928 
0.5 0.75 0.165384 0.333298 
0.55 0.75 0.16837 0.368782 
0.6 0.75 0.165416 0.402426 
0.65 0.75 0.156693 0.433491 
0.7 0.75 0.142535 0.461371 
0.75 0.75 0.123435 0.48553 
0.8 0.75 0.10004 0.505474 
0.85 0.75 0.0731453 0.520756 
0.9 0.75 0.0436763 0.530996 
0.95 0.75 0.0126626 0.535919 
1 0.75 -0.0188008 0.535387 
1.05 0.75 -0.049599 0.529413 
1.1 0.75 -0.0786459 0.518164 
1.15 0.75 -0.104929 0.501937 
1.2 0.75 -0.127543 0.481125 
1.25 0.75 -0.145721 0.456185 
1.3 0.75 -0.158842 0.427616 
1.35 0.75 -0.166441 0.395963 
1.4 0.75 -0.168211 0.361854 
1.45 0.75 -0.16401 0.326062 
1.5 0.75 -0.153874 0.289598 
1.55 0.75 -0.138031 0.253799 
1.6 0.75 -0.116928 0.220372 
1.65 0.75 -0.0912412 0.191343 
1.7 0.75 -0.0618873 0.168863 
1.75 0.75 -0.029995 0.154871 
1.8 0.75 0.0031435 0.150707 
1.85 0.75 0.0361513 0.156788 
1.9 0.75 0.0676607 0.172508 
1.95 0.75 0.096405 0.196385 
2 0.75 0.121292 0.22641 
2.05 0.75 0.141451 0.260433 
2.1 0.75 0.156248 0.296479 
2.15 0.75 0.165279 0.33291 
2.2 0.75 0.168354 0.368457 
2.25 0.75 0.165473 0.40216 
2.3 0.75 0.156808 0.43328 
2.35 0.75 0.142696 0.46121 
2.4 0.75 0.123631 0.485415 
2.45 0.75 0.100261 0.505403 
2.5 0.75 0.0733834 0.520727 
2.55 0.75 0.0439229 0.531009 
2.6 0.75 0.0129096 0.535973 
2.65 0.75 -0.0185612 0.53548 
2.7 0.75 -0.0493745 0.529544 
2.75 0.75 -0.0784435 0.518331 
2.8 0.75 -0.104755 0.502137 
2.85 0.75 -0.127403 0.481355 
2.9 0.75 -0.14562 0.456442 
2.95 0.75 -0.158783 0.427896 
3 0.75 -0.166427 0.396263 
3.05 0.75 -0.168244 0.362168 
3.1 0.75 -0.164091 0.326383 
3.15 0.75 -0.154001 0.289918 
3.2 0.75 -0.138202 0.254104 
3.25 0.75 -0.117137 0.220646 
3.3 0.75 -0.0914831 0.191569 
3.35 0.75 -0.0621532 0.169023 
3.4 0.75 -0.0302748 0.154952 
3.45 0.75 0.00286098 0.150701 
3.5 0.75 0.0358776 0.156698 
3.55 0.75 0.0674069 0.172342 
3.6 0.75 0.096181 0.19616 
3.65 0.75 0.121106 0.226144 
3.7 0.75 0.141309 0.260144 
3.75 0.75 0.156154 0.296182 
3.8 0.75 0.165236 0.332617 
3.85 0.75 0.168363 0.368177 
3.9 0.75 0.165531 0.401901 
3.95 0.75 0.156914 0.433046 
4 0.75 0.142845 0.461006 
4.05 0.75 0.123818 0.485243 
4.1 0.75 0.10048 0.505266 
4.15 0.75 0.0736266 0.520624 
4.2 0.75 0.0441828 0.530939 
4.25 0.75 0.013179 0.535932 
4.3 0.75 -0.0182881 0.535459 
4.35 0.75 -0.0491007 0.529532 
4.4 0.75 -0.0781684 0.518311 
4.45 0.75 -0.104472 0.50209 
4.5 0.75 -0.127102 0.481259 
4.55 0.75 -0.145281 0.456271 
4.6 0.75 -0.158381 0.427626 
4.65 0.75 -0.165928 0.395872 
4.7 0.75 -0.16761 0.361642 
4.75 0.75 -0.163284 0.325722 
4.8 0.75 -0.152984 0.289143 
4.85 0.75 -0.136949 0.253267 
4.9 0.75 -0.11564 0.219828 
4.95 0.75 -0.0897606 0.190879 
5 0.75 -0.0602576 0.168585 
0 0.8 -0.0664343 0.15907 
0.05 0.8 -0.0447196 0.139986 
0.1 0.8 -0.0211664 0.12821 
0.15 0.8 0.0032754 0.124845 
0.2 0.8 0.0275924 0.130216 
0.25 0.8 0.050775 0.143786 
0.3 0.8 0.0718873 0.164284 
0.35 0.8 0.0901245 0.189997 
0.4 0.8 0.104849 0.219094 
0.45 0.8 0.115601 0.249888 
0.5 0.8 0.122094 0.280973 
0.55 0.8 0.1242 0.311253 
0.6 0.8 0.12193 0.339895 
0.65 0.8 0.11542 0.366259 
0.7 0.8 0.104928 0.389827 
0.75 0.8 0.0908192 0.410161 
0.8 0.8 0.0735744 0.426873 
0.85 0.8 0.0537769 0.439626 
0.9 0.8 0.0321038 0.448144 
0.95 0.8 0.00930595 0.452231 
1 0.8 -0.0138192 0.451789 
1.05 0.8 -0.0364604 0.446828 
1.1 0.8 -0.0578262 0.437465 
1.15 0.8 -0.0771777 0.423912 
1.2 0.8 -0.0938535 0.406457 
1.25 0.8 -0.107288 0.385445 
1.3 0.8 -0.117021 0.361273 
1.35 0.8 -0.122704 0.334391 
1.4 0.8 -0.124102 0.305335 
1.45 0.8 -0.121098 0.274778 
1.5 0.8 -0.113704 0.243603 
1.55 0.8 -0.102075 0.212972 
1.6 0.8 -0.0865293 0.18436 
1.65 0.8 -0.067561 0.159511 
1.7 0.8 -0.0458462 0.140267 
1.75 0.8 -0.0222265 0.128292 
1.8 0.8 0.00232959 0.124728 
1.85 0.8 0.0267874 0.129933 
1.9 0.8 0.0501196 0.143388 
1.95 0.8 0.0713774 0.163827 
2 0.8 0.0897481 0.189529 
2.05 0.8 0.104589 0.218651 
2.1 0.8 0.115441 0.24949 
2.15 0.8 0.122017 0.280631 
2.2 0.8 0.12419 0.310968 
2.25 0.8 0.121974 0.339664 
2.3 0.8 0.115508 0.366077 
2.35 0.8 0.105049 0.389691 
2.4 0.8 0.0909658 0.410066 
2.45 0.8 0.0737393 0.426817 
2.5 0.8 0.0539537 0.439607 
2.55 0.8 0.0322864 0.44816 
2.6 0.8 0.00948848 0.452281 
2.65 0.8 -0.0136425 0.451872 
2.7 0.8 -0.0362948 0.446943 
2.75 0.8 -0.0576769 0.43761 
2.8 0.8 -0.0770492 0.424085 
2.85 0.8 -0.0937499 0.406655 
2.9 0.8 -0.107213 0.385667 
2.95 0.8 -0.116977 0.361515 
3 0.8 -0.122694 0.334649 
3.05 0.8 -0.124126 0.305605 
3.1 0.8 -0.121157 0.275055 
3.15 0.8 -0.113797 0.243878 
3.2 0.8 -0.102201 0.213234 
3.25 0.8 -0.0866838 0.184596 
3.3 0.8 -0.0677398 0.159705 
3.35 0.8 -0.046043 0.140405 
3.4 0.8 -0.0224338 0.128361 
3.45 0.8 0.00212023 0.124723 
3.5 0.8 0.0265847 0.129856 
3.55 0.8 0.0499317 0.143246 
3.6 0.8 0.0712118 0.163635 
3.65 0.8 0.0896108 0.189302 
3.7 0.8 0.104485 0.218404 
3.75 0.8 0.115372 0.249236 
3.8 0.8 0.121986 0.280381 
3.85 0.8 0.124196 0.31073 
3.9 0.8 0.122017 0.339444 
3.95 0.8 0.115585 0.365879 
4 0.8 0.105157 0.389518 
4.05 0.8 0.0911006 0.40992 
4.1 0.8 0.0738962 0.426699 
4.15 0.8 0.0541271 0.439516 
4.2 0.8 0.0324706 0.448094 
4.25 0.8 0.00967812 0.452235 
4.3 0.8 -0.0134516 0.451838 
4.35 0.8 -0.0361048 0.446909 
4.4 0.8 -0.0574871 0.437564 
4.45 0.8 -0.076855 0.424008 
4.5 0.8 -0.0935418 0.406528 
4.55 0.8 -0.106976 0.385469 
4.6 0.8 -0.116692 0.361226 
4.65 0.8 -0.122334 0.334251 
4.7 0.8 -0.123664 0.305088 
4.75 0.8 -0.120564 0.274421 
4.8 0.8 -0.113047 0.24315 
4.85 0.8 -0.101277 0.212459 
4.9 0.8 -0.0855879 0.183844 
4.95 0.8 -0.0664915 0.15907 
5 0.8 -0.0446807 0.139986 
0 0.85 -0.0430868 0.123355 
0.05 0.85 -0.0290011 0.108467 
0.1 0.85 -0.0137237 0.0992938 
0.15 0.85 0.0021203 0.0966798 
0.2 0.85 0.0178716 0.100871 
0.25 0.85 0.0328729 0.111451 
0.3 0.85 0.0465149 0.12744 
0.35 0.85 0.0582762 0.147512 
0.4 0.85 0.0677471 0.170246 
0.45 0.85 0.0746372 0.194321 
0.5 0.85 0.07877 0.218631 
0.55 0.85 0.0800712 0.242304 
0.6 0.85 0.078556 0.264676 
0.65 0.85 0.0743193 0.285237 
0.7 0.85 0.0675293 0.30358 
0.75 0.85 0.0584255 0.319368 
0.8 0.85 0.0473162 0.33231 
0.85 0.85 0.034576 0.342164 
0.9 0.85 0.0206379 0.348733 
0.95 0.85 0.0059816 0.351881 
1 0.85 -0.00888372 0.351541 
1.05 0.85 -0.0234401 0.347719 
1.1 0.85 -0.0371822 0.340496 
1.15 0.85 -0.0496378 0.330019 
1.2 0.85 -0.0603837 0.316493 
1.25 0.85 -0.0690567 0.300171 
1.3 0.85 -0.0753604 0.281348 
1.35 0.85 -0.0790674 0.260374 
1.4 0.85 -0.0800216 0.237672 
1.45 0.85 -0.0781409 0.213779 
1.5 0.85 -0.0734247 0.189399 
1.55 0.85 -0.0659643 0.165454 
1.6 0.85 -0.0559568 0.143104 
1.65 0.85 -0.0437166 0.123712 
1.7 0.85 -0.0296792 0.108708 
1.75 0.85 -0.0143927 0.099378 
1.8 0.85 0.00150865 0.0966024 
1.85 0.85 0.0173455 0.100657 
1.9 0.85 0.0324433 0.111141 
1.95 0.85 0.0461812 0.127079 
2 0.85 0.0580311 0.147141 
2.05 0.85 0.0675798 0.169892 
2.1 0.85 0.0745357 0.194003 
2.15 0.85 0.0787228 0.218357 
2.2 0.85 0.0800679 0.242076 
2.25 0.85 0.0785877 0.264493 
2.3 0.85 0.0743784 0.285094 
2.35 0.85 0.0676096 0.303474 
2.4 0.85 0.0585216 0.319296 
2.45 0.85 0.0474238 0.33227 
2.5 0.85 0.0346908 0.342152 
2.55 0.85 0.020756 0.348749 
2.6 0.85 0.00609944 0.351924 
2.65 0.85 -0.00876975 0.351609 
2.7 0.85 -0.0233334 0.347811 
2.75 0.85 -0.037086 0.340611 
2.8 0.85 -0.049555 0.330156 
2.85 0.85 -0.0603168 0.31665 
2.9 0.85 -0.069008 0.300345 
2.95 0.85 -0.0753317 0.281538 
3 0.85 -0.07906 0.260578 
3.05 0.85 -0.0800364 0.237885 
3.1 0.85 -0.0781782 0.213996 
3.15 0.85 -0.0734841 0.189614 
3.2 0.85 -0.0660448 0.165659 
3.25 0.85 -0.0560563 0.143288 
3.3 0.85 -0.043832 0.123863 
3.35 0.85 -0.0298065 0.108816 
3.4 0.85 -0.0145269 0.0994324 
3.45 0.85 0.00137308 0.096599 
3.5 0.85 0.0172143 0.100596 
3.55 0.85 0.0323218 0.111031 
3.6 0.85 0.0460742 0.12693 
3.65 0.85 0.0579425 0.146963 
3.7 0.85 0.0675125 0.169699 
3.75 0.85 0.0744916 0.193805 
3.8 0.85 0.0787027 0.218162 
3.85 0.85 0.0800717 0.241891 
3.9 0.85 0.0786147 0.264321 
3.95 0.85 0.074427 0.28494 
4 0.85 0.0676778 0.303339 
4.05 0.85 0.0586067 0.319181 
4.1 0.85 0.0475223 0.332176 
4.15 0.85 0.034799 0.342079 
4.2 0.85 0.0208703 0.348693 
4.25 0.85 0.00621617 0.35188 
4.3 0.85 -0.00865334 0.351572 
4.35 0.85 -0.0232187 0.347772 
4.4 0.85 -0.0369726 0.340558 
4.45 0.85 -0.0494397 0.330075 
4.5 0.85 -0.0601933 0.316526 
4.55 0.85 -0.0688665 0.300163 
4.6 0.85 -0.0751585 0.281281 
4.65 0.85 -0.0788385 0.260233 
4.7 0.85 -0.0797476 0.237446 
4.75 0.85 -0.0778034 0.213468 
4.8 0.85 -0.0730081 0.189017 
4.85 0.85 -0.0654613 0.165031 
4.9 0.85 -0.0553736 0.142686 
4.95 0.85 -0.0430756 0.123355 
5 0.85 -0.0290083 0.108467 
0 0.9 -0.0220802 0.0843164 
0.05 0.9 -0.0148342 0.0742593 
0.1 0.9 -0.00701253 0.0680798 
0.15 0.9 0.00107668 0.0663235 
0.2 0.9 0.00910702 0.0691485 
0.25 0.9 0.0167455 0.07628 
0.3 0.9 0.0236811 0.0870703 
0.35 0.9 0.029648 0.100639 
0.4 0.9 0.03444 0.116033 
0.45 0.9 0.037913 0.132361 
0.5 0.9 0.0399823 0.148869 
0.55 0.9 0.040615 0.164955 
0.6 0.9 0.0398228 0.180159 
0.65 0.9 0.0376564 0.194125 
0.7 0.9 0.0342025 0.206573 
0.75 0.9 0.0295827 0.217274 
0.8 0.9 0.0239525 0.226035 
0.85 0.9 0.0175005 0.232697 
0.9 0.9 0.0104448 0.237133 
0.95 0.9 0.00302707 0.239258 
1 0.9 -0.00449607 0.239028 
1.05 0.9 -0.0118635 0.236448 
1.1 0.9 -0.0188206 0.231569 
1.15 0.9 -0.0251294 0.224484 
1.2 0.9 -0.0305768 0.215325 
1.25 0.9 -0.0349799 0.204259 
1.3 0.9 -0.0381889 0.191482 
1.35 0.9 -0.0400883 0.177233 
1.4 0.9 -0.0405971 0.161805 
1.45 0.9 -0.0396709 0.14557 
1.5 0.9 -0.0373049 0.129018 
1.55 0.9 -0.0335406 0.112783 
1.6 0.9 -0.0284734 0.0976548 
1.65 0.9 -0.0222596 0.0845528 
1.7 0.9 -0.0151198 0.0744333 
1.75 0.9 -0.00733456 0.0681483 
1.8 0.9 0.000768856 0.0662799 
1.85 0.9 0.00883886 0.0690092 
1.9 0.9 0.0165265 0.076073 
1.95 0.9 0.0235118 0.0868265 
2 0.9 0.0295248 0.100385 
2.05 0.9 0.0343569 0.115791 
2.1 0.9 0.0378638 0.132143 
2.15 0.9 0.0399607 0.148681 
2.2 0.9 0.0406156 0.164799 
2.25 0.9 0.0398408 0.180033 
2.3 0.9 0.037688 0.194027 
2.35 0.9 0.0342445 0.206501 
2.4 0.9 0.0296324 0.217225 
2.45 0.9 0.0240076 0.226008 
2.5 0.9 0.0175591 0.23269 
2.55 0.9 0.0105049 0.237145 
2.6 0.9 0.00308688 0.239288 
2.65 0.9 -0.0044383 0.239075 
2.7 0.9 -0.0118094 0.236512 
2.75 0.9 -0.0187718 0.231648 
2.8 0.9 -0.0250874 0.224578 
2.85 0.9 -0.0305428 0.215433 
2.9 0.9 -0.0349551 0.204378 
2.95 0.9 -0.0381742 0.191612 
3 0.9 -0.0400843 0.177372 
3.05 0.9 -0.0406043 0.16195 
3.1 0.9 -0.0396895 0.145718 
3.15 0.9 -0.0373348 0.129165 
3.2 0.9 -0.0335813 0.112922 
3.25 0.9 -0.0285238 0.0977797 
3.3 0.9 -0.0223182 0.0846553 
3.35 0.9 -0.0151845 0.0745059 
3.4 0.9 -0.0074029 0.0681851 
3.45 0.9 0.000699788 0.0662778 
3.5 0.9 0.00877202 0.0689689 
3.55 0.9 0.0164646 0.0759988 
3.6 0.9 0.0234574 0.0867254 
3.65 0.9 0.0294799 0.100265 
3.7 0.9 0.0343229 0.11566 
3.75 0.9 0.0378415 0.132009 
3.8 0.9 0.0399506 0.148548 
3.85 0.9 0.0406175 0.164673 
3.9 0.9 0.0398544 0.179916 
3.95 0.9 0.0377124 0.193922 
4 0.9 0.0342786 0.206409 
4.05 0.9 0.0296747 0.217147 
4.1 0.9 0.0240565 0.225943 
4.15 0.9 0.0176125 0.232638 
4.2 0.9 0.0105608 0.237104 
4.25 0.9 0.00314351 0.239255 
4.3 0.9 -0.00438249 0.239046 
4.35 0.9 -0.0117553 0.236479 
4.4 0.9 -0.0187191 0.231604 
4.45 0.9 -0.0250345 0.224514 
4.5 0.9 -0.0304865 0.215338 
4.55 0.9 -0.0348902 0.204242 
4.6 0.9 -0.0380936 0.191424 
4.65 0.9 -0.0399793 0.177125 
4.7 0.9 -0.0404649 0.161639 
4.75 0.9 -0.039506 0.145349 
4.8 0.9 -0.0371002 0.128752 
4.85 0.9 -0.0332954 0.112494 
4.9 0.9 -0.0281997 0.0973758 
4.95 0.9 -0.0219892 0.0843164 
5 0.9 -0.0148954 0.0742593 
0 0.95 -0.00652322 0.0428309 
0.05 0.95 -0.00430124 0.0378324 
0.1 0.95 -0.00202003 0.0347767 
0.15 0.95 0.000307932 0.0339105 
0.2 0.95 0.00261124 0.0353083 
0.25 0.95 0.00479868 0.0388383 
0.3 0.95 0.00678106 0.0441884 
0.35 0.95 0.00848222 0.050931 
0.4 0.95 0.00984384 0.0585996 
0.45 0.95 0.0108263 0.0667523 
0.5 0.95 0.0114073 0.0750102 
0.55 0.95 0.0115791 0.0830685 
0.6 0.95 0.0113464 0.090691 
0.65 0.95 0.0107243 0.0976955 
0.7 0.95 0.0097376 0.103938 
0.75 0.95 0.00842067 0.109303 
0.8 0.95 0.00681733 0.113694 
0.85 0.95 0.00498074 0.11703 
0.9 0.95 0.0029726 0.119252 
0.95 0.95 0.000861507 0.120315 
1 0.95 -0.00127959 0.1202 
1.05 0.95 -0.00337641 0.118909 
1.1 0.95 -0.00535656 0.116465 
1.15 0.95 -0.00715258 0.112916 
1.2 0.95 -0.0087042 0.108326 
1.25 0.95 -0.00995986 0.102777 
1.3 0.95 -0.0108774 0.0963694 
1.35 0.95 -0.011424 0.0892232 
1.4 0.95 -0.0115766 0.0814887 
1.45 0.95 -0.0113214 0.073358 
1.5 0.95 -0.0106558 0.065081 
1.55 0.95 -0.00958987 0.0569787 
1.6 0.95 -0.00814883 0.049447 
1.65 0.95 -0.00637596 0.04294 
1.7 0.95 -0.0043338 0.0379253 
1.75 0.95 -0.00210322 0.034816 
1.8 0.95 0.000220485 0.0338925 
1.85 0.95 0.0025344 0.0352417 
1.9 0.95 0.00473645 0.0387372 
1.95 0.95 0.00673359 0.0440681 
2 0.95 0.00844821 0.0508052 
2.05 0.95 0.00982143 0.0584785 
2.1 0.95 0.0108135 0.0666426 
2.15 0.95 0.0114023 0.0749152 
2.2 0.95 0.0115802 0.0829893 
2.25 0.95 0.0113523 0.0906273 
2.3 0.95 0.0107339 0.0976461 
2.35 0.95 0.00974998 0.103902 
2.4 0.95 0.00843511 0.109279 
2.45 0.95 0.00683321 0.11368 
2.5 0.95 0.00499751 0.117027 
2.55 0.95 0.00298976 0.119258 
2.6 0.95 0.000878543 0.12033 
2.65 0.95 -0.00126316 0.120224 
2.7 0.95 -0.00336104 0.118941 
2.75 0.95 -0.00534271 0.116505 
2.8 0.95 -0.00714064 0.112964 
2.85 0.95 -0.00869453 0.10838 
2.9 0.95 -0.00995277 0.102838 
2.95 0.95 -0.0108731 0.096435 
3 0.95 -0.0114228 0.089293 
3.05 0.95 -0.0115785 0.0815616 
3.1 0.95 -0.0113266 0.0734324 
3.15 0.95 -0.0106643 0.0651544 
3.2 0.95 -0.00960139 0.0570483 
3.25 0.95 -0.00816317 0.0495092 
3.3 0.95 -0.00639269 0.0429909 
3.35 0.95 -0.00435232 0.0379614 
3.4 0.95 -0.0021228 0.0348343 
3.45 0.95 0.000200688 0.0338915 
3.5 0.95 0.00251525 0.0352219 
3.55 0.95 0.00471876 0.0387006 
3.6 0.95 0.00671808 0.044018 
3.65 0.95 0.00843543 0.0507456 
3.7 0.95 0.00981178 0.0584134 
3.75 0.95 0.0108073 0.0665755 
3.8 0.95 0.0113994 0.0748489 
3.85 0.95 0.0115808 0.0829261 
3.9 0.95 0.0113562 0.0905687 
3.95 0.95 0.0107408 0.0975933 
4 0.95 0.0097596 0.103856 
4.05 0.95 0.00844702 0.109239 
4.1 0.95 0.00684688 0.113648 
4.15 0.95 0.00501238 0.117001 
4.2 0.95 0.00300522 0.119237 
4.25 0.95 0.000894022 0.120313 
4.3 0.95 -0.00124813 0.120208 
4.35 0.95 -0.00334675 0.118923 
4.4 0.95 -0.00532913 0.116481 
4.45 0.95 -0.00712736 0.112929 
4.5 0.95 -0.00868063 0.10833 
4.55 0.95 -0.00993677 0.102766 
4.6 0.95 -0.0108529 0.0963375 
4.65 0.95 -0.0113958 0.0891657 
4.7 0.95 -0.0115417 0.0814032 
4.75 0.95 -0.011277 0.0732457 
4.8 0.95 -0.0105997 0.064948 
4.85 0.95 -0.00952301 0.0568373 
4.9 0.95 -0.0080808 0.0493142 
4.95 0.95 -0.00634057 0.0428309 
5 0.95 -0.00442469 0.0378324 
0 1 0 0 
0.05 1 0 0 
0.1 1 0 0 
0.15 1 0 0 
0.2 1 0 0 
0.25 1 0 0 
0.3 1 0 0 
0.35 1 0 0 
0.4 1 0 0 
0.45 1 0 0 
0.5 1 0 0 
0.55 1 0 0 
0.6 1 0 0 
0.65 1 0 0 
0.7 1 0 0 
0.75 1 0 0 
0.8 1 0 0 
0.85 1 0 0 
0.9 1 0 0 
0.95 1 0 0 
1 1 0 0 
1.05 1 0 0 
1.1 1 0 0 
1.15 1 0 0 
1.2 1 0 0 
1.25 1 0 0 
1.3 1 0 0 
1.35 1 0 0 
1.4 1 0 0 
1.45 1 0 0 
1.5 1 0 0 
1.55 1 0 0 
1.6 1 0 0 
1.65 1 0 0 
1.7 1 0 0 
1.75 1 0 0 
1.8 1 0 0 
1.85 1 0 0 
1.9 1 0 0 
1.95 1 0 0 
2 1 0 0 
2.05 1 0 0 
2.1 1 0 0 
2.15 1 0 0 
2.2 1 0 0 
2.25 1 0 0 
2.3 1 0 0 
2.35 1 0 0 
2.4 1 0 0 
2.45 1 0 0 
2.5 1 0 0 
2.55 1 0 0 
2.6 1 0 0 
2.65 1 0 0 
2.7 1 0 0 
2.75 1 0 0 
2.8 1 0 0 
2.85 1 0 0 
2.9 1 0 0 
2.95 1 0 0 
3 1 0 0 
3.05 1 0 0 
3.1 1 0 0 
3.15 1 0 0 
3.2 1 0 0 
3.25 1 0 0 
3.3 1 0 0 
3.35 1 0 0 
3.4 1 0 0 
3.45 1 0 0 
3.5 1 0 0 
3.55 1 0 0 
3.6 1 0 0 
3.65 1 0 0 
3.7 1 0 0 
3.75 1 0 0 
3.8 1 0 0 
3.85 1 0 0 
3.9 1 0 0 
3.95 1 0 0 
4 1 0 0 
4.05 1 0 0 
4.1 1 0 0 
4.15 1 0 0 
4.2 1 0 0 
4.25 1 0 0 
4.3 1 0 0 
4.35 1 0 0 
4.4 1 0 0 
4.45 1 0 0 
4.5 1 0 0 
4.55 1 0 0 
4.6 1 0 0 
4.65 1 0 0 
4.7 1 0 0 
4.75 1 0 0 
4.8 1 0 0 
4.85 1 0 0 
4.9 1 0 0 
4.95 1 0 0 
5 1 0 0 
