x, y, ksi, T
#iter= 1990000
0 0 0 1 
0.05 0 0 1 
0.1 0 0 1 
0.15 0 0 1 
0.2 0 0 1 
0.25 0 0 1 
0.3 0 0 1 
0.35 0 0 1 
0.4 0 0 1 
0.45 0 0 1 
0.5 0 0 1 
0.55 0 0 1 
0.6 0 0 1 
0.65 0 0 1 
0.7 0 0 1 
0.75 0 0 1 
0.8 0 0 1 
0.85 0 0 1 
0.9 0 0 1 
0.95 0 0 1 
1 0 0 1 
1.05 0 0 1 
1.1 0 0 1 
1.15 0 0 1 
1.2 0 0 1 
1.25 0 0 1 
1.3 0 0 1 
1.35 0 0 1 
1.4 0 0 1 
1.45 0 0 1 
1.5 0 0 1 
1.55 0 0 1 
1.6 0 0 1 
1.65 0 0 1 
1.7 0 0 1 
1.75 0 0 1 
1.8 0 0 1 
1.85 0 0 1 
1.9 0 0 1 
1.95 0 0 1 
2 0 0 1 
2.05 0 0 1 
2.1 0 0 1 
2.15 0 0 1 
2.2 0 0 1 
2.25 0 0 1 
2.3 0 0 1 
2.35 0 0 1 
2.4 0 0 1 
2.45 0 0 1 
2.5 0 0 1 
2.55 0 0 1 
2.6 0 0 1 
2.65 0 0 1 
2.7 0 0 1 
2.75 0 0 1 
2.8 0 0 1 
2.85 0 0 1 
2.9 0 0 1 
2.95 0 0 1 
3 0 0 1 
3.05 0 0 1 
3.1 0 0 1 
3.15 0 0 1 
3.2 0 0 1 
3.25 0 0 1 
3.3 0 0 1 
3.35 0 0 1 
3.4 0 0 1 
3.45 0 0 1 
3.5 0 0 1 
3.55 0 0 1 
3.6 0 0 1 
3.65 0 0 1 
3.7 0 0 1 
3.75 0 0 1 
3.8 0 0 1 
3.85 0 0 1 
3.9 0 0 1 
3.95 0 0 1 
4 0 0 1 
4.05 0 0 1 
4.1 0 0 1 
4.15 0 0 1 
4.2 0 0 1 
4.25 0 0 1 
4.3 0 0 1 
4.35 0 0 1 
4.4 0 0 1 
4.45 0 0 1 
4.5 0 0 1 
4.55 0 0 1 
4.6 0 0 1 
4.65 0 0 1 
4.7 0 0 1 
4.75 0 0 1 
4.8 0 0 1 
4.85 0 0 1 
4.9 0 0 1 
4.95 0 0 1 
5 0 0 1 
0 0.05 -0.0064237 0.884626 
0.05 0.05 -0.00432667 0.881642 
0.1 0.05 -0.00213932 0.87991 
0.15 0.05 7.22159e-05 0.879406 
0.2 0.05 0.00224988 0.880112 
0.25 0.05 0.0043298 0.882 
0.3 0.05 0.00624741 0.885027 
0.35 0.05 0.00794213 0.889131 
0.4 0.05 0.00936032 0.894236 
0.45 0.05 0.0104567 0.90025 
0.5 0.05 0.0111951 0.907063 
0.55 0.05 0.0115482 0.914541 
0.6 0.05 0.0114981 0.922514 
0.65 0.05 0.011037 0.930764 
0.7 0.05 0.0101684 0.939007 
0.75 0.05 0.00890973 0.946883 
0.8 0.05 0.00729529 0.953964 
0.85 0.05 0.00537799 0.959781 
0.9 0.05 0.00322993 0.963886 
0.95 0.05 0.000939927 0.965923 
1 0.05 -0.00139187 0.965702 
1.05 0.05 -0.00366187 0.963246 
1.1 0.05 -0.00577158 0.95878 
1.15 0.05 -0.00763511 0.952685 
1.2 0.05 -0.00918403 0.945418 
1.25 0.05 -0.0103692 0.937446 
1.3 0.05 -0.01116 0.929184 
1.35 0.05 -0.011542 0.920978 
1.4 0.05 -0.0115142 0.913098 
1.45 0.05 -0.011087 0.905751 
1.5 0.05 -0.0102807 0.899101 
1.55 0.05 -0.00912517 0.893274 
1.6 0.05 -0.00765956 0.888378 
1.65 0.05 -0.00593262 0.884499 
1.7 0.05 -0.00400201 0.881708 
1.75 0.05 -0.00193321 0.880058 
1.8 0.05 0.000202625 0.879578 
1.85 0.05 0.00233144 0.88028 
1.9 0.05 0.00437949 0.882148 
1.95 0.05 0.00627649 0.885148 
2 0.05 0.00795832 0.889224 
2.05 0.05 0.00936893 0.894303 
2.1 0.05 0.0104614 0.900293 
2.15 0.05 0.0111983 0.907085 
2.2 0.05 0.0115515 0.914545 
2.25 0.05 0.0115027 0.922505 
2.3 0.05 0.0110433 0.930744 
2.35 0.05 0.0101768 0.93898 
2.4 0.05 0.0089204 0.946854 
2.45 0.05 0.007308 0.953937 
2.5 0.05 0.0053924 0.959761 
2.55 0.05 0.00324552 0.963876 
2.6 0.05 0.000956072 0.965925 
2.65 0.05 -0.00137588 0.965719 
2.7 0.05 -0.00364675 0.963277 
2.75 0.05 -0.00575799 0.958823 
2.8 0.05 -0.00762361 0.952736 
2.85 0.05 -0.00917505 0.945476 
2.9 0.05 -0.0103631 0.937507 
2.95 0.05 -0.0111569 0.929246 
3 0.05 -0.011542 0.921038 
3.05 0.05 -0.0115173 0.913155 
3.1 0.05 -0.0110931 0.905804 
3.15 0.05 -0.0102897 0.899147 
3.2 0.05 -0.00913672 0.893314 
3.25 0.05 -0.00767339 0.88841 
3.3 0.05 -0.00594831 0.884523 
3.35 0.05 -0.00401907 0.881723 
3.4 0.05 -0.00195109 0.880063 
3.45 0.05 0.000184537 0.879573 
3.5 0.05 0.00231376 0.880265 
3.55 0.05 0.00436283 0.882124 
3.6 0.05 0.00626144 0.885114 
3.65 0.05 0.00794542 0.889181 
3.7 0.05 0.00935865 0.894251 
3.75 0.05 0.0104542 0.900233 
3.8 0.05 0.0111944 0.907018 
3.85 0.05 0.0115513 0.914473 
3.9 0.05 0.0115064 0.922428 
3.95 0.05 0.0110511 0.930666 
4 0.05 0.0101887 0.938903 
4.05 0.05 0.00893621 0.946783 
4.1 0.05 0.00732754 0.953878 
4.15 0.05 0.00541521 0.959719 
4.2 0.05 0.00327091 0.963858 
4.25 0.05 0.000983185 0.965936 
4.3 0.05 -0.00134807 0.965762 
4.35 0.05 -0.00361933 0.963353 
4.4 0.05 -0.00573213 0.958932 
4.45 0.05 -0.00760048 0.952877 
4.5 0.05 -0.00915594 0.945645 
4.55 0.05 -0.0103495 0.937701 
4.6 0.05 -0.0111509 0.929462 
4.65 0.05 -0.0115465 0.921274 
4.7 0.05 -0.0115367 0.913406 
4.75 0.05 -0.011134 0.906064 
4.8 0.05 -0.0103622 0.899408 
4.85 0.05 -0.00925623 0.893558 
4.9 0.05 -0.00786406 0.888609 
4.95 0.05 -0.00624544 0.884626 
5 0.05 -0.00444799 0.881642 
0 0.1 -0.021672 0.770586 
0.05 0.1 -0.0148095 0.764729 
0.1 0.1 -0.00735558 0.761258 
0.15 0.1 0.000320004 0.760232 
0.2 0.1 0.00793203 0.76163 
0.25 0.1 0.0152227 0.765394 
0.3 0.1 0.0219518 0.771431 
0.35 0.1 0.0279002 0.779618 
0.4 0.1 0.0328755 0.789798 
0.45 0.1 0.036716 0.801787 
0.5 0.1 0.0392924 0.815369 
0.55 0.1 0.040509 0.830279 
0.6 0.1 0.0403047 0.846189 
0.65 0.1 0.0386554 0.862673 
0.7 0.1 0.0355797 0.879171 
0.75 0.1 0.0311455 0.894971 
0.8 0.1 0.0254787 0.90921 
0.85 0.1 0.0187679 0.920938 
0.9 0.1 0.0112652 0.929229 
0.95 0.1 0.00327706 0.933347 
1 0.1 -0.00485387 0.932901 
1.05 0.1 -0.0127737 0.927934 
1.1 0.1 -0.0201451 0.918917 
1.15 0.1 -0.026671 0.906634 
1.2 0.1 -0.0321116 0.892028 
1.25 0.1 -0.0362907 0.876042 
1.3 0.1 -0.0390947 0.859511 
1.35 0.1 -0.0404665 0.843119 
1.4 0.1 -0.0403971 0.827395 
1.45 0.1 -0.0389194 0.812746 
1.5 0.1 -0.0361032 0.799486 
1.55 0.1 -0.0320535 0.787868 
1.6 0.1 -0.0269095 0.7781 
1.65 0.1 -0.020844 0.770358 
1.7 0.1 -0.0140613 0.764785 
1.75 0.1 -0.00679247 0.761487 
1.8 0.1 0.00071206 0.760529 
1.85 0.1 0.00819191 0.761931 
1.9 0.1 0.0153878 0.765663 
1.95 0.1 0.0220522 0.771654 
2 0.1 0.0279587 0.779789 
2.05 0.1 0.0329087 0.78992 
2.1 0.1 0.0367357 0.801864 
2.15 0.1 0.0393067 0.815406 
2.2 0.1 0.0405235 0.830283 
2.25 0.1 0.040323 0.846166 
2.3 0.1 0.0386797 0.86263 
2.35 0.1 0.0356111 0.879115 
2.4 0.1 0.0311843 0.894911 
2.45 0.1 0.0255242 0.909155 
2.5 0.1 0.018819 0.920895 
2.55 0.1 0.0113202 0.929207 
2.6 0.1 0.00333379 0.933352 
2.65 0.1 -0.00479781 0.932934 
2.7 0.1 -0.0127208 0.927996 
2.75 0.1 -0.0200974 0.919002 
2.8 0.1 -0.0266307 0.906738 
2.85 0.1 -0.0320801 0.892145 
2.9 0.1 -0.0362691 0.876165 
2.95 0.1 -0.0390837 0.859635 
3 0.1 -0.0404664 0.843239 
3.05 0.1 -0.040408 0.827509 
3.1 0.1 -0.0389409 0.812851 
3.15 0.1 -0.0361348 0.799579 
3.2 0.1 -0.0320942 0.787947 
3.25 0.1 -0.0269582 0.778164 
3.3 0.1 -0.0208993 0.770405 
3.35 0.1 -0.0141214 0.764814 
3.4 0.1 -0.00685535 0.761497 
3.45 0.1 0.000648481 0.76052 
3.5 0.1 0.00812982 0.761901 
3.55 0.1 0.0153294 0.765614 
3.6 0.1 0.0219995 0.771586 
3.65 0.1 0.0279136 0.779703 
3.7 0.1 0.0328729 0.789816 
3.75 0.1 0.0367106 0.801745 
3.8 0.1 0.0392936 0.815273 
3.85 0.1 0.0405234 0.830138 
3.9 0.1 0.0403366 0.846013 
3.95 0.1 0.0387075 0.862473 
4 0.1 0.035653 0.878961 
4.05 0.1 0.03124 0.894769 
4.1 0.1 0.0255927 0.909035 
4.15 0.1 0.0188987 0.92081 
4.2 0.1 0.0114087 0.929169 
4.25 0.1 0.00342801 0.933371 
4.3 0.1 -0.0047013 0.933018 
4.35 0.1 -0.0126257 0.928147 
4.4 0.1 -0.0200079 0.919219 
4.45 0.1 -0.0265506 0.907016 
4.5 0.1 -0.032014 0.892478 
4.55 0.1 -0.0362222 0.876547 
4.6 0.1 -0.0390628 0.86006 
4.65 0.1 -0.0404808 0.843701 
4.7 0.1 -0.0404712 0.828 
4.75 0.1 -0.0390719 0.81336 
4.8 0.1 -0.0363597 0.800085 
4.85 0.1 -0.0324462 0.788414 
4.9 0.1 -0.0274715 0.778531 
4.95 0.1 -0.0215828 0.770586 
5 0.1 -0.0148681 0.764729 
0 0.15 -0.0422195 0.662693 
0.05 0.15 -0.0288132 0.654142 
0.1 0.15 -0.014258 0.64903 
0.15 0.15 0.000791775 0.647499 
0.2 0.15 0.0157622 0.649548 
0.25 0.15 0.0301247 0.655099 
0.3 0.15 0.0433904 0.664013 
0.35 0.15 0.055117 0.676095 
0.4 0.15 0.0649181 0.691107 
0.45 0.15 0.0724704 0.70877 
0.5 0.15 0.0775173 0.728761 
0.55 0.15 0.079871 0.750697 
0.6 0.15 0.0794151 0.774104 
0.65 0.15 0.0761093 0.798368 
0.7 0.15 0.0699992 0.822681 
0.75 0.15 0.0612284 0.846001 
0.8 0.15 0.0500525 0.867056 
0.85 0.15 0.0368474 0.884428 
0.9 0.15 0.0221077 0.896728 
0.95 0.15 0.00642919 0.902844 
1 0.15 -0.00952506 0.902181 
1.05 0.15 -0.0250716 0.894806 
1.1 0.15 -0.0395572 0.88143 
1.15 0.15 -0.0524037 0.86324 
1.2 0.15 -0.063139 0.84165 
1.25 0.15 -0.0714112 0.81806 
1.3 0.15 -0.0769882 0.793703 
1.35 0.15 -0.0797472 0.769574 
1.4 0.15 -0.079662 0.746437 
1.45 0.15 -0.0767902 0.724878 
1.5 0.15 -0.0712657 0.70535 
1.55 0.15 -0.0632939 0.68822 
1.6 0.15 -0.0531502 0.6738 
1.65 0.15 -0.0411776 0.662356 
1.7 0.15 -0.0277816 0.654108 
1.75 0.15 -0.013421 0.649224 
1.8 0.15 0.00140721 0.647805 
1.85 0.15 0.0161865 0.649881 
1.9 0.15 0.0304023 0.655409 
1.95 0.15 0.0435636 0.664273 
2 0.15 0.0552207 0.676296 
2.05 0.15 0.0649793 0.691247 
2.1 0.15 0.0725089 0.708853 
2.15 0.15 0.0775474 0.728794 
2.2 0.15 0.0799025 0.750687 
2.25 0.15 0.0794544 0.774059 
2.3 0.15 0.0761603 0.798296 
2.35 0.15 0.0700638 0.822593 
2.4 0.15 0.061307 0.845908 
2.45 0.15 0.050144 0.866971 
2.5 0.15 0.0369494 0.884363 
2.55 0.15 0.0222169 0.896695 
2.6 0.15 0.00654148 0.90285 
2.65 0.15 -0.00941434 0.902231 
2.7 0.15 -0.0249671 0.894897 
2.75 0.15 -0.0394633 0.881557 
2.8 0.15 -0.0523241 0.863395 
2.85 0.15 -0.0630768 0.841822 
2.9 0.15 -0.0713685 0.818242 
2.95 0.15 -0.0769664 0.793886 
3 0.15 -0.079747 0.769751 
3.05 0.15 -0.0796834 0.746605 
3.1 0.15 -0.0768327 0.725033 
3.15 0.15 -0.0713281 0.705487 
3.2 0.15 -0.0633746 0.688337 
3.25 0.15 -0.0532467 0.673895 
3.3 0.15 -0.041287 0.662426 
3.35 0.15 -0.0279005 0.654152 
3.4 0.15 -0.0135454 0.64924 
3.45 0.15 0.00128153 0.647792 
3.5 0.15 0.0160638 0.649839 
3.55 0.15 0.030287 0.655338 
3.6 0.15 0.0434597 0.664174 
3.65 0.15 0.055132 0.676169 
3.7 0.15 0.064909 0.691095 
3.75 0.15 0.0724601 0.708679 
3.8 0.15 0.0775223 0.728599 
3.85 0.15 0.0799031 0.750475 
3.9 0.15 0.079482 0.773834 
3.95 0.15 0.0762158 0.798066 
4 0.15 0.070147 0.822366 
4.05 0.15 0.0614171 0.845698 
4.1 0.15 0.0502787 0.866793 
4.15 0.15 0.0371055 0.884236 
4.2 0.15 0.0223897 0.896636 
4.25 0.15 0.00672524 0.902876 
4.3 0.15 -0.00922628 0.902351 
4.35 0.15 -0.0247819 0.895115 
4.4 0.15 -0.0392884 0.88187 
4.45 0.15 -0.0521672 0.863796 
4.5 0.15 -0.0629458 0.842302 
4.55 0.15 -0.0712727 0.81879 
4.6 0.15 -0.0769172 0.794492 
4.65 0.15 -0.0797599 0.770406 
4.7 0.15 -0.0797792 0.747297 
4.75 0.15 -0.0770392 0.725742 
4.8 0.15 -0.07168 0.706183 
4.85 0.15 -0.0639091 0.688971 
4.9 0.15 -0.0539882 0.674391 
4.95 0.15 -0.0422058 0.662693 
5 0.15 -0.0288198 0.654142 
0 0.2 -0.065069 0.566686 
0.05 0.2 -0.0442916 0.555734 
0.1 0.2 -0.0217961 0.54916 
0.15 0.2 0.00148837 0.547176 
0.2 0.2 0.024683 0.549815 
0.25 0.2 0.0469561 0.556985 
0.3 0.2 0.0675339 0.568497 
0.35 0.2 0.0857176 0.584081 
0.4 0.2 0.100899 0.603407 
0.45 0.2 0.112572 0.626098 
0.5 0.2 0.120339 0.65173 
0.55 0.2 0.123911 0.679812 
0.6 0.2 0.123116 0.709748 
0.65 0.2 0.117903 0.740768 
0.7 0.2 0.108355 0.771857 
0.75 0.2 0.0947098 0.801695 
0.8 0.2 0.0773719 0.828661 
0.85 0.2 0.0569285 0.85093 
0.9 0.2 0.0341425 0.866711 
0.95 0.2 0.00992623 0.874562 
1 0.2 -0.0147099 0.87371 
1.05 0.2 -0.0387254 0.864242 
1.1 0.2 -0.0611239 0.847082 
1.15 0.2 -0.0810194 0.823766 
1.2 0.2 -0.0976818 0.796119 
1.25 0.2 -0.11056 0.765937 
1.3 0.2 -0.119284 0.734789 
1.35 0.2 -0.12365 0.703933 
1.4 0.2 -0.123602 0.674331 
1.45 0.2 -0.11922 0.646714 
1.5 0.2 -0.110703 0.621651 
1.55 0.2 -0.0983642 0.599618 
1.6 0.2 -0.0826305 0.581023 
1.65 0.2 -0.0640351 0.56623 
1.7 0.2 -0.0432115 0.555546 
1.75 0.2 -0.0208772 0.549208 
1.8 0.2 0.00218947 0.547365 
1.85 0.2 0.0251795 0.550062 
1.9 0.2 0.047287 0.557233 
1.95 0.2 0.0677431 0.568711 
2 0.2 0.0858446 0.584246 
2.05 0.2 0.100976 0.603516 
2.1 0.2 0.112624 0.626153 
2.15 0.2 0.120383 0.651734 
2.2 0.2 0.12396 0.679772 
2.25 0.2 0.123179 0.709671 
2.3 0.2 0.117985 0.740663 
2.35 0.2 0.108459 0.771735 
2.4 0.2 0.094835 0.80157 
2.45 0.2 0.0775165 0.828547 
2.5 0.2 0.0570888 0.850844 
2.55 0.2 0.0343133 0.866667 
2.6 0.2 0.0101012 0.87457 
2.65 0.2 -0.0145377 0.873774 
2.7 0.2 -0.038563 0.86436 
2.75 0.2 -0.060978 0.847245 
2.8 0.2 -0.0808956 0.823965 
2.85 0.2 -0.0975849 0.79634 
2.9 0.2 -0.110494 0.76617 
2.95 0.2 -0.11925 0.735024 
3 0.2 -0.123649 0.704162 
3.05 0.2 -0.123635 0.674548 
3.1 0.2 -0.119286 0.646913 
3.15 0.2 -0.1108 0.621829 
3.2 0.2 -0.0984898 0.59977 
3.25 0.2 -0.0827807 0.581147 
3.3 0.2 -0.0642055 0.566323 
3.35 0.2 -0.0433966 0.555604 
3.4 0.2 -0.0210708 0.54923 
3.45 0.2 0.00199389 0.54735 
3.5 0.2 0.0249887 0.550008 
3.55 0.2 0.0471079 0.557141 
3.6 0.2 0.067582 0.568584 
3.65 0.2 0.0857073 0.584084 
3.7 0.2 0.100868 0.603323 
3.75 0.2 0.112549 0.62593 
3.8 0.2 0.120345 0.651485 
3.85 0.2 0.123962 0.679502 
3.9 0.2 0.123223 0.709385 
3.95 0.2 0.118072 0.740371 
4 0.2 0.108589 0.771447 
4.05 0.2 0.0950052 0.801303 
4.1 0.2 0.0777241 0.828321 
4.15 0.2 0.0573286 0.850682 
4.2 0.2 0.0345783 0.866592 
4.25 0.2 0.0103826 0.874601 
4.3 0.2 -0.0142498 0.873924 
4.35 0.2 -0.0382792 0.864633 
4.4 0.2 -0.0607089 0.847638 
4.45 0.2 -0.080652 0.824466 
4.5 0.2 -0.0973776 0.796935 
4.55 0.2 -0.110335 0.766845 
4.6 0.2 -0.119153 0.735764 
4.65 0.2 -0.123632 0.704953 
4.7 0.2 -0.123721 0.675372 
4.75 0.2 -0.119504 0.647747 
4.8 0.2 -0.111181 0.622638 
4.85 0.2 -0.0990642 0.600501 
4.9 0.2 -0.0835536 0.58173 
4.95 0.2 -0.0651187 0.566686 
5 0.2 -0.0442551 0.555734 
0 0.25 -0.0878751 0.486837 
0.05 0.25 -0.0596636 0.473808 
0.1 0.25 -0.029187 0.46597 
0.15 0.25 0.00236511 0.4636 
0.2 0.25 0.0338155 0.466769 
0.25 0.25 0.0640271 0.475368 
0.3 0.25 0.091935 0.489144 
0.35 0.25 0.116577 0.507733 
0.4 0.25 0.13712 0.530696 
0.45 0.25 0.152873 0.557548 
0.5 0.25 0.1633 0.587764 
0.55 0.25 0.168018 0.620762 
0.6 0.25 0.166808 0.65585 
0.65 0.25 0.159616 0.692147 
0.7 0.25 0.146575 0.728486 
0.75 0.25 0.128021 0.763346 
0.8 0.25 0.104516 0.794844 
0.85 0.25 0.0768596 0.820857 
0.9 0.25 0.0460783 0.839292 
0.95 0.25 0.0133924 0.848463 
1 0.25 -0.0198521 0.847467 
1.05 0.25 -0.0522708 0.836405 
1.1 0.25 -0.0825359 0.816357 
1.15 0.25 -0.109461 0.78912 
1.2 0.25 -0.132061 0.756822 
1.25 0.25 -0.149584 0.721553 
1.3 0.25 -0.161514 0.685133 
1.35 0.25 -0.167556 0.64901 
1.4 0.25 -0.16762 0.614287 
1.45 0.25 -0.161793 0.581802 
1.5 0.25 -0.150331 0.552218 
1.55 0.25 -0.133652 0.5261 
1.6 0.25 -0.112327 0.503961 
1.65 0.25 -0.0870818 0.486271 
1.7 0.25 -0.0587795 0.473448 
1.75 0.25 -0.028403 0.465821 
1.8 0.25 0.00297942 0.4636 
1.85 0.25 0.0342565 0.466849 
1.9 0.25 0.0643216 0.475476 
1.95 0.25 0.0921195 0.489245 
2 0.25 0.116688 0.507806 
2.05 0.25 0.137188 0.530732 
2.1 0.25 0.152923 0.557542 
2.15 0.25 0.16335 0.587717 
2.2 0.25 0.168083 0.620677 
2.25 0.25 0.166895 0.655733 
2.3 0.25 0.159731 0.692006 
2.35 0.25 0.14672 0.728332 
2.4 0.25 0.128195 0.763192 
2.45 0.25 0.104716 0.794707 
2.5 0.25 0.0770795 0.820754 
2.55 0.25 0.0463117 0.839239 
2.6 0.25 0.0136308 0.848472 
2.65 0.25 -0.0196179 0.847543 
2.7 0.25 -0.0520502 0.836544 
2.75 0.25 -0.0823376 0.81655 
2.8 0.25 -0.109293 0.789354 
2.85 0.25 -0.131929 0.757082 
2.9 0.25 -0.149493 0.721828 
2.95 0.25 -0.161467 0.685409 
3 0.25 -0.167555 0.649279 
3.05 0.25 -0.167664 0.614543 
3.1 0.25 -0.161882 0.582039 
3.15 0.25 -0.150463 0.55243 
3.2 0.25 -0.133822 0.526284 
3.25 0.25 -0.112532 0.504112 
3.3 0.25 -0.0873137 0.486385 
3.35 0.25 -0.0590315 0.47352 
3.4 0.25 -0.0286667 0.465849 
3.45 0.25 0.00271321 0.463583 
3.5 0.25 0.0339971 0.466787 
3.55 0.25 0.0640782 0.475369 
3.6 0.25 0.0919008 0.489095 
3.65 0.25 0.116502 0.507616 
3.7 0.25 0.137042 0.530504 
3.75 0.25 0.152823 0.557281 
3.8 0.25 0.1633 0.587427 
3.85 0.25 0.168087 0.620363 
3.9 0.25 0.166956 0.655402 
3.95 0.25 0.159849 0.691667 
4 0.25 0.146895 0.727999 
4.05 0.25 0.128424 0.762884 
4.1 0.25 0.104995 0.794446 
4.15 0.25 0.0774007 0.820567 
4.2 0.25 0.0466659 0.839152 
4.25 0.25 0.0140066 0.848508 
4.3 0.25 -0.0192334 0.847714 
4.35 0.25 -0.0516701 0.836856 
4.4 0.25 -0.0819753 0.816996 
4.45 0.25 -0.108961 0.78992 
4.5 0.25 -0.131639 0.75775 
4.55 0.25 -0.149258 0.722578 
4.6 0.25 -0.161299 0.686223 
4.65 0.25 -0.167471 0.650138 
4.7 0.25 -0.167682 0.615425 
4.75 0.25 -0.162023 0.582918 
4.8 0.25 -0.150749 0.553273 
4.85 0.25 -0.134267 0.527046 
4.9 0.25 -0.113121 0.50474 
4.95 0.25 -0.0879772 0.486837 
5 0.25 -0.0595921 0.473808 
0 0.3 -0.108829 0.424529 
0.05 0.3 -0.0737256 0.409659 
0.1 0.3 -0.0358579 0.400693 
0.15 0.3 0.00334601 0.397989 
0.2 0.3 0.0424324 0.401654 
0.25 0.3 0.0799774 0.411551 
0.3 0.3 0.114641 0.427334 
0.35 0.3 0.145212 0.448506 
0.4 0.3 0.170648 0.474482 
0.45 0.3 0.19009 0.504643 
0.5 0.3 0.20288 0.538353 
0.55 0.3 0.208559 0.574949 
0.6 0.3 0.206872 0.613673 
0.65 0.3 0.197778 0.653576 
0.7 0.3 0.181464 0.693412 
0.75 0.3 0.158369 0.731543 
0.8 0.3 0.129203 0.765942 
0.85 0.3 0.0949605 0.794317 
0.9 0.3 0.0569074 0.814409 
0.95 0.3 0.0165349 0.824399 
1 0.3 -0.0245173 0.823313 
1.05 0.3 -0.0645646 0.81126 
1.1 0.3 -0.101989 0.789405 
1.15 0.3 -0.135337 0.759687 
1.2 0.3 -0.163394 0.7244 
1.25 0.3 -0.185221 0.685802 
1.3 0.3 -0.200163 0.645851 
1.35 0.3 -0.207832 0.606102 
1.4 0.3 -0.208089 0.567737 
1.45 0.3 -0.20102 0.531655 
1.5 0.3 -0.186922 0.498589 
1.55 0.3 -0.166296 0.469191 
1.6 0.3 -0.139845 0.444089 
1.65 0.3 -0.108466 0.423891 
1.7 0.3 -0.0732389 0.409162 
1.75 0.3 -0.035397 0.400365 
1.8 0.3 0.00371399 0.397798 
1.85 0.3 0.042692 0.401554 
1.9 0.3 0.0801412 0.411498 
1.95 0.3 0.114733 0.427297 
2 0.3 0.14526 0.448464 
2.05 0.3 0.170676 0.474423 
2.1 0.3 0.190119 0.504559 
2.15 0.3 0.202925 0.538244 
2.2 0.3 0.208631 0.574813 
2.25 0.3 0.206978 0.613514 
2.3 0.3 0.197922 0.653401 
2.35 0.3 0.181647 0.69323 
2.4 0.3 0.158588 0.731367 
2.45 0.3 0.129454 0.765788 
2.5 0.3 0.0952364 0.794203 
2.55 0.3 0.0571992 0.814351 
2.6 0.3 0.0168322 0.82441 
2.65 0.3 -0.0242258 0.823397 
2.7 0.3 -0.0642902 0.811414 
2.75 0.3 -0.101742 0.789619 
2.8 0.3 -0.135127 0.759945 
2.85 0.3 -0.163229 0.724688 
2.9 0.3 -0.185107 0.686106 
2.95 0.3 -0.200104 0.646158 
3 0.3 -0.207829 0.606403 
3.05 0.3 -0.208143 0.568024 
3.1 0.3 -0.20113 0.531923 
3.15 0.3 -0.187085 0.498831 
3.2 0.3 -0.166508 0.469403 
3.25 0.3 -0.1401 0.444264 
3.3 0.3 -0.108755 0.424024 
3.35 0.3 -0.0735532 0.409249 
3.4 0.3 -0.0357258 0.400401 
3.45 0.3 0.00338206 0.397782 
3.5 0.3 0.0423688 0.401485 
3.55 0.3 0.0798383 0.411378 
3.6 0.3 0.114461 0.427128 
3.65 0.3 0.14503 0.448251 
3.7 0.3 0.170496 0.47417 
3.75 0.3 0.189996 0.504271 
3.8 0.3 0.202865 0.537925 
3.85 0.3 0.208638 0.574471 
3.9 0.3 0.207054 0.613154 
3.95 0.3 0.198069 0.653034 
4 0.3 0.181863 0.69287 
4.05 0.3 0.15887 0.731035 
4.1 0.3 0.129795 0.765508 
4.15 0.3 0.095629 0.794003 
4.2 0.3 0.0576312 0.814259 
4.25 0.3 0.0172901 0.824449 
4.3 0.3 -0.0237568 0.823581 
4.35 0.3 -0.0638252 0.811746 
4.4 0.3 -0.101295 0.79009 
4.45 0.3 -0.134712 0.760539 
4.5 0.3 -0.162857 0.725383 
4.55 0.3 -0.184787 0.686878 
4.6 0.3 -0.199844 0.646984 
4.65 0.3 -0.20764 0.607261 
4.7 0.3 -0.208034 0.568891 
4.75 0.3 -0.201109 0.532774 
4.8 0.3 -0.187158 0.499639 
4.85 0.3 -0.166671 0.470135 
4.9 0.3 -0.140325 0.444891 
4.95 0.3 -0.108973 0.424529 
5 0.3 -0.0736262 0.409659 
0 0.35 -0.126562 0.37825 
0.05 0.35 -0.0855782 0.361618 
0.1 0.35 -0.0413991 0.351555 
0.15 0.35 0.00433909 0.348535 
0.2 0.35 0.0499404 0.352707 
0.25 0.35 0.0937282 0.363881 
0.3 0.35 0.13412 0.381576 
0.35 0.35 0.169689 0.405105 
0.4 0.35 0.199211 0.433683 
0.45 0.35 0.221692 0.466512 
0.5 0.35 0.236376 0.502824 
0.55 0.35 0.242751 0.541869 
0.6 0.35 0.240549 0.582843 
0.65 0.35 0.229751 0.624776 
0.7 0.35 0.210605 0.666406 
0.75 0.35 0.183645 0.706077 
0.8 0.35 0.149714 0.741738 
0.85 0.35 0.109971 0.771074 
0.9 0.35 0.0658754 0.791805 
0.95 0.35 0.0191346 0.802101 
1 0.35 -0.0283805 0.800981 
1.05 0.35 -0.0747505 0.788556 
1.1 0.35 -0.118128 0.765996 
1.15 0.35 -0.156848 0.735254 
1.2 0.35 -0.189506 0.698645 
1.25 0.35 -0.215005 0.658451 
1.3 0.35 -0.232563 0.616652 
1.35 0.35 -0.241704 0.574821 
1.4 0.35 -0.242234 0.534154 
1.45 0.35 -0.234222 0.495577 
1.5 0.35 -0.217986 0.459874 
1.55 0.35 -0.194086 0.427792 
1.6 0.35 -0.163327 0.400102 
1.65 0.35 -0.12675 0.377601 
1.7 0.35 -0.0856196 0.361055 
1.75 0.35 -0.0413906 0.351114 
1.8 0.35 0.00434399 0.348206 
1.85 0.35 0.0499208 0.352461 
1.9 0.35 0.0936841 0.363689 
1.95 0.35 0.134062 0.381412 
2 0.35 0.169633 0.404953 
2.05 0.35 0.199171 0.43353 
2.1 0.35 0.221681 0.466351 
2.15 0.35 0.236403 0.502652 
2.2 0.35 0.242823 0.541684 
2.25 0.35 0.240669 0.582647 
2.3 0.35 0.22992 0.624573 
2.35 0.35 0.210821 0.666203 
2.4 0.35 0.183904 0.705887 
2.45 0.35 0.15001 0.741576 
2.5 0.35 0.110296 0.770956 
2.55 0.35 0.0662173 0.791747 
2.6 0.35 0.0194822 0.802115 
2.65 0.35 -0.0280403 0.801071 
2.7 0.35 -0.0744305 0.788719 
2.75 0.35 -0.117841 0.766221 
2.8 0.35 -0.156604 0.735526 
2.85 0.35 -0.189314 0.698949 
2.9 0.35 -0.214872 0.658772 
2.95 0.35 -0.232493 0.616979 
3 0.35 -0.2417 0.575143 
3.05 0.35 -0.242297 0.534464 
3.1 0.35 -0.23435 0.495869 
3.15 0.35 -0.218176 0.460141 
3.2 0.35 -0.194334 0.428028 
3.25 0.35 -0.163624 0.4003 
3.3 0.35 -0.127088 0.377754 
3.35 0.35 -0.0859873 0.361157 
3.4 0.35 -0.0417754 0.351159 
3.45 0.35 0.00395564 0.348191 
3.5 0.35 0.0495429 0.352387 
3.55 0.35 0.0933304 0.363557 
3.6 0.35 0.133746 0.381228 
3.65 0.35 0.169365 0.404721 
3.7 0.35 0.198962 0.433258 
3.75 0.35 0.221539 0.466044 
3.8 0.35 0.236334 0.502316 
3.85 0.35 0.242832 0.541326 
3.9 0.35 0.240758 0.582273 
3.95 0.35 0.23009 0.624195 
4 0.35 0.21107 0.665835 
4.05 0.35 0.184228 0.705549 
4.1 0.35 0.150402 0.741293 
4.15 0.35 0.110744 0.770755 
4.2 0.35 0.0667099 0.791657 
4.25 0.35 0.020004 0.802156 
4.3 0.35 -0.0275053 0.801258 
4.35 0.35 -0.0738982 0.789051 
4.4 0.35 -0.117325 0.766689 
4.45 0.35 -0.156117 0.73611 
4.5 0.35 -0.188864 0.699625 
4.55 0.35 -0.214464 0.659515 
4.6 0.35 -0.23213 0.617762 
4.65 0.35 -0.24138 0.575942 
4.7 0.35 -0.242017 0.535255 
4.75 0.35 -0.234104 0.49663 
4.8 0.35 -0.217952 0.460854 
4.85 0.35 -0.194112 0.428674 
4.9 0.35 -0.163369 0.400869 
4.95 0.35 -0.12674 0.37825 
5 0.35 -0.085457 0.361618 
0 0.4 -0.140067 0.34462 
0.05 0.4 -0.0945662 0.326172 
0.1 0.4 -0.0455258 0.314962 
0.15 0.4 0.00524955 0.311618 
0.2 0.4 0.055867 0.316338 
0.25 0.4 0.104444 0.328858 
0.3 0.4 0.149203 0.348513 
0.35 0.4 0.188545 0.374365 
0.4 0.4 0.221108 0.405365 
0.45 0.4 0.245797 0.440487 
0.5 0.4 0.261795 0.478796 
0.55 0.4 0.268564 0.519442 
0.6 0.4 0.26584 0.561583 
0.65 0.4 0.25364 0.604258 
0.7 0.4 0.232272 0.646248 
0.75 0.4 0.202356 0.685967 
0.8 0.4 0.16484 0.721457 
0.85 0.4 0.121006 0.750515 
0.9 0.4 0.0724538 0.77098 
0.95 0.4 0.0210387 0.781123 
1 0.4 -0.0312138 0.78002 
1.05 0.4 -0.0822277 0.767774 
1.1 0.4 -0.130002 0.745489 
1.15 0.4 -0.172723 0.71501 
1.2 0.4 -0.208853 0.678534 
1.25 0.4 -0.23717 0.638233 
1.3 0.4 -0.256792 0.595998 
1.35 0.4 -0.26716 0.553337 
1.4 0.4 -0.268025 0.511409 
1.45 0.4 -0.259425 0.471139 
1.5 0.4 -0.241676 0.433361 
1.55 0.4 -0.215369 0.398934 
1.6 0.4 -0.181378 0.368812 
1.65 0.4 -0.140847 0.34403 
1.7 0.4 -0.0951866 0.325624 
1.75 0.4 -0.046028 0.314488 
1.8 0.4 0.00483197 0.311219 
1.85 0.4 0.0555136 0.316001 
1.9 0.4 0.104146 0.328566 
1.95 0.4 0.148958 0.34825 
2 0.4 0.188356 0.37412 
2.05 0.4 0.220978 0.405131 
2.1 0.4 0.24573 0.440259 
2.15 0.4 0.261792 0.47857 
2.2 0.4 0.268625 0.519215 
2.25 0.4 0.265964 0.561356 
2.3 0.4 0.253825 0.604035 
2.35 0.4 0.232513 0.646033 
2.4 0.4 0.202646 0.685771 
2.45 0.4 0.16517 0.721294 
2.5 0.4 0.121368 0.7504 
2.55 0.4 0.0728343 0.770927 
2.6 0.4 0.0214246 0.781142 
2.65 0.4 -0.0308365 0.780114 
2.7 0.4 -0.081873 0.76794 
2.75 0.4 -0.129683 0.745717 
2.8 0.4 -0.172452 0.715286 
2.85 0.4 -0.208638 0.678843 
2.9 0.4 -0.23702 0.638562 
2.95 0.4 -0.256712 0.596335 
3 0.4 -0.267154 0.553673 
3.05 0.4 -0.268093 0.511736 
3.1 0.4 -0.259565 0.471451 
3.15 0.4 -0.241885 0.433651 
3.2 0.4 -0.215643 0.399194 
3.25 0.4 -0.181707 0.369033 
3.3 0.4 -0.141223 0.344204 
3.35 0.4 -0.0955956 0.325741 
3.4 0.4 -0.0464563 0.314542 
3.45 0.4 0.00439985 0.311205 
3.5 0.4 0.0550934 0.315921 
3.55 0.4 0.103753 0.328423 
3.6 0.4 0.148607 0.34805 
3.65 0.4 0.18806 0.373871 
3.7 0.4 0.220748 0.404842 
3.75 0.4 0.245574 0.439938 
3.8 0.4 0.261718 0.478223 
3.85 0.4 0.268636 0.518851 
3.9 0.4 0.266063 0.560981 
3.95 0.4 0.254012 0.60366 
4 0.4 0.232785 0.645672 
4.05 0.4 0.202999 0.685443 
4.1 0.4 0.165595 0.721021 
4.15 0.4 0.121853 0.750208 
4.2 0.4 0.0733664 0.770842 
4.25 0.4 0.0219878 0.781183 
4.3 0.4 -0.0302585 0.780293 
4.35 0.4 -0.0812956 0.768255 
4.4 0.4 -0.129119 0.746156 
4.45 0.4 -0.171911 0.715829 
4.5 0.4 -0.208124 0.679464 
4.55 0.4 -0.236532 0.639232 
4.6 0.4 -0.256244 0.597027 
4.65 0.4 -0.266693 0.554362 
4.7 0.4 -0.267623 0.5124 
4.75 0.4 -0.259065 0.472071 
4.8 0.4 -0.241327 0.434215 
4.85 0.4 -0.214994 0.399697 
4.9 0.4 -0.180928 0.369482 
4.95 0.4 -0.140269 0.34462 
5 0.4 -0.094429 0.326172 
0 0.45 -0.148637 0.319645 
0.05 0.45 -0.100233 0.299303 
0.1 0.45 -0.0480496 0.286884 
0.15 0.45 0.00599001 0.283202 
0.2 0.45 0.059852 0.288515 
0.25 0.45 0.111507 0.302463 
0.3 0.45 0.159037 0.324159 
0.35 0.45 0.200727 0.352367 
0.4 0.45 0.235128 0.385727 
0.45 0.45 0.261087 0.42294 
0.5 0.45 0.277762 0.462874 
0.55 0.45 0.284614 0.50456 
0.6 0.45 0.281404 0.547118 
0.65 0.45 0.268193 0.589612 
0.7 0.45 0.245343 0.630905 
0.75 0.45 0.213541 0.66955 
0.8 0.45 0.173811 0.703776 
0.85 0.45 0.12751 0.731604 
0.9 0.45 0.076313 0.751105 
0.95 0.45 0.022152 0.760741 
1 0.45 -0.0328752 0.759693 
1.05 0.45 -0.0866207 0.748052 
1.1 0.45 -0.13701 0.726798 
1.15 0.45 -0.182155 0.69757 
1.2 0.45 -0.220439 0.662334 
1.25 0.45 -0.250565 0.623043 
1.3 0.45 -0.271578 0.581408 
1.35 0.45 -0.282852 0.53881 
1.4 0.45 -0.284082 0.496336 
1.45 0.45 -0.275266 0.454898 
1.5 0.45 -0.2567 0.415384 
1.55 0.45 -0.228977 0.378789 
1.6 0.45 -0.192999 0.34628 
1.65 0.45 -0.149975 0.319179 
1.7 0.45 -0.101407 0.298838 
1.75 0.45 -0.0490506 0.286441 
1.8 0.45 0.00515063 0.282789 
1.85 0.45 0.0591584 0.28813 
1.9 0.45 0.110945 0.302103 
1.95 0.45 0.158595 0.32382 
2 0.45 0.200397 0.352047 
2.05 0.45 0.234901 0.385424 
2.1 0.45 0.260958 0.422653 
2.15 0.45 0.277723 0.462601 
2.2 0.45 0.284659 0.504299 
2.25 0.45 0.281527 0.546869 
2.3 0.45 0.268386 0.589376 
2.35 0.45 0.245599 0.630686 
2.4 0.45 0.213851 0.669357 
2.45 0.45 0.174164 0.703619 
2.5 0.45 0.127896 0.731496 
2.55 0.45 0.0767182 0.751059 
2.6 0.45 0.0225624 0.760764 
2.65 0.45 -0.0324746 0.759789 
2.7 0.45 -0.0862443 0.748217 
2.75 0.45 -0.136672 0.727023 
2.8 0.45 -0.181867 0.697843 
2.85 0.45 -0.220211 0.662642 
2.9 0.45 -0.250405 0.623372 
2.95 0.45 -0.271491 0.581749 
3 0.45 -0.282843 0.539155 
3.05 0.45 -0.284152 0.496677 
3.1 0.45 -0.275414 0.455228 
3.15 0.45 -0.256921 0.415696 
3.2 0.45 -0.229267 0.379073 
3.25 0.45 -0.19335 0.346526 
3.3 0.45 -0.150375 0.319375 
3.35 0.45 -0.101843 0.298972 
3.4 0.45 -0.0495073 0.286504 
3.45 0.45 0.00468985 0.282778 
3.5 0.45 0.0587107 0.288044 
3.55 0.45 0.110527 0.301948 
3.6 0.45 0.158222 0.323604 
3.65 0.45 0.200083 0.351781 
3.7 0.45 0.234658 0.38512 
3.75 0.45 0.260794 0.422321 
3.8 0.45 0.277645 0.462249 
3.85 0.45 0.284672 0.503935 
3.9 0.45 0.281633 0.546501 
3.95 0.45 0.268583 0.589013 
4 0.45 0.245884 0.630342 
4.05 0.45 0.214219 0.669047 
4.1 0.45 0.174605 0.703365 
4.15 0.45 0.128397 0.731321 
4.2 0.45 0.077267 0.750983 
4.25 0.45 0.0231426 0.760804 
4.3 0.45 -0.0318787 0.759952 
4.35 0.45 -0.0856468 0.7485 
4.4 0.45 -0.136083 0.727412 
4.45 0.45 -0.181293 0.698318 
4.5 0.45 -0.219652 0.663175 
4.55 0.45 -0.249853 0.623936 
4.6 0.45 -0.270931 0.582314 
4.65 0.45 -0.282252 0.539695 
4.7 0.45 -0.283501 0.497171 
4.75 0.45 -0.274668 0.455662 
4.8 0.45 -0.25604 0.416063 
4.85 0.45 -0.228208 0.379379 
4.9 0.45 -0.192073 0.346794 
4.95 0.45 -0.148856 0.319645 
5 0.45 -0.100085 0.299303 
0 0.5 -0.151827 0.299613 
0.05 0.5 -0.102293 0.277406 
0.1 0.5 -0.0488605 0.263791 
0.15 0.5 0.0064879 0.259781 
0.2 0.5 0.0616431 0.265693 
0.25 0.5 0.114496 0.281067 
0.3 0.5 0.163057 0.304778 
0.35 0.5 0.205556 0.335273 
0.4 0.5 0.240509 0.370865 
0.45 0.5 0.266753 0.409968 
0.5 0.5 0.283454 0.451238 
0.55 0.5 0.290101 0.493579 
0.6 0.5 0.286492 0.536062 
0.65 0.5 0.27273 0.577779 
0.7 0.5 0.249228 0.617698 
0.75 0.5 0.216714 0.65455 
0.8 0.5 0.176248 0.686811 
0.85 0.5 0.129213 0.712799 
0.9 0.5 0.0772969 0.730888 
0.95 0.5 0.0224303 0.73979 
1 0.5 -0.0332977 0.738823 
1.05 0.5 -0.0877508 0.72806 
1.1 0.5 -0.138862 0.70832 
1.15 0.5 -0.184742 0.680978 
1.2 0.5 -0.223757 0.647693 
1.25 0.5 -0.254584 0.610126 
1.3 0.5 -0.276227 0.569755 
1.35 0.5 -0.288017 0.527797 
1.4 0.5 -0.2896 0.48525 
1.45 0.5 -0.28093 0.443011 
1.5 0.5 -0.262265 0.402033 
1.55 0.5 -0.234175 0.363456 
1.6 0.5 -0.197553 0.328678 
1.65 0.5 -0.153625 0.299322 
1.7 0.5 -0.10393 0.277072 
1.75 0.5 -0.0502869 0.263423 
1.8 0.5 0.00528178 0.25939 
1.85 0.5 0.0606484 0.265288 
1.9 0.5 0.113697 0.280658 
1.95 0.5 0.162435 0.304375 
2 0.5 0.205095 0.334886 
2.05 0.5 0.240191 0.3705 
2.1 0.5 0.266563 0.409629 
2.15 0.5 0.283379 0.450924 
2.2 0.5 0.290127 0.493289 
2.25 0.5 0.286607 0.535795 
2.3 0.5 0.272924 0.577536 
2.35 0.5 0.24949 0.617481 
2.4 0.5 0.217033 0.654364 
2.45 0.5 0.176611 0.686665 
2.5 0.5 0.129609 0.712703 
2.55 0.5 0.0777119 0.730851 
2.6 0.5 0.0228497 0.739819 
2.65 0.5 -0.0328887 0.738919 
2.7 0.5 -0.0873667 0.728221 
2.75 0.5 -0.138517 0.708538 
2.8 0.5 -0.184447 0.681243 
2.85 0.5 -0.223523 0.647993 
2.9 0.5 -0.254419 0.610451 
2.95 0.5 -0.276137 0.570096 
3 0.5 -0.288005 0.528146 
3.05 0.5 -0.289669 0.4856 
3.1 0.5 -0.281079 0.443356 
3.15 0.5 -0.26249 0.402364 
3.2 0.5 -0.23447 0.363762 
3.25 0.5 -0.197911 0.328947 
3.3 0.5 -0.154034 0.299538 
3.35 0.5 -0.104377 0.277222 
3.4 0.5 -0.0507553 0.263496 
3.45 0.5 0.00480911 0.25938 
3.5 0.5 0.0601894 0.265195 
3.55 0.5 0.113269 0.28049 
3.6 0.5 0.162055 0.304143 
3.65 0.5 0.204775 0.334604 
3.7 0.5 0.239944 0.370182 
3.75 0.5 0.266398 0.409287 
3.8 0.5 0.283301 0.450569 
3.85 0.5 0.290141 0.492929 
3.9 0.5 0.286714 0.535438 
3.95 0.5 0.273123 0.577191 
4 0.5 0.249776 0.617159 
4.05 0.5 0.217399 0.654079 
4.1 0.5 0.177049 0.686435 
4.15 0.5 0.130107 0.712545 
4.2 0.5 0.0782544 0.730783 
4.25 0.5 0.0234225 0.739853 
4.3 0.5 -0.0323002 0.739058 
4.35 0.5 -0.0867747 0.728459 
4.4 0.5 -0.137929 0.708862 
4.45 0.5 -0.183866 0.681631 
4.5 0.5 -0.222944 0.648418 
4.55 0.5 -0.253828 0.610884 
4.6 0.5 -0.275511 0.570507 
4.65 0.5 -0.287314 0.52851 
4.7 0.5 -0.288872 0.485895 
4.75 0.5 -0.280129 0.44357 
4.8 0.5 -0.261339 0.402496 
4.85 0.5 -0.23307 0.363829 
4.9 0.5 -0.196226 0.328988 
4.95 0.5 -0.152054 0.299613 
5 0.5 -0.102141 0.277406 
0 0.55 -0.149438 0.281491 
0.05 0.55 -0.100621 0.257671 
0.1 0.55 -0.0479191 0.243016 
0.15 0.55 0.00669084 0.238728 
0.2 0.55 0.0610985 0.245177 
0.25 0.55 0.113191 0.261807 
0.3 0.55 0.16098 0.287272 
0.35 0.55 0.202706 0.319729 
0.4 0.55 0.236908 0.357189 
0.45 0.55 0.262457 0.397804 
0.5 0.55 0.278561 0.440032 
0.55 0.55 0.284754 0.482652 
0.6 0.55 0.280882 0.524686 
0.65 0.55 0.267087 0.56525 
0.7 0.55 0.243813 0.603415 
0.75 0.55 0.211804 0.638103 
0.8 0.55 0.172114 0.668057 
0.85 0.55 0.126102 0.69192 
0.9 0.55 0.0754015 0.708394 
0.95 0.55 0.0218734 0.716462 
1 0.55 -0.0324798 0.715585 
1.05 0.55 -0.0856116 0.705823 
1.1 0.55 -0.135539 0.687819 
1.15 0.55 -0.18044 0.662662 
1.2 0.55 -0.218728 0.631676 
1.25 0.55 -0.249102 0.596208 
1.3 0.55 -0.270565 0.557481 
1.35 0.55 -0.282429 0.516539 
1.4 0.55 -0.284306 0.474292 
1.45 0.55 -0.276107 0.431628 
1.5 0.55 -0.258042 0.389565 
1.55 0.55 -0.230636 0.349384 
1.6 0.55 -0.194741 0.312697 
1.65 0.55 -0.151548 0.281403 
1.7 0.55 -0.102581 0.257493 
1.75 0.55 -0.04965 0.242746 
1.8 0.55 0.00521614 0.238377 
1.85 0.55 0.0598791 0.244765 
1.9 0.55 0.112212 0.261359 
1.95 0.55 0.160221 0.286813 
2 0.55 0.202144 0.31928 
2.05 0.55 0.23652 0.356766 
2.1 0.55 0.26222 0.397416 
2.15 0.55 0.278455 0.439681 
2.2 0.55 0.284762 0.482338 
2.25 0.55 0.280987 0.524406 
2.3 0.55 0.267276 0.565003 
2.35 0.55 0.244071 0.603203 
2.4 0.55 0.212119 0.637928 
2.45 0.55 0.172474 0.667925 
2.5 0.55 0.126493 0.691838 
2.55 0.55 0.0758105 0.708368 
2.6 0.55 0.022286 0.716497 
2.65 0.55 -0.0320778 0.715682 
2.7 0.55 -0.0852343 0.70598 
2.75 0.55 -0.135199 0.688029 
2.8 0.55 -0.18015 0.662917 
2.85 0.55 -0.218497 0.631967 
2.9 0.55 -0.248938 0.596527 
2.95 0.55 -0.270475 0.557819 
3 0.55 -0.282415 0.516891 
3.05 0.55 -0.284371 0.474651 
3.1 0.55 -0.276251 0.431986 
3.15 0.55 -0.258262 0.389913 
3.2 0.55 -0.230926 0.34971 
3.25 0.55 -0.195093 0.312986 
3.3 0.55 -0.151952 0.281638 
3.35 0.55 -0.103022 0.257657 
3.4 0.55 -0.0501128 0.242827 
3.45 0.55 0.00474918 0.238368 
3.5 0.55 0.059426 0.244667 
3.55 0.55 0.11179 0.26118 
3.6 0.55 0.159846 0.286567 
3.65 0.55 0.20183 0.318985 
3.7 0.55 0.236278 0.356437 
3.75 0.55 0.262059 0.397068 
3.8 0.55 0.27838 0.439326 
3.85 0.55 0.284777 0.481985 
3.9 0.55 0.281091 0.524062 
3.95 0.55 0.267468 0.564678 
4 0.55 0.244347 0.602905 
4.05 0.55 0.212471 0.637669 
4.1 0.55 0.172892 0.667719 
4.15 0.55 0.126966 0.691697 
4.2 0.55 0.0763254 0.708306 
4.25 0.55 0.0228286 0.716519 
4.3 0.55 -0.0315205 0.71579 
4.35 0.55 -0.0846723 0.706166 
4.4 0.55 -0.134638 0.688278 
4.45 0.55 -0.179588 0.663206 
4.5 0.55 -0.217926 0.63227 
4.55 0.55 -0.248339 0.596814 
4.6 0.55 -0.269819 0.558063 
4.65 0.55 -0.281666 0.517063 
4.7 0.55 -0.283481 0.474729 
4.75 0.55 -0.275166 0.431961 
4.8 0.55 -0.256929 0.38979 
4.85 0.55 -0.229295 0.349515 
4.9 0.55 -0.193132 0.312775 
4.95 0.55 -0.149664 0.281491 
5 0.55 -0.100469 0.257671 
0 0.6 -0.141526 0.262973 
0.05 0.6 -0.0952552 0.238074 
0.1 0.6 -0.0452575 0.222721 
0.15 0.6 0.00657055 0.218257 
0.2 0.6 0.0581956 0.225091 
0.25 0.6 0.107581 0.242592 
0.3 0.6 0.152818 0.269244 
0.35 0.6 0.192224 0.302981 
0.4 0.6 0.224416 0.341588 
0.45 0.6 0.248341 0.383021 
0.5 0.6 0.263279 0.425584 
0.55 0.6 0.268823 0.467959 
0.6 0.6 0.264867 0.509124 
0.65 0.6 0.251585 0.548217 
0.7 0.6 0.229428 0.584402 
0.75 0.6 0.199126 0.616776 
0.8 0.6 0.161686 0.644335 
0.85 0.6 0.118389 0.666029 
0.9 0.6 0.0707592 0.680873 
0.95 0.6 0.0205205 0.688103 
1 0.6 -0.0304788 0.687318 
1.05 0.6 -0.080352 0.678562 
1.1 0.6 -0.127268 0.662314 
1.15 0.6 -0.169536 0.639392 
1.2 0.6 -0.205673 0.610805 
1.25 0.6 -0.23445 0.5776 
1.3 0.6 -0.25491 0.54076 
1.35 0.6 -0.266375 0.501172 
1.4 0.6 -0.268442 0.459664 
1.45 0.6 -0.260987 0.41712 
1.5 0.6 -0.24417 0.374612 
1.55 0.6 -0.218452 0.333532 
1.6 0.6 -0.184614 0.295655 
1.65 0.6 -0.143771 0.263088 
1.7 0.6 -0.0973685 0.238055 
1.75 0.6 -0.0471423 0.222554 
1.8 0.6 0.00495375 0.217953 
1.85 0.6 0.0568534 0.22468 
1.9 0.6 0.106503 0.242113 
1.95 0.6 0.151981 0.268736 
2 0.6 0.191604 0.302479 
2.05 0.6 0.223986 0.341115 
2.1 0.6 0.248076 0.38259 
2.15 0.6 0.263153 0.425202 
2.2 0.6 0.268817 0.467625 
2.25 0.6 0.26496 0.508836 
2.3 0.6 0.251761 0.547971 
2.35 0.6 0.229673 0.584198 
2.4 0.6 0.199426 0.616614 
2.45 0.6 0.162028 0.644219 
2.5 0.6 0.11876 0.665962 
2.55 0.6 0.0711468 0.680859 
2.6 0.6 0.0209108 0.688145 
2.65 0.6 -0.030099 0.687416 
2.7 0.6 -0.0799955 0.678713 
2.75 0.6 -0.126947 0.662515 
2.8 0.6 -0.169261 0.639636 
2.85 0.6 -0.205454 0.611085 
2.9 0.6 -0.234294 0.577909 
2.95 0.6 -0.254823 0.541093 
3 0.6 -0.26636 0.501522 
3.05 0.6 -0.268501 0.460026 
3.1 0.6 -0.261121 0.417485 
3.15 0.6 -0.244377 0.374971 
3.2 0.6 -0.218726 0.333871 
3.25 0.6 -0.184947 0.295958 
3.3 0.6 -0.144154 0.263335 
3.35 0.6 -0.0977873 0.238229 
3.4 0.6 -0.0475819 0.222641 
3.45 0.6 0.00451015 0.217945 
3.5 0.6 0.0564231 0.224578 
3.55 0.6 0.106102 0.241927 
3.6 0.6 0.151626 0.268482 
3.65 0.6 0.191307 0.302175 
3.7 0.6 0.223758 0.34078 
3.75 0.6 0.247924 0.382241 
3.8 0.6 0.263083 0.42485 
3.85 0.6 0.26883 0.467281 
3.9 0.6 0.265058 0.508507 
3.95 0.6 0.25194 0.547665 
4 0.6 0.229928 0.583923 
4.05 0.6 0.19975 0.616379 
4.1 0.6 0.162412 0.644033 
4.15 0.6 0.119193 0.665835 
4.2 0.6 0.0716157 0.680798 
4.25 0.6 0.0214035 0.688152 
4.3 0.6 -0.0295936 0.687489 
4.35 0.6 -0.0794853 0.678843 
4.4 0.6 -0.126435 0.662685 
4.45 0.6 -0.168743 0.639824 
4.5 0.6 -0.204919 0.611264 
4.55 0.6 -0.23372 0.578051 
4.6 0.6 -0.254178 0.541168 
4.65 0.6 -0.265603 0.501503 
4.7 0.6 -0.267582 0.459891 
4.75 0.6 -0.259985 0.417227 
4.8 0.6 -0.242968 0.374599 
4.85 0.6 -0.216997 0.333422 
4.9 0.6 -0.18287 0.295502 
4.95 0.6 -0.14174 0.262973 
5 0.6 -0.0951113 0.238074 
0 0.65 -0.128424 0.242381 
0.05 0.65 -0.0864203 0.217235 
0.1 0.65 -0.0409881 0.20171 
0.15 0.65 0.00612589 0.197221 
0.2 0.65 0.053045 0.204196 
0.25 0.65 0.0978909 0.221963 
0.3 0.65 0.138907 0.248914 
0.35 0.65 0.174555 0.28287 
0.4 0.65 0.203584 0.321502 
0.45 0.65 0.225054 0.362667 
0.5 0.65 0.238335 0.404595 
0.55 0.65 0.243092 0.44592 
0.6 0.65 0.23926 0.485598 
0.65 0.65 0.227031 0.522791 
0.7 0.65 0.206842 0.556743 
0.75 0.65 0.179371 0.586697 
0.8 0.65 0.145542 0.611865 
0.85 0.65 0.106508 0.631455 
0.9 0.65 0.0636331 0.644744 
0.95 0.65 0.0184487 0.651182 
1 0.65 -0.0274084 0.650483 
1.05 0.65 -0.0722692 0.642679 
1.1 0.65 -0.114511 0.62811 
1.15 0.65 -0.152631 0.607368 
1.2 0.65 -0.185301 0.581194 
1.25 0.65 -0.211409 0.550384 
1.3 0.65 -0.230075 0.515719 
1.35 0.65 -0.240665 0.47795 
1.4 0.65 -0.242785 0.437839 
1.45 0.65 -0.236288 0.396256 
1.5 0.65 -0.221285 0.3543 
1.55 0.65 -0.198163 0.31342 
1.6 0.65 -0.167607 0.275474 
1.65 0.65 -0.130618 0.242672 
1.7 0.65 -0.0885061 0.217356 
1.75 0.65 -0.0428646 0.201637 
1.8 0.65 0.00450512 0.196965 
1.85 0.65 0.0516933 0.203795 
1.9 0.65 0.0968015 0.221466 
1.95 0.65 0.138061 0.248374 
2 0.65 0.173928 0.28233 
2.05 0.65 0.203149 0.320993 
2.1 0.65 0.224783 0.362207 
2.15 0.65 0.238203 0.404193 
2.2 0.65 0.243076 0.445575 
2.25 0.65 0.239341 0.485308 
2.3 0.65 0.227191 0.522551 
2.35 0.65 0.207066 0.55655 
2.4 0.65 0.179646 0.58655 
2.45 0.65 0.145854 0.611765 
2.5 0.65 0.106846 0.631402 
2.55 0.65 0.063985 0.644741 
2.6 0.65 0.0188025 0.65123 
2.65 0.65 -0.0270645 0.650582 
2.7 0.65 -0.0719467 0.642826 
2.75 0.65 -0.114221 0.628302 
2.8 0.65 -0.152382 0.6076 
2.85 0.65 -0.185102 0.581462 
2.9 0.65 -0.211266 0.550683 
2.95 0.65 -0.229994 0.516043 
3 0.65 -0.240649 0.478293 
3.05 0.65 -0.242837 0.438196 
3.1 0.65 -0.236408 0.396619 
3.15 0.65 -0.221471 0.35466 
3.2 0.65 -0.19841 0.313762 
3.25 0.65 -0.167909 0.275781 
3.3 0.65 -0.130965 0.242923 
3.35 0.65 -0.0888866 0.217534 
3.4 0.65 -0.0432645 0.201726 
3.45 0.65 0.00410158 0.196958 
3.5 0.65 0.0513021 0.203692 
3.55 0.65 0.0964381 0.221279 
3.6 0.65 0.137739 0.248118 
3.65 0.65 0.17366 0.282026 
3.7 0.65 0.202944 0.320661 
3.75 0.65 0.224647 0.361863 
3.8 0.65 0.238141 0.403851 
3.85 0.65 0.243089 0.445244 
3.9 0.65 0.239428 0.484996 
3.95 0.65 0.22735 0.522265 
4 0.65 0.207291 0.556297 
4.05 0.65 0.179931 0.586336 
4.1 0.65 0.146191 0.611596 
4.15 0.65 0.107224 0.631284 
4.2 0.65 0.0643929 0.644677 
4.25 0.65 0.0192297 0.65122 
4.3 0.65 -0.0266273 0.650619 
4.35 0.65 -0.0715056 0.6429 
4.4 0.65 -0.113777 0.628397 
4.45 0.65 -0.15193 0.607693 
4.5 0.65 -0.184628 0.581527 
4.55 0.65 -0.210748 0.550691 
4.6 0.65 -0.2294 0.515966 
4.65 0.65 -0.239937 0.478104 
4.7 0.65 -0.241957 0.437875 
4.75 0.65 -0.235308 0.39616 
4.8 0.65 -0.220098 0.354078 
4.85 0.65 -0.196722 0.313102 
4.9 0.65 -0.165883 0.275124 
4.95 0.65 -0.128616 0.242381 
5 0.65 -0.0862911 0.217235 
0 0.7 -0.110788 0.218572 
0.05 0.7 -0.074551 0.19425 
0.1 0.7 -0.0353166 0.179227 
0.15 0.7 0.00538512 0.174904 
0.2 0.7 0.0459086 0.181702 
0.25 0.7 0.0846089 0.198949 
0.3 0.7 0.119952 0.225046 
0.35 0.7 0.150604 0.257832 
0.4 0.7 0.175489 0.295002 
0.45 0.7 0.193809 0.334441 
0.5 0.7 0.205044 0.374399 
0.55 0.7 0.208929 0.413525 
0.6 0.7 0.205438 0.450796 
0.65 0.7 0.19476 0.485409 
0.7 0.7 0.17729 0.516683 
0.75 0.7 0.153629 0.543978 
0.8 0.7 0.124576 0.566675 
0.85 0.7 0.0911196 0.584179 
0.9 0.7 0.0544206 0.595968 
0.95 0.7 0.0157739 0.601654 
1 0.7 -0.0234397 0.601037 
1.05 0.7 -0.0618138 0.594139 
1.1 0.7 -0.0979791 0.581197 
1.15 0.7 -0.130662 0.562631 
1.2 0.7 -0.158733 0.538979 
1.25 0.7 -0.181235 0.510841 
1.3 0.7 -0.197405 0.478841 
1.35 0.7 -0.20668 0.443618 
1.4 0.7 -0.208699 0.405873 
1.45 0.7 -0.203309 0.366442 
1.5 0.7 -0.190578 0.326408 
1.55 0.7 -0.170815 0.287204 
1.6 0.7 -0.144589 0.250668 
1.65 0.7 -0.112753 0.218984 
1.7 0.7 -0.0764389 0.194473 
1.75 0.7 -0.0370313 0.17923 
1.8 0.7 0.00389267 0.174697 
1.85 0.7 0.0446572 0.181324 
1.9 0.7 0.0835973 0.198457 
1.95 0.7 0.119166 0.224499 
2 0.7 0.150022 0.25728 
2.05 0.7 0.175085 0.294482 
2.1 0.7 0.193558 0.333973 
2.15 0.7 0.20492 0.373993 
2.2 0.7 0.208912 0.413182 
2.25 0.7 0.205507 0.450512 
2.3 0.7 0.194899 0.48518 
2.35 0.7 0.177485 0.516504 
2.4 0.7 0.153868 0.543847 
2.45 0.7 0.124847 0.56659 
2.5 0.7 0.091412 0.584139 
2.55 0.7 0.0547242 0.595974 
2.6 0.7 0.0160786 0.601706 
2.65 0.7 -0.023144 0.601135 
2.7 0.7 -0.0615364 0.594279 
2.75 0.7 -0.0977291 0.581379 
2.8 0.7 -0.130448 0.56285 
2.85 0.7 -0.158561 0.539231 
2.9 0.7 -0.181111 0.511123 
2.95 0.7 -0.197334 0.479147 
3 0.7 -0.206665 0.443945 
3.05 0.7 -0.208742 0.406215 
3.1 0.7 -0.20341 0.366792 
3.15 0.7 -0.190737 0.326755 
3.2 0.7 -0.171027 0.287535 
3.25 0.7 -0.144849 0.250965 
3.3 0.7 -0.113053 0.219229 
3.35 0.7 -0.0767675 0.194647 
3.4 0.7 -0.0373768 0.179317 
3.45 0.7 0.00354393 0.17469 
3.5 0.7 0.0443193 0.181225 
3.55 0.7 0.0832836 0.198276 
3.6 0.7 0.118889 0.224253 
3.65 0.7 0.149791 0.256989 
3.7 0.7 0.174909 0.294164 
3.75 0.7 0.193441 0.333646 
3.8 0.7 0.204867 0.37367 
3.85 0.7 0.208922 0.412872 
3.9 0.7 0.205581 0.450223 
3.95 0.7 0.195033 0.484918 
4 0.7 0.177675 0.516273 
4.05 0.7 0.154107 0.543653 
4.1 0.7 0.125127 0.566436 
4.15 0.7 0.0917256 0.584029 
4.2 0.7 0.0550612 0.595907 
4.25 0.7 0.0164298 0.601679 
4.3 0.7 -0.0227859 0.60114 
4.35 0.7 -0.061176 0.594305 
4.4 0.7 -0.0973662 0.581409 
4.45 0.7 -0.130076 0.562862 
4.5 0.7 -0.158168 0.539201 
4.55 0.7 -0.180675 0.511024 
4.6 0.7 -0.196824 0.478951 
4.65 0.7 -0.206043 0.443627 
4.7 0.7 -0.207963 0.405758 
4.75 0.7 -0.202426 0.366193 
4.8 0.7 -0.189503 0.326033 
4.85 0.7 -0.169507 0.286739 
4.9 0.7 -0.143028 0.250181 
4.95 0.7 -0.110947 0.218572 
5 0.7 -0.074444 0.19425 
0 0.75 -0.0896407 0.190874 
0.05 0.75 -0.0603279 0.168581 
0.1 0.75 -0.028559 0.154814 
0.15 0.75 0.00440704 0.150868 
0.2 0.75 0.0372188 0.15713 
0.25 0.75 0.0685278 0.172973 
0.3 0.75 0.0970802 0.196912 
0.35 0.75 0.121793 0.226947 
0.4 0.75 0.141798 0.260942 
0.45 0.75 0.156463 0.296937 
0.5 0.75 0.165385 0.333306 
0.55 0.75 0.168369 0.36879 
0.6 0.75 0.165414 0.402433 
0.65 0.75 0.15669 0.433498 
0.7 0.75 0.142531 0.461377 
0.75 0.75 0.12343 0.485535 
0.8 0.75 0.100034 0.505478 
0.85 0.75 0.0731383 0.520758 
0.9 0.75 0.0436688 0.530997 
0.95 0.75 0.0126548 0.535919 
1 0.75 -0.0188085 0.535386 
1.05 0.75 -0.0496064 0.52941 
1.1 0.75 -0.0786528 0.51816 
1.15 0.75 -0.104935 0.501932 
1.2 0.75 -0.127548 0.481119 
1.25 0.75 -0.145725 0.456178 
1.3 0.75 -0.158845 0.427608 
1.35 0.75 -0.166442 0.395955 
1.4 0.75 -0.16821 0.361845 
1.45 0.75 -0.164008 0.326052 
1.5 0.75 -0.15387 0.289589 
1.55 0.75 -0.138026 0.25379 
1.6 0.75 -0.116921 0.220364 
1.65 0.75 -0.0912337 0.191336 
1.7 0.75 -0.0618789 0.168858 
1.75 0.75 -0.0299861 0.154869 
1.8 0.75 0.00315251 0.150707 
1.85 0.75 0.0361601 0.156791 
1.9 0.75 0.0676689 0.172513 
1.95 0.75 0.0964123 0.196393 
2 0.75 0.121298 0.226419 
2.05 0.75 0.141456 0.260443 
2.1 0.75 0.156251 0.296489 
2.15 0.75 0.165281 0.33292 
2.2 0.75 0.168354 0.368466 
2.25 0.75 0.165471 0.402169 
2.3 0.75 0.156805 0.433288 
2.35 0.75 0.142691 0.461218 
2.4 0.75 0.123625 0.485422 
2.45 0.75 0.100254 0.505408 
2.5 0.75 0.0733755 0.520731 
2.55 0.75 0.0439144 0.531011 
2.6 0.75 0.0129008 0.535973 
2.65 0.75 -0.01857 0.535479 
2.7 0.75 -0.0493829 0.529541 
2.75 0.75 -0.0784512 0.518327 
2.8 0.75 -0.104761 0.502132 
2.85 0.75 -0.127409 0.481349 
2.9 0.75 -0.145625 0.456434 
2.95 0.75 -0.158786 0.427888 
3 0.75 -0.166429 0.396254 
3.05 0.75 -0.168244 0.362158 
3.1 0.75 -0.164089 0.326373 
3.15 0.75 -0.153997 0.289908 
3.2 0.75 -0.138197 0.254094 
3.25 0.75 -0.11713 0.220638 
3.3 0.75 -0.0914755 0.191562 
3.35 0.75 -0.0621448 0.169018 
3.4 0.75 -0.0302659 0.154949 
3.45 0.75 0.00287005 0.150701 
3.5 0.75 0.0358865 0.156701 
3.55 0.75 0.0674152 0.172347 
3.6 0.75 0.0961884 0.196167 
3.65 0.75 0.121112 0.226152 
3.7 0.75 0.141314 0.260153 
3.75 0.75 0.156158 0.296192 
3.8 0.75 0.165238 0.332627 
3.85 0.75 0.168363 0.368187 
3.9 0.75 0.16553 0.40191 
3.95 0.75 0.156911 0.433054 
4 0.75 0.142841 0.461013 
4.05 0.75 0.123813 0.485249 
4.1 0.75 0.100474 0.50527 
4.15 0.75 0.0736196 0.520628 
4.2 0.75 0.0441752 0.530941 
4.25 0.75 0.0131712 0.535933 
4.3 0.75 -0.0182959 0.535459 
4.35 0.75 -0.0491082 0.52953 
4.4 0.75 -0.0781753 0.518309 
4.45 0.75 -0.104479 0.502086 
4.5 0.75 -0.127108 0.481254 
4.55 0.75 -0.145285 0.456265 
4.6 0.75 -0.158383 0.427619 
4.65 0.75 -0.165929 0.395864 
4.7 0.75 -0.167611 0.361634 
4.75 0.75 -0.163283 0.325714 
4.8 0.75 -0.152982 0.289135 
4.85 0.75 -0.136946 0.253259 
4.9 0.75 -0.115636 0.219821 
4.95 0.75 -0.0897547 0.190874 
5 0.75 -0.060251 0.168581 
0 0.8 -0.0664299 0.159065 
0.05 0.8 -0.0447147 0.139983 
0.1 0.8 -0.0211612 0.128208 
0.15 0.8 0.00328076 0.124845 
0.2 0.8 0.0275977 0.130218 
0.25 0.8 0.0507799 0.14379 
0.3 0.8 0.0718916 0.164289 
0.35 0.8 0.0901282 0.190003 
0.4 0.8 0.104852 0.219101 
0.45 0.8 0.115602 0.249895 
0.5 0.8 0.122095 0.28098 
0.55 0.8 0.1242 0.31126 
0.6 0.8 0.121928 0.339902 
0.65 0.8 0.115418 0.366264 
0.7 0.8 0.104924 0.389832 
0.75 0.8 0.0908153 0.410165 
0.8 0.8 0.0735698 0.426876 
0.85 0.8 0.0537717 0.439628 
0.9 0.8 0.0320983 0.448145 
0.95 0.8 0.00930026 0.452231 
1 0.8 -0.0138249 0.451788 
1.05 0.8 -0.0364658 0.446826 
1.1 0.8 -0.0578313 0.437462 
1.15 0.8 -0.0771821 0.423908 
1.2 0.8 -0.0938572 0.406452 
1.25 0.8 -0.107291 0.385439 
1.3 0.8 -0.117023 0.361266 
1.35 0.8 -0.122705 0.334384 
1.4 0.8 -0.124102 0.305327 
1.45 0.8 -0.121097 0.27477 
1.5 0.8 -0.113701 0.243595 
1.55 0.8 -0.102071 0.212964 
1.6 0.8 -0.0865246 0.184353 
1.65 0.8 -0.0675555 0.159505 
1.7 0.8 -0.04584 0.140263 
1.75 0.8 -0.0222199 0.12829 
1.8 0.8 0.00233628 0.124728 
1.85 0.8 0.0267939 0.129936 
1.9 0.8 0.0501257 0.143393 
1.95 0.8 0.0713828 0.163834 
2 0.8 0.0897526 0.189537 
2.05 0.8 0.104593 0.218659 
2.1 0.8 0.115443 0.249499 
2.15 0.8 0.122018 0.280639 
2.2 0.8 0.12419 0.310976 
2.25 0.8 0.121973 0.339672 
2.3 0.8 0.115506 0.366084 
2.35 0.8 0.105045 0.389697 
2.4 0.8 0.0909614 0.410071 
2.45 0.8 0.0737341 0.426821 
2.5 0.8 0.0539479 0.43961 
2.55 0.8 0.0322802 0.448162 
2.6 0.8 0.00948204 0.452282 
2.65 0.8 -0.0136489 0.451871 
2.7 0.8 -0.0363009 0.446941 
2.75 0.8 -0.0576826 0.437607 
2.8 0.8 -0.0770543 0.42408 
2.85 0.8 -0.0937542 0.406649 
2.9 0.8 -0.107216 0.38566 
2.95 0.8 -0.116979 0.361508 
3 0.8 -0.122695 0.334642 
3.05 0.8 -0.124126 0.305597 
3.1 0.8 -0.121155 0.275046 
3.15 0.8 -0.113794 0.243869 
3.2 0.8 -0.102197 0.213225 
3.25 0.8 -0.0866791 0.184588 
3.3 0.8 -0.0677342 0.159698 
3.35 0.8 -0.0460368 0.1404 
3.4 0.8 -0.0224271 0.128359 
3.45 0.8 0.00212695 0.124723 
3.5 0.8 0.0265912 0.129858 
3.55 0.8 0.0499379 0.143251 
3.6 0.8 0.0712173 0.163641 
3.65 0.8 0.0896154 0.189309 
3.7 0.8 0.104489 0.218412 
3.75 0.8 0.115375 0.249245 
3.8 0.8 0.121987 0.280389 
3.85 0.8 0.124197 0.310738 
3.9 0.8 0.122016 0.339452 
3.95 0.8 0.115583 0.365886 
4 0.8 0.105154 0.389524 
4.05 0.8 0.0910968 0.409925 
4.1 0.8 0.0738916 0.426703 
4.15 0.8 0.0541219 0.439519 
4.2 0.8 0.032465 0.448096 
4.25 0.8 0.00967238 0.452235 
4.3 0.8 -0.0134573 0.451837 
4.35 0.8 -0.0361103 0.446908 
4.4 0.8 -0.0574922 0.437561 
4.45 0.8 -0.0768595 0.424005 
4.5 0.8 -0.0935457 0.406524 
4.55 0.8 -0.106979 0.385464 
4.6 0.8 -0.116694 0.36122 
4.65 0.8 -0.122335 0.334245 
4.7 0.8 -0.123664 0.305081 
4.75 0.8 -0.120563 0.274414 
4.8 0.8 -0.113045 0.243144 
4.85 0.8 -0.101275 0.212452 
4.9 0.8 -0.0855843 0.183839 
4.95 0.8 -0.0664872 0.159065 
5 0.8 -0.0446759 0.139983 
0 0.85 -0.043084 0.123351 
0.05 0.85 -0.0289979 0.108464 
0.1 0.85 -0.0137203 0.0992925 
0.15 0.85 0.00212378 0.09668 
0.2 0.85 0.017875 0.100872 
0.25 0.85 0.0328761 0.111454 
0.3 0.85 0.0465177 0.127444 
0.35 0.85 0.0582786 0.147517 
0.4 0.85 0.0677489 0.170251 
0.45 0.85 0.0746384 0.194327 
0.5 0.85 0.0787705 0.218636 
0.55 0.85 0.0800711 0.242309 
0.6 0.85 0.0785552 0.264681 
0.65 0.85 0.0743179 0.285242 
0.7 0.85 0.0675273 0.303584 
0.75 0.85 0.058423 0.319371 
0.8 0.85 0.0473133 0.332313 
0.85 0.85 0.0345727 0.342166 
0.9 0.85 0.0206344 0.348734 
0.95 0.85 0.00597794 0.351881 
1 0.85 -0.00888737 0.35154 
1.05 0.85 -0.0234436 0.347717 
1.1 0.85 -0.0371855 0.340493 
1.15 0.85 -0.0496407 0.330016 
1.2 0.85 -0.0603861 0.316489 
1.25 0.85 -0.0690585 0.300166 
1.3 0.85 -0.0753616 0.281343 
1.35 0.85 -0.0790679 0.260368 
1.4 0.85 -0.0800213 0.237666 
1.45 0.85 -0.0781399 0.213772 
1.5 0.85 -0.0734229 0.189392 
1.55 0.85 -0.0659619 0.165447 
1.6 0.85 -0.0559538 0.143098 
1.65 0.85 -0.043713 0.123707 
1.7 0.85 -0.0296752 0.108705 
1.75 0.85 -0.0143885 0.0993764 
1.8 0.85 0.00151297 0.0966027 
1.85 0.85 0.0173497 0.100659 
1.9 0.85 0.0324472 0.111145 
1.95 0.85 0.0461847 0.127084 
2 0.85 0.058034 0.147147 
2.05 0.85 0.067582 0.169899 
2.1 0.85 0.0745372 0.19401 
2.15 0.85 0.0787236 0.218364 
2.2 0.85 0.0800679 0.242083 
2.25 0.85 0.0785869 0.264499 
2.3 0.85 0.0743768 0.2851 
2.35 0.85 0.0676073 0.303479 
2.4 0.85 0.0585188 0.3193 
2.45 0.85 0.0474204 0.332273 
2.5 0.85 0.034687 0.342155 
2.55 0.85 0.020752 0.34875 
2.6 0.85 0.0060953 0.351924 
2.65 0.85 -0.00877388 0.351608 
2.7 0.85 -0.0233373 0.347809 
2.75 0.85 -0.0370897 0.340608 
2.8 0.85 -0.0495583 0.330152 
2.85 0.85 -0.0603196 0.316645 
2.9 0.85 -0.0690101 0.30034 
2.95 0.85 -0.0753331 0.281533 
3 0.85 -0.0790607 0.260571 
3.05 0.85 -0.0800363 0.237878 
3.1 0.85 -0.0781773 0.213989 
3.15 0.85 -0.0734825 0.189608 
3.2 0.85 -0.0660424 0.165652 
3.25 0.85 -0.0560533 0.143283 
3.3 0.85 -0.0438284 0.123859 
3.35 0.85 -0.0298025 0.108812 
3.4 0.85 -0.0145226 0.0994306 
3.45 0.85 0.00137744 0.0965991 
3.5 0.85 0.0172185 0.100598 
3.55 0.85 0.0323257 0.111034 
3.6 0.85 0.0460778 0.126934 
3.65 0.85 0.0579455 0.146969 
3.7 0.85 0.0675148 0.169706 
3.75 0.85 0.0744932 0.193812 
3.8 0.85 0.0787035 0.218168 
3.85 0.85 0.0800718 0.241897 
3.9 0.85 0.0786141 0.264327 
3.95 0.85 0.0744257 0.284945 
4 0.85 0.0676759 0.303344 
4.05 0.85 0.0586042 0.319185 
4.1 0.85 0.0475193 0.332179 
4.15 0.85 0.0347957 0.342081 
4.2 0.85 0.0208667 0.348694 
4.25 0.85 0.00621249 0.351881 
4.3 0.85 -0.00865702 0.351572 
4.35 0.85 -0.0232223 0.347771 
4.4 0.85 -0.0369759 0.340556 
4.45 0.85 -0.0494427 0.330073 
4.5 0.85 -0.0601958 0.316523 
4.55 0.85 -0.0688684 0.300159 
4.6 0.85 -0.0751599 0.281277 
4.65 0.85 -0.0788393 0.260228 
4.7 0.85 -0.0797477 0.237441 
4.75 0.85 -0.0778028 0.213463 
4.8 0.85 -0.0730069 0.189012 
4.85 0.85 -0.0654595 0.165026 
4.9 0.85 -0.0553712 0.142682 
4.95 0.85 -0.0430728 0.123351 
5 0.85 -0.0290051 0.108464 
0 0.9 -0.0220788 0.0843138 
0.05 0.9 -0.0148326 0.0742575 
0.1 0.9 -0.0070108 0.0680789 
0.15 0.9 0.00107846 0.0663236 
0.2 0.9 0.00910876 0.0691497 
0.25 0.9 0.0167471 0.0762821 
0.3 0.9 0.0236825 0.0870731 
0.35 0.9 0.0296492 0.100642 
0.4 0.9 0.0344409 0.116036 
0.45 0.9 0.0379136 0.132365 
0.5 0.9 0.0399826 0.148873 
0.55 0.9 0.0406149 0.164959 
0.6 0.9 0.0398224 0.180162 
0.65 0.9 0.0376557 0.194128 
0.7 0.9 0.0342015 0.206575 
0.75 0.9 0.0295814 0.217276 
0.8 0.9 0.023951 0.226037 
0.85 0.9 0.0174988 0.232698 
0.9 0.9 0.010443 0.237134 
0.95 0.9 0.00302522 0.239258 
1 0.9 -0.00449791 0.239027 
1.05 0.9 -0.0118653 0.236447 
1.1 0.9 -0.0188222 0.231567 
1.15 0.9 -0.0251308 0.224482 
1.2 0.9 -0.030578 0.215323 
1.25 0.9 -0.0349808 0.204255 
1.3 0.9 -0.0381895 0.191479 
1.35 0.9 -0.0400885 0.177229 
1.4 0.9 -0.040597 0.161801 
1.45 0.9 -0.0396704 0.145566 
1.5 0.9 -0.037304 0.129014 
1.55 0.9 -0.0335394 0.112778 
1.6 0.9 -0.0284718 0.097651 
1.65 0.9 -0.0222577 0.0845496 
1.7 0.9 -0.0151177 0.0744311 
1.75 0.9 -0.00733239 0.0681472 
1.8 0.9 0.000771061 0.0662801 
1.85 0.9 0.00884101 0.0690106 
1.9 0.9 0.0165284 0.0760755 
1.95 0.9 0.0235135 0.0868299 
2 0.9 0.0295262 0.100389 
2.05 0.9 0.0343581 0.115795 
2.1 0.9 0.0378645 0.132148 
2.15 0.9 0.0399611 0.148685 
2.2 0.9 0.0406155 0.164803 
2.25 0.9 0.0398404 0.180037 
2.3 0.9 0.0376872 0.194031 
2.35 0.9 0.0342434 0.206504 
2.4 0.9 0.0296309 0.217228 
2.45 0.9 0.0240059 0.22601 
2.5 0.9 0.0175572 0.232691 
2.55 0.9 0.0105029 0.237146 
2.6 0.9 0.00308478 0.239288 
2.65 0.9 -0.00444039 0.239075 
2.7 0.9 -0.0118115 0.236511 
2.75 0.9 -0.0187737 0.231646 
2.8 0.9 -0.0250891 0.224575 
2.85 0.9 -0.0305442 0.21543 
2.9 0.9 -0.0349562 0.204375 
2.95 0.9 -0.0381749 0.191609 
3 0.9 -0.0400846 0.177368 
3.05 0.9 -0.0406043 0.161946 
3.1 0.9 -0.0396891 0.145714 
3.15 0.9 -0.037334 0.12916 
3.2 0.9 -0.0335801 0.112918 
3.25 0.9 -0.0285223 0.0977758 
3.3 0.9 -0.0223164 0.0846521 
3.35 0.9 -0.0151825 0.0745036 
3.4 0.9 -0.00740072 0.0681839 
3.45 0.9 0.000702006 0.0662779 
3.5 0.9 0.00877418 0.0689702 
3.55 0.9 0.0164666 0.0760013 
3.6 0.9 0.0234592 0.0867287 
3.65 0.9 0.0294814 0.100269 
3.7 0.9 0.0343241 0.115664 
3.75 0.9 0.0378423 0.132013 
3.8 0.9 0.039951 0.148553 
3.85 0.9 0.0406176 0.164677 
3.9 0.9 0.0398541 0.17992 
3.95 0.9 0.0377117 0.193925 
4 0.9 0.0342776 0.206412 
4.05 0.9 0.0296735 0.217149 
4.1 0.9 0.024055 0.225945 
4.15 0.9 0.0176108 0.23264 
4.2 0.9 0.010559 0.237105 
4.25 0.9 0.00314164 0.239255 
4.3 0.9 -0.00438435 0.239045 
4.35 0.9 -0.0117571 0.236478 
4.4 0.9 -0.0187207 0.231603 
4.45 0.9 -0.0250359 0.224512 
4.5 0.9 -0.0304877 0.215336 
4.55 0.9 -0.0348912 0.20424 
4.6 0.9 -0.0380943 0.191421 
4.65 0.9 -0.0399796 0.177121 
4.7 0.9 -0.040465 0.161635 
4.75 0.9 -0.0395057 0.145345 
4.8 0.9 -0.0370996 0.128748 
4.85 0.9 -0.0332944 0.112491 
4.9 0.9 -0.0281985 0.0973727 
4.95 0.9 -0.0219877 0.0843138 
5 0.9 -0.0148938 0.0742575 
0 0.95 -0.00652279 0.0428296 
0.05 0.95 -0.00430078 0.0378315 
0.1 0.95 -0.00201953 0.0347763 
0.15 0.95 0.000308441 0.0339106 
0.2 0.95 0.00261174 0.0353089 
0.25 0.95 0.00479914 0.0388394 
0.3 0.95 0.00678147 0.0441898 
0.35 0.95 0.00848256 0.0509327 
0.4 0.95 0.0098441 0.0586014 
0.45 0.95 0.0108265 0.0667542 
0.5 0.95 0.0114074 0.075012 
0.55 0.95 0.0115791 0.0830703 
0.6 0.95 0.0113463 0.0906927 
0.65 0.95 0.0107241 0.097697 
0.7 0.95 0.00973731 0.10394 
0.75 0.95 0.00842031 0.109305 
0.8 0.95 0.0068169 0.113695 
0.85 0.95 0.00498026 0.117031 
0.9 0.95 0.00297209 0.119252 
0.95 0.95 0.000860979 0.120315 
1 0.95 -0.00128012 0.1202 
1.05 0.95 -0.00337691 0.118908 
1.1 0.95 -0.00535703 0.116465 
1.15 0.95 -0.007153 0.112915 
1.2 0.95 -0.00870455 0.108325 
1.25 0.95 -0.00996012 0.102776 
1.3 0.95 -0.0108775 0.0963676 
1.35 0.95 -0.0114241 0.0892212 
1.4 0.95 -0.0115765 0.0814865 
1.45 0.95 -0.0113213 0.0733558 
1.5 0.95 -0.0106556 0.0650788 
1.55 0.95 -0.00958952 0.0569766 
1.6 0.95 -0.00814839 0.0494451 
1.65 0.95 -0.00637544 0.0429384 
1.7 0.95 -0.00433322 0.0379242 
1.75 0.95 -0.0021026 0.0348155 
1.8 0.95 0.000221118 0.0338926 
1.85 0.95 0.00253502 0.0352424 
1.9 0.95 0.00473702 0.0387385 
1.95 0.95 0.0067341 0.0440698 
2 0.95 0.00844863 0.0508072 
2.05 0.95 0.00982175 0.0584807 
2.1 0.95 0.0108137 0.0666449 
2.15 0.95 0.0114024 0.0749174 
2.2 0.95 0.0115802 0.0829915 
2.25 0.95 0.0113522 0.0906293 
2.3 0.95 0.0107336 0.097648 
2.35 0.95 0.00974965 0.103904 
2.4 0.95 0.0084347 0.10928 
2.45 0.95 0.00683273 0.113681 
2.5 0.95 0.00499697 0.117028 
2.55 0.95 0.00298918 0.119258 
2.6 0.95 0.000877947 0.12033 
2.65 0.95 -0.00126375 0.120224 
2.7 0.95 -0.00336162 0.11894 
2.75 0.95 -0.00534324 0.116505 
2.8 0.95 -0.00714111 0.112963 
2.85 0.95 -0.00869493 0.108379 
2.9 0.95 -0.00995308 0.102836 
2.95 0.95 -0.0108733 0.0964331 
3 0.95 -0.0114229 0.089291 
3.05 0.95 -0.0115785 0.0815594 
3.1 0.95 -0.0113265 0.0734301 
3.15 0.95 -0.010664 0.0651521 
3.2 0.95 -0.00960105 0.0570461 
3.25 0.95 -0.00816273 0.0495073 
3.3 0.95 -0.00639217 0.0429893 
3.35 0.95 -0.00435174 0.0379602 
3.4 0.95 -0.00212217 0.0348337 
3.45 0.95 0.000201324 0.0338916 
3.5 0.95 0.00251587 0.0352225 
3.55 0.95 0.00471933 0.0387018 
3.6 0.95 0.00671859 0.0440197 
3.65 0.95 0.00843586 0.0507475 
3.7 0.95 0.00981211 0.0584155 
3.75 0.95 0.0108075 0.0665777 
3.8 0.95 0.0113996 0.0748511 
3.85 0.95 0.0115808 0.0829282 
3.9 0.95 0.0113561 0.0905706 
3.95 0.95 0.0107406 0.0975951 
4 0.95 0.00975932 0.103857 
4.05 0.95 0.00844666 0.109241 
4.1 0.95 0.00684646 0.113649 
4.15 0.95 0.0050119 0.117001 
4.2 0.95 0.00300471 0.119237 
4.25 0.95 0.000893491 0.120313 
4.3 0.95 -0.00124866 0.120208 
4.35 0.95 -0.00334726 0.118922 
4.4 0.95 -0.0053296 0.116481 
4.45 0.95 -0.00712778 0.112928 
4.5 0.95 -0.00868098 0.108329 
4.55 0.95 -0.00993705 0.102765 
4.6 0.95 -0.0108531 0.096336 
4.65 0.95 -0.0113959 0.0891641 
4.7 0.95 -0.0115417 0.0814014 
4.75 0.95 -0.0112769 0.0732439 
4.8 0.95 -0.0105996 0.0649462 
4.85 0.95 -0.00952274 0.0568356 
4.9 0.95 -0.00808046 0.0493126 
4.95 0.95 -0.00634016 0.0428296 
5 0.95 -0.00442421 0.0378315 
0 1 0 0 
0.05 1 0 0 
0.1 1 0 0 
0.15 1 0 0 
0.2 1 0 0 
0.25 1 0 0 
0.3 1 0 0 
0.35 1 0 0 
0.4 1 0 0 
0.45 1 0 0 
0.5 1 0 0 
0.55 1 0 0 
0.6 1 0 0 
0.65 1 0 0 
0.7 1 0 0 
0.75 1 0 0 
0.8 1 0 0 
0.85 1 0 0 
0.9 1 0 0 
0.95 1 0 0 
1 1 0 0 
1.05 1 0 0 
1.1 1 0 0 
1.15 1 0 0 
1.2 1 0 0 
1.25 1 0 0 
1.3 1 0 0 
1.35 1 0 0 
1.4 1 0 0 
1.45 1 0 0 
1.5 1 0 0 
1.55 1 0 0 
1.6 1 0 0 
1.65 1 0 0 
1.7 1 0 0 
1.75 1 0 0 
1.8 1 0 0 
1.85 1 0 0 
1.9 1 0 0 
1.95 1 0 0 
2 1 0 0 
2.05 1 0 0 
2.1 1 0 0 
2.15 1 0 0 
2.2 1 0 0 
2.25 1 0 0 
2.3 1 0 0 
2.35 1 0 0 
2.4 1 0 0 
2.45 1 0 0 
2.5 1 0 0 
2.55 1 0 0 
2.6 1 0 0 
2.65 1 0 0 
2.7 1 0 0 
2.75 1 0 0 
2.8 1 0 0 
2.85 1 0 0 
2.9 1 0 0 
2.95 1 0 0 
3 1 0 0 
3.05 1 0 0 
3.1 1 0 0 
3.15 1 0 0 
3.2 1 0 0 
3.25 1 0 0 
3.3 1 0 0 
3.35 1 0 0 
3.4 1 0 0 
3.45 1 0 0 
3.5 1 0 0 
3.55 1 0 0 
3.6 1 0 0 
3.65 1 0 0 
3.7 1 0 0 
3.75 1 0 0 
3.8 1 0 0 
3.85 1 0 0 
3.9 1 0 0 
3.95 1 0 0 
4 1 0 0 
4.05 1 0 0 
4.1 1 0 0 
4.15 1 0 0 
4.2 1 0 0 
4.25 1 0 0 
4.3 1 0 0 
4.35 1 0 0 
4.4 1 0 0 
4.45 1 0 0 
4.5 1 0 0 
4.55 1 0 0 
4.6 1 0 0 
4.65 1 0 0 
4.7 1 0 0 
4.75 1 0 0 
4.8 1 0 0 
4.85 1 0 0 
4.9 1 0 0 
4.95 1 0 0 
5 1 0 0 
